   2.7747548e+03
   6.9263890e+03
   9.7204139e+03
   1.4263204e+04
   2.1875763e+04
   2.5397329e+04
   2.8030580e+04
   3.0063583e+04
   4.7044985e+04
   4.2024648e+04
   4.3948089e+04
   4.5789069e+04
   4.9896434e+04
   5.2481270e+04
   5.4905946e+04
   5.7576372e+04
   5.9363744e+04
   1.0042715e+05
   1.0167345e+05
   1.0318080e+05
   1.0611544e+05
   1.1468362e+05
   1.1585910e+05
   1.2014225e+05
   1.6012215e+05
   1.6107954e+05
   1.6258913e+05
   1.6389610e+05
   1.6546113e+05
   1.7099151e+05
   1.7271385e+05
   1.7454993e+05
   1.7669744e+05
   1.7904582e+05
   2.1807800e+05
   2.2326971e+05
   2.2440149e+05
   2.2618579e+05
   2.2816707e+05
   2.3029612e+05
   2.3208703e+05
   2.3375375e+05
   2.3491168e+05
   2.3667199e+05
   2.3912299e+05
   2.8008183e+05
   2.8168339e+05
   2.8350473e+05
   2.8486830e+05
   2.8667694e+05
   2.8772045e+05
   2.9014465e+05
   2.9142854e+05
   2.9285668e+05
   2.9338985e+05
   2.9530531e+05
   2.9823531e+05
   3.4004949e+05
   3.4117575e+05
   3.4356436e+05
   3.4535820e+05
   3.4704157e+05
   3.4909989e+05
   3.5030009e+05
   3.5174034e+05
   3.5504274e+05
   3.5636845e+05
   3.5759286e+05
   3.5880383e+05
   3.6018585e+05
   4.0220775e+05
   4.0346437e+05
   4.0555229e+05
   4.0696741e+05
   4.0832367e+05
   4.0999266e+05
   4.1151236e+05
   4.1265575e+05
   4.1595303e+05
   4.1745358e+05
   4.1994110e+05
   4.6108711e+05
   4.6464142e+05
   4.6590926e+05
   4.6821424e+05
   4.7087280e+05
   4.7251350e+05
   4.7388486e+05
   4.7493119e+05
   4.7625194e+05
   4.7739781e+05
   5.2185570e+05
   5.2389650e+05
   5.2681503e+05
   5.2898971e+05
   5.3030204e+05
   5.3162819e+05
   5.3625040e+05
   5.3752637e+05
   5.3953042e+05
   5.8019527e+05
   5.8049872e+05
   5.8198909e+05
   5.8532461e+05
   5.8847529e+05
   5.9295738e+05
   5.9485169e+05
   5.9617811e+05
   5.9760581e+05
   5.9902818e+05
   6.0315263e+05
   6.0594697e+05
   6.0909159e+05
   6.1228687e+05
   6.1381364e+05
   6.2049243e+05
   6.2281056e+05
   6.2550104e+05
   6.2856195e+05
   6.3100010e+05
   6.3304927e+05
   6.3597638e+05
   6.3880068e+05
   6.4174003e+05
   6.4449398e+05
   6.4714352e+05
   6.4901861e+05
   6.5094797e+05
   6.5349362e+05
   6.5467240e+05
   6.5939467e+05
   6.6138468e+05
   6.6471247e+05
   6.6850680e+05
   6.7018658e+05
   6.7169709e+05
   6.7343643e+05
   6.7549763e+05
   6.7793774e+05
   6.8222499e+05
   6.8337109e+05
   6.8718411e+05
   6.8901922e+05
   6.9041019e+05
   6.9158359e+05
   6.9427978e+05
   6.9689162e+05
   6.9872703e+05
   7.0011419e+05
   7.0199994e+05
   7.0386471e+05
   7.0713926e+05
   7.0911075e+05
   7.1248460e+05
   7.1410882e+05
   7.1590489e+05
   7.1968472e+05
   7.2390630e+05
   7.2575656e+05
   7.2759571e+05
   7.2966332e+05
   7.3149262e+05
   7.3409085e+05
   7.3957961e+05
   7.4182418e+05
   7.4451696e+05
   7.6067043e+05
   7.6128752e+05
   7.6193460e+05
   7.6277593e+05
   7.6376003e+05
   7.6458030e+05
   7.6548355e+05
   7.6635087e+05
   7.7260903e+05
   7.7389848e+05
   7.7555562e+05
   7.7687224e+05
   7.7922640e+05
   8.2128972e+05
   8.2222937e+05
   8.2315554e+05
   8.2406293e+05
   8.2499046e+05
   8.2608951e+05
   8.2875362e+05
   8.3086219e+05
   8.3641116e+05
   8.3869315e+05
   8.8133262e+05
   8.8222661e+05
   8.8293026e+05
   8.8368537e+05
   8.8463203e+05
   8.8553940e+05
   8.8670528e+05
   8.9373078e+05
   8.9551666e+05
   8.9783141e+05
   9.4134077e+05
   9.4226333e+05
   9.4363380e+05
   9.4517191e+05
   9.4596985e+05
   9.4842585e+05
   9.4996852e+05
   9.5152972e+05
   9.5368905e+05
   9.5528700e+05
   9.5693075e+05
   9.5808637e+05
   1.0009430e+06
   1.0017922e+06
   1.0031957e+06
   1.0042100e+06
   1.0056078e+06
   1.0066204e+06
   1.0089996e+06
   1.0114997e+06
   1.0126239e+06
   1.0155527e+06
   1.0174777e+06
   1.0194783e+06
   1.0612016e+06
   1.0625509e+06
   1.0637077e+06
   1.0647828e+06
   1.0663322e+06
   1.0683169e+06
   1.0699694e+06
   1.0720218e+06
   1.0734597e+06
   1.0760785e+06
   1.0781918e+06
   1.1221713e+06
   1.1231290e+06
   1.1240164e+06
   1.1258347e+06
   1.1282125e+06
   1.1299729e+06
   1.1321328e+06
   1.1356196e+06
   1.1382983e+06
   1.1821594e+06
   1.1834778e+06
   1.1851085e+06
   1.1868497e+06
   1.1885563e+06
   1.1904501e+06
   1.1925540e+06
   1.1957876e+06
   1.1980053e+06
   1.2420497e+06
   1.2432315e+06
   1.2446464e+06
   1.2457861e+06
   1.2467108e+06
   1.2495646e+06
   1.2514783e+06
   1.2534218e+06
   1.2553276e+06
   1.2570637e+06
   1.3011014e+06
   1.3022018e+06
   1.3036975e+06
   1.3046971e+06
   1.3057708e+06
   1.3069537e+06
   1.3116455e+06
   1.3131946e+06
   1.3154626e+06
   1.3173962e+06
   1.3194432e+06
   1.3615138e+06
   1.3629846e+06
   1.3648035e+06
   1.3657927e+06
   1.3718146e+06
   1.3757338e+06
   1.3770725e+06
   1.3785681e+06
   1.3796694e+06
   1.4210896e+06
   1.4227753e+06
   1.4245468e+06
   1.4264830e+06
   1.4286226e+06
   1.4299055e+06
   1.4321140e+06
   1.4338599e+06
   1.4355228e+06
   1.4367878e+06
   1.4391711e+06
   1.4815955e+06
   1.4828378e+06
   1.4842478e+06
   1.4869168e+06
   1.4914968e+06
   1.4972862e+06
   1.4996687e+06
   1.5413026e+06
   1.5436570e+06
   1.5447829e+06
   1.5465001e+06
   1.5492117e+06
   1.5514991e+06
   1.5539449e+06
   1.5562007e+06
   1.5584716e+06
   1.5596151e+06
   1.6016971e+06
   1.6030096e+06
   1.6040155e+06
   1.6052669e+06
   1.6102366e+06
   1.6126854e+06
   1.6160943e+06
   1.6186562e+06
   1.6613250e+06
   1.6633418e+06
   1.6655712e+06
   1.6689058e+06
   1.6704150e+06
   1.6770916e+06
   1.6789866e+06
   1.7216346e+06
   1.7227807e+06
   1.7243699e+06
   1.7263716e+06
   1.7320752e+06
   1.7350020e+06
   1.7392710e+06
   1.7824608e+06
   1.7837720e+06
   1.7848724e+06
   1.7861154e+06
   1.7892418e+06
   1.7905267e+06
   1.7961775e+06
   1.7984378e+06
   1.8415412e+06
   1.8449513e+06
   1.8460967e+06
   1.8492424e+06
   1.8552349e+06
   1.8572691e+06
   1.8591919e+06
   1.9040905e+06
   1.9056807e+06
   1.9087462e+06
   1.9101775e+06
   1.9155751e+06
   1.9176986e+06
   1.9197290e+06
   6.4256702e+04
   7.2558535e+04
   7.4349613e+04
   7.7062127e+04
   7.8878122e+04
   8.1047924e+04
   8.3084556e+04
   8.5390387e+04
   1.2237033e+05
   1.2423540e+05
   1.2811736e+05
   1.3055983e+05
   1.3423753e+05
   1.3545151e+05
   1.3813265e+05
   1.4063146e+05
   1.4500611e+05
   1.4633158e+05
   1.4907811e+05
   1.5336108e+05
   1.8633676e+05
   1.9104330e+05
   1.9266918e+05
   1.9551242e+05
   2.0174773e+05
   2.0621418e+05
   2.0765457e+05
   2.0968107e+05
   2.1200809e+05
   2.1593835e+05
   2.4611102e+05
   2.4807783e+05
   2.5008421e+05
   2.5970598e+05
   2.6315563e+05
   2.6692357e+05
   2.6950778e+05
   2.7204930e+05
   2.7477401e+05
   2.7639734e+05
   3.0972043e+05
   3.1133513e+05
   3.1323520e+05
   3.1537736e+05
   3.1744641e+05
   3.2047218e+05
   3.2242709e+05
   3.2707365e+05
   3.3577553e+05
   3.3733069e+05
   3.6240939e+05
   3.7324190e+05
   3.7521849e+05
   3.7788329e+05
   3.8691841e+05
   3.9061206e+05
   3.9712526e+05
   4.2190460e+05
   4.2953585e+05
   4.3149573e+05
   4.3916913e+05
   4.4220168e+05
   4.4419469e+05
   4.4624913e+05
   4.8411010e+05
   4.8622237e+05
   4.8849970e+05
   4.9246025e+05
   4.9385975e+05
   4.9559607e+05
   4.9693213e+05
   4.9879801e+05
   5.0091460e+05
   5.0290540e+05
   5.0589372e+05
   5.0784987e+05
   5.0985646e+05
   5.1181265e+05
   5.1419861e+05
   5.1577553e+05
   5.1779526e+05
   5.4227950e+05
   5.4388628e+05
   5.6918707e+05
   5.7082301e+05
   5.7366810e+05
   5.7490729e+05
   5.7824011e+05
   7.8157148e+05
   7.8328216e+05
   7.8682010e+05
   7.8871161e+05
   7.9147016e+05
   7.9298241e+05
   7.9598793e+05
   7.9784443e+05
   8.0158394e+05
   8.0436211e+05
   8.0594956e+05
   8.4890405e+05
   8.5163264e+05
   8.5348666e+05
   8.5650293e+05
   8.6113694e+05
   8.6384295e+05
   8.7063439e+05
   8.7609381e+05
   9.0279472e+05
   9.0669695e+05
   9.0863164e+05
   9.1036049e+05
   9.1435351e+05
   9.1588630e+05
   9.1906169e+05
   9.2386280e+05
   9.2909516e+05
   9.3087455e+05
   9.3299548e+05
   9.3577405e+05
   9.3795044e+05
   9.6200710e+05
   9.7044153e+05
   9.7359941e+05
   9.7564587e+05
   9.7781506e+05
   9.8010648e+05
   9.8186697e+05
   9.8339371e+05
   9.8522089e+05
   9.8672600e+05
   9.8832724e+05
   9.9293893e+05
   9.9546461e+05
   9.9927411e+05
   1.0227627e+06
   1.0248330e+06
   1.0269156e+06
   1.0291025e+06
   1.0308534e+06
   1.0334342e+06
   1.0351649e+06
   1.0363302e+06
   1.0379969e+06
   1.0396341e+06
   1.0437911e+06
   1.0474397e+06
   1.0543653e+06
   1.0575918e+06
   1.0598361e+06
   1.0830433e+06
   1.0876668e+06
   1.0916179e+06
   1.0951095e+06
   1.0972095e+06
   1.0998526e+06
   1.1024812e+06
   1.1045048e+06
   1.1058689e+06
   1.1169985e+06
   1.1562469e+06
   1.1586266e+06
   1.1603514e+06
   1.1618215e+06
   1.1636889e+06
   1.1659531e+06
   1.1686332e+06
   1.1725813e+06
   1.2039730e+06
   1.2166005e+06
   1.2188260e+06
   1.2204313e+06
   1.2238684e+06
   1.2254265e+06
   1.2267853e+06
   1.2303478e+06
   1.2322927e+06
   1.2338609e+06
   1.2363562e+06
   1.2381965e+06
   1.2399825e+06
   1.2619102e+06
   1.2645805e+06
   1.2664453e+06
   1.2691318e+06
   1.2738112e+06
   1.2757616e+06
   1.2797036e+06
   1.2823091e+06
   1.2873721e+06
   1.2897946e+06
   1.2912103e+06
   1.2952105e+06
   1.2970257e+06
   1.2992732e+06
   1.3232923e+06
   1.3248508e+06
   1.3272776e+06
   1.3291929e+06
   1.3322562e+06
   1.3338511e+06
   1.3397219e+06
   1.3421786e+06
   1.3481709e+06
   1.3815905e+06
   1.3835267e+06
   1.3873767e+06
   1.3887019e+06
   1.3910194e+06
   1.3932536e+06
   1.3980849e+06
   1.4002856e+06
   1.4021913e+06
   1.4175651e+06
   1.4197579e+06
   1.4417178e+06
   1.4437250e+06
   1.4458226e+06
   1.4478886e+06
   1.4511124e+06
   1.4549031e+06
   1.4572945e+06
   1.4597669e+06
   1.4620195e+06
   1.4642846e+06
   1.4661501e+06
   1.4675370e+06
   1.4750330e+06
   1.4779760e+06
   1.4795050e+06
   1.5039366e+06
   1.5059091e+06
   1.5091446e+06
   1.5114961e+06
   1.5141985e+06
   1.5168226e+06
   1.5187469e+06
   1.5221795e+06
   1.5248109e+06
   1.5279844e+06
   1.5300029e+06
   1.5320942e+06
   1.5345648e+06
   1.5384573e+06
   1.5625024e+06
   1.5658508e+06
   1.5697530e+06
   1.5714049e+06
   1.5747066e+06
   1.5772563e+06
   1.5792215e+06
   1.5827695e+06
   1.5854451e+06
   1.5887432e+06
   1.5902670e+06
   1.5940341e+06
   1.5974407e+06
   1.6222129e+06
   1.6304990e+06
   1.6345416e+06
   1.6367921e+06
   1.6418449e+06
   1.6441900e+06
   1.6456900e+06
   1.6493355e+06
   1.6536675e+06
   1.6561927e+06
   1.6822513e+06
   1.6838375e+06
   1.6918727e+06
   1.6946315e+06
   1.6984874e+06
   1.7134185e+06
   1.7154268e+06
   1.7169807e+06
   1.7432102e+06
   1.7454071e+06
   1.7473327e+06
   1.7486376e+06
   1.7504988e+06
   1.7523139e+06
   1.7538959e+06
   1.7566460e+06
   1.7587377e+06
   1.7632378e+06
   1.7689728e+06
   1.7717515e+06
   1.7752490e+06
   1.7783747e+06
   1.8021252e+06
   1.8076876e+06
   1.8227890e+06
   1.8251238e+06
   1.8263516e+06
   1.8304758e+06
   1.8359467e+06
   1.8393018e+06
   1.8616918e+06
   1.8661064e+06
   1.8673279e+06
   1.8698714e+06
   1.8716618e+06
   1.8729616e+06
   1.8744010e+06
   1.8774802e+06
   1.8799694e+06
   1.8824469e+06
   1.8843945e+06
   1.8863860e+06
   1.8880510e+06
   1.8909658e+06
   1.8925733e+06
   1.8970135e+06
   1.8981491e+06
   3.5909764e+05
   3.5923154e+05
   3.5941957e+05
   3.5960568e+05
   3.5981428e+05
   4.1916319e+05
   4.1934161e+05
   4.1952565e+05
   4.1964592e+05
   4.1983063e+05
   4.1994940e+05
   4.7918687e+05
   4.7938815e+05
   4.7953330e+05
   4.7967362e+05
   5.3912056e+05
   5.3930525e+05
   5.3949049e+05
   5.3969895e+05
   5.3999485e+05
   5.9928880e+05
   5.9943080e+05
   5.9954958e+05
   5.9991558e+05
