   1.3137081e+03
   2.4830223e+03
   4.3626419e+03
   5.5143836e+03
   6.4094520e+03
   8.1547891e+03
   1.0139311e+04
   1.1905976e+04
   1.3455248e+04
   1.4489390e+04
   1.5946956e+04
   1.7050535e+04
   1.8189532e+04
   1.9705477e+04
   2.5399433e+04
   2.6565103e+04
   2.7663063e+04
   2.9337512e+04
   3.0725431e+04
   3.2516719e+04
   3.3688896e+04
   3.5374434e+04
   3.6675569e+04
   3.9269221e+04
   4.0488238e+04
   4.0019088e+04
   4.0694024e+04
   4.2064663e+04
   4.3231582e+04
   4.4261078e+04
   4.5406650e+04
   4.6452163e+04
   4.7252540e+04
   4.8330759e+04
   5.1133532e+04
   5.2461384e+04
   5.3927649e+04
   5.4726796e+04
   5.5968297e+04
   5.7154150e+04
   5.8318081e+04
   1.0013742e+05
   1.0084920e+05
   1.0242987e+05
   1.0321852e+05
   1.0461253e+05
   1.0563352e+05
   1.0658414e+05
   1.0769406e+05
   1.0896128e+05
   1.1020306e+05
   1.1164315e+05
   1.1402304e+05
   1.1519251e+05
   1.1657033e+05
   1.1819976e+05
   1.1981077e+05
   1.6126570e+05
   1.6248550e+05
   1.6381202e+05
   1.6515871e+05
   1.6592441e+05
   1.6738479e+05
   1.7040312e+05
   1.7150123e+05
   1.7251724e+05
   1.7383140e+05
   1.7437924e+05
   1.7537684e+05
   1.7620136e+05
   1.7779621e+05
   1.7894451e+05
   2.2132672e+05
   2.2283891e+05
   2.2423713e+05
   2.2580584e+05
   2.2800612e+05
   2.2907371e+05
   2.3003902e+05
   2.3146083e+05
   2.3456863e+05
   2.3554686e+05
   2.3681319e+05
   2.3773253e+05
   2.3881720e+05
   2.3996816e+05
   2.8003546e+05
   2.8074293e+05
   2.8187742e+05
   2.8304519e+05
   2.8437739e+05
   2.8562791e+05
   2.8669473e+05
   2.8739501e+05
   2.8835443e+05
   2.8927652e+05
   2.9060956e+05
   2.9164720e+05
   2.9262178e+05
   2.9363011e+05
   2.9531247e+05
   2.9669906e+05
   2.9935855e+05
   3.4007643e+05
   3.4116953e+05
   3.4272814e+05
   3.4436543e+05
   3.4520238e+05
   3.4629294e+05
   3.4794326e+05
   3.4876875e+05
   3.4967463e+05
   3.5091875e+05
   3.5211987e+05
   3.5338770e+05
   3.5787980e+05
   3.5955423e+05
   4.0051885e+05
   4.0156100e+05
   4.0254568e+05
   4.0393613e+05
   4.0489253e+05
   4.0631868e+05
   4.0736267e+05
   4.0835493e+05
   4.1024266e+05
   4.1211353e+05
   4.1404121e+05
   4.1488159e+05
   4.1614645e+05
   4.1740220e+05
   4.1838792e+05
   4.1955784e+05
   4.6006029e+05
   4.6028931e+05
   4.6118055e+05
   4.6267256e+05
   4.6374242e+05
   4.6508192e+05
   4.6634957e+05
   4.6764911e+05
   4.6866800e+05
   4.6992714e+05
   4.7087817e+05
   4.7226449e+05
   4.7362524e+05
   4.7487727e+05
   4.7677278e+05
   4.7768016e+05
   4.7883450e+05
   5.2002755e+05
   5.2172529e+05
   5.2300813e+05
   5.2375902e+05
   5.2520464e+05
   5.2737230e+05
   5.2878282e+05
   5.2968643e+05
   5.3232464e+05
   5.3396802e+05
   5.3491701e+05
   5.3630378e+05
   5.3733231e+05
   5.3897192e+05
   5.3999770e+05
   5.8002768e+05
   5.8064346e+05
   5.8219489e+05
   5.8322735e+05
   5.8415262e+05
   5.8541410e+05
   5.8782608e+05
   5.8896350e+05
   5.9012769e+05
   5.9119346e+05
   5.9303546e+05
   5.9390584e+05
   5.9466715e+05
   5.9553275e+05
   5.9642434e+05
   5.9763077e+05
   5.9868431e+05
   5.9956611e+05
   6.0142357e+05
   6.0284347e+05
   6.0441689e+05
   6.0559658e+05
   6.0678218e+05
   6.0809559e+05
   6.0971259e+05
   6.1109378e+05
   6.1222641e+05
   6.1442824e+05
   6.1558572e+05
   6.1692258e+05
   6.1818184e+05
   6.2058482e+05
   6.2182180e+05
   6.2330806e+05
   6.2519820e+05
   6.2637434e+05
   6.2831390e+05
   6.2920514e+05
   6.3034779e+05
   6.3223820e+05
   6.3306693e+05
   6.3499584e+05
   6.3686081e+05
   6.3784265e+05
   6.3912607e+05
   6.4053201e+05
   6.4200059e+05
   6.4322552e+05
   6.4442189e+05
   6.4592351e+05
   6.4799340e+05
   6.4990033e+05
   6.5295936e+05
   6.5441278e+05
   6.5720211e+05
   6.5823822e+05
   6.5953830e+05
   6.6059261e+05
   6.6206405e+05
   6.6407470e+05
   6.6566126e+05
   6.6677074e+05
   6.6872805e+05
   6.7002421e+05
   6.7091473e+05
   6.7286555e+05
   6.7480851e+05
   6.7604621e+05
   6.7716000e+05
   6.7858503e+05
   6.7948644e+05
   6.8057909e+05
   6.8172678e+05
   6.8396583e+05
   6.8536563e+05
   6.8657416e+05
   6.8830049e+05
   6.8950021e+05
   6.9134353e+05
   6.9253855e+05
   6.9397479e+05
   6.9674323e+05
   6.9828764e+05
   6.9974473e+05
   7.0181230e+05
   7.0392736e+05
   7.0526305e+05
   7.0658605e+05
   7.0821453e+05
   7.0966766e+05
   7.1079749e+05
   7.1187860e+05
   7.1305467e+05
   7.1473818e+05
   7.1592507e+05
   7.1729563e+05
   7.1870511e+05
   7.2108859e+05
   7.2355663e+05
   7.2468235e+05
   7.2666736e+05
   7.3051696e+05
   7.3251115e+05
   7.3518844e+05
   7.3689334e+05
   7.3847492e+05
   7.4020219e+05
   7.4285948e+05
   7.4685302e+05
   7.4826001e+05
   7.5011720e+05
   7.5258855e+05
   7.5434657e+05
   7.5631643e+05
   7.5784153e+05
   7.6081145e+05
   7.6178900e+05
   7.6279542e+05
   7.6373205e+05
   7.6424732e+05
   7.6522006e+05
   7.6626580e+05
   7.6823750e+05
   7.7006450e+05
   7.7128535e+05
   7.7299412e+05
   7.7586920e+05
   7.7711403e+05
   7.7863417e+05
   7.7978496e+05
   8.2095393e+05
   8.2179283e+05
   8.2263550e+05
   8.2337815e+05
   8.2413580e+05
   8.2500954e+05
   8.2581130e+05
   8.2654752e+05
   8.2881748e+05
   8.3058172e+05
   8.3165003e+05
   8.3276833e+05
   8.3533179e+05
   8.3695991e+05
   8.3860171e+05
   8.8094286e+05
   8.8172546e+05
   8.8246847e+05
   8.8327519e+05
   8.8434165e+05
   8.8520914e+05
   8.8606250e+05
   8.8686187e+05
   8.8796655e+05
   8.9001615e+05
   8.9138241e+05
   8.9699686e+05
   8.9878278e+05
   9.4095636e+05
   9.4179025e+05
   9.4263047e+05
   9.4356662e+05
   9.4447451e+05
   9.4535266e+05
   9.4605897e+05
   9.4817058e+05
   9.4987875e+05
   9.5170599e+05
   9.5305985e+05
   9.5536816e+05
   9.5738856e+05
   9.5966896e+05
   1.0009507e+06
   1.0017721e+06
   1.0028066e+06
   1.0035024e+06
   1.0045045e+06
   1.0052771e+06
   1.0063696e+06
   1.0087582e+06
   1.0108406e+06
   1.0156656e+06
   1.0190811e+06
   1.0606437e+06
   1.0616912e+06
   1.0623748e+06
   1.0630978e+06
   1.0639710e+06
   1.0650585e+06
   1.0660734e+06
   1.0667887e+06
   1.0680753e+06
   1.0691159e+06
   1.0707884e+06
   1.0729571e+06
   1.0766354e+06
   1.0778041e+06
   1.0792964e+06
   1.1210685e+06
   1.1217902e+06
   1.1232455e+06
   1.1243039e+06
   1.1251626e+06
   1.1262966e+06
   1.1282964e+06
   1.1296271e+06
   1.1313925e+06
   1.1336881e+06
   1.1359999e+06
   1.1376512e+06
   1.1389098e+06
   1.1811513e+06
   1.1818731e+06
   1.1829642e+06
   1.1841092e+06
   1.1851038e+06
   1.1860117e+06
   1.1882299e+06
   1.1893897e+06
   1.1916604e+06
   1.1930960e+06
   1.1952513e+06
   1.1969591e+06
   1.1992814e+06
   1.2411882e+06
   1.2419430e+06
   1.2429357e+06
   1.2439664e+06
   1.2448531e+06
   1.2460941e+06
   1.2480870e+06
   1.2512229e+06
   1.2538184e+06
   1.2564022e+06
   1.2582465e+06
   1.3009715e+06
   1.3018353e+06
   1.3027646e+06
   1.3036744e+06
   1.3047023e+06
   1.3056103e+06
   1.3065202e+06
   1.3085941e+06
   1.3099111e+06
   1.3118692e+06
   1.3128315e+06
   1.3137557e+06
   1.3167411e+06
   1.3185484e+06
   1.3199732e+06
   1.3619567e+06
   1.3629562e+06
   1.3641076e+06
   1.3653453e+06
   1.3661405e+06
   1.3682764e+06
   1.3716314e+06
   1.3735438e+06
   1.3752949e+06
   1.3768464e+06
   1.3795627e+06
   1.4207627e+06
   1.4213695e+06
   1.4224678e+06
   1.4234717e+06
   1.4242958e+06
   1.4252629e+06
   1.4260084e+06
   1.4268515e+06
   1.4281117e+06
   1.4291747e+06
   1.4315577e+06
   1.4357882e+06
   1.4378679e+06
   1.4814135e+06
   1.4823617e+06
   1.4830290e+06
   1.4838042e+06
   1.4847958e+06
   1.4857469e+06
   1.4868014e+06
   1.4885306e+06
   1.4899353e+06
   1.4913418e+06
   1.4927102e+06
   1.4954368e+06
   1.4976610e+06
   1.4986558e+06
   1.5409008e+06
   1.5417579e+06
   1.5427411e+06
   1.5438492e+06
   1.5447169e+06
   1.5456527e+06
   1.5464494e+06
   1.5487246e+06
   1.5499487e+06
   1.5555818e+06
   1.5572153e+06
   1.5596573e+06
   1.6010666e+06
   1.6025417e+06
   1.6033705e+06
   1.6043523e+06
   1.6052737e+06
   1.6060248e+06
   1.6086323e+06
   1.6099615e+06
   1.6136126e+06
   1.6162966e+06
   1.6184800e+06
   1.6199177e+06
   1.6609167e+06
   1.6620224e+06
   1.6626932e+06
   1.6635301e+06
   1.6645959e+06
   1.6656305e+06
   1.6667236e+06
   1.6692204e+06
   1.6706185e+06
   1.6764189e+06
   1.6777143e+06
   1.7208499e+06
   1.7219417e+06
   1.7229338e+06
   1.7238208e+06
   1.7246830e+06
   1.7256603e+06
   1.7269211e+06
   1.7282010e+06
   1.7295829e+06
   1.7316860e+06
   1.7337671e+06
   1.7351633e+06
   1.7365197e+06
   1.7376400e+06
   1.7392674e+06
   1.7809948e+06
   1.7819278e+06
   1.7829961e+06
   1.7838179e+06
   1.7848976e+06
   1.7858570e+06
   1.7867388e+06
   1.7886974e+06
   1.7902075e+06
   1.7917131e+06
   1.7936774e+06
   1.7950604e+06
   1.7965866e+06
   1.7980734e+06
   1.7999522e+06
   1.8408297e+06
   1.8418930e+06
   1.8426569e+06
   1.8442143e+06
   1.8449603e+06
   1.8463056e+06
   1.8487124e+06
   1.8508047e+06
   1.8524624e+06
   1.8554983e+06
   1.8576138e+06
   1.9010405e+06
   1.9019521e+06
   1.9028455e+06
   1.9037690e+06
   1.9049940e+06
   1.9059447e+06
   1.9082276e+06
   1.9100194e+06
   1.9120558e+06
   1.9138319e+06
   1.9159824e+06
   1.9174072e+06
   1.9195817e+06
   6.0192092e+04
   6.1614093e+04
   6.3848684e+04
   6.5648365e+04
   6.7580309e+04
   6.9888716e+04
   7.2305193e+04
   7.3555961e+04
   7.5392449e+04
   7.6623481e+04
   7.7501540e+04
   7.8726861e+04
   8.0426584e+04
   8.1912035e+04
   8.3072632e+04
   8.4911281e+04
   8.7499219e+04
   8.9212711e+04
   9.0233766e+04
   9.1887155e+04
   9.3603442e+04
   9.5122814e+04
   9.7044815e+04
   9.8289408e+04
   1.2144161e+05
   1.2298119e+05
   1.2463454e+05
   1.2637694e+05
   1.2850562e+05
   1.2971237e+05
   1.3113822e+05
   1.3343030e+05
   1.3475676e+05
   1.3576441e+05
   1.3726864e+05
   1.3966547e+05
   1.4069043e+05
   1.4245882e+05
   1.4371886e+05
   1.4475097e+05
   1.4724913e+05
   1.8052542e+05
   1.8149798e+05
   1.8245813e+05
   1.8472154e+05
   1.8650012e+05
   1.8913649e+05
   1.9046123e+05
   1.9166413e+05
   1.9304003e+05
   1.9410221e+05
   1.9556572e+05
   1.9666634e+05
   1.9819218e+05
   1.9973234e+05
   2.0186795e+05
   2.0330058e+05
   2.0519182e+05
   2.0693416e+05
   2.0812938e+05
   2.0960665e+05
   2.1081481e+05
   2.1241760e+05
   2.1440573e+05
   2.1554134e+05
   2.1658019e+05
   2.1754465e+05
   2.1846772e+05
   2.4131939e+05
   2.4467511e+05
   2.4709008e+05
   2.4786052e+05
   2.4949932e+05
   2.5138609e+05
   2.5225250e+05
   2.5344281e+05
   2.5700571e+05
   2.5853620e+05
   2.5960886e+05
   2.6081397e+05
   2.6351163e+05
   2.6555776e+05
   2.6677859e+05
   2.6791435e+05
   2.7000685e+05
   2.7112304e+05
   2.7311614e+05
   2.7528007e+05
   2.7655256e+05
   3.0073255e+05
   3.0241568e+05
   3.0361541e+05
   3.0533304e+05
   3.0628524e+05
   3.0821702e+05
   3.0915547e+05
   3.1032709e+05
   3.1221899e+05
   3.1379457e+05
   3.1516439e+05
   3.1621034e+05
   3.1769564e+05
   3.1918391e+05
   3.2026259e+05
   3.2129525e+05
   3.2362714e+05
   3.2507769e+05
   3.2632722e+05
   3.2774790e+05
   3.2904511e+05
   3.3033356e+05
   3.3266452e+05
   3.3384919e+05
   3.3567122e+05
   3.3671379e+05
   3.3785066e+05
   3.6190747e+05
   3.6416825e+05
   3.6536326e+05
   3.6819984e+05
   3.6931181e+05
   3.7108162e+05
   3.7310080e+05
   3.7525090e+05
   3.7689700e+05
   3.7783018e+05
   3.7910050e+05
   3.8058019e+05
   3.8186380e+05
   3.8308792e+05
   3.8448683e+05
   3.8619599e+05
   3.8783993e+05
   3.8965764e+05
   3.9083606e+05
   3.9182470e+05
   3.9445643e+05
   3.9594431e+05
   3.9741326e+05
   3.9900347e+05
   4.2160696e+05
   4.2259482e+05
   4.2374417e+05
   4.2643153e+05
   4.2766625e+05
   4.2930899e+05
   4.3070695e+05
   4.3383586e+05
   4.3468461e+05
   4.3588117e+05
   4.3814990e+05
   4.3971077e+05
   4.4163461e+05
   4.4281757e+05
   4.4366899e+05
   4.4625583e+05
   4.4753901e+05
   4.4869819e+05
   4.4996775e+05
   4.5108595e+05
   4.5388171e+05
   4.5562904e+05
   4.5800194e+05
   4.5970070e+05
   4.8248440e+05
   4.8416578e+05
   4.8669393e+05
   4.8839937e+05
   4.9111154e+05
   4.9270923e+05
   4.9442998e+05
   4.9573168e+05
   4.9665080e+05
   4.9789040e+05
   4.9948840e+05
   5.0078780e+05
   5.0303281e+05
   5.0435621e+05
   5.0550186e+05
   5.0717475e+05
   5.0872272e+05
   5.1000236e+05
   5.1137255e+05
   5.1343578e+05
   5.1778352e+05
   5.1913399e+05
   5.4164283e+05
   5.4275193e+05
   5.4395559e+05
   5.4642498e+05
   5.4808234e+05
   5.4949457e+05
   5.5090425e+05
   5.5214878e+05
   5.5426630e+05
   5.5556717e+05
   5.5694494e+05
   5.5866565e+05
   5.6018311e+05
   5.6130317e+05
   5.6293186e+05
   5.6419851e+05
   5.6564412e+05
   5.6726221e+05
   5.7002398e+05
   5.7161292e+05
   5.7389927e+05
   5.7637831e+05
   5.7811416e+05
   5.7946225e+05
   7.8147667e+05
   7.8303646e+05
   7.8470290e+05
   7.8674469e+05
   7.8897214e+05
   7.9223494e+05
   7.9446776e+05
   7.9582249e+05
   7.9703128e+05
   7.9936447e+05
   8.0186824e+05
   8.0332244e+05
   8.0454606e+05
   8.0659248e+05
   8.0777590e+05
   8.0898141e+05
   8.1085238e+05
   8.1355885e+05
   8.1604692e+05
   8.1796524e+05
   8.4431769e+05
   8.4598018e+05
   8.4705948e+05
   8.4901302e+05
   8.5030540e+05
   8.5701624e+05
   8.6069419e+05
   8.6333907e+05
   8.6626964e+05
   8.7788572e+05
   9.0250249e+05
   9.0390895e+05
   9.0516779e+05
   9.0679863e+05
   9.0842412e+05
   9.1000395e+05
   9.1261188e+05
   9.1437980e+05
   9.1707238e+05
   9.1899403e+05
   9.2078270e+05
   9.2381748e+05
   9.2540377e+05
   9.2831911e+05
   9.2951607e+05
   9.3345708e+05
   9.3507126e+05
   9.3857896e+05
   9.6206467e+05
   9.6470764e+05
   9.6620540e+05
   9.6800741e+05
   9.7033199e+05
   9.7215961e+05
   9.7421220e+05
   9.7599281e+05
   9.7744649e+05
   9.8038534e+05
   9.8506851e+05
   9.8946941e+05
   9.9089159e+05
   9.9262131e+05
   9.9498877e+05
   9.9690197e+05
   9.9899054e+05
   1.0214403e+06
   1.0253080e+06
   1.0276091e+06
   1.0297783e+06
   1.0316178e+06
   1.0336935e+06
   1.0358046e+06
   1.0376943e+06
   1.0405198e+06
   1.0428745e+06
   1.0452685e+06
   1.0470111e+06
   1.0485213e+06
   1.0496571e+06
   1.0516843e+06
   1.0534880e+06
   1.0551497e+06
   1.0572461e+06
   1.0817330e+06
   1.0886445e+06
   1.0909827e+06
   1.0933607e+06
   1.0949010e+06
   1.0996700e+06
   1.1014768e+06
   1.1033797e+06
   1.1053780e+06
   1.1085119e+06
   1.1110820e+06
   1.1417110e+06
   1.1452223e+06
   1.1486044e+06
   1.1501433e+06
   1.1511814e+06
   1.1596212e+06
   1.1625806e+06
   1.1645627e+06
   1.1656079e+06
   1.1674067e+06
   1.1704959e+06
   1.1722297e+06
   1.1781740e+06
   1.1799924e+06
   1.2017523e+06
   1.2034251e+06
   1.2049357e+06
   1.2070991e+06
   1.2083354e+06
   1.2106924e+06
   1.2134201e+06
   1.2151095e+06
   1.2176543e+06
   1.2199256e+06
   1.2216621e+06
   1.2251820e+06
   1.2613809e+06
   1.2644532e+06
   1.2672056e+06
   1.2712255e+06
   1.3216576e+06
   1.3273866e+06
   1.3287648e+06
   1.3300360e+06
   1.3311250e+06
   1.3326690e+06
   1.3348430e+06
   1.3363954e+06
   1.3380907e+06
   1.3400675e+06
   1.3415676e+06
   1.3460010e+06
   1.3508105e+06
   1.3524810e+06
   1.3538343e+06
   1.3566021e+06
   1.3586497e+06
   1.3816178e+06
   1.3831538e+06
   1.3845864e+06
   1.3863178e+06
   1.3910178e+06
   1.3927209e+06
   1.3950030e+06
   1.3973598e+06
   1.3987984e+06
   1.4010277e+06
   1.4028886e+06
   1.4043717e+06
   1.4056672e+06
   1.4074659e+06
   1.4093786e+06
   1.4109972e+06
   1.4140541e+06
   1.4159781e+06
   1.4174435e+06
   1.4186727e+06
   1.4420431e+06
   1.5015209e+06
   1.5030896e+06
   1.5075937e+06
   1.5087699e+06
   1.5106643e+06
   1.5126600e+06
   1.5152420e+06
   1.5174394e+06
   1.5213830e+06
   1.5226374e+06
   1.5253584e+06
   1.5269974e+06
   1.5297375e+06
   1.5316533e+06
   1.5327294e+06
   1.5342410e+06
   1.5355087e+06
   1.5374214e+06
   1.5394984e+06
   1.5617519e+06
   1.6214440e+06
   1.6243027e+06
   1.6254390e+06
   1.6278231e+06
   1.6290218e+06
   1.6312559e+06
   1.6332920e+06
   1.6352081e+06
   1.6365631e+06
   1.6379562e+06
   1.6389949e+06
   1.6408805e+06
   1.6425934e+06
   1.6444573e+06
   1.6462420e+06
   1.6479942e+06
   1.6497992e+06
   1.6515910e+06
   1.6555828e+06
   1.6568271e+06
   1.6828162e+06
   1.6845621e+06
   1.6865864e+06
   1.6885572e+06
   1.6900700e+06
   1.6920124e+06
   1.6940061e+06
   1.6955609e+06
   1.6973586e+06
   1.6995508e+06
   1.7011739e+06
   1.7032561e+06
   1.7056945e+06
   1.7082060e+06
   1.7109241e+06
   1.7125555e+06
   1.7144527e+06
   1.7169883e+06
   1.7413393e+06
   1.7458035e+06
   1.7485523e+06
   1.7500895e+06
   1.7526997e+06
   1.7574555e+06
   1.7593776e+06
   1.7608815e+06
   1.7638137e+06
   1.7653899e+06
   1.7672082e+06
   1.7691510e+06
   1.7709835e+06
   1.7727157e+06
   1.7754354e+06
   1.7765172e+06
   1.7781550e+06
   1.8020435e+06
   1.8051051e+06
   1.8070234e+06
   1.8086194e+06
   1.8115674e+06
   1.8136285e+06
   1.8149135e+06
   1.8162027e+06
   1.8175596e+06
   1.8223651e+06
   1.8237645e+06
   1.8262432e+06
   1.8285116e+06
   1.8322019e+06
   1.8348192e+06
   1.8387734e+06
   1.8613897e+06
   1.8627777e+06
   1.8651916e+06
   1.8678963e+06
   1.8707625e+06
   1.8719908e+06
   1.8738566e+06
   1.8761041e+06
   1.8845043e+06
   1.8864705e+06
   1.8889512e+06
   1.8904217e+06
   1.8933784e+06
   1.8946935e+06
   1.8974703e+06
   1.8998383e+06
   3.5917024e+05
   3.5956652e+05
   3.5973675e+05
   3.5985394e+05
   4.1917425e+05
   4.1935623e+05
   4.1955659e+05
   4.7917561e+05
   4.7939134e+05
   4.7957899e+05
   4.7980280e+05
   5.9927759e+05
   5.9940494e+05
   5.9956810e+05
   5.9979225e+05
   5.9995436e+05
   1.8725575e+06
   1.8737758e+06
   1.8757276e+06
   1.8786518e+06
   1.8801858e+06
   1.8812519e+06
   1.8832455e+06
   1.8852241e+06
   1.8865398e+06
   1.8880856e+06
   1.8891827e+06
   1.8908760e+06
   1.8928683e+06
   1.8941011e+06
   1.8962842e+06
   1.8976968e+06
   1.8996886e+06
   3.5935539e+05
   3.5949122e+05
   3.5985201e+05
   4.1914179e+05
   4.1924777e+05
   4.1937642e+05
   4.1980985e+05
   4.1994557e+05
   4.7916137e+05
   4.7932922e+05
   4.7942528e+05
   4.7960083e+05
   4.7983993e+05
   5.3955519e+05
   5.3970147e+05
   5.3985999e+05
   5.9996543e+05
   5.9914420e+05
   5.9954492e+05
   5.9979422e+05
   1.8928826e+06
   1.8942390e+06
   1.8961736e+06
   1.8995111e+06
   3.5926419e+05
   3.5969880e+05
   3.5993653e+05
   4.1929970e+05
   4.1953891e+05
   4.7910097e+05
   4.7925317e+05
   4.7961356e+05
   4.7975688e+05
   5.3925883e+05
   5.3935921e+05
   5.3956794e+05
   5.3991441e+05
   5.9912800e+05
   5.9953181e+05
   5.9968573e+05
   5.9986410e+05
