   2.4199960e+03
   3.6465982e+03
   4.8834720e+03
   6.0123139e+03
   7.9361297e+03
   9.0021282e+03
   1.0325751e+04
   1.1917724e+04
   1.3493635e+04
   1.4825913e+04
   1.6279621e+04
   1.7199548e+04
   1.8256456e+04
   2.0771156e+04
   2.2282241e+04
   2.4107038e+04
   2.5537904e+04
   2.7285316e+04
   2.8984139e+04
   3.1304188e+04
   3.3916547e+04
   3.5434148e+04
   3.6828041e+04
   3.8626687e+04
   4.0551550e+04
   4.0017306e+04
   4.0518537e+04
   4.1562126e+04
   4.2439027e+04
   4.3715923e+04
   4.5070862e+04
   4.6619591e+04
   4.8011996e+04
   4.9338723e+04
   5.0389613e+04
   5.1535130e+04
   5.3267225e+04
   5.4288987e+04
   5.5484524e+04
   5.6700837e+04
   5.7825260e+04
   5.8833392e+04
   5.9578591e+04
   1.0001266e+05
   1.0053859e+05
   1.0217557e+05
   1.0415904e+05
   1.0515885e+05
   1.0620635e+05
   1.0779617e+05
   1.0874849e+05
   1.1050486e+05
   1.1235206e+05
   1.1362838e+05
   1.1475735e+05
   1.1632500e+05
   1.1726646e+05
   1.1924097e+05
   1.6136258e+05
   1.6220113e+05
   1.6306536e+05
   1.6391556e+05
   1.6475359e+05
   1.6634437e+05
   1.6821828e+05
   1.6938166e+05
   1.7082552e+05
   1.7247307e+05
   1.7539469e+05
   1.7682998e+05
   1.7775145e+05
   1.7895314e+05
   2.2000592e+05
   2.2036865e+05
   2.2132408e+05
   2.2259812e+05
   2.2386429e+05
   2.2532920e+05
   2.2680713e+05
   2.2715357e+05
   2.2825156e+05
   2.2925080e+05
   2.3017617e+05
   2.3126550e+05
   2.3250556e+05
   2.3345205e+05
   2.3503577e+05
   2.3817362e+05
   2.3936605e+05
   2.8076099e+05
   2.8200938e+05
   2.8290045e+05
   2.8526598e+05
   2.8666741e+05
   2.8827386e+05
   2.9009507e+05
   2.9092915e+05
   2.9247709e+05
   2.9371269e+05
   2.9453180e+05
   2.9552235e+05
   2.9852415e+05
   2.9959679e+05
   3.4013131e+05
   3.4073729e+05
   3.4202837e+05
   3.4394906e+05
   3.4507860e+05
   3.4818033e+05
   3.5076521e+05
   3.5237127e+05
   3.5355413e+05
   3.5550836e+05
   3.5714077e+05
   3.5820568e+05
   3.5957452e+05
   4.0012411e+05
   4.0073661e+05
   4.0189556e+05
   4.0320356e+05
   4.0451956e+05
   4.0544091e+05
   4.0702568e+05
   4.0754393e+05
   4.0886126e+05
   4.1053374e+05
   4.1257550e+05
   4.1367635e+05
   4.1523790e+05
   4.1755859e+05
   4.1833256e+05
   4.1965381e+05
   4.6006574e+05
   4.6087973e+05
   4.6206005e+05
   4.6358978e+05
   4.6467903e+05
   4.6536918e+05
   4.6642080e+05
   4.6708643e+05
   4.6718595e+05
   4.6919734e+05
   4.7142225e+05
   4.7247296e+05
   4.7392193e+05
   4.7473964e+05
   4.7645254e+05
   4.7776031e+05
   4.7891914e+05
   5.2002881e+05
   5.2077873e+05
   5.2172689e+05
   5.2277633e+05
   5.2450192e+05
   5.2573164e+05
   5.2683919e+05
   5.2730398e+05
   5.2846912e+05
   5.2944404e+05
   5.3037404e+05
   5.3312058e+05
   5.3463600e+05
   5.3590769e+05
   5.3712948e+05
   5.3851497e+05
   5.3966310e+05
   5.8003128e+05
   5.8162023e+05
   5.8325447e+05
   5.8454820e+05
   5.8582471e+05
   5.8700482e+05
   5.8767914e+05
   5.8855538e+05
   5.8999976e+05
   5.9088698e+05
   5.9276629e+05
   5.9385436e+05
   5.9450709e+05
   5.9550509e+05
   5.9632194e+05
   5.9716136e+05
   5.9820500e+05
   5.9929766e+05
   6.0258069e+05
   6.0456472e+05
   6.0702532e+05
   6.0896562e+05
   6.1023127e+05
   6.1267177e+05
   6.1362953e+05
   6.1488078e+05
   6.1631899e+05
   6.1824019e+05
   6.1918381e+05
   6.2064486e+05
   6.2161225e+05
   6.2288747e+05
   6.2570451e+05
   6.2712015e+05
   6.2845401e+05
   6.2980130e+05
   6.3144499e+05
   6.3344584e+05
   6.3452275e+05
   6.3541480e+05
   6.3649879e+05
   6.3781056e+05
   6.3965696e+05
   6.4087585e+05
   6.4320852e+05
   6.4490687e+05
   6.4770719e+05
   6.4927764e+05
   6.5045219e+05
   6.5188979e+05
   6.5340403e+05
   6.5519359e+05
   6.5649263e+05
   6.5788756e+05
   6.5922505e+05
   6.6012906e+05
   6.6176946e+05
   6.6297763e+05
   6.6419608e+05
   6.6611740e+05
   6.6736920e+05
   6.6860021e+05
   6.7028266e+05
   6.7240373e+05
   6.7403082e+05
   6.7494306e+05
   6.7602284e+05
   6.7790457e+05
   6.7907536e+05
   6.8058879e+05
   6.8262246e+05
   6.8461553e+05
   6.8673025e+05
   6.8819397e+05
   6.8957040e+05
   6.9099683e+05
   6.9190734e+05
   6.9325142e+05
   6.9535537e+05
   6.9669981e+05
   6.9821306e+05
   6.9934668e+05
   7.0050888e+05
   7.0246938e+05
   7.0462393e+05
   7.0568499e+05
   7.0726138e+05
   7.0827286e+05
   7.0958367e+05
   7.1201507e+05
   7.1304334e+05
   7.1442481e+05
   7.1577347e+05
   7.1857448e+05
   7.2118965e+05
   7.2373785e+05
   7.2541814e+05
   7.2870220e+05
   7.3090271e+05
   7.3278661e+05
   7.3496018e+05
   7.3704728e+05
   7.3856509e+05
   7.4135679e+05
   7.4388621e+05
   7.4584442e+05
   7.6148340e+05
   7.6235808e+05
   7.6326407e+05
   7.6394237e+05
   7.6482237e+05
   7.6581075e+05
   7.6686188e+05
   7.6824108e+05
   7.6940138e+05
   7.7101769e+05
   7.7222280e+05
   7.7364833e+05
   7.7548967e+05
   7.7706169e+05
   7.7836704e+05
   8.2090830e+05
   8.2162251e+05
   8.2268729e+05
   8.2354149e+05
   8.2440661e+05
   8.2519288e+05
   8.2613885e+05
   8.2693333e+05
   8.2832143e+05
   8.2996860e+05
   8.3581308e+05
   8.3825164e+05
   8.3966081e+05
   8.8078753e+05
   8.8152367e+05
   8.8259900e+05
   8.8351053e+05
   8.8450477e+05
   8.8545834e+05
   8.8677725e+05
   8.8827588e+05
   8.9057102e+05
   8.9253741e+05
   8.9606054e+05
   8.9708261e+05
   8.9827475e+05
   9.4075949e+05
   9.4159113e+05
   9.4262648e+05
   9.4371039e+05
   9.4449479e+05
   9.4544803e+05
   9.4645071e+05
   9.4853642e+05
   9.5036503e+05
   9.5180694e+05
   9.5280867e+05
   9.5570762e+05
   9.5704855e+05
   9.5885978e+05
   1.0008215e+06
   1.0017992e+06
   1.0025421e+06
   1.0032084e+06
   1.0040265e+06
   1.0052084e+06
   1.0060608e+06
   1.0085682e+06
   1.0111427e+06
   1.0125565e+06
   1.0167244e+06
   1.0194848e+06
   1.0608673e+06
   1.0618933e+06
   1.0627095e+06
   1.0637215e+06
   1.0645110e+06
   1.0654602e+06
   1.0664223e+06
   1.0683981e+06
   1.0697512e+06
   1.0710821e+06
   1.0729029e+06
   1.0739038e+06
   1.0753826e+06
   1.0774789e+06
   1.0784468e+06
   1.1208570e+06
   1.1218170e+06
   1.1229615e+06
   1.1238699e+06
   1.1251756e+06
   1.1264918e+06
   1.1285247e+06
   1.1310510e+06
   1.1335786e+06
   1.1364096e+06
   1.1383274e+06
   1.1811414e+06
   1.1819144e+06
   1.1827077e+06
   1.1837731e+06
   1.1844502e+06
   1.1856670e+06
   1.1866946e+06
   1.1884974e+06
   1.1899804e+06
   1.1918924e+06
   1.1930208e+06
   1.2409487e+06
   1.2421016e+06
   1.2431748e+06
   1.2438669e+06
   1.2449510e+06
   1.2458949e+06
   1.2466512e+06
   1.2485273e+06
   1.2498459e+06
   1.2520386e+06
   1.2533406e+06
   1.2561570e+06
   1.2578352e+06
   1.3009284e+06
   1.3018264e+06
   1.3025727e+06
   1.3032887e+06
   1.3042261e+06
   1.3053497e+06
   1.3064655e+06
   1.3083369e+06
   1.3096919e+06
   1.3125980e+06
   1.3159036e+06
   1.3199787e+06
   1.3609385e+06
   1.3619219e+06
   1.3629842e+06
   1.3640317e+06
   1.3655641e+06
   1.3666566e+06
   1.3686682e+06
   1.3699294e+06
   1.3715220e+06
   1.3755011e+06
   1.3777762e+06
   1.3794154e+06
   1.4209414e+06
   1.4219227e+06
   1.4230744e+06
   1.4239851e+06
   1.4248604e+06
   1.4256454e+06
   1.4264881e+06
   1.4282970e+06
   1.4296669e+06
   1.4307627e+06
   1.4325777e+06
   1.4354063e+06
   1.4376541e+06
   1.4389775e+06
   1.4808943e+06
   1.4819650e+06
   1.4830250e+06
   1.4841456e+06
   1.4852343e+06
   1.4859974e+06
   1.4869373e+06
   1.4895359e+06
   1.4916705e+06
   1.4931999e+06
   1.4951061e+06
   1.4963605e+06
   1.4981918e+06
   1.4997704e+06
   1.5411190e+06
   1.5425043e+06
   1.5433539e+06
   1.5441834e+06
   1.5455692e+06
   1.5467848e+06
   1.5494557e+06
   1.5510516e+06
   1.5527400e+06
   1.5550260e+06
   1.5562866e+06
   1.5576150e+06
   1.5594214e+06
   1.6009559e+06
   1.6020730e+06
   1.6029306e+06
   1.6040153e+06
   1.6048683e+06
   1.6064157e+06
   1.6081752e+06
   1.6124846e+06
   1.6155239e+06
   1.6176389e+06
   1.6195486e+06
   1.6608658e+06
   1.6619556e+06
   1.6633631e+06
   1.6641745e+06
   1.6650781e+06
   1.6661056e+06
   1.6678401e+06
   1.6690159e+06
   1.6705864e+06
   1.6716732e+06
   1.6737897e+06
   1.6755209e+06
   1.6780343e+06
   1.7209368e+06
   1.7217875e+06
   1.7226622e+06
   1.7234470e+06
   1.7243156e+06
   1.7254212e+06
   1.7262404e+06
   1.7283968e+06
   1.7298996e+06
   1.7314865e+06
   1.7328985e+06
   1.7372398e+06
   1.7385143e+06
   1.7808413e+06
   1.7816862e+06
   1.7826040e+06
   1.7839179e+06
   1.7849749e+06
   1.7857675e+06
   1.7868947e+06
   1.7884648e+06
   1.7896542e+06
   1.7912032e+06
   1.7925773e+06
   1.7939183e+06
   1.7953315e+06
   1.7980112e+06
   1.7991501e+06
   1.8409856e+06
   1.8418921e+06
   1.8427397e+06
   1.8435447e+06
   1.8446988e+06
   1.8454793e+06
   1.8463080e+06
   1.8493533e+06
   1.8506274e+06
   1.8518416e+06
   1.8532320e+06
   1.8557433e+06
   1.8593719e+06
   1.9007162e+06
   1.9014129e+06
   1.9023511e+06
   1.9031991e+06
   1.9040734e+06
   1.9053687e+06
   1.9062215e+06
   1.9084982e+06
   1.9098071e+06
   1.9121241e+06
   1.9138844e+06
   1.9154786e+06
   1.9171290e+06
   1.9191211e+06
   6.0672286e+04
   6.2234496e+04
   6.3772934e+04
   6.4977494e+04
   6.7304754e+04
   6.8475986e+04
   6.9930841e+04
   7.1101463e+04
   7.2221370e+04
   7.4363651e+04
   7.5722436e+04
   7.7220845e+04
   7.8630889e+04
   8.0619349e+04
   8.1906982e+04
   8.3055345e+04
   8.4312868e+04
   8.6474181e+04
   8.7904098e+04
   8.9148948e+04
   9.0482436e+04
   9.2249627e+04
   9.3363392e+04
   9.4348095e+04
   9.5878333e+04
   9.8554616e+04
   1.2009531e+05
   1.2528120e+05
   1.2658557e+05
   1.2805688e+05
   1.2917628e+05
   1.3017952e+05
   1.3271005e+05
   1.3426372e+05
   1.3581483e+05
   1.3728133e+05
   1.3831025e+05
   1.3992644e+05
   1.4134476e+05
   1.4337772e+05
   1.4458842e+05
   1.4602198e+05
   1.4781598e+05
   1.4920047e+05
   1.5044257e+05
   1.5224564e+05
   1.5351003e+05
   1.5445657e+05
   1.5592657e+05
   1.5699593e+05
   1.5806275e+05
   1.8163202e+05
   1.8304837e+05
   1.8451082e+05
   1.8605943e+05
   1.8845756e+05
   1.9012832e+05
   1.9156644e+05
   1.9284554e+05
   1.9513214e+05
   1.9718254e+05
   1.9855695e+05
   2.0078893e+05
   2.0242718e+05
   2.0353810e+05
   2.0475265e+05
   2.0592550e+05
   2.0695314e+05
   2.0799704e+05
   2.1004781e+05
   2.1306488e+05
   2.1492348e+05
   2.1684818e+05
   2.1876549e+05
   2.4078855e+05
   2.4225913e+05
   2.4364118e+05
   2.4733359e+05
   2.4890852e+05
   2.5088441e+05
   2.5311361e+05
   2.5398780e+05
   2.5556082e+05
   2.5717449e+05
   2.5839698e+05
   2.6075908e+05
   2.6227231e+05
   2.6378419e+05
   2.6501029e+05
   2.6760256e+05
   2.6843111e+05
   2.6945556e+05
   2.7075397e+05
   2.7216688e+05
   2.7346279e+05
   2.7456750e+05
   2.7668123e+05
   2.7801079e+05
   3.0011693e+05
   3.0142064e+05
   3.0261357e+05
   3.0381040e+05
   3.0584563e+05
   3.0823083e+05
   3.0989380e+05
   3.1098676e+05
   3.1186749e+05
   3.1371550e+05
   3.1494932e+05
   3.1732640e+05
   3.1883116e+05
   3.2001653e+05
   3.2103390e+05
   3.2326921e+05
   3.2445602e+05
   3.2670373e+05
   3.2838607e+05
   3.3026634e+05
   3.3155337e+05
   3.3367253e+05
   3.3527293e+05
   3.3684846e+05
   3.3802170e+05
   3.6120717e+05
   3.6237414e+05
   3.6411467e+05
   3.6527876e+05
   3.6734817e+05
   3.6887659e+05
   3.7014413e+05
   3.7170809e+05
   3.7372893e+05
   3.7498732e+05
   3.7672282e+05
   3.7873002e+05
   3.8122426e+05
   3.8285622e+05
   3.8432794e+05
   3.8553900e+05
   3.8666475e+05
   3.8865349e+05
   3.8963277e+05
   3.9118255e+05
   3.9299654e+05
   3.9429773e+05
   3.9685658e+05
   3.9801389e+05
   4.2124720e+05
   4.2222872e+05
   4.2620483e+05
   4.2847394e+05
   4.2995049e+05
   4.3136473e+05
   4.3312952e+05
   4.3447203e+05
   4.3568670e+05
   4.3662787e+05
   4.3851483e+05
   4.3997619e+05
   4.4151146e+05
   4.4323397e+05
   4.4457714e+05
   4.4594816e+05
   4.4798572e+05
   4.4904486e+05
   4.5017514e+05
   4.5193686e+05
   4.5352276e+05
   4.5491313e+05
   4.5619091e+05
   4.5745330e+05
   4.5860428e+05
   4.8085113e+05
   4.8222377e+05
   4.8363580e+05
   4.8501079e+05
   4.8593348e+05
   4.8690455e+05
   4.8896996e+05
   4.9026484e+05
   4.9178980e+05
   4.9283089e+05
   4.9444040e+05
   4.9573535e+05
   4.9752562e+05
   4.9893161e+05
   5.0162078e+05
   5.0362294e+05
   5.0513255e+05
   5.0704825e+05
   5.0930437e+05
   5.1093246e+05
   5.1310882e+05
   5.1405255e+05
   5.1559727e+05
   5.1652252e+05
   5.1741431e+05
   5.1850468e+05
   5.4109599e+05
   5.4661912e+05
   5.4820213e+05
   5.5124582e+05
   5.5328332e+05
   5.5532563e+05
   5.5748975e+05
   5.5928962e+05
   5.6073116e+05
   5.6242573e+05
   5.6392054e+05
   5.6531012e+05
   5.6719680e+05
   5.6870275e+05
   5.7057993e+05
   5.7354625e+05
   5.7538648e+05
   5.7702769e+05
   5.7828318e+05
   5.7941960e+05
   7.8142724e+05
   7.8690573e+05
   7.8929778e+05
   7.9060713e+05
   7.9230369e+05
   7.9704138e+05
   7.9912467e+05
   8.0049471e+05
   8.0226109e+05
   8.0365616e+05
   8.0810457e+05
   8.1121082e+05
   8.1320684e+05
   8.1661066e+05
   8.1816136e+05
   8.4241739e+05
   8.4369238e+05
   8.4807327e+05
   8.5076273e+05
   8.5239865e+05
   8.5443557e+05
   8.5997502e+05
   8.6232794e+05
   8.6518364e+05
   8.6748966e+05
   8.6891073e+05
   8.7337168e+05
   8.7452902e+05
   8.7705037e+05
   8.7831771e+05
   8.7958365e+05
   9.0166315e+05
   9.0595576e+05
   9.0734599e+05
   9.0965576e+05
   9.1114406e+05
   9.3690618e+05
   9.3866062e+05
   9.6208244e+05
   9.6344597e+05
   9.6489672e+05
   9.6654723e+05
   9.7283427e+05
   9.7433348e+05
   9.7652361e+05
   9.7843822e+05
   9.7974416e+05
   9.8147138e+05
   9.8337829e+05
   9.8590985e+05
   9.8924980e+05
   9.9197493e+05
   9.9360137e+05
   9.9579801e+05
   9.9789627e+05
   9.9958813e+05
   1.0218022e+06
   1.0235207e+06
   1.0248946e+06
   1.0281678e+06
   1.0296782e+06
   1.0308992e+06
   1.0325895e+06
   1.0358854e+06
   1.0375313e+06
   1.0396931e+06
   1.0421846e+06
   1.0440444e+06
   1.0462305e+06
   1.0489150e+06
   1.0505015e+06
   1.0524733e+06
   1.0548514e+06
   1.0585759e+06
   1.0834027e+06
   1.0849360e+06
   1.0867695e+06
   1.0885016e+06
   1.1033632e+06
   1.1056036e+06
   1.1127174e+06
   1.1139527e+06
   1.1152866e+06
   1.1179597e+06
   1.1197153e+06
   1.1417117e+06
   1.1427415e+06
   1.1443061e+06
   1.1478663e+06
   1.1488871e+06
   1.1511146e+06
   1.1529135e+06
   1.1581510e+06
   1.1597377e+06
   1.1634865e+06
   1.2021153e+06
   1.2042891e+06
   1.2080752e+06
   1.2107210e+06
   1.2119765e+06
   1.2138517e+06
   1.2157761e+06
   1.2184683e+06
   1.2621025e+06
   1.2644451e+06
   1.2658812e+06
   1.2690721e+06
   1.2711808e+06
   1.2774929e+06
   1.2789397e+06
   1.2812287e+06
   1.2832294e+06
   1.2850358e+06
   1.2902524e+06
   1.2931094e+06
   1.2947018e+06
   1.2973999e+06
   1.2987465e+06
   1.3217823e+06
   1.3229610e+06
   1.3270478e+06
   1.3307084e+06
   1.3324053e+06
   1.3346667e+06
   1.3375702e+06
   1.3398386e+06
   1.3425863e+06
   1.3446166e+06
   1.3477468e+06
   1.3501825e+06
   1.3545409e+06
   1.3570209e+06
   1.3582708e+06
   1.3815626e+06
   1.3832946e+06
   1.3848225e+06
   1.3875189e+06
   1.3893641e+06
   1.3920309e+06
   1.3936850e+06
   1.3954637e+06
   1.3967551e+06
   1.4020494e+06
   1.4045915e+06
   1.4091990e+06
   1.4108023e+06
   1.4129385e+06
   1.4154094e+06
   1.4170424e+06
   1.4450800e+06
   1.4468498e+06
   1.4500648e+06
   1.4538300e+06
   1.4553301e+06
   1.4597190e+06
   1.4629826e+06
   1.4665341e+06
   1.4686441e+06
   1.4701218e+06
   1.4718297e+06
   1.4741484e+06
   1.4755782e+06
   1.4774861e+06
   1.4795982e+06
   1.5013259e+06
   1.5029736e+06
   1.5041965e+06
   1.5060683e+06
   1.5079140e+06
   1.5095653e+06
   1.5129810e+06
   1.5153847e+06
   1.5166837e+06
   1.5181421e+06
   1.5202052e+06
   1.5254170e+06
   1.5277300e+06
   1.5290380e+06
   1.5310264e+06
   1.5338439e+06
   1.5363477e+06
   1.5379774e+06
   1.5396889e+06
   1.5625876e+06
   1.5641623e+06
   1.5663301e+06
   1.5685862e+06
   1.5710150e+06
   1.5722943e+06
   1.5755873e+06
   1.5777960e+06
   1.5822921e+06
   1.5842311e+06
   1.5881180e+06
   1.5911359e+06
   1.5927165e+06
   1.5942505e+06
   1.5962164e+06
   1.5986198e+06
   1.6212778e+06
   1.6255723e+06
   1.6273359e+06
   1.6315383e+06
   1.6329287e+06
   1.6350326e+06
   1.6370677e+06
   1.6406939e+06
   1.6422661e+06
   1.6440763e+06
   1.6455626e+06
   1.6474741e+06
   1.6496020e+06
   1.6512647e+06
   1.6526454e+06
   1.6553153e+06
   1.6563181e+06
   1.6590513e+06
   1.6824707e+06
   1.6843960e+06
   1.6862711e+06
   1.6891131e+06
   1.6914676e+06
   1.6963038e+06
   1.6986442e+06
   1.7007042e+06
   1.7019431e+06
   1.7038894e+06
   1.7050715e+06
   1.7064398e+06
   1.7094704e+06
   1.7114446e+06
   1.7140901e+06
   1.7154563e+06
   1.7170136e+06
   1.7183774e+06
   1.7411643e+06
   1.7432797e+06
   1.7493070e+06
   1.7509533e+06
   1.7583070e+06
   1.7618864e+06
   1.7652774e+06
   1.7667566e+06
   1.7699512e+06
   1.7714225e+06
   1.7737918e+06
   1.7752486e+06
   1.7779771e+06
   1.8017696e+06
   1.8037399e+06
   1.8049954e+06
   1.8065620e+06
   1.8090577e+06
   1.8105377e+06
   1.8118679e+06
   1.8136403e+06
   1.8163242e+06
   1.8201329e+06
   1.8218821e+06
   1.8232245e+06
   1.8244846e+06
   1.8264961e+06
   1.8282205e+06
   1.8301851e+06
   1.8318314e+06
   1.8331706e+06
   1.8343588e+06
   1.8366571e+06
   1.8389932e+06
   1.8614631e+06
   1.8650919e+06
   1.8719924e+06
   1.8738016e+06
   1.8767980e+06
   1.8802898e+06
   1.8846223e+06
   1.8859579e+06
   1.8874414e+06
   1.8886989e+06
   1.8898191e+06
   1.8920428e+06
   1.8939603e+06
   1.8957934e+06
   1.8984038e+06
   1.8999070e+06
   3.5921304e+05
   3.5959917e+05
   3.5998716e+05
   4.1924536e+05
   4.1945140e+05
   4.1966917e+05
   4.1987780e+05
   4.7923690e+05
   4.7952874e+05
   4.7973610e+05
   4.7989698e+05
   5.3923707e+05
   5.3934832e+05
   5.3960530e+05
   5.3977512e+05
   5.9989499e+05
   3.5971114e+05
   3.5986899e+05
   4.1925449e+05
   4.1985732e+05
   4.7919423e+05
   4.7944929e+05
   5.3919239e+05
   5.3943228e+05
   5.3986578e+05
   5.9919377e+05
   5.9969049e+05
   1.8875084e+06
   1.8897737e+06
   1.8917103e+06
   1.8928726e+06
   1.8943031e+06
   1.8968547e+06
   3.5917293e+05
   3.5936826e+05
   3.5950645e+05
   3.5993940e+05
   4.1915239e+05
   4.1939725e+05
   4.1976477e+05
   4.1993170e+05
   4.7914696e+05
   4.7933598e+05
   4.7945974e+05
   5.3915307e+05
   5.3946906e+05
   5.3968657e+05
   5.9917018e+05
   5.9940958e+05
   5.9962726e+05
   5.9980107e+05
   5.3925883e+05
   5.3935921e+05
   5.3956794e+05
   5.3991441e+05
   5.9912800e+05
   5.9953181e+05
   5.9968573e+05
   5.9986410e+05
