   6.3380938e+02
   2.5070418e+03
   2.8670824e+03
   3.1197043e+03
   3.4709908e+03
   3.6981138e+03
   3.8967338e+03
   4.5633275e+03
   5.1229006e+03
   5.3699752e+03
   5.6616284e+03
   6.2747200e+03
   6.5955566e+03
   6.9233666e+03
   1.2911343e+04
   1.3264893e+04
   1.3827851e+04
   1.4318502e+04
   1.5098067e+04
   1.5659556e+04
   1.6382088e+04
   1.7033572e+04
   1.7494175e+04
   1.7864694e+04
   1.9472143e+04
   1.9760592e+04
   2.0030984e+04
   2.1099135e+04
   2.1406992e+04
   2.3256367e+04
   2.3739115e+04
   2.4231357e+04
   2.4460683e+04
   2.4775644e+04
   2.6648525e+04
   2.7889229e+04
   2.8258832e+04
   3.0806821e+04
   3.1604404e+04
   3.2293231e+04
   3.3370072e+04
   3.3762087e+04
   3.4131361e+04
   3.5081850e+04
   3.5398935e+04
   3.5745267e+04
   3.6104258e+04
   3.6411039e+04
   3.7038077e+04
   3.7250216e+04
   3.7739281e+04
   4.1315821e+04
   4.1678095e+04
   4.2218676e+04
   4.2535091e+04
   4.2670341e+04
   4.3785898e+04
   6.1107333e+04
   6.1943057e+04
   6.2381446e+04
   6.2676317e+04
   6.5016323e+04
   6.5404264e+04
   6.5819469e+04
   6.6753207e+04
   6.7052792e+04
   6.7342157e+04
   6.7641850e+04
   6.8102108e+04
   6.8346356e+04
   6.8847711e+04
   6.9244784e+04
   8.1303343e+04
   8.1681540e+04
   8.2603073e+04
   8.4145188e+04
   8.5584759e+04
   8.5950644e+04
   8.6772263e+04
   8.7947711e+04
   8.8370072e+04
   9.0088460e+04
   9.0806308e+04
   9.1009878e+04
   9.1441220e+04
   9.2476783e+04
   9.3533965e+04
   9.3862610e+04
   9.4794132e+04
   9.5038307e+04
   9.5778986e+04
   9.6434520e+04
   9.7444960e+04
   9.7991601e+04
   9.9946285e+04
   1.0020282e+05
   1.0041271e+05
   1.0059545e+05
   1.0084801e+05
   1.0107649e+05
   1.0123021e+05
   1.0183115e+05
   1.0202594e+05
   1.0231623e+05
   1.0261632e+05
   1.0285700e+05
   1.0301803e+05
   1.0331707e+05
   1.0356357e+05
   1.0376645e+05
   1.0392284e+05
   1.0408779e+05
   1.0428086e+05
   1.0443198e+05
   1.0456032e+05
   1.0472379e+05
   1.0512183e+05
   1.0527545e+05
   1.0545317e+05
   1.0560251e+05
   1.0578811e+05
   1.0604543e+05
   1.0623347e+05
   1.0645238e+05
   1.0661981e+05
   1.0679736e+05
   1.0725654e+05
   1.0745884e+05
   1.0768574e+05
   1.0812232e+05
   1.0832123e+05
   1.0845708e+05
   1.0871162e+05
   1.0893782e+05
   1.0922235e+05
   1.0935302e+05
   1.0950710e+05
   1.0968518e+05
   1.0985189e+05
   1.1006228e+05
   1.1024177e+05
   1.1049659e+05
   1.1064601e+05
   1.1079335e+05
   1.1120892e+05
   1.1139198e+05
   1.1172543e+05
   1.1185219e+05
   1.1206875e+05
   1.1224411e+05
   1.1242663e+05
   1.1257840e+05
   1.1275356e+05
   1.1294901e+05
   1.1313379e+05
   1.1335326e+05
   1.1356637e+05
   1.1377061e+05
   1.1391732e+05
   1.1429078e+05
   1.1447137e+05
   1.1465635e+05
   1.1478711e+05
   1.1494783e+05
   1.1512773e+05
   1.1526405e+05
   1.1544567e+05
   1.1561768e+05
   1.1573209e+05
   1.1586861e+05
   1.1601617e+05
   1.1614525e+05
   1.1646284e+05
   1.1661084e+05
   1.1674479e+05
   1.1687058e+05
   1.1702373e+05
   1.1718412e+05
   1.1738071e+05
   1.1753363e+05
   1.1766136e+05
   1.1779796e+05
   1.1794728e+05
   1.1808946e+05
   1.1820740e+05
   1.1832456e+05
   1.1847537e+05
   1.1867187e+05
   1.1885335e+05
   1.1898060e+05
   1.1931614e+05
   1.1946275e+05
   1.1966666e+05
   1.1977066e+05
   1.1994854e+05
   1.2054102e+05
   1.2084490e+05
   1.2117385e+05
   1.2163520e+05
   1.2235984e+05
   1.2265518e+05
   1.2341964e+05
   1.2377614e+05
   1.2868991e+05
   1.2902713e+05
   1.2939616e+05
   1.3046494e+05
   1.3134306e+05
   1.3172323e+05
   1.3201120e+05
   1.3273595e+05
   1.3320024e+05
   1.3351944e+05
   1.3382159e+05
   1.3437908e+05
   1.3469781e+05
   1.3557880e+05
   1.3778387e+05
   1.3860213e+05
   1.3898927e+05
   1.3982566e+05
   1.4007926e+05
   1.4087849e+05
   1.4108733e+05
   1.4161993e+05
   1.4975429e+05
   1.5020426e+05
   1.5047281e+05
   1.5120725e+05
   1.5242048e+05
   1.5327258e+05
   1.5389032e+05
   1.5626110e+05
   1.5751723e+05
   1.5788214e+05
   1.5812444e+05
   1.5937975e+05
   1.6040840e+05
   1.6204751e+05
   1.6234463e+05
   1.6263249e+05
   1.6287594e+05
   1.6311137e+05
   1.6340934e+05
   1.6370079e+05
   1.6398600e+05
   1.6430082e+05
   1.6456928e+05
   1.6475324e+05
   1.6508189e+05
   1.6551189e+05
   1.6578424e+05
   1.6602895e+05
   1.6635350e+05
   1.6662962e+05
   1.6680943e+05
   1.6698159e+05
   1.6774743e+05
   1.6790825e+05
   1.6804309e+05
   1.6817171e+05
   1.6835216e+05
   1.6852977e+05
   1.6871184e+05
   1.6893648e+05
   1.6910723e+05
   1.6924481e+05
   1.6937966e+05
   1.6954042e+05
   1.6970178e+05
   1.6987713e+05
   1.7001439e+05
   1.7017087e+05
   1.7033648e+05
   1.7050795e+05
   1.7063472e+05
   1.7080222e+05
   1.7103234e+05
   1.7121700e+05
   1.7136229e+05
   1.7152730e+05
   1.7175019e+05
   1.7189777e+05
   1.7201818e+05
   1.7213925e+05
   1.7225778e+05
   1.7246504e+05
   1.7261385e+05
   1.7277597e+05
   1.7290665e+05
   1.7304922e+05
   1.7321533e+05
   1.7345488e+05
   1.7363428e+05
   1.7379986e+05
   1.7430548e+05
   1.7465674e+05
   1.7512782e+05
   1.7527247e+05
   1.7557018e+05
   1.7615442e+05
   1.7636954e+05
   1.7701615e+05
   1.7724727e+05
   1.7748437e+05
   1.7764203e+05
   1.7798506e+05
   1.7823624e+05
   1.7852272e+05
   1.7873037e+05
   1.7894746e+05
   1.7928852e+05
   1.7954457e+05
   1.7979699e+05
   1.8130239e+05
   1.8158880e+05
   1.8181551e+05
   1.8220292e+05
   1.8352507e+05
   1.8387017e+05
   1.8430463e+05
   1.8467448e+05
   1.8493557e+05
   1.8538358e+05
   1.8600300e+05
   1.8647912e+05
   1.8679207e+05
   1.8932006e+05
   1.8967450e+05
   1.9026720e+05
   1.9104930e+05
   1.9190183e+05
   1.9213171e+05
   1.9350240e+05
   1.9404913e+05
   1.9444561e+05
   1.9492407e+05
   1.9539281e+05
   1.9572050e+05
   1.9684990e+05
   1.9708235e+05
   1.9739444e+05
   1.9795952e+05
   1.9828137e+05
   1.9851115e+05
   1.9984410e+05
   2.0015030e+05
   2.0040601e+05
   2.0138366e+05
   2.0182017e+05
   2.0240296e+05
   2.0308216e+05
   2.0365875e+05
   2.0446141e+05
   2.0512432e+05
   2.0664909e+05
   2.0709653e+05
   2.0792473e+05
   2.0865043e+05
   2.0979125e+05
   2.0997989e+05
   2.1026544e+05
   2.1052681e+05
   2.1108006e+05
   2.1172913e+05
   2.1240419e+05
   2.1408158e+05
   2.1456472e+05
   2.1506065e+05
   2.1576172e+05
   2.1637221e+05
   2.1688532e+05
   2.1748626e+05
   2.1841933e+05
   2.1899748e+05
   2.1952963e+05
   2.2016163e+05
   2.2049469e+05
   2.2075479e+05
   2.2096557e+05
   2.2111971e+05
   2.2129386e+05
   2.2146704e+05
   2.2162393e+05
   2.2182434e+05
   2.2197790e+05
   2.2213604e+05
   2.2240199e+05
   2.2264100e+05
   2.2291730e+05
   2.2309310e+05
   2.2330335e+05
   2.2362147e+05
   2.2381803e+05
   2.2401819e+05
   2.2420500e+05
   2.2461756e+05
   2.2487299e+05
   2.2503686e+05
   2.2532146e+05
   2.2547358e+05
   2.2567285e+05
   2.2587263e+05
   2.2599909e+05
   2.2619129e+05
   2.2634320e+05
   2.2649374e+05
   2.2677505e+05
   2.2697918e+05
   2.2738458e+05
   2.2750260e+05
   2.2770867e+05
   2.2786640e+05
   2.2805636e+05
   2.2818273e+05
   2.2830147e+05
   2.2842718e+05
   2.2860841e+05
   2.2881544e+05
   2.2901281e+05
   2.2914638e+05
   2.2930112e+05
   2.2948164e+05
   2.2962264e+05
   2.2977838e+05
   2.3002142e+05
   2.3020733e+05
   2.3042071e+05
   2.3064473e+05
   2.3077018e+05
   2.3095579e+05
   2.3106320e+05
   2.3127200e+05
   2.3142926e+05
   2.3159323e+05
   2.3171771e+05
   2.3189534e+05
   2.3202521e+05
   2.3220557e+05
   2.3231835e+05
   2.3248304e+05
   2.3273409e+05
   2.3290710e+05
   2.3318193e+05
   2.3336316e+05
   2.3348695e+05
   2.3360780e+05
   2.3376709e+05
   2.3391334e+05
   2.3433064e+05
   2.3448261e+05
   2.3459587e+05
   2.3477727e+05
   2.3491741e+05
   2.3508176e+05
   2.3525379e+05
   2.3540027e+05
   2.3552973e+05
   2.3563211e+05
   2.3576423e+05
   2.3590636e+05
   2.3599850e+05
   2.3612712e+05
   2.3630886e+05
   2.3643252e+05
   2.3654899e+05
   2.3668499e+05
   2.3684033e+05
   2.3704870e+05
   2.3716923e+05
   2.3731115e+05
   2.3743828e+05
   2.3757792e+05
   2.3769957e+05
   2.3783414e+05
   2.3800562e+05
   2.3821980e+05
   2.3835040e+05
   2.3849881e+05
   2.3862433e+05
   2.3880979e+05
   2.3895868e+05
   2.3909924e+05
   2.3924112e+05
   2.3942665e+05
   2.3959809e+05
   2.3971727e+05
   2.3994922e+05
   2.4022914e+05
   2.4087098e+05
   2.4136014e+05
   2.4193849e+05
   2.4282836e+05
   2.4348688e+05
   2.4382461e+05
   2.4429038e+05
   2.4460280e+05
   2.4507551e+05
   2.4542649e+05
   2.4569078e+05
   2.4599601e+05
   2.4642273e+05
   2.4678265e+05
   2.4738513e+05
   2.4778093e+05
   2.4839433e+05
   2.4975485e+05
   2.4997871e+05
   2.5065554e+05
   2.5148755e+05
   2.5289316e+05
   2.5459670e+05
   2.5975753e+05
   2.6030359e+05
   2.6049471e+05
   2.6603648e+05
   2.6673285e+05
   2.6720126e+05
   2.6746407e+05
   2.6788735e+05
   2.6813805e+05
   2.6844556e+05
   2.6883168e+05
   2.6925786e+05
   2.7017243e+05
   2.7125235e+05
   2.7222167e+05
   2.7297345e+05
   2.7446026e+05
   2.7473642e+05
   2.7581569e+05
   2.7642071e+05
   2.7689847e+05
   2.8021880e+05
   2.8041964e+05
   2.8053967e+05
   2.8076174e+05
   2.8097170e+05
   2.8130665e+05
   2.8169867e+05
   2.8194454e+05
   2.8212082e+05
   2.8233244e+05
   2.8252811e+05
   2.8268271e+05
   2.8284484e+05
   2.8311387e+05
   2.8331008e+05
   2.8345604e+05
   2.8361407e+05
   2.8375683e+05
   2.8391469e+05
   2.8428142e+05
   2.8444786e+05
   2.8457223e+05
   2.8484680e+05
   2.8515315e+05
   2.8540883e+05
   2.8560419e+05
   2.8585055e+05
   2.8603915e+05
   2.8620758e+05
   2.8635464e+05
   2.8653422e+05
   2.8673273e+05
   2.8750278e+05
   2.8780550e+05
   2.8817660e+05
   2.8848109e+05
   2.8867502e+05
   2.8922270e+05
   2.8965774e+05
   2.9097116e+05
   2.9272646e+05
   2.9300707e+05
   2.9351155e+05
   2.9438936e+05
   2.9455860e+05
   2.9472081e+05
   2.9492571e+05
   2.9509660e+05
   2.9536190e+05
   2.9556791e+05
   2.9581049e+05
   2.9604184e+05
   2.9625470e+05
   2.9639055e+05
   2.9657590e+05
   2.9678690e+05
   2.9698747e+05
   2.9727605e+05
   2.9746700e+05
   2.9760514e+05
   2.9779394e+05
   2.9795656e+05
   2.9822584e+05
   2.9847587e+05
   2.9868426e+05
   2.9892341e+05
   2.9908059e+05
   2.9921968e+05
   2.9936680e+05
   2.9956795e+05
   2.9999243e+05
   3.0049221e+05
   3.0115041e+05
   3.0173229e+05
   3.0336653e+05
   3.0396238e+05
   3.0424899e+05
   3.0549621e+05
   3.0591534e+05
   3.0667701e+05
   3.0701067e+05
   3.0727184e+05
   3.0983788e+05
   3.1032895e+05
   3.1095755e+05
   3.1195620e+05
   3.1299233e+05
   3.1351675e+05
   3.1409407e+05
   3.1678756e+05
   3.1788842e+05
   3.2263811e+05
   3.2333031e+05
   3.2360279e+05
   3.2400898e+05
   3.2490072e+05
   3.2527994e+05
   3.2560954e+05
   3.2620422e+05
   3.2664855e+05
   3.2764332e+05
   3.2910716e+05
   3.2980020e+05
   3.3061410e+05
   3.3118857e+05
   3.3186483e+05
   3.3239847e+05
   3.3292554e+05
   3.3360307e+05
   3.3398930e+05
   3.3431641e+05
   3.3479067e+05
   3.3503346e+05
   3.3536945e+05
   3.3573232e+05
   3.3621148e+05
   3.3645278e+05
   3.3677450e+05
   3.3719161e+05
   3.3985552e+05
   3.4092630e+05
   3.4126023e+05
   3.4327052e+05
   3.4354312e+05
   3.4621608e+05
   3.4667653e+05
   3.4696302e+05
   3.4776293e+05
   3.4804163e+05
   3.4871245e+05
   3.4950811e+05
   3.5600106e+05
   3.5621019e+05
   3.5642357e+05
   3.5679775e+05
   3.5694805e+05
   3.5737452e+05
   3.5861884e+05
   3.5881212e+05
   3.5902641e+05
   3.5924617e+05
   3.5944289e+05
   3.5983150e+05
   3.6030492e+05
   3.6093882e+05
   3.6129601e+05
   3.6252447e+05
   3.6304688e+05
   3.6867245e+05
   3.6920364e+05
   3.6974562e+05
   3.7021759e+05
   3.7060690e+05
   3.7094328e+05
   3.7129970e+05
   3.7193855e+05
   3.7240000e+05
   3.7274244e+05
   3.7333360e+05
   3.7663171e+05
   3.7686164e+05
   3.7710774e+05
   3.7849726e+05
   3.7967745e+05
   3.8021517e+05
   3.8064204e+05
   3.8098142e+05
   3.8157982e+05
   3.8228619e+05
   3.8286886e+05
   3.8442662e+05
   3.8477435e+05
   3.8501125e+05
   3.8538752e+05
   3.8677185e+05
   3.8711478e+05
   3.8770299e+05
   3.8851659e+05
   3.8911145e+05
   3.8991663e+05
   3.9051352e+05
   3.9103974e+05
   3.9122994e+05
   3.9202431e+05
   3.9249138e+05
   3.9283770e+05
   3.9413991e+05
   3.9589541e+05
   3.9645474e+05
   3.9895548e+05
   3.9935205e+05
   3.9964885e+05
   4.0023097e+05
   4.0092147e+05
   4.0125564e+05
   4.0173937e+05
   4.0194293e+05
   4.0235246e+05
   4.0281299e+05
   4.0303449e+05
   4.0331538e+05
   4.0381962e+05
   4.0399786e+05
   4.0429393e+05
   4.0455905e+05
   4.0476433e+05
   4.0496847e+05
   4.0528609e+05
   4.0551302e+05
   4.0582652e+05
   4.0603036e+05
   4.0644840e+05
   4.0673368e+05
   4.0692164e+05
   4.0766955e+05
   4.0789979e+05
   4.0816260e+05
   4.0845449e+05
   4.0878515e+05
   4.0925622e+05
   4.0946987e+05
   4.0970428e+05
   4.1546140e+05
   4.1560830e+05
   4.1582485e+05
   4.1600077e+05
   4.1618774e+05
   4.1647968e+05
   4.1667864e+05
   4.1684422e+05
   4.1706373e+05
   4.1724266e+05
   4.1745815e+05
   4.1766626e+05
   4.1782527e+05
   4.1795489e+05
   4.1811784e+05
   4.1832452e+05
   4.1847346e+05
   4.1864942e+05
   4.1877568e+05
   4.1898596e+05
   4.1931727e+05
   4.1952188e+05
   4.2125466e+05
   4.2389556e+05
   4.2443936e+05
   4.2465998e+05
   4.2687581e+05
   4.2761448e+05
   4.2804413e+05
   4.3109236e+05
   4.3429558e+05
   4.3526353e+05
   4.4017318e+05
   4.4044903e+05
   4.4075455e+05
   4.4269629e+05
   4.4329741e+05
   4.4350941e+05
   4.4394859e+05
   4.4430147e+05
   4.4479007e+05
   4.4723392e+05
   4.4751268e+05
   4.5594137e+05
   4.5628610e+05
   4.5660680e+05
   4.5726582e+05
   4.5760531e+05
   4.6031562e+05
   4.6060047e+05
   4.6086280e+05
   4.6116402e+05
   4.6133601e+05
   4.6151702e+05
   4.6213847e+05
   4.6239386e+05
   4.6263501e+05
   4.6305742e+05
   4.6337505e+05
   4.6370368e+05
   4.6464023e+05
   4.6494272e+05
   4.6539978e+05
   4.6567523e+05
   4.6599376e+05
   4.6627287e+05
   4.6653257e+05
   4.6670101e+05
   4.6695417e+05
   4.6744652e+05
   4.6759046e+05
   4.6782155e+05
   4.6799486e+05
   4.6843862e+05
   4.6879940e+05
   4.6918058e+05
   4.6934871e+05
   4.6957840e+05
   4.6987837e+05
   4.7019606e+05
   4.7047440e+05
   4.7066850e+05
   4.7092887e+05
   4.7136036e+05
   4.7162197e+05
   4.7190687e+05
   4.7216390e+05
   4.7233911e+05
   4.7251885e+05
   4.7270302e+05
   4.7289837e+05
   4.7320454e+05
   4.7333040e+05
   4.7345697e+05
   4.7369265e+05
   4.7388038e+05
   4.7464286e+05
   4.7501913e+05
   4.7528608e+05
   4.7579907e+05
   4.7595219e+05
   4.7620784e+05
   4.7643917e+05
   4.7669898e+05
   4.7761727e+05
   4.7792918e+05
   4.7853734e+05
   4.7995576e+05
   4.8043027e+05
   4.8336016e+05
   4.8476232e+05
   4.8511615e+05
   4.8984746e+05
   4.9442561e+05
   4.9476542e+05
   4.9591959e+05
   4.9644626e+05
   4.9694440e+05
   4.9737014e+05
   4.9827328e+05
   4.9856979e+05
   4.9881679e+05
   4.9925388e+05
   5.0069494e+05
   5.0094580e+05
   5.0125925e+05
   5.0179413e+05
   5.0267155e+05
   5.0307295e+05
   5.0378330e+05
   5.0714905e+05
   5.0754186e+05
   5.0822729e+05
   5.0940707e+05
   5.1046995e+05
   5.1066610e+05
   5.1250561e+05
   5.1284579e+05
   5.1309754e+05
   5.1334104e+05
   5.1388403e+05
   5.1572354e+05
   5.1703986e+05
   5.2049009e+05
   5.2063953e+05
   5.2083946e+05
   5.2108630e+05
   5.2150356e+05
   5.2175152e+05
   5.2192291e+05
   5.2212945e+05
   5.2240840e+05
   5.2309490e+05
   5.2326207e+05
   5.2355758e+05
   5.2396333e+05
   5.2411640e+05
   5.2476765e+05
   5.2521621e+05
   5.2542454e+05
   5.2563526e+05
   5.2609037e+05
   5.2632294e+05
   5.2696704e+05
   5.2748844e+05
   5.2789265e+05
   5.3179748e+05
   5.3236390e+05
   5.3360091e+05
   5.3505331e+05
   5.3532085e+05
   5.3550382e+05
   5.3575787e+05
   5.3604692e+05
   5.3622275e+05
   5.3642460e+05
   5.3666664e+05
   5.3684723e+05
   5.3700974e+05
   5.3721829e+05
   5.3734028e+05
   5.3757938e+05
   5.3773619e+05
   5.3809540e+05
   5.3840259e+05
   5.3853273e+05
   5.3866556e+05
   5.3886075e+05
   5.3917023e+05
   5.3930751e+05
   5.3949807e+05
   5.3969073e+05
   5.4029625e+05
   5.4068032e+05
   5.4103617e+05
   5.4755937e+05
   5.4873997e+05
   5.4906537e+05
   5.4931170e+05
   5.5114304e+05
   5.5191454e+05
   5.5221346e+05
   5.5263953e+05
   5.5301527e+05
   5.5422571e+05
   5.5507224e+05
   5.5554873e+05
   5.8016588e+05
   5.8029696e+05
   5.8041895e+05
   5.8060015e+05
   5.8072971e+05
   5.8090573e+05
   5.8110651e+05
   5.8128994e+05
   5.8141577e+05
   5.8160962e+05
   5.8175091e+05
   5.8200954e+05
   5.8216800e+05
   5.8235276e+05
   5.8254722e+05
   5.8284628e+05
   5.8297270e+05
   5.8309322e+05
   5.8321400e+05
   5.8340234e+05
   5.8362712e+05
   5.8377824e+05
   5.8392408e+05
   5.8405109e+05
   5.8423185e+05
   5.8436419e+05
   5.8451099e+05
   5.8466593e+05
   5.8487351e+05
   5.8510930e+05
   5.8528454e+05
   5.8551994e+05
   5.8569847e+05
   5.8585917e+05
   5.8600168e+05
   5.8617710e+05
   5.8635166e+05
   5.8648437e+05
   5.8674091e+05
   5.8685457e+05
   5.8747659e+05
   5.8763361e+05
   5.8785458e+05
   5.8816930e+05
   5.8834371e+05
   5.8848618e+05
   5.8864764e+05
   5.8879954e+05
   5.8902486e+05
   5.8917997e+05
   5.8931955e+05
   5.8949500e+05
   5.8967967e+05
   5.8979267e+05
   5.8995646e+05
   5.9010183e+05
   5.9022440e+05
   5.9034486e+05
   5.9048571e+05
   5.9070597e+05
   5.9087429e+05
   5.9105756e+05
   5.9134585e+05
   5.9149075e+05
   5.9170580e+05
   5.9184234e+05
   5.9206695e+05
   5.9226434e+05
   5.9247708e+05
   5.9263855e+05
   5.9278298e+05
   5.9290978e+05
   5.9312967e+05
   5.9335346e+05
   5.9347618e+05
   5.9359163e+05
   5.9377589e+05
   5.9398389e+05
   5.9443513e+05
   5.9461896e+05
   5.9484201e+05
   5.9504681e+05
   5.9518606e+05
   5.9534512e+05
   5.9549640e+05
   5.9572335e+05
   5.9587892e+05
   5.9613449e+05
   5.9639036e+05
   5.9652727e+05
   5.9665551e+05
   5.9678937e+05
   5.9692228e+05
   5.9709211e+05
   5.9729574e+05
   5.9748151e+05
   5.9764619e+05
   5.9784799e+05
   5.9802264e+05
   5.9817279e+05
   5.9835145e+05
   5.9847385e+05
   5.9871117e+05
   5.9896673e+05
   5.9911860e+05
   5.9931179e+05
   5.9952575e+05
   5.9965085e+05
   5.9978765e+05
   5.9993317e+05
   6.0019612e+05
   6.0061250e+05
   6.0098718e+05
   6.0219484e+05
   6.0255890e+05
   6.0286510e+05
   6.0326528e+05
   6.0374623e+05
   6.0528615e+05
   6.0583361e+05
   6.0736593e+05
   6.0772621e+05
   6.0807388e+05
   6.0887170e+05
   6.0929088e+05
   6.0966395e+05
   6.1060449e+05
   6.1109222e+05
   6.1150370e+05
   6.1186423e+05
   6.1392849e+05
   6.1522846e+05
   6.1547138e+05
   6.1582718e+05
   6.1685188e+05
   6.1716353e+05
   6.2219490e+05
   6.2263976e+05
   6.2435758e+05
   6.2588462e+05
   6.2618289e+05
   6.2649174e+05
   6.2724218e+05
   6.2786673e+05
   6.2837305e+05
   6.2860406e+05
   6.2916603e+05
   6.3039331e+05
   6.3087229e+05
   6.3146228e+05
   6.3202348e+05
   6.3269287e+05
   6.3337094e+05
   6.3445999e+05
   6.3565463e+05
   6.3636987e+05
   6.3712630e+05
   6.3746057e+05
   6.3872812e+05
   6.3966565e+05
   6.4014614e+05
   6.4045636e+05
   6.4115147e+05
   6.4229341e+05
   6.4285105e+05
   6.4587619e+05
   6.4650970e+05
   6.4681501e+05
   6.4725175e+05
   6.4782518e+05
   6.4850239e+05
   6.4875509e+05
   6.4974877e+05
   6.5091800e+05
   6.5175516e+05
   6.5243483e+05
   6.5970671e+05
   6.6031940e+05
   6.6164275e+05
   6.6202788e+05
   6.6465620e+05
   6.6528691e+05
   6.6546350e+05
   6.6585265e+05
   6.6625849e+05
   6.6694764e+05
   6.6743123e+05
   6.6784343e+05
   6.6808459e+05
   6.6924297e+05
   6.6948320e+05
   6.6997926e+05
   6.7060678e+05
   6.7128235e+05
   6.7189578e+05
   6.7452747e+05
   6.7479946e+05
   6.7554304e+05
   6.7862394e+05
   6.7931405e+05
   6.7964476e+05
   6.8007200e+05
   6.8066091e+05
   6.9861192e+05
   6.9915465e+05
   6.9940272e+05
   6.9998530e+05
   7.0029027e+05
   7.0076470e+05
   7.0153063e+05
   7.0309736e+05
   7.0354874e+05
   7.0417202e+05
   7.0489028e+05
   7.0552947e+05
   7.0582537e+05
   7.0620746e+05
   7.0660973e+05
   7.0727970e+05
   7.0844166e+05
   7.0942071e+05
   7.0970017e+05
   7.0996206e+05
   7.1090767e+05
   7.1135453e+05
   7.1171686e+05
   7.1570438e+05
   7.1655224e+05
   7.1697680e+05
   7.1720255e+05
   7.1922687e+05
   7.1953162e+05
   7.2035774e+05
   7.2058692e+05
   7.2080760e+05
   7.2105193e+05
   7.2122458e+05
   7.2182234e+05
   7.2642515e+05
   7.2705783e+05
   7.2812110e+05
   7.2836095e+05
   7.3105254e+05
   7.3123932e+05
   7.3146545e+05
   7.3176705e+05
   7.3352440e+05
   7.3399775e+05
   7.3828401e+05
   7.3982821e+05
   7.4059866e+05
   7.4089263e+05
   7.4125224e+05
   7.4269884e+05
   7.4312724e+05
   7.5151778e+05
   7.5251008e+05
   7.5332727e+05
   7.5387485e+05
   7.5504752e+05
   7.5607605e+05
   7.5650223e+05
   7.5710416e+05
   7.5755939e+05
   7.5872676e+05
   7.5926374e+05
   7.5942854e+05
   7.5970994e+05
   7.6012384e+05
   7.6055768e+05
   7.6072045e+05
   7.6095669e+05
   7.6109520e+05
   7.6127972e+05
   7.6141564e+05
   7.6168963e+05
   7.6192546e+05
   7.6203701e+05
   7.6220216e+05
   7.6234633e+05
   7.6256468e+05
   7.6268879e+05
   7.6285253e+05
   7.6297838e+05
   7.6310941e+05
   7.6323736e+05
   7.6336987e+05
   7.6350958e+05
   7.6374806e+05
   7.6387249e+05
   7.6405794e+05
   7.6423406e+05
   7.6436073e+05
   7.6455803e+05
   7.6473381e+05
   7.6491766e+05
   7.6519886e+05
   7.6535545e+05
   7.6550640e+05
   7.6568940e+05
   7.6584354e+05
   7.6598052e+05
   7.6615341e+05
   7.6629046e+05
   7.6643577e+05
   7.6655740e+05
   7.6668481e+05
   7.6680493e+05
   7.6692817e+05
   7.6733415e+05
   7.6745085e+05
   7.6757407e+05
   7.6775033e+05
   7.6791440e+05
   7.6808308e+05
   7.6835828e+05
   7.6848612e+05
   7.6861352e+05
   7.6881208e+05
   7.6894378e+05
   7.6907131e+05
   7.6922251e+05
   7.6941436e+05
   7.6971501e+05
   7.6984742e+05
   7.6997099e+05
   7.7010225e+05
   7.7040781e+05
   7.7053146e+05
   7.7076763e+05
   7.7091370e+05
   7.7109855e+05
   7.7135824e+05
   7.7149953e+05
   7.7164654e+05
   7.7180081e+05
   7.7201965e+05
   7.7211999e+05
   7.7224749e+05
   7.7251300e+05
   7.7268432e+05
   7.7277116e+05
   7.7294926e+05
   7.7311668e+05
   7.7323038e+05
   7.7351753e+05
   7.7370500e+05
   7.7464544e+05
   7.7480816e+05
   7.7501725e+05
   7.7523235e+05
   7.7535637e+05
   7.7550318e+05
   7.7562217e+05
   7.7586408e+05
   7.7599913e+05
   7.7617823e+05
   7.7641858e+05
   7.7657172e+05
   7.7678746e+05
   7.7704822e+05
   7.7716162e+05
   7.7729889e+05
   7.7744075e+05
   7.7759686e+05
   7.7793044e+05
   7.7810315e+05
   7.7825717e+05
   7.7842803e+05
   7.7856038e+05
   7.7863912e+05
   7.7882070e+05
   7.7897702e+05
   7.7925076e+05
   7.7943584e+05
   7.7960166e+05
   7.7977629e+05
   7.8016169e+05
   7.8045965e+05
   7.8067627e+05
   7.8121310e+05
   7.8156180e+05
   7.8224830e+05
   7.8246540e+05
   7.8333786e+05
   7.8355877e+05
   7.8383961e+05
   7.8490413e+05
   7.8545119e+05
   7.8587054e+05
   7.8622871e+05
   7.8661155e+05
   7.8721930e+05
   7.8816278e+05
   7.8834907e+05
   7.8866567e+05
   7.8910816e+05
   7.8941829e+05
   7.9076779e+05
   7.9236029e+05
   7.9274300e+05
   7.9295626e+05
   7.9366958e+05
   7.9420711e+05
   7.9443237e+05
   7.9576908e+05
   7.9623616e+05
   7.9726348e+05
   7.9757204e+05
   7.9780113e+05
   7.9928490e+05
   7.9969512e+05
   7.9994191e+05
   8.0024962e+05
   8.0077698e+05
   8.0143911e+05
   8.0208185e+05
   8.0294614e+05
   8.0321728e+05
   8.0398284e+05
   8.0498545e+05
   8.0657948e+05
   8.0676277e+05
   8.0790841e+05
   8.1020433e+05
   8.1069393e+05
   8.1127368e+05
   8.1219794e+05
   8.1266874e+05
   8.1427932e+05
   8.1450015e+05
   8.1475251e+05
   8.1501683e+05
   8.1526186e+05
   8.1543741e+05
   8.1563603e+05
   8.1664107e+05
   8.1703131e+05
   8.1845968e+05
   8.1885715e+05
   8.1940102e+05
   8.1966570e+05
   8.1986299e+05
   8.2012245e+05
   8.2042570e+05
   8.2064250e+05
   8.2078871e+05
   8.2103178e+05
   8.2134010e+05
   8.2146072e+05
   8.2158064e+05
   8.2168013e+05
   8.2183463e+05
   8.2202788e+05
   8.2218748e+05
   8.2238770e+05
   8.2255312e+05
   8.2267565e+05
   8.2304773e+05
   8.2324323e+05
   8.2334312e+05
   8.2358480e+05
   8.2385390e+05
   8.2403728e+05
   8.2417030e+05
   8.2428936e+05
   8.2445072e+05
   8.2461307e+05
   8.2479637e+05
   8.2497460e+05
   8.2511253e+05
   8.2537019e+05
   8.2684684e+05
   8.2764660e+05
   8.2812318e+05
   8.2824695e+05
   8.2862963e+05
   8.2885283e+05
   8.2902680e+05
   8.2923228e+05
   8.2951305e+05
   8.2969516e+05
   8.3069527e+05
   8.3087408e+05
   8.3103631e+05
   8.3136827e+05
   8.3160304e+05
   8.3177795e+05
   8.3206047e+05
   8.3219546e+05
   8.3238834e+05
   8.3271196e+05
   8.3288039e+05
   8.3310046e+05
   8.3332253e+05
   8.3465009e+05
   8.3484600e+05
   8.3505252e+05
   8.3528553e+05
   8.3545704e+05
   8.3595393e+05
   8.3675477e+05
   8.3704603e+05
   8.3720525e+05
   8.3739697e+05
   8.3770886e+05
   8.3786107e+05
   8.3801571e+05
   8.3820105e+05
   8.3843669e+05
   8.3875156e+05
   8.3896508e+05
   8.3924058e+05
   8.3939688e+05
   8.3974459e+05
   8.3992121e+05
   8.4021402e+05
   8.4048017e+05
   8.4083532e+05
   8.4106266e+05
   8.4241924e+05
   8.4294645e+05
   8.4559237e+05
   8.4606266e+05
   8.4647597e+05
   8.4779440e+05
   8.4858497e+05
   8.5007085e+05
   8.5039642e+05
   8.5253134e+05
   8.5317910e+05
   8.5353163e+05
   8.5381601e+05
   8.5420291e+05
   8.5441630e+05
   8.5464364e+05
   8.5498059e+05
   8.5558800e+05
   8.5594298e+05
   8.5624530e+05
   8.5729660e+05
   8.5803673e+05
   8.5898721e+05
   8.5915567e+05
   8.5938468e+05
   8.5965021e+05
   8.6006187e+05
   8.6075200e+05
   8.6113187e+05
   8.6151554e+05
   8.6197611e+05
   8.6453894e+05
   8.6474734e+05
   8.7128144e+05
   8.7244565e+05
   8.7307139e+05
   8.7341360e+05
   8.7372906e+05
   8.7403547e+05
   8.7416917e+05
   8.7437287e+05
   8.7701528e+05
   8.7739205e+05
   8.7901424e+05
   8.7918403e+05
   8.8011350e+05
   8.8027826e+05
   8.8040453e+05
   8.8058269e+05
   8.8080583e+05
   8.8092169e+05
   8.8104014e+05
   8.8127476e+05
   8.8163380e+05
   8.8182653e+05
   8.8226918e+05
   8.8239577e+05
   8.8278188e+05
   8.8290402e+05
   8.8305376e+05
   8.8332269e+05
   8.8364116e+05
   8.8392664e+05
   8.8411013e+05
   8.8432332e+05
   8.8446416e+05
   8.8459652e+05
   8.8475408e+05
   8.8501654e+05
   8.8520260e+05
   8.8542385e+05
   8.8567967e+05
   8.8583519e+05
   8.8601725e+05
   8.8625007e+05
   8.8640056e+05
   8.8655008e+05
   8.8667346e+05
   8.8689946e+05
   8.8728894e+05
   8.8790513e+05
   8.8992954e+05
   8.9009404e+05
   8.9030916e+05
   8.9044065e+05
   8.9058806e+05
   8.9095186e+05
   8.9113887e+05
   8.9214876e+05
   8.9239007e+05
   8.9254399e+05
   8.9271189e+05
   8.9317831e+05
   8.9331308e+05
   8.9364126e+05
   8.9382970e+05
   8.9488105e+05
   8.9509793e+05
   8.9530015e+05
   8.9545160e+05
   8.9858635e+05
   8.9888183e+05
   8.9901582e+05
   8.9958985e+05
   8.9984144e+05
   9.0106411e+05
   9.0167223e+05
   9.0193696e+05
   9.0222514e+05
   9.3007820e+05
   9.3028904e+05
   9.3157264e+05
   9.3175353e+05
   9.3211634e+05
   9.3261239e+05
   9.3358228e+05
   9.3405337e+05
   9.3431381e+05
   9.3451484e+05
   9.3584722e+05
   9.3635995e+05
   9.3683159e+05
   9.3710787e+05
   9.3757786e+05
   9.3786606e+05
   9.3878011e+05
   9.3920157e+05
   9.3941138e+05
   9.3966214e+05
   9.4018742e+05
   9.4033275e+05
   9.4042819e+05
   9.4067364e+05
   9.4085830e+05
   9.4095876e+05
   9.4106768e+05
   9.4119404e+05
   9.4136147e+05
   9.4147265e+05
   9.4160636e+05
   9.4171197e+05
   9.4186836e+05
   9.4203429e+05
   9.4218842e+05
   9.4230594e+05
   9.4305682e+05
   9.4321910e+05
   9.4345539e+05
   9.4364640e+05
   9.4379644e+05
   9.4394230e+05
   9.4413350e+05
   9.4425361e+05
   9.4444536e+05
   9.4455175e+05
   9.4503184e+05
   9.4519062e+05
   9.4534918e+05
   9.4547829e+05
   9.4558019e+05
   9.4568576e+05
   9.4598818e+05
   9.4613403e+05
   9.4643350e+05
   9.4655248e+05
   9.4673850e+05
   9.4696108e+05
   9.4741119e+05
   9.4791294e+05
   9.4807386e+05
   9.4819590e+05
   9.4842635e+05
   9.4862084e+05
   9.4877495e+05
   9.4891476e+05
   9.4904598e+05
   9.4926050e+05
   9.4940468e+05
   9.4951815e+05
   9.4971709e+05
   9.4990586e+05
   9.5007093e+05
   9.5022055e+05
   9.5043016e+05
   9.5067776e+05
   9.5094936e+05
   9.5109536e+05
   9.5124015e+05
   9.5142506e+05
   9.5155475e+05
   9.5177559e+05
   9.5202963e+05
   9.5223766e+05
   9.5241397e+05
   9.5265563e+05
   9.5291188e+05
   9.5303897e+05
   9.5313204e+05
   9.5325658e+05
   9.5343350e+05
   9.5364693e+05
   9.5389256e+05
   9.5414532e+05
   9.5431714e+05
   9.5457323e+05
   9.5476948e+05
   9.5495989e+05
   9.5513492e+05
   9.5524890e+05
   9.5544210e+05
   9.5557813e+05
   9.5571910e+05
   9.5588088e+05
   9.5624003e+05
   9.5639851e+05
   9.5657471e+05
   9.5686054e+05
   9.5702861e+05
   9.5720599e+05
   9.5741309e+05
   9.5758604e+05
   9.5775897e+05
   9.5809599e+05
   9.5827277e+05
   9.5839036e+05
   9.5861026e+05
   9.5871689e+05
   9.5893564e+05
   9.5905931e+05
   9.5919693e+05
   9.5932789e+05
   9.5965574e+05
   9.5984736e+05
   9.5999158e+05
   9.6128042e+05
   9.6221019e+05
   9.6261243e+05
   9.6339022e+05
   9.6379496e+05
   9.6411151e+05
   9.6533207e+05
   9.6698032e+05
   9.6731275e+05
   9.6877481e+05
   9.7362894e+05
   9.7393090e+05
   9.7612468e+05
   9.7646909e+05
   9.7978133e+05
   9.8068837e+05
   9.8286366e+05
   9.8318335e+05
   9.8383678e+05
   9.8411759e+05
   9.8460365e+05
   9.8531557e+05
   9.8572890e+05
   9.8591611e+05
   9.8622458e+05
   9.8655981e+05
   9.8706314e+05
   9.8863565e+05
   9.8896036e+05
   9.8972429e+05
   9.8999101e+05
   9.9040381e+05
   9.9506272e+05
   9.9531192e+05
   9.9601525e+05
   9.9664633e+05
   9.9720062e+05
   9.9760812e+05
   1.0001331e+06
   1.0004382e+06
   1.0005284e+06
   1.0006448e+06
   1.0007603e+06
   1.0010564e+06
   1.0011662e+06
   1.0013171e+06
   1.0014650e+06
   1.0015829e+06
   1.0017267e+06
   1.0018935e+06
   1.0020586e+06
   1.0022253e+06
   1.0023890e+06
   1.0025643e+06
   1.0028011e+06
   1.0030060e+06
   1.0031759e+06
   1.0033030e+06
   1.0034044e+06
   1.0037418e+06
   1.0039080e+06
   1.0041598e+06
   1.0043047e+06
   1.0044234e+06
   1.0045827e+06
   1.0048155e+06
   1.0049118e+06
   1.0050985e+06
   1.0053067e+06
   1.0054500e+06
   1.0056051e+06
   1.0057599e+06
   1.0058610e+06
   1.0059960e+06
   1.0061676e+06
   1.0064631e+06
   1.0066887e+06
   1.0068112e+06
   1.0069207e+06
   1.0071522e+06
   1.0073740e+06
   1.0076334e+06
   1.0077514e+06
   1.0079135e+06
   1.0080059e+06
   1.0081585e+06
   1.0082809e+06
   1.0084256e+06
   1.0085526e+06
   1.0087784e+06
   1.0089010e+06
   1.0091491e+06
   1.0093056e+06
   1.0095854e+06
   1.0097630e+06
   1.0098653e+06
   1.0100348e+06
   1.0101397e+06
   1.0108825e+06
   1.0110940e+06
   1.0112488e+06
   1.0114266e+06
   1.0125231e+06
   1.0126403e+06
   1.0127945e+06
   1.0129531e+06
   1.0131183e+06
   1.0137643e+06
   1.0139868e+06
   1.0144185e+06
   1.0145747e+06
   1.0147230e+06
   1.0150401e+06
   1.0151468e+06
   1.0154150e+06
   1.0155901e+06
   1.0157094e+06
   1.0159068e+06
   1.0161124e+06
   1.0162318e+06
   1.0164244e+06
   1.0166299e+06
   1.0168859e+06
   1.0171356e+06
   1.0172838e+06
   1.0174637e+06
   1.0175559e+06
   1.0177094e+06
   1.0178455e+06
   1.0201932e+06
   1.0204455e+06
   1.0208772e+06
   1.0213148e+06
   1.0215065e+06
   1.0216806e+06
   1.0220081e+06
   1.0222271e+06
   1.0224740e+06
   1.0241993e+06
   1.0244227e+06
   1.0254119e+06
   1.0256396e+06
   1.0258134e+06
   1.0260002e+06
   1.0291381e+06
   1.0293915e+06
   1.0298450e+06
   1.0301470e+06
   1.0306120e+06
   1.0322549e+06
   1.0327027e+06
   1.0364816e+06
   1.0370989e+06
   1.0374687e+06
   1.0378370e+06
   1.0385624e+06
   1.0395552e+06
   1.0414548e+06
   1.0427218e+06
   1.0441032e+06
   1.0449149e+06
   1.0485623e+06
   1.0488603e+06
   1.0490602e+06
   1.0501551e+06
   1.0570288e+06
   1.0573244e+06
   1.0577870e+06
   1.0588504e+06
   1.0604360e+06
   1.0606427e+06
   1.0609368e+06
   1.0611547e+06
   1.0612733e+06
   1.0614084e+06
   1.0616347e+06
   1.0617688e+06
   1.0619340e+06
   1.0620586e+06
   1.0622847e+06
   1.0624099e+06
   1.0625019e+06
   1.0625915e+06
   1.0626795e+06
   1.0628130e+06
   1.0629382e+06
   1.0631087e+06
   1.0632032e+06
   1.0634343e+06
   1.0636038e+06
   1.0637162e+06
   1.0639124e+06
   1.0640932e+06
   1.0642095e+06
   1.0643184e+06
   1.0644966e+06
   1.0646690e+06
   1.0648331e+06
   1.0649781e+06
   1.0651559e+06
   1.0653227e+06
   1.0655357e+06
   1.0656564e+06
   1.0657792e+06
   1.0659646e+06
   1.0660687e+06
   1.0661351e+06
   1.0662545e+06
   1.0663855e+06
   1.0665052e+06
   1.0666971e+06
   1.0672884e+06
   1.0674600e+06
   1.0676167e+06
   1.0677374e+06
   1.0678905e+06
   1.0680384e+06
   1.0681606e+06
   1.0684228e+06
   1.0688910e+06
   1.0690487e+06
   1.0692362e+06
   1.0693672e+06
   1.0696921e+06
   1.0697859e+06
   1.0699182e+06
   1.0700697e+06
   1.0701853e+06
   1.0702793e+06
   1.0704141e+06
   1.0706678e+06
   1.0708060e+06
   1.0709831e+06
   1.0711070e+06
   1.0712588e+06
   1.0714009e+06
   1.0715379e+06
   1.0716958e+06
   1.0718428e+06
   1.0719761e+06
   1.0721375e+06
   1.0722760e+06
   1.0723982e+06
   1.0725921e+06
   1.0728210e+06
   1.0729464e+06
   1.0730760e+06
   1.0731690e+06
   1.0733298e+06
   1.0734373e+06
   1.0735567e+06
   1.0737175e+06
   1.0741044e+06
   1.0742210e+06
   1.0743686e+06
   1.0745704e+06
   1.0747088e+06
   1.0748307e+06
   1.0750092e+06
   1.0751283e+06
   1.0752634e+06
   1.0754542e+06
   1.0755588e+06
   1.0756893e+06
   1.0759301e+06
   1.0760845e+06
   1.0762106e+06
   1.0763225e+06
   1.0765175e+06
   1.0766373e+06
   1.0768311e+06
   1.0770032e+06
   1.0772167e+06
   1.0773636e+06
   1.0777136e+06
   1.0778310e+06
   1.0779777e+06
   1.0781272e+06
   1.0783634e+06
   1.0785930e+06
   1.0787179e+06
   1.0788548e+06
   1.0789877e+06
   1.0791589e+06
   1.0794958e+06
   1.0796288e+06
   1.0797950e+06
   1.0802200e+06
   1.0813307e+06
   1.0823553e+06
   1.0827571e+06
   1.0833952e+06
   1.0842994e+06
   1.0845374e+06
   1.0848033e+06
   1.0865417e+06
   1.0870282e+06
   1.0875866e+06
   1.0897084e+06
   1.0918173e+06
   1.0920452e+06
   1.0924708e+06
   1.0930414e+06
   1.0935638e+06
   1.0941358e+06
   1.0943981e+06
   1.0951246e+06
   1.0954734e+06
   1.0967486e+06
   1.0971577e+06
   1.0973804e+06
   1.0978931e+06
   1.0983328e+06
   1.0990816e+06
   1.0994653e+06
   1.1000526e+06
   1.1006067e+06
   1.1012450e+06
   1.1022943e+06
   1.1027186e+06
   1.1030650e+06
   1.1035327e+06
   1.1038221e+06
   1.1042054e+06
   1.1045573e+06
   1.1048236e+06
   1.1051822e+06
   1.1053519e+06
   1.1058647e+06
   1.1060885e+06
   1.1064416e+06
   1.1134403e+06
   1.1147052e+06
   1.1150630e+06
   1.1164015e+06
   1.1201709e+06
   1.1203674e+06
   1.1205585e+06
   1.1206904e+06
   1.1207869e+06
   1.1208938e+06
   1.1212227e+06
   1.1213300e+06
   1.1214495e+06
   1.1216069e+06
   1.1217400e+06
   1.1218907e+06
   1.1219931e+06
   1.1221942e+06
   1.1224006e+06
   1.1225685e+06
   1.1226791e+06
   1.1227782e+06
   1.1229450e+06
   1.1230327e+06
   1.1232109e+06
   1.1233637e+06
   1.1234535e+06
   1.1235625e+06
   1.1236900e+06
   1.1238152e+06
   1.1239415e+06
   1.1240788e+06
   1.1242464e+06
   1.1244042e+06
   1.1245310e+06
   1.1246959e+06
   1.1249117e+06
   1.1250858e+06
   1.1252225e+06
   1.1253324e+06
   1.1254637e+06
   1.1255884e+06
   1.1257031e+06
   1.1258286e+06
   1.1259461e+06
   1.1260490e+06
   1.1261873e+06
   1.1263268e+06
   1.1264261e+06
   1.1265747e+06
   1.1266770e+06
   1.1267884e+06
   1.1268920e+06
   1.1271304e+06
   1.1272444e+06
   1.1274812e+06
   1.1275905e+06
   1.1276959e+06
   1.1279038e+06
   1.1280184e+06
   1.1281300e+06
   1.1282590e+06
   1.1284027e+06
   1.1285500e+06
   1.1286677e+06
   1.1288483e+06
   1.1290681e+06
   1.1292179e+06
   1.1293094e+06
   1.1294678e+06
   1.1296187e+06
   1.1297666e+06
   1.1298766e+06
   1.1300065e+06
   1.1301561e+06
   1.1302791e+06
   1.1304284e+06
   1.1306587e+06
   1.1307723e+06
   1.1309472e+06
   1.1310443e+06
   1.1311481e+06
   1.1314099e+06
   1.1315967e+06
   1.1318418e+06
   1.1320662e+06
   1.1326575e+06
   1.1327530e+06
   1.1329315e+06
   1.1330574e+06
   1.1331852e+06
   1.1334267e+06
   1.1335560e+06
   1.1336596e+06
   1.1337981e+06
   1.1339083e+06
   1.1342880e+06
   1.1344344e+06
   1.1346128e+06
   1.1347321e+06
   1.1350226e+06
   1.1351685e+06
   1.1353533e+06
   1.1354798e+06
   1.1357304e+06
   1.1358345e+06
   1.1359816e+06
   1.1361310e+06
   1.1362030e+06
   1.1363117e+06
   1.1366919e+06
   1.1368093e+06
   1.1369445e+06
   1.1370501e+06
   1.1373926e+06
   1.1377681e+06
   1.1379331e+06
   1.1380397e+06
   1.1381575e+06
   1.1383542e+06
   1.1385030e+06
   1.1385906e+06
   1.1386794e+06
   1.1388728e+06
   1.1392513e+06
   1.1395050e+06
   1.1396236e+06
   1.1397936e+06
   1.1399422e+06
   1.1408776e+06
   1.1411385e+06
   1.1418697e+06
   1.1423925e+06
   1.1427533e+06
   1.1429612e+06
   1.1433128e+06
   1.1456537e+06
   1.1459952e+06
   1.1471556e+06
   1.1476282e+06
   1.1479784e+06
   1.1485911e+06
   1.1488433e+06
   1.1501752e+06
   1.1506982e+06
   1.1509624e+06
   1.1520041e+06
   1.1522683e+06
   1.1526331e+06
   1.1579591e+06
   1.1581720e+06
   1.1587256e+06
   1.1589887e+06
   1.1595497e+06
   1.1602411e+06
   1.1618366e+06
   1.1627479e+06
   1.1628682e+06
   1.1635848e+06
   1.1639343e+06
   1.1641076e+06
   1.1644248e+06
   1.1647120e+06
   1.1801418e+06
   1.1802351e+06
   1.1803333e+06
   1.1804687e+06
   1.1806189e+06
   1.1807575e+06
   1.1808542e+06
   1.1809986e+06
   1.1811486e+06
   1.1812717e+06
   1.1813639e+06
   1.1814711e+06
   1.1816438e+06
   1.1817396e+06
   1.1818763e+06
   1.1819890e+06
   1.1820975e+06
   1.1822115e+06
   1.1823245e+06
   1.1824036e+06
   1.1825185e+06
   1.1825938e+06
   1.1827484e+06
   1.1828999e+06
   1.1830146e+06
   1.1831465e+06
   1.1833558e+06
   1.1836872e+06
   1.1838042e+06
   1.1839531e+06
   1.1841688e+06
   1.1842597e+06
   1.1843491e+06
   1.1844950e+06
   1.1845844e+06
   1.1847253e+06
   1.1849360e+06
   1.1850517e+06
   1.1851704e+06
   1.1852508e+06
   1.1853940e+06
   1.1855385e+06
   1.1856822e+06
   1.1859180e+06
   1.1860424e+06
   1.1861645e+06
   1.1862599e+06
   1.1864185e+06
   1.1867528e+06
   1.1868371e+06
   1.1869581e+06
   1.1872274e+06
   1.1873289e+06
   1.1874556e+06
   1.1875424e+06
   1.1876534e+06
   1.1878090e+06
   1.1879017e+06
   1.1879986e+06
   1.1881661e+06
   1.1883052e+06
   1.1885218e+06
   1.1886801e+06
   1.1888216e+06
   1.1890338e+06
   1.1891400e+06
   1.1892614e+06
   1.1893743e+06
   1.1894982e+06
   1.1895938e+06
   1.1897381e+06
   1.1898460e+06
   1.1899803e+06
   1.1900798e+06
   1.1902099e+06
   1.1903402e+06
   1.1904589e+06
   1.1906900e+06
   1.1907980e+06
   1.1909264e+06
   1.1911126e+06
   1.1913051e+06
   1.1914267e+06
   1.1915757e+06
   1.1917560e+06
   1.1918844e+06
   1.1920139e+06
   1.1921283e+06
   1.1922580e+06
   1.1923893e+06
   1.1925795e+06
   1.1927094e+06
   1.1928398e+06
   1.1929832e+06
   1.1932101e+06
   1.1933588e+06
   1.1934826e+06
   1.1935809e+06
   1.1937469e+06
   1.1938366e+06
   1.1941953e+06
   1.1943135e+06
   1.1944174e+06
   1.1945364e+06
   1.1946846e+06
   1.1948366e+06
   1.1950077e+06
   1.1951488e+06
   1.1953750e+06
   1.1954740e+06
   1.1955919e+06
   1.1956899e+06
   1.1958185e+06
   1.1959506e+06
   1.1960708e+06
   1.1962363e+06
   1.1963809e+06
   1.1965223e+06
   1.1968561e+06
   1.1969818e+06
   1.1971569e+06
   1.1973527e+06
   1.1975113e+06
   1.1976177e+06
   1.1977102e+06
   1.1979147e+06
   1.1980000e+06
   1.1981205e+06
   1.1982531e+06
   1.1983654e+06
   1.1985288e+06
   1.1986688e+06
   1.1988015e+06
   1.1989300e+06
   1.1991320e+06
   1.1993391e+06
   1.1994368e+06
   1.1995596e+06
   1.1996967e+06
   1.1998605e+06
   1.1999842e+06
   1.2006293e+06
   1.2013312e+06
   1.2017984e+06
   1.2025756e+06
   1.2028797e+06
   1.2031899e+06
   1.2038713e+06
   1.2041661e+06
   1.2045809e+06
   1.2051973e+06
   1.2055626e+06
   1.2057538e+06
   1.2061737e+06
   1.2068268e+06
   1.2085896e+06
   1.2088111e+06
   1.2100223e+06
   1.2104046e+06
   1.2106317e+06
   1.2135278e+06
   1.2144471e+06
   1.2171131e+06
   1.2177285e+06
   1.2180327e+06
   1.2189357e+06
   1.2206180e+06
   1.2209484e+06
   1.2231349e+06
   1.2235964e+06
   1.2246877e+06
   1.2250075e+06
   1.2255574e+06
   1.2258673e+06
   1.2260804e+06
   1.2284444e+06
   1.2287135e+06
   1.2289922e+06
   1.2299705e+06
   1.2306586e+06
   1.2309143e+06
   1.2317303e+06
   1.2321069e+06
   1.2323234e+06
   1.2329971e+06
   1.2336094e+06
   1.2340483e+06
   1.2342939e+06
   1.2354026e+06
   1.2357251e+06
   1.2361960e+06
   1.2366337e+06
   1.2371597e+06
   1.2374767e+06
   1.2388730e+06
   1.2398529e+06
   1.2401056e+06
   1.2402067e+06
   1.2403819e+06
   1.2404896e+06
   1.2406268e+06
   1.2407744e+06
   1.2408751e+06
   1.2409927e+06
   1.2411292e+06
   1.2412858e+06
   1.2414046e+06
   1.2415051e+06
   1.2415994e+06
   1.2417947e+06
   1.2419000e+06
   1.2419843e+06
   1.2421836e+06
   1.2423132e+06
   1.2424180e+06
   1.2425216e+06
   1.2426454e+06
   1.2427841e+06
   1.2429005e+06
   1.2430394e+06
   1.2431525e+06
   1.2432583e+06
   1.2433508e+06
   1.2436931e+06
   1.2438116e+06
   1.2439170e+06
   1.2440668e+06
   1.2441886e+06
   1.2443185e+06
   1.2444440e+06
   1.2446785e+06
   1.2448045e+06
   1.2450514e+06
   1.2451546e+06
   1.2452581e+06
   1.2453596e+06
   1.2454808e+06
   1.2456033e+06
   1.2457130e+06
   1.2458214e+06
   1.2460041e+06
   1.2461139e+06
   1.2462240e+06
   1.2463024e+06
   1.2464756e+06
   1.2466169e+06
   1.2468477e+06
   1.2472244e+06
   1.2473053e+06
   1.2474115e+06
   1.2476178e+06
   1.2477083e+06
   1.2478251e+06
   1.2478906e+06
   1.2479963e+06
   1.2480930e+06
   1.2482142e+06
   1.2483134e+06
   1.2484632e+06
   1.2486054e+06
   1.2488125e+06
   1.2489004e+06
   1.2491009e+06
   1.2492773e+06
   1.2493736e+06
   1.2495088e+06
   1.2496395e+06
   1.2497525e+06
   1.2498946e+06
   1.2500718e+06
   1.2501836e+06
   1.2503221e+06
   1.2504326e+06
   1.2505379e+06
   1.2506515e+06
   1.2508598e+06
   1.2511525e+06
   1.2512689e+06
   1.2514002e+06
   1.2515735e+06
   1.2516533e+06
   1.2517843e+06
   1.2519171e+06
   1.2520599e+06
   1.2521665e+06
   1.2522781e+06
   1.2525907e+06
   1.2528014e+06
   1.2528982e+06
   1.2529965e+06
   1.2531021e+06
   1.2532069e+06
   1.2532980e+06
   1.2534303e+06
   1.2535279e+06
   1.2536716e+06
   1.2537765e+06
   1.2538776e+06
   1.2539954e+06
   1.2542483e+06
   1.2543801e+06
   1.2544710e+06
   1.2545672e+06
   1.2546762e+06
   1.2547798e+06
   1.2548796e+06
   1.2550927e+06
   1.2552014e+06
   1.2552887e+06
   1.2554252e+06
   1.2555345e+06
   1.2556262e+06
   1.2557889e+06
   1.2559804e+06
   1.2561188e+06
   1.2562406e+06
   1.2563806e+06
   1.2565341e+06
   1.2566425e+06
   1.2567577e+06
   1.2568687e+06
   1.2570534e+06
   1.2572130e+06
   1.2574369e+06
   1.2575696e+06
   1.2577033e+06
   1.2578822e+06
   1.2579768e+06
   1.2581703e+06
   1.2582620e+06
   1.2584864e+06
   1.2585906e+06
   1.2588067e+06
   1.2589177e+06
   1.2589854e+06
   1.2591656e+06
   1.2593553e+06
   1.2594764e+06
   1.2596177e+06
   1.2597439e+06
   1.2598616e+06
   1.2599579e+06
   1.2605831e+06
   1.2613186e+06
   1.2615547e+06
   1.2625553e+06
   1.2635807e+06
   1.2637511e+06
   1.2645552e+06
   1.2678600e+06
   1.2725477e+06
   1.2731743e+06
   1.2838493e+06
   1.2842319e+06
   1.2847546e+06
   1.2851390e+06
   1.2852796e+06
   1.2858897e+06
   1.2861443e+06
   1.2864319e+06
   1.2867324e+06
   1.2872483e+06
   1.2875327e+06
   1.2888314e+06
   1.2891642e+06
   1.2904041e+06
   1.2906621e+06
   1.2909319e+06
   1.2911721e+06
   1.2930315e+06
   1.2933708e+06
   1.2940297e+06
   1.2942092e+06
   1.2944591e+06
   1.2966316e+06
   1.2968615e+06
   1.2970693e+06
   1.2989437e+06
   1.2995607e+06
   1.2997540e+06
   1.3001180e+06
   1.3002698e+06
   1.3003695e+06
   1.3004648e+06
   1.3005582e+06
   1.3006767e+06
   1.3008792e+06
   1.3010348e+06
   1.3011264e+06
   1.3013050e+06
   1.3014242e+06
   1.3015829e+06
   1.3017128e+06
   1.3018158e+06
   1.3018935e+06
   1.3019858e+06
   1.3020948e+06
   1.3022432e+06
   1.3023321e+06
   1.3024689e+06
   1.3025601e+06
   1.3026919e+06
   1.3028331e+06
   1.3029437e+06
   1.3031138e+06
   1.3032067e+06
   1.3035308e+06
   1.3036158e+06
   1.3037035e+06
   1.3038388e+06
   1.3039637e+06
   1.3040968e+06
   1.3042117e+06
   1.3043065e+06
   1.3044027e+06
   1.3046008e+06
   1.3047809e+06
   1.3048886e+06
   1.3049762e+06
   1.3051251e+06
   1.3052125e+06
   1.3053426e+06
   1.3054950e+06
   1.3056168e+06
   1.3057118e+06
   1.3057793e+06
   1.3060324e+06
   1.3061152e+06
   1.3062324e+06
   1.3063573e+06
   1.3064531e+06
   1.3065491e+06
   1.3066443e+06
   1.3067633e+06
   1.3068538e+06
   1.3070883e+06
   1.3072124e+06
   1.3073297e+06
   1.3074708e+06
   1.3075912e+06
   1.3076965e+06
   1.3078366e+06
   1.3080219e+06
   1.3081678e+06
   1.3083184e+06
   1.3084422e+06
   1.3086202e+06
   1.3087255e+06
   1.3090158e+06
   1.3091704e+06
   1.3092765e+06
   1.3094062e+06
   1.3095182e+06
   1.3096446e+06
   1.3097497e+06
   1.3099889e+06
   1.3101609e+06
   1.3102420e+06
   1.3103771e+06
   1.3104957e+06
   1.3106692e+06
   1.3107592e+06
   1.3108585e+06
   1.3109925e+06
   1.3111430e+06
   1.3112651e+06
   1.3113776e+06
   1.3115578e+06
   1.3117969e+06
   1.3119230e+06
   1.3120178e+06
   1.3121269e+06
   1.3122667e+06
   1.3123722e+06
   1.3124750e+06
   1.3125903e+06
   1.3126875e+06
   1.3128031e+06
   1.3128967e+06
   1.3130643e+06
   1.3132281e+06
   1.3133548e+06
   1.3134639e+06
   1.3135764e+06
   1.3137170e+06
   1.3138402e+06
   1.3139346e+06
   1.3141602e+06
   1.3142937e+06
   1.3144402e+06
   1.3145364e+06
   1.3147696e+06
   1.3149248e+06
   1.3151321e+06
   1.3152812e+06
   1.3153857e+06
   1.3155001e+06
   1.3157221e+06
   1.3158139e+06
   1.3159606e+06
   1.3160921e+06
   1.3163099e+06
   1.3164286e+06
   1.3165317e+06
   1.3166352e+06
   1.3186464e+06
   1.3188173e+06
   1.3189332e+06
   1.3190412e+06
   1.3191411e+06
   1.3192507e+06
   1.3193680e+06
   1.3195248e+06
   1.3196999e+06
   1.3198109e+06
   1.3199236e+06
   1.3221448e+06
   1.3228762e+06
   1.3233856e+06
   1.3235526e+06
   1.3239037e+06
   1.3245166e+06
   1.3249904e+06
   1.3256570e+06
   1.3260834e+06
   1.3265725e+06
   1.3295864e+06
   1.3297616e+06
   1.3300176e+06
   1.3308583e+06
   1.3310732e+06
   1.3313222e+06
   1.3600951e+06
   1.3601849e+06
   1.3603126e+06
   1.3604082e+06
   1.3605452e+06
   1.3607411e+06
   1.3608495e+06
   1.3609954e+06
   1.3611246e+06
   1.3612238e+06
   1.3613666e+06
   1.3614683e+06
   1.3616135e+06
   1.3617272e+06
   1.3618083e+06
   1.3619020e+06
   1.3619808e+06
   1.3620781e+06
   1.3622492e+06
   1.3623598e+06
   1.3625234e+06
   1.3626349e+06
   1.3628139e+06
   1.3629473e+06
   1.3630417e+06
   1.3631248e+06
   1.3632131e+06
   1.3633042e+06
   1.3634227e+06
   1.3635287e+06
   1.3636118e+06
   1.3637103e+06
   1.3638138e+06
   1.3639132e+06
   1.3640109e+06
   1.3641151e+06
   1.3643275e+06
   1.3644524e+06
   1.3645397e+06
   1.3646358e+06
   1.3647635e+06
   1.3648724e+06
   1.3650005e+06
   1.3651485e+06
   1.3652529e+06
   1.3653979e+06
   1.3654780e+06
   1.3655870e+06
   1.3656581e+06
   1.3657809e+06
   1.3658823e+06
   1.3659851e+06
   1.3660787e+06
   1.3662130e+06
   1.3663043e+06
   1.3663993e+06
   1.3665143e+06
   1.3666278e+06
   1.3667003e+06
   1.3667862e+06
   1.3668650e+06
   1.3669961e+06
   1.3672467e+06
   1.3674047e+06
   1.3675113e+06
   1.3676286e+06
   1.3678227e+06
   1.3679623e+06
   1.3680917e+06
   1.3681862e+06
   1.3683173e+06
   1.3684296e+06
   1.3685106e+06
   1.3686459e+06
   1.3687423e+06
   1.3688467e+06
   1.3690651e+06
   1.3691962e+06
   1.3693006e+06
   1.3694757e+06
   1.3695677e+06
   1.3696513e+06
   1.3697663e+06
   1.3698993e+06
   1.3700412e+06
   1.3701638e+06
   1.3702885e+06
   1.3703903e+06
   1.3704801e+06
   1.3706592e+06
   1.3707715e+06
   1.3708698e+06
   1.3710197e+06
   1.3713524e+06
   1.3714360e+06
   1.3715573e+06
   1.3717331e+06
   1.3718973e+06
   1.3721265e+06
   1.3722547e+06
   1.3723640e+06
   1.3724832e+06
   1.3725895e+06
   1.3727116e+06
   1.3728251e+06
   1.3729803e+06
   1.3731694e+06
   1.3732523e+06
   1.3733461e+06
   1.3734642e+06
   1.3736116e+06
   1.3737457e+06
   1.3738589e+06
   1.3739841e+06
   1.3741782e+06
   1.3743494e+06
   1.3744734e+06
   1.3745967e+06
   1.3747026e+06
   1.3748856e+06
   1.3749873e+06
   1.3751369e+06
   1.3752270e+06
   1.3753304e+06
   1.3754252e+06
   1.3755851e+06
   1.3757987e+06
   1.3758928e+06
   1.3761424e+06
   1.3763116e+06
   1.3764269e+06
   1.3765333e+06
   1.3766404e+06
   1.3768931e+06
   1.3770157e+06
   1.3771729e+06
   1.3772842e+06
   1.3774409e+06
   1.3775621e+06
   1.3776840e+06
   1.3777825e+06
   1.3779184e+06
   1.3780193e+06
   1.3781663e+06
   1.3782338e+06
   1.3783501e+06
   1.3785001e+06
   1.3786025e+06
   1.3787184e+06
   1.3788668e+06
   1.3789992e+06
   1.3791111e+06
   1.3792385e+06
   1.3793243e+06
   1.3796795e+06
   1.3797771e+06
   1.3804335e+06
   1.3808997e+06
   1.3908310e+06
   1.3926736e+06
   1.3942514e+06
   1.3946315e+06
   1.3948874e+06
   1.3951036e+06
   1.3953333e+06
   1.3956067e+06
   1.3961719e+06
   1.3966807e+06
   1.3978539e+06
   1.3991967e+06
   1.3996178e+06
   1.4004214e+06
   1.4008381e+06
   1.4011347e+06
   1.4048655e+06
   1.4053420e+06
   1.4056381e+06
   1.4083650e+06
   1.4090098e+06
   1.4095042e+06
   1.4100996e+06
   1.4103272e+06
   1.4107715e+06
   1.4111274e+06
   1.4134809e+06
   1.4201278e+06
   1.4202222e+06
   1.4203487e+06
   1.4204313e+06
   1.4206599e+06
   1.4207712e+06
   1.4208616e+06
   1.4210003e+06
   1.4211107e+06
   1.4212534e+06
   1.4213465e+06
   1.4214190e+06
   1.4215809e+06
   1.4217388e+06
   1.4218476e+06
   1.4219691e+06
   1.4220460e+06
   1.4221732e+06
   1.4223151e+06
   1.4223954e+06
   1.4224616e+06
   1.4225173e+06
   1.4226568e+06
   1.4227611e+06
   1.4228429e+06
   1.4229425e+06
   1.4230271e+06
   1.4231149e+06
   1.4232204e+06
   1.4233036e+06
   1.4234083e+06
   1.4234874e+06
   1.4235896e+06
   1.4236665e+06
   1.4237403e+06
   1.4238223e+06
   1.4238996e+06
   1.4239959e+06
   1.4240985e+06
   1.4241776e+06
   1.4243079e+06
   1.4244338e+06
   1.4245173e+06
   1.4245914e+06
   1.4246723e+06
   1.4247802e+06
   1.4249043e+06
   1.4250365e+06
   1.4251201e+06
   1.4252437e+06
   1.4253436e+06
   1.4254323e+06
   1.4256187e+06
   1.4257846e+06
   1.4258885e+06
   1.4259975e+06
   1.4261042e+06
   1.4262266e+06
   1.4263044e+06
   1.4265060e+06
   1.4265890e+06
   1.4266836e+06
   1.4267595e+06
   1.4268741e+06
   1.4269801e+06
   1.4271714e+06
   1.4273040e+06
   1.4274368e+06
   1.4275463e+06
   1.4276539e+06
   1.4277811e+06
   1.4279148e+06
   1.4280304e+06
   1.4281264e+06
   1.4282117e+06
   1.4283132e+06
   1.4284016e+06
   1.4285324e+06
   1.4286299e+06
   1.4287069e+06
   1.4288282e+06
   1.4289174e+06
   1.4290277e+06
   1.4291902e+06
   1.4292867e+06
   1.4293888e+06
   1.4295276e+06
   1.4296427e+06
   1.4297552e+06
   1.4298796e+06
   1.4299703e+06
   1.4301072e+06
   1.4302172e+06
   1.4303242e+06
   1.4303967e+06
   1.4305323e+06
   1.4306751e+06
   1.4308047e+06
   1.4309179e+06
   1.4310524e+06
   1.4311554e+06
   1.4312455e+06
   1.4313442e+06
   1.4314818e+06
   1.4315997e+06
   1.4317941e+06
   1.4318806e+06
   1.4319955e+06
   1.4321217e+06
   1.4322167e+06
   1.4323821e+06
   1.4324849e+06
   1.4325870e+06
   1.4326593e+06
   1.4327594e+06
   1.4328525e+06
   1.4329639e+06
   1.4330750e+06
   1.4332098e+06
   1.4333133e+06
   1.4334135e+06
   1.4335422e+06
   1.4336830e+06
   1.4337821e+06
   1.4338810e+06
   1.4341768e+06
   1.4342769e+06
   1.4343945e+06
   1.4345231e+06
   1.4346883e+06
   1.4347926e+06
   1.4348835e+06
   1.4349938e+06
   1.4350800e+06
   1.4351897e+06
   1.4352885e+06
   1.4354326e+06
   1.4355259e+06
   1.4356375e+06
   1.4357565e+06
   1.4358861e+06
   1.4360382e+06
   1.4361315e+06
   1.4362411e+06
   1.4363767e+06
   1.4364812e+06
   1.4365677e+06
   1.4366714e+06
   1.4367762e+06
   1.4368790e+06
   1.4369870e+06
   1.4371077e+06
   1.4371931e+06
   1.4373589e+06
   1.4374690e+06
   1.4376094e+06
   1.4377689e+06
   1.4378786e+06
   1.4380148e+06
   1.4381426e+06
   1.4382379e+06
   1.4383955e+06
   1.4384819e+06
   1.4386134e+06
   1.4387076e+06
   1.4388025e+06
   1.4389047e+06
   1.4390908e+06
   1.4392008e+06
   1.4393009e+06
   1.4394047e+06
   1.4395111e+06
   1.4396274e+06
   1.4397175e+06
   1.4399033e+06
   1.4402645e+06
   1.4407839e+06
   1.4417756e+06
   1.4421277e+06
   1.4423753e+06
   1.4428897e+06
   1.4434708e+06
   1.4716571e+06
   1.4720359e+06
   1.4723432e+06
   1.4737164e+06
   1.4738989e+06
   1.4741833e+06
   1.4746669e+06
   1.4801137e+06
   1.4802034e+06
   1.4802994e+06
   1.4803935e+06
   1.4804996e+06
   1.4806098e+06
   1.4806882e+06
   1.4807627e+06
   1.4808555e+06
   1.4809348e+06
   1.4810316e+06
   1.4811887e+06
   1.4812785e+06
   1.4813698e+06
   1.4814897e+06
   1.4815809e+06
   1.4816874e+06
   1.4817755e+06
   1.4818658e+06
   1.4819856e+06
   1.4820852e+06
   1.4822689e+06
   1.4823427e+06
   1.4824532e+06
   1.4825500e+06
   1.4826442e+06
   1.4827643e+06
   1.4828656e+06
   1.4829581e+06
   1.4830723e+06
   1.4831701e+06
   1.4832713e+06
   1.4833819e+06
   1.4834583e+06
   1.4836040e+06
   1.4836793e+06
   1.4837645e+06
   1.4838886e+06
   1.4839667e+06
   1.4840448e+06
   1.4841391e+06
   1.4842393e+06
   1.4843179e+06
   1.4844305e+06
   1.4845177e+06
   1.4846135e+06
   1.4846876e+06
   1.4848011e+06
   1.4848702e+06
   1.4849429e+06
   1.4851799e+06
   1.4853189e+06
   1.4854831e+06
   1.4855981e+06
   1.4857167e+06
   1.4858311e+06
   1.4859317e+06
   1.4860214e+06
   1.4861231e+06
   1.4862234e+06
   1.4863030e+06
   1.4863904e+06
   1.4864871e+06
   1.4866150e+06
   1.4866932e+06
   1.4867904e+06
   1.4869048e+06
   1.4869982e+06
   1.4873673e+06
   1.4874488e+06
   1.4875820e+06
   1.4876948e+06
   1.4877757e+06
   1.4878687e+06
   1.4880015e+06
   1.4881163e+06
   1.4882131e+06
   1.4883075e+06
   1.4884527e+06
   1.4885882e+06
   1.4886795e+06
   1.4887611e+06
   1.4888474e+06
   1.4889541e+06
   1.4890613e+06
   1.4891591e+06
   1.4892941e+06
   1.4893944e+06
   1.4895028e+06
   1.4895835e+06
   1.4897134e+06
   1.4898117e+06
   1.4899449e+06
   1.4900608e+06
   1.4901470e+06
   1.4903431e+06
   1.4904277e+06
   1.4905529e+06
   1.4906765e+06
   1.4907778e+06
   1.4909035e+06
   1.4909886e+06
   1.4910460e+06
   1.4911766e+06
   1.4912681e+06
   1.4913382e+06
   1.4914348e+06
   1.4915427e+06
   1.4916504e+06
   1.4917327e+06
   1.4918215e+06
   1.4919831e+06
   1.4920956e+06
   1.4922298e+06
   1.4923075e+06
   1.4923980e+06
   1.4925152e+06
   1.4926591e+06
   1.4927975e+06
   1.4928917e+06
   1.4931300e+06
   1.4932308e+06
   1.4933150e+06
   1.4934055e+06
   1.4935305e+06
   1.4936559e+06
   1.4938030e+06
   1.4938838e+06
   1.4939800e+06
   1.4941639e+06
   1.4942550e+06
   1.4944057e+06
   1.4945110e+06
   1.4945968e+06
   1.4946771e+06
   1.4948301e+06
   1.4949251e+06
   1.4950202e+06
   1.4951384e+06
   1.4952479e+06
   1.4954014e+06
   1.4955742e+06
   1.4956602e+06
   1.4957270e+06
   1.4958060e+06
   1.4958907e+06
   1.4959769e+06
   1.4960830e+06
   1.4962279e+06
   1.4963056e+06
   1.4964575e+06
   1.4966272e+06
   1.4967100e+06
   1.4967980e+06
   1.4969149e+06
   1.4970093e+06
   1.4971262e+06
   1.4972101e+06
   1.4973157e+06
   1.4974556e+06
   1.4975602e+06
   1.4976506e+06
   1.4977945e+06
   1.4980672e+06
   1.4981424e+06
   1.4982579e+06
   1.4983847e+06
   1.4985141e+06
   1.4987127e+06
   1.4988247e+06
   1.4989129e+06
   1.4990024e+06
   1.4991139e+06
   1.4992125e+06
   1.4993713e+06
   1.4994873e+06
   1.4995832e+06
   1.4996760e+06
   1.4997634e+06
   1.4998879e+06
   1.5002534e+06
   1.5010650e+06
   1.5014746e+06
   1.5018128e+06
   1.5141997e+06
   1.5146964e+06
   1.5149370e+06
   1.5158980e+06
   1.5164534e+06
   1.5166469e+06
   1.5182975e+06
   1.5187375e+06
   1.5191569e+06
   1.5195633e+06
   1.5199628e+06
   1.5202546e+06
   1.5240384e+06
   1.5263390e+06
   1.5303725e+06
   1.5308058e+06
   1.5311130e+06
   1.5317038e+06
   1.5319199e+06
   1.5321130e+06
   1.5324602e+06
   1.5328160e+06
   1.5331197e+06
   1.5332923e+06
   1.5335639e+06
   1.5376441e+06
   1.5378547e+06
   1.5381366e+06
   1.5383268e+06
   1.5391761e+06
   1.5400905e+06
   1.5401702e+06
   1.5402522e+06
   1.5403476e+06
   1.5404706e+06
   1.5405817e+06
   1.5406939e+06
   1.5407866e+06
   1.5408828e+06
   1.5410053e+06
   1.5410766e+06
   1.5411664e+06
   1.5412633e+06
   1.5413621e+06
   1.5414553e+06
   1.5415409e+06
   1.5416167e+06
   1.5417766e+06
   1.5418710e+06
   1.5419834e+06
   1.5421012e+06
   1.5422077e+06
   1.5422851e+06
   1.5423775e+06
   1.5424479e+06
   1.5425721e+06
   1.5426606e+06
   1.5427513e+06
   1.5428428e+06
   1.5429300e+06
   1.5430121e+06
   1.5431097e+06
   1.5431778e+06
   1.5432657e+06
   1.5433675e+06
   1.5434518e+06
   1.5435453e+06
   1.5436252e+06
   1.5437307e+06
   1.5438781e+06
   1.5439528e+06
   1.5440643e+06
   1.5441579e+06
   1.5442440e+06
   1.5443280e+06
   1.5444355e+06
   1.5445365e+06
   1.5446328e+06
   1.5447125e+06
   1.5448251e+06
   1.5449031e+06
   1.5449940e+06
   1.5450724e+06
   1.5451529e+06
   1.5452559e+06
   1.5453590e+06
   1.5454421e+06
   1.5455216e+06
   1.5456420e+06
   1.5457432e+06
   1.5458390e+06
   1.5459644e+06
   1.5461107e+06
   1.5461876e+06
   1.5462884e+06
   1.5463810e+06
   1.5464759e+06
   1.5465911e+06
   1.5466712e+06
   1.5467629e+06
   1.5468355e+06
   1.5469220e+06
   1.5471429e+06
   1.5472488e+06
   1.5473859e+06
   1.5475009e+06
   1.5475822e+06
   1.5476952e+06
   1.5478079e+06
   1.5478984e+06
   1.5479578e+06
   1.5480523e+06
   1.5481550e+06
   1.5482306e+06
   1.5483337e+06
   1.5484256e+06
   1.5485413e+06
   1.5486336e+06
   1.5487311e+06
   1.5488108e+06
   1.5489138e+06
   1.5490435e+06
   1.5491546e+06
   1.5492718e+06
   1.5493665e+06
   1.5494783e+06
   1.5495803e+06
   1.5497279e+06
   1.5498211e+06
   1.5499286e+06
   1.5500585e+06
   1.5501333e+06
   1.5502585e+06
   1.5503842e+06
   1.5504904e+06
   1.5505696e+06
   1.5506530e+06
   1.5507771e+06
   1.5509192e+06
   1.5510186e+06
   1.5511496e+06
   1.5512369e+06
   1.5513286e+06
   1.5514391e+06
   1.5515194e+06
   1.5516364e+06
   1.5517325e+06
   1.5518160e+06
   1.5519375e+06
   1.5520320e+06
   1.5521424e+06
   1.5522186e+06
   1.5522986e+06
   1.5523816e+06
   1.5525109e+06
   1.5526132e+06
   1.5526974e+06
   1.5527863e+06
   1.5529102e+06
   1.5530096e+06
   1.5531172e+06
   1.5531970e+06
   1.5533063e+06
   1.5533824e+06
   1.5534957e+06
   1.5536046e+06
   1.5537125e+06
   1.5537932e+06
   1.5538907e+06
   1.5539972e+06
   1.5541860e+06
   1.5543513e+06
   1.5544284e+06
   1.5545462e+06
   1.5546556e+06
   1.5547368e+06
   1.5548590e+06
   1.5549702e+06
   1.5550799e+06
   1.5552176e+06
   1.5552949e+06
   1.5553837e+06
   1.5554729e+06
   1.5555679e+06
   1.5557053e+06
   1.5558078e+06
   1.5559581e+06
   1.5560855e+06
   1.5561901e+06
   1.5562982e+06
   1.5564080e+06
   1.5564901e+06
   1.5565734e+06
   1.5567289e+06
   1.5568977e+06
   1.5569830e+06
   1.5570759e+06
   1.5571554e+06
   1.5572298e+06
   1.5574126e+06
   1.5574920e+06
   1.5575791e+06
   1.5576562e+06
   1.5577956e+06
   1.5579124e+06
   1.5580204e+06
   1.5581269e+06
   1.5581978e+06
   1.5583208e+06
   1.5584522e+06
   1.5585877e+06
   1.5586916e+06
   1.5588409e+06
   1.5589459e+06
   1.5590655e+06
   1.5591504e+06
   1.5592472e+06
   1.5593530e+06
   1.5594709e+06
   1.5595385e+06
   1.5596732e+06
   1.5597760e+06
   1.5598938e+06
   1.5599788e+06
   1.5602218e+06
   1.5603652e+06
   1.5606066e+06
   1.5609215e+06
   1.5619907e+06
   1.5624463e+06
   1.5627793e+06
   1.5631474e+06
   1.5634501e+06
   1.5637360e+06
   1.5640248e+06
   1.5691492e+06
   1.5701644e+06
   1.5704609e+06
   1.5710730e+06
   1.5712563e+06
   1.5735252e+06
   1.5740649e+06
   1.5743899e+06
   1.5759286e+06
   1.5761899e+06
   1.5788422e+06
   1.5794833e+06
   1.5799120e+06
   1.5803823e+06
   1.5816182e+06
   1.5819377e+06
   1.5824374e+06
   1.5833490e+06
   1.5837580e+06
   1.5839735e+06
   1.5846778e+06
   1.5857245e+06
   1.5860281e+06
   1.5904999e+06
   1.5908562e+06
   1.5911464e+06
   1.5976169e+06
   1.5984113e+06
   1.5997855e+06
   1.6000974e+06
   1.6002340e+06
   1.6003055e+06
   1.6003837e+06
   1.6004533e+06
   1.6005579e+06
   1.6006517e+06
   1.6007164e+06
   1.6008141e+06
   1.6009285e+06
   1.6010273e+06
   1.6011065e+06
   1.6011987e+06
   1.6012809e+06
   1.6013554e+06
   1.6015123e+06
   1.6016239e+06
   1.6017067e+06
   1.6018062e+06
   1.6018853e+06
   1.6019663e+06
   1.6020448e+06
   1.6021488e+06
   1.6022293e+06
   1.6023106e+06
   1.6024040e+06
   1.6024671e+06
   1.6025465e+06
   1.6026354e+06
   1.6027385e+06
   1.6028404e+06
   1.6029394e+06
   1.6030179e+06
   1.6030937e+06
   1.6031648e+06
   1.6032333e+06
   1.6033051e+06
   1.6034071e+06
   1.6034933e+06
   1.6035813e+06
   1.6036556e+06
   1.6037546e+06
   1.6038563e+06
   1.6039691e+06
   1.6040531e+06
   1.6041562e+06
   1.6042389e+06
   1.6043448e+06
   1.6044690e+06
   1.6045553e+06
   1.6046371e+06
   1.6047853e+06
   1.6048655e+06
   1.6049720e+06
   1.6051228e+06
   1.6052257e+06
   1.6053228e+06
   1.6053825e+06
   1.6055026e+06
   1.6056167e+06
   1.6056891e+06
   1.6057586e+06
   1.6058571e+06
   1.6059823e+06
   1.6060688e+06
   1.6061501e+06
   1.6062414e+06
   1.6063176e+06
   1.6064250e+06
   1.6065153e+06
   1.6066234e+06
   1.6067176e+06
   1.6068071e+06
   1.6068931e+06
   1.6070967e+06
   1.6071835e+06
   1.6072758e+06
   1.6073550e+06
   1.6074308e+06
   1.6075453e+06
   1.6076234e+06
   1.6077142e+06
   1.6078097e+06
   1.6078926e+06
   1.6080188e+06
   1.6081233e+06
   1.6082368e+06
   1.6083390e+06
   1.6084441e+06
   1.6085211e+06
   1.6086042e+06
   1.6086774e+06
   1.6087842e+06
   1.6088909e+06
   1.6089618e+06
   1.6090356e+06
   1.6091299e+06
   1.6092276e+06
   1.6093059e+06
   1.6094025e+06
   1.6094962e+06
   1.6096022e+06
   1.6097091e+06
   1.6097989e+06
   1.6098972e+06
   1.6100459e+06
   1.6101355e+06
   1.6102140e+06
   1.6102983e+06
   1.6103704e+06
   1.6104501e+06
   1.6105716e+06
   1.6106568e+06
   1.6107344e+06
   1.6108196e+06
   1.6109036e+06
   1.6109977e+06
   1.6111104e+06
   1.6112028e+06
   1.6113024e+06
   1.6114193e+06
   1.6115124e+06
   1.6116339e+06
   1.6117436e+06
   1.6118421e+06
   1.6119644e+06
   1.6120621e+06
   1.6121689e+06
   1.6122560e+06
   1.6123524e+06
   1.6124330e+06
   1.6125357e+06
   1.6126195e+06
   1.6127298e+06
   1.6127962e+06
   1.6128765e+06
   1.6129812e+06
   1.6130734e+06
   1.6131868e+06
   1.6132718e+06
   1.6133899e+06
   1.6134772e+06
   1.6136271e+06
   1.6137363e+06
   1.6138336e+06
   1.6139118e+06
   1.6140941e+06
   1.6142016e+06
   1.6143165e+06
   1.6144133e+06
   1.6145371e+06
   1.6146452e+06
   1.6147711e+06
   1.6148492e+06
   1.6149275e+06
   1.6150388e+06
   1.6151659e+06
   1.6152551e+06
   1.6154081e+06
   1.6155083e+06
   1.6156051e+06
   1.6156903e+06
   1.6157879e+06
   1.6158971e+06
   1.6159764e+06
   1.6160610e+06
   1.6161798e+06
   1.6162633e+06
   1.6163581e+06
   1.6164481e+06
   1.6165428e+06
   1.6166305e+06
   1.6168011e+06
   1.6168884e+06
   1.6170504e+06
   1.6171247e+06
   1.6172108e+06
   1.6172913e+06
   1.6174144e+06
   1.6175032e+06
   1.6176080e+06
   1.6176951e+06
   1.6177867e+06
   1.6179166e+06
   1.6180588e+06
   1.6181730e+06
   1.6182658e+06
   1.6183448e+06
   1.6184523e+06
   1.6185417e+06
   1.6186185e+06
   1.6186883e+06
   1.6187763e+06
   1.6188938e+06
   1.6190127e+06
   1.6191088e+06
   1.6191907e+06
   1.6192716e+06
   1.6193430e+06
   1.6194903e+06
   1.6195717e+06
   1.6196425e+06
   1.6197207e+06
   1.6198161e+06
   1.6199059e+06
   1.6199903e+06
   1.6205840e+06
   1.6242210e+06
   1.6244736e+06
   1.6249519e+06
   1.6252223e+06
   1.6256506e+06
   1.6279699e+06
   1.6284295e+06
   1.6297896e+06
   1.6301104e+06
   1.6325012e+06
   1.6408028e+06
   1.6410992e+06
   1.6413246e+06
   1.6418564e+06
   1.6423703e+06
   1.6429813e+06
   1.6484517e+06
   1.6495818e+06
   1.6500043e+06
   1.6503629e+06
   1.6506760e+06
   1.6508709e+06
   1.6544031e+06
   1.6550560e+06
   1.6553682e+06
   1.6559203e+06
   1.6561186e+06
   1.6589231e+06
   1.6592724e+06
   1.6594700e+06
   1.6600867e+06
   1.6601662e+06
   1.6602754e+06
   1.6603798e+06
   1.6604664e+06
   1.6605395e+06
   1.6606284e+06
   1.6607294e+06
   1.6608190e+06
   1.6609149e+06
   1.6610025e+06
   1.6611059e+06
   1.6611992e+06
   1.6612925e+06
   1.6613840e+06
   1.6614570e+06
   1.6615186e+06
   1.6616144e+06
   1.6617102e+06
   1.6617846e+06
   1.6618807e+06
   1.6619708e+06
   1.6620416e+06
   1.6621212e+06
   1.6622075e+06
   1.6622821e+06
   1.6623769e+06
   1.6624501e+06
   1.6625570e+06
   1.6626435e+06
   1.6627200e+06
   1.6628004e+06
   1.6628708e+06
   1.6629888e+06
   1.6632497e+06
   1.6633537e+06
   1.6634145e+06
   1.6635048e+06
   1.6635945e+06
   1.6637004e+06
   1.6637875e+06
   1.6638659e+06
   1.6639608e+06
   1.6640310e+06
   1.6641094e+06
   1.6642027e+06
   1.6642724e+06
   1.6643723e+06
   1.6644684e+06
   1.6645693e+06
   1.6646494e+06
   1.6647669e+06
   1.6648632e+06
   1.6649458e+06
   1.6650254e+06
   1.6651426e+06
   1.6652283e+06
   1.6653466e+06
   1.6654358e+06
   1.6655344e+06
   1.6656190e+06
   1.6657169e+06
   1.6658327e+06
   1.6659240e+06
   1.6660056e+06
   1.6660952e+06
   1.6661970e+06
   1.6662820e+06
   1.6663588e+06
   1.6664197e+06
   1.6665121e+06
   1.6666143e+06
   1.6667001e+06
   1.6668079e+06
   1.6668753e+06
   1.6669629e+06
   1.6672116e+06
   1.6672902e+06
   1.6673728e+06
   1.6674407e+06
   1.6675514e+06
   1.6676650e+06
   1.6677546e+06
   1.6678326e+06
   1.6679123e+06
   1.6680182e+06
   1.6681073e+06
   1.6682351e+06
   1.6683436e+06
   1.6684225e+06
   1.6685230e+06
   1.6686041e+06
   1.6686952e+06
   1.6688264e+06
   1.6689029e+06
   1.6689991e+06
   1.6691157e+06
   1.6691919e+06
   1.6692680e+06
   1.6693543e+06
   1.6694717e+06
   1.6695679e+06
   1.6696822e+06
   1.6697687e+06
   1.6698751e+06
   1.6699653e+06
   1.6700977e+06
   1.6701928e+06
   1.6703402e+06
   1.6704250e+06
   1.6705244e+06
   1.6706079e+06
   1.6706827e+06
   1.6707708e+06
   1.6708558e+06
   1.6709313e+06
   1.6710528e+06
   1.6711502e+06
   1.6712506e+06
   1.6713288e+06
   1.6714132e+06
   1.6715063e+06
   1.6715853e+06
   1.6716751e+06
   1.6718169e+06
   1.6718917e+06
   1.6720280e+06
   1.6721346e+06
   1.6722259e+06
   1.6723364e+06
   1.6724619e+06
   1.6725321e+06
   1.6726062e+06
   1.6726909e+06
   1.6728134e+06
   1.6728917e+06
   1.6729822e+06
   1.6730763e+06
   1.6732765e+06
   1.6733829e+06
   1.6734773e+06
   1.6736176e+06
   1.6737212e+06
   1.6738091e+06
   1.6739091e+06
   1.6739810e+06
   1.6741562e+06
   1.6742597e+06
   1.6743711e+06
   1.6744489e+06
   1.6745140e+06
   1.6746124e+06
   1.6747379e+06
   1.6748547e+06
   1.6749316e+06
   1.6750432e+06
   1.6751354e+06
   1.6752429e+06
   1.6753531e+06
   1.6754830e+06
   1.6756157e+06
   1.6756964e+06
   1.6757944e+06
   1.6758888e+06
   1.6759724e+06
   1.6760874e+06
   1.6762220e+06
   1.6763482e+06
   1.6764635e+06
   1.6765588e+06
   1.6766429e+06
   1.6767397e+06
   1.6768277e+06
   1.6769085e+06
   1.6769837e+06
   1.6770704e+06
   1.6771416e+06
   1.6772213e+06
   1.6773357e+06
   1.6774053e+06
   1.6774880e+06
   1.6775734e+06
   1.6776598e+06
   1.6777550e+06
   1.6778457e+06
   1.6779232e+06
   1.6779950e+06
   1.6780872e+06
   1.6781715e+06
   1.6782951e+06
   1.6783920e+06
   1.6785036e+06
   1.6785757e+06
   1.6786449e+06
   1.6787397e+06
   1.6788368e+06
   1.6789221e+06
   1.6790117e+06
   1.6790996e+06
   1.6791924e+06
   1.6792838e+06
   1.6794168e+06
   1.6795237e+06
   1.6796731e+06
   1.6797718e+06
   1.6798793e+06
   1.6799775e+06
   1.6806491e+06
   1.6813648e+06
   1.6817184e+06
   1.6821165e+06
   1.6823807e+06
   1.6828078e+06
   1.6830658e+06
   1.6843408e+06
   1.6846516e+06
   1.6849867e+06
   1.6860445e+06
   1.6869404e+06
   1.6880154e+06
   1.6882089e+06
   1.6884645e+06
   1.6922433e+06
   1.6960206e+06
   1.6962738e+06
   1.6971961e+06
   1.7028906e+06
   1.7033632e+06
   1.7036667e+06
   1.7038542e+06
   1.7052710e+06
   1.7056114e+06
   1.7200747e+06
   1.7201541e+06
   1.7202502e+06
   1.7203604e+06
   1.7204347e+06
   1.7205084e+06
   1.7206343e+06
   1.7207017e+06
   1.7207687e+06
   1.7208614e+06
   1.7209356e+06
   1.7210435e+06
   1.7211187e+06
   1.7212279e+06
   1.7212897e+06
   1.7213898e+06
   1.7214589e+06
   1.7215365e+06
   1.7216212e+06
   1.7217025e+06
   1.7217813e+06
   1.7218485e+06
   1.7219071e+06
   1.7219920e+06
   1.7220773e+06
   1.7221723e+06
   1.7222461e+06
   1.7223492e+06
   1.7224381e+06
   1.7225281e+06
   1.7226178e+06
   1.7227150e+06
   1.7228038e+06
   1.7228803e+06
   1.7229596e+06
   1.7230682e+06
   1.7231333e+06
   1.7232474e+06
   1.7233115e+06
   1.7234021e+06
   1.7234831e+06
   1.7235598e+06
   1.7236395e+06
   1.7237657e+06
   1.7238524e+06
   1.7239493e+06
   1.7240102e+06
   1.7240860e+06
   1.7241741e+06
   1.7242438e+06
   1.7243240e+06
   1.7244294e+06
   1.7245180e+06
   1.7245966e+06
   1.7246977e+06
   1.7247983e+06
   1.7249018e+06
   1.7249804e+06
   1.7250900e+06
   1.7251986e+06
   1.7252910e+06
   1.7253963e+06
   1.7255167e+06
   1.7255860e+06
   1.7256624e+06
   1.7257328e+06
   1.7258117e+06
   1.7258972e+06
   1.7259814e+06
   1.7260822e+06
   1.7261804e+06
   1.7262671e+06
   1.7263465e+06
   1.7264251e+06
   1.7265015e+06
   1.7265815e+06
   1.7266758e+06
   1.7267397e+06
   1.7268403e+06
   1.7269294e+06
   1.7271078e+06
   1.7272048e+06
   1.7273053e+06
   1.7273925e+06
   1.7274960e+06
   1.7275927e+06
   1.7276588e+06
   1.7277382e+06
   1.7278099e+06
   1.7278916e+06
   1.7279995e+06
   1.7280999e+06
   1.7281746e+06
   1.7282466e+06
   1.7283426e+06
   1.7284172e+06
   1.7285765e+06
   1.7286706e+06
   1.7287466e+06
   1.7288462e+06
   1.7289284e+06
   1.7289923e+06
   1.7290835e+06
   1.7291759e+06
   1.7292537e+06
   1.7293442e+06
   1.7294277e+06
   1.7294995e+06
   1.7295779e+06
   1.7296820e+06
   1.7297867e+06
   1.7298959e+06
   1.7300388e+06
   1.7301099e+06
   1.7302003e+06
   1.7302662e+06
   1.7303629e+06
   1.7304845e+06
   1.7305683e+06
   1.7306604e+06
   1.7307317e+06
   1.7308192e+06
   1.7309718e+06
   1.7310882e+06
   1.7311663e+06
   1.7312682e+06
   1.7313880e+06
   1.7314519e+06
   1.7315544e+06
   1.7316313e+06
   1.7317123e+06
   1.7318014e+06
   1.7318981e+06
   1.7319542e+06
   1.7320418e+06
   1.7321561e+06
   1.7322140e+06
   1.7323194e+06
   1.7324004e+06
   1.7324842e+06
   1.7325774e+06
   1.7326849e+06
   1.7327576e+06
   1.7328296e+06
   1.7329125e+06
   1.7330106e+06
   1.7330976e+06
   1.7332052e+06
   1.7332787e+06
   1.7333573e+06
   1.7334592e+06
   1.7335604e+06
   1.7336413e+06
   1.7337047e+06
   1.7337844e+06
   1.7338841e+06
   1.7339493e+06
   1.7341072e+06
   1.7341869e+06
   1.7343033e+06
   1.7344188e+06
   1.7345313e+06
   1.7346373e+06
   1.7347217e+06
   1.7348146e+06
   1.7349071e+06
   1.7350120e+06
   1.7351122e+06
   1.7351879e+06
   1.7352641e+06
   1.7353529e+06
   1.7354167e+06
   1.7354904e+06
   1.7355696e+06
   1.7356840e+06
   1.7357682e+06
   1.7358560e+06
   1.7359401e+06
   1.7360272e+06
   1.7361408e+06
   1.7362160e+06
   1.7362882e+06
   1.7363842e+06
   1.7364751e+06
   1.7365655e+06
   1.7366460e+06
   1.7367396e+06
   1.7368188e+06
   1.7369165e+06
   1.7370082e+06
   1.7371128e+06
   1.7371959e+06
   1.7373014e+06
   1.7373655e+06
   1.7374655e+06
   1.7375678e+06
   1.7376706e+06
   1.7377585e+06
   1.7378412e+06
   1.7379178e+06
   1.7380322e+06
   1.7381019e+06
   1.7381869e+06
   1.7382570e+06
   1.7383251e+06
   1.7384124e+06
   1.7384861e+06
   1.7386710e+06
   1.7387740e+06
   1.7388674e+06
   1.7389498e+06
   1.7390390e+06
   1.7391184e+06
   1.7392200e+06
   1.7393086e+06
   1.7393880e+06
   1.7394868e+06
   1.7395802e+06
   1.7397012e+06
   1.7398226e+06
   1.7403496e+06
   1.7405835e+06
   1.7409229e+06
   1.7416643e+06
   1.7418463e+06
   1.7420444e+06
   1.7422701e+06
   1.7433215e+06
   1.7437975e+06
   1.7439939e+06
   1.7442140e+06
   1.7445011e+06
   1.7446673e+06
   1.7453006e+06
   1.7455350e+06
   1.7462942e+06
   1.7470367e+06
   1.7478442e+06
   1.7481107e+06
   1.7482928e+06
   1.7486449e+06
   1.7489468e+06
   1.7493018e+06
   1.7502475e+06
   1.7509379e+06
   1.7511523e+06
   1.7526939e+06
   1.7531319e+06
   1.7533835e+06
   1.7543497e+06
   1.7548402e+06
   1.7577457e+06
   1.7587729e+06
   1.7594113e+06
   1.7595868e+06
   1.7598747e+06
   1.7602082e+06
   1.7607686e+06
   1.7616129e+06
   1.7618289e+06
   1.7623008e+06
   1.7626893e+06
   1.7635380e+06
   1.7637473e+06
   1.7640663e+06
   1.7642641e+06
   1.7648097e+06
   1.7652964e+06
   1.7654925e+06
   1.7659488e+06
   1.7674623e+06
   1.7681281e+06
   1.7685932e+06
   1.7701818e+06
   1.7707015e+06
   1.7716925e+06
   1.7721399e+06
   1.7726044e+06
   1.7730038e+06
   1.7733194e+06
   1.7736156e+06
   1.7767171e+06
   1.7778007e+06
   1.7781223e+06
   1.7783643e+06
   1.7789232e+06
   1.7800750e+06
   1.7801646e+06
   1.7802369e+06
   1.7803068e+06
   1.7803961e+06
   1.7804787e+06
   1.7805654e+06
   1.7806531e+06
   1.7807747e+06
   1.7808589e+06
   1.7809483e+06
   1.7810547e+06
   1.7811285e+06
   1.7811843e+06
   1.7812591e+06
   1.7813383e+06
   1.7814163e+06
   1.7815017e+06
   1.7816094e+06
   1.7816804e+06
   1.7817866e+06
   1.7818776e+06
   1.7819538e+06
   1.7820144e+06
   1.7821387e+06
   1.7822114e+06
   1.7822851e+06
   1.7823580e+06
   1.7824226e+06
   1.7825055e+06
   1.7825764e+06
   1.7826543e+06
   1.7827173e+06
   1.7827828e+06
   1.7828773e+06
   1.7829659e+06
   1.7830571e+06
   1.7831500e+06
   1.7832213e+06
   1.7833077e+06
   1.7833855e+06
   1.7835243e+06
   1.7835963e+06
   1.7836811e+06
   1.7837704e+06
   1.7838495e+06
   1.7839267e+06
   1.7840057e+06
   1.7840866e+06
   1.7841609e+06
   1.7842322e+06
   1.7843160e+06
   1.7844172e+06
   1.7845012e+06
   1.7845751e+06
   1.7846362e+06
   1.7847098e+06
   1.7848036e+06
   1.7848835e+06
   1.7850456e+06
   1.7851231e+06
   1.7852010e+06
   1.7852825e+06
   1.7853635e+06
   1.7854792e+06
   1.7855453e+06
   1.7856534e+06
   1.7857259e+06
   1.7858120e+06
   1.7858967e+06
   1.7859849e+06
   1.7860526e+06
   1.7861323e+06
   1.7862050e+06
   1.7862887e+06
   1.7863637e+06
   1.7864236e+06
   1.7864952e+06
   1.7865745e+06
   1.7866595e+06
   1.7867369e+06
   1.7868181e+06
   1.7869059e+06
   1.7869836e+06
   1.7871543e+06
   1.7872481e+06
   1.7873462e+06
   1.7874258e+06
   1.7874860e+06
   1.7875715e+06
   1.7876487e+06
   1.7877303e+06
   1.7878483e+06
   1.7879282e+06
   1.7880251e+06
   1.7881344e+06
   1.7882084e+06
   1.7882775e+06
   1.7883597e+06
   1.7884518e+06
   1.7885586e+06
   1.7886689e+06
   1.7887545e+06
   1.7888294e+06
   1.7889017e+06
   1.7890028e+06
   1.7890823e+06
   1.7891750e+06
   1.7892558e+06
   1.7893302e+06
   1.7894052e+06
   1.7894709e+06
   1.7895500e+06
   1.7896112e+06
   1.7897089e+06
   1.7897867e+06
   1.7898789e+06
   1.7899457e+06
   1.7900384e+06
   1.7901252e+06
   1.7902230e+06
   1.7903154e+06
   1.7903874e+06
   1.7904959e+06
   1.7906084e+06
   1.7907263e+06
   1.7908123e+06
   1.7908922e+06
   1.7909784e+06
   1.7910529e+06
   1.7911560e+06
   1.7912706e+06
   1.7913664e+06
   1.7914628e+06
   1.7915372e+06
   1.7916316e+06
   1.7917142e+06
   1.7918179e+06
   1.7919028e+06
   1.7920047e+06
   1.7920905e+06
   1.7921800e+06
   1.7922468e+06
   1.7923304e+06
   1.7924026e+06
   1.7924959e+06
   1.7925681e+06
   1.7926648e+06
   1.7927742e+06
   1.7928622e+06
   1.7929422e+06
   1.7930398e+06
   1.7931390e+06
   1.7932398e+06
   1.7933429e+06
   1.7934318e+06
   1.7934938e+06
   1.7935770e+06
   1.7936547e+06
   1.7937613e+06
   1.7938485e+06
   1.7939359e+06
   1.7941004e+06
   1.7942082e+06
   1.7942874e+06
   1.7943566e+06
   1.7944569e+06
   1.7945339e+06
   1.7946287e+06
   1.7947171e+06
   1.7948335e+06
   1.7949006e+06
   1.7949659e+06
   1.7950532e+06
   1.7951219e+06
   1.7952413e+06
   1.7953124e+06
   1.7953915e+06
   1.7954620e+06
   1.7956063e+06
   1.7956886e+06
   1.7957858e+06
   1.7958874e+06
   1.7959725e+06
   1.7960460e+06
   1.7961171e+06
   1.7961995e+06
   1.7963163e+06
   1.7963856e+06
   1.7964538e+06
   1.7965785e+06
   1.7966675e+06
   1.7967435e+06
   1.7968189e+06
   1.7969070e+06
   1.7969775e+06
   1.7970629e+06
   1.7971393e+06
   1.7972263e+06
   1.7973428e+06
   1.7974624e+06
   1.7975441e+06
   1.7976267e+06
   1.7977328e+06
   1.7978275e+06
   1.7979184e+06
   1.7979902e+06
   1.7980821e+06
   1.7981632e+06
   1.7982361e+06
   1.7983089e+06
   1.7984022e+06
   1.7985386e+06
   1.7986581e+06
   1.7987277e+06
   1.7988025e+06
   1.7989060e+06
   1.7989884e+06
   1.7990744e+06
   1.7991470e+06
   1.7992374e+06
   1.7993209e+06
   1.7993993e+06
   1.7995387e+06
   1.7996303e+06
   1.7997137e+06
   1.7998362e+06
   1.7999327e+06
   1.8002982e+06
   1.8014563e+06
   1.8019796e+06
   1.8022565e+06
   1.8027962e+06
   1.8030856e+06
   1.8038390e+06
   1.8048084e+06
   1.8075669e+06
   1.8079172e+06
   1.8087422e+06
   1.8104932e+06
   1.8108691e+06
   1.8112613e+06
   1.8200051e+06
   1.8202589e+06
   1.8208286e+06
   1.8211859e+06
   1.8213918e+06
   1.8217127e+06
   1.8220179e+06
   1.8222386e+06
   1.8225218e+06
   1.8228222e+06
   1.8246031e+06
   1.8247753e+06
   1.8261122e+06
   1.8281736e+06
   1.8288826e+06
   1.8318660e+06
   1.8359508e+06
   1.8368775e+06
   1.8370191e+06
   1.8372444e+06
   1.8376109e+06
   1.8378730e+06
   1.8400697e+06
   1.8401529e+06
   1.8402172e+06
   1.8402755e+06
   1.8403402e+06
   1.8403992e+06
   1.8404643e+06
   1.8405669e+06
   1.8406593e+06
   1.8407473e+06
   1.8408083e+06
   1.8408700e+06
   1.8409503e+06
   1.8410269e+06
   1.8410989e+06
   1.8411737e+06
   1.8412549e+06
   1.8413228e+06
   1.8414337e+06
   1.8415082e+06
   1.8415660e+06
   1.8416632e+06
   1.8417389e+06
   1.8418127e+06
   1.8418804e+06
   1.8419412e+06
   1.8420236e+06
   1.8420945e+06
   1.8421748e+06
   1.8422361e+06
   1.8423097e+06
   1.8424115e+06
   1.8424758e+06
   1.8425497e+06
   1.8426145e+06
   1.8427102e+06
   1.8427746e+06
   1.8428407e+06
   1.8429162e+06
   1.8429797e+06
   1.8430468e+06
   1.8431334e+06
   1.8432152e+06
   1.8432925e+06
   1.8433595e+06
   1.8434378e+06
   1.8435195e+06
   1.8435891e+06
   1.8436695e+06
   1.8437569e+06
   1.8438442e+06
   1.8439043e+06
   1.8439766e+06
   1.8440530e+06
   1.8441230e+06
   1.8441925e+06
   1.8442610e+06
   1.8443291e+06
   1.8444122e+06
   1.8444914e+06
   1.8445597e+06
   1.8446262e+06
   1.8447038e+06
   1.8448010e+06
   1.8448692e+06
   1.8449597e+06
   1.8450447e+06
   1.8451005e+06
   1.8451645e+06
   1.8452220e+06
   1.8452991e+06
   1.8453819e+06
   1.8454451e+06
   1.8455138e+06
   1.8455757e+06
   1.8456444e+06
   1.8457217e+06
   1.8457939e+06
   1.8458990e+06
   1.8459644e+06
   1.8460397e+06
   1.8461069e+06
   1.8461880e+06
   1.8462745e+06
   1.8463848e+06
   1.8464519e+06
   1.8465362e+06
   1.8466259e+06
   1.8467009e+06
   1.8467667e+06
   1.8468362e+06
   1.8469140e+06
   1.8469809e+06
   1.8471703e+06
   1.8472538e+06
   1.8473373e+06
   1.8474087e+06
   1.8474885e+06
   1.8475516e+06
   1.8476639e+06
   1.8477478e+06
   1.8478151e+06
   1.8478974e+06
   1.8479833e+06
   1.8480461e+06
   1.8481059e+06
   1.8482118e+06
   1.8482707e+06
   1.8483389e+06
   1.8484059e+06
   1.8485030e+06
   1.8485750e+06
   1.8486437e+06
   1.8487196e+06
   1.8487969e+06
   1.8488680e+06
   1.8489378e+06
   1.8490231e+06
   1.8490793e+06
   1.8491500e+06
   1.8492143e+06
   1.8492687e+06
   1.8493334e+06
   1.8494116e+06
   1.8495085e+06
   1.8495879e+06
   1.8496757e+06
   1.8497559e+06
   1.8498484e+06
   1.8499336e+06
   1.8500198e+06
   1.8500955e+06
   1.8501894e+06
   1.8502872e+06
   1.8503605e+06
   1.8504397e+06
   1.8505202e+06
   1.8505829e+06
   1.8506565e+06
   1.8507320e+06
   1.8507970e+06
   1.8508737e+06
   1.8509301e+06
   1.8510069e+06
   1.8510852e+06
   1.8511699e+06
   1.8512562e+06
   1.8513339e+06
   1.8514092e+06
   1.8514719e+06
   1.8515423e+06
   1.8516164e+06
   1.8516817e+06
   1.8517841e+06
   1.8518944e+06
   1.8519941e+06
   1.8520622e+06
   1.8521492e+06
   1.8522334e+06
   1.8523072e+06
   1.8523933e+06
   1.8524549e+06
   1.8525357e+06
   1.8526021e+06
   1.8526856e+06
   1.8527703e+06
   1.8528987e+06
   1.8529785e+06
   1.8530900e+06
   1.8531786e+06
   1.8532717e+06
   1.8533412e+06
   1.8534162e+06
   1.8534959e+06
   1.8535660e+06
   1.8536444e+06
   1.8537246e+06
   1.8538091e+06
   1.8538975e+06
   1.8539756e+06
   1.8541382e+06
   1.8542580e+06
   1.8543357e+06
   1.8543977e+06
   1.8544913e+06
   1.8545812e+06
   1.8546479e+06
   1.8547130e+06
   1.8547829e+06
   1.8548495e+06
   1.8549205e+06
   1.8549849e+06
   1.8550831e+06
   1.8551754e+06
   1.8552520e+06
   1.8553105e+06
   1.8553893e+06
   1.8554937e+06
   1.8555771e+06
   1.8556876e+06
   1.8557699e+06
   1.8558558e+06
   1.8559626e+06
   1.8560321e+06
   1.8561179e+06
   1.8562048e+06
   1.8562853e+06
   1.8563587e+06
   1.8564193e+06
   1.8564985e+06
   1.8565815e+06
   1.8566801e+06
   1.8567490e+06
   1.8568161e+06
   1.8568949e+06
   1.8569613e+06
   1.8570318e+06
   1.8571079e+06
   1.8571817e+06
   1.8572649e+06
   1.8573603e+06
   1.8574421e+06
   1.8575759e+06
   1.8576673e+06
   1.8577294e+06
   1.8578377e+06
   1.8579006e+06
   1.8579916e+06
   1.8580706e+06
   1.8581615e+06
   1.8582295e+06
   1.8583192e+06
   1.8583867e+06
   1.8584798e+06
   1.8586206e+06
   1.8587072e+06
   1.8587749e+06
   1.8588544e+06
   1.8589305e+06
   1.8590113e+06
   1.8591195e+06
   1.8592243e+06
   1.8593061e+06
   1.8593876e+06
   1.8594601e+06
   1.8595253e+06
   1.8596062e+06
   1.8596825e+06
   1.8597523e+06
   1.8598426e+06
   1.8599149e+06
   1.8599794e+06
   1.8602725e+06
   1.8607701e+06
   1.8627704e+06
   1.8630709e+06
   1.8636985e+06
   1.8639616e+06
   1.8643061e+06
   1.8645654e+06
   1.8649095e+06
   1.8656034e+06
   1.8658909e+06
   1.8663172e+06
   1.8667357e+06
   1.8669600e+06
   1.8680240e+06
   1.8682175e+06
   1.8684368e+06
   1.8695383e+06
   1.8706073e+06
   1.8710548e+06
   1.8713727e+06
   1.8718948e+06
   1.8763227e+06
   1.8765641e+06
   1.8768262e+06
   1.8772079e+06
   1.8775981e+06
   1.8802464e+06
   1.8808047e+06
   1.8815747e+06
   1.8818829e+06
   1.8820676e+06
   1.8822641e+06
   1.8865496e+06
   1.8876481e+06
   1.8879130e+06
   1.8882245e+06
   1.8887110e+06
   1.8894925e+06
   1.8900084e+06
   1.8902849e+06
   1.8914602e+06
   1.8918592e+06
   1.8925619e+06
   1.8931536e+06
   1.8934475e+06
   1.8936777e+06
   1.8939828e+06
   1.8944987e+06
   1.8947391e+06
   1.8949832e+06
   1.8965854e+06
   1.8969243e+06
   1.8980304e+06
   1.8983229e+06
   1.8986010e+06
   1.8998142e+06
   1.9000760e+06
   1.9001281e+06
   1.9002118e+06
   1.9002794e+06
   1.9003456e+06
   1.9004137e+06
   1.9004789e+06
   1.9005428e+06
   1.9006251e+06
   1.9006913e+06
   1.9007567e+06
   1.9008278e+06
   1.9008841e+06
   1.9010124e+06
   1.9010652e+06
   1.9011626e+06
   1.9012414e+06
   1.9013192e+06
   1.9013932e+06
   1.9014607e+06
   1.9015235e+06
   1.9016083e+06
   1.9016681e+06
   1.9017323e+06
   1.9017869e+06
   1.9018469e+06
   1.9019182e+06
   1.9019808e+06
   1.9020406e+06
   1.9020953e+06
   1.9021612e+06
   1.9022274e+06
   1.9022990e+06
   1.9023650e+06
   1.9024334e+06
   1.9025079e+06
   1.9025780e+06
   1.9026462e+06
   1.9027180e+06
   1.9027694e+06
   1.9028512e+06
   1.9029212e+06
   1.9030104e+06
   1.9030601e+06
   1.9031368e+06
   1.9031939e+06
   1.9032505e+06
   1.9033235e+06
   1.9033857e+06
   1.9034489e+06
   1.9035409e+06
   1.9035968e+06
   1.9036808e+06
   1.9037474e+06
   1.9038197e+06
   1.9039083e+06
   1.9039824e+06
   1.9040500e+06
   1.9041068e+06
   1.9041590e+06
   1.9042373e+06
   1.9043018e+06
   1.9043574e+06
   1.9044265e+06
   1.9044925e+06
   1.9045667e+06
   1.9046465e+06
   1.9047274e+06
   1.9047836e+06
   1.9048677e+06
   1.9049251e+06
   1.9049911e+06
   1.9050557e+06
   1.9051540e+06
   1.9052300e+06
   1.9053017e+06
   1.9053689e+06
   1.9054276e+06
   1.9054952e+06
   1.9055668e+06
   1.9056335e+06
   1.9056990e+06
   1.9057630e+06
   1.9058278e+06
   1.9058905e+06
   1.9059528e+06
   1.9060213e+06
   1.9061046e+06
   1.9061790e+06
   1.9062717e+06
   1.9063316e+06
   1.9063864e+06
   1.9064610e+06
   1.9065328e+06
   1.9066100e+06
   1.9066883e+06
   1.9067646e+06
   1.9068434e+06
   1.9069322e+06
   1.9069875e+06
   1.9071711e+06
   1.9072392e+06
   1.9073019e+06
   1.9073709e+06
   1.9074531e+06
   1.9075347e+06
   1.9075985e+06
   1.9076775e+06
   1.9077571e+06
   1.9078309e+06
   1.9079042e+06
   1.9079905e+06
   1.9080674e+06
   1.9081246e+06
   1.9081826e+06
   1.9082621e+06
   1.9083340e+06
   1.9084277e+06
   1.9085012e+06
   1.9085737e+06
   1.9086385e+06
   1.9087019e+06
   1.9087823e+06
   1.9088970e+06
   1.9089775e+06
   1.9090425e+06
   1.9091166e+06
   1.9091820e+06
   1.9092544e+06
   1.9093163e+06
   1.9093888e+06
   1.9094559e+06
   1.9095371e+06
   1.9096017e+06
   1.9096687e+06
   1.9097823e+06
   1.9098544e+06
   1.9099672e+06
   1.9100380e+06
   1.9100996e+06
   1.9101803e+06
   1.9102618e+06
   1.9103233e+06
   1.9103848e+06
   1.9104525e+06
   1.9105315e+06
   1.9106334e+06
   1.9106995e+06
   1.9107660e+06
   1.9108477e+06
   1.9109126e+06
   1.9110004e+06
   1.9111241e+06
   1.9112152e+06
   1.9112799e+06
   1.9113448e+06
   1.9114032e+06
   1.9114829e+06
   1.9115695e+06
   1.9116714e+06
   1.9117407e+06
   1.9118345e+06
   1.9119203e+06
   1.9119873e+06
   1.9120727e+06
   1.9121556e+06
   1.9122405e+06
   1.9123301e+06
   1.9124121e+06
   1.9124790e+06
   1.9125556e+06
   1.9126263e+06
   1.9127175e+06
   1.9127852e+06
   1.9128496e+06
   1.9129009e+06
   1.9129510e+06
   1.9130267e+06
   1.9130950e+06
   1.9131619e+06
   1.9132561e+06
   1.9133283e+06
   1.9134051e+06
   1.9134743e+06
   1.9135517e+06
   1.9136426e+06
   1.9137208e+06
   1.9137787e+06
   1.9138447e+06
   1.9139168e+06
   1.9139787e+06
   1.9141172e+06
   1.9141990e+06
   1.9143031e+06
   1.9143748e+06
   1.9144712e+06
   1.9145548e+06
   1.9146175e+06
   1.9146931e+06
   1.9147785e+06
   1.9148518e+06
   1.9149381e+06
   1.9150265e+06
   1.9150994e+06
   1.9151664e+06
   1.9152374e+06
   1.9152987e+06
   1.9153717e+06
   1.9154412e+06
   1.9155144e+06
   1.9155768e+06
   1.9156859e+06
   1.9157776e+06
   1.9158457e+06
   1.9159380e+06
   1.9160285e+06
   1.9161116e+06
   1.9162071e+06
   1.9162903e+06
   1.9163653e+06
   1.9164294e+06
   1.9164932e+06
   1.9165713e+06
   1.9166466e+06
   1.9167282e+06
   1.9168074e+06
   1.9168913e+06
   1.9169546e+06
   1.9170585e+06
   1.9171360e+06
   1.9172274e+06
   1.9172926e+06
   1.9173987e+06
   1.9174864e+06
   1.9175572e+06
   1.9176329e+06
   1.9177169e+06
   1.9177947e+06
   1.9178660e+06
   1.9179371e+06
   1.9180074e+06
   1.9180845e+06
   1.9181912e+06
   1.9182950e+06
   1.9183910e+06
   1.9184701e+06
   1.9185480e+06
   1.9186166e+06
   1.9187264e+06
   1.9188151e+06
   1.9188909e+06
   1.9189564e+06
   1.9190289e+06
   1.9191025e+06
   1.9191711e+06
   1.9192467e+06
   1.9193135e+06
   1.9193975e+06
   1.9194749e+06
   1.9195348e+06
   1.9196076e+06
   1.9196850e+06
   1.9197621e+06
   1.9198396e+06
   1.9199121e+06
