   8.4279872e+02
   1.9101604e+03
   4.2584283e+03
   4.6422789e+03
   5.0835642e+03
   5.4286389e+03
   6.8593539e+03
   1.5841820e+04
   1.6360000e+04
   1.6593737e+04
   1.6929729e+04
   1.7232361e+04
   1.8081627e+04
   1.8565507e+04
   2.0116252e+04
   2.0553870e+04
   2.0799098e+04
   2.1146928e+04
   2.1730392e+04
   2.3253808e+04
   2.4240884e+04
   2.4607660e+04
   2.5194479e+04
   2.5690796e+04
   2.6435773e+04
   2.6756183e+04
   2.8935370e+04
   2.9394522e+04
   2.9854369e+04
   3.1100711e+04
   3.1405899e+04
   3.2314832e+04
   3.2653272e+04
   3.3033116e+04
   3.3808434e+04
   3.4015171e+04
   3.4388708e+04
   3.4736468e+04
   3.5771983e+04
   3.6440332e+04
   3.7107080e+04
   3.9000518e+04
   3.9546101e+04
   4.0167452e+04
   4.0457182e+04
   4.0647402e+04
   4.0861651e+04
   4.1035334e+04
   4.1291697e+04
   4.1669781e+04
   4.1850354e+04
   4.2194596e+04
   4.2433408e+04
   4.2742766e+04
   4.3006904e+04
   4.3250756e+04
   4.3468384e+04
   4.3643714e+04
   4.3960554e+04
   4.4289426e+04
   4.4549242e+04
   4.4767631e+04
   4.5068655e+04
   4.5072751e+04
   4.5724894e+04
   4.6002636e+04
   4.6296914e+04
   4.6564504e+04
   4.6978209e+04
   4.7678835e+04
   4.7924730e+04
   4.8191606e+04
   4.8474351e+04
   4.8649190e+04
   4.8967739e+04
   4.9328058e+04
   4.9531742e+04
   4.9827909e+04
   5.0009172e+04
   5.0414827e+04
   5.0705196e+04
   5.0970042e+04
   5.1274809e+04
   5.1486806e+04
   5.1746269e+04
   5.1877735e+04
   5.1993639e+04
   5.2300653e+04
   5.2490265e+04
   5.2738647e+04
   5.2923682e+04
   5.3066541e+04
   5.3301198e+04
   5.3504843e+04
   5.3730119e+04
   5.3951375e+04
   5.4345176e+04
   5.4506092e+04
   5.4647184e+04
   5.4884657e+04
   5.5011044e+04
   5.5195013e+04
   5.5407497e+04
   5.5636153e+04
   5.5765034e+04
   5.6013365e+04
   5.6215282e+04
   5.6391915e+04
   5.6591165e+04
   5.6700456e+04
   5.7067860e+04
   5.7289087e+04
   5.7512056e+04
   5.7735123e+04
   5.7940545e+04
   5.8166152e+04
   5.8319984e+04
   5.8486167e+04
   5.8656320e+04
   5.8797308e+04
   5.8924094e+04
   5.9056993e+04
   5.9178441e+04
   5.9463442e+04
   5.9643383e+04
   5.9834917e+04
   6.0470261e+04
   6.1705080e+04
   6.2332725e+04
   6.2757730e+04
   6.3184916e+04
   6.3474355e+04
   6.3842387e+04
   6.5716243e+04
   9.5163956e+04
   9.5601857e+04
   9.6479806e+04
   9.7053946e+04
   1.0017281e+05
   1.0030233e+05
   1.0045157e+05
   1.0061629e+05
   1.0075878e+05
   1.0087041e+05
   1.0101668e+05
   1.0111768e+05
   1.0128097e+05
   1.0141289e+05
   1.0156270e+05
   1.0172404e+05
   1.0185078e+05
   1.0196197e+05
   1.0211762e+05
   1.0226145e+05
   1.0239425e+05
   1.0250468e+05
   1.0266738e+05
   1.0278924e+05
   1.0289508e+05
   1.0305707e+05
   1.0320036e+05
   1.0334051e+05
   1.0349429e+05
   1.0367007e+05
   1.0376827e+05
   1.0389973e+05
   1.0405181e+05
   1.0422756e+05
   1.0439500e+05
   1.0452963e+05
   1.0469867e+05
   1.0482497e+05
   1.0495264e+05
   1.0511835e+05
   1.0521031e+05
   1.0533369e+05
   1.0545638e+05
   1.0558388e+05
   1.0572556e+05
   1.0589109e+05
   1.0602462e+05
   1.0618883e+05
   1.0633945e+05
   1.0646579e+05
   1.0659844e+05
   1.0669986e+05
   1.0681962e+05
   1.0699094e+05
   1.0726241e+05
   1.0760789e+05
   1.0776227e+05
   1.0793218e+05
   1.0812770e+05
   1.0835827e+05
   1.0859918e+05
   1.0888458e+05
   1.0903741e+05
   1.0930053e+05
   1.0951007e+05
   1.0970460e+05
   1.0990082e+05
   1.1005048e+05
   1.1026880e+05
   1.1061958e+05
   1.1080319e+05
   1.1094812e+05
   1.1110875e+05
   1.1128542e+05
   1.1141849e+05
   1.1164951e+05
   1.1206436e+05
   1.1226956e+05
   1.1245297e+05
   1.1348190e+05
   1.1385639e+05
   1.1464308e+05
   1.1485332e+05
   1.1507089e+05
   1.1595377e+05
   1.1615663e+05
   1.1660719e+05
   1.1684344e+05
   1.1742604e+05
   1.1794264e+05
   1.1811702e+05
   1.1842115e+05
   1.1863987e+05
   1.1896877e+05
   1.1926956e+05
   1.1952909e+05
   1.1981152e+05
   1.2044718e+05
   1.2080008e+05
   1.2114797e+05
   1.2367057e+05
   1.2399916e+05
   1.2486518e+05
   1.2521840e+05
   1.2567938e+05
   1.2596980e+05
   1.2623869e+05
   1.2765556e+05
   1.3428499e+05
   1.3461159e+05
   1.3537170e+05
   1.3614787e+05
   1.3668923e+05
   1.3710589e+05
   1.3738839e+05
   1.3795102e+05
   1.3904171e+05
   1.3942653e+05
   1.3983761e+05
   1.4105513e+05
   1.4137736e+05
   1.4186466e+05
   1.4226592e+05
   1.4265534e+05
   1.4515320e+05
   1.4536254e+05
   1.4601514e+05
   1.4690043e+05
   1.4731658e+05
   1.4771390e+05
   1.4791150e+05
   1.4821923e+05
   1.4877610e+05
   1.4897717e+05
   1.4963103e+05
   1.5069863e+05
   1.5146986e+05
   1.5324271e+05
   1.5420483e+05
   1.5508995e+05
   1.5527166e+05
   1.5558237e+05
   1.6019064e+05
   1.6040293e+05
   1.6064663e+05
   1.6083117e+05
   1.6105310e+05
   1.6124108e+05
   1.6143176e+05
   1.6175607e+05
   1.6196140e+05
   1.6217622e+05
   1.6257048e+05
   1.6305952e+05
   1.6320520e+05
   1.6341737e+05
   1.6362324e+05
   1.6377712e+05
   1.6400920e+05
   1.6422861e+05
   1.6441438e+05
   1.6475035e+05
   1.6491726e+05
   1.6509176e+05
   1.6534407e+05
   1.6555298e+05
   1.6574381e+05
   1.6591348e+05
   1.6606609e+05
   1.6629336e+05
   1.6646172e+05
   1.6664965e+05
   1.6687884e+05
   1.6734995e+05
   1.6773170e+05
   1.6837123e+05
   1.6878771e+05
   1.6999243e+05
   1.7046960e+05
   1.7067210e+05
   1.7113910e+05
   1.7164116e+05
   1.7186385e+05
   1.7204387e+05
   1.7284469e+05
   1.7338302e+05
   1.7365403e+05
   1.7435111e+05
   1.7451640e+05
   1.7466415e+05
   1.7489476e+05
   1.7521327e+05
   1.7544023e+05
   1.7561773e+05
   1.7577643e+05
   1.7604659e+05
   1.7625457e+05
   1.7652192e+05
   1.7673887e+05
   1.7703219e+05
   1.7721746e+05
   1.7735730e+05
   1.7747773e+05
   1.7762234e+05
   1.7802877e+05
   1.7820180e+05
   1.7835652e+05
   1.7854786e+05
   1.7892471e+05
   1.7912012e+05
   1.7938921e+05
   1.7952788e+05
   1.7973799e+05
   1.7987984e+05
   1.8043408e+05
   1.8116333e+05
   1.8158225e+05
   1.8212626e+05
   1.8255595e+05
   1.8294284e+05
   1.8599647e+05
   1.8631018e+05
   1.8669624e+05
   1.8727154e+05
   1.8774960e+05
   1.8830460e+05
   1.8853069e+05
   1.8882689e+05
   1.8912630e+05
   1.8944268e+05
   1.9002730e+05
   1.9034780e+05
   1.9417179e+05
   1.9442466e+05
   1.9477273e+05
   1.9506571e+05
   1.9554241e+05
   1.9586667e+05
   1.9607215e+05
   1.9664301e+05
   1.9692971e+05
   1.9752977e+05
   1.9853298e+05
   1.9907446e+05
   1.9988374e+05
   2.0416212e+05
   2.0478655e+05
   2.0547140e+05
   2.0599584e+05
   2.0655847e+05
   2.0681454e+05
   2.0717244e+05
   2.0775698e+05
   2.0969054e+05
   2.1034173e+05
   2.1067151e+05
   2.1146092e+05
   2.1189115e+05
   2.1236142e+05
   2.1273156e+05
   2.1320247e+05
   2.1414593e+05
   2.1490250e+05
   2.1515568e+05
   2.1572927e+05
   2.1602812e+05
   2.1820500e+05
   2.1880485e+05
   2.1928746e+05
   2.1966410e+05
   2.1995193e+05
   2.2016290e+05
   2.2031361e+05
   2.2052726e+05
   2.2073198e+05
   2.2090775e+05
   2.2114926e+05
   2.2144173e+05
   2.2167790e+05
   2.2187943e+05
   2.2203268e+05
   2.2221566e+05
   2.2244120e+05
   2.2268198e+05
   2.2284595e+05
   2.2300817e+05
   2.2319332e+05
   2.2344784e+05
   2.2377587e+05
   2.2393722e+05
   2.2422666e+05
   2.2438614e+05
   2.2455745e+05
   2.2469968e+05
   2.2493642e+05
   2.2510419e+05
   2.2529716e+05
   2.2554739e+05
   2.2587966e+05
   2.2602077e+05
   2.2623364e+05
   2.2642875e+05
   2.2657878e+05
   2.2682898e+05
   2.2696344e+05
   2.2737930e+05
   2.2754718e+05
   2.2779743e+05
   2.2793195e+05
   2.2812420e+05
   2.2833961e+05
   2.2858425e+05
   2.2883457e+05
   2.2899602e+05
   2.2921364e+05
   2.2937718e+05
   2.2967305e+05
   2.2991970e+05
   2.3010255e+05
   2.3030320e+05
   2.3076853e+05
   2.3091620e+05
   2.3110507e+05
   2.3125132e+05
   2.3151870e+05
   2.3200330e+05
   2.3217499e+05
   2.3235511e+05
   2.3251863e+05
   2.3269726e+05
   2.3291949e+05
   2.3320167e+05
   2.3346998e+05
   2.3369576e+05
   2.3390812e+05
   2.3442107e+05
   2.3462493e+05
   2.3475642e+05
   2.3497367e+05
   2.3521607e+05
   2.3551031e+05
   2.3570516e+05
   2.3613333e+05
   2.3654829e+05
   2.3677460e+05
   2.3697401e+05
   2.3714134e+05
   2.3740232e+05
   2.3765017e+05
   2.3783617e+05
   2.3813636e+05
   2.3834782e+05
   2.3868815e+05
   2.3894368e+05
   2.3919542e+05
   2.3945709e+05
   2.3987406e+05
   2.4069090e+05
   2.4341966e+05
   2.4401539e+05
   2.4450234e+05
   2.4481540e+05
   2.4535273e+05
   2.4562946e+05
   2.4593182e+05
   2.4679896e+05
   2.4721139e+05
   2.4792141e+05
   2.4883771e+05
   2.4916343e+05
   2.4963841e+05
   2.5021953e+05
   2.5047985e+05
   2.5098711e+05
   2.5137652e+05
   2.5171334e+05
   2.5239386e+05
   2.5293969e+05
   2.5406189e+05
   2.5866893e+05
   2.5919893e+05
   2.5965111e+05
   2.5999906e+05
   2.6078231e+05
   2.6124854e+05
   2.6225093e+05
   2.6403862e+05
   2.6423378e+05
   2.6511958e+05
   2.6567109e+05
   2.6850300e+05
   2.7822418e+05
   2.7930068e+05
   2.8018431e+05
   2.8035808e+05
   2.8056919e+05
   2.8076503e+05
   2.8100693e+05
   2.8138443e+05
   2.8168488e+05
   2.8188314e+05
   2.8211530e+05
   2.8250677e+05
   2.8268792e+05
   2.8296576e+05
   2.8317884e+05
   2.8360840e+05
   2.8398166e+05
   2.8421855e+05
   2.8440767e+05
   2.8496621e+05
   2.8513388e+05
   2.8530040e+05
   2.8556519e+05
   2.8579462e+05
   2.8621985e+05
   2.8668480e+05
   2.8686391e+05
   2.8735260e+05
   2.8751052e+05
   2.8781476e+05
   2.8808472e+05
   2.8830332e+05
   2.8870693e+05
   2.8886329e+05
   2.8918406e+05
   2.8953533e+05
   2.8992826e+05
   2.9019626e+05
   2.9052976e+05
   2.9113523e+05
   2.9140836e+05
   2.9157867e+05
   2.9182282e+05
   2.9209236e+05
   2.9227073e+05
   2.9254772e+05
   2.9274433e+05
   2.9295937e+05
   2.9333343e+05
   2.9354962e+05
   2.9382277e+05
   2.9431548e+05
   2.9456983e+05
   2.9478511e+05
   2.9510136e+05
   2.9531305e+05
   2.9564866e+05
   2.9584183e+05
   2.9604610e+05
   2.9626206e+05
   2.9643494e+05
   2.9665412e+05
   2.9682352e+05
   2.9707190e+05
   2.9735531e+05
   2.9756536e+05
   2.9789780e+05
   2.9808848e+05
   2.9834407e+05
   2.9860722e+05
   2.9878370e+05
   2.9901530e+05
   2.9919919e+05
   2.9941321e+05
   2.9976352e+05
   3.0017977e+05
   3.0123992e+05
   3.0389076e+05
   3.0491376e+05
   3.0604784e+05
   3.0653584e+05
   3.0671783e+05
   3.0711764e+05
   3.0802748e+05
   3.0832841e+05
   3.1294304e+05
   3.1350015e+05
   3.1403635e+05
   3.1428730e+05
   3.1493798e+05
   3.4023695e+05
   3.4043627e+05
   3.4061622e+05
   3.4095184e+05
   3.4111797e+05
   3.4134200e+05
   3.4153385e+05
   3.4168352e+05
   3.4187295e+05
   3.4219050e+05
   3.4249468e+05
   3.4273473e+05
   3.4293962e+05
   3.4316671e+05
   3.4329199e+05
   3.4347515e+05
   3.4391304e+05
   3.4408948e+05
   3.4435614e+05
   3.4450433e+05
   3.4471565e+05
   3.4499457e+05
   3.4515587e+05
   3.4539335e+05
   3.4553475e+05
   3.4571441e+05
   3.4593656e+05
   3.4608112e+05
   3.4651084e+05
   3.4681692e+05
   3.4754977e+05
   3.4771612e+05
   3.4788464e+05
   3.4808678e+05
   3.4827711e+05
   3.4842139e+05
   3.4859828e+05
   3.4879827e+05
   3.4895139e+05
   3.4907508e+05
   3.4921677e+05
   3.4938560e+05
   3.4952798e+05
   3.4967967e+05
   3.4980800e+05
   3.4999370e+05
   3.5013242e+05
   3.5026083e+05
   3.5042997e+05
   3.5059272e+05
   3.5074377e+05
   3.5093127e+05
   3.5107699e+05
   3.5118883e+05
   3.5138674e+05
   3.5153025e+05
   3.5171518e+05
   3.5185940e+05
   3.5195983e+05
   3.5219507e+05
   3.5233400e+05
   3.5247652e+05
   3.5263984e+05
   3.5274000e+05
   3.5290100e+05
   3.5305055e+05
   3.5328809e+05
   3.5343019e+05
   3.5357176e+05
   3.5370543e+05
   3.5388475e+05
   3.5432088e+05
   3.5463917e+05
   3.5486204e+05
   3.5546265e+05
   3.5565988e+05
   3.5584463e+05
   3.5620621e+05
   3.5691947e+05
   3.5746560e+05
   3.5805464e+05
   3.5837031e+05
   3.5856754e+05
   3.5887302e+05
   3.5905209e+05
   3.5919447e+05
   3.5948216e+05
   3.5988126e+05
   3.6054191e+05
   3.6241607e+05
   3.6293065e+05
   3.6341053e+05
   3.6361892e+05
   3.6392852e+05
   3.6442148e+05
   3.6483623e+05
   3.6546065e+05
   3.6623978e+05
   3.6653353e+05
   3.6729339e+05
   3.6776409e+05
   3.6840629e+05
   3.6966293e+05
   3.7001248e+05
   3.7048737e+05
   3.7251162e+05
   3.7305502e+05
   3.7330081e+05
   3.7358101e+05
   3.7418121e+05
   3.7474289e+05
   3.7508903e+05
   3.7555656e+05
   3.7574801e+05
   3.7647304e+05
   3.7702182e+05
   3.7758212e+05
   3.7789144e+05
   3.7880762e+05
   3.7908936e+05
   3.8008781e+05
   3.8040227e+05
   3.8121675e+05
   3.8178851e+05
   3.8225654e+05
   3.8271809e+05
   3.8301284e+05
   3.8367890e+05
   3.8424838e+05
   3.8449935e+05
   3.8470103e+05
   3.8521616e+05
   3.8553436e+05
   3.8630350e+05
   3.8666980e+05
   4.0046781e+05
   4.0098719e+05
   4.0128659e+05
   4.0205356e+05
   4.0244214e+05
   4.0399757e+05
   4.0462755e+05
   4.0493812e+05
   4.0555505e+05
   4.0608032e+05
   4.0645636e+05
   4.0719074e+05
   4.0738352e+05
   4.0757409e+05
   4.0769883e+05
   4.0790433e+05
   4.0810777e+05
   4.0836024e+05
   4.0861651e+05
   4.0889608e+05
   4.0920343e+05
   4.0932330e+05
   4.0953897e+05
   4.0970239e+05
   4.0987407e+05
   4.1004041e+05
   4.1052632e+05
   4.1079314e+05
   4.1100635e+05
   4.1116429e+05
   4.1132205e+05
   4.1156722e+05
   4.1167432e+05
   4.1192882e+05
   4.1205761e+05
   4.1228512e+05
   4.1264649e+05
   4.1283836e+05
   4.1296667e+05
   4.1313533e+05
   4.1326691e+05
   4.1342263e+05
   4.1363485e+05
   4.1381925e+05
   4.1399283e+05
   4.1437626e+05
   4.1462129e+05
   4.1491840e+05
   4.1519561e+05
   4.1543154e+05
   4.1560960e+05
   4.1594061e+05
   4.1625764e+05
   4.1656506e+05
   4.1709830e+05
   4.1730575e+05
   4.1750152e+05
   4.1776139e+05
   4.1797260e+05
   4.1830894e+05
   4.1889018e+05
   4.1934178e+05
   4.1959396e+05
   4.1986087e+05
   4.2101977e+05
   4.2177781e+05
   4.2217471e+05
   4.2303552e+05
   4.2341699e+05
   4.2458253e+05
   4.2552248e+05
   4.2612305e+05
   4.2650393e+05
   4.2767863e+05
   4.2792479e+05
   4.2862041e+05
   4.3551469e+05
   4.3609503e+05
   4.3636871e+05
   4.3684283e+05
   4.3811495e+05
   4.3883029e+05
   4.3933275e+05
   4.3979461e+05
   4.4015830e+05
   4.4066212e+05
   4.4126165e+05
   4.4180306e+05
   4.4237464e+05
   4.4268165e+05
   4.4722538e+05
   4.4752308e+05
   4.4813481e+05
   4.4858417e+05
   4.5262933e+05
   4.5350226e+05
   4.5491331e+05
   4.5743613e+05
   4.5795483e+05
   4.5837323e+05
   4.5868190e+05
   4.5924847e+05
   4.6018638e+05
   4.6036191e+05
   4.6055704e+05
   4.6071180e+05
   4.6088961e+05
   4.6110124e+05
   4.6132323e+05
   4.6160817e+05
   4.6174632e+05
   4.6190179e+05
   4.6208250e+05
   4.6224058e+05
   4.6243291e+05
   4.6259971e+05
   4.6272391e+05
   4.6285812e+05
   4.6309261e+05
   4.6323797e+05
   4.6350742e+05
   4.6368904e+05
   4.6380166e+05
   4.6402311e+05
   4.6436669e+05
   4.6458263e+05
   4.6475729e+05
   4.6487804e+05
   4.6512300e+05
   4.6527399e+05
   4.6543859e+05
   4.6566800e+05
   4.6579948e+05
   4.6594985e+05
   4.6614702e+05
   4.6634765e+05
   4.6648664e+05
   4.6662247e+05
   4.6680347e+05
   4.6695736e+05
   4.6833446e+05
   4.6866535e+05
   4.6900524e+05
   4.6918755e+05
   4.6941570e+05
   4.7077867e+05
   4.7334382e+05
   4.7377737e+05
   4.7426016e+05
   4.7444050e+05
   4.7461199e+05
   4.7487269e+05
   4.7542143e+05
   4.7566009e+05
   4.7590174e+05
   4.7619273e+05
   4.7642884e+05
   4.7668198e+05
   4.7690110e+05
   4.7719506e+05
   4.7753703e+05
   4.7827639e+05
   4.7923911e+05
   4.7950110e+05
   4.7966872e+05
   4.7990426e+05
   4.8047701e+05
   4.8085025e+05
   4.8131633e+05
   4.8328487e+05
   4.8414771e+05
   4.8475762e+05
   4.8631352e+05
   4.8668045e+05
   4.8800954e+05
   4.8823778e+05
   4.8875397e+05
   4.8944934e+05
   4.9008555e+05
   4.9101290e+05
   4.9559911e+05
   4.9594253e+05
   4.9621453e+05
   4.9696905e+05
   4.9737304e+05
   4.9786942e+05
   4.9825959e+05
   5.0152320e+05
   5.0177506e+05
   5.0234417e+05
   5.0282501e+05
   5.0367067e+05
   5.0467454e+05
   5.0913193e+05
   5.1150751e+05
   5.1248358e+05
   5.1276049e+05
   5.1305006e+05
   5.1393602e+05
   5.1428225e+05
   5.1565933e+05
   5.1635542e+05
   5.1654472e+05
   5.1676139e+05
   5.1707223e+05
   5.1847496e+05
   5.1879158e+05
   5.1957495e+05
   5.2078192e+05
   5.2116674e+05
   5.2146706e+05
   5.2195588e+05
   5.2236685e+05
   5.2293467e+05
   5.2336215e+05
   5.2384482e+05
   5.2435252e+05
   5.2463095e+05
   5.2518479e+05
   5.2578816e+05
   5.2594602e+05
   5.2615520e+05
   5.2636614e+05
   5.2668661e+05
   5.2695439e+05
   5.3304336e+05
   5.3349028e+05
   5.3377781e+05
   5.3686216e+05
   5.3715727e+05
   5.3747737e+05
   5.3813888e+05
   5.3885614e+05
   5.3948565e+05
   5.4149757e+05
   5.4322617e+05
   5.4507150e+05
   5.4574771e+05
   5.4631455e+05
   5.4648304e+05
   5.4686543e+05
   5.4747917e+05
   5.4817673e+05
   5.4991977e+05
   5.5058330e+05
   5.5097196e+05
   5.5121088e+05
   5.5171593e+05
   5.5206125e+05
   5.5287105e+05
   5.5379716e+05
   5.5546888e+05
   5.5569982e+05
   5.5599076e+05
   5.5708236e+05
   5.5748078e+05
   5.5783494e+05
   5.6361298e+05
   5.7370319e+05
   5.7394281e+05
   5.7455662e+05
   5.7513451e+05
   5.7645465e+05
   5.7746776e+05
   5.7845146e+05
   5.7911369e+05
   5.8031930e+05
   5.8049859e+05
   5.8065773e+05
   5.8081647e+05
   5.8100409e+05
   5.8154833e+05
   5.8189761e+05
   5.8229114e+05
   5.8249462e+05
   5.8267651e+05
   5.8294953e+05
   5.8316384e+05
   5.8359779e+05
   5.8380744e+05
   5.8399554e+05
   5.8434033e+05
   5.8458514e+05
   5.8475182e+05
   5.8512075e+05
   5.8536732e+05
   5.8558872e+05
   5.8588296e+05
   5.8655448e+05
   5.8677285e+05
   5.8763548e+05
   5.8819311e+05
   5.8903410e+05
   5.8944812e+05
   5.8985965e+05
   5.9050931e+05
   5.9109859e+05
   5.9137240e+05
   5.9164762e+05
   5.9189169e+05
   5.9220743e+05
   5.9266017e+05
   5.9560726e+05
   5.9597301e+05
   5.9615909e+05
   5.9637964e+05
   5.9659298e+05
   5.9675539e+05
   5.9700770e+05
   5.9743912e+05
   5.9757095e+05
   5.9781425e+05
   5.9804637e+05
   5.9827591e+05
   5.9852102e+05
   5.9868841e+05
   5.9882889e+05
   5.9923764e+05
   5.9948350e+05
   5.9978301e+05
   5.9998519e+05
   6.0080618e+05
   6.0133078e+05
   6.0483330e+05
   6.0509920e+05
   6.0550686e+05
   6.0601310e+05
   6.0635112e+05
   6.0678207e+05
   6.1010805e+05
   6.2664835e+05
   6.2695664e+05
   6.2758152e+05
   6.2794898e+05
   6.2827491e+05
   6.2884472e+05
   6.3007265e+05
   6.3109750e+05
   6.5170457e+05
   6.5244730e+05
   6.5339997e+05
   6.5413121e+05
   6.5437741e+05
   6.5502365e+05
   6.5545530e+05
   6.5580635e+05
   6.5645744e+05
   6.5852099e+05
   6.6318912e+05
   6.6369078e+05
   6.6426565e+05
   6.6518250e+05
   6.6573137e+05
   6.6654160e+05
   6.7385307e+05
   6.7522329e+05
   6.7569199e+05
   6.7600349e+05
   6.7655090e+05
   6.7717283e+05
   6.7767800e+05
   6.7844687e+05
   6.9202005e+05
   6.9299749e+05
   6.9342673e+05
   6.9461241e+05
   6.9499588e+05
   6.9543787e+05
   6.9614314e+05
   6.9725720e+05
   6.9773474e+05
   6.9845728e+05
   6.9892481e+05
   6.9927799e+05
   6.9980407e+05
   7.0012919e+05
   7.0040951e+05
   7.0094903e+05
   7.0545171e+05
   7.0597243e+05
   7.0635020e+05
   7.0687235e+05
   7.0745471e+05
   7.0792710e+05
   7.0825001e+05
   7.0860275e+05
   7.1134062e+05
   7.1206220e+05
   7.1244051e+05
   7.1289295e+05
   7.1314411e+05
   7.1501078e+05
   7.1536643e+05
   7.1566346e+05
   7.1619673e+05
   7.1673471e+05
   7.1701096e+05
   7.1873699e+05
   7.1926065e+05
   7.2005164e+05
   7.2021043e+05
   7.2047855e+05
   7.2085118e+05
   7.2111446e+05
   7.2142466e+05
   7.2159795e+05
   7.2180091e+05
   7.2240174e+05
   7.2278630e+05
   7.2303016e+05
   7.2334358e+05
   7.2398816e+05
   7.2420568e+05
   7.2471047e+05
   7.2543720e+05
   7.3045977e+05
   7.3121655e+05
   7.3135380e+05
   7.3157809e+05
   7.3196586e+05
   7.3220610e+05
   7.3266396e+05
   7.3322587e+05
   7.3385108e+05
   7.3528622e+05
   7.3592334e+05
   7.3616455e+05
   7.3930925e+05
   7.3955117e+05
   7.3973748e+05
   7.6063381e+05
   7.6104671e+05
   7.6133543e+05
   7.6151681e+05
   7.6169546e+05
   7.6192076e+05
   7.6210857e+05
   7.6229848e+05
   7.6250016e+05
   7.6285135e+05
   7.6314712e+05
   7.6349491e+05
   7.6375308e+05
   7.6397369e+05
   7.6648689e+05
   7.6676990e+05
   7.6693678e+05
   7.6751362e+05
   7.6793418e+05
   7.6832618e+05
   7.6886191e+05
   7.6923062e+05
   7.6958816e+05
   7.6984119e+05
   7.7018137e+05
   7.7056108e+05
   7.7086010e+05
   7.7105102e+05
   7.7142852e+05
   7.7213106e+05
   7.7231462e+05
   7.7256203e+05
   7.7285930e+05
   7.7476436e+05
   7.7506791e+05
   7.7519003e+05
   7.7672254e+05
   7.7688033e+05
   7.7710893e+05
   7.7740310e+05
   7.7781844e+05
   7.7799084e+05
   7.7844253e+05
   7.7869899e+05
   7.7881115e+05
   7.7898561e+05
   7.7926878e+05
   7.7953946e+05
   7.8076170e+05
   7.8226614e+05
   7.8264728e+05
   7.8279609e+05
   7.8324133e+05
   7.8464498e+05
   7.8614576e+05
   7.8698904e+05
   7.8892697e+05
   7.9181985e+05
   7.9254197e+05
   7.9282174e+05
   7.9304504e+05
   7.9339843e+05
   7.9383049e+05
   7.9508078e+05
   7.9566033e+05
   7.9608240e+05
   7.9720713e+05
   7.9846881e+05
   7.9893070e+05
   7.9978748e+05
   8.0206590e+05
   8.0287785e+05
   8.0312337e+05
   8.0341171e+05
   8.0391229e+05
   8.0525371e+05
   8.0596094e+05
   8.0619292e+05
   8.0694210e+05
   8.0726911e+05
   8.0750795e+05
   8.0941768e+05
   8.0992898e+05
   8.1017801e+05
   8.1046759e+05
   8.1297395e+05
   8.1443010e+05
   8.1473010e+05
   8.1499879e+05
   8.1534851e+05
   8.1576180e+05
   8.1611012e+05
   8.1653009e+05
   8.1675087e+05
   8.1704367e+05
   8.1754899e+05
   8.1831845e+05
   8.1899013e+05
   8.1976890e+05
   8.2016195e+05
   8.2030092e+05
   8.2047536e+05
   8.2107147e+05
   8.2127240e+05
   8.2139519e+05
   8.2154295e+05
   8.2179786e+05
   8.2210812e+05
   8.2231619e+05
   8.2266435e+05
   8.2281786e+05
   8.2292053e+05
   8.2310635e+05
   8.2328062e+05
   8.2346864e+05
   8.2362149e+05
   8.2409601e+05
   8.2423430e+05
   8.2439618e+05
   8.2466381e+05
   8.2482329e+05
   8.2503612e+05
   8.2519376e+05
   8.2534087e+05
   8.2551320e+05
   8.2568720e+05
   8.2586087e+05
   8.2601140e+05
   8.2613579e+05
   8.2639024e+05
   8.2657015e+05
   8.2675951e+05
   8.2697505e+05
   8.2729448e+05
   8.2745725e+05
   8.2758016e+05
   8.2770420e+05
   8.2788561e+05
   8.2807749e+05
   8.2840134e+05
   8.2862419e+05
   8.2886286e+05
   8.2904141e+05
   8.2978219e+05
   8.3033427e+05
   8.3049464e+05
   8.3075528e+05
   8.3088543e+05
   8.3105574e+05
   8.3114670e+05
   8.3140496e+05
   8.3163580e+05
   8.3179235e+05
   8.3220503e+05
   8.3235891e+05
   8.3258744e+05
   8.3283429e+05
   8.3294326e+05
   8.3311298e+05
   8.3331844e+05
   8.3345507e+05
   8.3370440e+05
   8.3420161e+05
   8.3441938e+05
   8.3490737e+05
   8.3507246e+05
   8.3523403e+05
   8.3540696e+05
   8.3558078e+05
   8.3584849e+05
   8.3596339e+05
   8.3609203e+05
   8.3655813e+05
   8.3705281e+05
   8.3725209e+05
   8.3750032e+05
   8.3778357e+05
   8.3791087e+05
   8.3808671e+05
   8.3836970e+05
   8.3850100e+05
   8.4388508e+05
   8.4451879e+05
   8.4480475e+05
   8.4501844e+05
   8.4623688e+05
   8.4661199e+05
   8.4739310e+05
   8.5160171e+05
   8.5191894e+05
   8.5207023e+05
   8.5252473e+05
   8.5304521e+05
   8.5334824e+05
   8.5370911e+05
   8.6059073e+05
   8.6095987e+05
   8.6140517e+05
   8.6710701e+05
   8.6736852e+05
   8.6769840e+05
   8.6817604e+05
   8.6866280e+05
   8.7057274e+05
   8.7192051e+05
   8.7219615e+05
   8.7287005e+05
   8.7360521e+05
   8.7427296e+05
   8.7490633e+05
   8.7662065e+05
   8.7725934e+05
   8.7753260e+05
   8.7776584e+05
   8.7805348e+05
   8.8045716e+05
   8.8059585e+05
   8.8075944e+05
   8.8091348e+05
   8.8127043e+05
   8.8154860e+05
   8.8185655e+05
   8.8198313e+05
   8.8212116e+05
   8.8244133e+05
   8.8273788e+05
   8.8284639e+05
   8.8296052e+05
   8.8361074e+05
   8.8375642e+05
   8.8395498e+05
   8.8411579e+05
   8.8426832e+05
   8.8438035e+05
   8.8517067e+05
   8.8531592e+05
   8.8555434e+05
   8.8575125e+05
   8.8612619e+05
   8.8628147e+05
   8.8647203e+05
   8.8666397e+05
   8.8699819e+05
   8.8739133e+05
   8.8761398e+05
   8.8786415e+05
   8.8806291e+05
   8.8824866e+05
   8.8851204e+05
   8.8876079e+05
   8.8889858e+05
   8.8916571e+05
   8.8940336e+05
   8.8967948e+05
   8.8991812e+05
   8.9005847e+05
   8.9027492e+05
   8.9050503e+05
   8.9071226e+05
   8.9097932e+05
   8.9119208e+05
   8.9131930e+05
   8.9148388e+05
   8.9163649e+05
   8.9186256e+05
   8.9207442e+05
   8.9222131e+05
   8.9235496e+05
   8.9331232e+05
   8.9341954e+05
   8.9398326e+05
   8.9439723e+05
   8.9464274e+05
   8.9485430e+05
   8.9500814e+05
   8.9532770e+05
   8.9548994e+05
   8.9566284e+05
   8.9581417e+05
   8.9600099e+05
   8.9638386e+05
   8.9655365e+05
   8.9675402e+05
   8.9697927e+05
   8.9721860e+05
   8.9738673e+05
   8.9758589e+05
   8.9779313e+05
   8.9817834e+05
   8.9827316e+05
   8.9869087e+05
   8.9896870e+05
   8.9917804e+05
   8.9936053e+05
   8.9954663e+05
   8.9965579e+05
   8.9980307e+05
   8.9999996e+05
   9.0046835e+05
   9.0075168e+05
   9.0116895e+05
   9.0144475e+05
   9.0200316e+05
   9.0225676e+05
   9.0245152e+05
   9.0269309e+05
   9.0300227e+05
   9.0357493e+05
   9.0835085e+05
   9.0868651e+05
   9.1295420e+05
   9.1322509e+05
   9.1367430e+05
   9.1477214e+05
   9.1575231e+05
   9.3734076e+05
   9.3760860e+05
   9.3782388e+05
   9.3795763e+05
   9.3857586e+05
   9.3896220e+05
   9.3925732e+05
   9.4011677e+05
   9.4027923e+05
   9.4060327e+05
   9.4079141e+05
   9.4103714e+05
   9.4120552e+05
   9.4134640e+05
   9.4150510e+05
   9.4165088e+05
   9.4177946e+05
   9.4188826e+05
   9.4207210e+05
   9.4262439e+05
   9.4281090e+05
   9.4310681e+05
   9.4326582e+05
   9.4351970e+05
   9.4362408e+05
   9.4375305e+05
   9.4385585e+05
   9.4401888e+05
   9.4418792e+05
   9.4437149e+05
   9.4450095e+05
   9.4473156e+05
   9.4488894e+05
   9.4525108e+05
   9.4540216e+05
   9.4569929e+05
   9.4590110e+05
   9.4602750e+05
   9.4612671e+05
   9.4624203e+05
   9.4641886e+05
   9.4654146e+05
   9.4664477e+05
   9.4675432e+05
   9.4692068e+05
   9.4726086e+05
   9.4751438e+05
   9.4761359e+05
   9.4784223e+05
   9.4815297e+05
   9.4828392e+05
   9.4853760e+05
   9.4867247e+05
   9.4884292e+05
   9.4928697e+05
   9.4946477e+05
   9.4986488e+05
   9.4997376e+05
   9.5015480e+05
   9.5028653e+05
   9.5043671e+05
   9.5060088e+05
   9.5078013e+05
   9.5098293e+05
   9.5122856e+05
   9.5140009e+05
   9.5151478e+05
   9.5181642e+05
   9.5196914e+05
   9.5214919e+05
   9.5281025e+05
   9.5298809e+05
   9.5315783e+05
   9.5333247e+05
   9.5354558e+05
   9.5364576e+05
   9.5380727e+05
   9.5413905e+05
   9.5444215e+05
   9.5467056e+05
   9.5493141e+05
   9.5532817e+05
   9.5546281e+05
   9.5559340e+05
   9.5574239e+05
   9.5608723e+05
   9.5623699e+05
   9.5638281e+05
   9.5655006e+05
   9.5672501e+05
   9.5692604e+05
   9.5705881e+05
   9.5717609e+05
   9.5730927e+05
   9.5748462e+05
   9.5762976e+05
   9.5824505e+05
   9.5852764e+05
   9.5869771e+05
   9.5885664e+05
   9.5904591e+05
   9.5922413e+05
   9.5937942e+05
   9.5959248e+05
   9.5970475e+05
   9.5996096e+05
   9.6207835e+05
   9.6227820e+05
   9.6247014e+05
   9.6312396e+05
   9.6394002e+05
   9.6523500e+05
   9.6576920e+05
   9.6649479e+05
   9.7436919e+05
   9.7977864e+05
   9.8029620e+05
   9.8155868e+05
   9.8186839e+05
   9.8226063e+05
   9.8264227e+05
   9.8552400e+05
   9.8576238e+05
   9.8602777e+05
   9.8625963e+05
   9.8656326e+05
   9.8689461e+05
   9.8715428e+05
   9.8743231e+05
   9.9337955e+05
   9.9369462e+05
   9.9392402e+05
   9.9450672e+05
   9.9503020e+05
   9.9603032e+05
   9.9621873e+05
   9.9651842e+05
   9.9726883e+05
   9.9930780e+05
   9.9970641e+05
   9.9999418e+05
   1.0002428e+06
   1.0003783e+06
   1.0005271e+06
   1.0007181e+06
   1.0008596e+06
   1.0009820e+06
   1.0012147e+06
   1.0013985e+06
   1.0015598e+06
   1.0016533e+06
   1.0017852e+06
   1.0019550e+06
   1.0020812e+06
   1.0022018e+06
   1.0024353e+06
   1.0027943e+06
   1.0030901e+06
   1.0032014e+06
   1.0035935e+06
   1.0040158e+06
   1.0041355e+06
   1.0043544e+06
   1.0046082e+06
   1.0047838e+06
   1.0049125e+06
   1.0052424e+06
   1.0053561e+06
   1.0055148e+06
   1.0058902e+06
   1.0059960e+06
   1.0061851e+06
   1.0064023e+06
   1.0065079e+06
   1.0066569e+06
   1.0067895e+06
   1.0069521e+06
   1.0074071e+06
   1.0075821e+06
   1.0076916e+06
   1.0080309e+06
   1.0081900e+06
   1.0083918e+06
   1.0085017e+06
   1.0087499e+06
   1.0089047e+06
   1.0090640e+06
   1.0092351e+06
   1.0093323e+06
   1.0095040e+06
   1.0098107e+06
   1.0099790e+06
   1.0101864e+06
   1.0104224e+06
   1.0106533e+06
   1.0107589e+06
   1.0110182e+06
   1.0112640e+06
   1.0115047e+06
   1.0116590e+06
   1.0118323e+06
   1.0121541e+06
   1.0122766e+06
   1.0126711e+06
   1.0136377e+06
   1.0137961e+06
   1.0141312e+06
   1.0142486e+06
   1.0144050e+06
   1.0145638e+06
   1.0146664e+06
   1.0147993e+06
   1.0149017e+06
   1.0151086e+06
   1.0152673e+06
   1.0154391e+06
   1.0155876e+06
   1.0157253e+06
   1.0161340e+06
   1.0165114e+06
   1.0181043e+06
   1.0182468e+06
   1.0183470e+06
   1.0185291e+06
   1.0186921e+06
   1.0188219e+06
   1.0189628e+06
   1.0190932e+06
   1.0193775e+06
   1.0195036e+06
   1.0196650e+06
   1.0198048e+06
   1.0199586e+06
   1.0202315e+06
   1.0222158e+06
   1.0224027e+06
   1.0238306e+06
   1.0270701e+06
   1.0275284e+06
   1.0277188e+06
   1.0279434e+06
   1.0291779e+06
   1.0299725e+06
   1.0302662e+06
   1.0306016e+06
   1.0310512e+06
   1.0504420e+06
   1.0507227e+06
   1.0569904e+06
   1.0572845e+06
   1.0576463e+06
   1.0579485e+06
   1.0582679e+06
   1.0587241e+06
   1.0593207e+06
   1.0595756e+06
   1.0599874e+06
   1.0601238e+06
   1.0602931e+06
   1.0604550e+06
   1.0605395e+06
   1.0606979e+06
   1.0608385e+06
   1.0609817e+06
   1.0611111e+06
   1.0613071e+06
   1.0614340e+06
   1.0615423e+06
   1.0628363e+06
   1.0630586e+06
   1.0631894e+06
   1.0633735e+06
   1.0635771e+06
   1.0637295e+06
   1.0640391e+06
   1.0641503e+06
   1.0643414e+06
   1.0644645e+06
   1.0646416e+06
   1.0648083e+06
   1.0649074e+06
   1.0652496e+06
   1.0654620e+06
   1.0655796e+06
   1.0658351e+06
   1.0660295e+06
   1.0661621e+06
   1.0662752e+06
   1.0664325e+06
   1.0666001e+06
   1.0667233e+06
   1.0668900e+06
   1.0675460e+06
   1.0677915e+06
   1.0679511e+06
   1.0680792e+06
   1.0681993e+06
   1.0683378e+06
   1.0684511e+06
   1.0685990e+06
   1.0687122e+06
   1.0688332e+06
   1.0690298e+06
   1.0692106e+06
   1.0694369e+06
   1.0695889e+06
   1.0697355e+06
   1.0698514e+06
   1.0699810e+06
   1.0701259e+06
   1.0702843e+06
   1.0705189e+06
   1.0706910e+06
   1.0708576e+06
   1.0709541e+06
   1.0710706e+06
   1.0724179e+06
   1.0725217e+06
   1.0727117e+06
   1.0728678e+06
   1.0730503e+06
   1.0731950e+06
   1.0734345e+06
   1.0737212e+06
   1.0738554e+06
   1.0741963e+06
   1.0743361e+06
   1.0746330e+06
   1.0747689e+06
   1.0749081e+06
   1.0750277e+06
   1.0752028e+06
   1.0753515e+06
   1.0754543e+06
   1.0756476e+06
   1.0757885e+06
   1.0758994e+06
   1.0760543e+06
   1.0766825e+06
   1.0768820e+06
   1.0770657e+06
   1.0771793e+06
   1.0773295e+06
   1.0774872e+06
   1.0776993e+06
   1.0778548e+06
   1.0780404e+06
   1.0781901e+06
   1.0783682e+06
   1.0784892e+06
   1.0789195e+06
   1.0790349e+06
   1.0792199e+06
   1.0793805e+06
   1.0795749e+06
   1.0797003e+06
   1.0798598e+06
   1.0799935e+06
   1.0805566e+06
   1.0808004e+06
   1.0817368e+06
   1.0831352e+06
   1.0834082e+06
   1.0836568e+06
   1.0869838e+06
   1.0873661e+06
   1.0877400e+06
   1.0879692e+06
   1.0888243e+06
   1.0890654e+06
   1.0899592e+06
   1.0904305e+06
   1.0910653e+06
   1.0913942e+06
   1.0925006e+06
   1.0927275e+06
   1.0928924e+06
   1.0935149e+06
   1.0949713e+06
   1.0951110e+06
   1.0958980e+06
   1.0961393e+06
   1.0965555e+06
   1.0970354e+06
   1.0972842e+06
   1.0975364e+06
   1.0979670e+06
   1.0983553e+06
   1.0988211e+06
   1.1008335e+06
   1.1018106e+06
   1.1020827e+06
   1.1025831e+06
   1.1032038e+06
   1.1035021e+06
   1.1041879e+06
   1.1047668e+06
   1.1051072e+06
   1.1061319e+06
   1.1066953e+06
   1.1105592e+06
   1.1107504e+06
   1.1110096e+06
   1.1112390e+06
   1.1147464e+06
   1.1151200e+06
   1.1155293e+06
   1.1159730e+06
   1.1162251e+06
   1.1171045e+06
   1.1175506e+06
   1.1202464e+06
   1.1203308e+06
   1.1204259e+06
   1.1206318e+06
   1.1207438e+06
   1.1209274e+06
   1.1210910e+06
   1.1213785e+06
   1.1215153e+06
   1.1216629e+06
   1.1220480e+06
   1.1222394e+06
   1.1223582e+06
   1.1224609e+06
   1.1225815e+06
   1.1226976e+06
   1.1228214e+06
   1.1229432e+06
   1.1230823e+06
   1.1231850e+06
   1.1232771e+06
   1.1235228e+06
   1.1236463e+06
   1.1238137e+06
   1.1239945e+06
   1.1241319e+06
   1.1243545e+06
   1.1245282e+06
   1.1246357e+06
   1.1247437e+06
   1.1248842e+06
   1.1249913e+06
   1.1250866e+06
   1.1253740e+06
   1.1254685e+06
   1.1256293e+06
   1.1258005e+06
   1.1259245e+06
   1.1260956e+06
   1.1263077e+06
   1.1264913e+06
   1.1266292e+06
   1.1267207e+06
   1.1268120e+06
   1.1272839e+06
   1.1274479e+06
   1.1275894e+06
   1.1276803e+06
   1.1278080e+06
   1.1279442e+06
   1.1281219e+06
   1.1282910e+06
   1.1283944e+06
   1.1286585e+06
   1.1287874e+06
   1.1289136e+06
   1.1291869e+06
   1.1293471e+06
   1.1294474e+06
   1.1295486e+06
   1.1296365e+06
   1.1297671e+06
   1.1298905e+06
   1.1299740e+06
   1.1301161e+06
   1.1302306e+06
   1.1303425e+06
   1.1304671e+06
   1.1306100e+06
   1.1307842e+06
   1.1309252e+06
   1.1310203e+06
   1.1311432e+06
   1.1313016e+06
   1.1314093e+06
   1.1315190e+06
   1.1317000e+06
   1.1319341e+06
   1.1320819e+06
   1.1322112e+06
   1.1323490e+06
   1.1324641e+06
   1.1325900e+06
   1.1327104e+06
   1.1328722e+06
   1.1330348e+06
   1.1331572e+06
   1.1333394e+06
   1.1335160e+06
   1.1336459e+06
   1.1338258e+06
   1.1339664e+06
   1.1342052e+06
   1.1343623e+06
   1.1344962e+06
   1.1346523e+06
   1.1347386e+06
   1.1350057e+06
   1.1351167e+06
   1.1352532e+06
   1.1354374e+06
   1.1355306e+06
   1.1356479e+06
   1.1357628e+06
   1.1358742e+06
   1.1361134e+06
   1.1362696e+06
   1.1364332e+06
   1.1366709e+06
   1.1367576e+06
   1.1369231e+06
   1.1371403e+06
   1.1372610e+06
   1.1375130e+06
   1.1383757e+06
   1.1385139e+06
   1.1387120e+06
   1.1388548e+06
   1.1390174e+06
   1.1391631e+06
   1.1392987e+06
   1.1394843e+06
   1.1396754e+06
   1.1399682e+06
   1.1404062e+06
   1.1409297e+06
   1.1429199e+06
   1.1430985e+06
   1.1436367e+06
   1.1442087e+06
   1.1446960e+06
   1.1452177e+06
   1.1454253e+06
   1.1459243e+06
   1.1461491e+06
   1.1488536e+06
   1.1492833e+06
   1.1495956e+06
   1.1498644e+06
   1.1500652e+06
   1.1528842e+06
   1.1534029e+06
   1.1536728e+06
   1.1539906e+06
   1.1569321e+06
   1.1572467e+06
   1.1575240e+06
   1.1577426e+06
   1.1613846e+06
   1.1620596e+06
   1.1627542e+06
   1.1630424e+06
   1.1633649e+06
   1.1639413e+06
   1.1641639e+06
   1.1645357e+06
   1.1650899e+06
   1.1652515e+06
   1.1654760e+06
   1.1660668e+06
   1.1663331e+06
   1.1667440e+06
   1.1671300e+06
   1.1676688e+06
   1.1682043e+06
   1.1684325e+06
   1.1691907e+06
   1.1697487e+06
   1.1700816e+06
   1.1709006e+06
   1.1711907e+06
   1.1716237e+06
   1.1722634e+06
   1.1730023e+06
   1.1731438e+06
   1.1801034e+06
   1.1801974e+06
   1.1803063e+06
   1.1804149e+06
   1.1805128e+06
   1.1806460e+06
   1.1807883e+06
   1.1808857e+06
   1.1810178e+06
   1.1811270e+06
   1.1812508e+06
   1.1813998e+06
   1.1818969e+06
   1.1820295e+06
   1.1821734e+06
   1.1823390e+06
   1.1825276e+06
   1.1826623e+06
   1.1827736e+06
   1.1829815e+06
   1.1830766e+06
   1.1832000e+06
   1.1833357e+06
   1.1834489e+06
   1.1835540e+06
   1.1836944e+06
   1.1838027e+06
   1.1839038e+06
   1.1840565e+06
   1.1842678e+06
   1.1843664e+06
   1.1844752e+06
   1.1847113e+06
   1.1848307e+06
   1.1849414e+06
   1.1850835e+06
   1.1851694e+06
   1.1853741e+06
   1.1855209e+06
   1.1856243e+06
   1.1857272e+06
   1.1858185e+06
   1.1859524e+06
   1.1860561e+06
   1.1861947e+06
   1.1862756e+06
   1.1863966e+06
   1.1865062e+06
   1.1866123e+06
   1.1867117e+06
   1.1868534e+06
   1.1872003e+06
   1.1873277e+06
   1.1875607e+06
   1.1876655e+06
   1.1878353e+06
   1.1880082e+06
   1.1881356e+06
   1.1882412e+06
   1.1883544e+06
   1.1884959e+06
   1.1885891e+06
   1.1887382e+06
   1.1888335e+06
   1.1889599e+06
   1.1891170e+06
   1.1892445e+06
   1.1893431e+06
   1.1894752e+06
   1.1896369e+06
   1.1897667e+06
   1.1898815e+06
   1.1899951e+06
   1.1901441e+06
   1.1902484e+06
   1.1903861e+06
   1.1905027e+06
   1.1906560e+06
   1.1907636e+06
   1.1908929e+06
   1.1910379e+06
   1.1911486e+06
   1.1914838e+06
   1.1916000e+06
   1.1917645e+06
   1.1918692e+06
   1.1920267e+06
   1.1921308e+06
   1.1922487e+06
   1.1924237e+06
   1.1925853e+06
   1.1927541e+06
   1.1928399e+06
   1.1929375e+06
   1.1930652e+06
   1.1931512e+06
   1.1933039e+06
   1.1934077e+06
   1.1935379e+06
   1.1936901e+06
   1.1938284e+06
   1.1941330e+06
   1.1942268e+06
   1.1944005e+06
   1.1946010e+06
   1.1947782e+06
   1.1949285e+06
   1.1950911e+06
   1.1952395e+06
   1.1953641e+06
   1.1955219e+06
   1.1956681e+06
   1.1958230e+06
   1.1959823e+06
   1.1961058e+06
   1.1962687e+06
   1.1964853e+06
   1.1965693e+06
   1.1967424e+06
   1.1969128e+06
   1.1970307e+06
   1.1971994e+06
   1.1973279e+06
   1.1974676e+06
   1.1975823e+06
   1.1977112e+06
   1.1978086e+06
   1.1979379e+06
   1.1980670e+06
   1.1981808e+06
   1.1982933e+06
   1.1984976e+06
   1.1986550e+06
   1.1987958e+06
   1.1989460e+06
   1.1990512e+06
   1.1992251e+06
   1.1993404e+06
   1.1994624e+06
   1.1996408e+06
   1.1997557e+06
   1.1999669e+06
   1.2004302e+06
   1.2079076e+06
   1.2083646e+06
   1.2098633e+06
   1.2102845e+06
   1.2105692e+06
   1.2110123e+06
   1.2120734e+06
   1.2123222e+06
   1.2128958e+06
   1.2131466e+06
   1.2134733e+06
   1.2137533e+06
   1.2153630e+06
   1.2155473e+06
   1.2162539e+06
   1.2180357e+06
   1.2182028e+06
   1.2185253e+06
   1.2188093e+06
   1.2222279e+06
   1.2229702e+06
   1.2247896e+06
   1.2250345e+06
   1.2254464e+06
   1.2266331e+06
   1.2269054e+06
   1.2272734e+06
   1.2274626e+06
   1.2277637e+06
   1.2296221e+06
   1.2358889e+06
   1.2365996e+06
   1.2371565e+06
   1.2379220e+06
   1.2384759e+06
   1.2402170e+06
   1.2403802e+06
   1.2405676e+06
   1.2406708e+06
   1.2407859e+06
   1.2408860e+06
   1.2409845e+06
   1.2410810e+06
   1.2412304e+06
   1.2413348e+06
   1.2414366e+06
   1.2415914e+06
   1.2417010e+06
   1.2418132e+06
   1.2419156e+06
   1.2420993e+06
   1.2421925e+06
   1.2422738e+06
   1.2424057e+06
   1.2425397e+06
   1.2426681e+06
   1.2427856e+06
   1.2428949e+06
   1.2430272e+06
   1.2431157e+06
   1.2432128e+06
   1.2433599e+06
   1.2436162e+06
   1.2437240e+06
   1.2438435e+06
   1.2439360e+06
   1.2440898e+06
   1.2442618e+06
   1.2444037e+06
   1.2445538e+06
   1.2446585e+06
   1.2447500e+06
   1.2449275e+06
   1.2450612e+06
   1.2452046e+06
   1.2453411e+06
   1.2455352e+06
   1.2456777e+06
   1.2457897e+06
   1.2458781e+06
   1.2460061e+06
   1.2461289e+06
   1.2462705e+06
   1.2463588e+06
   1.2465049e+06
   1.2465817e+06
   1.2466773e+06
   1.2467771e+06
   1.2473524e+06
   1.2474963e+06
   1.2475984e+06
   1.2476775e+06
   1.2478077e+06
   1.2479497e+06
   1.2481240e+06
   1.2482278e+06
   1.2484491e+06
   1.2485915e+06
   1.2487474e+06
   1.2489701e+06
   1.2490777e+06
   1.2491987e+06
   1.2493136e+06
   1.2494227e+06
   1.2495695e+06
   1.2496864e+06
   1.2498284e+06
   1.2499079e+06
   1.2500790e+06
   1.2501890e+06
   1.2503073e+06
   1.2504778e+06
   1.2506586e+06
   1.2508028e+06
   1.2508981e+06
   1.2510680e+06
   1.2511647e+06
   1.2512519e+06
   1.2513736e+06
   1.2515342e+06
   1.2516452e+06
   1.2517336e+06
   1.2518734e+06
   1.2519762e+06
   1.2522975e+06
   1.2524170e+06
   1.2525501e+06
   1.2526777e+06
   1.2527963e+06
   1.2528943e+06
   1.2530426e+06
   1.2531916e+06
   1.2533408e+06
   1.2534456e+06
   1.2535521e+06
   1.2536590e+06
   1.2537908e+06
   1.2538912e+06
   1.2543190e+06
   1.2545558e+06
   1.2546489e+06
   1.2547678e+06
   1.2549186e+06
   1.2550488e+06
   1.2551915e+06
   1.2552948e+06
   1.2554263e+06
   1.2555765e+06
   1.2556648e+06
   1.2557695e+06
   1.2558746e+06
   1.2560121e+06
   1.2561176e+06
   1.2562590e+06
   1.2564325e+06
   1.2565784e+06
   1.2567212e+06
   1.2568527e+06
   1.2569742e+06
   1.2571087e+06
   1.2572412e+06
   1.2573465e+06
   1.2574656e+06
   1.2575915e+06
   1.2577173e+06
   1.2578443e+06
   1.2579592e+06
   1.2580630e+06
   1.2581799e+06
   1.2583188e+06
   1.2584555e+06
   1.2585465e+06
   1.2586434e+06
   1.2587672e+06
   1.2589736e+06
   1.2590667e+06
   1.2592481e+06
   1.2594574e+06
   1.2595902e+06
   1.2597017e+06
   1.2598049e+06
   1.2599544e+06
   1.2604198e+06
   1.2608331e+06
   1.2614083e+06
   1.2621449e+06
   1.3000868e+06
   1.3002002e+06
   1.3003539e+06
   1.3005347e+06
   1.3006286e+06
   1.3007054e+06
   1.3008550e+06
   1.3009592e+06
   1.3010469e+06
   1.3011216e+06
   1.3012607e+06
   1.3013829e+06
   1.3015016e+06
   1.3016521e+06
   1.3018120e+06
   1.3019414e+06
   1.3020637e+06
   1.3022539e+06
   1.3023598e+06
   1.3024824e+06
   1.3026109e+06
   1.3027144e+06
   1.3028256e+06
   1.3029957e+06
   1.3030833e+06
   1.3032485e+06
   1.3034457e+06
   1.3035446e+06
   1.3037226e+06
   1.3038071e+06
   1.3039116e+06
   1.3040153e+06
   1.3041545e+06
   1.3042522e+06
   1.3044083e+06
   1.3045431e+06
   1.3046303e+06
   1.3047159e+06
   1.3051084e+06
   1.3052078e+06
   1.3053112e+06
   1.3054013e+06
   1.3055527e+06
   1.3056842e+06
   1.3058275e+06
   1.3059251e+06
   1.3061239e+06
   1.3062624e+06
   1.3063614e+06
   1.3064578e+06
   1.3065742e+06
   1.3066707e+06
   1.3067854e+06
   1.3069125e+06
   1.3071452e+06
   1.3072712e+06
   1.3074312e+06
   1.3076378e+06
   1.3077400e+06
   1.3079000e+06
   1.3080370e+06
   1.3081544e+06
   1.3082586e+06
   1.3083965e+06
   1.3085028e+06
   1.3086348e+06
   1.3087530e+06
   1.3089019e+06
   1.3090320e+06
   1.3091169e+06
   1.3092949e+06
   1.3094126e+06
   1.3095758e+06
   1.3096993e+06
   1.3098037e+06
   1.3099406e+06
   1.3100341e+06
   1.3101709e+06
   1.3103574e+06
   1.3105072e+06
   1.3106497e+06
   1.3107632e+06
   1.3108571e+06
   1.3109808e+06
   1.3111385e+06
   1.3112734e+06
   1.3114299e+06
   1.3115629e+06
   1.3116779e+06
   1.3118736e+06
   1.3120761e+06
   1.3122935e+06
   1.3124493e+06
   1.3125580e+06
   1.3126491e+06
   1.3127669e+06
   1.3129814e+06
   1.3131308e+06
   1.3132610e+06
   1.3133609e+06
   1.3134732e+06
   1.3135963e+06
   1.3137831e+06
   1.3142688e+06
   1.3143727e+06
   1.3144485e+06
   1.3145439e+06
   1.3146968e+06
   1.3148238e+06
   1.3149583e+06
   1.3152521e+06
   1.3153458e+06
   1.3154545e+06
   1.3155705e+06
   1.3156574e+06
   1.3158418e+06
   1.3159593e+06
   1.3161211e+06
   1.3162962e+06
   1.3164097e+06
   1.3165420e+06
   1.3167267e+06
   1.3168677e+06
   1.3170588e+06
   1.3171491e+06
   1.3172474e+06
   1.3173729e+06
   1.3174863e+06
   1.3175715e+06
   1.3177218e+06
   1.3179158e+06
   1.3181082e+06
   1.3182834e+06
   1.3183637e+06
   1.3185838e+06
   1.3186881e+06
   1.3188123e+06
   1.3188829e+06
   1.3190127e+06
   1.3191138e+06
   1.3192631e+06
   1.3193615e+06
   1.3196034e+06
   1.3197939e+06
   1.3199188e+06
   1.3216399e+06
   1.3220277e+06
   1.3228153e+06
   1.3230103e+06
   1.3233021e+06
   1.3235070e+06
   1.3239278e+06
   1.3242386e+06
   1.3244790e+06
   1.3251876e+06
   1.3257533e+06
   1.3283637e+06
   1.3294138e+06
   1.3296060e+06
   1.3600913e+06
   1.3601995e+06
   1.3603090e+06
   1.3604225e+06
   1.3605336e+06
   1.3606479e+06
   1.3607723e+06
   1.3608771e+06
   1.3609591e+06
   1.3610763e+06
   1.3611646e+06
   1.3612649e+06
   1.3613744e+06
   1.3615048e+06
   1.3616260e+06
   1.3617856e+06
   1.3618972e+06
   1.3620588e+06
   1.3621493e+06
   1.3622504e+06
   1.3624080e+06
   1.3625080e+06
   1.3626270e+06
   1.3627376e+06
   1.3628197e+06
   1.3629188e+06
   1.3630001e+06
   1.3631861e+06
   1.3632540e+06
   1.3634124e+06
   1.3635178e+06
   1.3635914e+06
   1.3636860e+06
   1.3637768e+06
   1.3639779e+06
   1.3640707e+06
   1.3641678e+06
   1.3642427e+06
   1.3643284e+06
   1.3644867e+06
   1.3646062e+06
   1.3646777e+06
   1.3647987e+06
   1.3649135e+06
   1.3650234e+06
   1.3651309e+06
   1.3652555e+06
   1.3653925e+06
   1.3655107e+06
   1.3656354e+06
   1.3657479e+06
   1.3658578e+06
   1.3660105e+06
   1.3661297e+06
   1.3662080e+06
   1.3663192e+06
   1.3664271e+06
   1.3665260e+06
   1.3666561e+06
   1.3668742e+06
   1.3669774e+06
   1.3671489e+06
   1.3672699e+06
   1.3673601e+06
   1.3675751e+06
   1.3676774e+06
   1.3679004e+06
   1.3680611e+06
   1.3681592e+06
   1.3682506e+06
   1.3683829e+06
   1.3685259e+06
   1.3686223e+06
   1.3687195e+06
   1.3688259e+06
   1.3689156e+06
   1.3690911e+06
   1.3692454e+06
   1.3693762e+06
   1.3696869e+06
   1.3698032e+06
   1.3700181e+06
   1.3701317e+06
   1.3702482e+06
   1.3703976e+06
   1.3705166e+06
   1.3706615e+06
   1.3707940e+06
   1.3709161e+06
   1.3710191e+06
   1.3711085e+06
   1.3712216e+06
   1.3713046e+06
   1.3714106e+06
   1.3715118e+06
   1.3716126e+06
   1.3717461e+06
   1.3719639e+06
   1.3721159e+06
   1.3722097e+06
   1.3723665e+06
   1.3725272e+06
   1.3726638e+06
   1.3727433e+06
   1.3728838e+06
   1.3729865e+06
   1.3731042e+06
   1.3732207e+06
   1.3733340e+06
   1.3734224e+06
   1.3735370e+06
   1.3736880e+06
   1.3737909e+06
   1.3746715e+06
   1.3748460e+06
   1.3749640e+06
   1.3750407e+06
   1.3751561e+06
   1.3752775e+06
   1.3753860e+06
   1.3755390e+06
   1.3757509e+06
   1.3758869e+06
   1.3760092e+06
   1.3761262e+06
   1.3762564e+06
   1.3763778e+06
   1.3765669e+06
   1.3766689e+06
   1.3767606e+06
   1.3768893e+06
   1.3770277e+06
   1.3771437e+06
   1.3772679e+06
   1.3774311e+06
   1.3775793e+06
   1.3777510e+06
   1.3778541e+06
   1.3780592e+06
   1.3782509e+06
   1.3783739e+06
   1.3784652e+06
   1.3785807e+06
   1.3787262e+06
   1.3788252e+06
   1.3789553e+06
   1.3790624e+06
   1.3791826e+06
   1.3792698e+06
   1.3793794e+06
   1.3794795e+06
   1.3795884e+06
   1.3797551e+06
   1.3798749e+06
   1.3804134e+06
   1.3809379e+06
   1.3817170e+06
   1.3819220e+06
   1.3821267e+06
   1.3826413e+06
   1.3832283e+06
   1.3834612e+06
   1.3836964e+06
   1.3838792e+06
   1.3852793e+06
   1.3859239e+06
   1.3861425e+06
   1.3869354e+06
   1.3872545e+06
   1.3876717e+06
   1.3880343e+06
   1.3884996e+06
   1.3887557e+06
   1.3888916e+06
   1.3893804e+06
   1.3895663e+06
   1.3898691e+06
   1.3900493e+06
   1.3909542e+06
   1.3916263e+06
   1.3918423e+06
   1.3921002e+06
   1.3927196e+06
   1.3942145e+06
   1.3944971e+06
   1.3968181e+06
   1.3970540e+06
   1.3975448e+06
   1.3977261e+06
   1.3984884e+06
   1.3990926e+06
   1.3993991e+06
   1.4003845e+06
   1.4021380e+06
   1.4025510e+06
   1.4075151e+06
   1.4182592e+06
   1.4185435e+06
   1.4190121e+06
   1.4194069e+06
   1.4200980e+06
   1.4202909e+06
   1.4203924e+06
   1.4204742e+06
   1.4205709e+06
   1.4206844e+06
   1.4208280e+06
   1.4209132e+06
   1.4210191e+06
   1.4211435e+06
   1.4212382e+06
   1.4214134e+06
   1.4215009e+06
   1.4216027e+06
   1.4216909e+06
   1.4217792e+06
   1.4218728e+06
   1.4219500e+06
   1.4220556e+06
   1.4221511e+06
   1.4223701e+06
   1.4224492e+06
   1.4225412e+06
   1.4226957e+06
   1.4227722e+06
   1.4229300e+06
   1.4230176e+06
   1.4231131e+06
   1.4232320e+06
   1.4233291e+06
   1.4234235e+06
   1.4235293e+06
   1.4236121e+06
   1.4237192e+06
   1.4238237e+06
   1.4239469e+06
   1.4240578e+06
   1.4241869e+06
   1.4242860e+06
   1.4243941e+06
   1.4244895e+06
   1.4245612e+06
   1.4246459e+06
   1.4247486e+06
   1.4248504e+06
   1.4249748e+06
   1.4250825e+06
   1.4251722e+06
   1.4252590e+06
   1.4253586e+06
   1.4254774e+06
   1.4255640e+06
   1.4256605e+06
   1.4257528e+06
   1.4258927e+06
   1.4260155e+06
   1.4261674e+06
   1.4263220e+06
   1.4264104e+06
   1.4265453e+06
   1.4266198e+06
   1.4267199e+06
   1.4268183e+06
   1.4269084e+06
   1.4271541e+06
   1.4272639e+06
   1.4273720e+06
   1.4274784e+06
   1.4275820e+06
   1.4276749e+06
   1.4277641e+06
   1.4278447e+06
   1.4279366e+06
   1.4280395e+06
   1.4281966e+06
   1.4284469e+06
   1.4285520e+06
   1.4286599e+06
   1.4287521e+06
   1.4288435e+06
   1.4289577e+06
   1.4290696e+06
   1.4291814e+06
   1.4292765e+06
   1.4293797e+06
   1.4295073e+06
   1.4296053e+06
   1.4297956e+06
   1.4299124e+06
   1.4300196e+06
   1.4301254e+06
   1.4302029e+06
   1.4304351e+06
   1.4305394e+06
   1.4306198e+06
   1.4307025e+06
   1.4307913e+06
   1.4309029e+06
   1.4310112e+06
   1.4310829e+06
   1.4311793e+06
   1.4312735e+06
   1.4313509e+06
   1.4314263e+06
   1.4315198e+06
   1.4316604e+06
   1.4317592e+06
   1.4319101e+06
   1.4320046e+06
   1.4321261e+06
   1.4322016e+06
   1.4323088e+06
   1.4324643e+06
   1.4325840e+06
   1.4326811e+06
   1.4327825e+06
   1.4328854e+06
   1.4329967e+06
   1.4331251e+06
   1.4332051e+06
   1.4333285e+06
   1.4334250e+06
   1.4335162e+06
   1.4336049e+06
   1.4337436e+06
   1.4338290e+06
   1.4339281e+06
   1.4341120e+06
   1.4342339e+06
   1.4343623e+06
   1.4344517e+06
   1.4345933e+06
   1.4346861e+06
   1.4347974e+06
   1.4349574e+06
   1.4350420e+06
   1.4351265e+06
   1.4352294e+06
   1.4353778e+06
   1.4354777e+06
   1.4356262e+06
   1.4357299e+06
   1.4358616e+06
   1.4360094e+06
   1.4361344e+06
   1.4363175e+06
   1.4363988e+06
   1.4365434e+06
   1.4366449e+06
   1.4367365e+06
   1.4368439e+06
   1.4369444e+06
   1.4370751e+06
   1.4371870e+06
   1.4372925e+06
   1.4374289e+06
   1.4375450e+06
   1.4376878e+06
   1.4377956e+06
   1.4379477e+06
   1.4381227e+06
   1.4382556e+06
   1.4383877e+06
   1.4385042e+06
   1.4386132e+06
   1.4386927e+06
   1.4388243e+06
   1.4389709e+06
   1.4390891e+06
   1.4391785e+06
   1.4393391e+06
   1.4394540e+06
   1.4395482e+06
   1.4396590e+06
   1.4397514e+06
   1.4399212e+06
   1.4405600e+06
   1.4407571e+06
   1.4411987e+06
   1.4414108e+06
   1.4418239e+06
   1.4420586e+06
   1.4423378e+06
   1.4425850e+06
   1.4431131e+06
   1.4432673e+06
   1.4435791e+06
   1.4442501e+06
   1.4448074e+06
   1.4455071e+06
   1.4457841e+06
   1.4464335e+06
   1.4467720e+06
   1.4477165e+06
   1.4484672e+06
   1.4485955e+06
   1.4489765e+06
   1.4493848e+06
   1.4498637e+06
   1.4501248e+06
   1.4507704e+06
   1.4517384e+06
   1.4528349e+06
   1.4530938e+06
   1.4533567e+06
   1.4536026e+06
   1.4538088e+06
   1.4540404e+06
   1.4544642e+06
   1.4555259e+06
   1.4557898e+06
   1.4559562e+06
   1.4562932e+06
   1.4569634e+06
   1.4577369e+06
   1.4580104e+06
   1.4609287e+06
   1.4613812e+06
   1.4627604e+06
   1.4655579e+06
   1.4657297e+06
   1.4659336e+06
   1.4661289e+06
   1.4664775e+06
   1.4670645e+06
   1.4673285e+06
   1.4773477e+06
   1.4777947e+06
   1.4790543e+06
   1.4798200e+06
   1.4801142e+06
   1.4802078e+06
   1.4803357e+06
   1.4804503e+06
   1.4806191e+06
   1.4807080e+06
   1.4808614e+06
   1.4809911e+06
   1.4811078e+06
   1.4812482e+06
   1.4813187e+06
   1.4814081e+06
   1.4815217e+06
   1.4816138e+06
   1.4816887e+06
   1.4817976e+06
   1.4818851e+06
   1.4819733e+06
   1.4820614e+06
   1.4821879e+06
   1.4822882e+06
   1.4823706e+06
   1.4824579e+06
   1.4825371e+06
   1.4826193e+06
   1.4827129e+06
   1.4828177e+06
   1.4828970e+06
   1.4829909e+06
   1.4831519e+06
   1.4832221e+06
   1.4833180e+06
   1.4834035e+06
   1.4835176e+06
   1.4835927e+06
   1.4836735e+06
   1.4837787e+06
   1.4838796e+06
   1.4839873e+06
   1.4840704e+06
   1.4841518e+06
   1.4842398e+06
   1.4843131e+06
   1.4844205e+06
   1.4844964e+06
   1.4846003e+06
   1.4846859e+06
   1.4847638e+06
   1.4848404e+06
   1.4849380e+06
   1.4850542e+06
   1.4851668e+06
   1.4852804e+06
   1.4853713e+06
   1.4854680e+06
   1.4855681e+06
   1.4857016e+06
   1.4858025e+06
   1.4859120e+06
   1.4859989e+06
   1.4861250e+06
   1.4862520e+06
   1.4863560e+06
   1.4864423e+06
   1.4865348e+06
   1.4866158e+06
   1.4867197e+06
   1.4868147e+06
   1.4869415e+06
   1.4872182e+06
   1.4873158e+06
   1.4874340e+06
   1.4875392e+06
   1.4876398e+06
   1.4877457e+06
   1.4878319e+06
   1.4879461e+06
   1.4880733e+06
   1.4881804e+06
   1.4883216e+06
   1.4883972e+06
   1.4885038e+06
   1.4885796e+06
   1.4886946e+06
   1.4887957e+06
   1.4888954e+06
   1.4889866e+06
   1.4890922e+06
   1.4891990e+06
   1.4893009e+06
   1.4894356e+06
   1.4895442e+06
   1.4896315e+06
   1.4897286e+06
   1.4898532e+06
   1.4899363e+06
   1.4900088e+06
   1.4901262e+06
   1.4902024e+06
   1.4903027e+06
   1.4904397e+06
   1.4906383e+06
   1.4908070e+06
   1.4909085e+06
   1.4910345e+06
   1.4911527e+06
   1.4912792e+06
   1.4914044e+06
   1.4914983e+06
   1.4916045e+06
   1.4917002e+06
   1.4919292e+06
   1.4920178e+06
   1.4921163e+06
   1.4922231e+06
   1.4923250e+06
   1.4924275e+06
   1.4925481e+06
   1.4926415e+06
   1.4927594e+06
   1.4928391e+06
   1.4929466e+06
   1.4930353e+06
   1.4931459e+06
   1.4932166e+06
   1.4933297e+06
   1.4934300e+06
   1.4935407e+06
   1.4937052e+06
   1.4937930e+06
   1.4938691e+06
   1.4939628e+06
   1.4942217e+06
   1.4943405e+06
   1.4944166e+06
   1.4944972e+06
   1.4945934e+06
   1.4947043e+06
   1.4948039e+06
   1.4949188e+06
   1.4950138e+06
   1.4951055e+06
   1.4951854e+06
   1.4952983e+06
   1.4953857e+06
   1.4954841e+06
   1.4955888e+06
   1.4956645e+06
   1.4957785e+06
   1.4958793e+06
   1.4959674e+06
   1.4961189e+06
   1.4962598e+06
   1.4963531e+06
   1.4964478e+06
   1.4965403e+06
   1.4966306e+06
   1.4967300e+06
   1.4968459e+06
   1.4969308e+06
   1.4970249e+06
   1.4971099e+06
   1.4971827e+06
   1.4972777e+06
   1.4973752e+06
   1.4974422e+06
   1.4975428e+06
   1.4977248e+06
   1.4978358e+06
   1.4979403e+06
   1.4980152e+06
   1.4981292e+06
   1.4982405e+06
   1.4983086e+06
   1.4984439e+06
   1.4985562e+06
   1.4986585e+06
   1.4987753e+06
   1.4988764e+06
   1.4989744e+06
   1.4990612e+06
   1.4991522e+06
   1.4992587e+06
   1.4993867e+06
   1.4994971e+06
   1.4995675e+06
   1.4996569e+06
   1.4997556e+06
   1.4998404e+06
   1.4999244e+06
   1.5003238e+06
   1.5007249e+06
   1.5011439e+06
   1.5026341e+06
   1.5099403e+06
   1.5103878e+06
   1.5110296e+06
   1.5113083e+06
   1.5117146e+06
   1.5119651e+06
   1.5138420e+06
   1.5140516e+06
   1.5145010e+06
   1.5151904e+06
   1.5157968e+06
   1.5164578e+06
   1.5205937e+06
   1.5211038e+06
   1.5215077e+06
   1.5225988e+06
   1.5233153e+06
   1.5237305e+06
   1.5336890e+06
   1.5372722e+06
   1.5375380e+06
   1.5377710e+06
   1.5380155e+06
   1.5386702e+06
   1.5390951e+06
   1.5392759e+06
   1.5395334e+06
   1.5400713e+06
   1.5401777e+06
   1.5402628e+06
   1.5403425e+06
   1.5404277e+06
   1.5405154e+06
   1.5406423e+06
   1.5407414e+06
   1.5408234e+06
   1.5409245e+06
   1.5410345e+06
   1.5411046e+06
   1.5412175e+06
   1.5413235e+06
   1.5414044e+06
   1.5414674e+06
   1.5415602e+06
   1.5416631e+06
   1.5417646e+06
   1.5418500e+06
   1.5419680e+06
   1.5420557e+06
   1.5421470e+06
   1.5422187e+06
   1.5422918e+06
   1.5424095e+06
   1.5425120e+06
   1.5426027e+06
   1.5427000e+06
   1.5428051e+06
   1.5428749e+06
   1.5429661e+06
   1.5431147e+06
   1.5431917e+06
   1.5432926e+06
   1.5433800e+06
   1.5435406e+06
   1.5436393e+06
   1.5437236e+06
   1.5438662e+06
   1.5440122e+06
   1.5441080e+06
   1.5442204e+06
   1.5443639e+06
   1.5444967e+06
   1.5445694e+06
   1.5446582e+06
   1.5448343e+06
   1.5449035e+06
   1.5450434e+06
   1.5451471e+06
   1.5452375e+06
   1.5453183e+06
   1.5453966e+06
   1.5454874e+06
   1.5456185e+06
   1.5457195e+06
   1.5457988e+06
   1.5458830e+06
   1.5460182e+06
   1.5461359e+06
   1.5462079e+06
   1.5462967e+06
   1.5463955e+06
   1.5465116e+06
   1.5465813e+06
   1.5466650e+06
   1.5467465e+06
   1.5468713e+06
   1.5469689e+06
   1.5471360e+06
   1.5472937e+06
   1.5473802e+06
   1.5474666e+06
   1.5475519e+06
   1.5476480e+06
   1.5477333e+06
   1.5478220e+06
   1.5479408e+06
   1.5480424e+06
   1.5481420e+06
   1.5482502e+06
   1.5483509e+06
   1.5484286e+06
   1.5485387e+06
   1.5486291e+06
   1.5488217e+06
   1.5488944e+06
   1.5489636e+06
   1.5490569e+06
   1.5492164e+06
   1.5493233e+06
   1.5494136e+06
   1.5495083e+06
   1.5496079e+06
   1.5496839e+06
   1.5497660e+06
   1.5498749e+06
   1.5499698e+06
   1.5500986e+06
   1.5502078e+06
   1.5503529e+06
   1.5504314e+06
   1.5505298e+06
   1.5506915e+06
   1.5507968e+06
   1.5508877e+06
   1.5509735e+06
   1.5510606e+06
   1.5511728e+06
   1.5512570e+06
   1.5513434e+06
   1.5514380e+06
   1.5515697e+06
   1.5516719e+06
   1.5517578e+06
   1.5518580e+06
   1.5519599e+06
   1.5520664e+06
   1.5521482e+06
   1.5522432e+06
   1.5523079e+06
   1.5524263e+06
   1.5525296e+06
   1.5526724e+06
   1.5527435e+06
   1.5528161e+06
   1.5529269e+06
   1.5530400e+06
   1.5531469e+06
   1.5533035e+06
   1.5533680e+06
   1.5534401e+06
   1.5535421e+06
   1.5536513e+06
   1.5537604e+06
   1.5539114e+06
   1.5541800e+06
   1.5542895e+06
   1.5543821e+06
   1.5544963e+06
   1.5545790e+06
   1.5546977e+06
   1.5548141e+06
   1.5549097e+06
   1.5550382e+06
   1.5551188e+06
   1.5552190e+06
   1.5553099e+06
   1.5554240e+06
   1.5555321e+06
   1.5556289e+06
   1.5557357e+06
   1.5558199e+06
   1.5559252e+06
   1.5560150e+06
   1.5561088e+06
   1.5562247e+06
   1.5563453e+06
   1.5564545e+06
   1.5565545e+06
   1.5566445e+06
   1.5567387e+06
   1.5568556e+06
   1.5569586e+06
   1.5570388e+06
   1.5571232e+06
   1.5572269e+06
   1.5573185e+06
   1.5574312e+06
   1.5575315e+06
   1.5576265e+06
   1.5577202e+06
   1.5577983e+06
   1.5579265e+06
   1.5580346e+06
   1.5581387e+06
   1.5582522e+06
   1.5583667e+06
   1.5584559e+06
   1.5585321e+06
   1.5586145e+06
   1.5587137e+06
   1.5587982e+06
   1.5588890e+06
   1.5590136e+06
   1.5590976e+06
   1.5591996e+06
   1.5593450e+06
   1.5594786e+06
   1.5595904e+06
   1.5596771e+06
   1.5597995e+06
   1.5598816e+06
   1.5603250e+06
   1.5621505e+06
   1.5625416e+06
   1.5668522e+06
   1.5671974e+06
   1.5811790e+06
   1.5813661e+06
   1.5818549e+06
   1.5884657e+06
   1.5887613e+06
   1.6000888e+06
   1.6001981e+06
   1.6002874e+06
   1.6004092e+06
   1.6004920e+06
   1.6005792e+06
   1.6006672e+06
   1.6007748e+06
   1.6008545e+06
   1.6009619e+06
   1.6010332e+06
   1.6011691e+06
   1.6012568e+06
   1.6013306e+06
   1.6014107e+06
   1.6015434e+06
   1.6016281e+06
   1.6017187e+06
   1.6018094e+06
   1.6019076e+06
   1.6020069e+06
   1.6021148e+06
   1.6022602e+06
   1.6023222e+06
   1.6024118e+06
   1.6024965e+06
   1.6025766e+06
   1.6026519e+06
   1.6027408e+06
   1.6028276e+06
   1.6028954e+06
   1.6029852e+06
   1.6030603e+06
   1.6031543e+06
   1.6032922e+06
   1.6033881e+06
   1.6034957e+06
   1.6035696e+06
   1.6036552e+06
   1.6037598e+06
   1.6038813e+06
   1.6039709e+06
   1.6041105e+06
   1.6042234e+06
   1.6042999e+06
   1.6043879e+06
   1.6044925e+06
   1.6046018e+06
   1.6047059e+06
   1.6047902e+06
   1.6048754e+06
   1.6049577e+06
   1.6050341e+06
   1.6051138e+06
   1.6052182e+06
   1.6053065e+06
   1.6053889e+06
   1.6055164e+06
   1.6055796e+06
   1.6056578e+06
   1.6057302e+06
   1.6058142e+06
   1.6059272e+06
   1.6060773e+06
   1.6061734e+06
   1.6063033e+06
   1.6063846e+06
   1.6064563e+06
   1.6065538e+06
   1.6066381e+06
   1.6067366e+06
   1.6068340e+06
   1.6069119e+06
   1.6071173e+06
   1.6071966e+06
   1.6072890e+06
   1.6074404e+06
   1.6075383e+06
   1.6076462e+06
   1.6077853e+06
   1.6078760e+06
   1.6079472e+06
   1.6080538e+06
   1.6081505e+06
   1.6082349e+06
   1.6083300e+06
   1.6084491e+06
   1.6086484e+06
   1.6087224e+06
   1.6088733e+06
   1.6089787e+06
   1.6090753e+06
   1.6092108e+06
   1.6093236e+06
   1.6094134e+06
   1.6094944e+06
   1.6095820e+06
   1.6096665e+06
   1.6098023e+06
   1.6098982e+06
   1.6099816e+06
   1.6100821e+06
   1.6101891e+06
   1.6102888e+06
   1.6103933e+06
   1.6104943e+06
   1.6106272e+06
   1.6106838e+06
   1.6107806e+06
   1.6108620e+06
   1.6109482e+06
   1.6110664e+06
   1.6111784e+06
   1.6112707e+06
   1.6113593e+06
   1.6114784e+06
   1.6115992e+06
   1.6116909e+06
   1.6117738e+06
   1.6119486e+06
   1.6120439e+06
   1.6121457e+06
   1.6122581e+06
   1.6123426e+06
   1.6124347e+06
   1.6125138e+06
   1.6125951e+06
   1.6126787e+06
   1.6127937e+06
   1.6128869e+06
   1.6130720e+06
   1.6132304e+06
   1.6133897e+06
   1.6134937e+06
   1.6135811e+06
   1.6136568e+06
   1.6137215e+06
   1.6138060e+06
   1.6139057e+06
   1.6139918e+06
   1.6141834e+06
   1.6142822e+06
   1.6143593e+06
   1.6144533e+06
   1.6145780e+06
   1.6146957e+06
   1.6149445e+06
   1.6150244e+06
   1.6151224e+06
   1.6152445e+06
   1.6153310e+06
   1.6154524e+06
   1.6155872e+06
   1.6156820e+06
   1.6158059e+06
   1.6159335e+06
   1.6160127e+06
   1.6161394e+06
   1.6162581e+06
   1.6163459e+06
   1.6164555e+06
   1.6165518e+06
   1.6166694e+06
   1.6167532e+06
   1.6168792e+06
   1.6169923e+06
   1.6171119e+06
   1.6172152e+06
   1.6173014e+06
   1.6173759e+06
   1.6174598e+06
   1.6175394e+06
   1.6176320e+06
   1.6177141e+06
   1.6177888e+06
   1.6178648e+06
   1.6179736e+06
   1.6180748e+06
   1.6181532e+06
   1.6182248e+06
   1.6183230e+06
   1.6184152e+06
   1.6185596e+06
   1.6186367e+06
   1.6187068e+06
   1.6187851e+06
   1.6189167e+06
   1.6190202e+06
   1.6190946e+06
   1.6191801e+06
   1.6192645e+06
   1.6194121e+06
   1.6195002e+06
   1.6196007e+06
   1.6197395e+06
   1.6198309e+06
   1.6199604e+06
   1.6205737e+06
   1.6211922e+06
   1.6223430e+06
   1.6236776e+06
   1.6240210e+06
   1.6257007e+06
   1.6259672e+06
   1.6265295e+06
   1.6291413e+06
   1.6296035e+06
   1.6302185e+06
   1.6330661e+06
   1.6333092e+06
   1.6341379e+06
   1.6385363e+06
   1.6398129e+06
   1.6401572e+06
   1.6407025e+06
   1.6408900e+06
   1.6414992e+06
   1.6425184e+06
   1.6440709e+06
   1.6442540e+06
   1.6456863e+06
   1.6458958e+06
   1.6461374e+06
   1.6465711e+06
   1.6474067e+06
   1.6480628e+06
   1.6484916e+06
   1.6488330e+06
   1.6497961e+06
   1.6500825e+06
   1.6502802e+06
   1.6505448e+06
   1.6507653e+06
   1.6514343e+06
   1.6518496e+06
   1.6524075e+06
   1.6538725e+06
   1.6541159e+06
   1.6543533e+06
   1.6550228e+06
   1.6552700e+06
   1.6555578e+06
   1.6559939e+06
   1.6561953e+06
   1.6563875e+06
   1.6586776e+06
   1.6591067e+06
   1.6600933e+06
   1.6601954e+06
   1.6603264e+06
   1.6604301e+06
   1.6605191e+06
   1.6605948e+06
   1.6606838e+06
   1.6607629e+06
   1.6608524e+06
   1.6609233e+06
   1.6609975e+06
   1.6610699e+06
   1.6611779e+06
   1.6612576e+06
   1.6613675e+06
   1.6614434e+06
   1.6615308e+06
   1.6616006e+06
   1.6616937e+06
   1.6617823e+06
   1.6619287e+06
   1.6620094e+06
   1.6620857e+06
   1.6622256e+06
   1.6623024e+06
   1.6624007e+06
   1.6625479e+06
   1.6626291e+06
   1.6627273e+06
   1.6627966e+06
   1.6628975e+06
   1.6629663e+06
   1.6630519e+06
   1.6631272e+06
   1.6632512e+06
   1.6633614e+06
   1.6634766e+06
   1.6635581e+06
   1.6636458e+06
   1.6637203e+06
   1.6637859e+06
   1.6638717e+06
   1.6639423e+06
   1.6640028e+06
   1.6640942e+06
   1.6641838e+06
   1.6642664e+06
   1.6643770e+06
   1.6644611e+06
   1.6645289e+06
   1.6646075e+06
   1.6646968e+06
   1.6647753e+06
   1.6649215e+06
   1.6650631e+06
   1.6651488e+06
   1.6652122e+06
   1.6652909e+06
   1.6653879e+06
   1.6654898e+06
   1.6656129e+06
   1.6656950e+06
   1.6658081e+06
   1.6658740e+06
   1.6660199e+06
   1.6661120e+06
   1.6662109e+06
   1.6663101e+06
   1.6664070e+06
   1.6665272e+06
   1.6666147e+06
   1.6667013e+06
   1.6668221e+06
   1.6669574e+06
   1.6671456e+06
   1.6672579e+06
   1.6673416e+06
   1.6674251e+06
   1.6674967e+06
   1.6675955e+06
   1.6677088e+06
   1.6677796e+06
   1.6678728e+06
   1.6679933e+06
   1.6680753e+06
   1.6681508e+06
   1.6682594e+06
   1.6683825e+06
   1.6684656e+06
   1.6685745e+06
   1.6687070e+06
   1.6688583e+06
   1.6689481e+06
   1.6690784e+06
   1.6691908e+06
   1.6692646e+06
   1.6693534e+06
   1.6694742e+06
   1.6695713e+06
   1.6696788e+06
   1.6698002e+06
   1.6698790e+06
   1.6699481e+06
   1.6700429e+06
   1.6701386e+06
   1.6702168e+06
   1.6703167e+06
   1.6704216e+06
   1.6705297e+06
   1.6706202e+06
   1.6707369e+06
   1.6708274e+06
   1.6709289e+06
   1.6710209e+06
   1.6711106e+06
   1.6712334e+06
   1.6713118e+06
   1.6714006e+06
   1.6714899e+06
   1.6715976e+06
   1.6717027e+06
   1.6717730e+06
   1.6718562e+06
   1.6719731e+06
   1.6720482e+06
   1.6721588e+06
   1.6722694e+06
   1.6723539e+06
   1.6724389e+06
   1.6725126e+06
   1.6726114e+06
   1.6727267e+06
   1.6728130e+06
   1.6728891e+06
   1.6729741e+06
   1.6730921e+06
   1.6731833e+06
   1.6732632e+06
   1.6733392e+06
   1.6734185e+06
   1.6735283e+06
   1.6736380e+06
   1.6737330e+06
   1.6738184e+06
   1.6739180e+06
   1.6739977e+06
   1.6741546e+06
   1.6742570e+06
   1.6743989e+06
   1.6745337e+06
   1.6746384e+06
   1.6748445e+06
   1.6749312e+06
   1.6750289e+06
   1.6751111e+06
   1.6752103e+06
   1.6753319e+06
   1.6754173e+06
   1.6755120e+06
   1.6756100e+06
   1.6757015e+06
   1.6757807e+06
   1.6759026e+06
   1.6759814e+06
   1.6760903e+06
   1.6761877e+06
   1.6762775e+06
   1.6763496e+06
   1.6764451e+06
   1.6765331e+06
   1.6766222e+06
   1.6766943e+06
   1.6767996e+06
   1.6769317e+06
   1.6770463e+06
   1.6771569e+06
   1.6773216e+06
   1.6773774e+06
   1.6774584e+06
   1.6775375e+06
   1.6776148e+06
   1.6777030e+06
   1.6778147e+06
   1.6779700e+06
   1.6780907e+06
   1.6781666e+06
   1.6782703e+06
   1.6783570e+06
   1.6784750e+06
   1.6786243e+06
   1.6787089e+06
   1.6787953e+06
   1.6789061e+06
   1.6790119e+06
   1.6791094e+06
   1.6792601e+06
   1.6793413e+06
   1.6794031e+06
   1.6795030e+06
   1.6795862e+06
   1.6796613e+06
   1.6797537e+06
   1.6798456e+06
   1.6799386e+06
   1.6802506e+06
   1.6807401e+06
   1.6813164e+06
   1.6818506e+06
   1.6820602e+06
   1.6827762e+06
   1.6829260e+06
   1.6834115e+06
   1.6948236e+06
   1.6952659e+06
   1.6956197e+06
   1.6977204e+06
   1.6983260e+06
   1.6986501e+06
   1.6987911e+06
   1.6991084e+06
   1.6992999e+06
   1.6997472e+06
   1.7000610e+06
   1.7004587e+06
   1.7016831e+06
   1.7021086e+06
   1.7025017e+06
   1.7035031e+06
   1.7037852e+06
   1.7040724e+06
   1.7042800e+06
   1.7051987e+06
   1.7058717e+06
   1.7062867e+06
   1.7064861e+06
   1.7068966e+06
   1.7077274e+06
   1.7080528e+06
   1.7083578e+06
   1.7200820e+06
   1.7201735e+06
   1.7202444e+06
   1.7203232e+06
   1.7203957e+06
   1.7204802e+06
   1.7205593e+06
   1.7206578e+06
   1.7207437e+06
   1.7208140e+06
   1.7208904e+06
   1.7209796e+06
   1.7210596e+06
   1.7211378e+06
   1.7212252e+06
   1.7213159e+06
   1.7213881e+06
   1.7214748e+06
   1.7215818e+06
   1.7216635e+06
   1.7217289e+06
   1.7217916e+06
   1.7218820e+06
   1.7219699e+06
   1.7220342e+06
   1.7221485e+06
   1.7222420e+06
   1.7223188e+06
   1.7223986e+06
   1.7224847e+06
   1.7225988e+06
   1.7226696e+06
   1.7227439e+06
   1.7228668e+06
   1.7229490e+06
   1.7230083e+06
   1.7230710e+06
   1.7231383e+06
   1.7232062e+06
   1.7232979e+06
   1.7233792e+06
   1.7234615e+06
   1.7235497e+06
   1.7236289e+06
   1.7237069e+06
   1.7238127e+06
   1.7239039e+06
   1.7239766e+06
   1.7240589e+06
   1.7241358e+06
   1.7242158e+06
   1.7242883e+06
   1.7243635e+06
   1.7244509e+06
   1.7245714e+06
   1.7246433e+06
   1.7247453e+06
   1.7248292e+06
   1.7249193e+06
   1.7250181e+06
   1.7250962e+06
   1.7251746e+06
   1.7252921e+06
   1.7253743e+06
   1.7254411e+06
   1.7255293e+06
   1.7256056e+06
   1.7256793e+06
   1.7257982e+06
   1.7258869e+06
   1.7259640e+06
   1.7260626e+06
   1.7261542e+06
   1.7262275e+06
   1.7263150e+06
   1.7263836e+06
   1.7264594e+06
   1.7265479e+06
   1.7266665e+06
   1.7267592e+06
   1.7268285e+06
   1.7269086e+06
   1.7269898e+06
   1.7271906e+06
   1.7272750e+06
   1.7273817e+06
   1.7274915e+06
   1.7275958e+06
   1.7277042e+06
   1.7278287e+06
   1.7279414e+06
   1.7280243e+06
   1.7281042e+06
   1.7282476e+06
   1.7283326e+06
   1.7284158e+06
   1.7285257e+06
   1.7286448e+06
   1.7287170e+06
   1.7288152e+06
   1.7289151e+06
   1.7290184e+06
   1.7290928e+06
   1.7291695e+06
   1.7292407e+06
   1.7293126e+06
   1.7294188e+06
   1.7295389e+06
   1.7296202e+06
   1.7296792e+06
   1.7297754e+06
   1.7298650e+06
   1.7299774e+06
   1.7300615e+06
   1.7301576e+06
   1.7302266e+06
   1.7303291e+06
   1.7304141e+06
   1.7304995e+06
   1.7305943e+06
   1.7306803e+06
   1.7307649e+06
   1.7308638e+06
   1.7309308e+06
   1.7310244e+06
   1.7311161e+06
   1.7311996e+06
   1.7312878e+06
   1.7314035e+06
   1.7314685e+06
   1.7315678e+06
   1.7316488e+06
   1.7317376e+06
   1.7318368e+06
   1.7319539e+06
   1.7320533e+06
   1.7321351e+06
   1.7322284e+06
   1.7323009e+06
   1.7324093e+06
   1.7324977e+06
   1.7325963e+06
   1.7326577e+06
   1.7327488e+06
   1.7328553e+06
   1.7329477e+06
   1.7330390e+06
   1.7331320e+06
   1.7332632e+06
   1.7333373e+06
   1.7334159e+06
   1.7334963e+06
   1.7335938e+06
   1.7336714e+06
   1.7337542e+06
   1.7338373e+06
   1.7339276e+06
   1.7340966e+06
   1.7341849e+06
   1.7342868e+06
   1.7343722e+06
   1.7344406e+06
   1.7345550e+06
   1.7346538e+06
   1.7347306e+06
   1.7348230e+06
   1.7349172e+06
   1.7350009e+06
   1.7351324e+06
   1.7352032e+06
   1.7352932e+06
   1.7354272e+06
   1.7355210e+06
   1.7355896e+06
   1.7356752e+06
   1.7358079e+06
   1.7358976e+06
   1.7359652e+06
   1.7360323e+06
   1.7361223e+06
   1.7362042e+06
   1.7362913e+06
   1.7363765e+06
   1.7364754e+06
   1.7365854e+06
   1.7366752e+06
   1.7367597e+06
   1.7368650e+06
   1.7369444e+06
   1.7370490e+06
   1.7371263e+06
   1.7372918e+06
   1.7373827e+06
   1.7374730e+06
   1.7375498e+06
   1.7376623e+06
   1.7377632e+06
   1.7378456e+06
   1.7380050e+06
   1.7381082e+06
   1.7382131e+06
   1.7383053e+06
   1.7383938e+06
   1.7384646e+06
   1.7385407e+06
   1.7386444e+06
   1.7387814e+06
   1.7388540e+06
   1.7389269e+06
   1.7390116e+06
   1.7390842e+06
   1.7391904e+06
   1.7393027e+06
   1.7394091e+06
   1.7395007e+06
   1.7395967e+06
   1.7396810e+06
   1.7398064e+06
   1.7398956e+06
   1.7399775e+06
   1.7405495e+06
   1.7413018e+06
   1.7421264e+06
   1.7429338e+06
   1.7442201e+06
   1.7447403e+06
   1.7452536e+06
   1.7463845e+06
   1.7470710e+06
   1.7477745e+06
   1.7480285e+06
   1.7483675e+06
   1.7486872e+06
   1.7488992e+06
   1.7491778e+06
   1.7494041e+06
   1.7498543e+06
   1.7529901e+06
   1.7535598e+06
   1.7539052e+06
   1.7571544e+06
   1.7579317e+06
   1.7584631e+06
   1.7592488e+06
   1.7595961e+06
   1.7599409e+06
   1.7601847e+06
   1.7615077e+06
   1.7620050e+06
   1.7622122e+06
   1.7627668e+06
   1.7632791e+06
   1.7636153e+06
   1.7649150e+06
   1.7651380e+06
   1.7656314e+06
   1.7658713e+06
   1.7660804e+06
   1.7663571e+06
   1.7669870e+06
   1.7678371e+06
   1.7685269e+06
   1.7686783e+06
   1.7690652e+06
   1.7698042e+06
   1.7702308e+06
   1.7707657e+06
   1.7710784e+06
   1.7712941e+06
   1.7714924e+06
   1.7718650e+06
   1.7724401e+06
   1.7727489e+06
   1.7730499e+06
   1.7733167e+06
   1.7800816e+06
   1.7801566e+06
   1.7802280e+06
   1.7802960e+06
   1.7803666e+06
   1.7804624e+06
   1.7805458e+06
   1.7806472e+06
   1.7807262e+06
   1.7808192e+06
   1.7808986e+06
   1.7809981e+06
   1.7810914e+06
   1.7811625e+06
   1.7812273e+06
   1.7813125e+06
   1.7813813e+06
   1.7814575e+06
   1.7815259e+06
   1.7816089e+06
   1.7816724e+06
   1.7817487e+06
   1.7818251e+06
   1.7819159e+06
   1.7819872e+06
   1.7820848e+06
   1.7821639e+06
   1.7822674e+06
   1.7823480e+06
   1.7824184e+06
   1.7824889e+06
   1.7825843e+06
   1.7826819e+06
   1.7827469e+06
   1.7828454e+06
   1.7829189e+06
   1.7829980e+06
   1.7830682e+06
   1.7831568e+06
   1.7832504e+06
   1.7833280e+06
   1.7834038e+06
   1.7834725e+06
   1.7835491e+06
   1.7836211e+06
   1.7837185e+06
   1.7838281e+06
   1.7839088e+06
   1.7839813e+06
   1.7840635e+06
   1.7841448e+06
   1.7842233e+06
   1.7843038e+06
   1.7843872e+06
   1.7844467e+06
   1.7845098e+06
   1.7845718e+06
   1.7846309e+06
   1.7847405e+06
   1.7848078e+06
   1.7848867e+06
   1.7849831e+06
   1.7850616e+06
   1.7851254e+06
   1.7852059e+06
   1.7852861e+06
   1.7853679e+06
   1.7854256e+06
   1.7854907e+06
   1.7856104e+06
   1.7856745e+06
   1.7857643e+06
   1.7858457e+06
   1.7859320e+06
   1.7860084e+06
   1.7861006e+06
   1.7861795e+06
   1.7862586e+06
   1.7863433e+06
   1.7864356e+06
   1.7865074e+06
   1.7865941e+06
   1.7866905e+06
   1.7867875e+06
   1.7869088e+06
   1.7869847e+06
   1.7871419e+06
   1.7872144e+06
   1.7873097e+06
   1.7873766e+06
   1.7874755e+06
   1.7875734e+06
   1.7876928e+06
   1.7877723e+06
   1.7878617e+06
   1.7879270e+06
   1.7880055e+06
   1.7880862e+06
   1.7881577e+06
   1.7882434e+06
   1.7883037e+06
   1.7883662e+06
   1.7884596e+06
   1.7885469e+06
   1.7886696e+06
   1.7887462e+06
   1.7888210e+06
   1.7888945e+06
   1.7889982e+06
   1.7890813e+06
   1.7891861e+06
   1.7892943e+06
   1.7893919e+06
   1.7894723e+06
   1.7895395e+06
   1.7896229e+06
   1.7896928e+06
   1.7897803e+06
   1.7898649e+06
   1.7899568e+06
   1.7900459e+06
   1.7901383e+06
   1.7902221e+06
   1.7903154e+06
   1.7903901e+06
   1.7904716e+06
   1.7905410e+06
   1.7906635e+06
   1.7907477e+06
   1.7908157e+06
   1.7909160e+06
   1.7909966e+06
   1.7911113e+06
   1.7912004e+06
   1.7912862e+06
   1.7913771e+06
   1.7914604e+06
   1.7915876e+06
   1.7916720e+06
   1.7917726e+06
   1.7918764e+06
   1.7919450e+06
   1.7920294e+06
   1.7921229e+06
   1.7922012e+06
   1.7922895e+06
   1.7923829e+06
   1.7924567e+06
   1.7925438e+06
   1.7926353e+06
   1.7927318e+06
   1.7928468e+06
   1.7929584e+06
   1.7930304e+06
   1.7931086e+06
   1.7931849e+06
   1.7932801e+06
   1.7933781e+06
   1.7934550e+06
   1.7935307e+06
   1.7936144e+06
   1.7936770e+06
   1.7937638e+06
   1.7938718e+06
   1.7939498e+06
   1.7941364e+06
   1.7942363e+06
   1.7943273e+06
   1.7944266e+06
   1.7944930e+06
   1.7945668e+06
   1.7946329e+06
   1.7947057e+06
   1.7947782e+06
   1.7949021e+06
   1.7950110e+06
   1.7951219e+06
   1.7952434e+06
   1.7953243e+06
   1.7954025e+06
   1.7954942e+06
   1.7955874e+06
   1.7957009e+06
   1.7957771e+06
   1.7958514e+06
   1.7959376e+06
   1.7960169e+06
   1.7960925e+06
   1.7961692e+06
   1.7962427e+06
   1.7963131e+06
   1.7964132e+06
   1.7965009e+06
   1.7965869e+06
   1.7966791e+06
   1.7967829e+06
   1.7969116e+06
   1.7969852e+06
   1.7970695e+06
   1.7971464e+06
   1.7972564e+06
   1.7973544e+06
   1.7974322e+06
   1.7975376e+06
   1.7976394e+06
   1.7977038e+06
   1.7978065e+06
   1.7978814e+06
   1.7979500e+06
   1.7980169e+06
   1.7980901e+06
   1.7981826e+06
   1.7982562e+06
   1.7983588e+06
   1.7984395e+06
   1.7985238e+06
   1.7985983e+06
   1.7986825e+06
   1.7987627e+06
   1.7988774e+06
   1.7989687e+06
   1.7990930e+06
   1.7992013e+06
   1.7992788e+06
   1.7993548e+06
   1.7994922e+06
   1.7995918e+06
   1.7996961e+06
   1.7997700e+06
   1.7998587e+06
   1.7999444e+06
   1.8007703e+06
   1.8012076e+06
   1.8090549e+06
   1.8094669e+06
   1.8097294e+06
   1.8104407e+06
   1.8110589e+06
   1.8113473e+06
   1.8119687e+06
   1.8129156e+06
   1.8134687e+06
   1.8136237e+06
   1.8143799e+06
   1.8146192e+06
   1.8148190e+06
   1.8155486e+06
   1.8160390e+06
   1.8162985e+06
   1.8211497e+06
   1.8214644e+06
   1.8221129e+06
   1.8223307e+06
   1.8230467e+06
   1.8234900e+06
   1.8240412e+06
   1.8247590e+06
   1.8261767e+06
   1.8264682e+06
   1.8267097e+06
   1.8271811e+06
   1.8276612e+06
   1.8279318e+06
   1.8282495e+06
   1.8306916e+06
   1.8310696e+06
   1.8316929e+06
   1.8321145e+06
   1.8323643e+06
   1.8357863e+06
   1.8362696e+06
   1.8366131e+06
   1.8373787e+06
   1.8375838e+06
   1.8378744e+06
   1.8387045e+06
   1.8389497e+06
   1.8393874e+06
   1.8395127e+06
   1.8397439e+06
   1.8400521e+06
   1.8401401e+06
   1.8402130e+06
   1.8402921e+06
   1.8403523e+06
   1.8404304e+06
   1.8405018e+06
   1.8405797e+06
   1.8406390e+06
   1.8407103e+06
   1.8407822e+06
   1.8408539e+06
   1.8409333e+06
   1.8410131e+06
   1.8410931e+06
   1.8411528e+06
   1.8412257e+06
   1.8412954e+06
   1.8413544e+06
   1.8414463e+06
   1.8415201e+06
   1.8416086e+06
   1.8417033e+06
   1.8417807e+06
   1.8418407e+06
   1.8419402e+06
   1.8420235e+06
   1.8421118e+06
   1.8421897e+06
   1.8422722e+06
   1.8423693e+06
   1.8424352e+06
   1.8425000e+06
   1.8425738e+06
   1.8426663e+06
   1.8427625e+06
   1.8428726e+06
   1.8429462e+06
   1.8430291e+06
   1.8430979e+06
   1.8431733e+06
   1.8432508e+06
   1.8433257e+06
   1.8434032e+06
   1.8434713e+06
   1.8435484e+06
   1.8436097e+06
   1.8436793e+06
   1.8437402e+06
   1.8438021e+06
   1.8438770e+06
   1.8439489e+06
   1.8440108e+06
   1.8440917e+06
   1.8441577e+06
   1.8442155e+06
   1.8443029e+06
   1.8443787e+06
   1.8444699e+06
   1.8445380e+06
   1.8446088e+06
   1.8446957e+06
   1.8447708e+06
   1.8448463e+06
   1.8449243e+06
   1.8450413e+06
   1.8451298e+06
   1.8452263e+06
   1.8452975e+06
   1.8453668e+06
   1.8454520e+06
   1.8455361e+06
   1.8455908e+06
   1.8456710e+06
   1.8457498e+06
   1.8458342e+06
   1.8458927e+06
   1.8459643e+06
   1.8460258e+06
   1.8461106e+06
   1.8461830e+06
   1.8462590e+06
   1.8463665e+06
   1.8464476e+06
   1.8465507e+06
   1.8466593e+06
   1.8467524e+06
   1.8468513e+06
   1.8469337e+06
   1.8471143e+06
   1.8471803e+06
   1.8472585e+06
   1.8473490e+06
   1.8474292e+06
   1.8474849e+06
   1.8475597e+06
   1.8476215e+06
   1.8476919e+06
   1.8477707e+06
   1.8478616e+06
   1.8479801e+06
   1.8480529e+06
   1.8481545e+06
   1.8482401e+06
   1.8483123e+06
   1.8483853e+06
   1.8484631e+06
   1.8485397e+06
   1.8486143e+06
   1.8486937e+06
   1.8487547e+06
   1.8488239e+06
   1.8488882e+06
   1.8489703e+06
   1.8490703e+06
   1.8491530e+06
   1.8492165e+06
   1.8492852e+06
   1.8493515e+06
   1.8494501e+06
   1.8495537e+06
   1.8496228e+06
   1.8497142e+06
   1.8497831e+06
   1.8498540e+06
   1.8499823e+06
   1.8500565e+06
   1.8501474e+06
   1.8502269e+06
   1.8502975e+06
   1.8503618e+06
   1.8504595e+06
   1.8505177e+06
   1.8505935e+06
   1.8506797e+06
   1.8507842e+06
   1.8508552e+06
   1.8509259e+06
   1.8509992e+06
   1.8510675e+06
   1.8511395e+06
   1.8512255e+06
   1.8513131e+06
   1.8513791e+06
   1.8514588e+06
   1.8515591e+06
   1.8516107e+06
   1.8516975e+06
   1.8517588e+06
   1.8518492e+06
   1.8519845e+06
   1.8520702e+06
   1.8521611e+06
   1.8522319e+06
   1.8523159e+06
   1.8523957e+06
   1.8524687e+06
   1.8525615e+06
   1.8526327e+06
   1.8527042e+06
   1.8527761e+06
   1.8528574e+06
   1.8529331e+06
   1.8530125e+06
   1.8530856e+06
   1.8531705e+06
   1.8532365e+06
   1.8533536e+06
   1.8534183e+06
   1.8534860e+06
   1.8535951e+06
   1.8537045e+06
   1.8537782e+06
   1.8538517e+06
   1.8539200e+06
   1.8541104e+06
   1.8541962e+06
   1.8542709e+06
   1.8543753e+06
   1.8544584e+06
   1.8545411e+06
   1.8546286e+06
   1.8547051e+06
   1.8548001e+06
   1.8548904e+06
   1.8549669e+06
   1.8550608e+06
   1.8551265e+06
   1.8552121e+06
   1.8552916e+06
   1.8553676e+06
   1.8554451e+06
   1.8555161e+06
   1.8555878e+06
   1.8556802e+06
   1.8557575e+06
   1.8558297e+06
   1.8559184e+06
   1.8560255e+06
   1.8561164e+06
   1.8561960e+06
   1.8562731e+06
   1.8563704e+06
   1.8564562e+06
   1.8565495e+06
   1.8566389e+06
   1.8567285e+06
   1.8568249e+06
   1.8569066e+06
   1.8569756e+06
   1.8570486e+06
   1.8571237e+06
   1.8571874e+06
   1.8572435e+06
   1.8573147e+06
   1.8573869e+06
   1.8574628e+06
   1.8575543e+06
   1.8576304e+06
   1.8577000e+06
   1.8577815e+06
   1.8578832e+06
   1.8579775e+06
   1.8580393e+06
   1.8581727e+06
   1.8582757e+06
   1.8583701e+06
   1.8584555e+06
   1.8585348e+06
   1.8586153e+06
   1.8586963e+06
   1.8587687e+06
   1.8588614e+06
   1.8589511e+06
   1.8590337e+06
   1.8591138e+06
   1.8591878e+06
   1.8592483e+06
   1.8593191e+06
   1.8594057e+06
   1.8594933e+06
   1.8595952e+06
   1.8596614e+06
   1.8597546e+06
   1.8598384e+06
   1.8599130e+06
   1.8599959e+06
   1.8623683e+06
   1.8628126e+06
   1.8641824e+06
   1.8644024e+06
   1.8668407e+06
   1.8671306e+06
   1.8673926e+06
   1.8682581e+06
   1.8732010e+06
   1.8735538e+06
   1.8933835e+06
   1.8939393e+06
   1.8942280e+06
   1.8948236e+06
   1.8949844e+06
   1.8955867e+06
   1.8958931e+06
   1.8962954e+06
   1.8972502e+06
   1.9000646e+06
   1.9001382e+06
   1.9002021e+06
   1.9002772e+06
   1.9003540e+06
   1.9004167e+06
   1.9004824e+06
   1.9005418e+06
   1.9006207e+06
   1.9007147e+06
   1.9008406e+06
   1.9008948e+06
   1.9009716e+06
   1.9010333e+06
   1.9010975e+06
   1.9011567e+06
   1.9012170e+06
   1.9012769e+06
   1.9013502e+06
   1.9014102e+06
   1.9014691e+06
   1.9015488e+06
   1.9016106e+06
   1.9016770e+06
   1.9017515e+06
   1.9018165e+06
   1.9018839e+06
   1.9019541e+06
   1.9020311e+06
   1.9020800e+06
   1.9021479e+06
   1.9022166e+06
   1.9022875e+06
   1.9023546e+06
   1.9024115e+06
   1.9024895e+06
   1.9025429e+06
   1.9026072e+06
   1.9027180e+06
   1.9027896e+06
   1.9028615e+06
   1.9029243e+06
   1.9030030e+06
   1.9030863e+06
   1.9031552e+06
   1.9032120e+06
   1.9032739e+06
   1.9033308e+06
   1.9033945e+06
   1.9034512e+06
   1.9035320e+06
   1.9035936e+06
   1.9036668e+06
   1.9037446e+06
   1.9038445e+06
   1.9039069e+06
   1.9039693e+06
   1.9040352e+06
   1.9040974e+06
   1.9041854e+06
   1.9042449e+06
   1.9043174e+06
   1.9043902e+06
   1.9044609e+06
   1.9045228e+06
   1.9045900e+06
   1.9046464e+06
   1.9047124e+06
   1.9047828e+06
   1.9048726e+06
   1.9049373e+06
   1.9050023e+06
   1.9050792e+06
   1.9051709e+06
   1.9052491e+06
   1.9053161e+06
   1.9053706e+06
   1.9054366e+06
   1.9054833e+06
   1.9055413e+06
   1.9056076e+06
   1.9056758e+06
   1.9057388e+06
   1.9057983e+06
   1.9058576e+06
   1.9059372e+06
   1.9060081e+06
   1.9060751e+06
   1.9061371e+06
   1.9062026e+06
   1.9062688e+06
   1.9063413e+06
   1.9064010e+06
   1.9064752e+06
   1.9065547e+06
   1.9066173e+06
   1.9066930e+06
   1.9067849e+06
   1.9068770e+06
   1.9069433e+06
   1.9070927e+06
   1.9071562e+06
   1.9072221e+06
   1.9072908e+06
   1.9073572e+06
   1.9074191e+06
   1.9074833e+06
   1.9075709e+06
   1.9076407e+06
   1.9077138e+06
   1.9077891e+06
   1.9078576e+06
   1.9079591e+06
   1.9080279e+06
   1.9081098e+06
   1.9081795e+06
   1.9082620e+06
   1.9083575e+06
   1.9084304e+06
   1.9084965e+06
   1.9085677e+06
   1.9086431e+06
   1.9087278e+06
   1.9088059e+06
   1.9088872e+06
   1.9089811e+06
   1.9090412e+06
   1.9091100e+06
   1.9091877e+06
   1.9092661e+06
   1.9093516e+06
   1.9094313e+06
   1.9095201e+06
   1.9096089e+06
   1.9096826e+06
   1.9097571e+06
   1.9098354e+06
   1.9098993e+06
   1.9099988e+06
   1.9100629e+06
   1.9101469e+06
   1.9102258e+06
   1.9103071e+06
   1.9103902e+06
   1.9104512e+06
   1.9105083e+06
   1.9105722e+06
   1.9106386e+06
   1.9107015e+06
   1.9107717e+06
   1.9108388e+06
   1.9108951e+06
   1.9109659e+06
   1.9110403e+06
   1.9111111e+06
   1.9111829e+06
   1.9112663e+06
   1.9113452e+06
   1.9114135e+06
   1.9114818e+06
   1.9115852e+06
   1.9116652e+06
   1.9117561e+06
   1.9118249e+06
   1.9118976e+06
   1.9120023e+06
   1.9120707e+06
   1.9121357e+06
   1.9121988e+06
   1.9122895e+06
   1.9123706e+06
   1.9124359e+06
   1.9125157e+06
   1.9125724e+06
   1.9126476e+06
   1.9126992e+06
   1.9127620e+06
   1.9128450e+06
   1.9129219e+06
   1.9129855e+06
   1.9130563e+06
   1.9131149e+06
   1.9131775e+06
   1.9132358e+06
   1.9133275e+06
   1.9133840e+06
   1.9134674e+06
   1.9135319e+06
   1.9135852e+06
   1.9136588e+06
   1.9137308e+06
   1.9138308e+06
   1.9139589e+06
   1.9141139e+06
   1.9141976e+06
   1.9142890e+06
   1.9143728e+06
   1.9144337e+06
   1.9145136e+06
   1.9145729e+06
   1.9146639e+06
   1.9147611e+06
   1.9148302e+06
   1.9149156e+06
   1.9149780e+06
   1.9150491e+06
   1.9151431e+06
   1.9152113e+06
   1.9153145e+06
   1.9153957e+06
   1.9154604e+06
   1.9155393e+06
   1.9156414e+06
   1.9157106e+06
   1.9157790e+06
   1.9158404e+06
   1.9158734e+06
   1.9159088e+06
   1.9159315e+06
   1.9159380e+06
   1.9159506e+06
   1.9159767e+06
   1.9160186e+06
   1.9160285e+06
   1.9160472e+06
   1.9160488e+06
   1.9160850e+06
   1.9161116e+06
   1.9161207e+06
   1.9161447e+06
   1.9161646e+06
   1.9161896e+06
   1.9162071e+06
   1.9162134e+06
   1.9162341e+06
   1.9162731e+06
   1.9162903e+06
   1.9163076e+06
   1.9163090e+06
   1.9163532e+06
   1.9163653e+06
   1.9163855e+06
   1.9163891e+06
   1.9164294e+06
   1.9164514e+06
   1.9164553e+06
   1.9164654e+06
   1.9164932e+06
   1.9165298e+06
   1.9165416e+06
   1.9165557e+06
   1.9165713e+06
   1.9165952e+06
   1.9166128e+06
   1.9166351e+06
   1.9166466e+06
   1.9166677e+06
   1.9166834e+06
   1.9166970e+06
   1.9167282e+06
   1.9167352e+06
   1.9167641e+06
   1.9167776e+06
   1.9168074e+06
   1.9168083e+06
   1.9168493e+06
   1.9168537e+06
   1.9168809e+06
   1.9168913e+06
   1.9169114e+06
   1.9169260e+06
   1.9169545e+06
   1.9169546e+06
   1.9169791e+06
   1.9169837e+06
   1.9170354e+06
   1.9170411e+06
   1.9170468e+06
   1.9170585e+06
   1.9171019e+06
   1.9171106e+06
   1.9171360e+06
   1.9171385e+06
   1.9171787e+06
   1.9171905e+06
   1.9172090e+06
   1.9172274e+06
   1.9172524e+06
   1.9172804e+06
   1.9172844e+06
   1.9172926e+06
   1.9173488e+06
   1.9173650e+06
   1.9173745e+06
   1.9173987e+06
   1.9174169e+06
   1.9174500e+06
   1.9174695e+06
   1.9174864e+06
   1.9175035e+06
   1.9175461e+06
   1.9175488e+06
   1.9175572e+06
   1.9175935e+06
   1.9176113e+06
   1.9176223e+06
   1.9176329e+06
   1.9176661e+06
   1.9176830e+06
   1.9176964e+06
   1.9177169e+06
   1.9177274e+06
   1.9177581e+06
   1.9177706e+06
   1.9177935e+06
   1.9177947e+06
   1.9178307e+06
   1.9178377e+06
   1.9178660e+06
   1.9178871e+06
   1.9178949e+06
   1.9179029e+06
   1.9179371e+06
   1.9179668e+06
   1.9179715e+06
   1.9179887e+06
   1.9180074e+06
   1.9180309e+06
   1.9180532e+06
   1.9180604e+06
   1.9180845e+06
   1.9180872e+06
   1.9181173e+06
   1.9181419e+06
   1.9181670e+06
   1.9181912e+06
   1.9182034e+06
   1.9182415e+06
   1.9182634e+06
   1.9182679e+06
   1.9182950e+06
   1.9183275e+06
   1.9183444e+06
   1.9183659e+06
   1.9183910e+06
   1.9184078e+06
   1.9184439e+06
   1.9184482e+06
   1.9184701e+06
   1.9185024e+06
   1.9185264e+06
   1.9185288e+06
   1.9185480e+06
   1.9185647e+06
   1.9185972e+06
   1.9186166e+06
   1.9186193e+06
   1.9186461e+06
   1.9186754e+06
   1.9187053e+06
   1.9187264e+06
   1.9187543e+06
   1.9187643e+06
   1.9187849e+06
   1.9188151e+06
   1.9188299e+06
   1.9188607e+06
   1.9188668e+06
   1.9188909e+06
   1.9189070e+06
   1.9189339e+06
   1.9189405e+06
   1.9189564e+06
   1.9189942e+06
   1.9190026e+06
   1.9190156e+06
   1.9190289e+06
   1.9190532e+06
   1.9190833e+06
   1.9190935e+06
   1.9191025e+06
   1.9191516e+06
   1.9191649e+06
   1.9191711e+06
   1.9191861e+06
   1.9192341e+06
   1.9192447e+06
   1.9192467e+06
   1.9192679e+06
   1.9193037e+06
   1.9193135e+06
   1.9193408e+06
   1.9193444e+06
   1.9193950e+06
   1.9193975e+06
   1.9194048e+06
   1.9194077e+06
   1.9194645e+06
   1.9194730e+06
   1.9194749e+06
   1.9194774e+06
   1.9195300e+06
   1.9195348e+06
   1.9195569e+06
   1.9195602e+06
   1.9195918e+06
   1.9196076e+06
   1.9196279e+06
   1.9196369e+06
   1.9196850e+06
   1.9196856e+06
   1.9196969e+06
   1.9197045e+06
   1.9197621e+06
   1.9197716e+06
   1.9197717e+06
   1.9198396e+06
   1.9198433e+06
   1.9198464e+06
   1.9198481e+06
   1.9199073e+06
   1.9199079e+06
   1.9199121e+06
   1.9199522e+06
   1.9199749e+06
   1.9199940e+06
