   2.6995929e+03
   4.3198456e+03
   5.4379474e+03
   7.2304248e+03
   8.8843087e+03
   1.0374179e+04
   1.1670906e+04
   1.2835840e+04
   1.4015812e+04
   1.4932477e+04
   1.6452868e+04
   1.8152897e+04
   1.9386604e+04
   2.0393033e+04
   2.1437396e+04
   2.3398006e+04
   2.5602492e+04
   2.6807615e+04
   2.7988208e+04
   2.9256757e+04
   3.0640129e+04
   3.2265874e+04
   3.3378605e+04
   3.4854525e+04
   3.6070540e+04
   3.7829866e+04
   4.0261554e+04
   4.1713614e+04
   4.3051239e+04
   4.4428687e+04
   4.5799354e+04
   4.6886313e+04
   4.8165935e+04
   4.9857678e+04
   5.1302780e+04
   5.2900398e+04
   5.3898820e+04
   5.5618557e+04
   5.7871060e+04
   5.9384420e+04
   1.0108366e+05
   1.0190974e+05
   1.0379384e+05
   1.0556761e+05
   1.0652703e+05
   1.0798271e+05
   1.0944940e+05
   1.1070985e+05
   1.1315905e+05
   1.1706888e+05
   1.1847379e+05
   1.1959478e+05
   1.6120180e+05
   1.6245386e+05
   1.6351340e+05
   1.6495670e+05
   1.6630725e+05
   1.6802040e+05
   1.6920323e+05
   1.7008653e+05
   1.7136283e+05
   1.7268405e+05
   1.7702683e+05
   1.7838072e+05
   1.7925628e+05
   2.2088817e+05
   2.2166683e+05
   2.2239050e+05
   2.2374389e+05
   2.2520678e+05
   2.2836499e+05
   2.2927754e+05
   2.3100357e+05
   2.3210367e+05
   2.3320356e+05
   2.3568333e+05
   2.3706659e+05
   2.3817738e+05
   2.3890343e+05
   2.3976477e+05
   2.8071205e+05
   2.8134393e+05
   2.8250049e+05
   2.8341476e+05
   2.8440421e+05
   2.8536569e+05
   2.8828799e+05
   2.8985088e+05
   2.9171392e+05
   2.9263757e+05
   2.9368757e+05
   2.9523293e+05
   2.9657657e+05
   2.9751368e+05
   2.9856737e+05
   3.4138970e+05
   3.4277729e+05
   3.4380166e+05
   3.4508686e+05
   3.4600382e+05
   3.4830655e+05
   3.4942878e+05
   3.5050637e+05
   3.5183512e+05
   3.5363886e+05
   3.5519019e+05
   3.5811561e+05
   3.5939112e+05
   4.0130090e+05
   4.0287821e+05
   4.0384420e+05
   4.0504198e+05
   4.0792315e+05
   4.0973154e+05
   4.1083529e+05
   4.1167494e+05
   4.1287393e+05
   4.1572416e+05
   4.1719043e+05
   4.1847454e+05
   4.1965752e+05
   4.6086586e+05
   4.6216036e+05
   4.6348544e+05
   4.6454419e+05
   4.6590846e+05
   4.6791765e+05
   4.6904967e+05
   4.7078034e+05
   4.7185585e+05
   4.7293770e+05
   4.7398922e+05
   4.7505656e+05
   4.7654224e+05
   4.7832921e+05
   4.7967301e+05
   5.2081652e+05
   5.2205082e+05
   5.2308917e+05
   5.2413637e+05
   5.2523894e+05
   5.2668755e+05
   5.2806327e+05
   5.2949755e+05
   5.3062019e+05
   5.3187880e+05
   5.3378556e+05
   5.3516727e+05
   5.3643478e+05
   5.3753116e+05
   5.3883424e+05
   5.8097206e+05
   5.8225778e+05
   5.8324471e+05
   5.8409801e+05
   5.8529189e+05
   5.8650631e+05
   5.8880762e+05
   5.9058308e+05
   5.9188630e+05
   5.9514581e+05
   5.9623101e+05
   5.9706393e+05
   5.9824461e+05
   5.9994285e+05
   6.0138802e+05
   6.0293104e+05
   6.0427818e+05
   6.0533992e+05
   6.0706131e+05
   6.0909091e+05
   6.1114796e+05
   6.1228506e+05
   6.1336417e+05
   6.1452238e+05
   6.1608837e+05
   6.1719453e+05
   6.1849583e+05
   6.2099062e+05
   6.2248632e+05
   6.2409076e+05
   6.2499153e+05
   6.2635283e+05
   6.2825281e+05
   6.2996666e+05
   6.3151454e+05
   6.3265414e+05
   6.3385635e+05
   6.3524026e+05
   6.3675760e+05
   6.3997579e+05
   6.4403209e+05
   6.4538595e+05
   6.4650162e+05
   6.4817208e+05
   6.5019832e+05
   6.5994038e+05
   6.6157497e+05
   6.6302693e+05
   6.6409819e+05
   6.6541231e+05
   6.6760932e+05
   6.6868110e+05
   6.7036902e+05
   6.7175949e+05
   6.7335599e+05
   6.7487069e+05
   6.7781709e+05
   6.7896109e+05
   6.7975068e+05
   6.8188266e+05
   6.8288478e+05
   6.8487104e+05
   6.8612718e+05
   6.8746842e+05
   6.8884768e+05
   6.9029930e+05
   6.9145838e+05
   6.9382798e+05
   6.9472492e+05
   6.9649477e+05
   6.9828267e+05
   7.0015461e+05
   7.0172476e+05
   7.0299063e+05
   7.0514079e+05
   7.0630977e+05
   7.0793623e+05
   7.0939054e+05
   7.1100699e+05
   7.1363202e+05
   7.1553137e+05
   7.1657787e+05
   7.1775062e+05
   7.1991326e+05
   7.2104529e+05
   7.2269183e+05
   7.2500381e+05
   7.2624770e+05
   7.2795333e+05
   7.2995015e+05
   7.3201723e+05
   7.3407154e+05
   7.3571733e+05
   7.3792344e+05
   7.4254816e+05
   7.4375971e+05
   7.4510778e+05
   7.4699360e+05
   7.5295253e+05
   7.5600929e+05
   7.5735465e+05
   7.5847202e+05
   7.6210051e+05
   7.6520284e+05
   7.6681158e+05
   7.6865578e+05
   7.6977482e+05
   7.7138553e+05
   7.7283341e+05
   7.7556926e+05
   7.7775405e+05
   7.7963167e+05
   8.2208479e+05
   8.2318504e+05
   8.2488957e+05
   8.2639438e+05
   8.3771245e+05
   8.3992737e+05
   8.8152778e+05
   8.8328061e+05
   8.8480369e+05
   8.8690954e+05
   8.8851026e+05
   8.8984960e+05
   8.9195669e+05
   8.9550391e+05
   8.9831827e+05
   9.4220452e+05
   9.4378766e+05
   9.4534330e+05
   9.4627730e+05
   9.4863738e+05
   9.5053665e+05
   9.5277072e+05
   9.5658199e+05
   9.5794213e+05
   9.5973287e+05
   1.0013885e+06
   1.0025247e+06
   1.0045439e+06
   1.0064650e+06
   1.0087112e+06
   1.0096507e+06
   1.0109146e+06
   1.0127315e+06
   1.0151573e+06
   1.0169735e+06
   1.0633388e+06
   1.0652569e+06
   1.0679839e+06
   1.0687747e+06
   1.0708943e+06
   1.0730780e+06
   1.0762984e+06
   1.0780754e+06
   1.0798630e+06
   1.1208027e+06
   1.1221731e+06
   1.1243758e+06
   1.1253336e+06
   1.1268356e+06
   1.1284211e+06
   1.1308461e+06
   1.1337663e+06
   1.1362579e+06
   1.1379238e+06
   1.1816889e+06
   1.1835116e+06
   1.1852176e+06
   1.1866542e+06
   1.1882620e+06
   1.1902254e+06
   1.1914332e+06
   1.1959196e+06
   1.1979412e+06
   1.2416220e+06
   1.2434674e+06
   1.2465242e+06
   1.2480282e+06
   1.2516303e+06
   1.2530010e+06
   1.2552997e+06
   1.2567221e+06
   1.3012954e+06
   1.3030002e+06
   1.3051265e+06
   1.3085458e+06
   1.3101090e+06
   1.3110553e+06
   1.3133360e+06
   1.3163873e+06
   1.3193399e+06
   1.3613156e+06
   1.3625406e+06
   1.3639985e+06
   1.3654163e+06
   1.3669650e+06
   1.3683125e+06
   1.3701185e+06
   1.3718070e+06
   1.3763672e+06
   1.4211066e+06
   1.4224348e+06
   1.4236971e+06
   1.4246861e+06
   1.4266055e+06
   1.4295620e+06
   1.4312182e+06
   1.4359296e+06
   1.4374710e+06
   1.4820035e+06
   1.4836107e+06
   1.4846963e+06
   1.4888118e+06
   1.4905311e+06
   1.4916564e+06
   1.4933216e+06
   1.4955045e+06
   1.4974505e+06
   1.4995521e+06
   1.5419036e+06
   1.5432955e+06
   1.5459470e+06
   1.5494568e+06
   1.5511090e+06
   1.5532314e+06
   1.5571983e+06
   1.5588147e+06
   1.6015339e+06
   1.6033548e+06
   1.6045346e+06
   1.6055248e+06
   1.6066843e+06
   1.6084174e+06
   1.6092759e+06
   1.6155265e+06
   1.6173482e+06
   1.6188578e+06
   1.6615836e+06
   1.6629006e+06
   1.6642114e+06
   1.6660783e+06
   1.6683808e+06
   1.6700560e+06
   1.6715628e+06
   1.6726993e+06
   1.6753819e+06
   1.6764477e+06
   1.6786655e+06
   1.7213031e+06
   1.7231347e+06
   1.7241011e+06
   1.7255142e+06
   1.7266124e+06
   1.7286871e+06
   1.7323876e+06
   1.7333050e+06
   1.7351742e+06
   1.7367419e+06
   1.7384891e+06
   1.7812831e+06
   1.7826405e+06
   1.7844021e+06
   1.7859073e+06
   1.7869567e+06
   1.7892838e+06
   1.7907147e+06
   1.7933051e+06
   1.7955562e+06
   1.7970776e+06
   1.7984951e+06
   1.7996785e+06
   1.8416346e+06
   1.8426924e+06
   1.8436837e+06
   1.8448852e+06
   1.8459960e+06
   1.8483700e+06
   1.8504604e+06
   1.8535852e+06
   1.8556790e+06
   1.8578467e+06
   1.9011875e+06
   1.9021312e+06
   1.9033710e+06
   1.9047403e+06
   1.9063409e+06
   1.9081088e+06
   1.9098066e+06
   1.9136761e+06
   1.9151094e+06
   1.9164099e+06
   1.9195859e+06
   6.1295193e+04
   6.2556848e+04
   6.3940479e+04
   6.6600758e+04
   6.7543315e+04
   6.8830859e+04
   7.0174868e+04
   7.1757285e+04
   7.2798946e+04
   7.4056003e+04
   7.5543021e+04
   7.6699004e+04
   7.8090034e+04
   7.9051359e+04
   8.0781386e+04
   8.1811596e+04
   8.3856847e+04
   8.5222246e+04
   8.7560013e+04
   8.9159404e+04
   9.0560601e+04
   9.2253292e+04
   9.3535715e+04
   9.4910793e+04
   9.6381098e+04
   9.8742868e+04
   9.9845740e+04
   1.2115667e+05
   1.2247360e+05
   1.2422865e+05
   1.2643425e+05
   1.2796738e+05
   1.3007775e+05
   1.3262057e+05
   1.3689463e+05
   1.3821334e+05
   1.3950719e+05
   1.4087171e+05
   1.4300314e+05
   1.4428186e+05
   1.4682638e+05
   1.4832311e+05
   1.4927674e+05
   1.5011809e+05
   1.5152461e+05
   1.5271914e+05
   1.5435050e+05
   1.5658800e+05
   1.5830181e+05
   1.8128891e+05
   1.8249303e+05
   1.8378562e+05
   1.8535670e+05
   1.8638564e+05
   1.8779441e+05
   1.8935931e+05
   1.9061670e+05
   1.9287426e+05
   1.9447707e+05
   1.9546929e+05
   1.9701499e+05
   1.9940656e+05
   2.0080776e+05
   2.0271942e+05
   2.0378147e+05
   2.0545623e+05
   2.0766697e+05
   2.0897716e+05
   2.1014037e+05
   2.1155551e+05
   2.1285164e+05
   2.1424828e+05
   2.1524917e+05
   2.1612612e+05
   2.1729788e+05
   2.1899286e+05
   2.4130274e+05
   2.4262294e+05
   2.4356501e+05
   2.4514137e+05
   2.4659983e+05
   2.4796277e+05
   2.4983079e+05
   2.5117296e+05
   2.5274619e+05
   2.5414581e+05
   2.5578335e+05
   2.5942139e+05
   2.6132285e+05
   2.6307799e+05
   2.6525450e+05
   2.6672092e+05
   2.6790978e+05
   2.6928942e+05
   2.7048113e+05
   2.7216148e+05
   2.7355704e+05
   2.7530722e+05
   2.7720246e+05
   2.7883108e+05
   3.0117223e+05
   3.0220209e+05
   3.0328104e+05
   3.0479264e+05
   3.0649105e+05
   3.0743796e+05
   3.0861394e+05
   3.1075988e+05
   3.1342244e+05
   3.1448014e+05
   3.1615815e+05
   3.1750315e+05
   3.1851726e+05
   3.1995199e+05
   3.2084293e+05
   3.2188320e+05
   3.2357511e+05
   3.2570041e+05
   3.2751272e+05
   3.2937055e+05
   3.3224541e+05
   3.3366551e+05
   3.3589924e+05
   3.3699656e+05
   3.3793385e+05
   3.3898694e+05
   3.6222761e+05
   3.6358920e+05
   3.6486928e+05
   3.6588269e+05
   3.6753360e+05
   3.6978951e+05
   3.7182769e+05
   3.7341672e+05
   3.7494121e+05
   3.7728931e+05
   3.7906152e+05
   3.7998420e+05
   3.8132545e+05
   3.8221441e+05
   3.8352141e+05
   3.8484175e+05
   3.8680063e+05
   3.8809417e+05
   3.8916264e+05
   3.9016602e+05
   3.9175482e+05
   3.9324658e+05
   3.9488898e+05
   3.9594009e+05
   3.9774959e+05
   3.9894254e+05
   4.2148633e+05
   4.2265145e+05
   4.2485490e+05
   4.2594219e+05
   4.2850023e+05
   4.2985006e+05
   4.3154367e+05
   4.3284911e+05
   4.3435437e+05
   4.3627009e+05
   4.3770073e+05
   4.3934692e+05
   4.4122429e+05
   4.4234020e+05
   4.4744228e+05
   4.4937209e+05
   4.5106262e+05
   4.5234080e+05
   4.5411692e+05
   4.5523347e+05
   4.5691954e+05
   4.5916445e+05
   4.8153938e+05
   4.8288224e+05
   4.8436741e+05
   4.8535641e+05
   4.8673305e+05
   4.8797190e+05
   4.9067760e+05
   4.9272964e+05
   4.9399824e+05
   4.9527484e+05
   4.9672704e+05
   4.9817250e+05
   4.9946943e+05
   5.0033304e+05
   5.0149588e+05
   5.0348252e+05
   5.0457961e+05
   5.0592936e+05
   5.0755949e+05
   5.0941071e+05
   5.1068446e+05
   5.1153893e+05
   5.1339545e+05
   5.1488081e+05
   5.1609772e+05
   5.1836678e+05
   5.1975330e+05
   5.4137275e+05
   5.4217837e+05
   5.4365482e+05
   5.4500746e+05
   5.4613886e+05
   5.4788938e+05
   5.4954202e+05
   5.5124879e+05
   5.5239583e+05
   5.5344945e+05
   5.5510429e+05
   5.5723063e+05
   5.5841668e+05
   5.5935805e+05
   5.6080463e+05
   5.6218337e+05
   5.6422382e+05
   5.6640517e+05
   5.6777418e+05
   5.6880446e+05
   5.7068819e+05
   5.7280432e+05
   5.7399109e+05
   5.7577152e+05
   5.7714042e+05
   5.7834745e+05
   5.7943441e+05
   7.8167302e+05
   7.8590263e+05
   7.8896260e+05
   7.9083790e+05
   7.9374461e+05
   7.9525567e+05
   7.9719952e+05
   7.9909476e+05
   8.0103081e+05
   8.0224329e+05
   8.0702972e+05
   8.0869734e+05
   8.1133739e+05
   8.1354066e+05
   8.1548201e+05
   8.1698670e+05
   8.1837286e+05
   8.4985778e+05
   8.5148348e+05
   8.5370379e+05
   8.5489445e+05
   8.5684859e+05
   8.5844721e+05
   8.6319379e+05
   8.6489398e+05
   8.6696680e+05
   9.0173192e+05
   9.0319534e+05
   9.0478504e+05
   9.0886586e+05
   9.1421341e+05
   9.1542257e+05
   9.2169218e+05
   9.2322000e+05
   9.2474373e+05
   9.2612779e+05
   9.2787552e+05
   9.2997027e+05
   9.3205667e+05
   9.3419177e+05
   9.6185771e+05
   9.6364609e+05
   9.6565771e+05
   9.6807159e+05
   9.6950513e+05
   9.7100643e+05
   9.7237917e+05
   9.7448540e+05
   9.7640881e+05
   9.7816528e+05
   9.8180766e+05
   9.8462742e+05
   9.9759318e+05
   9.9883560e+05
   1.0215572e+06
   1.0230953e+06
   1.0821900e+06
   1.1425072e+06
   1.1449466e+06
   1.1467968e+06
   1.1489146e+06
   1.1508888e+06
   1.1529283e+06
   1.1585965e+06
   1.1600437e+06
   1.1642452e+06
   1.1669904e+06
   1.1694535e+06
   1.1707166e+06
   1.1763224e+06
   1.1781868e+06
   1.1793098e+06
   1.2016540e+06
   1.2036759e+06
   1.2055295e+06
   1.2075196e+06
   1.2091720e+06
   1.2104767e+06
   1.2135439e+06
   1.2154328e+06
   1.2171627e+06
   1.2207921e+06
   1.2229491e+06
   1.2621626e+06
   1.2641977e+06
   1.2653325e+06
   1.2666675e+06
   1.2707285e+06
   1.2723078e+06
   1.2743186e+06
   1.2777587e+06
   1.2788070e+06
   1.2810859e+06
   1.2829611e+06
   1.2844501e+06
   1.2882223e+06
   1.2927597e+06
   1.2948114e+06
   1.2986684e+06
   1.3215279e+06
   1.3245497e+06
   1.3268150e+06
   1.3290629e+06
   1.3401185e+06
   1.3502693e+06
   1.3516732e+06
   1.3583597e+06
   1.3813903e+06
   1.3848685e+06
   1.3877675e+06
   1.3895553e+06
   1.3911422e+06
   1.3921788e+06
   1.3951946e+06
   1.3966925e+06
   1.3985944e+06
   1.4005101e+06
   1.4036339e+06
   1.4047150e+06
   1.4060734e+06
   1.4088700e+06
   1.4112903e+06
   1.4127459e+06
   1.4139194e+06
   1.4155470e+06
   1.4182215e+06
   1.4448612e+06
   1.4499678e+06
   1.4521002e+06
   1.4536478e+06
   1.4797141e+06
   1.5011459e+06
   1.5039968e+06
   1.5068443e+06
   1.5089665e+06
   1.5105566e+06
   1.5124551e+06
   1.5135221e+06
   1.5149197e+06
   1.5172247e+06
   1.5197945e+06
   1.5211289e+06
   1.5228865e+06
   1.5254558e+06
   1.5271021e+06
   1.5283574e+06
   1.5296480e+06
   1.5313384e+06
   1.5328831e+06
   1.5342318e+06
   1.5357965e+06
   1.5368986e+06
   1.5391277e+06
   1.5619679e+06
   1.5642324e+06
   1.5708041e+06
   1.5727084e+06
   1.5752463e+06
   1.5765108e+06
   1.5784507e+06
   1.5805170e+06
   1.6211494e+06
   1.6243931e+06
   1.6277539e+06
   1.6297413e+06
   1.6336261e+06
   1.6347188e+06
   1.6360676e+06
   1.6386007e+06
   1.6401858e+06
   1.6415276e+06
   1.6438877e+06
   1.6455039e+06
   1.6486112e+06
   1.6505014e+06
   1.6524907e+06
   1.6544917e+06
   1.6570342e+06
   1.6589411e+06
   1.6813937e+06
   1.6838345e+06
   1.6855086e+06
   1.6871944e+06
   1.6893600e+06
   1.6910755e+06
   1.6924805e+06
   1.6950096e+06
   1.6965831e+06
   1.6992676e+06
   1.7010068e+06
   1.7038415e+06
   1.7058271e+06
   1.7074170e+06
   1.7117856e+06
   1.7128988e+06
   1.7140847e+06
   1.7152769e+06
   1.7174000e+06
   1.7436294e+06
   1.7449466e+06
   1.7469577e+06
   1.7484388e+06
   1.7502988e+06
   1.7518748e+06
   1.7538534e+06
   1.7555729e+06
   1.7579595e+06
   1.7599326e+06
   1.7616185e+06
   1.7637178e+06
   1.7656599e+06
   1.7706896e+06
   1.7720847e+06
   1.7772511e+06
   1.8024507e+06
   1.8103872e+06
   1.8123866e+06
   1.8143785e+06
   1.8159916e+06
   1.8175927e+06
   1.8202551e+06
   1.8221020e+06
   1.8239300e+06
   1.8256044e+06
   1.8266832e+06
   1.8285641e+06
   1.8313398e+06
   1.8327690e+06
   1.8355624e+06
   1.8372226e+06
   1.8386890e+06
   1.8640768e+06
   1.8656931e+06
   1.8697328e+06
   1.8723007e+06
   1.8747744e+06
   1.8760558e+06
   1.8773131e+06
   1.8808271e+06
   1.8823536e+06
   1.8851416e+06
   1.8871920e+06
   1.8889601e+06
   1.8905463e+06
   1.8931759e+06
   1.8946381e+06
   1.8965152e+06
   1.8982565e+06
   1.8997690e+06
   1.6319310e+06
   1.6336078e+06
   1.6354261e+06
   1.6372524e+06
   1.6387298e+06
   1.6413899e+06
   1.6435302e+06
   1.6451328e+06
   1.6469193e+06
   1.6483438e+06
   1.6511518e+06
   1.6527834e+06
   1.6538715e+06
   1.6550965e+06
   1.6565797e+06
   1.6579514e+06
   1.6812104e+06
   1.6825880e+06
   1.6841765e+06
   1.6855200e+06
   1.6871593e+06
   1.6896365e+06
   1.6912380e+06
   1.6925202e+06
   1.6935251e+06
   1.6960604e+06
   1.6976451e+06
   1.6995104e+06
   1.7012983e+06
   1.7034709e+06
   1.7058085e+06
   1.7087028e+06
   1.7117752e+06
   1.7132503e+06
   1.7162896e+06
   1.7190251e+06
   1.7446891e+06
   1.7458836e+06
   1.7471901e+06
   1.7492669e+06
   1.7510352e+06
   1.7534676e+06
   1.7556845e+06
   1.7639200e+06
   1.7655955e+06
   1.7680385e+06
   1.7711679e+06
   1.7737707e+06
   1.8018541e+06
   1.8112020e+06
   1.8129878e+06
   1.8165789e+06
   1.8189158e+06
   1.8205241e+06
   1.8224212e+06
   1.8245661e+06
   1.8261481e+06
   1.8295790e+06
   1.8308941e+06
   1.8328947e+06
   1.8344786e+06
   1.8625422e+06
   1.8662261e+06
   1.8677656e+06
   1.8729819e+06
   1.8753514e+06
   1.8774490e+06
   1.8819254e+06
   1.8955230e+06
   1.8970428e+06
