   1.8265742e+03
   4.0621420e+03
   7.0317305e+03
   8.7868456e+03
   9.9202265e+03
   1.1384471e+04
   1.3123116e+04
   1.4211025e+04
   1.5714242e+04
   1.7155101e+04
   1.8687929e+04
   2.0016300e+04
   2.1039430e+04
   2.2534020e+04
   2.7201304e+04
   3.3618417e+04
   3.5847894e+04
   3.7203264e+04
   3.8767931e+04
   4.0267136e+04
   4.0089667e+04
   4.0688847e+04
   4.2238837e+04
   4.3721094e+04
   4.5013046e+04
   4.5897455e+04
   4.8180291e+04
   4.9606323e+04
   5.0940813e+04
   5.2515132e+04
   5.3875502e+04
   5.4815042e+04
   5.6631280e+04
   5.7932991e+04
   5.8947046e+04
   1.0047846e+05
   1.0193313e+05
   1.0336644e+05
   1.0430772e+05
   1.0779002e+05
   1.1010386e+05
   1.1131588e+05
   1.1225977e+05
   1.1427403e+05
   1.1540964e+05
   1.1788027e+05
   1.1891384e+05
   1.6005643e+05
   1.6036276e+05
   1.6127502e+05
   1.6238627e+05
   1.6424627e+05
   1.6631311e+05
   1.6797081e+05
   1.6902663e+05
   1.7025854e+05
   1.7180534e+05
   1.7316977e+05
   1.7388804e+05
   1.7514435e+05
   1.7618654e+05
   1.7725173e+05
   1.7951510e+05
   2.2007234e+05
   2.2092513e+05
   2.2199782e+05
   2.2304908e+05
   2.2437301e+05
   2.2553093e+05
   2.2645449e+05
   2.2694351e+05
   2.2807158e+05
   2.2965402e+05
   2.3056997e+05
   2.3261200e+05
   2.3434607e+05
   2.3569359e+05
   2.3698251e+05
   2.3785574e+05
   2.3911341e+05
   2.8069055e+05
   2.8217748e+05
   2.8321974e+05
   2.8419651e+05
   2.8530386e+05
   2.8640263e+05
   2.8720898e+05
   2.8798945e+05
   2.8900204e+05
   2.8992076e+05
   2.9083505e+05
   2.9199581e+05
   2.9304769e+05
   2.9464217e+05
   2.9632152e+05
   2.9748315e+05
   2.9982542e+05
   3.4004654e+05
   3.4045061e+05
   3.4177853e+05
   3.4265105e+05
   3.4338704e+05
   3.4485752e+05
   3.4580609e+05
   3.4759913e+05
   3.4891524e+05
   3.5020982e+05
   3.5135473e+05
   3.5271596e+05
   3.5379254e+05
   3.5493672e+05
   3.5600107e+05
   3.5699517e+05
   3.5811177e+05
   3.5967088e+05
   4.0001749e+05
   4.0073819e+05
   4.0147349e+05
   4.0296009e+05
   4.0421532e+05
   4.0520780e+05
   4.0635173e+05
   4.0768755e+05
   4.0895671e+05
   4.1025501e+05
   4.1112258e+05
   4.1287099e+05
   4.1486827e+05
   4.1615217e+05
   4.1919409e+05
   4.6012469e+05
   4.6058277e+05
   4.6169994e+05
   4.6271378e+05
   4.6422035e+05
   4.6567312e+05
   4.6717835e+05
   4.6839048e+05
   4.6963068e+05
   4.7074453e+05
   4.7274485e+05
   4.7369408e+05
   4.7432506e+05
   4.7539089e+05
   4.7675470e+05
   4.7979897e+05
   5.2003616e+05
   5.2097728e+05
   5.2209561e+05
   5.2278314e+05
   5.2367752e+05
   5.2485376e+05
   5.2574731e+05
   5.2710210e+05
   5.2735662e+05
   5.2895668e+05
   5.3031064e+05
   5.3187890e+05
   5.3285216e+05
   5.3399837e+05
   5.3487859e+05
   5.3593246e+05
   5.3744105e+05
   5.3874430e+05
   5.3994384e+05
   5.8006697e+05
   5.8095785e+05
   5.8224737e+05
   5.8320609e+05
   5.8427857e+05
   5.8530692e+05
   5.8620829e+05
   5.8777260e+05
   5.8879809e+05
   5.9015232e+05
   5.9154933e+05
   5.9378229e+05
   5.9485420e+05
   5.9606845e+05
   5.9782576e+05
   5.9934097e+05
   6.0097626e+05
   6.0226588e+05
   6.0403690e+05
   6.0537215e+05
   6.0702677e+05
   6.0828830e+05
   6.0946749e+05
   6.1251959e+05
   6.1400174e+05
   6.1529645e+05
   6.1711434e+05
   6.1819288e+05
   6.2008535e+05
   6.2180560e+05
   6.2363299e+05
   6.2496391e+05
   6.2648821e+05
   6.2793819e+05
   6.2953920e+05
   6.3050198e+05
   6.3161233e+05
   6.3312171e+05
   6.3474466e+05
   6.3593226e+05
   6.3757391e+05
   6.4011700e+05
   6.4166931e+05
   6.4320360e+05
   6.4445308e+05
   6.4640423e+05
   6.4763073e+05
   6.4970008e+05
   6.5147344e+05
   6.5263267e+05
   6.5364939e+05
   6.5535841e+05
   6.5725711e+05
   6.5836066e+05
   6.5987355e+05
   6.6256348e+05
   6.6417912e+05
   6.6538297e+05
   6.6753424e+05
   6.6920526e+05
   6.7123754e+05
   6.7297168e+05
   6.7423825e+05
   6.7662789e+05
   6.7782521e+05
   6.7884143e+05
   6.8117970e+05
   6.8277433e+05
   6.8368670e+05
   6.8523363e+05
   6.8641324e+05
   6.8832391e+05
   6.9021289e+05
   6.9212130e+05
   6.9365614e+05
   6.9502765e+05
   6.9599423e+05
   6.9725008e+05
   6.9922920e+05
   7.0045536e+05
   7.0208777e+05
   7.0403816e+05
   7.0595440e+05
   7.0770614e+05
   7.0888798e+05
   7.1130406e+05
   7.1340853e+05
   7.1555697e+05
   7.1639450e+05
   7.1753235e+05
   7.1891108e+05
   7.2171367e+05
   7.2379431e+05
   7.2740535e+05
   7.2955082e+05
   7.3126355e+05
   7.3701561e+05
   7.3946722e+05
   7.4074624e+05
   7.4645943e+05
   7.4861457e+05
   7.5146338e+05
   7.5473938e+05
   7.5603290e+05
   7.5772249e+05
   7.6113986e+05
   7.6185947e+05
   7.6263010e+05
   7.6333167e+05
   7.6427109e+05
   7.6510696e+05
   7.6578386e+05
   7.6654941e+05
   7.6817826e+05
   7.6958832e+05
   7.7130011e+05
   7.7259497e+05
   7.7625498e+05
   7.7800891e+05
   8.2081935e+05
   8.2181443e+05
   8.2286098e+05
   8.2362834e+05
   8.2435422e+05
   8.2580435e+05
   8.2677968e+05
   8.2831122e+05
   8.2944489e+05
   8.3210334e+05
   8.3356924e+05
   8.3589251e+05
   8.3763831e+05
   8.3867238e+05
   8.8076579e+05
   8.8200437e+05
   8.8278646e+05
   8.8347309e+05
   8.8426232e+05
   8.8512546e+05
   8.8623595e+05
   8.8887314e+05
   8.9060554e+05
   8.9190641e+05
   8.9341890e+05
   8.9567437e+05
   9.4084755e+05
   9.4183273e+05
   9.4257179e+05
   9.4351025e+05
   9.4430854e+05
   9.4512212e+05
   9.4593486e+05
   9.4679469e+05
   9.4854230e+05
   9.4983237e+05
   9.5113529e+05
   9.5263141e+05
   9.5693129e+05
   1.0009214e+06
   1.0016150e+06
   1.0024956e+06
   1.0035241e+06
   1.0044916e+06
   1.0055982e+06
   1.0064600e+06
   1.0087960e+06
   1.0107119e+06
   1.0124872e+06
   1.0137537e+06
   1.0156792e+06
   1.0171288e+06
   1.0608453e+06
   1.0616886e+06
   1.0624649e+06
   1.0636101e+06
   1.0645933e+06
   1.0654048e+06
   1.0666285e+06
   1.0722217e+06
   1.0779336e+06
   1.1212071e+06
   1.1222045e+06
   1.1229709e+06
   1.1239928e+06
   1.1248680e+06
   1.1258148e+06
   1.1264379e+06
   1.1282509e+06
   1.1297680e+06
   1.1314044e+06
   1.1334144e+06
   1.1381742e+06
   1.1809327e+06
   1.1821178e+06
   1.1829683e+06
   1.1840020e+06
   1.1848458e+06
   1.1860674e+06
   1.1893955e+06
   1.1907148e+06
   1.1922580e+06
   1.1936628e+06
   1.1966347e+06
   1.1986349e+06
   1.2409794e+06
   1.2425605e+06
   1.2432856e+06
   1.2440640e+06
   1.2452399e+06
   1.2459445e+06
   1.2466623e+06
   1.2493206e+06
   1.2505141e+06
   1.2524351e+06
   1.2536929e+06
   1.2569167e+06
   1.2587408e+06
   1.3010074e+06
   1.3018360e+06
   1.3027521e+06
   1.3037288e+06
   1.3049105e+06
   1.3058140e+06
   1.3067526e+06
   1.3082641e+06
   1.3095825e+06
   1.3119166e+06
   1.3159241e+06
   1.3181189e+06
   1.3194199e+06
   1.3609514e+06
   1.3624354e+06
   1.3632554e+06
   1.3639680e+06
   1.3649808e+06
   1.3658119e+06
   1.3667835e+06
   1.3692443e+06
   1.3704307e+06
   1.3727635e+06
   1.3786182e+06
   1.4211006e+06
   1.4220136e+06
   1.4230261e+06
   1.4237401e+06
   1.4246618e+06
   1.4254375e+06
   1.4262725e+06
   1.4286043e+06
   1.4299227e+06
   1.4313317e+06
   1.4327681e+06
   1.4356024e+06
   1.4366373e+06
   1.4807059e+06
   1.4816046e+06
   1.4825894e+06
   1.4834824e+06
   1.4845285e+06
   1.4853337e+06
   1.4863062e+06
   1.4880874e+06
   1.4891837e+06
   1.4917100e+06
   1.4930473e+06
   1.4956357e+06
   1.4969420e+06
   1.4984274e+06
   1.4997147e+06
   1.5413683e+06
   1.5420052e+06
   1.5432149e+06
   1.5440089e+06
   1.5451090e+06
   1.5460522e+06
   1.5467933e+06
   1.5480844e+06
   1.5497027e+06
   1.5510948e+06
   1.5528989e+06
   1.5571568e+06
   1.5583275e+06
   1.5595052e+06
   1.6012480e+06
   1.6022101e+06
   1.6029330e+06
   1.6040110e+06
   1.6049329e+06
   1.6057360e+06
   1.6067433e+06
   1.6089661e+06
   1.6102508e+06
   1.6122886e+06
   1.6134669e+06
   1.6172301e+06
   1.6186033e+06
   1.6609552e+06
   1.6616895e+06
   1.6627999e+06
   1.6638623e+06
   1.6647616e+06
   1.6657329e+06
   1.6665123e+06
   1.6680791e+06
   1.6705137e+06
   1.6731850e+06
   1.6758043e+06
   1.6774689e+06
   1.7206325e+06
   1.7216820e+06
   1.7228605e+06
   1.7238718e+06
   1.7250633e+06
   1.7259827e+06
   1.7267766e+06
   1.7293318e+06
   1.7304913e+06
   1.7326941e+06
   1.7337321e+06
   1.7357233e+06
   1.7370382e+06
   1.7394420e+06
   1.7810736e+06
   1.7819002e+06
   1.7833731e+06
   1.7854224e+06
   1.7864326e+06
   1.7885737e+06
   1.7900564e+06
   1.7914023e+06
   1.7931345e+06
   1.7954764e+06
   1.7976159e+06
   1.8411789e+06
   1.8421349e+06
   1.8431856e+06
   1.8440418e+06
   1.8449520e+06
   1.8458802e+06
   1.8466232e+06
   1.8500959e+06
   1.8510929e+06
   1.8526793e+06
   1.8556073e+06
   1.8567548e+06
   1.8581923e+06
   1.9010618e+06
   1.9021931e+06
   1.9029891e+06
   1.9044882e+06
   1.9053667e+06
   1.9062939e+06
   1.9094496e+06
   1.9106078e+06
   1.9125609e+06
   1.9155662e+06
   1.9168710e+06
   1.9187012e+06
   6.1532452e+04
   6.2760579e+04
   6.3647354e+04
   6.4893383e+04
   6.6768755e+04
   6.7732046e+04
   6.9922167e+04
   7.2524564e+04
   7.5370011e+04
   7.6646738e+04
   7.7950737e+04
   7.9533733e+04
   8.0614102e+04
   8.2240326e+04
   8.4013134e+04
   8.5603595e+04
   8.6602846e+04
   8.8676533e+04
   8.9723192e+04
   9.0767836e+04
   9.3058386e+04
   9.5065553e+04
   9.6700240e+04
   9.8122417e+04
   1.2026810e+05
   1.2165169e+05
   1.2314499e+05
   1.2405077e+05
   1.2621647e+05
   1.2719173e+05
   1.2931893e+05
   1.3032936e+05
   1.3193741e+05
   1.3323171e+05
   1.3418390e+05
   1.3609042e+05
   1.3778054e+05
   1.3933973e+05
   1.4099028e+05
   1.4266966e+05
   1.4426751e+05
   1.4516661e+05
   1.4641448e+05
   1.4754798e+05
   1.4884785e+05
   1.5011627e+05
   1.5279776e+05
   1.5549868e+05
   1.5692767e+05
   1.5861019e+05
   1.8037218e+05
   1.8183045e+05
   1.8287054e+05
   1.8395249e+05
   1.8493545e+05
   1.8675423e+05
   1.8791388e+05
   1.8906266e+05
   1.9026751e+05
   1.9124316e+05
   1.9275083e+05
   1.9363643e+05
   1.9497937e+05
   1.9584904e+05
   1.9795785e+05
   2.0007213e+05
   2.0139965e+05
   2.0296872e+05
   2.0454528e+05
   2.0582955e+05
   2.0760271e+05
   2.0943830e+05
   2.1073736e+05
   2.1226215e+05
   2.1317138e+05
   2.1538619e+05
   2.1650407e+05
   2.4002609e+05
   2.4106635e+05
   2.4254194e+05
   2.4434739e+05
   2.4544537e+05
   2.4705662e+05
   2.4884864e+05
   2.5012458e+05
   2.5141718e+05
   2.5274417e+05
   2.5420183e+05
   2.5568041e+05
   2.5704875e+05
   2.5822246e+05
   2.5933955e+05
   2.6063680e+05
   2.6321970e+05
   2.6499826e+05
   2.6628765e+05
   2.6753749e+05
   2.6866192e+05
   2.7080694e+05
   2.7213453e+05
   2.7304648e+05
   2.7437697e+05
   2.7648510e+05
   2.7876976e+05
   3.0016817e+05
   3.0220734e+05
   3.0350044e+05
   3.0470484e+05
   3.0596046e+05
   3.0718481e+05
   3.0805712e+05
   3.0937570e+05
   3.1040488e+05
   3.1192311e+05
   3.1316894e+05
   3.1402298e+05
   3.1511230e+05
   3.1646882e+05
   3.1741305e+05
   3.1873999e+05
   3.1989781e+05
   3.2153379e+05
   3.2262516e+05
   3.2390509e+05
   3.2485990e+05
   3.2621511e+05
   3.2701420e+05
   3.2822490e+05
   3.2975015e+05
   3.3237285e+05
   3.3334929e+05
   3.3441377e+05
   3.3595054e+05
   3.3774022e+05
   3.3850636e+05
   3.6120263e+05
   3.6237670e+05
   3.6358092e+05
   3.6446644e+05
   3.6549890e+05
   3.6646151e+05
   3.6776284e+05
   3.7215159e+05
   3.7511950e+05
   3.7686015e+05
   3.7823883e+05
   3.7971312e+05
   3.8134861e+05
   3.8236538e+05
   3.8437822e+05
   3.8721554e+05
   3.8912664e+05
   3.9028674e+05
   3.9136478e+05
   3.9305610e+05
   3.9503202e+05
   3.9659950e+05
   3.9797202e+05
   3.9955709e+05
   4.2108672e+05
   4.2234578e+05
   4.2361912e+05
   4.2475381e+05
   4.2582923e+05
   4.2731494e+05
   4.2819872e+05
   4.3047060e+05
   4.3144854e+05
   4.3302581e+05
   4.3468475e+05
   4.3604631e+05
   4.3717013e+05
   4.3889278e+05
   4.4040662e+05
   4.4163666e+05
   4.4277628e+05
   4.4404604e+05
   4.4534577e+05
   4.4721641e+05
   4.4955669e+05
   4.5113815e+05
   4.5213423e+05
   4.5378454e+05
   4.5532906e+05
   4.5659725e+05
   4.5781515e+05
   4.8114464e+05
   4.8217543e+05
   4.8373280e+05
   4.8623070e+05
   4.8800204e+05
   4.8916029e+05
   4.9062555e+05
   4.9194697e+05
   4.9325287e+05
   4.9454136e+05
   4.9590068e+05
   4.9712553e+05
   4.9822207e+05
   5.0022579e+05
   5.0134919e+05
   5.0328233e+05
   5.0491773e+05
   5.0606783e+05
   5.0931131e+05
   5.1046959e+05
   5.1181109e+05
   5.1476646e+05
   5.1686805e+05
   5.1856537e+05
   5.4112291e+05
   5.4199881e+05
   5.4329379e+05
   5.4437647e+05
   5.4586406e+05
   5.4763272e+05
   5.4904219e+05
   5.5056952e+05
   5.5167467e+05
   5.5330749e+05
   5.5457630e+05
   5.5599050e+05
   5.5708321e+05
   5.5878747e+05
   5.5980646e+05
   5.6142120e+05
   5.6337900e+05
   5.6503440e+05
   5.6759636e+05
   5.6902976e+05
   5.7011609e+05
   5.7395569e+05
   5.7521262e+05
   5.7632897e+05
   5.7822924e+05
   7.8147053e+05
   7.8339136e+05
   7.8467695e+05
   7.8661712e+05
   7.8924310e+05
   7.9133405e+05
   7.9292376e+05
   7.9503691e+05
   7.9774125e+05
   8.0182272e+05
   8.0339043e+05
   8.0556708e+05
   8.0675181e+05
   8.0922070e+05
   8.4388615e+05
   8.4557568e+05
   8.4998554e+05
   8.5222391e+05
   8.5419713e+05
   8.5598491e+05
   8.5861303e+05
   8.6047797e+05
   8.6369752e+05
   8.6707638e+05
   8.6862776e+05
   8.7008192e+05
   8.7151968e+05
   8.7252569e+05
   8.7453498e+05
   8.7619039e+05
   8.7741450e+05
   9.0159461e+05
   9.0406274e+05
   9.0577417e+05
   9.0703983e+05
   9.0832530e+05
   9.1083260e+05
   9.1268580e+05
   9.2933526e+05
   9.3068447e+05
   9.3175877e+05
   9.3340253e+05
   9.3524587e+05
   9.3679285e+05
   9.3871896e+05
   9.6431901e+05
   9.6626937e+05
   9.6957006e+05
   9.7101423e+05
   9.7523208e+05
   9.7755013e+05
   9.8328841e+05
   9.8576869e+05
   9.8809383e+05
   9.9067917e+05
   9.9403174e+05
   9.9598390e+05
   9.9993585e+05
   1.0226507e+06
   1.0244597e+06
   1.0260168e+06
   1.0285073e+06
   1.0305054e+06
   1.0323894e+06
   1.0357728e+06
   1.0376200e+06
   1.0396961e+06
   1.0417318e+06
   1.0430104e+06
   1.0455844e+06
   1.0472288e+06
   1.0535200e+06
   1.0558744e+06
   1.0571573e+06
   1.0590353e+06
   1.0812385e+06
   1.0828050e+06
   1.0853454e+06
   1.0864811e+06
   1.0878682e+06
   1.0897784e+06
   1.0940905e+06
   1.0952101e+06
   1.1096427e+06
   1.1108405e+06
   1.1121551e+06
   1.1151428e+06
   1.1416306e+06
   1.1472191e+06
   1.1497402e+06
   1.1508863e+06
   1.1524979e+06
   1.1543806e+06
   1.1569544e+06
   1.1584289e+06
   1.1600747e+06
   1.1614236e+06
   1.1630589e+06
   1.1650745e+06
   1.1678610e+06
   1.1695151e+06
   1.1708238e+06
   1.1721218e+06
   1.1782357e+06
   1.2031457e+06
   1.2044504e+06
   1.2062724e+06
   1.2085966e+06
   1.2103764e+06
   1.2122062e+06
   1.2137649e+06
   1.2158557e+06
   1.2177363e+06
   1.2206924e+06
   1.2232771e+06
   1.2287940e+06
   1.2310094e+06
   1.2334557e+06
   1.2348813e+06
   1.2371116e+06
   1.2392571e+06
   1.2620046e+06
   1.2641392e+06
   1.2667465e+06
   1.2694438e+06
   1.2710959e+06
   1.2735852e+06
   1.2766653e+06
   1.2782705e+06
   1.2798986e+06
   1.2813993e+06
   1.2827929e+06
   1.2851594e+06
   1.2871323e+06
   1.2884196e+06
   1.2897352e+06
   1.2984460e+06
   1.3224149e+06
   1.3240659e+06
   1.3260367e+06
   1.3272681e+06
   1.3285621e+06
   1.3314719e+06
   1.3327811e+06
   1.3345192e+06
   1.3370312e+06
   1.3402478e+06
   1.3424460e+06
   1.3451138e+06
   1.3474992e+06
   1.3493854e+06
   1.3518091e+06
   1.3530686e+06
   1.3546867e+06
   1.3575026e+06
   1.3814209e+06
   1.3842011e+06
   1.3858163e+06
   1.3895996e+06
   1.3921416e+06
   1.3934908e+06
   1.3946847e+06
   1.3970980e+06
   1.3992673e+06
   1.4023406e+06
   1.4044093e+06
   1.4137906e+06
   1.4150159e+06
   1.4165456e+06
   1.4421776e+06
   1.4461591e+06
   1.4482059e+06
   1.4505716e+06
   1.4610413e+06
   1.4630329e+06
   1.4646034e+06
   1.4667379e+06
   1.4683808e+06
   1.4701358e+06
   1.4719358e+06
   1.4730829e+06
   1.4741603e+06
   1.5018264e+06
   1.5058251e+06
   1.5074776e+06
   1.5084907e+06
   1.5121878e+06
   1.5161926e+06
   1.5176772e+06
   1.5203075e+06
   1.5219331e+06
   1.5231135e+06
   1.5260715e+06
   1.5283500e+06
   1.5298514e+06
   1.5317972e+06
   1.5376358e+06
   1.5396055e+06
   1.5629186e+06
   1.5664045e+06
   1.5685682e+06
   1.5742416e+06
   1.5774922e+06
   1.5822802e+06
   1.5847912e+06
   1.5871297e+06
   1.5926010e+06
   1.5944723e+06
   1.5983226e+06
   1.5999107e+06
   1.6221900e+06
   1.6234595e+06
   1.6260767e+06
   1.6309666e+06
   1.6330776e+06
   1.6359586e+06
   1.6372444e+06
   1.6393460e+06
   1.6410688e+06
   1.6428755e+06
   1.6449575e+06
   1.6472701e+06
   1.6499474e+06
   1.6514042e+06
   1.6527901e+06
   1.6541846e+06
   1.6558995e+06
   1.6574486e+06
   1.6820577e+06
   1.6836340e+06
   1.6854968e+06
   1.6875671e+06
   1.6891650e+06
   1.6903099e+06
   1.6920494e+06
   1.6935261e+06
   1.6966426e+06
   1.6985267e+06
   1.7049436e+06
   1.7064146e+06
   1.7083955e+06
   1.7092651e+06
   1.7422761e+06
   1.7441372e+06
   1.7454684e+06
   1.7488425e+06
   1.7500933e+06
   1.7517536e+06
   1.7531161e+06
   1.7604536e+06
   1.7617585e+06
   1.7640822e+06
   1.7664855e+06
   1.7683054e+06
   1.7716597e+06
   1.7758614e+06
   1.8058154e+06
   1.8087240e+06
   1.8104683e+06
   1.8116181e+06
   1.8132171e+06
   1.8141629e+06
   1.8159769e+06
   1.8171248e+06
   1.8190311e+06
   1.8218204e+06
   1.8270614e+06
   1.8289858e+06
   1.8302356e+06
   1.8317669e+06
   1.8364637e+06
   1.8380579e+06
   1.8612325e+06
   1.8638575e+06
   1.8661150e+06
   1.8676677e+06
   1.8689526e+06
   1.8728851e+06
   1.8739964e+06
   1.8773118e+06
   1.8787758e+06
   1.8804046e+06
   1.8818286e+06
   1.8833965e+06
   1.8881063e+06
   1.8897297e+06
   1.8912466e+06
   1.8946601e+06
   1.8968053e+06
   1.8997941e+06
   3.5926785e+05
   3.5938954e+05
   3.5959034e+05
   3.5977279e+05
   3.5994798e+05
   4.1926843e+05
   4.1955208e+05
   4.1983223e+05
   4.7916684e+05
   4.7932556e+05
   4.7954151e+05
   4.7987330e+05
   5.3922785e+05
   5.3951566e+05
   5.3968500e+05
   5.3979661e+05
   5.3988944e+05
   5.9917340e+05
   5.9939002e+05
   5.9955798e+05
   5.9980434e+05
   5.3985999e+05
   5.9996543e+05
   5.9914420e+05
   5.9954492e+05
   5.9979422e+05
   1.8928826e+06
   1.8942390e+06
   1.8961736e+06
   1.8995111e+06
   3.5926419e+05
   3.5969880e+05
   3.5993653e+05
   4.1929970e+05
   4.1953891e+05
   4.7910097e+05
   4.7925317e+05
   4.7961356e+05
   4.7975688e+05
   5.3925883e+05
   5.3935921e+05
   5.3956794e+05
   5.3991441e+05
   5.9912800e+05
   5.9953181e+05
   5.9968573e+05
   5.9986410e+05
