   1.0959037e+03
   2.3141869e+03
   3.8776600e+03
   5.0348807e+03
   6.7742445e+03
   8.7353246e+03
   1.0003464e+04
   1.2039698e+04
   1.3353023e+04
   1.4575622e+04
   1.5726903e+04
   1.7090262e+04
   1.9139614e+04
   2.1389798e+04
   2.2892964e+04
   2.4075062e+04
   2.5617713e+04
   2.6802849e+04
   2.7975437e+04
   2.9281602e+04
   3.2347213e+04
   3.3423262e+04
   3.5431378e+04
   3.6784130e+04
   3.8196456e+04
   3.9517949e+04
   4.0952710e+04
   4.0133403e+04
   4.0741238e+04
   4.1891623e+04
   4.3229319e+04
   4.4572996e+04
   4.5509252e+04
   4.6500887e+04
   4.8219596e+04
   4.9082162e+04
   5.0304966e+04
   5.1591346e+04
   5.2645052e+04
   5.3816424e+04
   5.4025359e+04
   5.5459690e+04
   5.8092725e+04
   5.9206586e+04
   1.0008555e+05
   1.0015486e+05
   1.0093896e+05
   1.0182651e+05
   1.0285093e+05
   1.0401306e+05
   1.0535138e+05
   1.0742318e+05
   1.0853312e+05
   1.1176525e+05
   1.1266411e+05
   1.1468191e+05
   1.1588881e+05
   1.1729716e+05
   1.1857147e+05
   1.6059562e+05
   1.6172315e+05
   1.6301747e+05
   1.6478630e+05
   1.6594724e+05
   1.6679251e+05
   1.6837871e+05
   1.6963437e+05
   1.7059965e+05
   1.7266354e+05
   1.7373557e+05
   1.7424148e+05
   1.7538974e+05
   1.7681437e+05
   1.7823337e+05
   1.7923621e+05
   2.2104045e+05
   2.2281885e+05
   2.2406247e+05
   2.2560068e+05
   2.2776264e+05
   2.2956746e+05
   2.3134151e+05
   2.3222706e+05
   2.3386257e+05
   2.3498777e+05
   2.3616208e+05
   2.3765347e+05
   2.3891444e+05
   2.3991993e+05
   2.8005781e+05
   2.8072389e+05
   2.8186004e+05
   2.8317162e+05
   2.8422903e+05
   2.8534352e+05
   2.8647701e+05
   2.8780389e+05
   2.8869065e+05
   2.8988280e+05
   2.9103709e+05
   2.9234142e+05
   2.9352496e+05
   2.9491801e+05
   2.9620084e+05
   2.9790074e+05
   2.9911331e+05
   2.9996845e+05
   3.4000382e+05
   3.4065913e+05
   3.4189083e+05
   3.4454994e+05
   3.4569480e+05
   3.4662975e+05
   3.4715824e+05
   3.4893479e+05
   3.5094919e+05
   3.5209017e+05
   3.5399633e+05
   3.5462449e+05
   3.5554343e+05
   3.5683709e+05
   3.5803542e+05
   3.5949954e+05
   4.0019368e+05
   4.0067602e+05
   4.0262532e+05
   4.0425377e+05
   4.0646968e+05
   4.0768614e+05
   4.0874724e+05
   4.0980744e+05
   4.1168716e+05
   4.1275892e+05
   4.1380683e+05
   4.1478247e+05
   4.1562124e+05
   4.1671604e+05
   4.1802139e+05
   4.1921923e+05
   4.6005230e+05
   4.6036855e+05
   4.6177299e+05
   4.6288221e+05
   4.6417653e+05
   4.6576251e+05
   4.6803748e+05
   4.6926953e+05
   4.7094620e+05
   4.7204072e+05
   4.7329574e+05
   4.7485073e+05
   4.7679211e+05
   4.7812322e+05
   4.7908855e+05
   5.2008902e+05
   5.2015216e+05
   5.2180628e+05
   5.2323955e+05
   5.2456219e+05
   5.2666838e+05
   5.2784162e+05
   5.2910251e+05
   5.3033638e+05
   5.3160450e+05
   5.3326435e+05
   5.3442451e+05
   5.3517377e+05
   5.3808476e+05
   5.3950972e+05
   5.8005724e+05
   5.8076176e+05
   5.8233628e+05
   5.8379453e+05
   5.8490854e+05
   5.8621618e+05
   5.8760901e+05
   5.8856163e+05
   5.8991695e+05
   5.9158637e+05
   5.9267792e+05
   5.9441499e+05
   5.9531723e+05
   5.9705426e+05
   5.9861954e+05
   5.9974116e+05
   6.0097986e+05
   6.0210959e+05
   6.0318487e+05
   6.0500114e+05
   6.0621904e+05
   6.0744137e+05
   6.0914115e+05
   6.1056336e+05
   6.1296458e+05
   6.1417156e+05
   6.1552132e+05
   6.1696742e+05
   6.1804285e+05
   6.1929668e+05
   6.2105862e+05
   6.2243225e+05
   6.2364422e+05
   6.2487855e+05
   6.2632273e+05
   6.2739350e+05
   6.2883896e+05
   6.3015142e+05
   6.3167074e+05
   6.3267359e+05
   6.3391628e+05
   6.3513768e+05
   6.3638069e+05
   6.3796321e+05
   6.4001195e+05
   6.4108496e+05
   6.4263029e+05
   6.4427883e+05
   6.4559690e+05
   6.4882777e+05
   6.5263438e+05
   6.5492315e+05
   6.5600271e+05
   6.5714494e+05
   6.5914254e+05
   6.6085202e+05
   6.6215869e+05
   6.6601533e+05
   6.6751033e+05
   6.6918998e+05
   6.7139901e+05
   6.7293321e+05
   6.7406749e+05
   6.7534040e+05
   6.7950729e+05
   6.8155506e+05
   6.8285754e+05
   6.8435498e+05
   6.8614085e+05
   6.8724813e+05
   6.8932390e+05
   6.9122526e+05
   6.9243300e+05
   6.9353124e+05
   6.9516383e+05
   6.9693310e+05
   6.9806340e+05
   6.9914921e+05
   7.0006646e+05
   7.0138581e+05
   7.0334643e+05
   7.0501020e+05
   7.0662237e+05
   7.0784110e+05
   7.0980928e+05
   7.1130265e+05
   7.1318318e+05
   7.1416265e+05
   7.1532889e+05
   7.1682519e+05
   7.1850901e+05
   7.2167240e+05
   7.2318277e+05
   7.2548222e+05
   7.2719823e+05
   7.3065615e+05
   7.3507074e+05
   7.3799235e+05
   7.3996931e+05
   7.4179755e+05
   7.4505449e+05
   7.4729296e+05
   7.4859948e+05
   7.5060340e+05
   7.5199338e+05
   7.5397923e+05
   7.5673468e+05
   7.5824481e+05
   7.6081901e+05
   7.6167979e+05
   7.6259672e+05
   7.6382907e+05
   7.6559127e+05
   7.6638605e+05
   7.6979753e+05
   7.7271429e+05
   7.7578208e+05
   7.7775686e+05
   7.7910820e+05
   8.2075096e+05
   8.2157225e+05
   8.2222966e+05
   8.2326115e+05
   8.2440036e+05
   8.2558526e+05
   8.2626086e+05
   8.2975372e+05
   8.3135424e+05
   8.3315727e+05
   8.3530495e+05
   8.3653312e+05
   8.3811652e+05
   8.8092763e+05
   8.8214085e+05
   8.8368799e+05
   8.8437846e+05
   8.8529920e+05
   8.8614102e+05
   8.8687408e+05
   8.8979426e+05
   8.9127917e+05
   8.9295199e+05
   8.9533705e+05
   8.9689135e+05
   9.4089942e+05
   9.4173123e+05
   9.4302009e+05
   9.4392033e+05
   9.4468552e+05
   9.4548142e+05
   9.4639776e+05
   9.4861414e+05
   9.5025845e+05
   9.5158741e+05
   9.5257261e+05
   9.5380076e+05
   9.5846303e+05
   1.0007206e+06
   1.0017060e+06
   1.0024998e+06
   1.0035458e+06
   1.0043157e+06
   1.0049331e+06
   1.0061300e+06
   1.0069899e+06
   1.0089650e+06
   1.0106213e+06
   1.0117934e+06
   1.0131035e+06
   1.0159574e+06
   1.0176490e+06
   1.0192251e+06
   1.0610354e+06
   1.0617686e+06
   1.0626465e+06
   1.0637304e+06
   1.0645800e+06
   1.0654784e+06
   1.0662094e+06
   1.0683470e+06
   1.0713111e+06
   1.0732275e+06
   1.0758303e+06
   1.0774855e+06
   1.0797683e+06
   1.1211080e+06
   1.1222238e+06
   1.1235744e+06
   1.1244004e+06
   1.1253233e+06
   1.1265828e+06
   1.1285157e+06
   1.1298806e+06
   1.1308748e+06
   1.1319442e+06
   1.1333670e+06
   1.1351742e+06
   1.1392927e+06
   1.1809760e+06
   1.1823838e+06
   1.1835145e+06
   1.1841787e+06
   1.1853618e+06
   1.1863591e+06
   1.1907996e+06
   1.1925578e+06
   1.1977273e+06
   1.2409578e+06
   1.2420310e+06
   1.2428687e+06
   1.2437257e+06
   1.2448345e+06
   1.2458416e+06
   1.2468566e+06
   1.2484295e+06
   1.2496378e+06
   1.2515064e+06
   1.2528512e+06
   1.2539723e+06
   1.2551291e+06
   1.2567678e+06
   1.2590587e+06
   1.3009774e+06
   1.3017645e+06
   1.3025016e+06
   1.3039549e+06
   1.3052859e+06
   1.3063347e+06
   1.3090431e+06
   1.3106891e+06
   1.3120490e+06
   1.3135785e+06
   1.3153880e+06
   1.3164319e+06
   1.3199286e+06
   1.3610463e+06
   1.3618853e+06
   1.3627325e+06
   1.3638964e+06
   1.3648550e+06
   1.3657718e+06
   1.3667169e+06
   1.3686011e+06
   1.3696169e+06
   1.3713232e+06
   1.3726119e+06
   1.3752460e+06
   1.4209587e+06
   1.4221036e+06
   1.4236024e+06
   1.4248377e+06
   1.4256373e+06
   1.4264647e+06
   1.4287233e+06
   1.4310200e+06
   1.4364309e+06
   1.4385227e+06
   1.4809637e+06
   1.4820170e+06
   1.4827752e+06
   1.4836999e+06
   1.4846030e+06
   1.4857966e+06
   1.4867551e+06
   1.4885741e+06
   1.4898216e+06
   1.4912046e+06
   1.4929233e+06
   1.4954410e+06
   1.4966223e+06
   1.4980658e+06
   1.5409118e+06
   1.5422276e+06
   1.5431810e+06
   1.5442510e+06
   1.5456385e+06
   1.5463999e+06
   1.5482755e+06
   1.5517241e+06
   1.5537892e+06
   1.5556385e+06
   1.5581702e+06
   1.5590810e+06
   1.6007202e+06
   1.6017484e+06
   1.6026607e+06
   1.6036119e+06
   1.6048971e+06
   1.6058283e+06
   1.6069242e+06
   1.6084240e+06
   1.6098359e+06
   1.6114253e+06
   1.6123827e+06
   1.6182877e+06
   1.6195517e+06
   1.6609424e+06
   1.6623421e+06
   1.6646663e+06
   1.6659607e+06
   1.6668159e+06
   1.6690508e+06
   1.6716583e+06
   1.6733726e+06
   1.6754336e+06
   1.6766184e+06
   1.7210903e+06
   1.7220178e+06
   1.7228934e+06
   1.7236391e+06
   1.7245572e+06
   1.7254972e+06
   1.7264667e+06
   1.7283318e+06
   1.7297659e+06
   1.7308766e+06
   1.7329940e+06
   1.7373815e+06
   1.7808751e+06
   1.7817401e+06
   1.7826462e+06
   1.7835904e+06
   1.7843168e+06
   1.7850767e+06
   1.7862240e+06
   1.7885010e+06
   1.7894613e+06
   1.7912995e+06
   1.7927444e+06
   1.7969048e+06
   1.7987439e+06
   1.7999412e+06
   1.8411806e+06
   1.8421235e+06
   1.8430871e+06
   1.8445518e+06
   1.8459596e+06
   1.8466385e+06
   1.8487100e+06
   1.8516658e+06
   1.8529058e+06
   1.8555909e+06
   1.8568166e+06
   1.8588608e+06
   1.9013408e+06
   1.9024445e+06
   1.9032615e+06
   1.9047008e+06
   1.9058011e+06
   1.9066196e+06
   1.9092168e+06
   1.9110893e+06
   1.9134142e+06
   1.9183924e+06
   6.0332734e+04
   6.1809593e+04
   6.2875330e+04
   6.3807277e+04
   6.6055131e+04
   6.7761015e+04
   6.9009619e+04
   7.0923122e+04
   7.1988538e+04
   7.3901772e+04
   7.5512426e+04
   7.6515145e+04
   7.7857522e+04
   8.0039420e+04
   8.1476994e+04
   8.4007366e+04
   8.4857301e+04
   8.6655001e+04
   8.7940761e+04
   8.8999677e+04
   9.0859138e+04
   9.1753539e+04
   9.3392778e+04
   9.4764487e+04
   9.6028469e+04
   9.7590787e+04
   1.2109102e+05
   1.2212618e+05
   1.2354814e+05
   1.2573993e+05
   1.2803447e+05
   1.2960882e+05
   1.3109684e+05
   1.3382986e+05
   1.3523718e+05
   1.3649767e+05
   1.3819296e+05
   1.3947901e+05
   1.4069340e+05
   1.4244438e+05
   1.4419861e+05
   1.4603897e+05
   1.4808564e+05
   1.4922536e+05
   1.5066699e+05
   1.5172131e+05
   1.5353305e+05
   1.5496733e+05
   1.5660907e+05
   1.5791762e+05
   1.8015789e+05
   1.8170437e+05
   1.8279324e+05
   1.8565421e+05
   1.8756646e+05
   1.8864179e+05
   1.9000819e+05
   1.9166982e+05
   1.9288290e+05
   1.9402126e+05
   1.9516418e+05
   1.9626493e+05
   1.9763714e+05
   1.9887474e+05
   2.0050514e+05
   2.0202413e+05
   2.0380743e+05
   2.0643441e+05
   2.0780010e+05
   2.1014149e+05
   2.1194498e+05
   2.1299321e+05
   2.1415456e+05
   2.1575395e+05
   2.1724449e+05
   2.4061447e+05
   2.4238536e+05
   2.4413789e+05
   2.4563641e+05
   2.4741239e+05
   2.4906798e+05
   2.5006936e+05
   2.5108773e+05
   2.5268641e+05
   2.5423822e+05
   2.5529427e+05
   2.5649542e+05
   2.5812180e+05
   2.6124279e+05
   2.6281042e+05
   2.6470678e+05
   2.6571903e+05
   2.6766551e+05
   2.6847560e+05
   2.6996214e+05
   2.7151970e+05
   2.7285246e+05
   2.7413091e+05
   2.7538353e+05
   2.7705396e+05
   3.0000640e+05
   3.0135170e+05
   3.0320845e+05
   3.0459732e+05
   3.0601089e+05
   3.0757558e+05
   3.0874676e+05
   3.1047485e+05
   3.1165674e+05
   3.1373757e+05
   3.1528522e+05
   3.1636152e+05
   3.1747985e+05
   3.1866392e+05
   3.2057729e+05
   3.2293595e+05
   3.2397694e+05
   3.2565322e+05
   3.2782173e+05
   3.2902283e+05
   3.3016095e+05
   3.3170917e+05
   3.3301044e+05
   3.3440117e+05
   3.3655723e+05
   3.3763432e+05
   3.6158146e+05
   3.6248513e+05
   3.6356268e+05
   3.6511210e+05
   3.6694424e+05
   3.6846301e+05
   3.6956395e+05
   3.7076812e+05
   3.7181361e+05
   3.7309919e+05
   3.7450972e+05
   3.7764124e+05
   3.7848908e+05
   3.7950813e+05
   3.8122203e+05
   3.8496705e+05
   3.8636234e+05
   3.8767297e+05
   3.8861601e+05
   3.9015309e+05
   3.9261616e+05
   3.9402157e+05
   3.9576183e+05
   3.9964862e+05
   4.2135331e+05
   4.2310011e+05
   4.2527113e+05
   4.2638327e+05
   4.2780156e+05
   4.2896642e+05
   4.3051843e+05
   4.3200732e+05
   4.3402967e+05
   4.3538170e+05
   4.3656260e+05
   4.3797292e+05
   4.3902654e+05
   4.4198530e+05
   4.4341285e+05
   4.4959042e+05
   4.5068554e+05
   4.5169923e+05
   4.5297170e+05
   4.5428838e+05
   4.5564382e+05
   4.5739055e+05
   4.5805486e+05
   4.5973351e+05
   4.8391994e+05
   4.8507254e+05
   4.8690797e+05
   4.8854779e+05
   4.8994984e+05
   4.9133464e+05
   4.9239009e+05
   4.9339584e+05
   4.9499173e+05
   4.9604330e+05
   4.9718465e+05
   4.9848303e+05
   4.9975437e+05
   5.0071470e+05
   5.0189187e+05
   5.0312293e+05
   5.0474372e+05
   5.0690429e+05
   5.0870804e+05
   5.1144102e+05
   5.1249791e+05
   5.1414129e+05
   5.1496478e+05
   5.1660559e+05
   5.1847542e+05
   5.1961807e+05
   5.4147306e+05
   5.4297420e+05
   5.4411341e+05
   5.4694876e+05
   5.4887609e+05
   5.4981430e+05
   5.5115602e+05
   5.5271336e+05
   5.5576243e+05
   5.5671990e+05
   5.5812369e+05
   5.5910460e+05
   5.6048270e+05
   5.6204962e+05
   5.6348056e+05
   5.6523563e+05
   5.6670742e+05
   5.6765555e+05
   5.6898492e+05
   5.7023839e+05
   5.7116905e+05
   5.7255034e+05
   5.7358115e+05
   5.7494287e+05
   5.7620513e+05
   5.7749621e+05
   5.7927044e+05
   7.8219945e+05
   7.8376952e+05
   7.8969184e+05
   7.9191340e+05
   7.9326398e+05
   7.9475705e+05
   7.9658012e+05
   7.9935079e+05
   8.0278010e+05
   8.0464436e+05
   8.0695441e+05
   8.0867231e+05
   8.1067247e+05
   8.1218189e+05
   8.1366631e+05
   8.1545972e+05
   8.1862644e+05
   8.4229008e+05
   8.4395269e+05
   8.4658068e+05
   8.5074225e+05
   8.5320806e+05
   8.5439297e+05
   8.5889020e+05
   8.6207931e+05
   8.6364166e+05
   8.6531373e+05
   8.6874319e+05
   8.7058715e+05
   8.7377791e+05
   8.7551121e+05
   8.7778781e+05
   8.7935635e+05
   9.0255581e+05
   9.0432089e+05
   9.0622667e+05
   9.1088660e+05
   9.1243389e+05
   9.1422488e+05
   9.1733236e+05
   9.1890752e+05
   9.2059924e+05
   9.2320725e+05
   9.2512182e+05
   9.2699860e+05
   9.2789888e+05
   9.3104925e+05
   9.3314111e+05
   9.3654142e+05
   9.3872604e+05
   9.6134118e+05
   9.8209982e+05
   9.8413388e+05
   9.8526583e+05
   9.8709697e+05
   9.8843821e+05
   9.9332048e+05
   9.9591270e+05
   9.9807061e+05
   1.0212233e+06
   1.0243451e+06
   1.0260061e+06
   1.0284285e+06
   1.0320057e+06
   1.0336972e+06
   1.0357130e+06
   1.0376023e+06
   1.0415467e+06
   1.0435033e+06
   1.0483565e+06
   1.0499408e+06
   1.0513972e+06
   1.0532583e+06
   1.0545692e+06
   1.0816910e+06
   1.0943315e+06
   1.0967795e+06
   1.0986397e+06
   1.1011033e+06
   1.1038515e+06
   1.1080439e+06
   1.1105310e+06
   1.1146989e+06
   1.1168086e+06
   1.1460701e+06
   1.1551152e+06
   1.1575510e+06
   1.1596983e+06
   1.1616376e+06
   1.1669545e+06
   1.1702045e+06
   1.1743905e+06
   1.1758721e+06
   1.1778031e+06
   1.2022753e+06
   1.2051142e+06
   1.2067666e+06
   1.2080067e+06
   1.2119318e+06
   1.2138051e+06
   1.2149887e+06
   1.2168650e+06
   1.2192558e+06
   1.2212528e+06
   1.2235288e+06
   1.2254537e+06
   1.2273184e+06
   1.2292726e+06
   1.2313418e+06
   1.2330424e+06
   1.2362515e+06
   1.2381319e+06
   1.2613935e+06
   1.2627402e+06
   1.2639155e+06
   1.2657546e+06
   1.2691741e+06
   1.2743760e+06
   1.2763594e+06
   1.2795795e+06
   1.2816113e+06
   1.2832261e+06
   1.2867922e+06
   1.2886560e+06
   1.2909789e+06
   1.2933134e+06
   1.2950823e+06
   1.2977691e+06
   1.2997319e+06
   1.3212105e+06
   1.3235156e+06
   1.3254561e+06
   1.3284058e+06
   1.3319693e+06
   1.3377623e+06
   1.3391052e+06
   1.3413777e+06
   1.3442609e+06
   1.3465954e+06
   1.3504455e+06
   1.3518513e+06
   1.3539891e+06
   1.3818207e+06
   1.3833570e+06
   1.3854066e+06
   1.3888839e+06
   1.3916320e+06
   1.3944254e+06
   1.3999386e+06
   1.4020826e+06
   1.4040873e+06
   1.4106232e+06
   1.4129445e+06
   1.4158748e+06
   1.4169992e+06
   1.4185043e+06
   1.5016147e+06
   1.5028772e+06
   1.5058704e+06
   1.5072912e+06
   1.5093450e+06
   1.5114544e+06
   1.5131452e+06
   1.5153124e+06
   1.5168475e+06
   1.5187595e+06
   1.5212746e+06
   1.5230237e+06
   1.5244666e+06
   1.5282879e+06
   1.5295623e+06
   1.5311727e+06
   1.5338181e+06
   1.5380548e+06
   1.5616341e+06
   1.5651076e+06
   1.5668425e+06
   1.5681579e+06
   1.5699549e+06
   1.5717574e+06
   1.5740943e+06
   1.5796361e+06
   1.5825006e+06
   1.5843440e+06
   1.5861903e+06
   1.5888760e+06
   1.5909038e+06
   1.5927724e+06
   1.5950009e+06
   1.5979988e+06
   1.5991868e+06
   1.6212420e+06
   1.6244198e+06
   1.6260396e+06
   1.6292146e+06
   1.6318774e+06
   1.6334093e+06
   1.6371940e+06
   1.6382501e+06
   1.6405624e+06
   1.6418282e+06
   1.6446756e+06
   1.6820081e+06
   1.6859743e+06
   1.6871901e+06
   1.6903964e+06
   1.6929528e+06
   1.6960198e+06
   1.6977196e+06
   1.6996266e+06
   1.7137386e+06
   1.7160115e+06
   1.7175131e+06
   1.7192038e+06
   1.7424984e+06
   1.7444627e+06
   1.7466194e+06
   1.7481521e+06
   1.7503785e+06
   1.7522126e+06
   1.7546914e+06
   1.7563002e+06
   1.7592043e+06
   1.7613505e+06
   1.7648217e+06
   1.7670591e+06
   1.7686540e+06
   1.7774506e+06
   1.8027078e+06
   1.8063087e+06
   1.8075263e+06
   1.8097887e+06
   1.8111644e+06
   1.8150558e+06
   1.8163364e+06
   1.8180383e+06
   1.8198169e+06
   1.8214022e+06
   1.8237891e+06
   1.8261192e+06
   1.8278892e+06
   1.8296399e+06
   1.8321870e+06
   1.8364660e+06
   1.8391756e+06
   1.8614754e+06
   1.8634463e+06
   1.8653850e+06
   1.8675352e+06
   1.8693181e+06
   1.8713636e+06
   1.8727682e+06
   1.8893991e+06
   1.8922270e+06
   1.8932039e+06
   1.8949974e+06
   1.8970201e+06
   1.8984413e+06
   1.8998930e+06
   3.5913941e+05
   3.5935581e+05
   3.5948677e+05
   3.5966262e+05
   3.5975733e+05
   4.1915693e+05
   4.1930385e+05
   4.1948445e+05
   4.1966646e+05
   4.1984080e+05
   4.7917881e+05
   4.7932064e+05
   4.7949032e+05
   4.7962125e+05
   5.3911965e+05
   5.3938271e+05
   5.3958438e+05
   5.3984368e+05
   5.3999568e+05
   5.9921484e+05
   5.9942934e+05
   5.9966031e+05
   5.9988967e+05
   1.8941235e+06
   1.8953747e+06
   1.8989597e+06
   3.5934333e+05
   3.5947129e+05
   3.5969484e+05
   3.5984751e+05
   4.1916788e+05
   4.1963249e+05
   4.1994057e+05
   4.7915131e+05
   4.7937279e+05
   4.7954843e+05
   4.7981179e+05
   4.7994519e+05
   5.3919349e+05
   5.3945536e+05
   5.3972975e+05
   5.3997794e+05
   5.9914407e+05
   5.9945060e+05
   5.9973166e+05
   1.8649897e+06
   1.8689116e+06
   1.8727404e+06
   1.8754772e+06
   1.8788107e+06
   1.8805873e+06
   1.8822351e+06
   1.8834273e+06
   1.8847383e+06
   1.8858051e+06
   1.8874177e+06
   1.8892081e+06
   1.8955632e+06
   1.8974350e+06
   1.8993554e+06
   3.5920862e+05
   3.5941392e+05
   3.5959051e+05
   4.1912347e+05
   4.1926212e+05
   4.1942991e+05
   4.1967337e+05
   4.1995762e+05
   4.7915049e+05
   4.7926528e+05
   4.7947686e+05
   4.7963721e+05
   4.7981881e+05
   5.3909298e+05
   5.3928838e+05
   5.3942557e+05
   5.3955690e+05
   5.3969779e+05
   5.9925359e+05
   5.9953007e+05
   5.9965018e+05
