   1.0557072e+03
   1.5761640e+03
   5.4589816e+03
   6.1827594e+03
   7.1383414e+03
   7.8153236e+03
   8.3845391e+03
   9.9950409e+03
   1.0471248e+04
   1.1593055e+04
   1.2135002e+04
   1.3406721e+04
   1.5327201e+04
   1.5985282e+04
   1.6493313e+04
   1.7488110e+04
   1.8491156e+04
   1.9099770e+04
   1.9840838e+04
   2.0866824e+04
   2.2422464e+04
   2.3089862e+04
   2.3586155e+04
   2.4254318e+04
   2.4986685e+04
   3.1296761e+04
   3.1942474e+04
   3.3229540e+04
   3.4644888e+04
   3.5166645e+04
   3.5471797e+04
   3.6335415e+04
   3.6908240e+04
   3.7969989e+04
   3.9710145e+04
   4.0178236e+04
   4.0721156e+04
   4.1587299e+04
   4.2043348e+04
   4.2780784e+04
   4.3365215e+04
   4.4004311e+04
   4.4324953e+04
   4.4895460e+04
   4.6723105e+04
   4.7736797e+04
   4.8153471e+04
   4.8679915e+04
   4.9327181e+04
   5.0050758e+04
   5.0602673e+04
   5.0965751e+04
   5.1464866e+04
   5.1957073e+04
   5.2711809e+04
   5.3380064e+04
   5.3908957e+04
   5.4786726e+04
   5.7107048e+04
   5.7561150e+04
   1.0042318e+05
   1.0085007e+05
   1.0155071e+05
   1.0203598e+05
   1.0257464e+05
   1.0310447e+05
   1.0370499e+05
   1.0403201e+05
   1.0663190e+05
   1.0748446e+05
   1.0812280e+05
   1.0867801e+05
   1.0944533e+05
   1.0989457e+05
   1.1188541e+05
   1.1319148e+05
   1.1397024e+05
   1.1454810e+05
   1.1553921e+05
   1.1597313e+05
   1.1649651e+05
   1.1682062e+05
   1.1718358e+05
   1.1837121e+05
   1.1899688e+05
   1.1952498e+05
   1.6076679e+05
   1.6125985e+05
   1.6174027e+05
   1.6239574e+05
   1.6298622e+05
   1.6363425e+05
   1.6430138e+05
   1.6579941e+05
   1.6687670e+05
   1.6734704e+05
   1.6777624e+05
   1.6857088e+05
   1.6957714e+05
   1.7029382e+05
   1.7074371e+05
   1.7135627e+05
   1.7235218e+05
   1.7275220e+05
   1.7315079e+05
   1.7460335e+05
   1.7520060e+05
   1.7572449e+05
   1.7639071e+05
   1.7726298e+05
   1.7795976e+05
   1.7849279e+05
   1.7925891e+05
   1.7970817e+05
   2.2081635e+05
   2.2116959e+05
   2.2157687e+05
   2.2223028e+05
   2.2274501e+05
   2.2327201e+05
   2.2371438e+05
   2.2471013e+05
   2.2534025e+05
   2.2591344e+05
   2.2651988e+05
   2.2688274e+05
   2.2776021e+05
   2.2884197e+05
   2.3017207e+05
   2.3064027e+05
   2.3149347e+05
   2.3217255e+05
   2.3272240e+05
   2.3323327e+05
   2.3360248e+05
   2.3471109e+05
   2.3539813e+05
   2.3611391e+05
   2.3654644e+05
   2.3712272e+05
   2.3759747e+05
   2.3998840e+05
   2.8054259e+05
   2.8127868e+05
   2.8181217e+05
   2.8264940e+05
   2.8322154e+05
   2.8398494e+05
   2.8467678e+05
   2.8510043e+05
   2.8576406e+05
   2.8623751e+05
   2.8674462e+05
   2.8761622e+05
   2.8796744e+05
   2.8857777e+05
   2.8917568e+05
   2.8957827e+05
   2.8997046e+05
   2.9072193e+05
   2.9120535e+05
   2.9168352e+05
   2.9222716e+05
   2.9260404e+05
   2.9328482e+05
   2.9453751e+05
   2.9529745e+05
   2.9595213e+05
   2.9654226e+05
   2.9755929e+05
   2.9871462e+05
   2.9909687e+05
   2.9968513e+05
   3.4119645e+05
   3.4287185e+05
   3.4323680e+05
   3.4372220e+05
   3.4414897e+05
   3.4468770e+05
   3.4542562e+05
   3.4579340e+05
   3.4643206e+05
   3.4780703e+05
   3.4850027e+05
   3.4987949e+05
   3.5090049e+05
   3.5133570e+05
   3.5217107e+05
   3.5267476e+05
   3.5329145e+05
   3.5380564e+05
   3.5478243e+05
   3.5580374e+05
   3.5658614e+05
   3.5715176e+05
   3.5765035e+05
   3.5851438e+05
   3.5898492e+05
   4.0060063e+05
   4.0153932e+05
   4.0227758e+05
   4.0270437e+05
   4.0332328e+05
   4.0456632e+05
   4.0499338e+05
   4.0560314e+05
   4.0614669e+05
   4.0684533e+05
   4.0945471e+05
   4.1033207e+05
   4.1085058e+05
   4.1163365e+05
   4.1219018e+05
   4.1293019e+05
   4.1330888e+05
   4.1439788e+05
   4.1480802e+05
   4.1555395e+05
   4.1618976e+05
   4.1667258e+05
   4.1711398e+05
   4.1738568e+05
   4.1790459e+05
   4.1878823e+05
   4.1942165e+05
   4.6117845e+05
   4.6148437e+05
   4.6217868e+05
   4.6497315e+05
   4.6601597e+05
   4.6641788e+05
   4.6691234e+05
   4.6859332e+05
   4.6903450e+05
   4.7003337e+05
   4.7049030e+05
   4.7106832e+05
   4.7216138e+05
   4.7292255e+05
   4.7331633e+05
   4.7453337e+05
   4.7491466e+05
   4.7560157e+05
   4.7638009e+05
   4.7706981e+05
   4.7748859e+05
   4.7824108e+05
   4.7886906e+05
   4.7950481e+05
   4.7998954e+05
   5.2069271e+05
   5.2183031e+05
   5.2225908e+05
   5.2314950e+05
   5.2399028e+05
   5.2499886e+05
   5.2555831e+05
   5.2647174e+05
   5.2746830e+05
   5.2806298e+05
   5.2863466e+05
   5.2920955e+05
   5.3267108e+05
   5.3323382e+05
   5.3375879e+05
   5.3444076e+05
   5.3495908e+05
   5.3580406e+05
   5.3702400e+05
   5.3744250e+05
   5.8122418e+05
   5.8165640e+05
   5.8239505e+05
   5.8287816e+05
   5.8357605e+05
   5.8464922e+05
   5.8542675e+05
   5.8594114e+05
   5.8663394e+05
   5.8741854e+05
   5.8780637e+05
   5.8818138e+05
   5.8926796e+05
   5.8998666e+05
   5.9048382e+05
   5.9082997e+05
   5.9185542e+05
   5.9241910e+05
   5.9288829e+05
   5.9327434e+05
   5.9374204e+05
   5.9442998e+05
   5.9552390e+05
   5.9598900e+05
   5.9664974e+05
   5.9699019e+05
   5.9769179e+05
   5.9842719e+05
   5.9878563e+05
   5.9911551e+05
   5.9986923e+05
   6.0048484e+05
   6.0112422e+05
   6.0169043e+05
   6.0235414e+05
   6.0325276e+05
   6.0455020e+05
   6.0541587e+05
   6.0590795e+05
   6.0654035e+05
   6.0699172e+05
   6.0766594e+05
   6.0811309e+05
   6.0869330e+05
   6.0931216e+05
   6.0987288e+05
   6.1086299e+05
   6.1203068e+05
   6.1251370e+05
   6.1325882e+05
   6.1380907e+05
   6.1438808e+05
   6.1708635e+05
   6.1762190e+05
   6.1807167e+05
   6.1873249e+05
   6.1945052e+05
   6.1989090e+05
   6.2074641e+05
   6.2134018e+05
   6.2274007e+05
   6.2350377e+05
   6.2439685e+05
   6.2498986e+05
   6.2593548e+05
   6.2725719e+05
   6.2805148e+05
   6.2945075e+05
   6.3139460e+05
   6.3254342e+05
   6.3365925e+05
   6.3417194e+05
   6.3465529e+05
   6.3515953e+05
   6.3578576e+05
   6.3706909e+05
   6.3764006e+05
   6.3963367e+05
   6.4010457e+05
   6.4097866e+05
   6.4191348e+05
   6.4268883e+05
   6.4311800e+05
   6.4356078e+05
   6.4405119e+05
   6.4515389e+05
   6.4583178e+05
   6.4652599e+05
   6.4792481e+05
   6.4840906e+05
   6.4892255e+05
   6.5069625e+05
   6.5110660e+05
   6.5211608e+05
   6.5281171e+05
   6.5378802e+05
   6.5439776e+05
   6.5507510e+05
   6.5582805e+05
   6.5626160e+05
   6.5664368e+05
   6.5741381e+05
   6.5823667e+05
   6.5900063e+05
   6.5947726e+05
   6.6005529e+05
   6.6093150e+05
   6.6143558e+05
   6.6202474e+05
   6.6473998e+05
   6.6550936e+05
   6.6614382e+05
   6.6752021e+05
   6.6866876e+05
   6.6938169e+05
   6.7019835e+05
   6.7110953e+05
   6.7306824e+05
   6.7376670e+05
   6.7419596e+05
   6.7458616e+05
   6.7544631e+05
   6.7625079e+05
   6.7714037e+05
   6.7780467e+05
   6.7929070e+05
   6.8014425e+05
   6.8157214e+05
   6.8229396e+05
   6.9194383e+05
   6.9277626e+05
   6.9548903e+05
   6.9644935e+05
   6.9692642e+05
   6.9733539e+05
   6.9856853e+05
   6.9973421e+05
   7.0033566e+05
   7.0073145e+05
   7.0126878e+05
   7.0182779e+05
   7.0281150e+05
   7.0329001e+05
   7.0374256e+05
   7.0447076e+05
   7.0499328e+05
   7.0555157e+05
   7.0635620e+05
   7.0682480e+05
   7.0746811e+05
   7.0830078e+05
   7.0905857e+05
   7.0962834e+05
   7.1032563e+05
   7.1106403e+05
   7.1169198e+05
   7.1243934e+05
   7.1305207e+05
   7.1414978e+05
   7.1540090e+05
   7.1681591e+05
   7.1807991e+05
   7.1854587e+05
   7.1972861e+05
   7.2060443e+05
   7.2182284e+05
   7.2251061e+05
   7.2378894e+05
   7.2471379e+05
   7.2537502e+05
   7.2609802e+05
   7.2657773e+05
   7.2717419e+05
   7.2822399e+05
   7.2900901e+05
   7.4427469e+05
   7.4465260e+05
   7.4558867e+05
   7.4606031e+05
   7.4641497e+05
   7.4746240e+05
   7.4844494e+05
   7.4898886e+05
   7.4966754e+05
   7.5020695e+05
   7.5216831e+05
   7.5292353e+05
   7.5412128e+05
   7.5457774e+05
   7.5501799e+05
   7.5534749e+05
   7.5606359e+05
   7.5666310e+05
   7.5859007e+05
   7.5945041e+05
   7.6084857e+05
   7.6132228e+05
   7.6182184e+05
   7.6355595e+05
   7.6397421e+05
   7.6445687e+05
   7.6504833e+05
   7.6609826e+05
   7.6679178e+05
   7.6756760e+05
   7.6801633e+05
   7.6837557e+05
   7.6982625e+05
   7.7032854e+05
   7.7098825e+05
   7.7147010e+05
   7.7208639e+05
   7.7247633e+05
   7.7321568e+05
   7.7386847e+05
   7.7435728e+05
   7.7497758e+05
   7.7562984e+05
   7.7618633e+05
   7.7666319e+05
   7.7701656e+05
   7.7805092e+05
   7.7864914e+05
   7.7928601e+05
   7.7960891e+05
   8.2068550e+05
   8.2118334e+05
   8.2167728e+05
   8.2203056e+05
   8.2245661e+05
   8.2336445e+05
   8.2385515e+05
   8.2440253e+05
   8.2485461e+05
   8.2547970e+05
   8.2616190e+05
   8.2739755e+05
   8.2828333e+05
   8.2916857e+05
   8.2994207e+05
   8.3041475e+05
   8.3086317e+05
   8.3129753e+05
   8.3203258e+05
   8.3270481e+05
   8.3320468e+05
   8.3365160e+05
   8.3439055e+05
   8.3481203e+05
   8.3549515e+05
   8.3595567e+05
   8.3665241e+05
   8.3722456e+05
   8.3759172e+05
   8.3819596e+05
   8.3876040e+05
   8.3917260e+05
   8.3952613e+05
   8.3992070e+05
   8.8117447e+05
   8.8174265e+05
   8.8285205e+05
   8.8329886e+05
   8.8384685e+05
   8.8423761e+05
   8.8502539e+05
   8.8555752e+05
   8.8626410e+05
   8.8688064e+05
   8.8778590e+05
   8.8889503e+05
   8.9108865e+05
   8.9148508e+05
   8.9233387e+05
   8.9324938e+05
   8.9444933e+05
   8.9488428e+05
   8.9586745e+05
   8.9688898e+05
   8.9778415e+05
   8.9829661e+05
   8.9894514e+05
   8.9963448e+05
   9.4054083e+05
   9.4100439e+05
   9.4184310e+05
   9.4223832e+05
   9.4289605e+05
   9.4332860e+05
   9.4427262e+05
   9.4497510e+05
   9.4568648e+05
   9.4603517e+05
   9.4674082e+05
   9.4757516e+05
   9.4803131e+05
   9.4864866e+05
   9.4917781e+05
   9.5001132e+05
   9.5046366e+05
   9.5085811e+05
   9.5126238e+05
   9.5229226e+05
   9.5321270e+05
   9.5364154e+05
   9.5451707e+05
   9.5537630e+05
   9.5579303e+05
   9.5618499e+05
   9.5748023e+05
   9.5791333e+05
   9.5880530e+05
   1.0075284e+06
   1.0080480e+06
   1.0084408e+06
   1.0088401e+06
   1.0093391e+06
   1.0099141e+06
   1.0104764e+06
   1.0111216e+06
   1.0116014e+06
   1.0148996e+06
   1.0153103e+06
   1.0156126e+06
   1.0162978e+06
   1.0167615e+06
   1.0172042e+06
   1.0177604e+06
   1.0180226e+06
   1.0183388e+06
   1.0188415e+06
   1.0193570e+06
   1.0197718e+06
   1.0608936e+06
   1.0613520e+06
   1.0620241e+06
   1.0628698e+06
   1.0635967e+06
   1.0640374e+06
   1.0646672e+06
   1.0651578e+06
   1.0656547e+06
   1.0667441e+06
   1.0676266e+06
   1.0681672e+06
   1.0691097e+06
   1.0694050e+06
   1.0699750e+06
   1.0704418e+06
   1.0710917e+06
   1.0718716e+06
   1.0724764e+06
   1.0730274e+06
   1.0735989e+06
   1.0744818e+06
   1.0752890e+06
   1.0762328e+06
   1.0768938e+06
   1.0773969e+06
   1.0777715e+06
   1.0785765e+06
   1.0791210e+06
   1.0795989e+06
   1.1206052e+06
   1.1213361e+06
   1.1217219e+06
   1.1224775e+06
   1.1229889e+06
   1.1234635e+06
   1.1239434e+06
   1.1253026e+06
   1.1260330e+06
   1.1266957e+06
   1.1275328e+06
   1.1278769e+06
   1.1285714e+06
   1.1292618e+06
   1.1297642e+06
   1.1304184e+06
   1.1310781e+06
   1.1321478e+06
   1.1326369e+06
   1.1332087e+06
   1.1335712e+06
   1.1348030e+06
   1.1352688e+06
   1.1359531e+06
   1.1367325e+06
   1.1373826e+06
   1.1387927e+06
   1.1392879e+06
   1.1399865e+06
   1.1806295e+06
   1.1810159e+06
   1.1814936e+06
   1.1820897e+06
   1.1828221e+06
   1.1835200e+06
   1.1845039e+06
   1.1850087e+06
   1.1858522e+06
   1.1864841e+06
   1.1879757e+06
   1.1890845e+06
   1.1898167e+06
   1.1903120e+06
   1.1909351e+06
   1.1917659e+06
   1.1923869e+06
   1.1931100e+06
   1.1935525e+06
   1.1946537e+06
   1.1949902e+06
   1.1956831e+06
   1.1960252e+06
   1.1964396e+06
   1.1967592e+06
   1.1971870e+06
   1.1975840e+06
   1.1980420e+06
   1.1983594e+06
   1.1989243e+06
   1.1993081e+06
   1.1998847e+06
   1.2405275e+06
   1.2408909e+06
   1.2414411e+06
   1.2419529e+06
   1.2424318e+06
   1.2428732e+06
   1.2433392e+06
   1.2440426e+06
   1.2444215e+06
   1.2449032e+06
   1.2453766e+06
   1.2458399e+06
   1.2464364e+06
   1.2474435e+06
   1.2479407e+06
   1.2486971e+06
   1.2489948e+06
   1.2493351e+06
   1.2502041e+06
   1.2506442e+06
   1.2510599e+06
   1.2519539e+06
   1.2524869e+06
   1.2529104e+06
   1.2533552e+06
   1.2538851e+06
   1.2548033e+06
   1.2554730e+06
   1.2559155e+06
   1.2566626e+06
   1.2572377e+06
   1.2576692e+06
   1.2586278e+06
   1.2594939e+06
   1.3013961e+06
   1.3019824e+06
   1.3025497e+06
   1.3052705e+06
   1.3057953e+06
   1.3062689e+06
   1.3067579e+06
   1.3079401e+06
   1.3088085e+06
   1.3092455e+06
   1.3096447e+06
   1.3102013e+06
   1.3107105e+06
   1.3112439e+06
   1.3116657e+06
   1.3120936e+06
   1.3125775e+06
   1.3132468e+06
   1.3139332e+06
   1.3147129e+06
   1.3154563e+06
   1.3158896e+06
   1.3164113e+06
   1.3170218e+06
   1.3175422e+06
   1.3189140e+06
   1.3196404e+06
   1.3604163e+06
   1.3608591e+06
   1.3619150e+06
   1.3624632e+06
   1.3630679e+06
   1.3640115e+06
   1.3643796e+06
   1.3646865e+06
   1.3652704e+06
   1.3657533e+06
   1.3661892e+06
   1.3665178e+06
   1.3675324e+06
   1.3682720e+06
   1.3686187e+06
   1.3709042e+06
   1.3713664e+06
   1.3720677e+06
   1.3732938e+06
   1.3738458e+06
   1.3747378e+06
   1.3757446e+06
   1.3764454e+06
   1.3770304e+06
   1.3776991e+06
   1.4204288e+06
   1.4217259e+06
   1.4222483e+06
   1.4231139e+06
   1.4236609e+06
   1.4243946e+06
   1.4250234e+06
   1.4255557e+06
   1.4259574e+06
   1.4265668e+06
   1.4275381e+06
   1.4281095e+06
   1.4290286e+06
   1.4299881e+06
   1.4306881e+06
   1.4313724e+06
   1.4321345e+06
   1.4336588e+06
   1.4347029e+06
   1.4351898e+06
   1.4358115e+06
   1.4364023e+06
   1.4370046e+06
   1.4373778e+06
   1.4380554e+06
   1.4391393e+06
   1.4394594e+06
   1.4805029e+06
   1.4817928e+06
   1.4824126e+06
   1.4830831e+06
   1.4838710e+06
   1.4843463e+06
   1.4847991e+06
   1.4854312e+06
   1.4858651e+06
   1.4862644e+06
   1.4868293e+06
   1.4874998e+06
   1.4879389e+06
   1.4898607e+06
   1.4906114e+06
   1.4914272e+06
   1.4927611e+06
   1.4933482e+06
   1.4948855e+06
   1.4953597e+06
   1.4958700e+06
   1.4962510e+06
   1.4969430e+06
   1.4974459e+06
   1.4979128e+06
   1.4984798e+06
   1.4995173e+06
   1.4999061e+06
   1.5436061e+06
   1.5450899e+06
   1.5456816e+06
   1.5474968e+06
   1.5480171e+06
   1.5489364e+06
   1.5497886e+06
   1.5502541e+06
   1.5507152e+06
   1.5511628e+06
   1.5517314e+06
   1.5525844e+06
   1.5531816e+06
   1.5547343e+06
   1.5551832e+06
   1.5556365e+06
   1.5561314e+06
   1.5566777e+06
   1.5574708e+06
   1.5579191e+06
   1.5586458e+06
   1.5597816e+06
   1.6006692e+06
   1.6013288e+06
   1.6017657e+06
   1.6022338e+06
   1.6026713e+06
   1.6038792e+06
   1.6050524e+06
   1.6055919e+06
   1.6063428e+06
   1.6068099e+06
   1.6077589e+06
   1.6084522e+06
   1.6088713e+06
   1.6097329e+06
   1.6103076e+06
   1.6109742e+06
   1.6120026e+06
   1.6137254e+06
   1.6146366e+06
   1.6153056e+06
   1.6157753e+06
   1.6162932e+06
   1.6167108e+06
   1.6172789e+06
   1.6177846e+06
   1.6182836e+06
   1.6198282e+06
   1.6604819e+06
   1.6608750e+06
   1.6614535e+06
   1.6619244e+06
   1.6624645e+06
   1.6629671e+06
   1.6633638e+06
   1.6639246e+06
   1.6650735e+06
   1.6656752e+06
   1.6660775e+06
   1.6666618e+06
   1.6674939e+06
   1.6680374e+06
   1.6684572e+06
   1.6692833e+06
   1.6698947e+06
   1.6702625e+06
   1.6705717e+06
   1.6710150e+06
   1.6714886e+06
   1.6723828e+06
   1.6729871e+06
   1.6734165e+06
   1.6738304e+06
   1.6750534e+06
   1.6755614e+06
   1.6758702e+06
   1.6761866e+06
   1.6765290e+06
   1.6768835e+06
   1.6775149e+06
   1.6780414e+06
   1.6785462e+06
   1.6791664e+06
   1.6796892e+06
   1.7207531e+06
   1.7213317e+06
   1.7218674e+06
   1.7224039e+06
   1.7230511e+06
   1.7237047e+06
   1.7247105e+06
   1.7251019e+06
   1.7255019e+06
   1.7259691e+06
   1.7282153e+06
   1.7285796e+06
   1.7289304e+06
   1.7295433e+06
   1.7303876e+06
   1.7311939e+06
   1.7318212e+06
   1.7321741e+06
   1.7326532e+06
   1.7329968e+06
   1.7338869e+06
   1.7345920e+06
   1.7351634e+06
   1.7357896e+06
   1.7368263e+06
   1.7372593e+06
   1.7377411e+06
   1.7382819e+06
   1.7387317e+06
   1.7392187e+06
   1.7397692e+06
   1.7804720e+06
   1.7808818e+06
   1.7815275e+06
   1.7823628e+06
   1.7828715e+06
   1.7833480e+06
   1.7839501e+06
   1.7853792e+06
   1.7858125e+06
   1.7865690e+06
   1.7874820e+06
   1.7881405e+06
   1.7885432e+06
   1.7889957e+06
   1.7894178e+06
   1.7900859e+06
   1.7912211e+06
   1.7933805e+06
   1.7944633e+06
   1.7949068e+06
   1.7955709e+06
   1.7962704e+06
   1.7968955e+06
   1.7974384e+06
   1.7979516e+06
   1.7983040e+06
   1.7987350e+06
   1.7994258e+06
   1.7997591e+06
   1.8407632e+06
   1.8418094e+06
   1.8428355e+06
   1.8435179e+06
   1.8445992e+06
   1.8450279e+06
   1.8457517e+06
   1.8463891e+06
   1.8476689e+06
   1.8482481e+06
   1.8498850e+06
   1.8504358e+06
   1.8509861e+06
   1.8515535e+06
   1.8521397e+06
   1.8526621e+06
   1.8535673e+06
   1.8552572e+06
   1.8556125e+06
   1.8561870e+06
   1.8572177e+06
   1.8575643e+06
   1.8580989e+06
   1.8587017e+06
   1.8593093e+06
   1.8599586e+06
   1.9006302e+06
   1.9010840e+06
   1.9016262e+06
   1.9021539e+06
   1.9028865e+06
   1.9034587e+06
   1.9039659e+06
   1.9044168e+06
   1.9051780e+06
   1.9056704e+06
   1.9060856e+06
   1.9075174e+06
   1.9080242e+06
   1.9086640e+06
   1.9092602e+06
   1.9098586e+06
   1.9122140e+06
   1.9131361e+06
   1.9136884e+06
   1.9145950e+06
   1.9150453e+06
   1.9155972e+06
   1.9159657e+06
   1.9165620e+06
   1.9170786e+06
   1.9176473e+06
   1.9181333e+06
   1.9187127e+06
   1.9192099e+06
   1.9197754e+06
   6.1887584e+04
   6.3404145e+04
   6.3891156e+04
   6.4394124e+04
   6.5022732e+04
   6.5801126e+04
   6.6230209e+04
   6.7326822e+04
   6.8499562e+04
   6.8890464e+04
   6.9409779e+04
   6.9805049e+04
   7.0255129e+04
   7.0810295e+04
   7.1296236e+04
   7.1787936e+04
   8.1569426e+04
   8.2566678e+04
   8.2997480e+04
   8.4805892e+04
   8.5484108e+04
   8.5950389e+04
   8.6540047e+04
   8.7012009e+04
   8.8033624e+04
   8.8692753e+04
   8.9263431e+04
   8.9850850e+04
   9.0316707e+04
   9.1939777e+04
   9.2489030e+04
   9.4402047e+04
   9.5014914e+04
   9.5893658e+04
   9.7251478e+04
   1.2056528e+05
   1.2102538e+05
   1.2153662e+05
   1.2192123e+05
   1.2254895e+05
   1.2302057e+05
   1.2397969e+05
   1.2442011e+05
   1.2510330e+05
   1.2559738e+05
   1.2639822e+05
   1.2702716e+05
   1.2783073e+05
   1.2898646e+05
   1.2958571e+05
   1.3028986e+05
   1.3084431e+05
   1.3139028e+05
   1.3218501e+05
   1.3262091e+05
   1.3371993e+05
   1.3424246e+05
   1.3500626e+05
   1.3580570e+05
   1.3633617e+05
   1.3701948e+05
   1.3745186e+05
   1.3791887e+05
   1.3864039e+05
   1.3957941e+05
   1.4028009e+05
   1.4078864e+05
   1.4124214e+05
   1.4169435e+05
   1.4222185e+05
   1.4315027e+05
   1.4397186e+05
   1.4595616e+05
   1.4674424e+05
   1.4714210e+05
   1.4763694e+05
   1.4835694e+05
   1.4924299e+05
   1.4972920e+05
   1.5026515e+05
   1.5064209e+05
   1.5120799e+05
   1.5180163e+05
   1.5227603e+05
   1.5294412e+05
   1.5343356e+05
   1.5402244e+05
   1.5501134e+05
   1.5602848e+05
   1.5658974e+05
   1.5728076e+05
   1.5841819e+05
   1.5911004e+05
   1.5970392e+05
   1.8088316e+05
   1.8190247e+05
   1.8259502e+05
   1.8295588e+05
   1.8334527e+05
   1.8412183e+05
   1.8444861e+05
   1.8518170e+05
   1.8608964e+05
   1.8656961e+05
   1.8712573e+05
   1.8757783e+05
   1.8874736e+05
   1.8960347e+05
   1.9001683e+05
   1.9044097e+05
   1.9101244e+05
   1.9165514e+05
   1.9203249e+05
   1.9398750e+05
   1.9487922e+05
   1.9607508e+05
   1.9656778e+05
   1.9705037e+05
   1.9771031e+05
   1.9825336e+05
   1.9898313e+05
   2.0052921e+05
   2.0145359e+05
   2.0258668e+05
   2.0510632e+05
   2.0576843e+05
   2.0653245e+05
   2.0705023e+05
   2.0842522e+05
   2.0889323e+05
   2.0950225e+05
   2.1005292e+05
   2.1044976e+05
   2.1124896e+05
   2.1232752e+05
   2.1374948e+05
   2.1414653e+05
   2.1483781e+05
   2.1534906e+05
   2.1574917e+05
   2.1624832e+05
   2.1714253e+05
   2.1764027e+05
   2.1954710e+05
   2.4042036e+05
   2.4105802e+05
   2.5362862e+05
   2.5442836e+05
   2.5533488e+05
   2.5605462e+05
   2.5727854e+05
   2.5775574e+05
   2.5815927e+05
   2.5848664e+05
   2.5939872e+05
   2.5970134e+05
   2.6237380e+05
   2.6299512e+05
   2.6368140e+05
   2.6449605e+05
   2.6506104e+05
   2.6574886e+05
   2.6624121e+05
   2.6695420e+05
   2.6764991e+05
   2.6854860e+05
   2.6940346e+05
   2.6994196e+05
   2.7046438e+05
   2.7141163e+05
   2.7225489e+05
   2.7286656e+05
   2.7328975e+05
   2.7398404e+05
   2.7450076e+05
   2.7520769e+05
   2.7612865e+05
   2.7752966e+05
   2.7804170e+05
   2.7859029e+05
   2.7950046e+05
   3.0055837e+05
   3.0114920e+05
   3.0191737e+05
   3.0264617e+05
   3.0653598e+05
   3.0704456e+05
   3.0763978e+05
   3.0837887e+05
   3.0914760e+05
   3.1012702e+05
   3.1062712e+05
   3.1135556e+05
   3.1187581e+05
   3.1255393e+05
   3.2250340e+05
   3.2288633e+05
   3.2706828e+05
   3.2768007e+05
   3.2815414e+05
   3.2868581e+05
   3.2954649e+05
   3.3013938e+05
   3.3063830e+05
   3.3223147e+05
   3.3422694e+05
   3.3471288e+05
   3.3555730e+05
   3.3715584e+05
   3.3774035e+05
   3.3833138e+05
   3.3883617e+05
   3.3930942e+05
   3.6053537e+05
   3.7218696e+05
   3.7279415e+05
   3.7322252e+05
   3.7420791e+05
   3.7482011e+05
   3.7631829e+05
   3.7716407e+05
   3.7907466e+05
   3.8016241e+05
   3.8117452e+05
   3.8156915e+05
   3.8215906e+05
   3.8273734e+05
   3.8341838e+05
   3.8446549e+05
   3.8511210e+05
   3.8585482e+05
   3.8673021e+05
   3.8705796e+05
   3.8760594e+05
   3.8847013e+05
   3.8902392e+05
   3.8968564e+05
   3.9040789e+05
   3.9094846e+05
   3.9148219e+05
   3.9201329e+05
   3.9263009e+05
   3.9334090e+05
   3.9383831e+05
   3.9426332e+05
   3.9704023e+05
   3.9755704e+05
   3.9827938e+05
   3.9884671e+05
   3.9953479e+05
   3.9994109e+05
   4.2103127e+05
   4.2146647e+05
   4.2444070e+05
   4.2545619e+05
   4.2589382e+05
   4.2713100e+05
   4.2767514e+05
   4.2856502e+05
   4.2954501e+05
   4.3008656e+05
   4.3071570e+05
   4.3114071e+05
   4.3149073e+05
   4.3223048e+05
   4.3300390e+05
   4.3347321e+05
   4.3405379e+05
   4.3503060e+05
   4.3571340e+05
   4.3684919e+05
   4.3721947e+05
   4.3802050e+05
   4.3872674e+05
   4.3930849e+05
   4.3980941e+05
   4.4077250e+05
   4.4144247e+05
   4.4241699e+05
   4.4288390e+05
   4.4431301e+05
   4.4514907e+05
   4.4585180e+05
   4.4638813e+05
   4.4710549e+05
   4.4784059e+05
   4.4867922e+05
   4.4927614e+05
   4.5002720e+05
   4.5061401e+05
   4.5193366e+05
   4.5322615e+05
   4.5399660e+05
   4.5433454e+05
   4.5484255e+05
   4.5526033e+05
   4.5587389e+05
   4.5645585e+05
   4.5727015e+05
   4.5806783e+05
   4.5855957e+05
   4.5913392e+05
   4.5947389e+05
   4.5997546e+05
   4.8075706e+05
   4.8140200e+05
   4.8235626e+05
   4.8313020e+05
   4.8392967e+05
   4.8539743e+05
   4.8590997e+05
   4.8636474e+05
   4.8677540e+05
   4.8724125e+05
   4.8772086e+05
   4.8911187e+05
   4.9025362e+05
   4.9108049e+05
   4.9151224e+05
   4.9225518e+05
   4.9277650e+05
   4.9350130e+05
   4.9396770e+05
   4.9496475e+05
   4.9611522e+05
   4.9707478e+05
   4.9818327e+05
   4.9867803e+05
   4.9942615e+05
   5.0041596e+05
   5.0089838e+05
   5.0312034e+05
   5.0364678e+05
   5.0423965e+05
   5.0487588e+05
   5.0530570e+05
   5.0581513e+05
   5.0708695e+05
   5.0797506e+05
   5.0869671e+05
   5.1063750e+05
   5.1131335e+05
   5.1176402e+05
   5.1237193e+05
   5.1282390e+05
   5.1364264e+05
   5.1480078e+05
   5.1590380e+05
   5.1666651e+05
   5.1739927e+05
   5.1863769e+05
   5.1984527e+05
   5.4109899e+05
   5.4160583e+05
   5.4239489e+05
   5.4446356e+05
   5.4500451e+05
   5.4577788e+05
   5.4632028e+05
   5.4781597e+05
   5.4902185e+05
   5.4955090e+05
   5.5185837e+05
   5.5261718e+05
   5.5333752e+05
   5.5486151e+05
   5.5560585e+05
   5.5616261e+05
   5.5662954e+05
   5.5828493e+05
   5.5873844e+05
   5.5923969e+05
   5.5972166e+05
   5.6060160e+05
   5.6139704e+05
   5.6204425e+05
   5.6253497e+05
   5.6394941e+05
   5.6735203e+05
   5.6807902e+05
   5.6905320e+05
   5.6956513e+05
   5.7075170e+05
   5.7139650e+05
   5.7180368e+05
   5.7249331e+05
   5.7306353e+05
   5.7354688e+05
   5.7449572e+05
   5.7494956e+05
   5.7548167e+05
   5.7598482e+05
   5.7664983e+05
   5.7807282e+05
   5.7856264e+05
   5.7918327e+05
   7.8057375e+05
   7.8118713e+05
   7.8230810e+05
   7.8280032e+05
   7.8361187e+05
   7.8397954e+05
   7.8427410e+05
   7.8482926e+05
   7.8508836e+05
   7.8570879e+05
   7.8615296e+05
   7.8668800e+05
   7.8763441e+05
   7.8813335e+05
   7.8890593e+05
   7.8934958e+05
   7.8977321e+05
   7.9038535e+05
   7.9117082e+05
   7.9273529e+05
   7.9383708e+05
   7.9466819e+05
   7.9591527e+05
   7.9637912e+05
   7.9733054e+05
   7.9791991e+05
   7.9873173e+05
   7.9926158e+05
   7.9974888e+05
   8.0023961e+05
   8.0149378e+05
   8.0205052e+05
   8.0247874e+05
   8.0310189e+05
   8.0362191e+05
   8.0477022e+05
   8.0574663e+05
   8.0655316e+05
   8.0721612e+05
   8.0800858e+05
   8.0883914e+05
   8.0919097e+05
   8.1194287e+05
   8.1258153e+05
   8.1300800e+05
   8.1353591e+05
   8.1399128e+05
   8.1559187e+05
   8.1628156e+05
   8.1705022e+05
   8.1788839e+05
   8.1874201e+05
   8.1957222e+05
   8.4062078e+05
   8.4132541e+05
   8.4211249e+05
   8.4289869e+05
   8.4333775e+05
   8.4413349e+05
   8.4478373e+05
   8.4689248e+05
   8.4784123e+05
   8.4837381e+05
   8.4903468e+05
   8.4952374e+05
   8.5122722e+05
   8.5242095e+05
   8.5306442e+05
   8.5357990e+05
   8.5391625e+05
   8.5506818e+05
   8.5553529e+05
   8.5619862e+05
   8.5665858e+05
   8.5720146e+05
   8.5776643e+05
   8.5839721e+05
   8.5931510e+05
   8.5968941e+05
   8.6020077e+05
   8.6069713e+05
   8.6138954e+05
   8.6214362e+05
   8.6257966e+05
   8.6329965e+05
   8.6585559e+05
   8.6675892e+05
   8.6734180e+05
   8.6766375e+05
   8.6991249e+05
   8.7094022e+05
   8.7142662e+05
   8.7209464e+05
   8.7259917e+05
   8.7301958e+05
   8.7423551e+05
   8.7505993e+05
   8.7561942e+05
   8.7638894e+05
   8.7694191e+05
   8.7757310e+05
   8.7864896e+05
   8.7903455e+05
   9.0072480e+05
   9.0238873e+05
   9.0286939e+05
   9.0336136e+05
   9.0466956e+05
   9.0555130e+05
   9.0640389e+05
   9.0703818e+05
   9.0790012e+05
   9.0848290e+05
   9.0926497e+05
   9.0974984e+05
   9.1026727e+05
   9.1183846e+05
   9.1236220e+05
   9.1272416e+05
   9.1348486e+05
   9.1458968e+05
   9.1519566e+05
   9.1574456e+05
   9.1628554e+05
   9.1790927e+05
   9.1823013e+05
   9.1879091e+05
   9.1933264e+05
   9.1987062e+05
   9.2021019e+05
   9.2098593e+05
   9.2147652e+05
   9.2196478e+05
   9.2258079e+05
   9.2348403e+05
   9.2388780e+05
   9.2445461e+05
   9.2558032e+05
   9.2636930e+05
   9.2704722e+05
   9.2994848e+05
   9.3049304e+05
   9.3114933e+05
   9.3178029e+05
   9.3222127e+05
   9.3294001e+05
   9.3363583e+05
   9.3443947e+05
   9.3495536e+05
   9.3561454e+05
   9.3622086e+05
   9.3706578e+05
   9.3747675e+05
   9.3803648e+05
   9.3881221e+05
   9.3932886e+05
   9.3976186e+05
   9.6054455e+05
   9.6096830e+05
   9.6135345e+05
   9.6188519e+05
   9.6237631e+05
   9.6309605e+05
   9.6361403e+05
   9.6470085e+05
   9.6542919e+05
   9.6600839e+05
   9.6645101e+05
   9.6759021e+05
   9.6838234e+05
   9.6904489e+05
   9.6961068e+05
   9.7002253e+05
   9.7073542e+05
   9.7153526e+05
   9.7322785e+05
   9.7669177e+05
   9.7739155e+05
   9.7797904e+05
   9.7874465e+05
   9.8024090e+05
   9.8140595e+05
   9.8208051e+05
   9.8417955e+05
   9.8548146e+05
   9.8592679e+05
   9.8628451e+05
   9.8681059e+05
   9.8744386e+05
   9.8823113e+05
   9.8872273e+05
   9.8927826e+05
   9.8961500e+05
   9.9063159e+05
   9.9129157e+05
   9.9164809e+05
   9.9207318e+05
   9.9282273e+05
   9.9328731e+05
   9.9395921e+05
   9.9501133e+05
   9.9550144e+05
   9.9595707e+05
   9.9651169e+05
   9.9790850e+05
   9.9830982e+05
   9.9888695e+05
   9.9941200e+05
   1.0217808e+06
   1.0226879e+06
   1.0230644e+06
   1.0242435e+06
   1.0246127e+06
   1.0251075e+06
   1.0258006e+06
   1.0263056e+06
   1.0270427e+06
   1.0279732e+06
   1.0291150e+06
   1.0295526e+06
   1.0302010e+06
   1.0310137e+06
   1.0331060e+06
   1.0342469e+06
   1.0346266e+06
   1.0351463e+06
   1.0360648e+06
   1.0365821e+06
   1.0371013e+06
   1.0375488e+06
   1.0379707e+06
   1.0387192e+06
   1.0391750e+06
   1.0398363e+06
   1.0407120e+06
   1.0414536e+06
   1.0425715e+06
   1.0431298e+06
   1.0435911e+06
   1.0441262e+06
   1.0446172e+06
   1.0460214e+06
   1.0465154e+06
   1.0475754e+06
   1.0481428e+06
   1.0492363e+06
   1.0495881e+06
   1.0504814e+06
   1.0511232e+06
   1.0521057e+06
   1.0525702e+06
   1.0530856e+06
   1.0540737e+06
   1.0546631e+06
   1.0553725e+06
   1.0569186e+06
   1.0580584e+06
   1.0588609e+06
   1.0593668e+06
   1.0598537e+06
   1.0813309e+06
   1.0818745e+06
   1.0827755e+06
   1.0842275e+06
   1.0853491e+06
   1.0863335e+06
   1.0871160e+06
   1.0879312e+06
   1.0888855e+06
   1.0895891e+06
   1.0903340e+06
   1.0910744e+06
   1.0915289e+06
   1.0921009e+06
   1.0927437e+06
   1.0935676e+06
   1.0940798e+06
   1.0945038e+06
   1.0951689e+06
   1.0958951e+06
   1.0963893e+06
   1.0969740e+06
   1.0975740e+06
   1.0980155e+06
   1.0983718e+06
   1.0997203e+06
   1.1404291e+06
   1.1410734e+06
   1.1416658e+06
   1.1421619e+06
   1.1428007e+06
   1.1432982e+06
   1.1444233e+06
   1.1448760e+06
   1.1454461e+06
   1.1461096e+06
   1.1465446e+06
   1.1471127e+06
   1.1479424e+06
   1.1484363e+06
   1.1489968e+06
   1.1498504e+06
   1.1504848e+06
   1.1509050e+06
   1.1516261e+06
   1.1521283e+06
   1.1526706e+06
   1.1534183e+06
   1.1538647e+06
   1.1547120e+06
   1.1553306e+06
   1.1568931e+06
   1.1574171e+06
   1.1584426e+06
   1.1589824e+06
   1.1597728e+06
   1.1608680e+06
   1.1614017e+06
   1.1621153e+06
   1.1627915e+06
   1.1634061e+06
   1.1641051e+06
   1.1674562e+06
   1.1680684e+06
   1.1699685e+06
   1.1709995e+06
   1.1713281e+06
   1.1718697e+06
   1.1728616e+06
   1.1734247e+06
   1.1747071e+06
   1.1751388e+06
   1.1774161e+06
   1.1779158e+06
   1.1786833e+06
   1.1792659e+06
   1.2005720e+06
   1.2009353e+06
   1.2016085e+06
   1.2020475e+06
   1.2025173e+06
   1.2031527e+06
   1.2040670e+06
   1.2049818e+06
   1.2053964e+06
   1.2059678e+06
   1.2064692e+06
   1.2070490e+06
   1.2084024e+06
   1.2093490e+06
   1.2102676e+06
   1.2127123e+06
   1.2132432e+06
   1.2142237e+06
   1.2156865e+06
   1.2163185e+06
   1.2169457e+06
   1.2176080e+06
   1.2182425e+06
   1.2195185e+06
   1.2199343e+06
   1.2205209e+06
   1.2209519e+06
   1.2220746e+06
   1.2227258e+06
   1.2231136e+06
   1.2235499e+06
   1.2307307e+06
   1.2313812e+06
   1.2327604e+06
   1.2335410e+06
   1.2340445e+06
   1.2353474e+06
   1.2357630e+06
   1.2366024e+06
   1.2370999e+06
   1.2375778e+06
   1.2382205e+06
   1.2389427e+06
   1.2397235e+06
   1.2609372e+06
   1.2615867e+06
   1.2622747e+06
   1.2627216e+06
   1.2638548e+06
   1.2646091e+06
   1.2653763e+06
   1.2676385e+06
   1.2682328e+06
   1.2695111e+06
   1.2701494e+06
   1.2705183e+06
   1.2710615e+06
   1.2714814e+06
   1.2724224e+06
   1.2732407e+06
   1.2738856e+06
   1.2747353e+06
   1.2757663e+06
   1.2764966e+06
   1.2772692e+06
   1.2783517e+06
   1.2791567e+06
   1.2795244e+06
   1.2800098e+06
   1.2805563e+06
   1.2886703e+06
   1.2900768e+06
   1.2907444e+06
   1.2917898e+06
   1.2923483e+06
   1.2928718e+06
   1.2933516e+06
   1.2937981e+06
   1.2953052e+06
   1.2960759e+06
   1.2966401e+06
   1.2972019e+06
   1.2978156e+06
   1.2985009e+06
   1.2990886e+06
   1.2995151e+06
   1.3210062e+06
   1.3217493e+06
   1.3224317e+06
   1.3232326e+06
   1.3240810e+06
   1.3248777e+06
   1.3256446e+06
   1.3261563e+06
   1.3268128e+06
   1.3278800e+06
   1.3284785e+06
   1.3294732e+06
   1.3362372e+06
   1.3373974e+06
   1.3381288e+06
   1.3387084e+06
   1.3396415e+06
   1.3431736e+06
   1.3444393e+06
   1.3449521e+06
   1.3452953e+06
   1.3459445e+06
   1.3466089e+06
   1.3470453e+06
   1.3474007e+06
   1.3484545e+06
   1.3490894e+06
   1.3499045e+06
   1.3546395e+06
   1.3552139e+06
   1.3556590e+06
   1.3567118e+06
   1.3572967e+06
   1.3578631e+06
   1.3586309e+06
   1.3591373e+06
   1.3597258e+06
   1.3827301e+06
   1.3831623e+06
   1.3835832e+06
   1.3841190e+06
   1.3848411e+06
   1.3852964e+06
   1.3858607e+06
   1.3862787e+06
   1.3870534e+06
   1.3876869e+06
   1.3882372e+06
   1.3900608e+06
   1.3908496e+06
   1.3918214e+06
   1.3923407e+06
   1.3930439e+06
   1.3937758e+06
   1.3945733e+06
   1.3953609e+06
   1.3960585e+06
   1.3964898e+06
   1.4000489e+06
   1.4020712e+06
   1.4028850e+06
   1.4037115e+06
   1.4043066e+06
   1.4052879e+06
   1.4058276e+06
   1.4062755e+06
   1.4073531e+06
   1.4080212e+06
   1.4087238e+06
   1.4093917e+06
   1.4105414e+06
   1.4110585e+06
   1.4117188e+06
   1.4121987e+06
   1.4126646e+06
   1.4139671e+06
   1.4145139e+06
   1.4150118e+06
   1.4156902e+06
   1.4162511e+06
   1.4168712e+06
   1.4177483e+06
   1.4181598e+06
   1.4186792e+06
   1.4193647e+06
   1.4405707e+06
   1.4410942e+06
   1.4496552e+06
   1.4502245e+06
   1.4509165e+06
   1.4514610e+06
   1.4530650e+06
   1.4536891e+06
   1.4544646e+06
   1.4551692e+06
   1.4565200e+06
   1.4584837e+06
   1.4593525e+06
   1.4600424e+06
   1.4604551e+06
   1.4611621e+06
   1.4616888e+06
   1.4622494e+06
   1.4629468e+06
   1.4633470e+06
   1.4640024e+06
   1.4645304e+06
   1.4652939e+06
   1.4660574e+06
   1.4671138e+06
   1.4678448e+06
   1.4683309e+06
   1.4687644e+06
   1.4692801e+06
   1.4698864e+06
   1.4704247e+06
   1.4721739e+06
   1.4730793e+06
   1.4736030e+06
   1.4739846e+06
   1.4745149e+06
   1.4750572e+06
   1.4756470e+06
   1.4766056e+06
   1.4799377e+06
   1.5008537e+06
   1.5013729e+06
   1.5026638e+06
   1.5031122e+06
   1.5038600e+06
   1.5047209e+06
   1.5052838e+06
   1.5063751e+06
   1.5069548e+06
   1.5079674e+06
   1.5084112e+06
   1.5088090e+06
   1.5092145e+06
   1.5097469e+06
   1.5107148e+06
   1.5116461e+06
   1.5144773e+06
   1.5151649e+06
   1.5156014e+06
   1.5162798e+06
   1.5170626e+06
   1.5174474e+06
   1.5180064e+06
   1.5185245e+06
   1.5191098e+06
   1.5198984e+06
   1.5204508e+06
   1.5209417e+06
   1.5224393e+06
   1.5229526e+06
   1.5235705e+06
   1.5248854e+06
   1.5252877e+06
   1.5259495e+06
   1.5265144e+06
   1.5271448e+06
   1.5278105e+06
   1.5281585e+06
   1.5294007e+06
   1.5299576e+06
   1.5304934e+06
   1.5397041e+06
   1.5608885e+06
   1.5614227e+06
   1.5620174e+06
   1.5625441e+06
   1.5635911e+06
   1.5640878e+06
   1.5652446e+06
   1.5664804e+06
   1.5673493e+06
   1.5687300e+06
   1.5690826e+06
   1.5694316e+06
   1.5699900e+06
   1.5708634e+06
   1.5725446e+06
   1.5732341e+06
   1.5736897e+06
   1.5745769e+06
   1.5761952e+06
   1.5766560e+06
   1.5777097e+06
   1.5783863e+06
   1.5787476e+06
   1.5792505e+06
   1.5798496e+06
   1.5804738e+06
   1.5815324e+06
   1.5824505e+06
   1.5830472e+06
   1.5835761e+06
   1.5840415e+06
   1.5848480e+06
   1.5853189e+06
   1.5858434e+06
   1.5861866e+06
   1.5869984e+06
   1.5876945e+06
   1.5883802e+06
   1.5888726e+06
   1.5893568e+06
   1.5899420e+06
   1.5903464e+06
   1.5912567e+06
   1.5920439e+06
   1.5928836e+06
   1.5937240e+06
   1.5944094e+06
   1.5947651e+06
   1.5954676e+06
   1.5958679e+06
   1.5962943e+06
   1.5972029e+06
   1.5981143e+06
   1.5986019e+06
   1.6204931e+06
   1.6216273e+06
   1.6228128e+06
   1.6234727e+06
   1.6238763e+06
   1.6243169e+06
   1.6251223e+06
   1.6256941e+06
   1.6263122e+06
   1.6274711e+06
   1.6279954e+06
   1.6286055e+06
   1.6314489e+06
   1.6321373e+06
   1.6364111e+06
   1.6372224e+06
   1.6378507e+06
   1.6384449e+06
   1.6390063e+06
   1.6399330e+06
   1.6402928e+06
   1.6408865e+06
   1.6413180e+06
   1.6420076e+06
   1.6424338e+06
   1.6428901e+06
   1.6434073e+06
   1.6438161e+06
   1.6441659e+06
   1.6446198e+06
   1.6452731e+06
   1.6459299e+06
   1.6473396e+06
   1.6481093e+06
   1.6487090e+06
   1.6498164e+06
   1.6511497e+06
   1.6515483e+06
   1.6520327e+06
   1.6531916e+06
   1.6551301e+06
   1.6565958e+06
   1.6571973e+06
   1.6575958e+06
   1.6584334e+06
   1.6587849e+06
   1.6594089e+06
   1.6803605e+06
   1.6812425e+06
   1.6819784e+06
   1.6831385e+06
   1.6835596e+06
   1.6839207e+06
   1.6843872e+06
   1.6850063e+06
   1.6859282e+06
   1.6864600e+06
   1.6871943e+06
   1.6876108e+06
   1.6892202e+06
   1.6902141e+06
   1.6909094e+06
   1.6913713e+06
   1.6927764e+06
   1.6933501e+06
   1.6945340e+06
   1.6956582e+06
   1.6962870e+06
   1.6969829e+06
   1.6977165e+06
   1.6986816e+06
   1.6994801e+06
   1.7001426e+06
   1.7014952e+06
   1.7022250e+06
   1.7029748e+06
   1.7034773e+06
   1.7061871e+06
   1.7070032e+06
   1.7073813e+06
   1.7082836e+06
   1.7089439e+06
   1.7095375e+06
   1.7101774e+06
   1.7109256e+06
   1.7114952e+06
   1.7126553e+06
   1.7130939e+06
   1.7137255e+06
   1.7142708e+06
   1.7148779e+06
   1.7157698e+06
   1.7162590e+06
   1.7167279e+06
   1.7170924e+06
   1.7181168e+06
   1.7186725e+06
   1.7191806e+06
   1.7199217e+06
   1.7405550e+06
   1.7411550e+06
   1.7415830e+06
   1.7420872e+06
   1.7426082e+06
   1.7435119e+06
   1.7440223e+06
   1.7446029e+06
   1.7454333e+06
   1.7467178e+06
   1.7473383e+06
   1.7477717e+06
   1.7482113e+06
   1.7485803e+06
   1.7490450e+06
   1.7494875e+06
   1.7500414e+06
   1.7506950e+06
   1.7512936e+06
   1.7519899e+06
   1.7526806e+06
   1.7539796e+06
   1.7545241e+06
   1.7556795e+06
   1.7560400e+06
   1.7570761e+06
   1.7578446e+06
   1.7594765e+06
   1.7599651e+06
   1.7604323e+06
   1.7613021e+06
   1.7619103e+06
   1.7623841e+06
   1.7628856e+06
   1.7634959e+06
   1.7645968e+06
   1.7650840e+06
   1.7657810e+06
   1.7665701e+06
   1.7672029e+06
   1.7678341e+06
   1.7682560e+06
   1.7686221e+06
   1.7691468e+06
   1.7696932e+06
   1.7701683e+06
   1.7708890e+06
   1.7712991e+06
   1.7721064e+06
   1.7726802e+06
   1.7731010e+06
   1.7735972e+06
   1.7741528e+06
   1.7748399e+06
   1.7753325e+06
   1.7762766e+06
   1.7766278e+06
   1.7771078e+06
   1.7775641e+06
   1.7783560e+06
   1.7796197e+06
   1.8007818e+06
   1.8013125e+06
   1.8019306e+06
   1.8023829e+06
   1.8045950e+06
   1.8055310e+06
   1.8062142e+06
   1.8067350e+06
   1.8076771e+06
   1.8083135e+06
   1.8087674e+06
   1.8092391e+06
   1.8101510e+06
   1.8107581e+06
   1.8114824e+06
   1.8118672e+06
   1.8122892e+06
   1.8607859e+06
   1.8614841e+06
   1.8623303e+06
   1.8631320e+06
   1.8635214e+06
   1.8639821e+06
   1.8647173e+06
   1.8665734e+06
   1.8670311e+06
   1.8676585e+06
   1.8683406e+06
   1.8688479e+06
   1.8698208e+06
   1.8703342e+06
   1.8711346e+06
   1.8719022e+06
   1.8727981e+06
   1.8732689e+06
   1.8745126e+06
   1.8748873e+06
   1.8753490e+06
   1.8762856e+06
   1.8768248e+06
   1.8774161e+06
   1.8778890e+06
   1.8782410e+06
   1.8790806e+06
   1.8796873e+06
   1.8800353e+06
   1.8807648e+06
   1.8812555e+06
   1.8818859e+06
   1.8824578e+06
   1.8828833e+06
   1.8832610e+06
   1.8837458e+06
   1.8846213e+06
   1.8859032e+06
   1.8864714e+06
   1.8868931e+06
   1.8872881e+06
   1.8893585e+06
   1.8900093e+06
   1.8905321e+06
   1.8913381e+06
   1.8938731e+06
   1.8943197e+06
   1.8949054e+06
   1.8954501e+06
   1.8959502e+06
   1.8967175e+06
   1.8980793e+06
   1.8985745e+06
   1.8990211e+06
   1.8997524e+06
   1.6460198e+06
   1.6465561e+06
   1.6475645e+06
   1.6483125e+06
   1.6487338e+06
   1.6499432e+06
   1.6504484e+06
   1.6512393e+06
   1.6530057e+06
   1.6540322e+06
   1.6550126e+06
   1.6557502e+06
   1.6563504e+06
   1.6570940e+06
   1.6577620e+06
   1.6585314e+06
   1.6593862e+06
   1.6805965e+06
   1.6809988e+06
   1.6816555e+06
   1.6826693e+06
   1.6832022e+06
   1.6835423e+06
   1.6841080e+06
   1.6847203e+06
   1.6852610e+06
   1.6875740e+06
   1.6880279e+06
   1.6886295e+06
   1.6897401e+06
   1.6901858e+06
   1.6909673e+06
   1.6918145e+06
   1.6924065e+06
   1.6929436e+06
   1.6939786e+06
   1.6944610e+06
   1.6950463e+06
   1.6956273e+06
   1.6963199e+06
   1.6968816e+06
   1.6997834e+06
   1.7003819e+06
   1.7008421e+06
   1.7013790e+06
   1.7031251e+06
   1.7036243e+06
   1.7041122e+06
   1.7044808e+06
   1.7049618e+06
   1.7058768e+06
   1.7072833e+06
   1.7080429e+06
   1.7092190e+06
   1.7098664e+06
   1.7105812e+06
   1.7112379e+06
   1.7116427e+06
   1.7121804e+06
   1.7129675e+06
   1.7146781e+06
   1.7151893e+06
   1.7160350e+06
   1.7174559e+06
   1.7178686e+06
   1.7188445e+06
   1.7193133e+06
   1.7403725e+06
   1.7409834e+06
   1.7417087e+06
   1.7450106e+06
   1.7457634e+06
   1.7464276e+06
   1.7470292e+06
   1.7474862e+06
   1.7482991e+06
   1.7491235e+06
   1.7497364e+06
   1.7503595e+06
   1.7510110e+06
   1.7513752e+06
   1.7519194e+06
   1.7523406e+06
   1.7528719e+06
   1.7532546e+06
   1.7554561e+06
   1.7558181e+06
   1.7567385e+06
   1.7583077e+06
   1.7588164e+06
   1.7593680e+06
   1.7599120e+06
   1.7602598e+06
   1.7617741e+06
   1.7622842e+06
   1.7628014e+06
   1.7631984e+06
   1.7635895e+06
   1.7641232e+06
   1.7650587e+06
   1.7659224e+06
   1.7666506e+06
   1.7671725e+06
   1.7677127e+06
   1.7687843e+06
   1.7693666e+06
   1.7728812e+06
   1.7734283e+06
   1.7742001e+06
   1.7746445e+06
   1.7751821e+06
   1.7763327e+06
   1.7769280e+06
   1.7777115e+06
   1.7782608e+06
   1.7787876e+06
   1.8004966e+06
   1.8016311e+06
   1.8019846e+06
   1.8026222e+06
   1.8030263e+06
   1.8035159e+06
   1.8040914e+06
   1.8046090e+06
   1.8053431e+06
   1.8057509e+06
   1.8063002e+06
   1.8069277e+06
   1.8079454e+06
   1.8089199e+06
   1.8096825e+06
   1.8108615e+06
   1.8116815e+06
   1.8121697e+06
   1.8140442e+06
   1.8148601e+06
   1.8162666e+06
   1.8169413e+06
   1.8176499e+06
   1.8188962e+06
   1.8191984e+06
   1.8204872e+06
   1.8224731e+06
   1.8230750e+06
   1.8243704e+06
   1.8249954e+06
   1.8255173e+06
   1.8264149e+06
   1.8310442e+06
   1.8318476e+06
   1.8325816e+06
   1.8333375e+06
   1.8338361e+06
   1.8344196e+06
   1.8349361e+06
   1.8355740e+06
   1.8363258e+06
   1.8368367e+06
   1.8376293e+06
   1.8385448e+06
   1.8388642e+06
   1.8398678e+06
   1.8611900e+06
   1.8625870e+06
   1.8635375e+06
   1.8643552e+06
   1.8652223e+06
   1.8655836e+06
   1.8690604e+06
   1.8700273e+06
   1.8704027e+06
   1.8713129e+06
   1.8719966e+06
   1.8726477e+06
   1.8731513e+06
   1.8739430e+06
   1.8743814e+06
   1.8752380e+06
   1.8813787e+06
   1.8818452e+06
   1.8826158e+06
   1.8831801e+06
   1.8837052e+06
   1.8842857e+06
   1.8851245e+06
   1.8855328e+06
   1.8863976e+06
   1.8869906e+06
   1.8876518e+06
   1.8895294e+06
   1.8922695e+06
   1.8954610e+06
   1.8959075e+06
   1.8965547e+06
   1.8970282e+06
   1.8977583e+06
   1.8982270e+06
   1.8985058e+06
   1.8993890e+06
   1.8959729e+06
   1.8968253e+06
   1.8973276e+06
   1.8978008e+06
   1.8986747e+06
   1.8993709e+06
   1.8992515e+06
   1.8997598e+06
   1.8870653e+06
   1.8876197e+06
   1.8880588e+06
   1.8890768e+06
   1.8895794e+06
   1.8904704e+06
   1.8909453e+06
   1.8915717e+06
   1.8920655e+06
   1.8925208e+06
   1.8935567e+06
   1.8942214e+06
   1.8948751e+06
   1.8952941e+06
   1.8958586e+06
   1.8968779e+06
   1.8976112e+06
   1.8980781e+06
   1.8990786e+06
   1.8999642e+06
   1.8929295e+06
   1.8933550e+06
   1.8941007e+06
   1.8949676e+06
   1.8955801e+06
   1.8964951e+06
   1.8971269e+06
   1.8977853e+06
   1.8985355e+06
   1.8991428e+06
   1.8999029e+06
