   3.6300132e+03
   5.9851946e+03
   7.5180887e+03
   9.0901095e+03
   1.0864394e+04
   2.2952492e+04
   2.5245115e+04
   2.6658417e+04
   2.9120881e+04
   3.2390455e+04
   3.9024856e+04
   4.3500564e+04
   4.5714718e+04
   4.7907219e+04
   5.0455335e+04
   5.1420456e+04
   5.3380023e+04
   5.3620496e+04
   5.6021969e+04
   5.7857834e+04
   5.9687992e+04
   1.0011330e+05
   1.0160268e+05
   1.0308329e+05
   1.0471043e+05
   1.0621553e+05
   1.0572694e+05
   1.0765187e+05
   1.0966560e+05
   1.1159881e+05
   1.1466735e+05
   1.1703772e+05
   1.1837364e+05
   1.6015759e+05
   1.6094544e+05
   1.6219679e+05
   1.6355266e+05
   1.6604826e+05
   1.6691753e+05
   1.6872504e+05
   1.7048725e+05
   1.7276316e+05
   1.7451354e+05
   1.7667540e+05
   1.7793755e+05
   1.7998145e+05
   2.2006964e+05
   2.2184016e+05
   2.2339822e+05
   2.2467148e+05
   2.2763387e+05
   2.2891006e+05
   2.3110847e+05
   2.3287764e+05
   2.3506864e+05
   2.3642694e+05
   2.3843949e+05
   2.8003028e+05
   2.8943741e+05
   2.9137791e+05
   3.4011412e+05
   3.4057297e+05
   3.4219606e+05
   3.4457251e+05
   3.4631403e+05
   3.4800432e+05
   3.5102338e+05
   3.5259494e+05
   3.5578998e+05
   3.5789229e+05
   4.0006604e+05
   4.0155287e+05
   4.0329140e+05
   4.0469992e+05
   4.0568527e+05
   4.0711037e+05
   4.0785128e+05
   4.0922466e+05
   4.1150337e+05
   4.1391353e+05
   4.1426212e+05
   4.1606909e+05
   4.1740132e+05
   4.1959498e+05
   4.6006936e+05
   4.6319104e+05
   4.6663380e+05
   4.7358351e+05
   4.7521175e+05
   4.7686395e+05
   4.7830415e+05
   5.2000053e+05
   5.2124072e+05
   5.2291681e+05
   5.2588084e+05
   5.2861253e+05
   5.3046632e+05
   5.3474537e+05
   5.3763229e+05
   5.3979025e+05
   5.8012096e+05
   5.8177115e+05
   5.8381139e+05
   5.8525198e+05
   5.8698377e+05
   5.8857318e+05
   5.9013501e+05
   5.9169697e+05
   5.9408851e+05
   5.9537908e+05
   5.9719129e+05
   5.9836385e+05
   6.0453834e+05
   6.0955715e+05
   6.1114727e+05
   6.1381717e+05
   6.1684710e+05
   6.2119891e+05
   6.3706938e+05
   6.4023744e+05
   6.4245037e+05
   6.4423315e+05
   6.4759831e+05
   6.4892133e+05
   6.5152406e+05
   6.5360628e+05
   6.5547432e+05
   6.6134702e+05
   6.6589068e+05
   6.6727948e+05
   7.0180433e+05
   7.0342220e+05
   7.0802962e+05
   7.1017583e+05
   7.1992803e+05
   7.2163597e+05
   7.2339680e+05
   7.2525226e+05
   7.3409661e+05
   7.3772004e+05
   7.3894879e+05
   7.4367217e+05
   7.4515787e+05
   7.4687454e+05
   7.5007058e+05
   7.5209271e+05
   7.5337514e+05
   7.5773319e+05
   7.5970134e+05
   7.6094155e+05
   7.6170764e+05
   7.6270311e+05
   7.6336140e+05
   7.6440208e+05
   7.6543905e+05
   7.6615788e+05
   7.6699649e+05
   7.6894342e+05
   7.7013130e+05
   7.7170651e+05
   7.7299016e+05
   7.7564568e+05
   7.7713885e+05
   7.7855086e+05
   8.2083572e+05
   8.2174982e+05
   8.2273742e+05
   8.2355614e+05
   8.2446096e+05
   8.2538741e+05
   8.2648997e+05
   8.2866887e+05
   8.3096280e+05
   8.3360303e+05
   8.3598829e+05
   8.3750336e+05
   8.3899463e+05
   8.8086150e+05
   8.8166967e+05
   8.8273221e+05
   8.8393771e+05
   8.8494094e+05
   8.8628312e+05
   8.8831265e+05
   8.8977331e+05
   8.9145848e+05
   8.9489675e+05
   8.9662522e+05
   8.9991566e+05
   9.4111965e+05
   9.4210272e+05
   9.4301263e+05
   9.4439674e+05
   9.4545069e+05
   9.4636066e+05
   9.4846650e+05
   9.5017295e+05
   9.5191181e+05
   9.5325638e+05
   9.5946828e+05
   1.0009896e+06
   1.0019102e+06
   1.0031215e+06
   1.0039136e+06
   1.0050067e+06
   1.0060406e+06
   1.0091817e+06
   1.0116746e+06
   1.0163485e+06
   1.0195881e+06
   1.0611244e+06
   1.0621741e+06
   1.0634640e+06
   1.0643375e+06
   1.0653683e+06
   1.0665506e+06
   1.0688166e+06
   1.0707990e+06
   1.0719002e+06
   1.0751691e+06
   1.0766633e+06
   1.1209805e+06
   1.1223315e+06
   1.1235080e+06
   1.1243942e+06
   1.1257265e+06
   1.1353594e+06
   1.1369441e+06
   1.1390039e+06
   1.1820255e+06
   1.1828905e+06
   1.1844008e+06
   1.1853896e+06
   1.1868603e+06
   1.1884176e+06
   1.1904656e+06
   1.1928661e+06
   1.1958910e+06
   1.1971647e+06
   1.1986976e+06
   1.1998940e+06
   1.2412743e+06
   1.2425810e+06
   1.2453860e+06
   1.2466766e+06
   1.2484329e+06
   1.2507069e+06
   1.2533894e+06
   1.2564875e+06
   1.3018350e+06
   1.3032099e+06
   1.3053209e+06
   1.3065276e+06
   1.3129663e+06
   1.3174210e+06
   1.3184788e+06
   1.3612227e+06
   1.3626883e+06
   1.3643526e+06
   1.3662339e+06
   1.3710289e+06
   1.3758068e+06
   1.3772345e+06
   1.3787286e+06
   1.3798730e+06
   1.4215860e+06
   1.4238585e+06
   1.4255680e+06
   1.4268572e+06
   1.4288978e+06
   1.4305906e+06
   1.4327912e+06
   1.4359309e+06
   1.4387401e+06
   1.4812745e+06
   1.4827590e+06
   1.4837281e+06
   1.4851120e+06
   1.4861516e+06
   1.4891276e+06
   1.4908887e+06
   1.4928610e+06
   1.4953409e+06
   1.4971751e+06
   1.4983840e+06
   1.5412304e+06
   1.5424971e+06
   1.5451392e+06
   1.5465834e+06
   1.5497491e+06
   1.5513675e+06
   1.5538017e+06
   1.5561020e+06
   1.5574221e+06
   1.5596982e+06
   1.6019233e+06
   1.6034665e+06
   1.6051129e+06
   1.6067123e+06
   1.6083106e+06
   1.6102526e+06
   1.6123062e+06
   1.6161407e+06
   1.6175730e+06
   1.6613666e+06
   1.6631726e+06
   1.6662774e+06
   1.6692509e+06
   1.6724741e+06
   1.6753222e+06
   1.6781790e+06
   1.7212075e+06
   1.7226418e+06
   1.7241497e+06
   1.7249499e+06
   1.7259402e+06
   1.7285237e+06
   1.7299474e+06
   1.7324126e+06
   1.7355423e+06
   1.7381196e+06
   1.7827633e+06
   1.7838933e+06
   1.7886289e+06
   1.7915914e+06
   1.7939564e+06
   1.7956811e+06
   1.7981813e+06
   1.7996706e+06
   1.8423077e+06
   1.8435620e+06
   1.8462502e+06
   1.8486452e+06
   1.8527052e+06
   1.8573070e+06
   1.9025968e+06
   1.9041096e+06
   1.9058921e+06
   1.9085410e+06
   1.9105440e+06
   1.9124637e+06
   1.9135410e+06
   1.9154733e+06
   1.9166440e+06
   1.9185537e+06
   6.0729497e+04
   6.3376151e+04
   6.5052360e+04
   6.8076516e+04
   6.9468956e+04
   7.2855693e+04
   7.6088809e+04
   7.9364306e+04
   8.3760218e+04
   8.5673332e+04
   8.7705293e+04
   8.9331810e+04
   9.3061221e+04
   9.4965798e+04
   9.7254997e+04
   1.9232936e+05
   1.9634657e+05
   1.9863914e+05
   2.0003379e+05
   2.0851358e+05
   2.1016143e+05
   2.4027837e+05
   2.4141017e+05
   2.4277552e+05
   2.4516206e+05
   2.4771289e+05
   2.5047901e+05
   2.5187449e+05
   2.5401801e+05
   3.0046171e+05
   3.0316795e+05
   3.0719268e+05
   3.1214837e+05
   3.1386039e+05
   3.1600321e+05
   3.1816869e+05
   3.2056726e+05
   3.2257015e+05
   3.2534701e+05
   3.2707877e+05
   3.3305652e+05
   3.3624958e+05
   3.6257680e+05
   3.6540866e+05
   3.6696427e+05
   3.7386701e+05
   3.7701320e+05
   3.7882515e+05
   3.8752247e+05
   3.8910864e+05
   3.9141405e+05
   3.9250711e+05
   3.9659405e+05
   3.9871954e+05
   4.2107768e+05
   4.2991597e+05
   4.4182779e+05
   4.4416610e+05
   4.4763995e+05
   4.4975011e+05
   4.5286329e+05
   4.5460161e+05
   4.5724243e+05
   4.5857555e+05
   4.8210511e+05
   4.8659202e+05
   4.8856122e+05
   4.9930250e+05
   5.0528197e+05
   5.1072906e+05
   5.1325010e+05
   5.4483622e+05
   5.4870407e+05
   5.5131126e+05
   5.5351670e+05
   5.5738604e+05
   5.5868364e+05
   7.8608610e+05
   7.8858635e+05
   7.8992665e+05
   7.9469733e+05
   7.9767689e+05
   8.0013142e+05
   8.0241533e+05
   8.0689022e+05
   8.1017269e+05
   8.1175218e+05
   8.1353756e+05
   8.1500421e+05
   8.1682824e+05
   8.1844867e+05
   8.4374153e+05
   8.5082443e+05
   8.5355029e+05
   8.5509720e+05
   8.5732181e+05
   8.5915088e+05
   8.6334760e+05
   8.6555228e+05
   8.6736151e+05
   8.7538580e+05
   8.7718264e+05
   8.7879717e+05
   9.0499924e+05
   9.1281331e+05
   9.1479746e+05
   9.1657759e+05
   9.2058809e+05
   9.2315207e+05
   9.2488663e+05
   9.3037246e+05
   9.3263789e+05
   9.3534928e+05
   9.6510145e+05
   9.6717029e+05
   9.6987065e+05
   9.7217986e+05
   9.7399178e+05
   9.7780073e+05
   9.7922319e+05
   9.8698802e+05
   9.9002550e+05
   9.9172426e+05
   9.9467338e+05
   9.9675855e+05
   9.9879327e+05
   1.0216395e+06
   1.0268840e+06
   1.0295297e+06
   1.0442304e+06
   1.0463636e+06
   1.0547199e+06
   1.0586175e+06
   1.0818760e+06
   1.0836942e+06
   1.0858839e+06
   1.0870839e+06
   1.1142854e+06
   1.1159367e+06
   1.1427087e+06
   1.1443814e+06
   1.1481308e+06
   1.1525039e+06
   1.1551684e+06
   1.1578543e+06
   1.1592355e+06
   1.1608745e+06
   1.1633177e+06
   1.1672642e+06
   1.1694653e+06
   1.1720733e+06
   1.1736412e+06
   1.1752943e+06
   1.1788617e+06
   1.2021972e+06
   1.2043415e+06
   1.2064612e+06
   1.2085156e+06
   1.2105046e+06
   1.2130990e+06
   1.2148554e+06
   1.2173997e+06
   1.2254520e+06
   1.2276345e+06
   1.2294357e+06
   1.2309059e+06
   1.2321437e+06
   1.2336800e+06
   1.2355735e+06
   1.2399965e+06
   1.2919443e+06
   1.2956190e+06
   1.2976307e+06
   1.3813614e+06
   1.3826237e+06
   1.3838126e+06
   1.3856620e+06
   1.3882498e+06
   1.3899107e+06
   1.3978216e+06
   1.3997869e+06
   1.4018842e+06
   1.4032049e+06
   1.4074372e+06
   1.4105033e+06
   1.4137700e+06
   1.4152389e+06
   1.4429328e+06
   1.4469682e+06
   1.4492461e+06
   1.4548816e+06
   1.4584445e+06
   1.4601527e+06
   1.4652387e+06
   1.4685430e+06
   1.4711770e+06
   1.4755972e+06
   1.4781378e+06
   1.5029440e+06
   1.5043598e+06
   1.5057459e+06
   1.5147669e+06
   1.5161113e+06
   1.5175741e+06
   1.5211493e+06
   1.5239018e+06
   1.5327228e+06
   1.5344644e+06
   1.5366804e+06
   1.5382680e+06
   1.5619542e+06
   1.5664082e+06
   1.5701752e+06
   1.5727225e+06
   1.5823610e+06
   1.5917097e+06
   1.5933709e+06
   1.6216085e+06
   1.6231401e+06
   1.6356229e+06
   1.6370008e+06
   1.6385775e+06
   1.6418281e+06
   1.6457642e+06
   1.6537098e+06
   1.6565590e+06
   1.6820812e+06
   1.6843160e+06
   1.6867517e+06
   1.6915679e+06
   1.6935202e+06
   1.6964982e+06
   1.6992664e+06
   1.7012056e+06
   1.7033851e+06
   1.7429673e+06
   1.7487481e+06
   1.7528256e+06
   1.7552795e+06
   1.7736194e+06
   1.7788395e+06
   1.8020290e+06
   1.8364092e+06
   1.8379949e+06
   1.8627656e+06
   1.8645296e+06
   1.8659642e+06
   1.8672596e+06
   1.8887394e+06
   3.5928961e+05
   3.5946798e+05
   3.5968078e+05
   3.5996768e+05
   4.1921117e+05
   4.1989694e+05
   4.7912428e+05
   4.7930531e+05
   4.7952032e+05
   4.7968275e+05
   4.7989937e+05
   5.3931435e+05
   5.3950141e+05
   5.3968418e+05
   5.9922013e+05
   5.9945194e+05
   5.9958654e+05
   5.9984055e+05
