   4.5902320e+02
   7.7446420e+02
   1.9796212e+03
   2.3690359e+03
   3.0954176e+03
   3.4872518e+03
   3.9443184e+03
   4.3039306e+03
   4.6314342e+03
   4.9801151e+03
   5.4019786e+03
   5.7806005e+03
   6.1961856e+03
   6.7537158e+03
   7.1973729e+03
   7.5883299e+03
   8.0151287e+03
   8.3549735e+03
   8.7432150e+03
   9.0167726e+03
   9.4292711e+03
   1.2296109e+04
   1.2857052e+04
   1.3324053e+04
   1.3957459e+04
   1.4460359e+04
   1.4980142e+04
   1.5494388e+04
   1.5836534e+04
   1.6343560e+04
   1.6919050e+04
   1.7468403e+04
   1.7912759e+04
   1.8496663e+04
   1.8840906e+04
   1.9583299e+04
   2.0234003e+04
   2.0635759e+04
   2.1042747e+04
   2.1702460e+04
   2.2459364e+04
   2.2928487e+04
   2.3386101e+04
   2.4196910e+04
   2.4565584e+04
   2.4987087e+04
   2.5783452e+04
   2.6125450e+04
   2.6670023e+04
   2.7012274e+04
   2.7559428e+04
   2.7992261e+04
   2.8293957e+04
   2.8792496e+04
   2.9204029e+04
   2.9629054e+04
   3.0076469e+04
   3.1368967e+04
   3.1984124e+04
   3.2540242e+04
   3.2978169e+04
   3.3613465e+04
   3.4136006e+04
   3.4555541e+04
   3.7700026e+04
   3.8035327e+04
   3.8581272e+04
   3.8892240e+04
   3.9252531e+04
   3.9739192e+04
   4.0822103e+04
   4.0154223e+04
   4.0523425e+04
   4.0869471e+04
   4.1364127e+04
   4.1838309e+04
   4.2165198e+04
   4.2754535e+04
   4.3165884e+04
   4.3666931e+04
   4.3921005e+04
   4.4384195e+04
   4.4843170e+04
   4.5360048e+04
   4.5678166e+04
   4.6099191e+04
   4.6462417e+04
   4.7212405e+04
   4.7643818e+04
   4.8106104e+04
   4.8569355e+04
   4.8998967e+04
   4.9416318e+04
   4.9746362e+04
   5.0223877e+04
   5.0620516e+04
   5.0945691e+04
   5.1948909e+04
   5.2281316e+04
   5.2710001e+04
   5.3127312e+04
   5.3452580e+04
   5.3820310e+04
   5.4420284e+04
   5.4836416e+04
   5.5277082e+04
   5.5625401e+04
   5.6101498e+04
   5.6402287e+04
   5.6858706e+04
   5.7593305e+04
   5.8073277e+04
   5.8462409e+04
   5.8808258e+04
   5.9155128e+04
   5.9637544e+04
   1.0038929e+05
   1.0072517e+05
   1.0109724e+05
   1.0153680e+05
   1.0303630e+05
   1.0351657e+05
   1.0428631e+05
   1.0473446e+05
   1.0515801e+05
   1.0578235e+05
   1.0630964e+05
   1.0667129e+05
   1.0717708e+05
   1.0756163e+05
   1.0820011e+05
   1.0848063e+05
   1.0883228e+05
   1.0922981e+05
   1.0955437e+05
   1.0988915e+05
   1.1022310e+05
   1.1072855e+05
   1.1118826e+05
   1.1161978e+05
   1.1211853e+05
   1.1274591e+05
   1.1306075e+05
   1.1368556e+05
   1.1426681e+05
   1.1452066e+05
   1.1489413e+05
   1.1538073e+05
   1.1580514e+05
   1.1616163e+05
   1.1658027e+05
   1.1703058e+05
   1.1736084e+05
   1.1771184e+05
   1.1809633e+05
   1.1850602e+05
   1.1883876e+05
   1.1911615e+05
   1.1944707e+05
   1.1987263e+05
   1.6010121e+05
   1.6061358e+05
   1.6103548e+05
   1.6135277e+05
   1.6167191e+05
   1.6201712e+05
   1.6234754e+05
   1.6269988e+05
   1.6314284e+05
   1.6373219e+05
   1.6411728e+05
   1.6446706e+05
   1.6483681e+05
   1.6512600e+05
   1.6590460e+05
   1.6629796e+05
   1.6674042e+05
   1.6720642e+05
   1.6765212e+05
   1.6814805e+05
   1.6855043e+05
   1.6891410e+05
   1.6945457e+05
   1.7008202e+05
   1.7049169e+05
   1.7091790e+05
   1.7140970e+05
   1.7187703e+05
   1.7217387e+05
   1.7269534e+05
   1.7330239e+05
   1.7371643e+05
   1.7420612e+05
   1.7474747e+05
   1.7502194e+05
   1.7547462e+05
   1.7585981e+05
   1.7630134e+05
   1.7668426e+05
   1.7708372e+05
   1.7762320e+05
   1.7801296e+05
   1.7826546e+05
   1.7855833e+05
   1.7891264e+05
   1.7920356e+05
   1.7956243e+05
   1.7996355e+05
   2.2025434e+05
   2.2066981e+05
   2.2181068e+05
   2.2232526e+05
   2.2293349e+05
   2.2330007e+05
   2.2363022e+05
   2.2397656e+05
   2.2450089e+05
   2.2488388e+05
   2.2520328e+05
   2.2557548e+05
   2.2598758e+05
   2.2666405e+05
   2.2723793e+05
   2.2763068e+05
   2.2812052e+05
   2.2860145e+05
   2.2905693e+05
   2.2948060e+05
   2.2991468e+05
   2.3036782e+05
   2.3089821e+05
   2.3130822e+05
   2.3174311e+05
   2.3233815e+05
   2.3283222e+05
   2.3326273e+05
   2.3381096e+05
   2.3416336e+05
   2.3450942e+05
   2.3512518e+05
   2.3556212e+05
   2.3592122e+05
   2.3634476e+05
   2.3743953e+05
   2.3779392e+05
   2.3836999e+05
   2.3882035e+05
   2.3964353e+05
   2.3996197e+05
   2.8042555e+05
   2.8089106e+05
   2.8131946e+05
   2.8157861e+05
   2.8201990e+05
   2.8245511e+05
   2.8280812e+05
   2.8336106e+05
   2.8374198e+05
   2.8418614e+05
   2.8452573e+05
   2.8498553e+05
   2.8533893e+05
   2.8580040e+05
   2.8629619e+05
   2.8738309e+05
   2.8775020e+05
   2.8806571e+05
   2.8870615e+05
   2.8901528e+05
   2.8976324e+05
   2.9019424e+05
   2.9056002e+05
   2.9094325e+05
   2.9129709e+05
   2.9171208e+05
   2.9206248e+05
   2.9243200e+05
   2.9286405e+05
   2.9317524e+05
   2.9352045e+05
   2.9398942e+05
   2.9473960e+05
   2.9499105e+05
   2.9534146e+05
   2.9569509e+05
   2.9605594e+05
   2.9636056e+05
   2.9667370e+05
   2.9719841e+05
   2.9767455e+05
   2.9814914e+05
   2.9855529e+05
   2.9912114e+05
   2.9966817e+05
   3.4020060e+05
   3.4052222e+05
   3.4086884e+05
   3.4119254e+05
   3.4164504e+05
   3.4213372e+05
   3.4254344e+05
   3.4304988e+05
   3.4343725e+05
   3.4379578e+05
   3.4411253e+05
   3.4443784e+05
   3.4482206e+05
   3.4539725e+05
   3.4588328e+05
   3.4630973e+05
   3.4681710e+05
   3.4712607e+05
   3.4759534e+05
   3.4795360e+05
   3.4829526e+05
   3.4871240e+05
   3.4907305e+05
   3.4936723e+05
   3.4973654e+05
   3.5006465e+05
   3.5034988e+05
   3.5083236e+05
   3.5113777e+05
   3.5141361e+05
   3.5169504e+05
   3.5218793e+05
   3.5250029e+05
   3.5311905e+05
   3.5351440e+05
   3.5379358e+05
   3.5406697e+05
   3.5445405e+05
   3.5480873e+05
   3.5512900e+05
   3.5542131e+05
   3.5575979e+05
   3.5613672e+05
   3.5664608e+05
   3.5696747e+05
   3.5747182e+05
   3.5799265e+05
   3.5836215e+05
   3.5873336e+05
   3.5921270e+05
   3.5948507e+05
   3.5990478e+05
   4.0020573e+05
   4.0050350e+05
   4.0084596e+05
   4.0117209e+05
   4.0150248e+05
   4.0195486e+05
   4.0234565e+05
   4.0286378e+05
   4.0322063e+05
   4.0352089e+05
   4.0382692e+05
   4.0413208e+05
   4.0455975e+05
   4.0505034e+05
   4.0554309e+05
   4.0620337e+05
   4.0660450e+05
   4.0695059e+05
   4.0728029e+05
   4.0765250e+05
   4.0791433e+05
   4.0826645e+05
   4.0876280e+05
   4.0914776e+05
   4.0962386e+05
   4.1009771e+05
   4.1078026e+05
   4.1108099e+05
   4.1146567e+05
   4.1186850e+05
   4.1215299e+05
   4.1266654e+05
   4.1307967e+05
   4.1366117e+05
   4.1402198e+05
   4.1442082e+05
   4.1481051e+05
   4.1513366e+05
   4.1544806e+05
   4.1570633e+05
   4.1602724e+05
   4.1628009e+05
   4.1662289e+05
   4.1695823e+05
   4.1727991e+05
   4.1773201e+05
   4.1825319e+05
   4.1853594e+05
   4.1905503e+05
   4.1938313e+05
   4.1967720e+05
   4.1995980e+05
   4.6029259e+05
   4.6063691e+05
   4.6096246e+05
   4.6127045e+05
   4.6168831e+05
   4.6199804e+05
   4.6232641e+05
   4.6265085e+05
   4.6293266e+05
   4.6334014e+05
   4.6370830e+05
   4.6404298e+05
   4.6448071e+05
   4.6490363e+05
   4.6522935e+05
   4.6557383e+05
   4.6585089e+05
   4.6614071e+05
   4.6642817e+05
   4.6676686e+05
   4.6718783e+05
   4.6751939e+05
   4.6783756e+05
   4.6828669e+05
   4.6861691e+05
   4.6900202e+05
   4.6942744e+05
   4.6979892e+05
   4.7049464e+05
   4.7100145e+05
   4.7125575e+05
   4.7172626e+05
   4.7214875e+05
   4.7268839e+05
   4.7298081e+05
   4.7330019e+05
   4.7371982e+05
   4.7406995e+05
   4.7443833e+05
   4.7478667e+05
   4.7505633e+05
   4.7548764e+05
   4.7597482e+05
   4.7637875e+05
   4.7669000e+05
   4.7698708e+05
   4.7757496e+05
   4.7809570e+05
   4.7852920e+05
   4.7889725e+05
   4.7914025e+05
   4.7936709e+05
   4.7979292e+05
   5.2017352e+05
   5.2053590e+05
   5.2082286e+05
   5.2105766e+05
   5.2134761e+05
   5.2160031e+05
   5.2208269e+05
   5.2236500e+05
   5.2265344e+05
   5.2304790e+05
   5.2348362e+05
   5.2381577e+05
   5.2410291e+05
   5.2450402e+05
   5.2476042e+05
   5.2511719e+05
   5.2536941e+05
   5.2572460e+05
   5.2600609e+05
   5.2634338e+05
   5.2657262e+05
   5.2682138e+05
   5.2711020e+05
   5.2753267e+05
   5.2783694e+05
   5.2822841e+05
   5.2879239e+05
   5.2927969e+05
   5.2974392e+05
   5.3011492e+05
   5.3058955e+05
   5.3107316e+05
   5.3153746e+05
   5.3193521e+05
   5.3234882e+05
   5.3269568e+05
   5.3300166e+05
   5.3341978e+05
   5.3419853e+05
   5.3447886e+05
   5.3487853e+05
   5.3530364e+05
   5.3679727e+05
   5.3714725e+05
   5.3755790e+05
   5.3793998e+05
   5.3825029e+05
   5.3886869e+05
   5.3916688e+05
   5.3988935e+05
   5.8018243e+05
   5.8056060e+05
   5.8079320e+05
   5.8102667e+05
   5.8136933e+05
   5.8174567e+05
   5.8206724e+05
   5.8235593e+05
   5.8258987e+05
   5.8290793e+05
   5.8321214e+05
   5.8350177e+05
   5.8380738e+05
   5.8405503e+05
   5.8446301e+05
   5.8479039e+05
   5.8509615e+05
   5.8536567e+05
   5.8562757e+05
   5.8587551e+05
   5.8621287e+05
   5.8661130e+05
   5.8686789e+05
   5.8725770e+05
   5.8759712e+05
   5.8796854e+05
   5.8843561e+05
   5.8896402e+05
   5.8934401e+05
   5.8974679e+05
   5.9002631e+05
   5.9034852e+05
   5.9068213e+05
   5.9117672e+05
   5.9154090e+05
   5.9187627e+05
   5.9235047e+05
   5.9266246e+05
   5.9299374e+05
   5.9342868e+05
   5.9387876e+05
   5.9425357e+05
   5.9468136e+05
   5.9524930e+05
   5.9559238e+05
   5.9603698e+05
   5.9642762e+05
   5.9683608e+05
   5.9716930e+05
   5.9753107e+05
   5.9781627e+05
   5.9818556e+05
   5.9863231e+05
   5.9889604e+05
   5.9933708e+05
   5.9989734e+05
   6.0047744e+05
   6.0090199e+05
   6.0160955e+05
   6.0368268e+05
   6.0405874e+05
   6.0455141e+05
   6.0495078e+05
   6.0532681e+05
   6.0575813e+05
   6.0632326e+05
   6.0682645e+05
   6.0730605e+05
   6.0766876e+05
   6.0820246e+05
   6.0847659e+05
   6.0896134e+05
   6.0934284e+05
   6.0977409e+05
   6.1019598e+05
   6.1070740e+05
   6.1115796e+05
   6.1172348e+05
   6.1227723e+05
   6.1256876e+05
   6.1308810e+05
   6.1343427e+05
   6.1387491e+05
   6.1429269e+05
   6.1492131e+05
   6.1529748e+05
   6.1583001e+05
   6.1636353e+05
   6.1678215e+05
   6.1721814e+05
   6.1760302e+05
   6.1793727e+05
   6.1831516e+05
   6.1872785e+05
   6.1902519e+05
   6.1942211e+05
   6.1990357e+05
   6.2023974e+05
   6.2058203e+05
   6.2089128e+05
   6.2132758e+05
   6.2193431e+05
   6.2232907e+05
   6.2268428e+05
   6.2382157e+05
   6.2528553e+05
   6.2565488e+05
   6.2605569e+05
   6.2669109e+05
   6.2706362e+05
   6.2742827e+05
   6.2784561e+05
   6.2813381e+05
   6.2862407e+05
   6.2930892e+05
   6.2994907e+05
   6.3026834e+05
   6.3078584e+05
   6.3121296e+05
   6.3151943e+05
   6.3217827e+05
   6.3255811e+05
   6.3288209e+05
   6.3331929e+05
   6.3363986e+05
   6.3402097e+05
   6.3445352e+05
   6.3494674e+05
   6.3538393e+05
   6.3606370e+05
   6.3658195e+05
   6.3698470e+05
   6.3748762e+05
   6.3798625e+05
   6.3836013e+05
   6.3863929e+05
   6.3904664e+05
   6.3973662e+05
   6.4019787e+05
   6.4089705e+05
   6.4140744e+05
   6.4197966e+05
   6.4245769e+05
   6.4292544e+05
   6.4326631e+05
   6.4379684e+05
   6.4420458e+05
   6.4467384e+05
   6.4504569e+05
   6.4558599e+05
   6.4607076e+05
   6.4650851e+05
   6.4685846e+05
   6.4757793e+05
   6.4782643e+05
   6.4835931e+05
   6.4884919e+05
   6.4928566e+05
   6.4972544e+05
   6.5033036e+05
   6.5087761e+05
   6.5122025e+05
   6.5171614e+05
   6.5223925e+05
   6.5270705e+05
   6.5308859e+05
   6.5352711e+05
   6.5392317e+05
   6.5481667e+05
   6.5530418e+05
   6.5578079e+05
   6.5628702e+05
   6.5674119e+05
   6.5726465e+05
   6.5790349e+05
   6.5819885e+05
   6.5862418e+05
   6.5913020e+05
   6.5948991e+05
   6.5988758e+05
   6.6038872e+05
   6.6079575e+05
   6.6131216e+05
   6.6164511e+05
   6.6249792e+05
   6.6295606e+05
   6.6378007e+05
   6.6461214e+05
   6.6494248e+05
   6.6531057e+05
   6.6571510e+05
   6.6613311e+05
   6.6656038e+05
   6.6713230e+05
   6.6791866e+05
   6.6832109e+05
   6.6874830e+05
   6.6919737e+05
   6.6962739e+05
   6.7012897e+05
   6.7060519e+05
   6.7094913e+05
   6.7129638e+05
   6.7185535e+05
   6.7222438e+05
   6.7253765e+05
   6.7286896e+05
   6.7337738e+05
   6.7388892e+05
   6.7416092e+05
   6.7458447e+05
   6.7495844e+05
   6.7540994e+05
   6.7584312e+05
   6.7632474e+05
   6.7673181e+05
   6.7767578e+05
   6.7817969e+05
   6.7863298e+05
   6.7894146e+05
   6.7936793e+05
   6.7988610e+05
   6.8032500e+05
   6.8069571e+05
   6.8107474e+05
   6.8150823e+05
   6.8199230e+05
   6.8232138e+05
   6.8273461e+05
   6.8341577e+05
   6.8408777e+05
   6.8456826e+05
   6.8488493e+05
   6.8523111e+05
   6.8566892e+05
   6.8679205e+05
   6.8716805e+05
   6.8767576e+05
   6.8817980e+05
   6.8860523e+05
   6.8907505e+05
   6.8966425e+05
   6.9003955e+05
   6.9091717e+05
   6.9128291e+05
   6.9164808e+05
   6.9257045e+05
   6.9293163e+05
   6.9371552e+05
   6.9433803e+05
   6.9463168e+05
   6.9503461e+05
   6.9550723e+05
   6.9585364e+05
   6.9643662e+05
   6.9679626e+05
   6.9728284e+05
   6.9766670e+05
   6.9803440e+05
   6.9832170e+05
   6.9881923e+05
   6.9927900e+05
   6.9970497e+05
   7.0015555e+05
   7.0051704e+05
   7.0096466e+05
   7.0142641e+05
   7.0179527e+05
   7.0239074e+05
   7.0281898e+05
   7.0337463e+05
   7.0399882e+05
   7.0437373e+05
   7.0502864e+05
   7.0541669e+05
   7.0591269e+05
   7.0637647e+05
   7.0672508e+05
   7.0724304e+05
   7.0786462e+05
   7.0830532e+05
   7.0884243e+05
   7.0982420e+05
   7.1041343e+05
   7.1076781e+05
   7.1129006e+05
   7.1165136e+05
   7.1209912e+05
   7.1242796e+05
   7.1304988e+05
   7.1358385e+05
   7.1439577e+05
   7.1493652e+05
   7.1552663e+05
   7.1593866e+05
   7.1641082e+05
   7.1680102e+05
   7.1725624e+05
   7.1754107e+05
   7.1807894e+05
   7.1845528e+05
   7.1897805e+05
   7.1931637e+05
   7.1992929e+05
   7.2062275e+05
   7.2109534e+05
   7.2218062e+05
   7.2289685e+05
   7.2583535e+05
   7.2689374e+05
   7.2747050e+05
   7.2798326e+05
   7.2843307e+05
   7.2980442e+05
   7.3147101e+05
   7.3814884e+05
   7.3856689e+05
   7.3911106e+05
   7.4119994e+05
   7.4231326e+05
   7.4262194e+05
   7.4329661e+05
   7.4365325e+05
   7.4466956e+05
   7.4525216e+05
   7.4602761e+05
   7.4637113e+05
   7.4690417e+05
   7.4784864e+05
   7.4829853e+05
   7.4898556e+05
   7.4943646e+05
   7.5099115e+05
   7.5184711e+05
   7.5271881e+05
   7.5321533e+05
   7.5375483e+05
   7.5422643e+05
   7.5469797e+05
   7.5523174e+05
   7.5572093e+05
   7.5617283e+05
   7.5668961e+05
   7.5736853e+05
   7.5792611e+05
   7.5837110e+05
   7.5886688e+05
   7.5970330e+05
   7.6036763e+05
   7.6068622e+05
   7.6106857e+05
   7.6141646e+05
   7.6195865e+05
   7.6245037e+05
   7.6272146e+05
   7.6312476e+05
   7.6362209e+05
   7.6396495e+05
   7.6426385e+05
   7.6475277e+05
   7.6506696e+05
   7.6537139e+05
   7.6571926e+05
   7.6598503e+05
   7.6626342e+05
   7.6667976e+05
   7.6697363e+05
   7.6757371e+05
   7.6803852e+05
   7.6868492e+05
   7.6961274e+05
   7.7013051e+05
   7.7068804e+05
   7.7115589e+05
   7.7154130e+05
   7.7210841e+05
   7.7250907e+05
   7.7302012e+05
   7.7345237e+05
   7.7453452e+05
   7.7516461e+05
   7.7550759e+05
   7.7641965e+05
   7.7719253e+05
   7.7776539e+05
   7.7826320e+05
   7.7906298e+05
   7.7952081e+05
   8.2037600e+05
   8.2095190e+05
   8.2150992e+05
   8.2201913e+05
   8.2242190e+05
   8.2287754e+05
   8.2323343e+05
   8.2356233e+05
   8.2397008e+05
   8.2450984e+05
   8.2477816e+05
   8.2505635e+05
   8.2537273e+05
   8.2610912e+05
   8.2650165e+05
   8.2683885e+05
   8.2754224e+05
   8.2821379e+05
   8.2859915e+05
   8.2907304e+05
   8.2971027e+05
   8.3013169e+05
   8.3059900e+05
   8.3090821e+05
   8.3125125e+05
   8.3187972e+05
   8.3225620e+05
   8.3268885e+05
   8.3351556e+05
   8.3464718e+05
   8.3532780e+05
   8.3576152e+05
   8.3657630e+05
   8.3734940e+05
   8.3796384e+05
   8.3853279e+05
   8.3937028e+05
   8.3980058e+05
   8.8035750e+05
   8.8097693e+05
   8.8153216e+05
   8.8197394e+05
   8.8221581e+05
   8.8277682e+05
   8.8314419e+05
   8.8338520e+05
   8.8363321e+05
   8.8400218e+05
   8.8429365e+05
   8.8467894e+05
   8.8504398e+05
   8.8544032e+05
   8.8576193e+05
   8.8614275e+05
   8.8651313e+05
   8.8678152e+05
   8.8756446e+05
   8.8795550e+05
   8.8846153e+05
   8.8881125e+05
   8.8990594e+05
   8.9039761e+05
   8.9078895e+05
   8.9135207e+05
   8.9184086e+05
   8.9230187e+05
   8.9325300e+05
   8.9443532e+05
   8.9533770e+05
   8.9588313e+05
   8.9639601e+05
   8.9674871e+05
   8.9732981e+05
   8.9767859e+05
   8.9808978e+05
   8.9871037e+05
   8.9905595e+05
   8.9953547e+05
   9.4032907e+05
   9.4075126e+05
   9.4111951e+05
   9.4146892e+05
   9.4196856e+05
   9.4241015e+05
   9.4273586e+05
   9.4301022e+05
   9.4329402e+05
   9.4370260e+05
   9.4396954e+05
   9.4446709e+05
   9.4481603e+05
   9.4516663e+05
   9.4567070e+05
   9.4613724e+05
   9.4643806e+05
   9.4685413e+05
   9.4747505e+05
   9.4857464e+05
   9.4902413e+05
   9.4978836e+05
   9.5009079e+05
   9.5096129e+05
   9.5145785e+05
   9.5186091e+05
   9.5245112e+05
   9.5283745e+05
   9.5314399e+05
   9.5344964e+05
   9.5379296e+05
   9.5450409e+05
   9.5494257e+05
   9.5542563e+05
   9.5578119e+05
   9.5728904e+05
   9.5772835e+05
   9.5815996e+05
   9.5856353e+05
   9.5901462e+05
   9.5976258e+05
   1.0002680e+06
   1.0007255e+06
   1.0010479e+06
   1.0015092e+06
   1.0019420e+06
   1.0023308e+06
   1.0027521e+06
   1.0031331e+06
   1.0035000e+06
   1.0039733e+06
   1.0043502e+06
   1.0047576e+06
   1.0050109e+06
   1.0052896e+06
   1.0057311e+06
   1.0061983e+06
   1.0069699e+06
   1.0073538e+06
   1.0080369e+06
   1.0086657e+06
   1.0091011e+06
   1.0096733e+06
   1.0100142e+06
   1.0104582e+06
   1.0107993e+06
   1.0121915e+06
   1.0126281e+06
   1.0130096e+06
   1.0136145e+06
   1.0144671e+06
   1.0152670e+06
   1.0156457e+06
   1.0161138e+06
   1.0165819e+06
   1.0169367e+06
   1.0176039e+06
   1.0182986e+06
   1.0188739e+06
   1.0193140e+06
   1.0198248e+06
   1.0602945e+06
   1.0607423e+06
   1.0611483e+06
   1.0616401e+06
   1.0620401e+06
   1.0624428e+06
   1.0629084e+06
   1.0635002e+06
   1.0638848e+06
   1.0643111e+06
   1.0647237e+06
   1.0650641e+06
   1.0654267e+06
   1.0659631e+06
   1.0662395e+06
   1.0669316e+06
   1.0674268e+06
   1.0681315e+06
   1.0684716e+06
   1.0692925e+06
   1.0699866e+06
   1.0706122e+06
   1.0709304e+06
   1.0712791e+06
   1.0719561e+06
   1.0724919e+06
   1.0730948e+06
   1.0736707e+06
   1.0744159e+06
   1.0749325e+06
   1.0754732e+06
   1.0764240e+06
   1.0772274e+06
   1.0778200e+06
   1.0783300e+06
   1.0789083e+06
   1.0793496e+06
   1.0798692e+06
   1.1203524e+06
   1.1206840e+06
   1.1210508e+06
   1.1214495e+06
   1.1217512e+06
   1.1223438e+06
   1.1226740e+06
   1.1230307e+06
   1.1234447e+06
   1.1239097e+06
   1.1242678e+06
   1.1246287e+06
   1.1250456e+06
   1.1255188e+06
   1.1259651e+06
   1.1262974e+06
   1.1266566e+06
   1.1276032e+06
   1.1281203e+06
   1.1285832e+06
   1.1291151e+06
   1.1295169e+06
   1.1301085e+06
   1.1306743e+06
   1.1311058e+06
   1.1320969e+06
   1.1326592e+06
   1.1332225e+06
   1.1339134e+06
   1.1342962e+06
   1.1350865e+06
   1.1355824e+06
   1.1361520e+06
   1.1364627e+06
   1.1368762e+06
   1.1374363e+06
   1.1378551e+06
   1.1383116e+06
   1.1388838e+06
   1.1394712e+06
   1.1398464e+06
   1.1803973e+06
   1.1806920e+06
   1.1809670e+06
   1.1813318e+06
   1.1817072e+06
   1.1821357e+06
   1.1824851e+06
   1.1828770e+06
   1.1831488e+06
   1.1835770e+06
   1.1839260e+06
   1.1843437e+06
   1.1847697e+06
   1.1853980e+06
   1.1857074e+06
   1.1860971e+06
   1.1864923e+06
   1.1869185e+06
   1.1875752e+06
   1.1880240e+06
   1.1884289e+06
   1.1888952e+06
   1.1896051e+06
   1.1899507e+06
   1.1904624e+06
   1.1909899e+06
   1.1915919e+06
   1.1920982e+06
   1.1931751e+06
   1.1944068e+06
   1.1948817e+06
   1.1955390e+06
   1.1960437e+06
   1.1967905e+06
   1.1979154e+06
   1.1985359e+06
   1.1994070e+06
   1.2403668e+06
   1.2409106e+06
   1.2412569e+06
   1.2417409e+06
   1.2420686e+06
   1.2426634e+06
   1.2432244e+06
   1.2437183e+06
   1.2441420e+06
   1.2446191e+06
   1.2450756e+06
   1.2456184e+06
   1.2460429e+06
   1.2466325e+06
   1.2479465e+06
   1.2483503e+06
   1.2490689e+06
   1.2497347e+06
   1.2502855e+06
   1.2509485e+06
   1.2514474e+06
   1.2517521e+06
   1.2523051e+06
   1.2528340e+06
   1.2532100e+06
   1.2535989e+06
   1.2539948e+06
   1.2548102e+06
   1.2557123e+06
   1.2563370e+06
   1.2567005e+06
   1.2573505e+06
   1.2577998e+06
   1.2583798e+06
   1.2589067e+06
   1.2593001e+06
   1.3003890e+06
   1.3007129e+06
   1.3010412e+06
   1.3015148e+06
   1.3019597e+06
   1.3023922e+06
   1.3027589e+06
   1.3032643e+06
   1.3037460e+06
   1.3042380e+06
   1.3047511e+06
   1.3052526e+06
   1.3057874e+06
   1.3060738e+06
   1.3064544e+06
   1.3068844e+06
   1.3079741e+06
   1.3086277e+06
   1.3091344e+06
   1.3099731e+06
   1.3104340e+06
   1.3109280e+06
   1.3113657e+06
   1.3117782e+06
   1.3122952e+06
   1.3128706e+06
   1.3134177e+06
   1.3139320e+06
   1.3144494e+06
   1.3147756e+06
   1.3153618e+06
   1.3159965e+06
   1.3165486e+06
   1.3169277e+06
   1.3172748e+06
   1.3177760e+06
   1.3185929e+06
   1.3191998e+06
   1.3196118e+06
   1.3605302e+06
   1.3608822e+06
   1.3612218e+06
   1.3619366e+06
   1.3623388e+06
   1.3626871e+06
   1.3632405e+06
   1.3637253e+06
   1.3642749e+06
   1.3646015e+06
   1.3649379e+06
   1.3652828e+06
   1.3657074e+06
   1.3662252e+06
   1.3667444e+06
   1.3674567e+06
   1.3683929e+06
   1.3687938e+06
   1.3694199e+06
   1.3699178e+06
   1.3703931e+06
   1.3708431e+06
   1.3712180e+06
   1.3716342e+06
   1.3721329e+06
   1.3726507e+06
   1.3733163e+06
   1.3744567e+06
   1.3750701e+06
   1.3755634e+06
   1.3771919e+06
   1.3778437e+06
   1.3785168e+06
   1.3791575e+06
   1.3797053e+06
   1.4204201e+06
   1.4215306e+06
   1.4219483e+06
   1.4226691e+06
   1.4229705e+06
   1.4236086e+06
   1.4238751e+06
   1.4242602e+06
   1.4245806e+06
   1.4249009e+06
   1.4254659e+06
   1.4258539e+06
   1.4265720e+06
   1.4274357e+06
   1.4282045e+06
   1.4287126e+06
   1.4292239e+06
   1.4296662e+06
   1.4300954e+06
   1.4308469e+06
   1.4312623e+06
   1.4315892e+06
   1.4319306e+06
   1.4329064e+06
   1.4336257e+06
   1.4339740e+06
   1.4344788e+06
   1.4350099e+06
   1.4354671e+06
   1.4361549e+06
   1.4366236e+06
   1.4372028e+06
   1.4376431e+06
   1.4380915e+06
   1.4385320e+06
   1.4391612e+06
   1.4803374e+06
   1.4811582e+06
   1.4816384e+06
   1.4819747e+06
   1.4828754e+06
   1.4835447e+06
   1.4839382e+06
   1.4845530e+06
   1.4852523e+06
   1.4861661e+06
   1.4866655e+06
   1.4874329e+06
   1.4878967e+06
   1.4882872e+06
   1.4887405e+06
   1.4893324e+06
   1.4899591e+06
   1.4906718e+06
   1.4912684e+06
   1.4917003e+06
   1.4922813e+06
   1.4930090e+06
   1.4935186e+06
   1.4939097e+06
   1.4948236e+06
   1.4953580e+06
   1.4965770e+06
   1.4973038e+06
   1.4976880e+06
   1.4981978e+06
   1.4987133e+06
   1.4990848e+06
   1.4998590e+06
   1.5403296e+06
   1.5408159e+06
   1.5411643e+06
   1.5415773e+06
   1.5425538e+06
   1.5430714e+06
   1.5435034e+06
   1.5440034e+06
   1.5445211e+06
   1.5450061e+06
   1.5453736e+06
   1.5464561e+06
   1.5468562e+06
   1.5474045e+06
   1.5483528e+06
   1.5488672e+06
   1.5491608e+06
   1.5496345e+06
   1.5503307e+06
   1.5507756e+06
   1.5515017e+06
   1.5531292e+06
   1.5547997e+06
   1.5553969e+06
   1.5561337e+06
   1.5567705e+06
   1.5580746e+06
   1.5591001e+06
   1.5595302e+06
   1.6004365e+06
   1.6026154e+06
   1.6030708e+06
   1.6034219e+06
   1.6039184e+06
   1.6045292e+06
   1.6051300e+06
   1.6055947e+06
   1.6062536e+06
   1.6067053e+06
   1.6075650e+06
   1.6082422e+06
   1.6088814e+06
   1.6094040e+06
   1.6099462e+06
   1.6107584e+06
   1.6111755e+06
   1.6117158e+06
   1.6120415e+06
   1.6123287e+06
   1.6127588e+06
   1.6137837e+06
   1.6151656e+06
   1.6157151e+06
   1.6160929e+06
   1.6175776e+06
   1.6183297e+06
   1.6191395e+06
   1.6198018e+06
   1.6605959e+06
   1.6609441e+06
   1.6614140e+06
   1.6617714e+06
   1.6624520e+06
   1.6628812e+06
   1.6633313e+06
   1.6639585e+06
   1.6644356e+06
   1.6648745e+06
   1.6653236e+06
   1.6664799e+06
   1.6668774e+06
   1.6675628e+06
   1.6681433e+06
   1.6687465e+06
   1.6692382e+06
   1.6698567e+06
   1.6704056e+06
   1.6709535e+06
   1.6715572e+06
   1.6720365e+06
   1.6723505e+06
   1.6727179e+06
   1.6732091e+06
   1.6738462e+06
   1.6746751e+06
   1.6752633e+06
   1.6756247e+06
   1.6762975e+06
   1.6767661e+06
   1.6770892e+06
   1.6775963e+06
   1.6780870e+06
   1.6790604e+06
   1.6794561e+06
   1.7205166e+06
   1.7209346e+06
   1.7215037e+06
   1.7220801e+06
   1.7227574e+06
   1.7234103e+06
   1.7237777e+06
   1.7242370e+06
   1.7249700e+06
   1.7254920e+06
   1.7263039e+06
   1.7266663e+06
   1.7274650e+06
   1.7279819e+06
   1.7287670e+06
   1.7293294e+06
   1.7297147e+06
   1.7305839e+06
   1.7311056e+06
   1.7315103e+06
   1.7321832e+06
   1.7327917e+06
   1.7334244e+06
   1.7344838e+06
   1.7348704e+06
   1.7353021e+06
   1.7357988e+06
   1.7366217e+06
   1.7370466e+06
   1.7374950e+06
   1.7380721e+06
   1.7387660e+06
   1.7395799e+06
   1.7807685e+06
   1.7813691e+06
   1.7818781e+06
   1.7843811e+06
   1.7847660e+06
   1.7853287e+06
   1.7864264e+06
   1.7874172e+06
   1.7879089e+06
   1.7883740e+06
   1.7897516e+06
   1.7902682e+06
   1.7908124e+06
   1.7920300e+06
   1.7925351e+06
   1.7947700e+06
   1.7952837e+06
   1.7959491e+06
   1.7965121e+06
   1.7971911e+06
   1.7982131e+06
   1.7987516e+06
   1.8405826e+06
   1.8410697e+06
   1.8416011e+06
   1.8420215e+06
   1.8425661e+06
   1.8429346e+06
   1.8436561e+06
   1.8440995e+06
   1.8448407e+06
   1.8454209e+06
   1.8458669e+06
   1.8463658e+06
   1.8467886e+06
   1.8474771e+06
   1.8478906e+06
   1.8548089e+06
   1.8553039e+06
   1.8566796e+06
   1.8576387e+06
   1.8584285e+06
   1.8589556e+06
   1.8593573e+06
   1.9009253e+06
   1.9016217e+06
   1.9025583e+06
   1.9029941e+06
   1.9034708e+06
   1.9038897e+06
   1.9047813e+06
   1.9051481e+06
   1.9056786e+06
   1.9061458e+06
   1.9067495e+06
   1.9082115e+06
   1.9085984e+06
   1.9091636e+06
   1.9097075e+06
   1.9105479e+06
   1.9112395e+06
   1.9117248e+06
   1.9120629e+06
   1.9131208e+06
   1.9136537e+06
   1.9144051e+06
   1.9152068e+06
   1.9162231e+06
   1.9170681e+06
   1.9173357e+06
   1.9185527e+06
   1.9190739e+06
   1.9195343e+06
   1.9199827e+06
   6.0544132e+04
   6.0961304e+04
   6.1279330e+04
   6.1592912e+04
   6.1907911e+04
   6.2404575e+04
   6.2921854e+04
   6.3370951e+04
   6.3983780e+04
   6.4345351e+04
   6.5347969e+04
   6.5689227e+04
   6.6152187e+04
   6.6599277e+04
   6.7069391e+04
   6.7554947e+04
   6.8020281e+04
   6.8548170e+04
   6.8947677e+04
   6.9358654e+04
   6.9884733e+04
   7.0361009e+04
   7.0736160e+04
   7.1252336e+04
   7.2260760e+04
   7.2637039e+04
   7.3545137e+04
   7.3999669e+04
   7.4639055e+04
   7.5120497e+04
   7.5493926e+04
   7.5824149e+04
   7.6173142e+04
   7.6579926e+04
   7.6916489e+04
   7.7571094e+04
   7.7875341e+04
   7.8371774e+04
   7.9296317e+04
   7.9838532e+04
   8.0157178e+04
   8.0563851e+04
   8.0944035e+04
   8.1606956e+04
   8.2262727e+04
   8.2830094e+04
   8.3361539e+04
   8.3854108e+04
   8.4965793e+04
   8.5375310e+04
   8.6005884e+04
   8.6443717e+04
   8.6928922e+04
   8.7301241e+04
   8.7842953e+04
   8.8367242e+04
   8.8740840e+04
   8.9398845e+04
   8.9808899e+04
   9.0320483e+04
   9.0800706e+04
   9.1297651e+04
   9.1641820e+04
   9.2059045e+04
   9.2963299e+04
   9.3538276e+04
   9.4285414e+04
   9.4676304e+04
   9.5184658e+04
   9.5483243e+04
   9.5813081e+04
   9.6206800e+04
   9.6668966e+04
   9.7024032e+04
   9.7340211e+04
   9.7697537e+04
   9.8031122e+04
   9.8458641e+04
   9.8867267e+04
   9.9321225e+04
   9.9808394e+04
   1.2043748e+05
   1.2089798e+05
   1.2125267e+05
   1.2173427e+05
   1.2217908e+05
   1.2255449e+05
   1.2295344e+05
   1.2362672e+05
   1.2394682e+05
   1.2429460e+05
   1.2461713e+05
   1.2501749e+05
   1.2561783e+05
   1.2619509e+05
   1.2655447e+05
   1.2688599e+05
   1.2737127e+05
   1.2781332e+05
   1.2827991e+05
   1.2861144e+05
   1.2897621e+05
   1.2932825e+05
   1.3007799e+05
   1.3065494e+05
   1.3099751e+05
   1.3152376e+05
   1.3197299e+05
   1.3252137e+05
   1.3285751e+05
   1.3440097e+05
   1.3504240e+05
   1.3553405e+05
   1.3597706e+05
   1.3637217e+05
   1.3674067e+05
   1.3706252e+05
   1.3763802e+05
   1.3802218e+05
   1.3835606e+05
   1.3885707e+05
   1.3933397e+05
   1.3983952e+05
   1.4018918e+05
   1.4064077e+05
   1.4132344e+05
   1.4202037e+05
   1.4241299e+05
   1.4290202e+05
   1.4338848e+05
   1.4373910e+05
   1.4433621e+05
   1.4483729e+05
   1.4515784e+05
   1.4554676e+05
   1.4595829e+05
   1.4679410e+05
   1.4754440e+05
   1.4793464e+05
   1.4826651e+05
   1.4877207e+05
   1.4917151e+05
   1.4959977e+05
   1.4999271e+05
   1.5065090e+05
   1.5107030e+05
   1.5154252e+05
   1.5194450e+05
   1.5240836e+05
   1.5277759e+05
   1.5321565e+05
   1.5370811e+05
   1.5427327e+05
   1.5461800e+05
   1.5502019e+05
   1.5560853e+05
   1.5596097e+05
   1.5633518e+05
   1.5670491e+05
   1.5708876e+05
   1.5753555e+05
   1.5798160e+05
   1.5848798e+05
   1.5892983e+05
   1.5927069e+05
   1.5965102e+05
   1.8049528e+05
   1.8087079e+05
   1.8127669e+05
   1.8157289e+05
   1.8193036e+05
   1.8222200e+05
   1.8352440e+05
   1.8383987e+05
   1.8446238e+05
   1.8495980e+05
   1.8590514e+05
   1.8672647e+05
   1.8713196e+05
   1.8757269e+05
   1.8788132e+05
   1.8843393e+05
   1.8898613e+05
   1.8962178e+05
   1.8991051e+05
   1.9050428e+05
   1.9082346e+05
   1.9157585e+05
   1.9199115e+05
   1.9244640e+05
   1.9302273e+05
   1.9376687e+05
   1.9412287e+05
   1.9443623e+05
   1.9502096e+05
   1.9557120e+05
   1.9596112e+05
   2.0659960e+05
   2.0692242e+05
   2.0726139e+05
   2.0786313e+05
   2.0821247e+05
   2.0861910e+05
   2.0917259e+05
   2.0973649e+05
   2.1017154e+05
   2.1049091e+05
   2.1084121e+05
   2.1151356e+05
   2.1178069e+05
   2.1212860e+05
   2.1251680e+05
   2.1300711e+05
   2.1342731e+05
   2.1436514e+05
   2.1472747e+05
   2.1509979e+05
   2.1591569e+05
   2.1641087e+05
   2.1684333e+05
   2.1741952e+05
   2.1798927e+05
   2.1835795e+05
   2.4031373e+05
   2.4069809e+05
   2.4119656e+05
   2.4159010e+05
   2.4220269e+05
   2.4272883e+05
   2.4300978e+05
   2.4341691e+05
   2.4398868e+05
   2.4503914e+05
   2.4542546e+05
   2.4585464e+05
   2.4628225e+05
   2.4662942e+05
   2.4703358e+05
   2.4737222e+05
   2.4777867e+05
   2.4817038e+05
   2.4870235e+05
   2.4909885e+05
   2.4974651e+05
   2.5024133e+05
   2.5070151e+05
   2.5124921e+05
   2.5178044e+05
   2.5216342e+05
   2.5255933e+05
   2.5284051e+05
   2.5334915e+05
   2.5381167e+05
   2.5419663e+05
   2.5455588e+05
   2.5502193e+05
   2.5555892e+05
   2.5603559e+05
   2.5644681e+05
   2.5700976e+05
   2.5751615e+05
   2.5809251e+05
   2.5847501e+05
   2.5894168e+05
   2.5933595e+05
   2.5972732e+05
   2.6014595e+05
   2.6062852e+05
   2.6099263e+05
   2.6159649e+05
   2.6214940e+05
   2.6252036e+05
   2.6300778e+05
   2.6340239e+05
   2.6372132e+05
   2.6411678e+05
   2.6452007e+05
   2.6519451e+05
   2.6589381e+05
   2.6638888e+05
   2.6674564e+05
   2.6726833e+05
   2.6771632e+05
   2.6803232e+05
   2.6838627e+05
   2.6890045e+05
   2.6927972e+05
   2.6971472e+05
   2.7015519e+05
   2.7070660e+05
   2.7141561e+05
   2.7190302e+05
   2.7238174e+05
   2.7281279e+05
   2.7308526e+05
   2.7361176e+05
   2.7417362e+05
   2.7465871e+05
   2.7505080e+05
   2.7558567e+05
   2.7598769e+05
   2.7657691e+05
   2.7749312e+05
   2.7788075e+05
   2.7834611e+05
   2.7914285e+05
   2.7988261e+05
   3.0044095e+05
   3.0104212e+05
   3.0174802e+05
   3.0216055e+05
   3.0279369e+05
   3.0337469e+05
   3.0394104e+05
   3.0425693e+05
   3.0462730e+05
   3.0504923e+05
   3.0567068e+05
   3.0653999e+05
   3.0704311e+05
   3.0744547e+05
   3.0782964e+05
   3.0822369e+05
   3.0882069e+05
   3.0916098e+05
   3.0951512e+05
   3.0997131e+05
   3.1038791e+05
   3.1076613e+05
   3.1129317e+05
   3.1186472e+05
   3.1235431e+05
   3.1296830e+05
   3.1357003e+05
   3.1390883e+05
   3.1432057e+05
   3.1468406e+05
   3.1506866e+05
   3.1546345e+05
   3.1603666e+05
   3.1641437e+05
   3.1676489e+05
   3.1729387e+05
   3.1758368e+05
   3.1800637e+05
   3.1851435e+05
   3.1905500e+05
   3.1952242e+05
   3.1983408e+05
   3.2041501e+05
   3.2084560e+05
   3.2117567e+05
   3.2167032e+05
   3.2228034e+05
   3.2266112e+05
   3.2313618e+05
   3.2374976e+05
   3.2419979e+05
   3.2466779e+05
   3.2551273e+05
   3.2604996e+05
   3.2666144e+05
   3.2698774e+05
   3.2742219e+05
   3.2790712e+05
   3.2830227e+05
   3.2861522e+05
   3.2897783e+05
   3.2931169e+05
   3.2980026e+05
   3.3023866e+05
   3.3053250e+05
   3.3091624e+05
   3.3152473e+05
   3.3187461e+05
   3.3231792e+05
   3.3272202e+05
   3.3314208e+05
   3.3343859e+05
   3.3415671e+05
   3.3464628e+05
   3.3513455e+05
   3.3562685e+05
   3.3611444e+05
   3.3651503e+05
   3.3742798e+05
   3.3786614e+05
   3.3852662e+05
   3.3890500e+05
   3.3939414e+05
   3.3993327e+05
   3.6030397e+05
   3.6073832e+05
   3.6116792e+05
   3.6155438e+05
   3.6201169e+05
   3.6237775e+05
   3.6273775e+05
   3.6318357e+05
   3.6359101e+05
   3.6403590e+05
   3.6456979e+05
   3.6505891e+05
   3.6567436e+05
   3.6606617e+05
   3.6655133e+05
   3.6703031e+05
   3.6750170e+05
   3.6879227e+05
   3.6915285e+05
   3.6976315e+05
   3.7007920e+05
   3.7048480e+05
   3.7089107e+05
   3.7124084e+05
   3.7182019e+05
   3.7231430e+05
   3.7340150e+05
   3.7373845e+05
   3.7422788e+05
   3.7462898e+05
   3.7496738e+05
   3.7546877e+05
   3.7584165e+05
   3.7621892e+05
   3.7665893e+05
   3.7751061e+05
   3.7800788e+05
   3.7839567e+05
   3.7883456e+05
   3.7933587e+05
   3.7971058e+05
   3.8009072e+05
   3.8050276e+05
   3.8083411e+05
   3.8116220e+05
   3.8152315e+05
   3.8192259e+05
   3.8243734e+05
   3.8276129e+05
   3.8330972e+05
   3.8392219e+05
   3.8419899e+05
   3.8466456e+05
   3.8515260e+05
   3.8571240e+05
   3.8615652e+05
   3.8688113e+05
   3.8732529e+05
   3.8778918e+05
   3.8828473e+05
   3.8879922e+05
   3.8924710e+05
   3.8966879e+05
   3.9036689e+05
   3.9081239e+05
   3.9114736e+05
   3.9148891e+05
   3.9191562e+05
   3.9221452e+05
   3.9257173e+05
   3.9320052e+05
   3.9355740e+05
   3.9417491e+05
   3.9448759e+05
   3.9494159e+05
   3.9565933e+05
   3.9614500e+05
   3.9652760e+05
   3.9686590e+05
   3.9730151e+05
   3.9778802e+05
   3.9832100e+05
   3.9961454e+05
   4.2061608e+05
   4.2098690e+05
   4.2154051e+05
   4.2195552e+05
   4.2297505e+05
   4.2341587e+05
   4.2386858e+05
   4.2488425e+05
   4.2533519e+05
   4.2585931e+05
   4.2636617e+05
   4.2692652e+05
   4.2742419e+05
   4.2790786e+05
   4.2846276e+05
   4.2875969e+05
   4.2942047e+05
   4.2993816e+05
   4.3062853e+05
   4.3098760e+05
   4.3130170e+05
   4.3169131e+05
   4.3211147e+05
   4.3257400e+05
   4.3295747e+05
   4.3342156e+05
   4.3403538e+05
   4.3445205e+05
   4.3480662e+05
   4.3548945e+05
   4.3596627e+05
   4.3653052e+05
   4.3691673e+05
   4.3728130e+05
   4.3781143e+05
   4.3810901e+05
   4.3885614e+05
   4.3945636e+05
   4.3989450e+05
   4.4035377e+05
   4.4138633e+05
   4.4181261e+05
   4.4235067e+05
   4.4282585e+05
   4.4334307e+05
   4.4391667e+05
   4.4450748e+05
   4.4516739e+05
   4.4559291e+05
   4.4603204e+05
   4.4648785e+05
   4.4682243e+05
   4.4723188e+05
   4.4757348e+05
   4.4805947e+05
   4.4868562e+05
   4.4902835e+05
   4.4944310e+05
   4.4984783e+05
   4.5037976e+05
   4.5092044e+05
   4.5159693e+05
   4.5203857e+05
   4.5246709e+05
   4.5288907e+05
   4.5333563e+05
   4.5368463e+05
   4.5414770e+05
   4.5458814e+05
   4.5493288e+05
   4.5535553e+05
   4.5564418e+05
   4.5612083e+05
   4.5662389e+05
   4.5711637e+05
   4.5759637e+05
   4.5846137e+05
   4.5912569e+05
   4.5979734e+05
   4.8067243e+05
   4.8111094e+05
   4.8175478e+05
   4.8224364e+05
   4.8287886e+05
   4.8320720e+05
   4.8357103e+05
   4.8397067e+05
   4.8433512e+05
   4.8482116e+05
   4.8529975e+05
   4.8594042e+05
   4.8674979e+05
   4.8700356e+05
   4.8742364e+05
   4.8784673e+05
   4.8828947e+05
   4.8859097e+05
   4.8896726e+05
   4.8932734e+05
   4.8981874e+05
   4.9050762e+05
   4.9137975e+05
   4.9181108e+05
   4.9234910e+05
   4.9283741e+05
   4.9331077e+05
   4.9369353e+05
   4.9401310e+05
   4.9443151e+05
   4.9487355e+05
   4.9560361e+05
   4.9664243e+05
   4.9714724e+05
   4.9756557e+05
   4.9793175e+05
   4.9858197e+05
   4.9913439e+05
   4.9954224e+05
   4.9991975e+05
   5.0045168e+05
   5.0107013e+05
   5.0178462e+05
   5.0226481e+05
   5.0278287e+05
   5.0328848e+05
   5.0410911e+05
   5.0453028e+05
   5.0524324e+05
   5.0574546e+05
   5.0614539e+05
   5.0648002e+05
   5.0711578e+05
   5.0746572e+05
   5.0798607e+05
   5.0837571e+05
   5.0872916e+05
   5.0921649e+05
   5.0970025e+05
   5.1019924e+05
   5.1063204e+05
   5.1101647e+05
   5.1151693e+05
   5.1198598e+05
   5.1243792e+05
   5.1288670e+05
   5.1325831e+05
   5.1401587e+05
   5.1435863e+05
   5.1468222e+05
   5.1513363e+05
   5.1559152e+05
   5.1598977e+05
   5.1642409e+05
   5.1672828e+05
   5.1713278e+05
   5.1781622e+05
   5.1842332e+05
   5.1880097e+05
   5.1963783e+05
   5.4035227e+05
   5.4079822e+05
   5.4126004e+05
   5.4160709e+05
   5.4191141e+05
   5.4236527e+05
   5.4280704e+05
   5.4315297e+05
   5.4348167e+05
   5.4386971e+05
   5.4434600e+05
   5.4474194e+05
   5.4526028e+05
   5.4557810e+05
   5.4601381e+05
   5.4667895e+05
   5.4721227e+05
   5.4757165e+05
   5.4828092e+05
   5.4883639e+05
   5.4918167e+05
   5.4967213e+05
   5.5020440e+05
   5.5061888e+05
   5.5176511e+05
   5.5208768e+05
   5.5295303e+05
   5.5346234e+05
   5.5402188e+05
   5.5454989e+05
   5.5509671e+05
   5.5552014e+05
   5.5596807e+05
   5.5923470e+05
   5.5972563e+05
   5.6019839e+05
   5.6069939e+05
   5.6142477e+05
   5.6183303e+05
   5.6234548e+05
   5.6270745e+05
   5.6312568e+05
   5.6404469e+05
   5.6443577e+05
   5.6485060e+05
   5.6541536e+05
   5.6586715e+05
   5.6634812e+05
   5.6669838e+05
   5.6717689e+05
   5.6754827e+05
   5.6793780e+05
   5.6847058e+05
   5.6889778e+05
   5.6919850e+05
   5.6965893e+05
   5.6994666e+05
   5.7034612e+05
   5.7064042e+05
   5.7101801e+05
   5.7141754e+05
   5.7185024e+05
   5.7221211e+05
   5.7269186e+05
   5.7318637e+05
   5.7354792e+05
   5.7388744e+05
   5.7439676e+05
   5.7503660e+05
   5.7546064e+05
   5.7582472e+05
   5.7618308e+05
   5.7709646e+05
   5.7750893e+05
   5.7820949e+05
   5.7888172e+05
   5.7924721e+05
   5.7960146e+05
   7.8057350e+05
   7.8276567e+05
   7.8356742e+05
   7.8410890e+05
   7.8464241e+05
   7.8516321e+05
   7.8651370e+05
   7.8722134e+05
   7.8769925e+05
   7.8871994e+05
   7.8913610e+05
   7.8970151e+05
   7.9009579e+05
   7.9216214e+05
   7.9267047e+05
   7.9377004e+05
   7.9442237e+05
   7.9491858e+05
   7.9554686e+05
   7.9595835e+05
   7.9668163e+05
   7.9704219e+05
   7.9776704e+05
   7.9823374e+05
   7.9877867e+05
   7.9912952e+05
   7.9983236e+05
   8.0053080e+05
   8.0113672e+05
   8.0176852e+05
   8.0213950e+05
   8.0255593e+05
   8.0305115e+05
   8.0351676e+05
   8.0427296e+05
   8.0504891e+05
   8.0580652e+05
   8.0647777e+05
   8.0719005e+05
   8.0791748e+05
   8.0869844e+05
   8.0922342e+05
   8.0985999e+05
   8.1028836e+05
   8.1073478e+05
   8.1128802e+05
   8.1182661e+05
   8.1240337e+05
   8.1303742e+05
   8.1372583e+05
   8.1417640e+05
   8.1505753e+05
   8.1576583e+05
   8.1756217e+05
   8.1811871e+05
   8.1872610e+05
   8.1967102e+05
   8.4048607e+05
   8.4100289e+05
   8.4159993e+05
   8.4209148e+05
   8.4295687e+05
   8.4358231e+05
   8.4437378e+05
   8.4493706e+05
   8.4609736e+05
   8.4657877e+05
   8.4699815e+05
   8.4767851e+05
   8.4817263e+05
   8.4875649e+05
   8.4926581e+05
   8.4993133e+05
   8.5053144e+05
   8.5106628e+05
   8.5166325e+05
   8.5245029e+05
   8.5302390e+05
   8.5364816e+05
   8.5414761e+05
   8.5527058e+05
   8.5592241e+05
   8.5639767e+05
   8.5696273e+05
   8.5766187e+05
   8.5844452e+05
   8.5917045e+05
   8.5967631e+05
   8.6016669e+05
   8.6071201e+05
   8.6158968e+05
   8.6225628e+05
   8.6287261e+05
   8.6468706e+05
   8.6523792e+05
   8.6566830e+05
   8.6612275e+05
   8.6670024e+05
   8.6770954e+05
   8.6817254e+05
   8.6880826e+05
   8.6934414e+05
   8.7009148e+05
   8.7067339e+05
   8.7138943e+05
   8.7204761e+05
   8.7261579e+05
   8.7392115e+05
   8.7460433e+05
   8.7516653e+05
   8.7581505e+05
   8.7622206e+05
   8.7732139e+05
   8.7813327e+05
   8.7863371e+05
   8.7908339e+05
   8.7945045e+05
   9.0112970e+05
   9.0159619e+05
   9.0223219e+05
   9.0263258e+05
   9.0333049e+05
   9.0378386e+05
   9.0425058e+05
   9.0472387e+05
   9.0562845e+05
   9.0679904e+05
   9.0780380e+05
   9.0815863e+05
   9.0885545e+05
   9.0938419e+05
   9.0997757e+05
   9.1045006e+05
   9.1136584e+05
   9.1249866e+05
   9.1345074e+05
   9.1398191e+05
   9.1441946e+05
   9.1543742e+05
   9.2578888e+05
   9.2637454e+05
   9.2686001e+05
   9.2757087e+05
   9.2835577e+05
   9.2929923e+05
   9.3061939e+05
   9.3231588e+05
   9.3269823e+05
   9.3345484e+05
   9.3404209e+05
   9.3497194e+05
   9.3590330e+05
   9.3625391e+05
   9.3657647e+05
   9.3703393e+05
   9.3767040e+05
   9.3838580e+05
   9.3925622e+05
   9.3997718e+05
   9.6049204e+05
   9.6085068e+05
   9.6134085e+05
   9.6203750e+05
   9.6296027e+05
   9.6355963e+05
   9.6426247e+05
   9.6552217e+05
   9.6627702e+05
   9.6837166e+05
   9.6900461e+05
   9.6949485e+05
   9.7080530e+05
   9.7132786e+05
   9.7176116e+05
   9.7347778e+05
   9.7461367e+05
   9.7552700e+05
   9.7595403e+05
   9.7649870e+05
   9.7701700e+05
   9.7742081e+05
   9.7793150e+05
   9.7841730e+05
   9.7887466e+05
   9.7942286e+05
   9.8017108e+05
   9.8063807e+05
   9.8122858e+05
   9.8171707e+05
   9.8221458e+05
   9.8270268e+05
   9.8389117e+05
   9.8447969e+05
   9.8480195e+05
   9.8614575e+05
   9.8668694e+05
   9.8762987e+05
   9.8834569e+05
   9.8901069e+05
   9.8950855e+05
   9.9038961e+05
   9.9128444e+05
   9.9181339e+05
   9.9222594e+05
   9.9316341e+05
   9.9390527e+05
   9.9441541e+05
   9.9501171e+05
   9.9568209e+05
   9.9642463e+05
   9.9710059e+05
   9.9872806e+05
   1.0207312e+06
   1.0212101e+06
   1.0215421e+06
   1.0222259e+06
   1.0227659e+06
   1.0233767e+06
   1.0238596e+06
   1.0244503e+06
   1.0252951e+06
   1.0261531e+06
   1.0271243e+06
   1.0276319e+06
   1.0281898e+06
   1.0287457e+06
   1.0292450e+06
   1.0299198e+06
   1.0306600e+06
   1.0316161e+06
   1.0324107e+06
   1.0329026e+06
   1.0333737e+06
   1.0340888e+06
   1.0346429e+06
   1.0354220e+06
   1.0358898e+06
   1.0366752e+06
   1.0372966e+06
   1.0378164e+06
   1.0383965e+06
   1.0391378e+06
   1.0398852e+06
   1.0405730e+06
   1.0415241e+06
   1.0421207e+06
   1.0425825e+06
   1.0438858e+06
   1.0457509e+06
   1.0465359e+06
   1.0470923e+06
   1.0478082e+06
   1.0493470e+06
   1.0501169e+06
   1.0513223e+06
   1.0519205e+06
   1.0523634e+06
   1.0531319e+06
   1.0540280e+06
   1.0545415e+06
   1.0549992e+06
   1.0562056e+06
   1.0570357e+06
   1.0576923e+06
   1.0803948e+06
   1.0809585e+06
   1.0815463e+06
   1.0822024e+06
   1.0839249e+06
   1.0845023e+06
   1.0850547e+06
   1.0865339e+06
   1.0871999e+06
   1.0878425e+06
   1.0885137e+06
   1.0888938e+06
   1.0898808e+06
   1.0905044e+06
   1.0910333e+06
   1.0915922e+06
   1.0919147e+06
   1.0923226e+06
   1.0929630e+06
   1.0936372e+06
   1.0944436e+06
   1.0949807e+06
   1.0960326e+06
   1.0967948e+06
   1.0973219e+06
   1.0979249e+06
   1.0985548e+06
   1.0994140e+06
   1.1001127e+06
   1.1017868e+06
   1.1025024e+06
   1.1033149e+06
   1.1037683e+06
   1.1044593e+06
   1.1054328e+06
   1.1059489e+06
   1.1064030e+06
   1.1076955e+06
   1.1085766e+06
   1.1091516e+06
   1.1096088e+06
   1.1103308e+06
   1.1112439e+06
   1.1117107e+06
   1.1121796e+06
   1.1125076e+06
   1.1130116e+06
   1.1135143e+06
   1.1147074e+06
   1.1152252e+06
   1.1158271e+06
   1.1165196e+06
   1.1188651e+06
   1.1197236e+06
   1.1407303e+06
   1.1413274e+06
   1.1449158e+06
   1.1453689e+06
   1.1462307e+06
   1.1469376e+06
   1.1477454e+06
   1.1483380e+06
   1.1487905e+06
   1.1492776e+06
   1.1499594e+06
   1.1507459e+06
   1.1515780e+06
   1.1522048e+06
   1.1528172e+06
   1.1539902e+06
   1.1548454e+06
   1.1554892e+06
   1.1562978e+06
   1.1566369e+06
   1.1574061e+06
   1.1580296e+06
   1.1583434e+06
   1.1592505e+06
   1.1598776e+06
   1.1624297e+06
   1.1629791e+06
   1.1645813e+06
   1.1650800e+06
   1.1655695e+06
   1.1661484e+06
   1.1667328e+06
   1.1672708e+06
   1.1678123e+06
   1.1690409e+06
   1.1695535e+06
   1.1699721e+06
   1.1712513e+06
   1.1718506e+06
   1.1724653e+06
   1.1729633e+06
   1.1743426e+06
   1.1748374e+06
   1.1754412e+06
   1.1761190e+06
   1.1767902e+06
   1.1774034e+06
   1.1778533e+06
   1.1782592e+06
   1.1787327e+06
   1.1792865e+06
   1.2010299e+06
   1.2015684e+06
   1.2023765e+06
   1.2029850e+06
   1.2033416e+06
   1.2043065e+06
   1.2049110e+06
   1.2058111e+06
   1.2066379e+06
   1.2077554e+06
   1.2082953e+06
   1.2088372e+06
   1.2096294e+06
   1.2106167e+06
   1.2119953e+06
   1.2124389e+06
   1.2135618e+06
   1.2140904e+06
   1.2148000e+06
   1.2217628e+06
   1.2226823e+06
   1.2231963e+06
   1.2243319e+06
   1.2247649e+06
   1.2257443e+06
   1.2264137e+06
   1.2269860e+06
   1.2281108e+06
   1.2287027e+06
   1.2292112e+06
   1.2297404e+06
   1.2301958e+06
   1.2321391e+06
   1.2326510e+06
   1.2331681e+06
   1.2336536e+06
   1.2344318e+06
   1.2350937e+06
   1.2355541e+06
   1.2360335e+06
   1.2369846e+06
   1.2375736e+06
   1.2381993e+06
   1.2388135e+06
   1.2394149e+06
   1.2606169e+06
   1.2616983e+06
   1.2622262e+06
   1.2627364e+06
   1.2635490e+06
   1.2641656e+06
   1.2653262e+06
   1.2657474e+06
   1.2662378e+06
   1.2668691e+06
   1.2672441e+06
   1.2677319e+06
   1.2684623e+06
   1.2693530e+06
   1.2697574e+06
   1.2702752e+06
   1.2706329e+06
   1.2711551e+06
   1.2716533e+06
   1.2728872e+06
   1.2749321e+06
   1.2759736e+06
   1.2766370e+06
   1.2772785e+06
   1.2777288e+06
   1.2781596e+06
   1.2786496e+06
   1.2799950e+06
   1.2803041e+06
   1.2808689e+06
   1.2813790e+06
   1.2820733e+06
   1.2829716e+06
   1.2834636e+06
   1.2844668e+06
   1.2856039e+06
   1.2865618e+06
   1.2869598e+06
   1.2875437e+06
   1.2889207e+06
   1.2899633e+06
   1.2905972e+06
   1.2912041e+06
   1.2918755e+06
   1.2924099e+06
   1.2929755e+06
   1.2935946e+06
   1.2942163e+06
   1.2949287e+06
   1.2954494e+06
   1.2977303e+06
   1.2985077e+06
   1.2991786e+06
   1.2999659e+06
   1.3208541e+06
   1.3212023e+06
   1.3804167e+06
   1.3809278e+06
   1.3819355e+06
   1.3826087e+06
   1.3830873e+06
   1.3834693e+06
   1.3844957e+06
   1.3849462e+06
   1.3856499e+06
   1.3862337e+06
   1.3866610e+06
   1.3871095e+06
   1.3882765e+06
   1.3893792e+06
   1.3899489e+06
   1.3907778e+06
   1.3925907e+06
   1.3930604e+06
   1.3935056e+06
   1.3940240e+06
   1.3947852e+06
   1.3954499e+06
   1.3959407e+06
   1.3964478e+06
   1.3977872e+06
   1.3988000e+06
   1.3995066e+06
   1.4000518e+06
   1.4004886e+06
   1.4014976e+06
   1.4023017e+06
   1.4028447e+06
   1.4033879e+06
   1.4042219e+06
   1.4051509e+06
   1.4063028e+06
   1.4068939e+06
   1.4076636e+06
   1.4087578e+06
   1.4091004e+06
   1.4096493e+06
   1.4105614e+06
   1.4112199e+06
   1.4118870e+06
   1.4124921e+06
   1.4139653e+06
   1.4143171e+06
   1.4147074e+06
   1.4151422e+06
   1.4168317e+06
   1.4174038e+06
   1.4180650e+06
   1.4184024e+06
   1.4189047e+06
   1.4406994e+06
   1.4411032e+06
   1.4423542e+06
   1.4430819e+06
   1.4437411e+06
   1.4447588e+06
   1.4453203e+06
   1.4459446e+06
   1.4467411e+06
   1.4473572e+06
   1.4483914e+06
   1.4489842e+06
   1.4496187e+06
   1.4500087e+06
   1.4507274e+06
   1.4515003e+06
   1.4524230e+06
   1.4531479e+06
   1.4537720e+06
   1.4547333e+06
   1.4554566e+06
   1.4560784e+06
   1.4565504e+06
   1.4570825e+06
   1.4579589e+06
   1.4583765e+06
   1.4588564e+06
   1.4596809e+06
   1.4602595e+06
   1.4613404e+06
   1.4619350e+06
   1.4633551e+06
   1.4637414e+06
   1.4650051e+06
   1.4654874e+06
   1.4660952e+06
   1.4694488e+06
   1.4700214e+06
   1.4704040e+06
   1.4712255e+06
   1.4717067e+06
   1.4720511e+06
   1.4726332e+06
   1.4731857e+06
   1.4752369e+06
   1.4758663e+06
   1.4763339e+06
   1.4769955e+06
   1.4776699e+06
   1.4783078e+06
   1.4790087e+06
   1.4796189e+06
   1.5005351e+06
   1.5013579e+06
   1.5020684e+06
   1.5031449e+06
   1.5037317e+06
   1.5050398e+06
   1.5055176e+06
   1.5063454e+06
   1.5072344e+06
   1.5076819e+06
   1.5082166e+06
   1.5089316e+06
   1.5095940e+06
   1.5101627e+06
   1.5105979e+06
   1.5113666e+06
   1.5123016e+06
   1.5131632e+06
   1.5140422e+06
   1.5146380e+06
   1.5155157e+06
   1.5161438e+06
   1.5167298e+06
   1.5182869e+06
   1.5190261e+06
   1.5199453e+06
   1.5203651e+06
   1.5215544e+06
   1.5222160e+06
   1.5231025e+06
   1.5235354e+06
   1.5241364e+06
   1.5248256e+06
   1.5254646e+06
   1.5266088e+06
   1.5271054e+06
   1.5274901e+06
   1.5280527e+06
   1.5284970e+06
   1.5290571e+06
   1.5297045e+06
   1.5302524e+06
   1.5307351e+06
   1.5317555e+06
   1.5323097e+06
   1.5327900e+06
   1.5332955e+06
   1.5336413e+06
   1.5342061e+06
   1.5351631e+06
   1.5359759e+06
   1.5366154e+06
   1.5373300e+06
   1.5377451e+06
   1.5382796e+06
   1.5389765e+06
   1.5396448e+06
   1.5604805e+06
   1.5609397e+06
   1.5614282e+06
   1.5625705e+06
   1.5633492e+06
   1.5638178e+06
   1.5644365e+06
   1.5649364e+06
   1.5655180e+06
   1.5660284e+06
   1.5684949e+06
   1.5689973e+06
   1.5706034e+06
   1.5711371e+06
   1.5718760e+06
   1.5722788e+06
   1.5732164e+06
   1.5739597e+06
   1.5747687e+06
   1.5757167e+06
   1.5763536e+06
   1.5767577e+06
   1.5772898e+06
   1.5776849e+06
   1.5781407e+06
   1.5795427e+06
   1.5799931e+06
   1.5805278e+06
   1.5808239e+06
   1.5813352e+06
   1.5819041e+06
   1.5828424e+06
   1.5833543e+06
   1.5841580e+06
   1.5846691e+06
   1.5869012e+06
   1.5876860e+06
   1.5881328e+06
   1.5887085e+06
   1.5893146e+06
   1.5899776e+06
   1.5907014e+06
   1.5912226e+06
   1.5919273e+06
   1.5926681e+06
   1.5932427e+06
   1.5936390e+06
   1.5942709e+06
   1.5950192e+06
   1.5959366e+06
   1.5966621e+06
   1.5974268e+06
   1.5980957e+06
   1.5986658e+06
   1.5996274e+06
   1.6206322e+06
   1.6212980e+06
   1.6218033e+06
   1.6231302e+06
   1.6249075e+06
   1.6253338e+06
   1.6256673e+06
   1.6266436e+06
   1.6273012e+06
   1.6287059e+06
   1.6293959e+06
   1.6307409e+06
   1.6312650e+06
   1.6318268e+06
   1.6327793e+06
   1.6344679e+06
   1.6348580e+06
   1.6361271e+06
   1.6369812e+06
   1.6374399e+06
   1.6382009e+06
   1.6392856e+06
   1.6401757e+06
   1.6406726e+06
   1.6411649e+06
   1.6432909e+06
   1.6440228e+06
   1.6458009e+06
   1.6466280e+06
   1.6473348e+06
   1.6480783e+06
   1.6489749e+06
   1.6494142e+06
   1.6511367e+06
   1.6517547e+06
   1.6525968e+06
   1.6533257e+06
   1.6549625e+06
   1.6557018e+06
   1.6567135e+06
   1.6572525e+06
   1.6578362e+06
   1.6584047e+06
   1.6591978e+06
   1.6805883e+06
   1.6809912e+06
   1.6821193e+06
   1.6825926e+06
   1.6832610e+06
   1.6836496e+06
   1.6843059e+06
   1.6849632e+06
   1.6859196e+06
   1.6866298e+06
   1.6895229e+06
   1.6900570e+06
   1.6905305e+06
   1.6910641e+06
   1.6916187e+06
   1.6924625e+06
   1.6928315e+06
   1.6946436e+06
   1.6953569e+06
   1.6959966e+06
   1.6963420e+06
   1.6970110e+06
   1.6974915e+06
   1.6986838e+06
   1.7003190e+06
   1.7007854e+06
   1.7017104e+06
   1.7023003e+06
   1.7027528e+06
   1.7032920e+06
   1.7041715e+06
   1.7050811e+06
   1.7055748e+06
   1.7061047e+06
   1.7066812e+06
   1.7072540e+06
   1.7079149e+06
   1.7088189e+06
   1.7093336e+06
   1.7100216e+06
   1.7107256e+06
   1.7111031e+06
   1.7117427e+06
   1.7122203e+06
   1.7127545e+06
   1.7134050e+06
   1.7141601e+06
   1.7148432e+06
   1.7153202e+06
   1.7156469e+06
   1.7161864e+06
   1.7166662e+06
   1.7172189e+06
   1.7179071e+06
   1.7195687e+06
   1.7404685e+06
   1.7408863e+06
   1.7416696e+06
   1.7423790e+06
   1.7428688e+06
   1.7442819e+06
   1.7467115e+06
   1.7471669e+06
   1.7480096e+06
   1.7484616e+06
   1.7490074e+06
   1.7509846e+06
   1.7516105e+06
   1.7520161e+06
   1.7525482e+06
   1.7532607e+06
   1.7561236e+06
   1.7567609e+06
   1.7585268e+06
   1.7592373e+06
   1.7595808e+06
   1.7606089e+06
   1.7615136e+06
   1.7628962e+06
   1.7634006e+06
   1.7640096e+06
   1.7649189e+06
   1.7656182e+06
   1.7662395e+06
   1.7675685e+06
   1.7679118e+06
   1.7683783e+06
   1.7688951e+06
   1.7694418e+06
   1.7700314e+06
   1.7704139e+06
   1.7727352e+06
   1.7736667e+06
   1.7742632e+06
   1.7753758e+06
   1.7758543e+06
   1.7763008e+06
   1.7769645e+06
   1.7773728e+06
   1.7780193e+06
   1.7783830e+06
   1.7789633e+06
   1.7794703e+06
   1.8004052e+06
   1.8009680e+06
   1.8014229e+06
   1.8019510e+06
   1.8024677e+06
   1.8030032e+06
   1.8035961e+06
   1.8040431e+06
   1.8053175e+06
   1.8075329e+06
   1.8082318e+06
   1.8085732e+06
   1.8092215e+06
   1.8106749e+06
   1.8114371e+06
   1.8119299e+06
   1.8125054e+06
   1.8134393e+06
   1.8146056e+06
   1.8150536e+06
   1.8156755e+06
   1.8164626e+06
   1.8169136e+06
   1.8175108e+06
   1.8188170e+06
   1.8195617e+06
   1.8201836e+06
   1.8205976e+06
   1.8209964e+06
   1.8217061e+06
   1.8222818e+06
   1.8228173e+06
   1.8231559e+06
   1.8236709e+06
   1.8244316e+06
   1.8258951e+06
   1.8275987e+06
   1.8280789e+06
   1.8285492e+06
   1.8290840e+06
   1.8297201e+06
   1.8302403e+06
   1.8306749e+06
   1.8317686e+06
   1.8323590e+06
   1.8327601e+06
   1.8332895e+06
   1.8337582e+06
   1.8342138e+06
   1.8347013e+06
   1.8353423e+06
   1.8357761e+06
   1.8363869e+06
   1.8370645e+06
   1.8375750e+06
   1.8380864e+06
   1.8390725e+06
   1.8396933e+06
   1.8605100e+06
   1.8615342e+06
   1.8619703e+06
   1.8624347e+06
   1.8630187e+06
   1.8650940e+06
   1.8657822e+06
   1.8662324e+06
   1.8668746e+06
   1.8675825e+06
   1.8680781e+06
   1.8696435e+06
   1.8700615e+06
   1.8705612e+06
   1.8712183e+06
   1.8723021e+06
   1.8731550e+06
   1.8742497e+06
   1.8749363e+06
   1.8759290e+06
   1.8764742e+06
   1.8777814e+06
   1.8781942e+06
   1.8788857e+06
   1.8796509e+06
   1.8801328e+06
   1.8807208e+06
   1.8812806e+06
   1.8818198e+06
   1.8824097e+06
   1.8830197e+06
   1.8840302e+06
   1.8883515e+06
   1.8888145e+06
   1.8891725e+06
   1.8896515e+06
   1.8903008e+06
   1.8907226e+06
   1.8914288e+06
   1.8918030e+06
   1.8941841e+06
   1.8945477e+06
   1.8952411e+06
   1.8957511e+06
   1.8965303e+06
   1.8969198e+06
   1.8982733e+06
   1.8990923e+06
   1.8994781e+06
   1.8999210e+06
   1.8711192e+06
   1.8719412e+06
   1.8733233e+06
   1.8741840e+06
   1.8749286e+06
   1.8754432e+06
   1.8759394e+06
   1.8768184e+06
   1.8775899e+06
   1.8781686e+06
   1.8788774e+06
   1.8798245e+06
   1.8806813e+06
   1.8822766e+06
   1.8827054e+06
   1.8834739e+06
   1.8844953e+06
   1.8849011e+06
   1.8855559e+06
   1.8863607e+06
   1.8870156e+06
   1.8876639e+06
   1.8881521e+06
   1.8885845e+06
   1.8901436e+06
   1.8910026e+06
   1.8952170e+06
   1.8985879e+06
   1.8997581e+06
   1.8950668e+06
   1.8956972e+06
   1.8964008e+06
   1.8967464e+06
   1.8973846e+06
   1.8978311e+06
   1.8989247e+06
   1.8993307e+06
   1.8997260e+06
   1.8958159e+06
   1.8962971e+06
   1.8969350e+06
   1.8973229e+06
   1.8979088e+06
   1.8989991e+06
   1.8994849e+06
