   5.2815267e+03
   1.0074946e+04
   1.2312593e+04
   1.5371263e+04
   1.7402918e+04
   4.5446821e+04
   4.0086006e+04
   4.0486261e+04
   4.2165292e+04
   4.3966151e+04
   4.5429633e+04
   4.6959431e+04
   4.8322706e+04
   5.2453328e+04
   5.7522385e+04
   9.9417586e+04
   1.0100251e+05
   1.0276996e+05
   1.0507043e+05
   1.0820779e+05
   1.1157440e+05
   1.1374243e+05
   1.1558765e+05
   1.1841498e+05
   1.1994601e+05
   1.6024320e+05
   1.6084545e+05
   1.6251857e+05
   1.6447570e+05
   1.6641149e+05
   1.6655306e+05
   1.7632275e+05
   1.7782819e+05
   2.3152642e+05
   2.3321101e+05
   2.3640990e+05
   2.8014458e+05
   2.8105773e+05
   2.8275578e+05
   2.8616321e+05
   2.8902286e+05
   2.9276192e+05
   2.9741955e+05
   2.9868199e+05
   3.4160592e+05
   3.4307563e+05
   3.4626557e+05
   3.4983869e+05
   3.5200891e+05
   3.5377537e+05
   3.5483871e+05
   3.5681347e+05
   3.5893218e+05
   4.0005228e+05
   4.0063114e+05
   4.0391955e+05
   4.0552180e+05
   4.0986984e+05
   4.1355624e+05
   4.1581974e+05
   4.1840273e+05
   4.6002968e+05
   4.6069932e+05
   4.6282290e+05
   4.6425725e+05
   4.6557316e+05
   4.6785676e+05
   4.6960743e+05
   4.7304642e+05
   4.7515724e+05
   4.7677150e+05
   4.7803952e+05
   4.7906679e+05
   5.2048219e+05
   5.2288192e+05
   5.2488103e+05
   5.2592491e+05
   5.2859347e+05
   5.3359086e+05
   5.3519656e+05
   5.3847216e+05
   5.8033188e+05
   5.8152675e+05
   5.8308997e+05
   5.8583663e+05
   5.8901468e+05
   5.9098852e+05
   5.9542275e+05
   5.9664189e+05
   5.9815680e+05
   6.0148454e+05
   6.0289661e+05
   6.0629270e+05
   6.0860046e+05
   6.1126708e+05
   6.1285558e+05
   6.1659955e+05
   6.2054970e+05
   6.2365480e+05
   6.2569960e+05
   6.2905609e+05
   6.3141787e+05
   6.3410882e+05
   7.2291565e+05
   7.2574704e+05
   7.2895744e+05
   7.3279329e+05
   7.3415404e+05
   7.3602902e+05
   7.3861215e+05
   7.6083579e+05
   7.6153440e+05
   7.6225325e+05
   7.6283190e+05
   7.6348154e+05
   7.6494510e+05
   7.6579377e+05
   7.6677602e+05
   7.6890584e+05
   7.7043960e+05
   7.7180111e+05
   7.7381480e+05
   7.7503537e+05
   7.7625645e+05
   7.7790213e+05
   7.7973068e+05
   8.2153633e+05
   8.2248484e+05
   8.2354887e+05
   8.2447895e+05
   8.2535624e+05
   8.2626183e+05
   8.2964629e+05
   8.3095892e+05
   8.3399776e+05
   8.3556780e+05
   8.3723605e+05
   8.8123752e+05
   8.8213627e+05
   8.8346935e+05
   8.8472722e+05
   8.8577291e+05
   8.8997023e+05
   8.9122506e+05
   8.9370641e+05
   8.9663746e+05
   8.9824290e+05
   9.4161437e+05
   9.4256809e+05
   9.4383130e+05
   9.4471705e+05
   9.4583341e+05
   9.4698996e+05
   9.5083198e+05
   9.5329666e+05
   9.5840289e+05
   1.0008737e+06
   1.0022810e+06
   1.0031249e+06
   1.0038894e+06
   1.0047338e+06
   1.0065709e+06
   1.0080491e+06
   1.0095470e+06
   1.0106550e+06
   1.0120786e+06
   1.0129855e+06
   1.0152269e+06
   1.0165076e+06
   1.0181609e+06
   1.0618043e+06
   1.0636788e+06
   1.0645828e+06
   1.0664474e+06
   1.0711027e+06
   1.0726800e+06
   1.0760554e+06
   1.0781261e+06
   1.0799587e+06
   1.1222578e+06
   1.1234477e+06
   1.1249369e+06
   1.1263214e+06
   1.1283894e+06
   1.1304619e+06
   1.1320072e+06
   1.1330054e+06
   1.1399619e+06
   1.1812859e+06
   1.1830557e+06
   1.1843216e+06
   1.1854960e+06
   1.1866186e+06
   1.1885068e+06
   1.1932880e+06
   1.1953365e+06
   1.1974513e+06
   1.1994877e+06
   1.2411889e+06
   1.2426869e+06
   1.2439368e+06
   1.2447868e+06
   1.2457145e+06
   1.2468859e+06
   1.2489805e+06
   1.2507248e+06
   1.2530081e+06
   1.2564092e+06
   1.3020467e+06
   1.3034105e+06
   1.3050619e+06
   1.3068033e+06
   1.3102231e+06
   1.3117401e+06
   1.3136081e+06
   1.3614762e+06
   1.3627060e+06
   1.3638941e+06
   1.3651708e+06
   1.3660067e+06
   1.3685611e+06
   1.3702536e+06
   1.3732347e+06
   1.3753385e+06
   1.3772137e+06
   1.3782873e+06
   1.4213983e+06
   1.4227848e+06
   1.4248005e+06
   1.4259624e+06
   1.4293662e+06
   1.4315077e+06
   1.4357396e+06
   1.4815580e+06
   1.4834562e+06
   1.4851505e+06
   1.4885565e+06
   1.4899167e+06
   1.4922008e+06
   1.4953633e+06
   1.4984582e+06
   1.5416415e+06
   1.5425690e+06
   1.5439392e+06
   1.5463639e+06
   1.5492100e+06
   1.5510044e+06
   1.5530124e+06
   1.5561418e+06
   1.6015290e+06
   1.6042776e+06
   1.6056715e+06
   1.6137942e+06
   1.6167770e+06
   1.6186138e+06
   1.6617780e+06
   1.6633860e+06
   1.6646270e+06
   1.6682896e+06
   1.6694352e+06
   1.6706221e+06
   1.6720336e+06
   1.6778375e+06
   1.6796750e+06
   1.7220610e+06
   1.7241040e+06
   1.7259398e+06
   1.7288530e+06
   1.7311844e+06
   1.7325857e+06
   1.7830318e+06
   1.7844399e+06
   1.7861614e+06
   1.7884417e+06
   1.7902600e+06
   1.7920091e+06
   1.7961545e+06
   1.7986096e+06
   1.8421073e+06
   1.8431947e+06
   1.8463389e+06
   1.8488732e+06
   1.8506799e+06
   1.8565568e+06
   1.8592023e+06
   1.9013863e+06
   1.9028493e+06
   1.9042313e+06
   1.9058641e+06
   1.9085709e+06
   1.9102591e+06
   1.9166884e+06
   1.9198259e+06
   6.0518712e+04
   6.2575283e+04
   6.4027383e+04
   6.5985792e+04
   1.2236842e+05
   1.2528598e+05
   1.2780704e+05
   1.2938497e+05
   1.3753967e+05
   1.3963515e+05
   1.4118138e+05
   1.4258798e+05
   1.4559870e+05
   1.4912559e+05
   1.5282486e+05
   1.8020098e+05
   1.8350050e+05
   1.8714684e+05
   1.8951242e+05
   1.9210000e+05
   2.0648386e+05
   2.1069080e+05
   2.1351392e+05
   2.1495504e+05
   2.4227958e+05
   2.4502159e+05
   2.4796299e+05
   2.5214813e+05
   2.5533496e+05
   2.5732041e+05
   2.5957636e+05
   2.6256275e+05
   2.6398941e+05
   3.0025319e+05
   3.0146434e+05
   3.0676343e+05
   3.1045489e+05
   3.1165045e+05
   3.1775423e+05
   3.2122112e+05
   3.2496010e+05
   3.6280658e+05
   3.6425409e+05
   3.6667464e+05
   3.6835385e+05
   3.7092173e+05
   3.7268159e+05
   3.7498662e+05
   3.7654575e+05
   3.7916763e+05
   3.8089219e+05
   3.8238066e+05
   3.8433942e+05
   3.8590966e+05
   3.8871085e+05
   3.9057033e+05
   3.9231992e+05
   3.9741297e+05
   4.2301610e+05
   4.4677309e+05
   4.5005046e+05
   4.5160819e+05
   4.5488393e+05
   4.5702788e+05
   4.5906452e+05
   4.8145251e+05
   4.8578784e+05
   4.8691896e+05
   4.9227681e+05
   4.9513333e+05
   4.9740833e+05
   5.0022920e+05
   5.0641030e+05
   5.0926479e+05
   5.1209486e+05
   5.1547624e+05
   5.1773975e+05
   5.4369539e+05
   5.5411822e+05
   5.6094153e+05
   5.6330120e+05
   5.6515800e+05
   5.6790473e+05
   5.7068679e+05
   5.7309144e+05
   5.7427606e+05
   5.7741627e+05
   5.7967003e+05
   7.8209162e+05
   7.8380259e+05
   7.8612021e+05
   7.8756591e+05
   7.8928081e+05
   7.9168318e+05
   7.9518570e+05
   7.9649483e+05
   8.0239051e+05
   8.0889353e+05
   8.0986863e+05
   8.4514378e+05
   8.4739286e+05
   8.4870721e+05
   8.5053074e+05
   8.6815224e+05
   8.7082247e+05
   8.7862270e+05
   9.0187752e+05
   9.0471927e+05
   9.0609187e+05
   9.0771781e+05
   9.0887977e+05
   9.1249585e+05
   9.1398390e+05
   9.1819772e+05
   9.1975066e+05
   9.2086783e+05
   9.2317077e+05
   9.2856048e+05
   9.2993720e+05
   9.3522434e+05
   9.3961659e+05
   9.6296987e+05
   9.6660216e+05
   9.6937978e+05
   9.7209068e+05
   9.7427729e+05
   9.7628555e+05
   9.8343919e+05
   9.8547090e+05
   9.8796447e+05
   9.9007080e+05
   9.9332568e+05
   9.9472724e+05
   9.9764277e+05
   1.0251043e+06
   1.0277956e+06
   1.0304519e+06
   1.0334029e+06
   1.0363758e+06
   1.0399620e+06
   1.0416538e+06
   1.0449948e+06
   1.0477803e+06
   1.0495782e+06
   1.0511667e+06
   1.0550304e+06
   1.0577161e+06
   1.0595442e+06
   1.0826950e+06
   1.0915251e+06
   1.0926696e+06
   1.0944581e+06
   1.0967583e+06
   1.0986243e+06
   1.1011675e+06
   1.1034511e+06
   1.1061700e+06
   1.1115009e+06
   1.1128710e+06
   1.1152067e+06
   1.1416779e+06
   1.1456055e+06
   1.1473450e+06
   1.1490746e+06
   1.1506374e+06
   1.1559372e+06
   1.1585303e+06
   1.1611002e+06
   1.1709111e+06
   1.1735816e+06
   1.1770785e+06
   1.1789585e+06
   1.2018785e+06
   1.2051155e+06
   1.2069444e+06
   1.2113821e+06
   1.2137318e+06
   1.2159715e+06
   1.2203275e+06
   1.2237760e+06
   1.2274887e+06
   1.2286601e+06
   1.2323874e+06
   1.2342732e+06
   1.2632710e+06
   1.2672484e+06
   1.2691443e+06
   1.2703467e+06
   1.2734307e+06
   1.2757370e+06
   1.2807751e+06
   1.2860146e+06
   1.2901679e+06
   1.2916460e+06
   1.2934652e+06
   1.2951888e+06
   1.2968834e+06
   1.3223139e+06
   1.3267780e+06
   1.3291305e+06
   1.3311917e+06
   1.3361975e+06
   1.3419257e+06
   1.3492971e+06
   1.3541417e+06
   1.3587787e+06
   1.3816727e+06
   1.3843273e+06
   1.3854127e+06
   1.3878825e+06
   1.3895447e+06
   1.3915816e+06
   1.3928382e+06
   1.4121915e+06
   1.4141475e+06
   1.4177385e+06
   1.4191033e+06
   1.4428398e+06
   1.4514029e+06
   1.4540310e+06
   1.4572182e+06
   1.4602577e+06
   1.4628811e+06
   1.4664714e+06
   1.4681260e+06
   1.4701495e+06
   1.4719665e+06
   1.4746347e+06
   1.4771104e+06
   1.4786020e+06
   1.5020892e+06
   1.5041571e+06
   1.5056746e+06
   1.5081199e+06
   1.5104947e+06
   1.5137184e+06
   1.5170988e+06
   1.5189757e+06
   1.5216526e+06
   1.5229856e+06
   1.5255184e+06
   1.5274246e+06
   1.5297552e+06
   1.5315307e+06
   1.5333478e+06
   1.5361237e+06
   1.5380004e+06
   1.5399042e+06
   1.5611101e+06
   1.5641428e+06
   1.5663970e+06
   1.5692940e+06
   1.5714214e+06
   1.5731085e+06
   1.5770366e+06
   1.5788860e+06
   1.5804917e+06
   1.5872415e+06
   1.5892263e+06
   1.5909769e+06
   1.5926602e+06
   1.5945994e+06
   1.5965078e+06
   1.5986470e+06
   1.6320275e+06
   1.6341280e+06
   1.6375584e+06
   1.6399393e+06
   1.6415842e+06
   1.6436473e+06
   1.6454640e+06
   1.6476976e+06
   1.6535470e+06
   1.6559138e+06
   1.6584876e+06
   1.6816841e+06
   1.6839469e+06
   1.6870066e+06
   1.6944945e+06
   1.6979086e+06
   1.7006042e+06
   1.7020155e+06
   1.7057194e+06
   1.7109683e+06
   1.7164678e+06
   1.7195968e+06
   1.7426556e+06
   1.7449581e+06
   1.7471919e+06
   1.7524817e+06
   1.7588972e+06
   1.7607542e+06
   1.7652111e+06
   1.7662533e+06
   1.7678693e+06
   1.7699223e+06
   1.7721114e+06
   1.7739164e+06
   1.7756543e+06
   1.7767969e+06
   1.7785533e+06
   1.8021574e+06
   1.8038998e+06
   1.8054725e+06
   1.8074395e+06
   1.8117601e+06
   1.8165895e+06
   1.8187516e+06
   1.8221630e+06
   1.8240698e+06
   1.8269838e+06
   1.8305482e+06
   1.8326267e+06
   1.8342160e+06
   1.8364880e+06
   1.8623996e+06
   1.8729831e+06
   1.8745769e+06
   1.8772243e+06
   1.8840531e+06
   1.8855782e+06
   1.8876017e+06
   1.8929102e+06
   1.8944779e+06
   3.5911309e+05
   3.5933467e+05
   3.5953120e+05
   3.5969099e+05
   3.5985147e+05
   4.1916136e+05
   4.1934834e+05
   4.1975211e+05
   4.7914807e+05
   4.7933235e+05
   5.3911501e+05
   5.3932415e+05
   5.3954229e+05
   5.3973201e+05
   5.3986297e+05
   5.9928409e+05
   5.9947046e+05
   5.9966569e+05
   1.7541124e+06
   1.7560506e+06
   1.7574798e+06
   1.7593025e+06
   1.7606180e+06
   1.7628832e+06
   1.7644873e+06
   1.7678779e+06
   1.7695327e+06
   1.7750026e+06
   1.7764667e+06
   1.7782452e+06
   1.8015793e+06
   1.8039955e+06
   1.8055515e+06
   1.8087321e+06
   1.8118201e+06
   1.8210630e+06
   1.8239719e+06
   1.8256380e+06
   1.8276099e+06
   1.8335594e+06
   1.8369913e+06
   1.8625956e+06
   1.8656942e+06
   1.8674031e+06
   1.8713542e+06
   1.8737861e+06
   1.8754066e+06
   1.8793489e+06
   1.8949312e+06
   1.8975904e+06
   1.8999972e+06
   3.5917980e+05
   3.5934696e+05
   3.5952823e+05
   3.5980996e+05
   3.5994743e+05
   4.1911942e+05
   4.1946597e+05
   4.1960634e+05
   4.1984198e+05
   4.7914731e+05
   4.7966211e+05
   4.7983347e+05
   5.3911899e+05
   5.3931988e+05
   5.3950353e+05
   5.3978816e+05
   5.3998139e+05
   5.9928266e+05
   5.9944867e+05
   5.9957519e+05
   5.9975368e+05
   5.9998860e+05
