   1.5322844e+03
   5.3302391e+03
   6.9024267e+03
   1.5344677e+04
   1.7311591e+04
   1.8696923e+04
   2.1600205e+04
   2.7385168e+04
   2.8534472e+04
   3.0708492e+04
   3.9131175e+04
   4.1296978e+04
   4.0080370e+04
   4.1181666e+04
   4.2319126e+04
   4.5196688e+04
   4.7097377e+04
   4.7997660e+04
   5.2632683e+04
   5.4242163e+04
   5.6199368e+04
   5.9349825e+04
   1.0143777e+05
   1.0709956e+05
   1.0559132e+05
   1.0774137e+05
   1.0931575e+05
   1.1281882e+05
   1.1489289e+05
   1.1726497e+05
   1.1923265e+05
   1.6015205e+05
   1.6061301e+05
   1.6347107e+05
   1.6437992e+05
   1.6590269e+05
   1.6753500e+05
   1.7044610e+05
   1.7275247e+05
   1.7419882e+05
   2.2072923e+05
   2.2307983e+05
   2.2452036e+05
   2.2661863e+05
   2.3251974e+05
   2.3417467e+05
   2.3592603e+05
   2.3694422e+05
   2.3855274e+05
   2.8005729e+05
   2.8198445e+05
   2.8491135e+05
   2.8750753e+05
   2.9146276e+05
   2.9490463e+05
   2.9701801e+05
   2.9872391e+05
   3.4002992e+05
   3.3992362e+05
   3.4119392e+05
   3.4390993e+05
   3.4953810e+05
   3.5098431e+05
   3.5325816e+05
   3.5428077e+05
   3.5578495e+05
   3.5763570e+05
   3.5886051e+05
   3.6000411e+05
   4.0002164e+05
   4.0136032e+05
   4.0321467e+05
   4.0472128e+05
   4.0616801e+05
   4.1064524e+05
   4.1192584e+05
   4.1343938e+05
   4.1516625e+05
   4.1726106e+05
   4.1902481e+05
   4.6063671e+05
   4.6260976e+05
   4.6443062e+05
   4.6711625e+05
   4.6731331e+05
   4.7117527e+05
   4.7230732e+05
   4.7507951e+05
   4.7610188e+05
   4.7749715e+05
   4.7949691e+05
   5.2008798e+05
   5.2467440e+05
   5.2612618e+05
   5.2881801e+05
   5.3101697e+05
   5.3294975e+05
   5.3597702e+05
   5.8183094e+05
   5.8289480e+05
   5.8415047e+05
   5.8508575e+05
   5.8750226e+05
   5.8988681e+05
   5.9334366e+05
   5.9434718e+05
   5.9576468e+05
   5.9737945e+05
   5.9943938e+05
   6.0153022e+05
   6.0354693e+05
   6.0764449e+05
   6.0991642e+05
   6.1219104e+05
   6.1347243e+05
   6.1959524e+05
   6.2147411e+05
   6.2399391e+05
   6.2762284e+05
   6.2998149e+05
   6.3166484e+05
   6.3382668e+05
   6.4273396e+05
   6.4447796e+05
   6.4663152e+05
   6.4825675e+05
   6.5036219e+05
   6.5519647e+05
   6.8299402e+05
   6.8438157e+05
   6.8704227e+05
   6.8848359e+05
   6.9379392e+05
   6.9547712e+05
   6.9760856e+05
   6.9941891e+05
   7.0094619e+05
   7.0600423e+05
   7.0878784e+05
   7.2304092e+05
   7.2521660e+05
   7.2771787e+05
   7.3794612e+05
   7.4122435e+05
   7.4359796e+05
   7.5538724e+05
   7.6095124e+05
   7.6169318e+05
   7.6266753e+05
   7.6379664e+05
   7.6451974e+05
   7.6529645e+05
   7.6618977e+05
   7.6817508e+05
   7.6979985e+05
   7.7150601e+05
   7.7313829e+05
   7.7589307e+05
   7.7710981e+05
   7.7897248e+05
   8.2099216e+05
   8.2212437e+05
   8.2296722e+05
   8.2464900e+05
   8.2575076e+05
   8.2674222e+05
   8.2836951e+05
   8.8101474e+05
   8.8191341e+05
   8.8288128e+05
   8.8372430e+05
   8.8457586e+05
   8.8545712e+05
   8.8650123e+05
   8.8906704e+05
   8.9088637e+05
   8.9280803e+05
   8.9597174e+05
   8.9736121e+05
   8.9930724e+05
   9.4107652e+05
   9.4217502e+05
   9.4381557e+05
   9.4478688e+05
   9.4611807e+05
   9.4979641e+05
   9.5220812e+05
   9.5370775e+05
   9.5655782e+05
   9.5836557e+05
   9.5973475e+05
   1.0009385e+06
   1.0020837e+06
   1.0029923e+06
   1.0041760e+06
   1.0053055e+06
   1.0062766e+06
   1.0085043e+06
   1.0096899e+06
   1.0110884e+06
   1.0129151e+06
   1.0164585e+06
   1.0178100e+06
   1.0191079e+06
   1.0610076e+06
   1.0621613e+06
   1.0632577e+06
   1.0641283e+06
   1.0652631e+06
   1.0663307e+06
   1.0695158e+06
   1.0709713e+06
   1.0736045e+06
   1.0764426e+06
   1.0782942e+06
   1.1209555e+06
   1.1223961e+06
   1.1233262e+06
   1.1244626e+06
   1.1258568e+06
   1.1296563e+06
   1.1335230e+06
   1.1360986e+06
   1.1376283e+06
   1.1398319e+06
   1.1812463e+06
   1.1824068e+06
   1.1853182e+06
   1.1863552e+06
   1.1896015e+06
   1.1923486e+06
   1.1939122e+06
   1.1953300e+06
   1.1972168e+06
   1.1989072e+06
   1.2411612e+06
   1.2423077e+06
   1.2432800e+06
   1.2444376e+06
   1.2465445e+06
   1.2493463e+06
   1.2520807e+06
   1.2553398e+06
   1.2567932e+06
   1.2597288e+06
   1.3014968e+06
   1.3028241e+06
   1.3037160e+06
   1.3049350e+06
   1.3086866e+06
   1.3134674e+06
   1.3161470e+06
   1.3183055e+06
   1.3199002e+06
   1.3616298e+06
   1.3629965e+06
   1.3639773e+06
   1.3654997e+06
   1.3684224e+06
   1.3719052e+06
   1.3754419e+06
   1.3774690e+06
   1.4211270e+06
   1.4226208e+06
   1.4260143e+06
   1.4285449e+06
   1.4317543e+06
   1.4334806e+06
   1.4361114e+06
   1.4812638e+06
   1.4826330e+06
   1.4841059e+06
   1.4860742e+06
   1.4957943e+06
   1.4969315e+06
   1.4991928e+06
   1.5413323e+06
   1.5426666e+06
   1.5450836e+06
   1.5500249e+06
   1.5527472e+06
   1.5563354e+06
   1.6018728e+06
   1.6037720e+06
   1.6053522e+06
   1.6085650e+06
   1.6103753e+06
   1.6115077e+06
   1.6169763e+06
   1.6199056e+06
   1.6609681e+06
   1.6619566e+06
   1.6632600e+06
   1.6641919e+06
   1.6662304e+06
   1.6682342e+06
   1.6713120e+06
   1.6734750e+06
   1.6765436e+06
   1.7215125e+06
   1.7232043e+06
   1.7239979e+06
   1.7295911e+06
   1.7314897e+06
   1.7339202e+06
   1.7355999e+06
   1.7815563e+06
   1.7829108e+06
   1.7843469e+06
   1.7852861e+06
   1.7903342e+06
   1.7929641e+06
   1.7959334e+06
   1.7978996e+06
   1.7993009e+06
   1.8408343e+06
   1.8442160e+06
   1.8458716e+06
   1.8490728e+06
   1.8506896e+06
   1.8519960e+06
   1.8568314e+06
   1.8586669e+06
   1.9015326e+06
   1.9040115e+06
   1.9054069e+06
   1.9089812e+06
   1.9115835e+06
   1.9135423e+06
   1.9154275e+06
   6.3355761e+04
   6.5181606e+04
   6.8122135e+04
   7.1206285e+04
   7.3378259e+04
   7.4739961e+04
   7.7203784e+04
   1.2227284e+05
   1.2464089e+05
   1.2964233e+05
   1.3150255e+05
   1.3368279e+05
   1.3530090e+05
   1.3680340e+05
   1.3888696e+05
   1.4534637e+05
   1.4674256e+05
   1.4885360e+05
   1.5124054e+05
   1.5311224e+05
   1.5740800e+05
   1.8591097e+05
   1.8830730e+05
   1.9292666e+05
   1.9655191e+05
   1.9827288e+05
   1.9975297e+05
   2.0111907e+05
   2.0327894e+05
   2.0521926e+05
   2.0941641e+05
   2.1114049e+05
   2.1342552e+05
   2.1489261e+05
   3.6211820e+05
   3.6489661e+05
   3.7735913e+05
   3.8594530e+05
   3.8911006e+05
   3.9200509e+05
   3.9489026e+05
   4.2284920e+05
   4.2573416e+05
   4.2877862e+05
   4.3191809e+05
   4.4072797e+05
   4.4249453e+05
   4.4451278e+05
   4.4604658e+05
   4.4749157e+05
   4.4904635e+05
   4.5111746e+05
   4.5637491e+05
   4.5802297e+05
   4.5954971e+05
   4.8151083e+05
   4.8390370e+05
   4.8507070e+05
   4.8984951e+05
   4.9146387e+05
   5.0420163e+05
   5.0673816e+05
   5.0882766e+05
   5.1294676e+05
   5.1574341e+05
   5.1818192e+05
   5.1925473e+05
   5.4216796e+05
   5.4363099e+05
   5.4635217e+05
   5.4979330e+05
   5.5324757e+05
   5.5564415e+05
   5.5806787e+05
   5.6050792e+05
   5.6301424e+05
   5.6502137e+05
   5.6666814e+05
   5.6797314e+05
   5.7095156e+05
   5.7352216e+05
   5.7626479e+05
   5.7762986e+05
   5.7928817e+05
   7.8201338e+05
   7.8369145e+05
   7.8901198e+05
   7.9088199e+05
   7.9316189e+05
   7.9615903e+05
   7.9796567e+05
   8.0002413e+05
   8.0244914e+05
   8.0418810e+05
   8.0572612e+05
   8.1024366e+05
   8.1226357e+05
   8.1479514e+05
   8.1673905e+05
   8.1952694e+05
   8.4326842e+05
   8.4460467e+05
   8.4683592e+05
   8.4896337e+05
   8.5171206e+05
   8.5346512e+05
   8.5614033e+05
   8.5928973e+05
   8.6155624e+05
   8.6359391e+05
   8.6541609e+05
   8.7323703e+05
   9.0157203e+05
   9.0585427e+05
   9.0779715e+05
   9.0977491e+05
   9.1142170e+05
   9.1410906e+05
   9.1589635e+05
   9.1823270e+05
   9.1960021e+05
   9.2258102e+05
   9.2423256e+05
   9.2622404e+05
   9.2851478e+05
   9.3097211e+05
   9.3464697e+05
   9.3663272e+05
   9.3858299e+05
   9.6312696e+05
   9.6474429e+05
   9.7217428e+05
   9.7427106e+05
   9.7574766e+05
   9.7755918e+05
   9.8113418e+05
   9.8525107e+05
   9.8723305e+05
   9.8950541e+05
   9.9131585e+05
   9.9385234e+05
   9.9671507e+05
   9.9833887e+05
   1.0242917e+06
   1.0274821e+06
   1.0288783e+06
   1.0311164e+06
   1.0458855e+06
   1.0469341e+06
   1.0490557e+06
   1.0506324e+06
   1.0524640e+06
   1.0572164e+06
   1.0589823e+06
   1.0866057e+06
   1.0904740e+06
   1.0938628e+06
   1.0989925e+06
   1.1026942e+06
   1.1044298e+06
   1.1080835e+06
   1.1108293e+06
   1.1125746e+06
   1.1171610e+06
   1.1430995e+06
   1.1449466e+06
   1.1466521e+06
   1.1490510e+06
   1.1505920e+06
   1.1519942e+06
   1.1545963e+06
   1.1562898e+06
   1.1577403e+06
   1.1610961e+06
   1.1637960e+06
   1.1648870e+06
   1.1677087e+06
   1.1695314e+06
   1.1715467e+06
   1.1753162e+06
   1.1781114e+06
   1.2022946e+06
   1.2043809e+06
   1.2060941e+06
   1.2106891e+06
   1.2135953e+06
   1.2221890e+06
   1.2240595e+06
   1.2286226e+06
   1.2326327e+06
   1.2342319e+06
   1.2376938e+06
   1.2619299e+06
   1.2645590e+06
   1.2663863e+06
   1.2924207e+06
   1.2947212e+06
   1.2977505e+06
   1.2996861e+06
   1.3220386e+06
   1.3307434e+06
   1.3325841e+06
   1.3352816e+06
   1.3401018e+06
   1.3430382e+06
   1.3467478e+06
   1.3517963e+06
   1.3554344e+06
   1.3834927e+06
   1.3852693e+06
   1.3905359e+06
   1.3933036e+06
   1.3963944e+06
   1.3986881e+06
   1.4032527e+06
   1.4144444e+06
   1.4435663e+06
   1.4454388e+06
   1.4473377e+06
   1.4498472e+06
   1.4588854e+06
   1.4606698e+06
   1.4622919e+06
   1.4661127e+06
   1.4680696e+06
   1.4732730e+06
   1.4761477e+06
   1.4781799e+06
   1.5021346e+06
   1.5037678e+06
   1.5151973e+06
   1.5170766e+06
   1.5187738e+06
   1.5201400e+06
   1.5225633e+06
   1.5263095e+06
   1.5279164e+06
   1.5301219e+06
   1.5328004e+06
   1.5348495e+06
   1.5367784e+06
   1.5626274e+06
   1.5638755e+06
   1.5667430e+06
   1.5678414e+06
   1.5707884e+06
   1.5725980e+06
   1.5745769e+06
   1.5794065e+06
   1.6310520e+06
   1.6339678e+06
   1.6361628e+06
   1.6388999e+06
   1.6406619e+06
   1.6428935e+06
   1.6453360e+06
   1.6473640e+06
   1.6497155e+06
   1.6520566e+06
   1.6531772e+06
   1.6555341e+06
   1.6581359e+06
   1.6814510e+06
   1.6830122e+06
   1.6840948e+06
   1.6857620e+06
   1.6879816e+06
   1.6903266e+06
   1.6924122e+06
   1.6940973e+06
   1.6961422e+06
   1.7120836e+06
   1.7147582e+06
   1.7179944e+06
   1.7197831e+06
   1.7594953e+06
   1.7614905e+06
   1.7640610e+06
   1.7659403e+06
   1.7694323e+06
   1.7718346e+06
   1.8028827e+06
   1.8050588e+06
   1.8079500e+06
   1.8107005e+06
   1.8137370e+06
   1.8159863e+06
   1.8179487e+06
   1.8196400e+06
   1.8222908e+06
   1.8334676e+06
   1.8369977e+06
   1.8386336e+06
   1.8618072e+06
   1.8658304e+06
   1.8674518e+06
   1.8702405e+06
   1.8741106e+06
   1.8766133e+06
   1.8782122e+06
   1.8806893e+06
   1.8821896e+06
   1.8855799e+06
   1.8889451e+06
   1.8902684e+06
   3.5913544e+05
   3.5937587e+05
   3.5952493e+05
   3.5975566e+05
   3.5995290e+05
   4.1917917e+05
   4.1933522e+05
   4.1979367e+05
   4.1990350e+05
   4.7914755e+05
   4.7951233e+05
   4.7964823e+05
   4.7980742e+05
   5.3926996e+05
   5.3943332e+05
   5.3965845e+05
   5.3984144e+05
   5.3999694e+05
   5.9923068e+05
   5.9962364e+05
   5.9979671e+05
   5.9997760e+05
   1.8774802e+06
   1.8799694e+06
   1.8824469e+06
   1.8843945e+06
   1.8863860e+06
   1.8880510e+06
   1.8909658e+06
   1.8925733e+06
   1.8970135e+06
   1.8981491e+06
   3.5909764e+05
   3.5923154e+05
   3.5941957e+05
   3.5960568e+05
   3.5981428e+05
   4.1916319e+05
   4.1934161e+05
   4.1952565e+05
   4.1964592e+05
   4.1983063e+05
   4.1994940e+05
   4.7918687e+05
   4.7938815e+05
   4.7953330e+05
   4.7967362e+05
   5.3912056e+05
   5.3930525e+05
   5.3949049e+05
   5.3969895e+05
   5.3999485e+05
   5.9928880e+05
   5.9943080e+05
   5.9954958e+05
   5.9991558e+05
