   3.8356716e+02
   1.1413834e+03
   1.5756249e+03
   1.9403165e+03
   3.0066970e+03
   3.7037930e+03
   4.0206609e+03
   4.5078349e+03
   4.8548519e+03
   5.1844082e+03
   5.5171824e+03
   6.0568448e+03
   6.5029049e+03
   7.0656682e+03
   7.4401761e+03
   7.9092022e+03
   8.5158824e+03
   8.9012843e+03
   9.3992570e+03
   9.7659833e+03
   1.0190825e+04
   1.0575971e+04
   1.0910521e+04
   1.1631970e+04
   1.2209926e+04
   1.2639050e+04
   1.3092456e+04
   1.3657818e+04
   1.4014233e+04
   1.4365317e+04
   1.4800269e+04
   1.5339874e+04
   1.5690168e+04
   1.6111555e+04
   1.6514970e+04
   1.6987362e+04
   1.7407172e+04
   1.7803877e+04
   1.8563396e+04
   1.8979147e+04
   1.9279896e+04
   1.9683001e+04
   2.0132617e+04
   2.0514902e+04
   2.1005421e+04
   2.1465438e+04
   2.1969197e+04
   2.2349075e+04
   2.3232093e+04
   2.3747491e+04
   2.4270999e+04
   2.4704927e+04
   2.5088320e+04
   2.5574818e+04
   2.6107188e+04
   2.6682980e+04
   2.7018414e+04
   2.7439910e+04
   2.7885148e+04
   2.8439881e+04
   2.8872809e+04
   2.9156793e+04
   2.9609182e+04
   3.0042222e+04
   3.0728482e+04
   3.1304741e+04
   3.1699268e+04
   3.2176296e+04
   3.2530479e+04
   3.2893804e+04
   3.3203599e+04
   3.3684596e+04
   3.4490850e+04
   3.4819301e+04
   3.5930847e+04
   3.6445047e+04
   3.7359792e+04
   3.7939502e+04
   3.8313602e+04
   3.8960582e+04
   3.9353646e+04
   3.9720236e+04
   4.0104811e+04
   4.0319673e+04
   4.0967519e+04
   4.1514657e+04
   4.1845528e+04
   4.2277808e+04
   4.2681400e+04
   4.3295056e+04
   4.3791208e+04
   4.4103890e+04
   4.4539075e+04
   4.5099637e+04
   4.5670213e+04
   4.6055661e+04
   4.6512672e+04
   4.7384272e+04
   4.8539791e+04
   4.9129129e+04
   4.9861287e+04
   5.0307666e+04
   5.0814107e+04
   5.1335291e+04
   5.1893413e+04
   5.2331357e+04
   5.2826250e+04
   5.3246162e+04
   5.4163765e+04
   5.4463773e+04
   5.4878482e+04
   5.5411546e+04
   5.5979676e+04
   5.6535322e+04
   5.6891741e+04
   5.7244341e+04
   5.7717536e+04
   5.8241870e+04
   5.8520500e+04
   5.8974538e+04
   5.9284107e+04
   5.9671284e+04
   1.0008484e+05
   1.0041791e+05
   1.0093505e+05
   1.0128088e+05
   1.0158883e+05
   1.0210276e+05
   1.0274641e+05
   1.0313703e+05
   1.0353274e+05
   1.0393813e+05
   1.0428669e+05
   1.0462774e+05
   1.0516307e+05
   1.0549624e+05
   1.0592973e+05
   1.0626533e+05
   1.0664776e+05
   1.0721632e+05
   1.0761438e+05
   1.0797823e+05
   1.0827858e+05
   1.0866244e+05
   1.0924254e+05
   1.0957280e+05
   1.1002598e+05
   1.1033507e+05
   1.1076856e+05
   1.1121690e+05
   1.1178221e+05
   1.1215088e+05
   1.1248888e+05
   1.1279727e+05
   1.1329701e+05
   1.1363819e+05
   1.1435822e+05
   1.1476243e+05
   1.1514595e+05
   1.1555354e+05
   1.1589363e+05
   1.1638327e+05
   1.1681077e+05
   1.1721152e+05
   1.1762542e+05
   1.1785631e+05
   1.1820936e+05
   1.1861854e+05
   1.1907921e+05
   1.1932306e+05
   1.6035434e+05
   1.6060596e+05
   1.6132899e+05
   1.6175888e+05
   1.6213280e+05
   1.6238386e+05
   1.6277817e+05
   1.6322459e+05
   1.6421520e+05
   1.6463945e+05
   1.6525541e+05
   1.6593378e+05
   1.6665389e+05
   1.6706155e+05
   1.6751343e+05
   1.6784299e+05
   1.6826990e+05
   1.6867413e+05
   1.6908453e+05
   1.6947158e+05
   1.6994609e+05
   1.7063445e+05
   1.7111574e+05
   1.7158529e+05
   1.7201824e+05
   1.7229651e+05
   1.7290425e+05
   1.7345559e+05
   1.7390324e+05
   1.7419878e+05
   1.7455174e+05
   1.7485322e+05
   1.7510830e+05
   1.7557185e+05
   1.7593111e+05
   1.7642310e+05
   1.7671905e+05
   1.7717796e+05
   1.7755905e+05
   1.7797672e+05
   1.7831135e+05
   1.7868699e+05
   1.7898128e+05
   1.7932385e+05
   2.2058069e+05
   2.2101850e+05
   2.2143518e+05
   2.2215209e+05
   2.2247117e+05
   2.2285918e+05
   2.2325559e+05
   2.2372721e+05
   2.2422122e+05
   2.2469834e+05
   2.2527421e+05
   2.2558718e+05
   2.2593448e+05
   2.2666379e+05
   2.2735527e+05
   2.2782948e+05
   2.2848380e+05
   2.2885168e+05
   2.2921002e+05
   2.2969544e+05
   2.3012066e+05
   2.3049269e+05
   2.3096201e+05
   2.3131163e+05
   2.3166371e+05
   2.3200777e+05
   2.3244653e+05
   2.3277897e+05
   2.3314598e+05
   2.3357331e+05
   2.3397306e+05
   2.3435551e+05
   2.3472763e+05
   2.3511611e+05
   2.3541373e+05
   2.3606561e+05
   2.3643945e+05
   2.3696940e+05
   2.3738574e+05
   2.3771465e+05
   2.3808178e+05
   2.3837981e+05
   2.3867706e+05
   2.3897190e+05
   2.3938592e+05
   2.3977703e+05
   2.8024854e+05
   2.8053080e+05
   2.8094970e+05
   2.8128724e+05
   2.8171049e+05
   2.8220201e+05
   2.8264330e+05
   2.8303287e+05
   2.8343357e+05
   2.8388829e+05
   2.8422450e+05
   2.8456658e+05
   2.8489996e+05
   2.8560086e+05
   2.8601039e+05
   2.8632273e+05
   2.8670935e+05
   2.8724763e+05
   2.8763232e+05
   2.8803949e+05
   2.8865215e+05
   2.8913066e+05
   2.8995040e+05
   2.9041077e+05
   2.9106833e+05
   2.9138440e+05
   2.9176895e+05
   2.9227320e+05
   2.9255826e+05
   2.9297924e+05
   2.9348243e+05
   2.9384193e+05
   2.9403941e+05
   2.9456740e+05
   2.9505785e+05
   2.9542954e+05
   2.9582152e+05
   2.9631285e+05
   2.9670744e+05
   2.9741310e+05
   2.9790986e+05
   2.9820635e+05
   2.9919229e+05
   2.9961861e+05
   3.4041522e+05
   3.4070928e+05
   3.4109205e+05
   3.4138981e+05
   3.4167133e+05
   3.4203111e+05
   3.4244531e+05
   3.4292005e+05
   3.4327212e+05
   3.4358001e+05
   3.4390997e+05
   3.4427399e+05
   3.4473620e+05
   3.4531023e+05
   3.4566763e+05
   3.4617003e+05
   3.4653614e+05
   3.4738303e+05
   3.4779182e+05
   3.4828521e+05
   3.4879709e+05
   3.4912206e+05
   3.4948661e+05
   3.4988230e+05
   3.5031675e+05
   3.5073569e+05
   3.5104202e+05
   3.5133261e+05
   3.5167360e+05
   3.5205506e+05
   3.5246937e+05
   3.5282890e+05
   3.5327157e+05
   3.5366168e+05
   3.5411033e+05
   3.5483213e+05
   3.5510151e+05
   3.5550656e+05
   3.5587452e+05
   3.5616907e+05
   3.5667595e+05
   3.5704750e+05
   3.5746063e+05
   3.5783140e+05
   3.5829640e+05
   3.5864623e+05
   3.5913042e+05
   3.5953091e+05
   3.5978431e+05
   4.0017506e+05
   4.0051757e+05
   4.0073351e+05
   4.0119925e+05
   4.0145429e+05
   4.0191081e+05
   4.0225068e+05
   4.0272632e+05
   4.0298438e+05
   4.0342517e+05
   4.0373867e+05
   4.0400869e+05
   4.0438788e+05
   4.0476096e+05
   4.0513369e+05
   4.0558038e+05
   4.0587052e+05
   4.0616354e+05
   4.0645462e+05
   4.0688585e+05
   4.0739275e+05
   4.0779492e+05
   4.0871704e+05
   4.0905119e+05
   4.0936125e+05
   4.0988672e+05
   4.1030859e+05
   4.1071411e+05
   4.1110258e+05
   4.1149262e+05
   4.1198879e+05
   4.1241106e+05
   4.1278622e+05
   4.1316173e+05
   4.1364186e+05
   4.1416749e+05
   4.1478113e+05
   4.1510880e+05
   4.1544331e+05
   4.1586262e+05
   4.1629297e+05
   4.1709106e+05
   4.1736652e+05
   4.1779043e+05
   4.1813162e+05
   4.1878566e+05
   4.1937837e+05
   4.1981355e+05
   4.6018965e+05
   4.6072364e+05
   4.6102144e+05
   4.6135503e+05
   4.6164825e+05
   4.6200901e+05
   4.6237037e+05
   4.6271810e+05
   4.6303278e+05
   4.6342672e+05
   4.6376213e+05
   4.6409354e+05
   4.6437283e+05
   4.6465942e+05
   4.6505049e+05
   4.6542831e+05
   4.6574355e+05
   4.6603450e+05
   4.6633992e+05
   4.6671928e+05
   4.6727300e+05
   4.6763206e+05
   4.6786310e+05
   4.6814624e+05
   4.6845688e+05
   4.6887121e+05
   4.6915223e+05
   4.6945470e+05
   4.6984522e+05
   4.7029590e+05
   4.7075125e+05
   4.7106620e+05
   4.7144588e+05
   4.7177533e+05
   4.7213948e+05
   4.7241299e+05
   4.7270804e+05
   4.7320195e+05
   4.7368678e+05
   4.7398756e+05
   4.7419888e+05
   4.7483835e+05
   4.7525156e+05
   4.7560898e+05
   4.7605373e+05
   4.7650109e+05
   4.7689188e+05
   4.7724305e+05
   4.7758537e+05
   4.7796494e+05
   4.7849390e+05
   4.7911012e+05
   4.7941588e+05
   4.7986703e+05
   5.2010349e+05
   5.2044316e+05
   5.2067173e+05
   5.2094051e+05
   5.2128187e+05
   5.2160648e+05
   5.2218593e+05
   5.2246626e+05
   5.2295156e+05
   5.2332436e+05
   5.2364587e+05
   5.2407066e+05
   5.2430245e+05
   5.2468642e+05
   5.2497992e+05
   5.2530256e+05
   5.2561998e+05
   5.2593100e+05
   5.2627847e+05
   5.2653776e+05
   5.2688872e+05
   5.2709853e+05
   5.2756345e+05
   5.2794078e+05
   5.2821802e+05
   5.2859088e+05
   5.2891448e+05
   5.2927285e+05
   5.3016138e+05
   5.3046079e+05
   5.3080810e+05
   5.3118829e+05
   5.3163625e+05
   5.3211555e+05
   5.3240928e+05
   5.3286049e+05
   5.3326221e+05
   5.3369518e+05
   5.3401302e+05
   5.3463355e+05
   5.3496062e+05
   5.3557754e+05
   5.3588324e+05
   5.3626111e+05
   5.3662605e+05
   5.3703735e+05
   5.3743851e+05
   5.3808925e+05
   5.3842856e+05
   5.3874355e+05
   5.3926681e+05
   5.3963605e+05
   5.8011940e+05
   5.8041801e+05
   5.8068074e+05
   5.8096053e+05
   5.8133870e+05
   5.8156871e+05
   5.8178522e+05
   5.8206214e+05
   5.8233501e+05
   5.8264563e+05
   5.8293429e+05
   5.8332349e+05
   5.8364689e+05
   5.8391242e+05
   5.8417041e+05
   5.8448935e+05
   5.8488240e+05
   5.8514825e+05
   5.8540180e+05
   5.8575813e+05
   5.8603213e+05
   5.8634331e+05
   5.8664111e+05
   5.8699602e+05
   5.8717152e+05
   5.8759528e+05
   5.8798258e+05
   5.8831575e+05
   5.8867948e+05
   5.8900081e+05
   5.8944689e+05
   5.8985488e+05
   5.9038284e+05
   5.9075594e+05
   5.9111656e+05
   5.9146171e+05
   5.9175559e+05
   5.9246569e+05
   5.9304313e+05
   5.9333237e+05
   5.9372244e+05
   5.9426807e+05
   5.9464950e+05
   5.9508668e+05
   5.9576704e+05
   5.9618557e+05
   5.9656651e+05
   5.9718010e+05
   5.9755472e+05
   5.9823054e+05
   5.9923959e+05
   5.9969624e+05
   6.0073315e+05
   6.0144250e+05
   6.0177852e+05
   6.0227067e+05
   6.0265435e+05
   6.0303110e+05
   6.0335032e+05
   6.0362254e+05
   6.0419956e+05
   6.0450436e+05
   6.0504025e+05
   6.0556086e+05
   6.0623229e+05
   6.0687741e+05
   6.0733590e+05
   6.0801911e+05
   6.0831848e+05
   6.0870564e+05
   6.0896883e+05
   6.0934780e+05
   6.0978872e+05
   6.1008364e+05
   6.1140740e+05
   6.1220126e+05
   6.1260148e+05
   6.1306489e+05
   6.1340493e+05
   6.1383599e+05
   6.1427914e+05
   6.1467016e+05
   6.1524277e+05
   6.1568564e+05
   6.1610917e+05
   6.1655612e+05
   6.1694564e+05
   6.1742570e+05
   6.1798119e+05
   6.1876961e+05
   6.1955102e+05
   6.1996557e+05
   6.2027259e+05
   6.2063732e+05
   6.2103092e+05
   6.2150737e+05
   6.2188504e+05
   6.2234024e+05
   6.2272440e+05
   6.2330181e+05
   6.2380271e+05
   6.2416533e+05
   6.2458114e+05
   6.2502375e+05
   6.2543354e+05
   6.2581519e+05
   6.2633523e+05
   6.2680219e+05
   6.2712121e+05
   6.2744152e+05
   6.2805240e+05
   6.2870536e+05
   6.2917490e+05
   6.2983217e+05
   6.3035873e+05
   6.3087482e+05
   6.3127470e+05
   6.3167524e+05
   6.3211440e+05
   6.3246759e+05
   6.3299164e+05
   6.3334997e+05
   6.3383654e+05
   6.3480507e+05
   6.3518634e+05
   6.3558388e+05
   6.3604705e+05
   6.3642699e+05
   6.3686284e+05
   6.3736938e+05
   6.3786499e+05
   6.3824136e+05
   6.3895119e+05
   6.3946546e+05
   6.3993436e+05
   6.4042895e+05
   6.4092039e+05
   6.4127907e+05
   6.4150902e+05
   6.4203292e+05
   6.4247811e+05
   6.4302140e+05
   6.4362819e+05
   6.4402347e+05
   6.4450294e+05
   6.4492969e+05
   6.4558147e+05
   6.4604692e+05
   6.4641979e+05
   6.4680445e+05
   6.4727962e+05
   6.4757751e+05
   6.4815993e+05
   6.4854033e+05
   6.4916246e+05
   6.4970639e+05
   6.5015213e+05
   6.5077746e+05
   6.5121239e+05
   6.5178336e+05
   6.5241752e+05
   6.5279938e+05
   6.5333690e+05
   6.5364515e+05
   6.5416275e+05
   6.5466980e+05
   6.5523537e+05
   6.5561975e+05
   6.5595410e+05
   6.5630582e+05
   6.5675842e+05
   6.5735451e+05
   6.5777393e+05
   6.5815091e+05
   6.5867158e+05
   6.5908637e+05
   6.5972460e+05
   6.6034488e+05
   6.6110952e+05
   6.6221800e+05
   6.6278516e+05
   6.6326012e+05
   6.6374609e+05
   6.6406010e+05
   6.6460182e+05
   6.6551341e+05
   6.6604920e+05
   6.6650932e+05
   6.6719576e+05
   6.6785293e+05
   6.6820499e+05
   6.6852018e+05
   6.6888800e+05
   6.6934651e+05
   6.6968366e+05
   6.7003287e+05
   6.7047303e+05
   6.7111143e+05
   6.7169718e+05
   6.7211603e+05
   6.7270100e+05
   6.7317674e+05
   6.7377156e+05
   6.7426400e+05
   6.7478686e+05
   6.7510425e+05
   6.7569140e+05
   6.7621509e+05
   6.7667807e+05
   6.7707406e+05
   6.7760229e+05
   6.7812993e+05
   6.7847366e+05
   6.7902913e+05
   6.7966719e+05
   6.8008873e+05
   6.8053891e+05
   6.8101765e+05
   6.8137265e+05
   6.8199420e+05
   6.8269103e+05
   6.8332018e+05
   6.8386489e+05
   6.8427819e+05
   6.8503780e+05
   6.8549038e+05
   6.8594028e+05
   6.8632278e+05
   6.8700580e+05
   6.8738907e+05
   6.8772223e+05
   6.8844979e+05
   6.8886997e+05
   6.8982752e+05
   6.9075189e+05
   6.9108556e+05
   6.9151813e+05
   6.9219148e+05
   6.9284869e+05
   6.9333451e+05
   6.9384423e+05
   6.9452432e+05
   6.9520540e+05
   6.9573243e+05
   6.9630884e+05
   6.9682032e+05
   6.9716379e+05
   6.9756418e+05
   6.9793084e+05
   6.9843935e+05
   6.9902520e+05
   6.9953372e+05
   7.0001596e+05
   7.0037501e+05
   7.0097567e+05
   7.0172563e+05
   7.0226091e+05
   7.0288450e+05
   7.0359957e+05
   7.0420465e+05
   7.0454689e+05
   7.0488875e+05
   7.0536939e+05
   7.0725454e+05
   7.0781791e+05
   7.0819752e+05
   7.0883773e+05
   7.0928593e+05
   7.0971421e+05
   7.1025923e+05
   7.1080923e+05
   7.1115099e+05
   7.1201110e+05
   7.1246326e+05
   7.1287972e+05
   7.1381083e+05
   7.1422102e+05
   7.1471302e+05
   7.1517501e+05
   7.1553730e+05
   7.1624888e+05
   7.1665909e+05
   7.1701047e+05
   7.1774735e+05
   7.1813239e+05
   7.1856685e+05
   7.1889014e+05
   7.1933247e+05
   7.1989471e+05
   7.2049893e+05
   7.2095950e+05
   7.2141736e+05
   7.2233735e+05
   7.3959055e+05
   7.4004635e+05
   7.4088462e+05
   7.4125392e+05
   7.4215009e+05
   7.4328500e+05
   7.4364004e+05
   7.4431993e+05
   7.4474769e+05
   7.4561014e+05
   7.4624801e+05
   7.4667639e+05
   7.4721029e+05
   7.4794822e+05
   7.4855761e+05
   7.4925980e+05
   7.4988894e+05
   7.5063268e+05
   7.5110743e+05
   7.5151744e+05
   7.5214418e+05
   7.5268558e+05
   7.5369145e+05
   7.5408332e+05
   7.5490017e+05
   7.5575653e+05
   7.5642974e+05
   7.5684680e+05
   7.5926592e+05
   7.5968859e+05
   7.6035670e+05
   7.6070013e+05
   7.6100192e+05
   7.6135128e+05
   7.6175753e+05
   7.6231528e+05
   7.6287112e+05
   7.6333802e+05
   7.6376884e+05
   7.6422904e+05
   7.6455068e+05
   7.6500148e+05
   7.6543034e+05
   7.6593018e+05
   7.6630621e+05
   7.6662624e+05
   7.6693067e+05
   7.6803899e+05
   7.6837112e+05
   7.6869690e+05
   7.6928977e+05
   7.6973470e+05
   7.7032505e+05
   7.7076821e+05
   7.7156091e+05
   7.7257021e+05
   7.7292711e+05
   7.7374205e+05
   7.7451586e+05
   7.7484506e+05
   7.7541365e+05
   7.7585965e+05
   7.7620272e+05
   7.7671359e+05
   7.7716073e+05
   7.7773139e+05
   7.7848654e+05
   7.7918133e+05
   8.2033183e+05
   8.2064650e+05
   8.2090882e+05
   8.2165810e+05
   8.2225525e+05
   8.2283743e+05
   8.2321085e+05
   8.2361195e+05
   8.2386721e+05
   8.2418193e+05
   8.2448384e+05
   8.2496529e+05
   8.2539079e+05
   8.2568263e+05
   8.2601466e+05
   8.2646331e+05
   8.2691760e+05
   8.2783082e+05
   8.2840528e+05
   8.2875041e+05
   8.2927279e+05
   8.2990096e+05
   8.3032894e+05
   8.3066847e+05
   8.3114349e+05
   8.3179466e+05
   8.3224888e+05
   8.3269799e+05
   8.3317566e+05
   8.3371900e+05
   8.3476811e+05
   8.3522738e+05
   8.3606067e+05
   8.3683867e+05
   8.3737438e+05
   8.3806557e+05
   8.3860560e+05
   8.3913562e+05
   8.3982495e+05
   8.8034124e+05
   8.8079565e+05
   8.8113034e+05
   8.8149215e+05
   8.8179424e+05
   8.8220116e+05
   8.8263595e+05
   8.8300221e+05
   8.8336951e+05
   8.8361800e+05
   8.8398220e+05
   8.8448019e+05
   8.8505310e+05
   8.8560375e+05
   8.8595891e+05
   8.8637817e+05
   8.8675826e+05
   8.8741407e+05
   8.8796271e+05
   8.8834127e+05
   8.9005807e+05
   8.9077863e+05
   8.9155727e+05
   8.9193949e+05
   8.9267144e+05
   8.9319157e+05
   8.9356429e+05
   8.9472595e+05
   8.9517524e+05
   8.9936077e+05
   8.9999906e+05
   9.4038098e+05
   9.4081156e+05
   9.4118717e+05
   9.4150167e+05
   9.4189529e+05
   9.4254022e+05
   9.4296620e+05
   9.4322629e+05
   9.4376920e+05
   9.4424173e+05
   9.4452544e+05
   9.4479221e+05
   9.4517302e+05
   9.4546211e+05
   9.4604398e+05
   9.4645859e+05
   9.4678709e+05
   9.4731404e+05
   9.4785220e+05
   9.4840377e+05
   9.4878589e+05
   9.4928205e+05
   9.4971371e+05
   9.5046575e+05
   9.5082813e+05
   9.5121047e+05
   9.5184576e+05
   9.5381410e+05
   9.5454455e+05
   9.5483911e+05
   9.5526642e+05
   9.5590846e+05
   9.5685550e+05
   9.5766936e+05
   9.5801643e+05
   9.5898255e+05
   9.5961433e+05
   1.0004485e+06
   1.0007489e+06
   1.0011960e+06
   1.0015794e+06
   1.0019020e+06
   1.0021685e+06
   1.0024803e+06
   1.0029567e+06
   1.0033164e+06
   1.0035851e+06
   1.0042430e+06
   1.0049449e+06
   1.0052642e+06
   1.0056310e+06
   1.0060170e+06
   1.0064175e+06
   1.0067740e+06
   1.0077326e+06
   1.0083738e+06
   1.0088522e+06
   1.0101435e+06
   1.0109511e+06
   1.0113615e+06
   1.0117743e+06
   1.0125385e+06
   1.0130051e+06
   1.0135241e+06
   1.0138824e+06
   1.0146879e+06
   1.0151736e+06
   1.0157717e+06
   1.0167342e+06
   1.0172836e+06
   1.0176963e+06
   1.0183196e+06
   1.0189375e+06
   1.0193419e+06
   1.0197630e+06
   1.0603816e+06
   1.0607305e+06
   1.0610373e+06
   1.0613588e+06
   1.0616465e+06
   1.0620532e+06
   1.0624083e+06
   1.0629797e+06
   1.0632262e+06
   1.0635353e+06
   1.0640671e+06
   1.0643851e+06
   1.0647130e+06
   1.0650664e+06
   1.0653750e+06
   1.0661082e+06
   1.0665592e+06
   1.0669190e+06
   1.0683928e+06
   1.0687328e+06
   1.0693376e+06
   1.0697033e+06
   1.0700419e+06
   1.0708859e+06
   1.0711795e+06
   1.0719194e+06
   1.0724288e+06
   1.0728626e+06
   1.0732998e+06
   1.0738548e+06
   1.0745866e+06
   1.0753679e+06
   1.0759805e+06
   1.0767488e+06
   1.0775753e+06
   1.0780537e+06
   1.0787645e+06
   1.0792339e+06
   1.0796096e+06
   1.1202750e+06
   1.1207281e+06
   1.1210869e+06
   1.1213572e+06
   1.1217451e+06
   1.1223041e+06
   1.1227478e+06
   1.1231018e+06
   1.1235495e+06
   1.1238717e+06
   1.1241241e+06
   1.1244178e+06
   1.1247988e+06
   1.1252338e+06
   1.1254917e+06
   1.1258445e+06
   1.1261586e+06
   1.1265636e+06
   1.1277593e+06
   1.1283726e+06
   1.1288702e+06
   1.1293212e+06
   1.1297675e+06
   1.1305957e+06
   1.1313919e+06
   1.1319000e+06
   1.1327620e+06
   1.1332169e+06
   1.1338350e+06
   1.1346663e+06
   1.1355492e+06
   1.1359673e+06
   1.1364163e+06
   1.1367855e+06
   1.1387955e+06
   1.1392159e+06
   1.1397600e+06
   1.1802852e+06
   1.1806595e+06
   1.1810862e+06
   1.1813720e+06
   1.1817915e+06
   1.1822140e+06
   1.1826060e+06
   1.1832415e+06
   1.1836452e+06
   1.1840378e+06
   1.1846071e+06
   1.1851697e+06
   1.1855756e+06
   1.1859969e+06
   1.1863089e+06
   1.1867878e+06
   1.1876771e+06
   1.1882642e+06
   1.1901997e+06
   1.1909913e+06
   1.1915073e+06
   1.1920632e+06
   1.1926121e+06
   1.1933164e+06
   1.1937089e+06
   1.1944347e+06
   1.1948441e+06
   1.1952866e+06
   1.1966919e+06
   1.1970793e+06
   1.1975713e+06
   1.2403854e+06
   1.2409454e+06
   1.2413764e+06
   1.2417052e+06
   1.2421331e+06
   1.2426770e+06
   1.2431451e+06
   1.2434808e+06
   1.2440640e+06
   1.2444430e+06
   1.2448497e+06
   1.2451820e+06
   1.2455166e+06
   1.2459669e+06
   1.2464789e+06
   1.2468834e+06
   1.2478163e+06
   1.2483682e+06
   1.2488250e+06
   1.2493262e+06
   1.2500318e+06
   1.2504860e+06
   1.2517014e+06
   1.2523691e+06
   1.2532523e+06
   1.2545859e+06
   1.2559526e+06
   1.2564773e+06
   1.2569988e+06
   1.2574226e+06
   1.2579540e+06
   1.2585564e+06
   1.2592381e+06
   1.2599180e+06
   1.3004292e+06
   1.3009077e+06
   1.3014236e+06
   1.3022161e+06
   1.3028039e+06
   1.3037514e+06
   1.3040178e+06
   1.3045101e+06
   1.3049384e+06
   1.3052509e+06
   1.3056052e+06
   1.3059532e+06
   1.3062073e+06
   1.3064956e+06
   1.3068418e+06
   1.3075510e+06
   1.3082055e+06
   1.3086181e+06
   1.3092150e+06
   1.3098568e+06
   1.3110752e+06
   1.3115932e+06
   1.3121114e+06
   1.3124469e+06
   1.3128905e+06
   1.3133960e+06
   1.3138181e+06
   1.3146265e+06
   1.3151360e+06
   1.3158266e+06
   1.3165063e+06
   1.3171093e+06
   1.3174992e+06
   1.3178897e+06
   1.3186754e+06
   1.3191093e+06
   1.3195812e+06
   1.3199468e+06
   1.3612676e+06
   1.3616221e+06
   1.3620303e+06
   1.3625748e+06
   1.3631251e+06
   1.3636142e+06
   1.3641784e+06
   1.3645503e+06
   1.3660691e+06
   1.3681248e+06
   1.3685384e+06
   1.3690531e+06
   1.3695223e+06
   1.3702034e+06
   1.3711221e+06
   1.3714926e+06
   1.3731105e+06
   1.3735956e+06
   1.3745142e+06
   1.3754823e+06
   1.3759051e+06
   1.3768789e+06
   1.3772960e+06
   1.3778326e+06
   1.3787155e+06
   1.3791617e+06
   1.3798829e+06
   1.4209227e+06
   1.4217535e+06
   1.4223548e+06
   1.4227764e+06
   1.4232785e+06
   1.4236951e+06
   1.4243099e+06
   1.4247107e+06
   1.4251269e+06
   1.4256539e+06
   1.4260731e+06
   1.4264915e+06
   1.4268437e+06
   1.4274030e+06
   1.4279427e+06
   1.4285868e+06
   1.4291671e+06
   1.4296892e+06
   1.4301264e+06
   1.4306761e+06
   1.4310619e+06
   1.4316515e+06
   1.4320925e+06
   1.4326105e+06
   1.4328855e+06
   1.4337230e+06
   1.4343325e+06
   1.4359024e+06
   1.4363294e+06
   1.4367276e+06
   1.4371494e+06
   1.4377276e+06
   1.4805981e+06
   1.4811159e+06
   1.4819150e+06
   1.4825270e+06
   1.4828369e+06
   1.4832257e+06
   1.4840298e+06
   1.4845584e+06
   1.4853049e+06
   1.4858422e+06
   1.4863245e+06
   1.4866485e+06
   1.4874617e+06
   1.4878820e+06
   1.4884512e+06
   1.4890649e+06
   1.4894702e+06
   1.4901907e+06
   1.4906123e+06
   1.4909746e+06
   1.4913077e+06
   1.4923327e+06
   1.4927486e+06
   1.4932286e+06
   1.4939067e+06
   1.4945908e+06
   1.4951019e+06
   1.4955775e+06
   1.4960793e+06
   1.4965342e+06
   1.4971886e+06
   1.4976949e+06
   1.4984751e+06
   1.4988633e+06
   1.4993777e+06
   1.5406328e+06
   1.5418318e+06
   1.5423119e+06
   1.5450795e+06
   1.5453782e+06
   1.5456982e+06
   1.5461320e+06
   1.5464707e+06
   1.5469001e+06
   1.5472975e+06
   1.5477484e+06
   1.5486420e+06
   1.5495619e+06
   1.5499437e+06
   1.5503733e+06
   1.5510712e+06
   1.5514345e+06
   1.5521286e+06
   1.5530975e+06
   1.5536709e+06
   1.5544202e+06
   1.5553705e+06
   1.5558797e+06
   1.5564573e+06
   1.5569962e+06
   1.5575132e+06
   1.5580216e+06
   1.6007781e+06
   1.6012861e+06
   1.6018569e+06
   1.6024375e+06
   1.6028898e+06
   1.6034229e+06
   1.6037974e+06
   1.6042082e+06
   1.6045595e+06
   1.6049096e+06
   1.6055494e+06
   1.6060892e+06
   1.6065784e+06
   1.6069762e+06
   1.6075160e+06
   1.6079669e+06
   1.6084492e+06
   1.6087703e+06
   1.6098440e+06
   1.6105144e+06
   1.6109004e+06
   1.6113192e+06
   1.6119744e+06
   1.6124847e+06
   1.6137931e+06
   1.6145629e+06
   1.6156795e+06
   1.6162548e+06
   1.6171464e+06
   1.6174492e+06
   1.6180771e+06
   1.6191441e+06
   1.6195596e+06
   1.6199880e+06
   1.6604078e+06
   1.6609985e+06
   1.6614810e+06
   1.6618809e+06
   1.6628338e+06
   1.6633363e+06
   1.6639656e+06
   1.6676184e+06
   1.6680588e+06
   1.6684168e+06
   1.6689082e+06
   1.6694506e+06
   1.6699876e+06
   1.6705600e+06
   1.6710172e+06
   1.6715122e+06
   1.6721944e+06
   1.6726517e+06
   1.6731744e+06
   1.6735932e+06
   1.6745991e+06
   1.6751094e+06
   1.6754965e+06
   1.6761542e+06
   1.6765614e+06
   1.6770427e+06
   1.6774855e+06
   1.6781211e+06
   1.6786416e+06
   1.6797437e+06
   1.7205406e+06
   1.7220454e+06
   1.7228787e+06
   1.7234026e+06
   1.7241237e+06
   1.7246388e+06
   1.7253077e+06
   1.7257265e+06
   1.7263306e+06
   1.7267662e+06
   1.7274416e+06
   1.7279533e+06
   1.7287206e+06
   1.7291936e+06
   1.7296797e+06
   1.7302616e+06
   1.7309439e+06
   1.7318768e+06
   1.7323122e+06
   1.7337281e+06
   1.7343060e+06
   1.7352727e+06
   1.7358779e+06
   1.7364336e+06
   1.7369040e+06
   1.7373517e+06
   1.7378598e+06
   1.7383073e+06
   1.7388020e+06
   1.7393379e+06
   1.7803535e+06
   1.7808868e+06
   1.7814440e+06
   1.7821599e+06
   1.7829353e+06
   1.7834830e+06
   1.7840271e+06
   1.7847119e+06
   1.7855492e+06
   1.7864045e+06
   1.7875777e+06
   1.7879618e+06
   1.7887488e+06
   1.7892555e+06
   1.7897617e+06
   1.7903677e+06
   1.7907963e+06
   1.7912783e+06
   1.7917854e+06
   1.7924045e+06
   1.7929352e+06
   1.7935932e+06
   1.7946008e+06
   1.7950848e+06
   1.7955801e+06
   1.7962318e+06
   1.7971775e+06
   1.7979129e+06
   1.7985651e+06
   1.7995794e+06
   1.8405092e+06
   1.8410049e+06
   1.8416583e+06
   1.8422376e+06
   1.8426006e+06
   1.8431064e+06
   1.8437058e+06
   1.8445452e+06
   1.8452123e+06
   1.8458688e+06
   1.8466035e+06
   1.8478035e+06
   1.8482828e+06
   1.8489318e+06
   1.8494786e+06
   1.8507157e+06
   1.8509845e+06
   1.8513240e+06
   1.8523941e+06
   1.8531124e+06
   1.8538117e+06
   1.8547862e+06
   1.8553885e+06
   1.8560273e+06
   1.8564179e+06
   1.8568721e+06
   1.8572898e+06
   1.8577265e+06
   1.8582727e+06
   1.8587191e+06
   1.8593550e+06
   1.8598815e+06
   1.9004017e+06
   1.9015425e+06
   1.9020161e+06
   1.9031219e+06
   1.9038472e+06
   1.9046476e+06
   1.9054828e+06
   1.9063515e+06
   1.9075073e+06
   1.9090852e+06
   1.9096170e+06
   1.9099946e+06
   1.9105921e+06
   1.9110607e+06
   1.9118356e+06
   1.9130053e+06
   1.9134989e+06
   1.9146861e+06
   1.9152585e+06
   1.9160385e+06
   1.9164859e+06
   1.9168163e+06
   1.9171985e+06
   1.9175828e+06
   1.9179727e+06
   1.9184653e+06
   1.9190980e+06
   1.9195868e+06
   6.0364679e+04
   6.0768688e+04
   6.1135488e+04
   6.1908994e+04
   6.2334418e+04
   6.2852930e+04
   6.3324216e+04
   6.3734662e+04
   6.4833688e+04
   6.5170501e+04
   6.5917967e+04
   6.6313961e+04
   6.6687336e+04
   6.7528185e+04
   6.7931719e+04
   6.8598817e+04
   6.9134415e+04
   6.9638987e+04
   6.9988584e+04
   7.0574664e+04
   7.0949179e+04
   7.1297629e+04
   7.1556117e+04
   7.2160916e+04
   7.2740232e+04
   7.3345297e+04
   7.3772772e+04
   7.4372450e+04
   7.4703064e+04
   7.5181237e+04
   7.5815623e+04
   7.6258932e+04
   7.6557737e+04
   7.6861039e+04
   7.7154705e+04
   7.7607092e+04
   7.8014943e+04
   7.8503143e+04
   7.9057384e+04
   7.9492580e+04
   7.9906069e+04
   8.0208256e+04
   8.0722931e+04
   8.1147794e+04
   8.1504682e+04
   8.1951832e+04
   8.2406200e+04
   8.2715820e+04
   8.3344814e+04
   8.3842742e+04
   8.4392234e+04
   8.4866353e+04
   8.5206536e+04
   8.5683002e+04
   8.6274522e+04
   8.7011380e+04
   8.7609459e+04
   8.7974914e+04
   8.8366113e+04
   8.8962960e+04
   8.9355052e+04
   8.9730346e+04
   9.0068144e+04
   9.0559071e+04
   9.0987952e+04
   9.1302787e+04
   9.1774679e+04
   9.2317369e+04
   9.3855602e+04
   9.4197076e+04
   9.4672473e+04
   9.5463903e+04
   9.5839381e+04
   9.6261209e+04
   9.6710884e+04
   9.7042085e+04
   9.7446492e+04
   9.7821527e+04
   9.8478864e+04
   9.9023635e+04
   9.9432462e+04
   9.9861618e+04
   1.2061927e+05
   1.2110356e+05
   1.2158473e+05
   1.2196118e+05
   1.2258047e+05
   1.2315259e+05
   1.2401007e+05
   1.2435225e+05
   1.2490076e+05
   1.2522317e+05
   1.2558231e+05
   1.2586747e+05
   1.2628480e+05
   1.2667550e+05
   1.2731595e+05
   1.2766153e+05
   1.2813085e+05
   1.2852711e+05
   1.2917609e+05
   1.2985015e+05
   1.3044489e+05
   1.3110227e+05
   1.3153451e+05
   1.3187509e+05
   1.3241726e+05
   1.3288481e+05
   1.3338117e+05
   1.3398643e+05
   1.3448667e+05
   1.3508563e+05
   1.3573667e+05
   1.3638040e+05
   1.3677915e+05
   1.3726634e+05
   1.3777841e+05
   1.3826808e+05
   1.3902350e+05
   1.3963002e+05
   1.4006158e+05
   1.4040186e+05
   1.4079583e+05
   1.4118613e+05
   1.4182529e+05
   1.4212255e+05
   1.4242482e+05
   1.4282720e+05
   1.4344408e+05
   1.4384438e+05
   1.4450870e+05
   1.4497462e+05
   1.4538312e+05
   1.4591315e+05
   1.4650709e+05
   1.4704257e+05
   1.4741834e+05
   1.4781346e+05
   1.4822006e+05
   1.4880835e+05
   1.4987609e+05
   1.5039520e+05
   1.5101981e+05
   1.5143486e+05
   1.5179951e+05
   1.5233660e+05
   1.5282539e+05
   1.5314507e+05
   1.5350043e+05
   1.5410177e+05
   1.5468039e+05
   1.5502122e+05
   1.5542309e+05
   1.5584117e+05
   1.5684265e+05
   1.5714833e+05
   1.5764030e+05
   1.5812804e+05
   1.5848152e+05
   1.5892150e+05
   1.5935779e+05
   1.8040354e+05
   1.8074410e+05
   1.8130596e+05
   1.8167599e+05
   1.8197345e+05
   1.8234710e+05
   1.8287930e+05
   1.8323216e+05
   1.8462941e+05
   1.8492999e+05
   1.8570847e+05
   1.8629916e+05
   1.8680090e+05
   1.8720284e+05
   1.8761890e+05
   1.8808878e+05
   1.8865203e+05
   1.8909988e+05
   1.8951038e+05
   1.9004764e+05
   1.9054474e+05
   1.9101349e+05
   1.9151671e+05
   1.9184859e+05
   1.9222639e+05
   1.9283044e+05
   1.9335383e+05
   1.9421616e+05
   1.9458234e+05
   1.9506324e+05
   1.9536320e+05
   1.9567291e+05
   1.9603739e+05
   1.9637295e+05
   1.9679601e+05
   1.9717265e+05
   1.9768796e+05
   1.9859434e+05
   1.9891293e+05
   1.9948785e+05
   2.0015885e+05
   2.0067351e+05
   2.0107916e+05
   2.0143046e+05
   2.0185231e+05
   2.0214178e+05
   2.0249449e+05
   2.0294316e+05
   2.0340620e+05
   2.0384140e+05
   2.0415789e+05
   2.0459784e+05
   2.0490026e+05
   2.0526957e+05
   2.0575320e+05
   2.0620085e+05
   2.0653352e+05
   2.0695118e+05
   2.0727736e+05
   2.0763280e+05
   2.0821748e+05
   2.0862625e+05
   2.0908322e+05
   2.0946776e+05
   2.1016080e+05
   2.1062575e+05
   2.1129916e+05
   2.1216362e+05
   2.1295041e+05
   2.1351582e+05
   2.1434328e+05
   2.1492894e+05
   2.1530816e+05
   2.1586592e+05
   2.1648393e+05
   2.1707575e+05
   2.1740643e+05
   2.1780790e+05
   2.1842276e+05
   2.1875026e+05
   2.1923865e+05
   2.1964531e+05
   2.4043515e+05
   2.4550779e+05
   2.4608583e+05
   2.4653364e+05
   2.4702925e+05
   2.4756226e+05
   2.4798230e+05
   2.4851925e+05
   2.4903199e+05
   2.4974891e+05
   2.5045774e+05
   2.5075638e+05
   2.5120408e+05
   2.5180384e+05
   2.5212834e+05
   2.5257833e+05
   2.5311114e+05
   2.5378257e+05
   2.5416152e+05
   2.5452492e+05
   2.5483282e+05
   2.5525190e+05
   2.5580604e+05
   2.5627224e+05
   2.5677276e+05
   2.5722335e+05
   2.5763756e+05
   2.5809019e+05
   2.5854962e+05
   2.5889454e+05
   2.5962339e+05
   2.5995664e+05
   2.6056045e+05
   2.6135554e+05
   2.6166268e+05
   2.6213885e+05
   2.6247847e+05
   2.6286269e+05
   2.6342940e+05
   2.6388875e+05
   2.6421723e+05
   2.6471129e+05
   2.6517069e+05
   2.6559140e+05
   2.6599790e+05
   2.6643804e+05
   2.6688943e+05
   2.6739798e+05
   2.6798019e+05
   2.6835321e+05
   2.6875730e+05
   2.6916530e+05
   2.6953706e+05
   2.7008810e+05
   2.7054760e+05
   2.7097561e+05
   2.7140393e+05
   2.7200535e+05
   2.7279672e+05
   2.7340417e+05
   2.7383978e+05
   2.7428920e+05
   2.7461133e+05
   2.7494219e+05
   2.7594465e+05
   2.7639009e+05
   2.7679613e+05
   2.7730799e+05
   2.7762161e+05
   2.7826547e+05
   2.7851328e+05
   2.7897963e+05
   2.7944376e+05
   2.7987874e+05
   3.0057123e+05
   3.0140134e+05
   3.0183018e+05
   3.0215424e+05
   3.0245130e+05
   3.0283242e+05
   3.0310076e+05
   3.0358100e+05
   3.0395558e+05
   3.0430441e+05
   3.0492159e+05
   3.0545754e+05
   3.0588258e+05
   3.0637075e+05
   3.0698184e+05
   3.0740396e+05
   3.0773305e+05
   3.0809340e+05
   3.0894511e+05
   3.0957491e+05
   3.0999165e+05
   3.1030865e+05
   3.1111773e+05
   3.1153785e+05
   3.1213125e+05
   3.1261710e+05
   3.1313536e+05
   3.1368624e+05
   3.1408303e+05
   3.1455717e+05
   3.1489816e+05
   3.1540210e+05
   3.1602291e+05
   3.1634723e+05
   3.1707021e+05
   3.1773012e+05
   3.1825207e+05
   3.1889010e+05
   3.1917577e+05
   3.1971171e+05
   3.2005139e+05
   3.2048477e+05
   3.2075346e+05
   3.2105384e+05
   3.2159723e+05
   3.2197390e+05
   3.2283688e+05
   3.2322925e+05
   3.2362190e+05
   3.2394001e+05
   3.2432907e+05
   3.2480575e+05
   3.2518016e+05
   3.2569353e+05
   3.2628953e+05
   3.2663598e+05
   3.2709990e+05
   3.2747303e+05
   3.2792660e+05
   3.2888278e+05
   3.2941020e+05
   3.2979487e+05
   3.3129544e+05
   3.3174783e+05
   3.3211676e+05
   3.3257551e+05
   3.3307229e+05
   3.3345377e+05
   3.3377250e+05
   3.3445571e+05
   3.3508019e+05
   3.3556506e+05
   3.3596777e+05
   3.3628425e+05
   3.3668249e+05
   3.3699060e+05
   3.3842525e+05
   3.3895681e+05
   3.3943591e+05
   3.3985833e+05
   3.6042857e+05
   3.6139088e+05
   3.6205981e+05
   3.6272641e+05
   3.6351641e+05
   3.6394190e+05
   3.6446349e+05
   3.6494559e+05
   3.6525478e+05
   3.6587294e+05
   3.6621087e+05
   3.6669678e+05
   3.6710047e+05
   3.6740482e+05
   3.6781051e+05
   3.6816840e+05
   3.6856471e+05
   3.6949700e+05
   3.6994217e+05
   3.7032310e+05
   3.7087039e+05
   3.7126961e+05
   3.7172588e+05
   3.7203460e+05
   3.7242916e+05
   3.7272735e+05
   3.7313962e+05
   3.7356587e+05
   3.7399933e+05
   3.7447283e+05
   3.7489481e+05
   3.7518157e+05
   3.7564686e+05
   3.7610150e+05
   3.7649252e+05
   3.7693085e+05
   3.7737943e+05
   3.7776158e+05
   3.7814617e+05
   3.7841885e+05
   3.7909317e+05
   3.7947353e+05
   3.7985674e+05
   3.8050312e+05
   3.8091769e+05
   3.8131988e+05
   3.8196642e+05
   3.8237083e+05
   3.8276139e+05
   3.8317594e+05
   3.8374812e+05
   3.8412525e+05
   3.8451196e+05
   3.8483929e+05
   3.8540289e+05
   3.8586306e+05
   3.8623686e+05
   3.8669059e+05
   3.8808605e+05
   3.8851436e+05
   3.8906102e+05
   3.8963641e+05
   3.9021629e+05
   3.9093349e+05
   3.9126338e+05
   3.9167055e+05
   3.9239808e+05
   3.9285310e+05
   3.9324100e+05
   3.9373708e+05
   3.9416157e+05
   3.9457434e+05
   3.9509855e+05
   3.9559430e+05
   3.9590191e+05
   3.9657304e+05
   3.9695236e+05
   3.9749692e+05
   3.9792878e+05
   3.9821821e+05
   3.9864468e+05
   3.9918754e+05
   4.2040922e+05
   4.2081778e+05
   4.2123870e+05
   4.2246868e+05
   4.2289258e+05
   4.2360642e+05
   4.2412930e+05
   4.2459243e+05
   4.2510779e+05
   4.2583371e+05
   4.2621540e+05
   4.2690491e+05
   4.2734781e+05
   4.2773705e+05
   4.2831124e+05
   4.2871886e+05
   4.2909576e+05
   4.2982464e+05
   4.3027608e+05
   4.3074142e+05
   4.3112637e+05
   4.3159545e+05
   4.3195773e+05
   4.3255155e+05
   4.3295222e+05
   4.3326490e+05
   4.3378244e+05
   4.3409707e+05
   4.3438532e+05
   4.3478783e+05
   4.3511219e+05
   4.3545260e+05
   4.3587080e+05
   4.3643264e+05
   4.3737404e+05
   4.3780929e+05
   4.3816295e+05
   4.3851753e+05
   4.3888010e+05
   4.3922605e+05
   4.3965762e+05
   4.4000536e+05
   4.4036087e+05
   4.4076543e+05
   4.4116787e+05
   4.4158382e+05
   4.4203235e+05
   4.4250365e+05
   4.4287247e+05
   4.4397327e+05
   4.4432275e+05
   4.4465441e+05
   4.4503863e+05
   4.4552399e+05
   4.4601465e+05
   4.4641445e+05
   4.4687929e+05
   4.4727209e+05
   4.4768053e+05
   4.4808858e+05
   4.4848839e+05
   4.4915208e+05
   4.4952792e+05
   4.5000994e+05
   4.5032043e+05
   4.5136619e+05
   4.5193176e+05
   4.5268439e+05
   4.5324708e+05
   4.5383190e+05
   4.5409168e+05
   4.5494670e+05
   4.5532792e+05
   4.5581012e+05
   4.5645665e+05
   4.5676928e+05
   4.5717639e+05
   4.5760882e+05
   4.5794456e+05
   4.5833535e+05
   4.5875084e+05
   4.5911672e+05
   4.5957500e+05
   4.8038700e+05
   4.8073240e+05
   4.8133328e+05
   4.8169857e+05
   4.8196035e+05
   4.8234563e+05
   4.8361975e+05
   4.8410806e+05
   4.8464173e+05
   4.8504898e+05
   4.8534284e+05
   4.8570322e+05
   4.8616127e+05
   4.8653283e+05
   4.8719707e+05
   4.8759781e+05
   4.8808237e+05
   4.8859601e+05
   4.8941304e+05
   4.9000394e+05
   4.9060928e+05
   4.9093247e+05
   4.9134870e+05
   4.9189849e+05
   4.9231575e+05
   4.9317718e+05
   4.9364270e+05
   4.9412393e+05
   4.9457361e+05
   4.9490762e+05
   4.9529874e+05
   4.9573849e+05
   4.9605893e+05
   4.9637398e+05
   4.9685797e+05
   4.9731462e+05
   4.9767601e+05
   4.9840954e+05
   4.9933962e+05
   4.9966859e+05
   5.0011526e+05
   5.0044569e+05
   5.0096988e+05
   5.0156491e+05
   5.0216821e+05
   5.0247903e+05
   5.0291821e+05
   5.0487123e+05
   5.0521233e+05
   5.0575151e+05
   5.0616901e+05
   5.0681886e+05
   5.0719870e+05
   5.0778956e+05
   5.0818911e+05
   5.0885782e+05
   5.0927849e+05
   5.0974267e+05
   5.1034235e+05
   5.1073305e+05
   5.1123227e+05
   5.1224488e+05
   5.1268470e+05
   5.1301181e+05
   5.1351619e+05
   5.1409191e+05
   5.1452527e+05
   5.1486899e+05
   5.1516521e+05
   5.1579100e+05
   5.1623843e+05
   5.1668358e+05
   5.1745369e+05
   5.1778909e+05
   5.1824991e+05
   5.1874464e+05
   5.1935600e+05
   5.1972416e+05
   5.4035395e+05
   5.4089668e+05
   5.4131940e+05
   5.4172902e+05
   5.4224190e+05
   5.4262889e+05
   5.4302494e+05
   5.4336934e+05
   5.4423771e+05
   5.4454662e+05
   5.4565892e+05
   5.4624721e+05
   5.4659224e+05
   5.4690910e+05
   5.4738165e+05
   5.4772385e+05
   5.4818344e+05
   5.4857307e+05
   5.4914690e+05
   5.4953270e+05
   5.4994301e+05
   5.5030690e+05
   5.5104672e+05
   5.5161612e+05
   5.5194632e+05
   5.5257806e+05
   5.5297652e+05
   5.5328400e+05
   5.5373516e+05
   5.5436522e+05
   5.5495570e+05
   5.5540709e+05
   5.5574935e+05
   5.5616525e+05
   5.5656752e+05
   5.5723994e+05
   5.5794056e+05
   5.5834391e+05
   5.5891874e+05
   5.5991203e+05
   5.6040469e+05
   5.6078572e+05
   5.6119680e+05
   5.6199453e+05
   5.6245066e+05
   5.6303180e+05
   5.6340326e+05
   5.6386206e+05
   5.6426165e+05
   5.6487592e+05
   5.6526921e+05
   5.6574002e+05
   5.6607168e+05
   5.6645483e+05
   5.6698478e+05
   5.6735165e+05
   5.6768920e+05
   5.6809706e+05
   5.6843793e+05
   5.6884441e+05
   5.6917856e+05
   5.6959292e+05
   5.6992983e+05
   5.7053995e+05
   5.7083901e+05
   5.7134135e+05
   5.7175913e+05
   5.7236794e+05
   5.7275152e+05
   5.7355836e+05
   5.7403730e+05
   5.7445234e+05
   5.7484721e+05
   5.7526646e+05
   5.7623407e+05
   5.7671801e+05
   5.7699860e+05
   5.7745526e+05
   5.7801119e+05
   5.7838259e+05
   5.7877872e+05
   5.7930580e+05
   5.7966085e+05
   7.8053937e+05
   7.8105670e+05
   7.8176250e+05
   7.8318260e+05
   7.8357480e+05
   7.8441477e+05
   7.8635369e+05
   7.8746351e+05
   7.8809301e+05
   7.8856124e+05
   7.8921368e+05
   7.8967626e+05
   7.9021996e+05
   7.9068705e+05
   7.9130797e+05
   7.9188686e+05
   7.9266579e+05
   7.9305097e+05
   7.9334813e+05
   7.9422012e+05
   7.9473812e+05
   7.9515342e+05
   7.9586890e+05
   7.9664722e+05
   7.9698995e+05
   7.9838341e+05
   7.9874193e+05
   7.9961490e+05
   7.9994674e+05
   8.0029979e+05
   8.0071833e+05
   8.0151775e+05
   8.0251296e+05
   8.0298080e+05
   8.0326949e+05
   8.0452767e+05
   8.0502415e+05
   8.0545394e+05
   8.0616906e+05
   8.0680601e+05
   8.0721757e+05
   8.0799877e+05
   8.0869422e+05
   8.0907394e+05
   8.0988806e+05
   8.1167572e+05
   8.1212564e+05
   8.1278304e+05
   8.1335147e+05
   8.1403020e+05
   8.1561525e+05
   8.1641607e+05
   8.1826145e+05
   8.1879929e+05
   8.1943353e+05
   8.1991577e+05
   8.4055352e+05
   8.4165431e+05
   8.4259717e+05
   8.4457878e+05
   8.4783259e+05
   8.4853408e+05
   8.4885285e+05
   8.4941712e+05
   8.5017797e+05
   8.5061571e+05
   8.5439093e+05
   8.5495297e+05
   8.5571136e+05
   8.5610069e+05
   8.5683602e+05
   8.5731765e+05
   8.5789279e+05
   8.5838794e+05
   8.5898929e+05
   8.6199440e+05
   8.6286675e+05
   8.6345274e+05
   8.6417770e+05
   8.6517959e+05
   8.6691515e+05
   8.6749627e+05
   8.6849029e+05
   8.6938323e+05
   8.7009477e+05
   8.7064400e+05
   8.7139218e+05
   8.7203333e+05
   8.7251539e+05
   8.7283874e+05
   8.7362551e+05
   8.7408914e+05
   8.7512370e+05
   8.7550246e+05
   8.7688671e+05
   8.7761502e+05
   8.7842932e+05
   8.7925520e+05
   8.7998576e+05
   9.0053955e+05
   9.0105783e+05
   9.0232262e+05
   9.0311802e+05
   9.0516313e+05
   9.0587925e+05
   9.0626287e+05
   9.0699516e+05
   9.0765180e+05
   9.0802178e+05
   9.0841364e+05
   9.0894590e+05
   9.0939642e+05
   9.1045875e+05
   9.1138690e+05
   9.1195635e+05
   9.1274860e+05
   9.1316523e+05
   9.1428926e+05
   9.1523333e+05
   9.1580948e+05
   9.1626312e+05
   9.1732376e+05
   9.1820875e+05
   9.1872045e+05
   9.1931717e+05
   9.1983726e+05
   9.2051206e+05
   9.2140133e+05
   9.2184952e+05
   9.2251079e+05
   9.2300340e+05
   9.2349037e+05
   9.2407067e+05
   9.2498410e+05
   9.2882509e+05
   9.2987722e+05
   9.3042906e+05
   9.3118976e+05
   9.3173759e+05
   9.3229750e+05
   9.3300803e+05
   9.3344464e+05
   9.3395443e+05
   9.3435986e+05
   9.3505387e+05
   9.3605569e+05
   9.3669743e+05
   9.3731225e+05
   9.3774054e+05
   9.3916732e+05
   9.6060871e+05
   9.6174489e+05
   9.6237292e+05
   9.6293578e+05
   9.6410463e+05
   9.6460995e+05
   9.6512089e+05
   9.6593403e+05
   9.6657849e+05
   9.6710468e+05
   9.6791269e+05
   9.6849204e+05
   9.6914562e+05
   9.6963933e+05
   9.7019821e+05
   9.7064506e+05
   9.7108569e+05
   9.7180080e+05
   9.7295847e+05
   9.7382180e+05
   9.7474932e+05
   9.7524801e+05
   9.7577794e+05
   9.7618297e+05
   9.7659882e+05
   9.7760626e+05
   9.7887568e+05
   9.7947313e+05
   9.8033146e+05
   9.8109872e+05
   9.8155091e+05
   9.8232162e+05
   9.8301922e+05
   9.8346515e+05
   9.8421638e+05
   9.8460795e+05
   9.8511538e+05
   9.8565335e+05
   9.8635778e+05
   9.8698634e+05
   9.8767219e+05
   9.8864768e+05
   9.8909036e+05
   9.8978073e+05
   9.9021843e+05
   9.9066138e+05
   9.9148101e+05
   9.9265840e+05
   9.9331949e+05
   9.9395577e+05
   9.9467321e+05
   9.9509817e+05
   9.9544272e+05
   9.9581548e+05
   9.9629195e+05
   9.9733194e+05
   9.9773986e+05
   9.9835654e+05
   9.9924948e+05
   1.0206627e+06
   1.0219761e+06
   1.0227422e+06
   1.0231774e+06
   1.0235734e+06
   1.0242976e+06
   1.0247504e+06
   1.0251775e+06
   1.0255837e+06
   1.0274835e+06
   1.0281257e+06
   1.0287051e+06
   1.0291641e+06
   1.0309387e+06
   1.0314373e+06
   1.0319606e+06
   1.0326113e+06
   1.0345846e+06
   1.0352457e+06
   1.0363375e+06
   1.0370586e+06
   1.0376045e+06
   1.0381706e+06
   1.0388214e+06
   1.0396024e+06
   1.0400211e+06
   1.0405202e+06
   1.0411133e+06
   1.0416274e+06
   1.0419930e+06
   1.0423877e+06
   1.0431070e+06
   1.0435947e+06
   1.0443932e+06
   1.0448305e+06
   1.0470643e+06
   1.0475853e+06
   1.0481326e+06
   1.0486761e+06
   1.0492322e+06
   1.0500233e+06
   1.0506364e+06
   1.0511335e+06
   1.0515193e+06
   1.0521025e+06
   1.0527217e+06
   1.0533566e+06
   1.0538758e+06
   1.0544445e+06
   1.0550350e+06
   1.0559385e+06
   1.0565947e+06
   1.0570127e+06
   1.0576044e+06
   1.0583353e+06
   1.0589768e+06
   1.0599781e+06
   1.0807567e+06
   1.0816308e+06
   1.0824724e+06
   1.0829801e+06
   1.0838242e+06
   1.0858710e+06
   1.0873340e+06
   1.0878823e+06
   1.0887240e+06
   1.0891265e+06
   1.0898304e+06
   1.0908197e+06
   1.0914601e+06
   1.0926037e+06
   1.0930340e+06
   1.0937755e+06
   1.0942765e+06
   1.0951849e+06
   1.0963754e+06
   1.0975532e+06
   1.0978815e+06
   1.1001846e+06
   1.1013464e+06
   1.1026296e+06
   1.1032877e+06
   1.1038862e+06
   1.1042961e+06
   1.1051050e+06
   1.1062750e+06
   1.1069035e+06
   1.1074472e+06
   1.1080454e+06
   1.1091400e+06
   1.1099455e+06
   1.1131455e+06
   1.1136892e+06
   1.1142346e+06
   1.1147182e+06
   1.1152084e+06
   1.1158539e+06
   1.1163441e+06
   1.1169221e+06
   1.1176337e+06
   1.1189637e+06
   1.1194286e+06
   1.1410482e+06
   1.1416874e+06
   1.1424210e+06
   1.1430584e+06
   1.1438336e+06
   1.1443524e+06
   1.1449252e+06
   1.1454593e+06
   1.1459557e+06
   1.1473083e+06
   1.1480139e+06
   1.1485455e+06
   1.1765863e+06
   1.1770308e+06
   1.1776743e+06
   1.1786109e+06
   1.1793714e+06
   1.1799531e+06
   1.2007921e+06
   1.2015659e+06
   1.2020586e+06
   1.2024266e+06
   1.2028220e+06
   1.2037459e+06
   1.2043255e+06
   1.2048514e+06
   1.2055415e+06
   1.2062769e+06
   1.2069977e+06
   1.2075208e+06
   1.2080098e+06
   1.2085872e+06
   1.2092697e+06
   1.2099894e+06
   1.2106089e+06
   1.2111680e+06
   1.2116162e+06
   1.2120740e+06
   1.2126021e+06
   1.2130957e+06
   1.2134526e+06
   1.2144862e+06
   1.2149925e+06
   1.2156112e+06
   1.2163451e+06
   1.2168509e+06
   1.2174401e+06
   1.2182025e+06
   1.2185093e+06
   1.2190448e+06
   1.2198984e+06
   1.2210372e+06
   1.2227174e+06
   1.2233604e+06
   1.2241123e+06
   1.2257760e+06
   1.2264676e+06
   1.2270882e+06
   1.2277821e+06
   1.2285011e+06
   1.2289976e+06
   1.2294812e+06
   1.2299345e+06
   1.2306158e+06
   1.2310005e+06
   1.2313309e+06
   1.2317742e+06
   1.2322442e+06
   1.2329912e+06
   1.2334306e+06
   1.2337574e+06
   1.2343387e+06
   1.2349833e+06
   1.2377486e+06
   1.2382822e+06
   1.2389361e+06
   1.2395016e+06
   1.2604628e+06
   1.2612585e+06
   1.2615280e+06
   1.2621984e+06
   1.2626877e+06
   1.2630729e+06
   1.2637729e+06
   1.2642202e+06
   1.2646791e+06
   1.2653191e+06
   1.2657910e+06
   1.2663232e+06
   1.2666964e+06
   1.2679798e+06
   1.2688302e+06
   1.2693538e+06
   1.2699410e+06
   1.2704069e+06
   1.2708564e+06
   1.2714020e+06
   1.2718954e+06
   1.2724027e+06
   1.2727853e+06
   1.2732974e+06
   1.2736493e+06
   1.2745328e+06
   1.2749178e+06
   1.2756393e+06
   1.2763595e+06
   1.2772199e+06
   1.2775431e+06
   1.2780653e+06
   1.2789896e+06
   1.2795257e+06
   1.2800321e+06
   1.2805041e+06
   1.2810376e+06
   1.2821522e+06
   1.2831316e+06
   1.2839468e+06
   1.2889165e+06
   1.2901587e+06
   1.2906935e+06
   1.2911492e+06
   1.2931448e+06
   1.2938429e+06
   1.2946295e+06
   1.2949161e+06
   1.2953474e+06
   1.2958899e+06
   1.2964744e+06
   1.2969124e+06
   1.2974894e+06
   1.2982460e+06
   1.2986703e+06
   1.2994776e+06
   1.3207968e+06
   1.3213956e+06
   1.3219503e+06
   1.3225311e+06
   1.3231007e+06
   1.3242664e+06
   1.3252696e+06
   1.3263091e+06
   1.3293805e+06
   1.3302632e+06
   1.3306482e+06
   1.3314281e+06
   1.3324935e+06
   1.3329406e+06
   1.3333527e+06
   1.3339666e+06
   1.3345682e+06
   1.3354008e+06
   1.3364186e+06
   1.3370468e+06
   1.3383101e+06
   1.3387607e+06
   1.3397059e+06
   1.3403023e+06
   1.3410182e+06
   1.3415189e+06
   1.3420089e+06
   1.3435920e+06
   1.3442199e+06
   1.3446668e+06
   1.3462424e+06
   1.3467743e+06
   1.3470815e+06
   1.3477593e+06
   1.3481497e+06
   1.3488414e+06
   1.3495174e+06
   1.3503303e+06
   1.3507509e+06
   1.3512835e+06
   1.3517995e+06
   1.3522867e+06
   1.3527737e+06
   1.3532520e+06
   1.3538372e+06
   1.3544412e+06
   1.3549861e+06
   1.3554086e+06
   1.3563418e+06
   1.3571283e+06
   1.3587481e+06
   1.3595196e+06
   1.3807674e+06
   1.3815258e+06
   1.3820042e+06
   1.3823879e+06
   1.3828258e+06
   1.3843197e+06
   1.3847440e+06
   1.3852413e+06
   1.3856331e+06
   1.3861821e+06
   1.3869662e+06
   1.3875020e+06
   1.3882453e+06
   1.3887650e+06
   1.3895839e+06
   1.3900765e+06
   1.3917615e+06
   1.3921451e+06
   1.3926458e+06
   1.3933369e+06
   1.3940604e+06
   1.3947277e+06
   1.3955303e+06
   1.3960593e+06
   1.3978388e+06
   1.3983069e+06
   1.3988054e+06
   1.3994039e+06
   1.3998191e+06
   1.4002226e+06
   1.4007646e+06
   1.4013661e+06
   1.4021161e+06
   1.4026677e+06
   1.4032141e+06
   1.4037291e+06
   1.4043600e+06
   1.4059664e+06
   1.4068348e+06
   1.4075632e+06
   1.4083628e+06
   1.4088715e+06
   1.4093025e+06
   1.4097400e+06
   1.4102307e+06
   1.4106992e+06
   1.4112697e+06
   1.4120744e+06
   1.4133686e+06
   1.4137144e+06
   1.4145220e+06
   1.4148464e+06
   1.4154745e+06
   1.4159099e+06
   1.4169638e+06
   1.4175523e+06
   1.4181502e+06
   1.4186991e+06
   1.4191515e+06
   1.4194611e+06
   1.4405496e+06
   1.4413263e+06
   1.4419741e+06
   1.4429025e+06
   1.4434140e+06
   1.4438551e+06
   1.4446256e+06
   1.4453457e+06
   1.4467863e+06
   1.4473633e+06
   1.4483425e+06
   1.4487603e+06
   1.4495858e+06
   1.4515904e+06
   1.4520831e+06
   1.4528562e+06
   1.4536151e+06
   1.4545389e+06
   1.4554106e+06
   1.4563782e+06
   1.4570265e+06
   1.4577834e+06
   1.4582879e+06
   1.4589044e+06
   1.4593085e+06
   1.4602597e+06
   1.4607558e+06
   1.4611510e+06
   1.4621324e+06
   1.4646030e+06
   1.4652262e+06
   1.4658486e+06
   1.4663510e+06
   1.4667886e+06
   1.4673613e+06
   1.4679687e+06
   1.4685808e+06
   1.4690730e+06
   1.4699704e+06
   1.4704072e+06
   1.4712468e+06
   1.4718101e+06
   1.4730653e+06
   1.4735642e+06
   1.4742432e+06
   1.4764014e+06
   1.4771672e+06
   1.4777564e+06
   1.4793867e+06
   1.4799623e+06
   1.5003694e+06
   1.5013192e+06
   1.5019439e+06
   1.5024075e+06
   1.5027115e+06
   1.5030841e+06
   1.5039471e+06
   1.5077009e+06
   1.5082678e+06
   1.5094017e+06
   1.5100251e+06
   1.5106114e+06
   1.5110123e+06
   1.5117519e+06
   1.5123879e+06
   1.5129508e+06
   1.5134847e+06
   1.5141003e+06
   1.5149298e+06
   1.5156421e+06
   1.5164136e+06
   1.5174433e+06
   1.5178702e+06
   1.5184949e+06
   1.5196293e+06
   1.5201011e+06
   1.5208681e+06
   1.5280598e+06
   1.5287122e+06
   1.5292111e+06
   1.5311237e+06
   1.5317229e+06
   1.5320138e+06
   1.5326463e+06
   1.5332551e+06
   1.5345042e+06
   1.5351188e+06
   1.5357071e+06
   1.5363361e+06
   1.5366662e+06
   1.5373498e+06
   1.5379303e+06
   1.5387412e+06
   1.5627204e+06
   1.5630397e+06
   1.5635974e+06
   1.5640360e+06
   1.5643558e+06
   1.5651276e+06
   1.5656392e+06
   1.5662287e+06
   1.5672867e+06
   1.5677473e+06
   1.5682798e+06
   1.5687715e+06
   1.5697660e+06
   1.5706460e+06
   1.5712647e+06
   1.5725615e+06
   1.5736368e+06
   1.5744581e+06
   1.5754749e+06
   1.5760867e+06
   1.5767154e+06
   1.5772052e+06
   1.5777530e+06
   1.5780766e+06
   1.5787571e+06
   1.5791886e+06
   1.5799385e+06
   1.5807944e+06
   1.5816950e+06
   1.5825771e+06
   1.5830609e+06
   1.5839214e+06
   1.5851586e+06
   1.5855895e+06
   1.5868703e+06
   1.5872949e+06
   1.5883280e+06
   1.5890256e+06
   1.5895662e+06
   1.5900403e+06
   1.5906641e+06
   1.5912036e+06
   1.5916725e+06
   1.5923347e+06
   1.5930663e+06
   1.5943124e+06
   1.5955529e+06
   1.5969618e+06
   1.5976524e+06
   1.5985021e+06
   1.5995943e+06
   1.6208091e+06
   1.6212647e+06
   1.6218273e+06
   1.6230171e+06
   1.6239738e+06
   1.6250132e+06
   1.6255946e+06
   1.6260815e+06
   1.6271200e+06
   1.6274972e+06
   1.6282135e+06
   1.6290315e+06
   1.6298925e+06
   1.6337554e+06
   1.6349330e+06
   1.6354637e+06
   1.6358213e+06
   1.6364224e+06
   1.6369937e+06
   1.6380336e+06
   1.6384717e+06
   1.6395638e+06
   1.6401131e+06
   1.6415160e+06
   1.6433104e+06
   1.6440129e+06
   1.6452679e+06
   1.6459301e+06
   1.6463549e+06
   1.6468301e+06
   1.6475393e+06
   1.6484114e+06
   1.6491587e+06
   1.6505908e+06
   1.6511566e+06
   1.6520937e+06
   1.6528374e+06
   1.6533236e+06
   1.6540893e+06
   1.6544218e+06
   1.6548590e+06
   1.6556509e+06
   1.6561098e+06
   1.6566369e+06
   1.6572882e+06
   1.6576228e+06
   1.6582804e+06
   1.6588014e+06
   1.6593443e+06
   1.6597720e+06
   1.6814286e+06
   1.6821785e+06
   1.6826124e+06
   1.6830809e+06
   1.6835546e+06
   1.6845544e+06
   1.6851938e+06
   1.6856068e+06
   1.6864316e+06
   1.6875245e+06
   1.6881256e+06
   1.6887448e+06
   1.6895484e+06
   1.6909047e+06
   1.6914395e+06
   1.6919820e+06
   1.6925607e+06
   1.6930269e+06
   1.6936181e+06
   1.6945570e+06
   1.6953816e+06
   1.6960202e+06
   1.6965117e+06
   1.6975171e+06
   1.6982570e+06
   1.6989538e+06
   1.6995914e+06
   1.7002236e+06
   1.7009025e+06
   1.7016311e+06
   1.7022892e+06
   1.7028734e+06
   1.7033525e+06
   1.7038467e+06
   1.7043971e+06
   1.7048141e+06
   1.7056095e+06
   1.7062705e+06
   1.7067873e+06
   1.7072389e+06
   1.7078322e+06
   1.7086912e+06
   1.7099272e+06
   1.7103651e+06
   1.7110189e+06
   1.7116005e+06
   1.7124846e+06
   1.7129070e+06
   1.7134496e+06
   1.7140631e+06
   1.7146709e+06
   1.7151675e+06
   1.7156426e+06
   1.7162061e+06
   1.7166491e+06
   1.7174629e+06
   1.7416333e+06
   1.7425133e+06
   1.7429516e+06
   1.7473277e+06
   1.7478710e+06
   1.7486818e+06
   1.7501719e+06
   1.7506100e+06
   1.7510200e+06
   1.7526379e+06
   1.7531023e+06
   1.7535947e+06
   1.7543110e+06
   1.7549986e+06
   1.7559619e+06
   1.7565517e+06
   1.7569304e+06
   1.7575057e+06
   1.7583653e+06
   1.7590581e+06
   1.7601526e+06
   1.7610782e+06
   1.7616959e+06
   1.7624860e+06
   1.7629531e+06
   1.7634288e+06
   1.7639547e+06
   1.7643901e+06
   1.7647568e+06
   1.7653803e+06
   1.7664319e+06
   1.7669829e+06
   1.7676836e+06
   1.7680643e+06
   1.7685164e+06
   1.7691391e+06
   1.7698075e+06
   1.7702224e+06
   1.7708250e+06
   1.7712360e+06
   1.7725576e+06
   1.7733151e+06
   1.7743425e+06
   1.7750289e+06
   1.7755111e+06
   1.7760190e+06
   1.7766845e+06
   1.7772981e+06
   1.7777313e+06
   1.7784048e+06
   1.7791730e+06
   1.7796605e+06
   1.8004846e+06
   1.8017816e+06
   1.8022448e+06
   1.8026263e+06
   1.8039139e+06
   1.8042998e+06
   1.8048408e+06
   1.8055061e+06
   1.8060629e+06
   1.8065889e+06
   1.8070937e+06
   1.8075738e+06
   1.8081644e+06
   1.8088174e+06
   1.8096134e+06
   1.8100006e+06
   1.8114731e+06
   1.8121122e+06
   1.8125817e+06
   1.8131359e+06
   1.8138128e+06
   1.8145309e+06
   1.8149945e+06
   1.8155300e+06
   1.8162805e+06
   1.8168169e+06
   1.8177216e+06
   1.8189632e+06
   1.8196140e+06
   1.8200612e+06
   1.8207030e+06
   1.8212302e+06
   1.8222405e+06
   1.8230873e+06
   1.8238137e+06
   1.8242792e+06
   1.8259985e+06
   1.8275665e+06
   1.8280905e+06
   1.8285738e+06
   1.8293767e+06
   1.8306366e+06
   1.8315164e+06
   1.8319600e+06
   1.8326934e+06
   1.8347892e+06
   1.8355172e+06
   1.8363571e+06
   1.8372471e+06
   1.8377049e+06
   1.8385799e+06
   1.8389886e+06
   1.8397658e+06
   1.8607281e+06
   1.8611588e+06
   1.8618003e+06
   1.8622391e+06
   1.8630323e+06
   1.8634517e+06
   1.8639796e+06
   1.8652068e+06
   1.8660069e+06
   1.8667246e+06
   1.8677012e+06
   1.8682008e+06
   1.8697745e+06
   1.8702286e+06
   1.8709397e+06
   1.8718855e+06
   1.8726780e+06
   1.8732909e+06
   1.8745539e+06
   1.8751523e+06
   1.8756261e+06
   1.8760535e+06
   1.8764976e+06
   1.8770620e+06
   1.8777189e+06
   1.8782839e+06
   1.8791715e+06
   1.8797518e+06
   1.8806652e+06
   1.8811143e+06
   1.8815540e+06
   1.8844231e+06
   1.8849499e+06
   1.8856600e+06
   1.8863858e+06
   1.8877366e+06
   1.8882729e+06
   1.8890328e+06
   1.8896321e+06
   1.8901585e+06
   1.8905744e+06
   1.8909963e+06
   1.8917329e+06
   1.8922249e+06
   1.8926709e+06
   1.8932110e+06
   1.8940147e+06
   1.8945022e+06
   1.8973317e+06
   1.8986509e+06
   1.8993283e+06
   1.8998151e+06
   1.8890207e+06
   1.8895957e+06
   1.8903365e+06
   1.8914307e+06
   1.8921429e+06
   1.8927072e+06
   1.8933297e+06
   1.8942782e+06
   1.8949968e+06
   1.8955122e+06
   1.8959932e+06
   1.8969027e+06
   1.8978196e+06
   1.8988696e+06
   1.8081400e+06
   1.8085712e+06
   1.8091980e+06
   1.8097577e+06
   1.8102149e+06
   1.8130718e+06
   1.8151938e+06
   1.8160571e+06
   1.8170191e+06
   1.8176945e+06
   1.8182239e+06
   1.8195566e+06
   1.8201436e+06
   1.8208439e+06
   1.8213978e+06
   1.8222329e+06
   1.8229538e+06
   1.8239904e+06
   1.8263260e+06
   1.8272769e+06
   1.8285654e+06
   1.8290414e+06
   1.8298732e+06
   1.8304124e+06
   1.8309360e+06
   1.8314482e+06
   1.8321936e+06
   1.8327532e+06
   1.8333818e+06
   1.8339694e+06
   1.8348285e+06
   1.8353830e+06
   1.8360929e+06
   1.8366626e+06
   1.8376763e+06
   1.8382239e+06
   1.8386635e+06
   1.8393562e+06
   1.8605398e+06
   1.8609554e+06
   1.8640707e+06
   1.8647659e+06
   1.8658202e+06
   1.8662317e+06
   1.8668252e+06
   1.8672624e+06
   1.8677315e+06
   1.8685265e+06
   1.8689446e+06
   1.8702398e+06
   1.8705838e+06
   1.8711193e+06
   1.8717929e+06
   1.8725478e+06
   1.8729742e+06
   1.8735226e+06
   1.8741210e+06
   1.8744385e+06
   1.8750353e+06
   1.8763075e+06
   1.8766699e+06
   1.8770360e+06
   1.8775413e+06
   1.8780457e+06
   1.8785519e+06
   1.8808540e+06
   1.8818601e+06
   1.8826243e+06
   1.8831007e+06
   1.8834758e+06
   1.8839210e+06
   1.8847424e+06
   1.8852931e+06
   1.8857855e+06
   1.8864510e+06
   1.8871751e+06
   1.8875430e+06
   1.8879769e+06
   1.8894303e+06
   1.8900108e+06
   1.8913229e+06
   1.8922356e+06
   1.8928438e+06
   1.8944812e+06
   1.8954863e+06
   1.8960797e+06
   1.8965892e+06
   1.8973614e+06
   1.8980533e+06
   1.8985445e+06
   1.8999216e+06
