   6.3921091e+02
   1.2130633e+03
   1.5298558e+03
   1.8976764e+03
   2.1657949e+03
   2.8059914e+03
   3.2650824e+03
   3.6532911e+03
   4.1120606e+03
   4.5913135e+03
   5.0434901e+03
   5.3915552e+03
   5.7411461e+03
   6.5217083e+03
   6.8814616e+03
   7.2793836e+03
   7.5533627e+03
   7.9316039e+03
   8.2063806e+03
   8.5921300e+03
   9.1852076e+03
   9.6588585e+03
   1.0042495e+04
   1.0324695e+04
   1.0805609e+04
   1.1439887e+04
   1.1717263e+04
   1.2141788e+04
   1.2827232e+04
   1.3205637e+04
   1.3853017e+04
   1.4482919e+04
   1.4957863e+04
   1.5366924e+04
   1.5736042e+04
   1.6442335e+04
   1.6846168e+04
   1.7307348e+04
   1.7710875e+04
   1.8113725e+04
   1.8639536e+04
   1.9047710e+04
   1.9553015e+04
   1.9996840e+04
   2.0615394e+04
   2.1033763e+04
   2.1447816e+04
   2.1841076e+04
   2.2222745e+04
   2.3042734e+04
   2.3504027e+04
   2.3881506e+04
   2.4376962e+04
   2.4991041e+04
   2.5561912e+04
   2.5964137e+04
   2.6427971e+04
   2.7112961e+04
   2.7541264e+04
   2.7988837e+04
   2.8729130e+04
   2.9093419e+04
   2.9511675e+04
   3.0082876e+04
   3.0396204e+04
   3.0897303e+04
   3.1233048e+04
   3.2539354e+04
   3.2903227e+04
   3.3300819e+04
   3.3890497e+04
   3.4363051e+04
   3.5166332e+04
   3.5930007e+04
   3.6390864e+04
   3.6885212e+04
   3.7139298e+04
   3.7498402e+04
   3.7871468e+04
   3.8369987e+04
   3.9051212e+04
   3.9516442e+04
   3.9924341e+04
   4.0392910e+04
   4.0221818e+04
   4.0619480e+04
   4.0935227e+04
   4.1351457e+04
   4.1668830e+04
   4.2035263e+04
   4.2481750e+04
   4.2916850e+04
   4.3297254e+04
   4.3659530e+04
   4.4089136e+04
   4.4383121e+04
   4.4676712e+04
   4.5376511e+04
   4.5684353e+04
   4.5954244e+04
   4.6554373e+04
   4.6849523e+04
   4.7302709e+04
   4.7677421e+04
   4.8220656e+04
   4.8584983e+04
   4.9136702e+04
   4.9467329e+04
   4.9794882e+04
   5.0207032e+04
   5.0615904e+04
   5.1368374e+04
   5.1710318e+04
   5.2117905e+04
   5.2400368e+04
   5.2866059e+04
   5.3273730e+04
   5.3504462e+04
   5.3886556e+04
   5.4278471e+04
   5.4844939e+04
   5.5146065e+04
   5.5575156e+04
   5.6042804e+04
   5.6343904e+04
   5.6665247e+04
   5.7084513e+04
   5.7508825e+04
   5.7973365e+04
   5.8526442e+04
   5.9011971e+04
   5.9469008e+04
   5.9820673e+04
   1.0035390e+05
   1.0094858e+05
   1.0134149e+05
   1.0181051e+05
   1.0236793e+05
   1.0270280e+05
   1.0326133e+05
   1.0359209e+05
   1.0393284e+05
   1.0468756e+05
   1.0529112e+05
   1.0580812e+05
   1.0623982e+05
   1.0662369e+05
   1.0725150e+05
   1.0750225e+05
   1.0782502e+05
   1.0814752e+05
   1.0853749e+05
   1.0889203e+05
   1.0930657e+05
   1.0995618e+05
   1.1034368e+05
   1.1083508e+05
   1.1121322e+05
   1.1164378e+05
   1.1190781e+05
   1.1240228e+05
   1.1282598e+05
   1.1334653e+05
   1.1369432e+05
   1.1421897e+05
   1.1460494e+05
   1.1505447e+05
   1.1549654e+05
   1.1598535e+05
   1.1623703e+05
   1.1654677e+05
   1.1715460e+05
   1.1749566e+05
   1.1794150e+05
   1.1827974e+05
   1.1867069e+05
   1.1895402e+05
   1.1936342e+05
   1.1992131e+05
   1.6013148e+05
   1.6051225e+05
   1.6082252e+05
   1.6142805e+05
   1.6194159e+05
   1.6233027e+05
   1.6286175e+05
   1.6351707e+05
   1.6396116e+05
   1.6440142e+05
   1.6505865e+05
   1.6554703e+05
   1.6645563e+05
   1.6682093e+05
   1.6762277e+05
   1.6794673e+05
   1.6847686e+05
   1.6886768e+05
   1.6919202e+05
   1.6944323e+05
   1.6993431e+05
   1.7040702e+05
   1.7106750e+05
   1.7156098e+05
   1.7214239e+05
   1.7252044e+05
   1.7290403e+05
   1.7377523e+05
   1.7425618e+05
   1.7465902e+05
   1.7498309e+05
   1.7534552e+05
   1.7575210e+05
   1.7617335e+05
   1.7656793e+05
   1.7698330e+05
   1.7735616e+05
   1.7777032e+05
   1.7834853e+05
   1.7864768e+05
   1.7919566e+05
   1.7947285e+05
   1.7983428e+05
   2.2030036e+05
   2.2069194e+05
   2.2142046e+05
   2.2178311e+05
   2.2215781e+05
   2.2254678e+05
   2.2301600e+05
   2.2329445e+05
   2.2362025e+05
   2.2431924e+05
   2.2464265e+05
   2.2510183e+05
   2.2553825e+05
   2.2608730e+05
   2.2651671e+05
   2.2686278e+05
   2.2771400e+05
   2.2817242e+05
   2.2848303e+05
   2.2887302e+05
   2.2921846e+05
   2.2963919e+05
   2.3010275e+05
   2.3095259e+05
   2.3128673e+05
   2.3173531e+05
   2.3220981e+05
   2.3294819e+05
   2.3342019e+05
   2.3393444e+05
   2.3412335e+05
   2.3457761e+05
   2.3504730e+05
   2.3558769e+05
   2.3609124e+05
   2.3641392e+05
   2.3675515e+05
   2.3743997e+05
   2.3807693e+05
   2.3834091e+05
   2.3903815e+05
   2.3965681e+05
   2.8015609e+05
   2.8071577e+05
   2.8107584e+05
   2.8145053e+05
   2.8177827e+05
   2.8234500e+05
   2.8297307e+05
   2.8349131e+05
   2.8392913e+05
   2.8428257e+05
   2.8510498e+05
   2.8546584e+05
   2.8594474e+05
   2.8630450e+05
   2.8678126e+05
   2.8731823e+05
   2.8769669e+05
   2.8814220e+05
   2.8865357e+05
   2.8901460e+05
   2.8934026e+05
   2.8967610e+05
   2.9005693e+05
   2.9048302e+05
   2.9082819e+05
   2.9130475e+05
   2.9186277e+05
   2.9235493e+05
   2.9275530e+05
   2.9316504e+05
   2.9363522e+05
   2.9423983e+05
   2.9469243e+05
   2.9504676e+05
   2.9546670e+05
   2.9592241e+05
   2.9623063e+05
   2.9651854e+05
   2.9693225e+05
   2.9753427e+05
   2.9786732e+05
   2.9823825e+05
   2.9859494e+05
   2.9935888e+05
   2.9966996e+05
   3.4036665e+05
   3.4104001e+05
   3.4155401e+05
   3.4196229e+05
   3.4233161e+05
   3.4292512e+05
   3.4326445e+05
   3.4360010e+05
   3.4406140e+05
   3.4445121e+05
   3.4488926e+05
   3.4519612e+05
   3.4557753e+05
   3.4587371e+05
   3.4635066e+05
   3.4684844e+05
   3.4754256e+05
   3.4808529e+05
   3.4855608e+05
   3.4914650e+05
   3.4953230e+05
   3.5011255e+05
   3.5042743e+05
   3.5076912e+05
   3.5114747e+05
   3.5160917e+05
   3.5198874e+05
   3.5271583e+05
   3.5308174e+05
   3.5347179e+05
   3.5444724e+05
   3.5514009e+05
   3.5562981e+05
   3.5598994e+05
   3.5641090e+05
   3.5675756e+05
   3.5730019e+05
   3.5777637e+05
   3.5816602e+05
   3.5844987e+05
   3.5879296e+05
   3.5922914e+05
   3.5969438e+05
   4.0030131e+05
   4.0066431e+05
   4.0098566e+05
   4.0131808e+05
   4.0178233e+05
   4.0246336e+05
   4.0276933e+05
   4.0309115e+05
   4.0347638e+05
   4.0381263e+05
   4.0421342e+05
   4.0455511e+05
   4.0498723e+05
   4.0528802e+05
   4.0562157e+05
   4.0608830e+05
   4.0659701e+05
   4.0690458e+05
   4.0715703e+05
   4.0757810e+05
   4.0800084e+05
   4.0833594e+05
   4.0868980e+05
   4.0911922e+05
   4.0959783e+05
   4.0983856e+05
   4.1037960e+05
   4.1080432e+05
   4.1207988e+05
   4.1245641e+05
   4.1274181e+05
   4.1319469e+05
   4.1351322e+05
   4.1397270e+05
   4.1425731e+05
   4.1466746e+05
   4.1500764e+05
   4.1541472e+05
   4.1572574e+05
   4.1604662e+05
   4.1631593e+05
   4.1700807e+05
   4.1741447e+05
   4.1769369e+05
   4.1803759e+05
   4.1862690e+05
   4.1899429e+05
   4.1936329e+05
   4.1973945e+05
   4.6012177e+05
   4.6048704e+05
   4.6072998e+05
   4.6140438e+05
   4.6172184e+05
   4.6205801e+05
   4.6247625e+05
   4.6282612e+05
   4.6325126e+05
   4.6357478e+05
   4.6386063e+05
   4.6416863e+05
   4.6452130e+05
   4.6481688e+05
   4.6518943e+05
   4.6559961e+05
   4.6592845e+05
   4.6638543e+05
   4.6670081e+05
   4.6732588e+05
   4.6784253e+05
   4.6813117e+05
   4.6849771e+05
   4.6902802e+05
   4.6977790e+05
   4.7010907e+05
   4.7046111e+05
   4.7090998e+05
   4.7124609e+05
   4.7162242e+05
   4.7199542e+05
   4.7241743e+05
   4.7284876e+05
   4.7318949e+05
   4.7353416e+05
   4.7411247e+05
   4.7442072e+05
   4.7479618e+05
   4.7528902e+05
   4.7566911e+05
   4.7598490e+05
   4.7642931e+05
   4.7693950e+05
   4.7733862e+05
   4.7761315e+05
   4.7814347e+05
   4.7840283e+05
   4.7874908e+05
   4.7908252e+05
   4.7939743e+05
   4.7975855e+05
   5.2012956e+05
   5.2047183e+05
   5.2082641e+05
   5.2108070e+05
   5.2133044e+05
   5.2160402e+05
   5.2185198e+05
   5.2210787e+05
   5.2239703e+05
   5.2279409e+05
   5.2307029e+05
   5.2337772e+05
   5.2369671e+05
   5.2412215e+05
   5.2435885e+05
   5.2465978e+05
   5.2495351e+05
   5.2521162e+05
   5.2551144e+05
   5.2576340e+05
   5.2598500e+05
   5.2624836e+05
   5.2655276e+05
   5.2681729e+05
   5.2718555e+05
   5.2754540e+05
   5.2797310e+05
   5.2827680e+05
   5.2868377e+05
   5.2895193e+05
   5.2926208e+05
   5.2983790e+05
   5.3021043e+05
   5.3063004e+05
   5.3107308e+05
   5.3137278e+05
   5.3170933e+05
   5.3206730e+05
   5.3248249e+05
   5.3290793e+05
   5.3327633e+05
   5.3357996e+05
   5.3398313e+05
   5.3412205e+05
   5.3443411e+05
   5.3473830e+05
   5.3508269e+05
   5.3538552e+05
   5.3570439e+05
   5.3618022e+05
   5.3651442e+05
   5.3679222e+05
   5.3721063e+05
   5.3751630e+05
   5.3783115e+05
   5.3816193e+05
   5.3843301e+05
   5.3874846e+05
   5.3906989e+05
   5.3941876e+05
   5.3968002e+05
   5.8012399e+05
   5.8059232e+05
   5.8093054e+05
   5.8131532e+05
   5.8159528e+05
   5.8202312e+05
   5.8233821e+05
   5.8261655e+05
   5.8286576e+05
   5.8323075e+05
   5.8356144e+05
   5.8391494e+05
   5.8421969e+05
   5.8460419e+05
   5.8497806e+05
   5.8531115e+05
   5.8566735e+05
   5.8619702e+05
   5.8658296e+05
   5.8686133e+05
   5.8716723e+05
   5.8781247e+05
   5.8822207e+05
   5.8870708e+05
   5.8909902e+05
   5.8944297e+05
   5.8991629e+05
   5.9030980e+05
   5.9069213e+05
   5.9129309e+05
   5.9177006e+05
   5.9204943e+05
   5.9247103e+05
   5.9285567e+05
   5.9320081e+05
   5.9362391e+05
   5.9400305e+05
   5.9432389e+05
   5.9492683e+05
   5.9521334e+05
   5.9557138e+05
   5.9607919e+05
   5.9648598e+05
   5.9690725e+05
   5.9718613e+05
   5.9750852e+05
   5.9789768e+05
   5.9833324e+05
   5.9869109e+05
   5.9904933e+05
   5.9952718e+05
   6.0051305e+05
   6.0088032e+05
   6.0139248e+05
   6.0216130e+05
   6.0257539e+05
   6.0333754e+05
   6.0365929e+05
   6.0426777e+05
   6.0491513e+05
   6.0550188e+05
   6.0590933e+05
   6.0661772e+05
   6.0687691e+05
   6.0744391e+05
   6.0779069e+05
   6.0844679e+05
   6.0889000e+05
   6.0946487e+05
   6.0995272e+05
   6.1030634e+05
   6.1073750e+05
   6.1110295e+05
   6.1156087e+05
   6.1198666e+05
   6.1230810e+05
   6.1330563e+05
   6.1376246e+05
   6.1427583e+05
   6.1473073e+05
   6.1510878e+05
   6.1563281e+05
   6.1595640e+05
   6.1639899e+05
   6.1674870e+05
   6.1722260e+05
   6.1753269e+05
   6.1795424e+05
   6.1844060e+05
   6.1882382e+05
   6.1929246e+05
   6.1995323e+05
   6.2040895e+05
   6.2106325e+05
   6.2143201e+05
   6.2191718e+05
   6.2234975e+05
   6.2287551e+05
   6.2348558e+05
   6.2388049e+05
   6.2463414e+05
   6.2510344e+05
   6.2548828e+05
   6.2576619e+05
   6.2632277e+05
   6.2680693e+05
   6.2762869e+05
   6.2824286e+05
   6.2864426e+05
   6.2916438e+05
   6.2968458e+05
   6.3000756e+05
   6.3039138e+05
   6.3077103e+05
   6.3113209e+05
   6.3189023e+05
   6.3225563e+05
   6.3261440e+05
   6.3305551e+05
   6.3363610e+05
   6.3474792e+05
   6.3522882e+05
   6.3563486e+05
   6.3623388e+05
   6.3668224e+05
   6.3716764e+05
   6.3813098e+05
   6.3873505e+05
   6.3920011e+05
   6.3980537e+05
   6.4047537e+05
   6.4082653e+05
   6.4130989e+05
   6.4188043e+05
   6.4221971e+05
   6.4272132e+05
   6.4296580e+05
   6.4343037e+05
   6.4373010e+05
   6.4431708e+05
   6.4480613e+05
   6.4533743e+05
   6.4569484e+05
   6.4601698e+05
   6.4644130e+05
   6.4676649e+05
   6.4729159e+05
   6.4757008e+05
   6.4814512e+05
   6.4990944e+05
   6.5022127e+05
   6.5070217e+05
   6.5112808e+05
   6.5148075e+05
   6.5237924e+05
   6.5289706e+05
   6.5330850e+05
   6.5363978e+05
   6.5421101e+05
   6.5460030e+05
   6.5498053e+05
   6.5535463e+05
   6.5577574e+05
   6.5621877e+05
   6.5672055e+05
   6.5711581e+05
   6.5767941e+05
   6.5798180e+05
   6.5829124e+05
   6.5867784e+05
   6.5905810e+05
   6.5966292e+05
   6.6028530e+05
   6.6057009e+05
   6.6102907e+05
   6.6138824e+05
   6.6196643e+05
   6.6235851e+05
   6.6276708e+05
   6.6309337e+05
   6.6358296e+05
   6.6405820e+05
   6.6438020e+05
   6.6482602e+05
   6.6529254e+05
   6.6585584e+05
   6.6633076e+05
   6.6714697e+05
   6.6765810e+05
   6.6822185e+05
   6.6857583e+05
   6.6906790e+05
   6.6950020e+05
   6.7003262e+05
   6.7051586e+05
   6.7099117e+05
   6.7148777e+05
   6.7309164e+05
   6.7368097e+05
   6.7418085e+05
   6.7451036e+05
   6.7489649e+05
   6.7525692e+05
   6.7590780e+05
   6.7638442e+05
   6.7685630e+05
   6.7725698e+05
   6.7761412e+05
   6.7829240e+05
   6.7865697e+05
   6.7907400e+05
   6.7963734e+05
   6.8001872e+05
   6.8049557e+05
   6.8100052e+05
   6.8237992e+05
   6.8305141e+05
   6.8378217e+05
   6.8423637e+05
   6.8467693e+05
   6.8504114e+05
   6.8552345e+05
   6.8614294e+05
   6.8653946e+05
   6.8691034e+05
   6.8769080e+05
   6.8821417e+05
   6.8869238e+05
   6.8903543e+05
   6.8937088e+05
   6.8997778e+05
   6.9037597e+05
   6.9080045e+05
   6.9117725e+05
   6.9161405e+05
   6.9283461e+05
   6.9322609e+05
   6.9365300e+05
   6.9429342e+05
   6.9480161e+05
   6.9516219e+05
   6.9566524e+05
   6.9648856e+05
   6.9683540e+05
   6.9728933e+05
   6.9762331e+05
   6.9801832e+05
   6.9853063e+05
   6.9892923e+05
   6.9939790e+05
   6.9975873e+05
   7.0046710e+05
   7.0086291e+05
   7.0143133e+05
   7.0170770e+05
   7.0198968e+05
   7.0264665e+05
   7.0330170e+05
   7.0388370e+05
   7.0438323e+05
   7.0571495e+05
   7.0605605e+05
   7.0657476e+05
   7.0714106e+05
   7.0752415e+05
   7.0802224e+05
   7.0930931e+05
   7.1008633e+05
   7.1037064e+05
   7.1105236e+05
   7.1150784e+05
   7.1190250e+05
   7.1219947e+05
   7.1278113e+05
   7.1317101e+05
   7.1378118e+05
   7.1409784e+05
   7.1451897e+05
   7.1493092e+05
   7.1554311e+05
   7.1626863e+05
   7.1668634e+05
   7.1698179e+05
   7.1779469e+05
   7.1818969e+05
   7.1855657e+05
   7.1899977e+05
   7.1941584e+05
   7.1986436e+05
   7.2079611e+05
   7.2115236e+05
   7.2240076e+05
   7.2289400e+05
   7.2441579e+05
   7.2491937e+05
   7.2646148e+05
   7.2701126e+05
   7.2758452e+05
   7.2798091e+05
   7.2834376e+05
   7.2886865e+05
   7.2971393e+05
   7.3045771e+05
   7.3207461e+05
   7.3263118e+05
   7.3331385e+05
   7.3386829e+05
   7.3460193e+05
   7.3522212e+05
   7.3598961e+05
   7.3633670e+05
   7.3679694e+05
   7.3755983e+05
   7.3800803e+05
   7.3865044e+05
   7.4035560e+05
   7.4097673e+05
   7.4147553e+05
   7.4204184e+05
   7.4289012e+05
   7.4324303e+05
   7.4373951e+05
   7.4444115e+05
   7.4506443e+05
   7.4564377e+05
   7.4618428e+05
   7.4746391e+05
   7.4812263e+05
   7.4854328e+05
   7.4937680e+05
   7.4982483e+05
   7.5033115e+05
   7.5132068e+05
   7.5237855e+05
   7.5299922e+05
   7.5398920e+05
   7.5443108e+05
   7.5485228e+05
   7.5595973e+05
   7.5694975e+05
   7.5736420e+05
   7.5850506e+05
   7.5898041e+05
   7.5955904e+05
   7.6037519e+05
   7.6063683e+05
   7.6155917e+05
   7.6186846e+05
   7.6225455e+05
   7.6260637e+05
   7.6301826e+05
   7.6349359e+05
   7.6390945e+05
   7.6436499e+05
   7.6476723e+05
   7.6515841e+05
   7.6567918e+05
   7.6614705e+05
   7.6648644e+05
   7.6689748e+05
   7.6747197e+05
   7.6788345e+05
   7.6847431e+05
   7.6893721e+05
   7.7084109e+05
   7.7148222e+05
   7.7188569e+05
   7.7217808e+05
   7.7267258e+05
   7.7299293e+05
   7.7340622e+05
   7.7385883e+05
   7.7449911e+05
   7.7516771e+05
   7.7563264e+05
   7.7637234e+05
   7.7758254e+05
   7.7804889e+05
   7.7851807e+05
   7.7889288e+05
   7.7932546e+05
   8.2050970e+05
   8.2078858e+05
   8.2113229e+05
   8.2141108e+05
   8.2180710e+05
   8.2214495e+05
   8.2245078e+05
   8.2275248e+05
   8.2308306e+05
   8.2343112e+05
   8.2390702e+05
   8.2425051e+05
   8.2452608e+05
   8.2486738e+05
   8.2516986e+05
   8.2548688e+05
   8.2579162e+05
   8.2615407e+05
   8.2643023e+05
   8.2674725e+05
   8.2750892e+05
   8.2805681e+05
   8.2841267e+05
   8.2913689e+05
   8.2953481e+05
   8.3024744e+05
   8.3100369e+05
   8.3143153e+05
   8.3216484e+05
   8.3254407e+05
   8.3351290e+05
   8.3393608e+05
   8.3441109e+05
   8.3476442e+05
   8.3530106e+05
   8.3572090e+05
   8.3608753e+05
   8.3647152e+05
   8.3688556e+05
   8.3742359e+05
   8.3816019e+05
   8.3864727e+05
   8.3918739e+05
   8.3991826e+05
   8.8026389e+05
   8.8058186e+05
   8.8093623e+05
   8.8126100e+05
   8.8165612e+05
   8.8190626e+05
   8.8223134e+05
   8.8261299e+05
   8.8321084e+05
   8.8362736e+05
   8.8418291e+05
   8.8452468e+05
   8.8483927e+05
   8.8520805e+05
   8.8573493e+05
   8.8609953e+05
   8.8637748e+05
   8.8667744e+05
   8.8742809e+05
   8.8804578e+05
   8.8892124e+05
   8.8942800e+05
   8.9011243e+05
   8.9054658e+05
   8.9101449e+05
   8.9136005e+05
   8.9208523e+05
   8.9265755e+05
   8.9316374e+05
   8.9346882e+05
   8.9391811e+05
   8.9501195e+05
   8.9537031e+05
   8.9571423e+05
   8.9626462e+05
   8.9687802e+05
   8.9734439e+05
   8.9780989e+05
   8.9830949e+05
   8.9900250e+05
   8.9973643e+05
   9.4038800e+05
   9.4071138e+05
   9.4144117e+05
   9.4195412e+05
   9.4246643e+05
   9.4277310e+05
   9.4339062e+05
   9.4385280e+05
   9.4431064e+05
   9.4466769e+05
   9.4500699e+05
   9.4540884e+05
   9.4584769e+05
   9.4633006e+05
   9.4680676e+05
   9.4767443e+05
   9.4807389e+05
   9.4855765e+05
   9.4901459e+05
   9.4951257e+05
   9.4993309e+05
   9.5061684e+05
   9.5141478e+05
   9.5191197e+05
   9.5237931e+05
   9.5288310e+05
   9.5328606e+05
   9.5366973e+05
   9.5439923e+05
   9.5498571e+05
   9.5583499e+05
   9.5636150e+05
   9.5700451e+05
   9.5753174e+05
   9.5809804e+05
   9.5850211e+05
   9.5932373e+05
   9.5976396e+05
   1.0003947e+06
   1.0006899e+06
   1.0010941e+06
   1.0014337e+06
   1.0018188e+06
   1.0022250e+06
   1.0026389e+06
   1.0030241e+06
   1.0034911e+06
   1.0037600e+06
   1.0041175e+06
   1.0044711e+06
   1.0049991e+06
   1.0053722e+06
   1.0056733e+06
   1.0060539e+06
   1.0063314e+06
   1.0066930e+06
   1.0074592e+06
   1.0080894e+06
   1.0086037e+06
   1.0096203e+06
   1.0105355e+06
   1.0112882e+06
   1.0119903e+06
   1.0127480e+06
   1.0131490e+06
   1.0137935e+06
   1.0145069e+06
   1.0149486e+06
   1.0155543e+06
   1.0160123e+06
   1.0164323e+06
   1.0168651e+06
   1.0173007e+06
   1.0183447e+06
   1.0194800e+06
   1.0603153e+06
   1.0606005e+06
   1.0609744e+06
   1.0614386e+06
   1.0618251e+06
   1.0622856e+06
   1.0626870e+06
   1.0631839e+06
   1.0635291e+06
   1.0638617e+06
   1.0642819e+06
   1.0646426e+06
   1.0651172e+06
   1.0658124e+06
   1.0662452e+06
   1.0666282e+06
   1.0669132e+06
   1.0675641e+06
   1.0683795e+06
   1.0689268e+06
   1.0693008e+06
   1.0697155e+06
   1.0702232e+06
   1.0707864e+06
   1.0712987e+06
   1.0716932e+06
   1.0742944e+06
   1.0747170e+06
   1.0751478e+06
   1.0756814e+06
   1.0761581e+06
   1.0766874e+06
   1.0776126e+06
   1.0783064e+06
   1.0788043e+06
   1.0791974e+06
   1.0795777e+06
   1.0799622e+06
   1.1204426e+06
   1.1207608e+06
   1.1213274e+06
   1.1218188e+06
   1.1221511e+06
   1.1225958e+06
   1.1229967e+06
   1.1232756e+06
   1.1237462e+06
   1.1241149e+06
   1.1244169e+06
   1.1247801e+06
   1.1251473e+06
   1.1259976e+06
   1.1264478e+06
   1.1269974e+06
   1.1275135e+06
   1.1282219e+06
   1.1287398e+06
   1.1293974e+06
   1.1298258e+06
   1.1312828e+06
   1.1317891e+06
   1.1329582e+06
   1.1332843e+06
   1.1337629e+06
   1.1344276e+06
   1.1348333e+06
   1.1356058e+06
   1.1360640e+06
   1.1365690e+06
   1.1374198e+06
   1.1380634e+06
   1.1385371e+06
   1.1392433e+06
   1.1399279e+06
   1.1803844e+06
   1.1809348e+06
   1.1816504e+06
   1.1823504e+06
   1.1831868e+06
   1.1835764e+06
   1.1840273e+06
   1.1844796e+06
   1.1849267e+06
   1.1854770e+06
   1.1858737e+06
   1.1862169e+06
   1.1866102e+06
   1.1868657e+06
   1.1874570e+06
   1.1880446e+06
   1.1897268e+06
   1.1900948e+06
   1.1905172e+06
   1.1916899e+06
   1.1920485e+06
   1.1930317e+06
   1.1939912e+06
   1.1948696e+06
   1.1953606e+06
   1.1959199e+06
   1.1965520e+06
   1.1971205e+06
   1.1979831e+06
   1.1984689e+06
   1.1988250e+06
   1.2405048e+06
   1.2408639e+06
   1.2411948e+06
   1.2416266e+06
   1.2419732e+06
   1.2423340e+06
   1.2429791e+06
   1.2432782e+06
   1.2438165e+06
   1.2442553e+06
   1.2446165e+06
   1.2449406e+06
   1.2454133e+06
   1.2457448e+06
   1.2461604e+06
   1.2465906e+06
   1.2469357e+06
   1.2473549e+06
   1.2477330e+06
   1.2481653e+06
   1.2487633e+06
   1.2493574e+06
   1.2499076e+06
   1.2505887e+06
   1.2512399e+06
   1.2519034e+06
   1.2523634e+06
   1.2528278e+06
   1.2534559e+06
   1.2538506e+06
   1.2543970e+06
   1.2552452e+06
   1.2564661e+06
   1.2569117e+06
   1.2575888e+06
   1.2580582e+06
   1.2584367e+06
   1.2588819e+06
   1.2594807e+06
   1.2598360e+06
   1.3002844e+06
   1.3007925e+06
   1.3011162e+06
   1.3015380e+06
   1.3018712e+06
   1.3024852e+06
   1.3029823e+06
   1.3034013e+06
   1.3039999e+06
   1.3044867e+06
   1.3048140e+06
   1.3052393e+06
   1.3055447e+06
   1.3058636e+06
   1.3063594e+06
   1.3066864e+06
   1.3074577e+06
   1.3081442e+06
   1.3087118e+06
   1.3090373e+06
   1.3094625e+06
   1.3102778e+06
   1.3105795e+06
   1.3110216e+06
   1.3116968e+06
   1.3122126e+06
   1.3126645e+06
   1.3131313e+06
   1.3136984e+06
   1.3145438e+06
   1.3149671e+06
   1.3153058e+06
   1.3157728e+06
   1.3163008e+06
   1.3173466e+06
   1.3178416e+06
   1.3181618e+06
   1.3187180e+06
   1.3192452e+06
   1.3604509e+06
   1.3610225e+06
   1.3614145e+06
   1.3619617e+06
   1.3623395e+06
   1.3626799e+06
   1.3630590e+06
   1.3634023e+06
   1.3638268e+06
   1.3642049e+06
   1.3647056e+06
   1.3652035e+06
   1.3655539e+06
   1.3660513e+06
   1.3663451e+06
   1.3668098e+06
   1.3673258e+06
   1.3677934e+06
   1.3690690e+06
   1.3694479e+06
   1.3699155e+06
   1.3706379e+06
   1.3714008e+06
   1.3720701e+06
   1.3727028e+06
   1.3735621e+06
   1.3739356e+06
   1.3744411e+06
   1.3751990e+06
   1.3759692e+06
   1.3765535e+06
   1.3773412e+06
   1.3781386e+06
   1.3787049e+06
   1.3792296e+06
   1.3799641e+06
   1.4204002e+06
   1.4207788e+06
   1.4212478e+06
   1.4215539e+06
   1.4219504e+06
   1.4225294e+06
   1.4229284e+06
   1.4234483e+06
   1.4239158e+06
   1.4244533e+06
   1.4250325e+06
   1.4256210e+06
   1.4260755e+06
   1.4266493e+06
   1.4274913e+06
   1.4283815e+06
   1.4288161e+06
   1.4292926e+06
   1.4296819e+06
   1.4300492e+06
   1.4304559e+06
   1.4311549e+06
   1.4315059e+06
   1.4319459e+06
   1.4323158e+06
   1.4330414e+06
   1.4338212e+06
   1.4344546e+06
   1.4353439e+06
   1.4359533e+06
   1.4364739e+06
   1.4371294e+06
   1.4375393e+06
   1.4379658e+06
   1.4384439e+06
   1.4388715e+06
   1.4392540e+06
   1.4398754e+06
   1.4804714e+06
   1.4810572e+06
   1.4827403e+06
   1.4830635e+06
   1.4834321e+06
   1.4839817e+06
   1.4845006e+06
   1.4848370e+06
   1.4854424e+06
   1.4859837e+06
   1.4863128e+06
   1.4875614e+06
   1.4884597e+06
   1.4889083e+06
   1.4892792e+06
   1.4901768e+06
   1.4906427e+06
   1.4912376e+06
   1.4918404e+06
   1.4922690e+06
   1.4934583e+06
   1.4944076e+06
   1.4952295e+06
   1.4957769e+06
   1.4968075e+06
   1.4971587e+06
   1.4976090e+06
   1.4985221e+06
   1.4990132e+06
   1.4997266e+06
   1.5407702e+06
   1.5412844e+06
   1.5416851e+06
   1.5426104e+06
   1.5432058e+06
   1.5437491e+06
   1.5442214e+06
   1.5446757e+06
   1.5453474e+06
   1.5457236e+06
   1.5461292e+06
   1.5465533e+06
   1.5468489e+06
   1.5478279e+06
   1.5483518e+06
   1.5487519e+06
   1.5497826e+06
   1.5501963e+06
   1.5506012e+06
   1.5513302e+06
   1.5517163e+06
   1.5522145e+06
   1.5527869e+06
   1.5531716e+06
   1.5537788e+06
   1.5558093e+06
   1.5565653e+06
   1.5572232e+06
   1.5580313e+06
   1.5584669e+06
   1.5598998e+06
   1.6005538e+06
   1.6017520e+06
   1.6026532e+06
   1.6030704e+06
   1.6033931e+06
   1.6038286e+06
   1.6042143e+06
   1.6047575e+06
   1.6051074e+06
   1.6055354e+06
   1.6059176e+06
   1.6062276e+06
   1.6067292e+06
   1.6075775e+06
   1.6082091e+06
   1.6094041e+06
   1.6100626e+06
   1.6104117e+06
   1.6112725e+06
   1.6118369e+06
   1.6123410e+06
   1.6128958e+06
   1.6132892e+06
   1.6139185e+06
   1.6148424e+06
   1.6154816e+06
   1.6160927e+06
   1.6167123e+06
   1.6172226e+06
   1.6177500e+06
   1.6183196e+06
   1.6191451e+06
   1.6197800e+06
   1.6602888e+06
   1.6608325e+06
   1.6613539e+06
   1.6617616e+06
   1.6628033e+06
   1.6640508e+06
   1.6643871e+06
   1.6649033e+06
   1.6652629e+06
   1.6656732e+06
   1.6661055e+06
   1.6675140e+06
   1.6679578e+06
   1.6685545e+06
   1.6692188e+06
   1.6696094e+06
   1.6700735e+06
   1.6706762e+06
   1.6713778e+06
   1.6719225e+06
   1.6727616e+06
   1.6734690e+06
   1.6739187e+06
   1.6744634e+06
   1.6749272e+06
   1.6781189e+06
   1.6795180e+06
   1.7203716e+06
   1.7207124e+06
   1.7214901e+06
   1.7223590e+06
   1.7236294e+06
   1.7242228e+06
   1.7249780e+06
   1.7253807e+06
   1.7257795e+06
   1.7260773e+06
   1.7267186e+06
   1.7276165e+06
   1.7283263e+06
   1.7288215e+06
   1.7293580e+06
   1.7298206e+06
   1.7301387e+06
   1.7305562e+06
   1.7311168e+06
   1.7316556e+06
   1.7327602e+06
   1.7332970e+06
   1.7347786e+06
   1.7354473e+06
   1.7359002e+06
   1.7364162e+06
   1.7370440e+06
   1.7376553e+06
   1.7381891e+06
   1.7385512e+06
   1.7391186e+06
   1.7395688e+06
   1.7808181e+06
   1.7815909e+06
   1.7821691e+06
   1.7825889e+06
   1.7832143e+06
   1.7837640e+06
   1.7846587e+06
   1.7851084e+06
   1.7867624e+06
   1.7876065e+06
   1.7880405e+06
   1.7884959e+06
   1.7889725e+06
   1.7899268e+06
   1.7903242e+06
   1.7907762e+06
   1.7912424e+06
   1.7920102e+06
   1.7925589e+06
   1.7931599e+06
   1.7938790e+06
   1.7947450e+06
   1.7952415e+06
   1.7961438e+06
   1.7969065e+06
   1.7972019e+06
   1.7976330e+06
   1.7981217e+06
   1.7988491e+06
   1.7992185e+06
   1.8405122e+06
   1.8410382e+06
   1.8414899e+06
   1.8421327e+06
   1.8431828e+06
   1.8436861e+06
   1.8441942e+06
   1.8453601e+06
   1.8459755e+06
   1.8465838e+06
   1.8469719e+06
   1.8476905e+06
   1.8499983e+06
   1.8505248e+06
   1.8509946e+06
   1.8513359e+06
   1.8521877e+06
   1.8525176e+06
   1.8531890e+06
   1.8537740e+06
   1.8545392e+06
   1.8551176e+06
   1.8558695e+06
   1.8583145e+06
   1.8587367e+06
   1.8598886e+06
   1.9006022e+06
   1.9012009e+06
   1.9016383e+06
   1.9023327e+06
   1.9031009e+06
   1.9039051e+06
   1.9052584e+06
   1.9056583e+06
   1.9063143e+06
   1.9067335e+06
   1.9074232e+06
   1.9079876e+06
   1.9085540e+06
   1.9089927e+06
   1.9094982e+06
   1.9104393e+06
   1.9108543e+06
   1.9114443e+06
   1.9127171e+06
   1.9130990e+06
   1.9136616e+06
   1.9144484e+06
   1.9150841e+06
   1.9157505e+06
   1.9161602e+06
   1.9166712e+06
   1.9171269e+06
   1.9177083e+06
   1.9182134e+06
   1.9188221e+06
   1.9192786e+06
   6.0383930e+04
   6.0918255e+04
   6.1401537e+04
   6.2086776e+04
   6.2482076e+04
   6.3012889e+04
   6.3429632e+04
   6.4000574e+04
   6.4779615e+04
   6.5262167e+04
   6.5867411e+04
   6.6315096e+04
   6.7014665e+04
   6.7339140e+04
   6.8345476e+04
   6.8816662e+04
   6.9892114e+04
   7.0357843e+04
   7.0763591e+04
   7.1396618e+04
   7.1963287e+04
   7.2309512e+04
   7.2918219e+04
   7.3383196e+04
   7.3784821e+04
   7.4088876e+04
   7.4742292e+04
   7.5146637e+04
   7.6035254e+04
   7.6358462e+04
   7.6818399e+04
   7.7508498e+04
   7.8822610e+04
   7.9364564e+04
   8.0132835e+04
   8.0609549e+04
   8.1038138e+04
   8.1638249e+04
   8.2043197e+04
   8.2498746e+04
   8.2836036e+04
   8.3187930e+04
   8.3779234e+04
   8.4320264e+04
   8.4753211e+04
   8.5239058e+04
   8.5664577e+04
   8.6079913e+04
   8.6575004e+04
   8.7129296e+04
   8.7652887e+04
   8.8072068e+04
   8.8619586e+04
   8.8958804e+04
   8.9529489e+04
   9.0130664e+04
   9.0536676e+04
   9.0926988e+04
   9.1481665e+04
   9.1924238e+04
   9.2470121e+04
   9.2854588e+04
   9.3275002e+04
   9.3623023e+04
   9.3994231e+04
   9.4335956e+04
   9.4903056e+04
   9.5465039e+04
   9.6142984e+04
   9.6560113e+04
   9.6982174e+04
   9.7311309e+04
   9.7740059e+04
   9.8331104e+04
   9.8861567e+04
   9.9261486e+04
   9.9832614e+04
   1.2048766e+05
   1.2103769e+05
   1.2151393e+05
   1.2219423e+05
   1.2263714e+05
   1.2324301e+05
   1.2380245e+05
   1.2438961e+05
   1.2475124e+05
   1.2506137e+05
   1.2543355e+05
   1.2668239e+05
   1.2735791e+05
   1.2779790e+05
   1.2820547e+05
   1.2855935e+05
   1.2890296e+05
   1.2945690e+05
   1.3007647e+05
   1.3045781e+05
   1.3077457e+05
   1.3123941e+05
   1.3168407e+05
   1.3202781e+05
   1.3282939e+05
   1.3316479e+05
   1.3358543e+05
   1.3403739e+05
   1.3440028e+05
   1.3519488e+05
   1.3557019e+05
   1.3594310e+05
   1.3733776e+05
   1.3770381e+05
   1.3866264e+05
   1.3912110e+05
   1.3943230e+05
   1.3974590e+05
   1.4071291e+05
   1.4150608e+05
   1.4205077e+05
   1.4248186e+05
   1.4304405e+05
   1.4336477e+05
   1.4423666e+05
   1.4468132e+05
   1.4517361e+05
   1.4565980e+05
   1.4616731e+05
   1.4658929e+05
   1.4748587e+05
   1.4875950e+05
   1.4921872e+05
   1.4962763e+05
   1.5016975e+05
   1.5051392e+05
   1.5090044e+05
   1.5136900e+05
   1.5179949e+05
   1.5237774e+05
   1.5295395e+05
   1.5338099e+05
   1.5383071e+05
   1.5428427e+05
   1.5477045e+05
   1.5522394e+05
   1.5557892e+05
   1.5600039e+05
   1.5646128e+05
   1.5688261e+05
   1.5730565e+05
   1.5782800e+05
   1.5826802e+05
   1.5910006e+05
   1.5995727e+05
   1.8043089e+05
   1.8075040e+05
   1.8107861e+05
   1.8150068e+05
   1.8193503e+05
   1.8224994e+05
   1.8280643e+05
   1.8310258e+05
   1.8344310e+05
   1.8450018e+05
   1.8491700e+05
   1.8535303e+05
   1.8588373e+05
   1.8633269e+05
   1.8674849e+05
   1.8711716e+05
   1.8771609e+05
   1.8814249e+05
   1.8929283e+05
   1.8975286e+05
   1.9045712e+05
   1.9083104e+05
   1.9126285e+05
   1.9161651e+05
   1.9223784e+05
   1.9279548e+05
   1.9339041e+05
   1.9426537e+05
   1.9480001e+05
   1.9534790e+05
   1.9580238e+05
   1.9622397e+05
   1.9697261e+05
   1.9731860e+05
   1.9768204e+05
   1.9817156e+05
   1.9875899e+05
   1.9909409e+05
   1.9945061e+05
   1.9981622e+05
   2.0026176e+05
   2.0066173e+05
   2.0092306e+05
   2.0123147e+05
   2.0177094e+05
   2.0209538e+05
   2.0251424e+05
   2.0313680e+05
   2.0360987e+05
   2.0411131e+05
   2.0451305e+05
   2.0492712e+05
   2.0524166e+05
   2.0608423e+05
   2.0657236e+05
   2.0703223e+05
   2.0750891e+05
   2.0791726e+05
   2.0850155e+05
   2.0908951e+05
   2.0958211e+05
   2.1005849e+05
   2.1065509e+05
   2.1121494e+05
   2.1162160e+05
   2.1213240e+05
   2.1260723e+05
   2.1295330e+05
   2.1341285e+05
   2.1376854e+05
   2.1421658e+05
   2.1455230e+05
   2.1490403e+05
   2.1578329e+05
   2.1638343e+05
   2.1690923e+05
   2.1745521e+05
   2.1775403e+05
   2.1813527e+05
   2.1855429e+05
   2.1899764e+05
   2.1956518e+05
   2.1999559e+05
   2.4039645e+05
   2.4104842e+05
   2.4145159e+05
   2.4187082e+05
   2.4267057e+05
   2.4306510e+05
   2.4345692e+05
   2.4429101e+05
   2.4474099e+05
   2.4573735e+05
   2.4629980e+05
   2.4664100e+05
   2.4698696e+05
   2.4748858e+05
   2.4787401e+05
   2.4840407e+05
   2.4870344e+05
   2.4920575e+05
   2.4970072e+05
   2.5011630e+05
   2.5065506e+05
   2.5111122e+05
   2.5149523e+05
   2.5188846e+05
   2.5220253e+05
   2.5276391e+05
   2.5332707e+05
   2.5387831e+05
   2.5431951e+05
   2.5494268e+05
   2.5525466e+05
   2.5584647e+05
   2.5620202e+05
   2.5677386e+05
   2.5717443e+05
   2.5764080e+05
   2.5827300e+05
   2.5862672e+05
   2.5902150e+05
   2.5957052e+05
   2.5991957e+05
   2.6038847e+05
   2.6076272e+05
   2.6158589e+05
   2.6189464e+05
   2.6230937e+05
   2.6264940e+05
   2.6301873e+05
   2.6346297e+05
   2.6407966e+05
   2.6516060e+05
   2.6548114e+05
   2.6594979e+05
   2.6642567e+05
   2.6684415e+05
   2.6733571e+05
   2.6778630e+05
   2.6828547e+05
   2.6861025e+05
   2.6906810e+05
   2.6957945e+05
   2.7004025e+05
   2.7063397e+05
   2.7106633e+05
   2.7159190e+05
   2.7212214e+05
   2.7243410e+05
   2.7274058e+05
   2.7322714e+05
   2.7433090e+05
   2.7504663e+05
   2.7536782e+05
   2.7609993e+05
   2.7649583e+05
   2.7703593e+05
   2.7791564e+05
   2.7838136e+05
   2.7886213e+05
   2.7927035e+05
   2.7969877e+05
   3.0045832e+05
   3.0079353e+05
   3.0119880e+05
   3.0159735e+05
   3.0201357e+05
   3.0264728e+05
   3.0306564e+05
   3.0351770e+05
   3.0386164e+05
   3.0440360e+05
   3.0478334e+05
   3.0519447e+05
   3.0575909e+05
   3.0617044e+05
   3.0658352e+05
   3.0695307e+05
   3.0734201e+05
   3.0775506e+05
   3.0852248e+05
   3.0897373e+05
   3.0935776e+05
   3.0969355e+05
   3.1037587e+05
   3.1081278e+05
   3.1130355e+05
   3.1163183e+05
   3.1203285e+05
   3.1252510e+05
   3.1299174e+05
   3.1329075e+05
   3.1409122e+05
   3.1456721e+05
   3.1519164e+05
   3.1557008e+05
   3.1590298e+05
   3.1622876e+05
   3.1694774e+05
   3.1739367e+05
   3.1802203e+05
   3.1848777e+05
   3.1887651e+05
   3.1966837e+05
   3.2043725e+05
   3.2100174e+05
   3.2135575e+05
   3.2193391e+05
   3.2238511e+05
   3.2293637e+05
   3.2331379e+05
   3.2371736e+05
   3.2439038e+05
   3.2486513e+05
   3.2518991e+05
   3.2575498e+05
   3.2623302e+05
   3.2682521e+05
   3.2744668e+05
   3.2771791e+05
   3.2810766e+05
   3.2880454e+05
   3.2923674e+05
   3.2988580e+05
   3.3024734e+05
   3.3070092e+05
   3.3121100e+05
   3.3169554e+05
   3.3213944e+05
   3.3247478e+05
   3.3292857e+05
   3.3331304e+05
   3.3366368e+05
   3.3415990e+05
   3.3481783e+05
   3.3519417e+05
   3.3595222e+05
   3.3638574e+05
   3.3698868e+05
   3.3736709e+05
   3.3775126e+05
   3.3811650e+05
   3.3861278e+05
   3.3909519e+05
   3.3964856e+05
   3.6049230e+05
   3.6092133e+05
   3.6146626e+05
   3.6189008e+05
   3.6255809e+05
   3.6305553e+05
   3.6355128e+05
   3.6390466e+05
   3.6455513e+05
   3.6514126e+05
   3.6559333e+05
   3.6621001e+05
   3.6671940e+05
   3.6723282e+05
   3.6760328e+05
   3.6813143e+05
   3.6871833e+05
   3.6934040e+05
   3.6972357e+05
   3.7038651e+05
   3.7088569e+05
   3.7148537e+05
   3.7195778e+05
   3.7225469e+05
   3.7281482e+05
   3.7346608e+05
   3.7379233e+05
   3.7414277e+05
   3.7464708e+05
   3.7500163e+05
   3.7563002e+05
   3.7606427e+05
   3.7643292e+05
   3.7692256e+05
   3.7743146e+05
   3.7792217e+05
   3.7824440e+05
   3.7872359e+05
   3.7929932e+05
   3.7972533e+05
   3.8014210e+05
   3.8082839e+05
   3.8138614e+05
   3.8170428e+05
   3.8204519e+05
   3.8233367e+05
   3.8267741e+05
   3.8304371e+05
   3.8335631e+05
   3.8433257e+05
   3.8482657e+05
   3.8562317e+05
   3.8627317e+05
   3.8664018e+05
   3.8711383e+05
   3.8753607e+05
   3.8786509e+05
   3.8858696e+05
   3.8937330e+05
   3.8991093e+05
   3.9026207e+05
   3.9058448e+05
   3.9096503e+05
   3.9146957e+05
   3.9179664e+05
   3.9234402e+05
   3.9287353e+05
   3.9324925e+05
   3.9354418e+05
   3.9400169e+05
   3.9449542e+05
   3.9492536e+05
   3.9520826e+05
   3.9578117e+05
   3.9623366e+05
   3.9667049e+05
   3.9698320e+05
   3.9742163e+05
   3.9810928e+05
   3.9854323e+05
   3.9895450e+05
   3.9940459e+05
   3.9976219e+05
   4.2040508e+05
   4.2097222e+05
   4.2139273e+05
   4.2191171e+05
   4.2251517e+05
   4.2290983e+05
   4.2382648e+05
   4.2421885e+05
   4.2470363e+05
   4.2501573e+05
   4.2568718e+05
   4.2600867e+05
   4.2661766e+05
   4.2764565e+05
   4.2824530e+05
   4.2866272e+05
   4.2973888e+05
   4.3020499e+05
   4.3066194e+05
   4.3106616e+05
   4.3152995e+05
   4.3207397e+05
   4.3240984e+05
   4.3288565e+05
   4.3322975e+05
   4.3409914e+05
   4.3451286e+05
   4.3494039e+05
   4.3548611e+05
   4.3593894e+05
   4.3669667e+05
   4.3727947e+05
   4.3782695e+05
   4.3847726e+05
   4.3894764e+05
   4.3977088e+05
   4.4037684e+05
   4.4075016e+05
   4.4156400e+05
   4.4200490e+05
   4.4230182e+05
   4.4278801e+05
   4.4319656e+05
   4.4400183e+05
   4.4445026e+05
   4.4482208e+05
   4.4555234e+05
   4.4586880e+05
   4.4649068e+05
   4.4699149e+05
   4.4754340e+05
   4.4793771e+05
   4.4841854e+05
   4.4881321e+05
   4.4940723e+05
   4.4978390e+05
   4.5038529e+05
   4.5080609e+05
   4.5133204e+05
   4.5170332e+05
   4.5212655e+05
   4.5264551e+05
   4.5298053e+05
   4.5337156e+05
   4.5514858e+05
   4.5571246e+05
   4.5609968e+05
   4.5664561e+05
   4.5716045e+05
   4.5767345e+05
   4.5804654e+05
   4.5847096e+05
   4.5898829e+05
   4.5937770e+05
   4.5980159e+05
   4.8049933e+05
   4.8097892e+05
   4.8146342e+05
   4.8188802e+05
   4.8266827e+05
   4.8319932e+05
   4.8366029e+05
   4.8427253e+05
   4.8470327e+05
   4.8520521e+05
   4.8577157e+05
   4.8651250e+05
   4.8692332e+05
   4.8731210e+05
   4.8773725e+05
   4.8806901e+05
   4.8835809e+05
   4.8879578e+05
   4.8929535e+05
   4.9004321e+05
   4.9062064e+05
   4.9094662e+05
   4.9161307e+05
   4.9231412e+05
   4.9263113e+05
   4.9292760e+05
   4.9364533e+05
   4.9402563e+05
   4.9449252e+05
   4.9496644e+05
   4.9540037e+05
   4.9603214e+05
   4.9657714e+05
   4.9695920e+05
   4.9726456e+05
   4.9773180e+05
   4.9824806e+05
   4.9865794e+05
   4.9949703e+05
   4.9990814e+05
   5.0030155e+05
   5.0099740e+05
   5.0174569e+05
   5.0226573e+05
   5.0274618e+05
   5.0311775e+05
   5.0363371e+05
   5.0397297e+05
   5.0421026e+05
   5.0496005e+05
   5.0540073e+05
   5.0578341e+05
   5.0616100e+05
   5.0673909e+05
   5.0807180e+05
   5.0851692e+05
   5.0888526e+05
   5.0930266e+05
   5.0991317e+05
   5.1040394e+05
   5.1093565e+05
   5.1142357e+05
   5.1190663e+05
   5.1231648e+05
   5.1263574e+05
   5.1316710e+05
   5.1363705e+05
   5.1401722e+05
   5.1431984e+05
   5.1476318e+05
   5.1518914e+05
   5.1568024e+05
   5.1630664e+05
   5.1666291e+05
   5.1745570e+05
   5.1781080e+05
   5.1827037e+05
   5.1865472e+05
   5.1914901e+05
   5.1962404e+05
   5.4045226e+05
   5.4106442e+05
   5.4155268e+05
   5.4189246e+05
   5.4225737e+05
   5.4254586e+05
   5.4314061e+05
   5.4356605e+05
   5.4401408e+05
   5.4453750e+05
   5.4498502e+05
   5.4541635e+05
   5.4623312e+05
   5.4663585e+05
   5.4714474e+05
   5.4801346e+05
   5.4837232e+05
   5.4868073e+05
   5.4918034e+05
   5.4970914e+05
   5.5005291e+05
   5.5054876e+05
   5.5111440e+05
   5.5234584e+05
   5.5268323e+05
   5.5304604e+05
   5.5347098e+05
   5.5400318e+05
   5.5474160e+05
   5.5511880e+05
   5.5560525e+05
   5.5603938e+05
   5.5649800e+05
   5.5696007e+05
   5.5747903e+05
   5.5803717e+05
   5.5852382e+05
   5.5928345e+05
   5.5979937e+05
   5.6019709e+05
   5.6077713e+05
   5.6109371e+05
   5.6147587e+05
   5.6207616e+05
   5.6278591e+05
   5.6333179e+05
   5.6391501e+05
   5.6453681e+05
   5.6511078e+05
   5.6553913e+05
   5.6603043e+05
   5.6646409e+05
   5.6696374e+05
   5.6725304e+05
   5.6763680e+05
   5.6828597e+05
   5.6872222e+05
   5.6919597e+05
   5.6972707e+05
   5.7019499e+05
   5.7060805e+05
   5.7092618e+05
   5.7134856e+05
   5.7197857e+05
   5.7231640e+05
   5.7261895e+05
   5.7291723e+05
   5.7336706e+05
   5.7378208e+05
   5.7415056e+05
   5.7461483e+05
   5.7564899e+05
   5.7616508e+05
   5.7664419e+05
   5.7702477e+05
   5.7741861e+05
   5.7797693e+05
   5.7831772e+05
   5.7878455e+05
   5.7907932e+05
   5.7968366e+05
   7.8119348e+05
   7.8205562e+05
   7.8242648e+05
   7.8305746e+05
   7.8357639e+05
   7.8406411e+05
   7.8463843e+05
   7.8527482e+05
   7.8570580e+05
   7.8651970e+05
   7.8726272e+05
   7.8907756e+05
   7.8983272e+05
   7.9043259e+05
   7.9109272e+05
   7.9207817e+05
   7.9256327e+05
   7.9298918e+05
   7.9387617e+05
   7.9472252e+05
   7.9532302e+05
   7.9590769e+05
   7.9641675e+05
   7.9720193e+05
   7.9790853e+05
   7.9857279e+05
   7.9935822e+05
   8.0010202e+05
   8.0265308e+05
   8.0352164e+05
   8.0400754e+05
   8.0469167e+05
   8.0521309e+05
   8.0583847e+05
   8.0635329e+05
   8.0706633e+05
   8.0764815e+05
   8.0857664e+05
   8.0931506e+05
   8.0991647e+05
   8.1137993e+05
   8.1211305e+05
   8.1355427e+05
   8.1440802e+05
   8.1498583e+05
   8.1573938e+05
   8.1610103e+05
   8.1779849e+05
   8.1814699e+05
   8.1888276e+05
   8.1963703e+05
   8.4063923e+05
   8.4155908e+05
   8.4212958e+05
   8.4256063e+05
   8.4296447e+05
   8.4351938e+05
   8.4423242e+05
   8.4495341e+05
   8.4545126e+05
   8.4608000e+05
   8.4668796e+05
   8.4709673e+05
   8.4761590e+05
   8.4809983e+05
   8.4877552e+05
   8.5017327e+05
   8.5056439e+05
   8.5100399e+05
   8.5203535e+05
   8.5251772e+05
   8.5387091e+05
   8.5443445e+05
   8.5508133e+05
   8.5560278e+05
   8.5607092e+05
   8.5663870e+05
   8.5750249e+05
   8.5885923e+05
   8.5935554e+05
   8.6016626e+05
   8.6068071e+05
   8.6111914e+05
   8.6199205e+05
   8.6371035e+05
   8.6426015e+05
   8.6537785e+05
   8.6590165e+05
   8.6690416e+05
   8.6740034e+05
   8.6817690e+05
   8.6867532e+05
   8.6910835e+05
   8.6963822e+05
   8.7015968e+05
   8.7047415e+05
   8.7099205e+05
   8.7174001e+05
   8.7240892e+05
   8.7280017e+05
   8.7337904e+05
   8.7376017e+05
   8.7420154e+05
   8.7509342e+05
   8.7616171e+05
   8.7708041e+05
   8.7801528e+05
   8.7903556e+05
   8.7956141e+05
   8.7997388e+05
   9.0111154e+05
   9.0151576e+05
   9.0239190e+05
   9.0309785e+05
   9.0422313e+05
   9.0502008e+05
   9.0557494e+05
   9.0597352e+05
   9.0660209e+05
   9.0739381e+05
   9.0802892e+05
   9.0868037e+05
   9.0931365e+05
   9.1013348e+05
   9.1111442e+05
   9.1162446e+05
   9.1237566e+05
   9.1473797e+05
   9.1523354e+05
   9.1647412e+05
   9.1696883e+05
   9.1740803e+05
   9.1782548e+05
   9.1925822e+05
   9.1988389e+05
   9.2089418e+05
   9.2145294e+05
   9.2205487e+05
   9.2283503e+05
   9.2369065e+05
   9.2440155e+05
   9.2516378e+05
   9.2616581e+05
   9.2673740e+05
   9.2772410e+05
   9.2841319e+05
   9.3058819e+05
   9.3112536e+05
   9.3164173e+05
   9.3248154e+05
   9.3297493e+05
   9.3701727e+05
   9.3736479e+05
   9.3809754e+05
   9.3869140e+05
   9.3929851e+05
   9.3985271e+05
   9.6843309e+05
   9.6911566e+05
   9.6997688e+05
   9.7050666e+05
   9.7119100e+05
   9.7174719e+05
   9.7239587e+05
   9.7303668e+05
   9.7358569e+05
   9.7459333e+05
   9.7519661e+05
   9.7561890e+05
   9.7637085e+05
   9.7686561e+05
   9.7732236e+05
   9.7768673e+05
   9.7815471e+05
   9.7881330e+05
   9.8239729e+05
   9.8285910e+05
   9.8327145e+05
   9.8387073e+05
   9.8471461e+05
   9.8510425e+05
   9.8581024e+05
   9.8688272e+05
   9.8750588e+05
   9.8824876e+05
   9.8928850e+05
   9.8987760e+05
   9.9018921e+05
   9.9102165e+05
   9.9151352e+05
   9.9192079e+05
   9.9241079e+05
   9.9281834e+05
   9.9399697e+05
   9.9455345e+05
   9.9517284e+05
   9.9593092e+05
   9.9665119e+05
   9.9724792e+05
   9.9781601e+05
   9.9839919e+05
   9.9887435e+05
   1.0205233e+06
   1.0215986e+06
   1.0223337e+06
   1.0228319e+06
   1.0233896e+06
   1.0238536e+06
   1.0246903e+06
   1.0262600e+06
   1.0273582e+06
   1.0278616e+06
   1.0288366e+06
   1.0301865e+06
   1.0307828e+06
   1.0314137e+06
   1.0326430e+06
   1.0338868e+06
   1.0348517e+06
   1.0355236e+06
   1.0372020e+06
   1.0378485e+06
   1.0384423e+06
   1.0389850e+06
   1.0393538e+06
   1.0425465e+06
   1.0433348e+06
   1.0442431e+06
   1.0448184e+06
   1.0460319e+06
   1.0464594e+06
   1.0468468e+06
   1.0479271e+06
   1.0484101e+06
   1.0490528e+06
   1.0506614e+06
   1.0512938e+06
   1.0518744e+06
   1.0527144e+06
   1.0541149e+06
   1.0545318e+06
   1.0552110e+06
   1.0558491e+06
   1.0568370e+06
   1.0575216e+06
   1.0579148e+06
   1.0585017e+06
   1.0588880e+06
   1.0807700e+06
   1.0812005e+06
   1.0815877e+06
   1.0823561e+06
   1.0836447e+06
   1.0841538e+06
   1.0846141e+06
   1.0850768e+06
   1.0854931e+06
   1.0860304e+06
   1.0868049e+06
   1.0876264e+06
   1.0881980e+06
   1.0888725e+06
   1.0895493e+06
   1.0903126e+06
   1.0908939e+06
   1.0920624e+06
   1.0943402e+06
   1.0955654e+06
   1.0960406e+06
   1.0964916e+06
   1.0970858e+06
   1.0975474e+06
   1.0980923e+06
   1.0984737e+06
   1.0988114e+06
   1.0996872e+06
   1.1002189e+06
   1.1006406e+06
   1.1014177e+06
   1.1021246e+06
   1.1026785e+06
   1.1032283e+06
   1.1040699e+06
   1.1050861e+06
   1.1054558e+06
   1.1062982e+06
   1.1075366e+06
   1.1084340e+06
   1.1091932e+06
   1.1101304e+06
   1.1111278e+06
   1.1115597e+06
   1.1121000e+06
   1.1128819e+06
   1.1134130e+06
   1.1140921e+06
   1.1147027e+06
   1.1154631e+06
   1.1159543e+06
   1.1163644e+06
   1.1169406e+06
   1.1173842e+06
   1.1183744e+06
   1.1186951e+06
   1.1194108e+06
   1.1404200e+06
   1.1456731e+06
   1.1461746e+06
   1.1469305e+06
   1.1476469e+06
   1.1481213e+06
   1.1487337e+06
   1.1498804e+06
   1.1509329e+06
   1.1513823e+06
   1.1519731e+06
   1.1525385e+06
   1.1530836e+06
   1.1547362e+06
   1.1555182e+06
   1.1562082e+06
   1.1567307e+06
   1.1574902e+06
   1.1583750e+06
   1.1591497e+06
   1.1600096e+06
   1.1607272e+06
   1.1612938e+06
   1.1618089e+06
   1.1624944e+06
   1.1630087e+06
   1.1650944e+06
   1.1654957e+06
   1.1665892e+06
   1.1671815e+06
   1.1677022e+06
   1.1683466e+06
   1.1690764e+06
   1.1700151e+06
   1.1706281e+06
   1.1710388e+06
   1.1714918e+06
   1.1720947e+06
   1.1729334e+06
   1.1734284e+06
   1.1745370e+06
   1.1750851e+06
   1.1757909e+06
   1.1763454e+06
   1.1772219e+06
   1.1776744e+06
   1.1783148e+06
   1.1791433e+06
   1.1797074e+06
   1.2009504e+06
   1.2014155e+06
   1.2018108e+06
   1.2023895e+06
   1.2027693e+06
   1.2035152e+06
   1.2039828e+06
   1.2044481e+06
   1.2050075e+06
   1.2055660e+06
   1.2060504e+06
   1.2081319e+06
   1.2086781e+06
   1.2094252e+06
   1.2102119e+06
   1.2109131e+06
   1.2115914e+06
   1.2120676e+06
   1.2125513e+06
   1.2131362e+06
   1.2137125e+06
   1.2143420e+06
   1.2231489e+06
   1.2238844e+06
   1.2245471e+06
   1.2258979e+06
   1.2272499e+06
   1.2276666e+06
   1.2281926e+06
   1.2286729e+06
   1.2293315e+06
   1.2300396e+06
   1.2354097e+06
   1.2360105e+06
   1.2370048e+06
   1.2376898e+06
   1.2382381e+06
   1.2387370e+06
   1.2393635e+06
   1.2398831e+06
   1.2606384e+06
   1.2612741e+06
   1.2617001e+06
   1.2623917e+06
   1.2628536e+06
   1.2638509e+06
   1.2643255e+06
   1.2648738e+06
   1.2652518e+06
   1.2657880e+06
   1.2662236e+06
   1.2666440e+06
   1.2671954e+06
   1.2679123e+06
   1.2684186e+06
   1.2693319e+06
   1.2699639e+06
   1.2703686e+06
   1.2712941e+06
   1.2717492e+06
   1.2721827e+06
   1.2728505e+06
   1.2733403e+06
   1.2738515e+06
   1.2742651e+06
   1.2750556e+06
   1.2756366e+06
   1.2760617e+06
   1.2765124e+06
   1.2770871e+06
   1.2779737e+06
   1.2802651e+06
   1.2806835e+06
   1.2814894e+06
   1.2841246e+06
   1.2846461e+06
   1.2855347e+06
   1.2860710e+06
   1.2868242e+06
   1.2873501e+06
   1.2881693e+06
   1.2888046e+06
   1.2902004e+06
   1.2915339e+06
   1.2922339e+06
   1.2935790e+06
   1.2939845e+06
   1.2946692e+06
   1.2950384e+06
   1.2956625e+06
   1.2963298e+06
   1.2976290e+06
   1.2983010e+06
   1.2988094e+06
   1.2992971e+06
   1.2999310e+06
   1.3204248e+06
   1.3210116e+06
   1.3214475e+06
   1.3219556e+06
   1.3225148e+06
   1.3233118e+06
   1.3237593e+06
   1.3242512e+06
   1.3247684e+06
   1.3253703e+06
   1.3258495e+06
   1.3268237e+06
   1.3303296e+06
   1.3307305e+06
   1.3312750e+06
   1.3317512e+06
   1.3348041e+06
   1.3355575e+06
   1.3362644e+06
   1.3382083e+06
   1.3386493e+06
   1.3390058e+06
   1.3394179e+06
   1.3400479e+06
   1.3405605e+06
   1.3416443e+06
   1.3423627e+06
   1.3432491e+06
   1.3437794e+06
   1.3481902e+06
   1.3487343e+06
   1.3491134e+06
   1.3497008e+06
   1.3505464e+06
   1.3516174e+06
   1.3523557e+06
   1.3530009e+06
   1.3538428e+06
   1.3553535e+06
   1.3558473e+06
   1.3566998e+06
   1.3573414e+06
   1.3582931e+06
   1.3587831e+06
   1.3594140e+06
   1.3599276e+06
   1.3806441e+06
   1.3815683e+06
   1.3821029e+06
   1.3829883e+06
   1.3839434e+06
   1.3843918e+06
   1.3851212e+06
   1.3856568e+06
   1.3860559e+06
   1.3870256e+06
   1.3878770e+06
   1.3886427e+06
   1.3892074e+06
   1.3901125e+06
   1.3905984e+06
   1.3912768e+06
   1.3924996e+06
   1.3936764e+06
   1.3940351e+06
   1.3950813e+06
   1.3958779e+06
   1.3971739e+06
   1.3979089e+06
   1.3985639e+06
   1.3992656e+06
   1.4001553e+06
   1.4008649e+06
   1.4015615e+06
   1.4029285e+06
   1.4039915e+06
   1.4048349e+06
   1.4055787e+06
   1.4060315e+06
   1.4064518e+06
   1.4071570e+06
   1.4076187e+06
   1.4083379e+06
   1.4088017e+06
   1.4092738e+06
   1.4101590e+06
   1.4112771e+06
   1.4134127e+06
   1.4143061e+06
   1.4150104e+06
   1.4157161e+06
   1.4161039e+06
   1.4182160e+06
   1.4186582e+06
   1.4199937e+06
   1.4404659e+06
   1.4408636e+06
   1.4414577e+06
   1.4418448e+06
   1.4423251e+06
   1.4428175e+06
   1.4432238e+06
   1.4438690e+06
   1.4444644e+06
   1.4450918e+06
   1.4458005e+06
   1.4464077e+06
   1.4468381e+06
   1.4484861e+06
   1.4508371e+06
   1.4515277e+06
   1.4529195e+06
   1.4532568e+06
   1.4545746e+06
   1.4550917e+06
   1.4559714e+06
   1.4568461e+06
   1.4571997e+06
   1.4578475e+06
   1.4585354e+06
   1.4588328e+06
   1.4600417e+06
   1.4610659e+06
   1.4617520e+06
   1.4621382e+06
   1.4632471e+06
   1.4638229e+06
   1.4643838e+06
   1.4654138e+06
   1.4659745e+06
   1.4670171e+06
   1.4675335e+06
   1.4679913e+06
   1.4686031e+06
   1.4696859e+06
   1.4704389e+06
   1.4709712e+06
   1.4716195e+06
   1.4722811e+06
   1.4727147e+06
   1.4734222e+06
   1.4739648e+06
   1.4744884e+06
   1.4754470e+06
   1.4761770e+06
   1.4771445e+06
   1.4777573e+06
   1.4781863e+06
   1.4788000e+06
   1.4793505e+06
   1.4798969e+06
   1.5005406e+06
   1.5021247e+06
   1.5029077e+06
   1.5037235e+06
   1.5046820e+06
   1.5051881e+06
   1.5056565e+06
   1.5065106e+06
   1.5072258e+06
   1.5079166e+06
   1.5084437e+06
   1.5088966e+06
   1.5094411e+06
   1.5100963e+06
   1.5107259e+06
   1.5115837e+06
   1.5121689e+06
   1.5160036e+06
   1.5164373e+06
   1.5169827e+06
   1.5181802e+06
   1.5190807e+06
   1.5197834e+06
   1.5201780e+06
   1.5209011e+06
   1.5213586e+06
   1.5217662e+06
   1.5222951e+06
   1.5228068e+06
   1.5233127e+06
   1.5248815e+06
   1.5258534e+06
   1.5268010e+06
   1.5273350e+06
   1.5320999e+06
   1.5325837e+06
   1.5330130e+06
   1.5356280e+06
   1.5360177e+06
   1.5369593e+06
   1.5374679e+06
   1.5381506e+06
   1.5386528e+06
   1.5393138e+06
   1.5399110e+06
   1.5604695e+06
   1.5725876e+06
   1.5731169e+06
   1.5737019e+06
   1.5743400e+06
   1.5747328e+06
   1.5755554e+06
   1.5760732e+06
   1.5769153e+06
   1.5775671e+06
   1.5781119e+06
   1.5784920e+06
   1.5791049e+06
   1.5795353e+06
   1.5802778e+06
   1.5826870e+06
   1.5831869e+06
   1.5835516e+06
   1.5839412e+06
   1.5862001e+06
   1.5870875e+06
   1.5875144e+06
   1.5881872e+06
   1.5888329e+06
   1.5891959e+06
   1.5898419e+06
   1.5904640e+06
   1.5908954e+06
   1.5912035e+06
   1.5916825e+06
   1.5923076e+06
   1.5928441e+06
   1.5933742e+06
   1.5938374e+06
   1.5942625e+06
   1.5948181e+06
   1.5957632e+06
   1.5961708e+06
   1.5970380e+06
   1.5975287e+06
   1.5980361e+06
   1.5987748e+06
   1.5993165e+06
   1.5998599e+06
   1.6210425e+06
   1.6217064e+06
   1.6223466e+06
   1.6228986e+06
   1.6232214e+06
   1.6237445e+06
   1.6242159e+06
   1.6246786e+06
   1.6251772e+06
   1.6254916e+06
   1.6261014e+06
   1.6265956e+06
   1.6276026e+06
   1.6281873e+06
   1.6288287e+06
   1.6293155e+06
   1.6299680e+06
   1.6317090e+06
   1.6323071e+06
   1.6327420e+06
   1.6331060e+06
   1.6335891e+06
   1.6344420e+06
   1.6349070e+06
   1.6354384e+06
   1.6358979e+06
   1.6365316e+06
   1.6372036e+06
   1.6375687e+06
   1.6380820e+06
   1.6391060e+06
   1.6396232e+06
   1.6405248e+06
   1.6408022e+06
   1.6412446e+06
   1.6415791e+06
   1.6423606e+06
   1.6435929e+06
   1.6439984e+06
   1.6446536e+06
   1.6452907e+06
   1.6459343e+06
   1.6464916e+06
   1.6475868e+06
   1.6485595e+06
   1.6504607e+06
   1.6514413e+06
   1.6521527e+06
   1.6529585e+06
   1.6554383e+06
   1.6562286e+06
   1.6567368e+06
   1.6572556e+06
   1.6583397e+06
   1.6587716e+06
   1.6593613e+06
   1.6598418e+06
   1.6805550e+06
   1.6809356e+06
   1.6818540e+06
   1.6828277e+06
   1.6835377e+06
   1.6841374e+06
   1.6853792e+06
   1.6857921e+06
   1.6863247e+06
   1.6867872e+06
   1.6877809e+06
   1.6894975e+06
   1.6899904e+06
   1.6906017e+06
   1.6910914e+06
   1.6918385e+06
   1.6928679e+06
   1.6960298e+06
   1.6965672e+06
   1.6973626e+06
   1.6977848e+06
   1.6983601e+06
   1.6990910e+06
   1.6995348e+06
   1.7002630e+06
   1.7009471e+06
   1.7017091e+06
   1.7023271e+06
   1.7028722e+06
   1.7033339e+06
   1.7038422e+06
   1.7046148e+06
   1.7056270e+06
   1.7061290e+06
   1.7070744e+06
   1.7074336e+06
   1.7079358e+06
   1.7083969e+06
   1.7089984e+06
   1.7094778e+06
   1.7098822e+06
   1.7105175e+06
   1.7109482e+06
   1.7118740e+06
   1.7124772e+06
   1.7129224e+06
   1.7134359e+06
   1.7138409e+06
   1.7143036e+06
   1.7148981e+06
   1.7155007e+06
   1.7160816e+06
   1.7164613e+06
   1.7169769e+06
   1.7174775e+06
   1.7184624e+06
   1.7404894e+06
   1.7411382e+06
   1.7423151e+06
   1.7429541e+06
   1.7437188e+06
   1.7441336e+06
   1.7446613e+06
   1.7451655e+06
   1.7459214e+06
   1.7464911e+06
   1.7469195e+06
   1.7478697e+06
   1.7483196e+06
   1.7487981e+06
   1.7493114e+06
   1.7497446e+06
   1.7507632e+06
   1.7513021e+06
   1.7521857e+06
   1.7530076e+06
   1.7536240e+06
   1.7543897e+06
   1.7548756e+06
   1.7554897e+06
   1.7573937e+06
   1.7580690e+06
   1.7586318e+06
   1.7593917e+06
   1.7598243e+06
   1.7604305e+06
   1.7608971e+06
   1.7618260e+06
   1.7633627e+06
   1.7640519e+06
   1.7644672e+06
   1.7652144e+06
   1.7658303e+06
   1.7664214e+06
   1.7671260e+06
   1.7674617e+06
   1.7678873e+06
   1.7683472e+06
   1.7689014e+06
   1.7696621e+06
   1.7704671e+06
   1.7711492e+06
   1.7718904e+06
   1.7726688e+06
   1.7751787e+06
   1.7757234e+06
   1.7769254e+06
   1.7773622e+06
   1.7779341e+06
   1.7786072e+06
   1.7793599e+06
   1.7797176e+06
   1.8005927e+06
   1.8010341e+06
   1.8015095e+06
   1.8020238e+06
   1.8024518e+06
   1.8033585e+06
   1.8058410e+06
   1.8063163e+06
   1.8066716e+06
   1.8076999e+06
   1.8082034e+06
   1.8086227e+06
   1.8091641e+06
   1.8095387e+06
   1.8109601e+06
   1.8116700e+06
   1.8124724e+06
   1.8129770e+06
   1.8134912e+06
   1.8140350e+06
   1.8147315e+06
   1.8151904e+06
   1.8155766e+06
   1.8163286e+06
   1.8170757e+06
   1.8176374e+06
   1.8180415e+06
   1.8185107e+06
   1.8190981e+06
   1.8198412e+06
   1.8203424e+06
   1.8214581e+06
   1.8221089e+06
   1.8226173e+06
   1.8233531e+06
   1.8245599e+06
   1.8253730e+06
   1.8261119e+06
   1.8264553e+06
   1.8269902e+06
   1.8273635e+06
   1.8278996e+06
   1.8287329e+06
   1.8294237e+06
   1.8298679e+06
   1.8319500e+06
   1.8323574e+06
   1.8331629e+06
   1.8340123e+06
   1.8345034e+06
   1.8353181e+06
   1.8359895e+06
   1.8369768e+06
   1.8374669e+06
   1.8379870e+06
   1.8385863e+06
   1.8391676e+06
   1.8395904e+06
   1.8606109e+06
   1.8609886e+06
   1.8616467e+06
   1.8623746e+06
   1.8629896e+06
   1.8643341e+06
   1.8657021e+06
   1.8667283e+06
   1.8671216e+06
   1.8676310e+06
   1.8681211e+06
   1.8685726e+06
   1.8717648e+06
   1.8723071e+06
   1.8729237e+06
   1.8740699e+06
   1.8745481e+06
   1.8749854e+06
   1.8756346e+06
   1.8761420e+06
   1.8774738e+06
   1.8789102e+06
   1.8799307e+06
   1.8806790e+06
   1.8811773e+06
   1.8816399e+06
   1.8821140e+06
   1.8837776e+06
   1.8851630e+06
   1.8855521e+06
   1.8860891e+06
   1.8868942e+06
   1.8876351e+06
   1.8881065e+06
   1.8891103e+06
   1.8897152e+06
   1.8906433e+06
   1.8924800e+06
   1.8929347e+06
   1.8960042e+06
   1.8974120e+06
   1.8978639e+06
   1.8983101e+06
   1.8989038e+06
   1.8994993e+06
   1.8931253e+06
   1.8934635e+06
   1.8942438e+06
   1.8946801e+06
   1.8951891e+06
   1.8958159e+06
   1.8962971e+06
   1.8969350e+06
   1.8973229e+06
   1.8979088e+06
   1.8989991e+06
   1.8994849e+06
