   5.0309312e+02
   1.5650952e+03
   4.4923262e+03
   5.0984636e+03
   5.5741590e+03
   6.3083609e+03
   7.6286030e+03
   7.9874843e+03
   8.8805596e+03
   9.4895983e+03
   1.0519303e+04
   1.1732550e+04
   1.2134869e+04
   1.2856015e+04
   1.3619518e+04
   1.4259130e+04
   1.5169538e+04
   1.5565115e+04
   1.7505677e+04
   1.9108772e+04
   1.9496386e+04
   2.0172701e+04
   2.0751920e+04
   2.1143216e+04
   2.1875928e+04
   2.2550026e+04
   2.3085429e+04
   2.7009584e+04
   2.7539128e+04
   2.8648285e+04
   2.9753280e+04
   3.0208840e+04
   3.1051940e+04
   3.2114619e+04
   3.2656267e+04
   3.3433217e+04
   3.4004989e+04
   3.5299757e+04
   3.6338918e+04
   3.6813799e+04
   3.7754500e+04
   3.8327768e+04
   3.9105984e+04
   4.0760404e+04
   4.0411659e+04
   4.0794553e+04
   4.1466208e+04
   4.1956486e+04
   4.2678051e+04
   4.3415353e+04
   4.4050310e+04
   4.4438081e+04
   4.5146246e+04
   4.5985430e+04
   4.6340980e+04
   4.7782383e+04
   4.8325276e+04
   4.8844925e+04
   4.9571178e+04
   5.0072740e+04
   5.0525584e+04
   5.1021270e+04
   5.1569965e+04
   5.2337379e+04
   5.2755056e+04
   5.3216214e+04
   5.3767006e+04
   5.4637108e+04
   5.5418733e+04
   5.6073542e+04
   5.6672560e+04
   5.7250058e+04
   5.7909680e+04
   5.9218051e+04
   1.0081024e+05
   1.0125924e+05
   1.0224099e+05
   1.0432832e+05
   1.0501840e+05
   1.0562451e+05
   1.0600521e+05
   1.0656388e+05
   1.0740319e+05
   1.0788206e+05
   1.0829625e+05
   1.0928524e+05
   1.0972881e+05
   1.1310005e+05
   1.1379841e+05
   1.1532169e+05
   1.1588157e+05
   1.1639704e+05
   1.1702365e+05
   1.1761339e+05
   1.1806466e+05
   1.1856932e+05
   1.1896334e+05
   1.6054592e+05
   1.6131661e+05
   1.6183163e+05
   1.6235572e+05
   1.6279052e+05
   1.6351712e+05
   1.6440806e+05
   1.6500257e+05
   1.6562739e+05
   1.6638543e+05
   1.6697034e+05
   1.6757418e+05
   1.6814207e+05
   1.6878617e+05
   1.6929068e+05
   1.6997235e+05
   1.7071760e+05
   1.7133910e+05
   1.7282475e+05
   1.7381030e+05
   1.7446869e+05
   1.7505145e+05
   1.7585310e+05
   1.7658292e+05
   1.7719863e+05
   1.7762894e+05
   1.7800895e+05
   1.7950504e+05
   1.7999573e+05
   2.2066349e+05
   2.2131223e+05
   2.2223687e+05
   2.2323258e+05
   2.2368568e+05
   2.2428111e+05
   2.2537433e+05
   2.2617492e+05
   2.2841849e+05
   2.2886136e+05
   2.2970641e+05
   2.3044444e+05
   2.3348001e+05
   2.3380734e+05
   2.3463025e+05
   2.3537863e+05
   2.3598071e+05
   2.3711458e+05
   2.3793134e+05
   2.3841217e+05
   2.3883477e+05
   2.3983085e+05
   2.8031663e+05
   2.8100224e+05
   2.8218114e+05
   2.8268400e+05
   2.8327297e+05
   2.8378361e+05
   2.8425812e+05
   2.8517742e+05
   2.8572000e+05
   2.8645820e+05
   2.8745088e+05
   2.8866677e+05
   2.8944756e+05
   2.9049157e+05
   2.9124846e+05
   2.9186464e+05
   2.9225352e+05
   2.9376795e+05
   2.9464037e+05
   2.9506058e+05
   2.9552064e+05
   2.9602787e+05
   2.9636213e+05
   2.9696055e+05
   2.9754366e+05
   2.9825362e+05
   2.9917505e+05
   2.9981837e+05
   3.4040580e+05
   3.4146824e+05
   3.4191972e+05
   3.4241545e+05
   3.4295500e+05
   3.4377887e+05
   3.4501169e+05
   3.4558756e+05
   3.4642199e+05
   3.4762513e+05
   3.4828277e+05
   3.4884633e+05
   3.4932010e+05
   3.5023633e+05
   3.5076442e+05
   3.5124028e+05
   3.5197360e+05
   3.5260986e+05
   3.5345900e+05
   3.5449605e+05
   3.5488653e+05
   3.5531592e+05
   3.5590493e+05
   3.5663827e+05
   3.5719895e+05
   3.5768815e+05
   3.5832688e+05
   3.5889618e+05
   3.5958233e+05
   4.0140144e+05
   4.0364871e+05
   4.0560272e+05
   4.0603073e+05
   4.0640813e+05
   4.0735039e+05
   4.0786953e+05
   4.0860504e+05
   4.0929527e+05
   4.1011460e+05
   4.1070305e+05
   4.1128371e+05
   4.1186266e+05
   4.1249467e+05
   4.1325090e+05
   4.1445523e+05
   4.1495702e+05
   4.1531765e+05
   4.1591554e+05
   4.1709474e+05
   4.1763871e+05
   4.1840660e+05
   4.1872960e+05
   4.1911596e+05
   4.1951878e+05
   4.6032408e+05
   4.6126175e+05
   4.6163604e+05
   4.6227826e+05
   4.6295085e+05
   4.6773629e+05
   4.6837227e+05
   4.6896003e+05
   4.6963388e+05
   4.7007061e+05
   4.7089500e+05
   4.7153499e+05
   4.7206152e+05
   4.7243950e+05
   4.7293696e+05
   4.7340330e+05
   4.7387330e+05
   4.7519064e+05
   4.7567346e+05
   4.7611251e+05
   4.7677129e+05
   4.7728993e+05
   4.7800696e+05
   4.7922475e+05
   4.7966603e+05
   5.2106288e+05
   5.2177872e+05
   5.2290313e+05
   5.2352015e+05
   5.2406183e+05
   5.2500487e+05
   5.2542668e+05
   5.2643557e+05
   5.2798120e+05
   5.2844378e+05
   5.2902342e+05
   5.2965467e+05
   5.3052554e+05
   5.3141978e+05
   5.3195631e+05
   5.3242777e+05
   5.3350158e+05
   5.3393846e+05
   5.3446980e+05
   5.3485886e+05
   5.3577488e+05
   5.3614238e+05
   5.3683186e+05
   5.3720707e+05
   5.3757184e+05
   5.3859154e+05
   5.3924233e+05
   5.3996329e+05
   5.8086622e+05
   5.8147015e+05
   5.8224237e+05
   5.8280138e+05
   5.8427933e+05
   5.8487382e+05
   5.8550248e+05
   5.8623559e+05
   5.8676052e+05
   5.8756389e+05
   5.8822902e+05
   5.8866222e+05
   5.8926870e+05
   5.8985054e+05
   5.9063138e+05
   5.9155713e+05
   5.9200693e+05
   5.9252201e+05
   5.9297776e+05
   5.9350230e+05
   5.9450957e+05
   5.9539560e+05
   5.9592497e+05
   5.9646849e+05
   5.9787651e+05
   5.9826990e+05
   5.9893390e+05
   5.9950239e+05
   5.9990868e+05
   6.0063438e+05
   6.0110276e+05
   6.0214223e+05
   6.0256351e+05
   6.0348783e+05
   6.0397100e+05
   6.0453573e+05
   6.0491919e+05
   6.0533066e+05
   6.0674690e+05
   6.0733025e+05
   6.0790877e+05
   6.0868281e+05
   6.0938879e+05
   6.0983697e+05
   6.1049129e+05
   6.1115782e+05
   6.1174919e+05
   6.1217629e+05
   6.1272797e+05
   6.1381527e+05
   6.1493004e+05
   6.1532319e+05
   6.1722816e+05
   6.1906456e+05
   6.1956192e+05
   6.2050151e+05
   6.2102300e+05
   6.2154256e+05
   6.2225728e+05
   6.2305590e+05
   6.2381611e+05
   6.2484319e+05
   6.2557389e+05
   6.2635687e+05
   6.2681606e+05
   6.2734735e+05
   6.2776072e+05
   6.2838935e+05
   6.2908349e+05
   6.2980850e+05
   6.3038460e+05
   6.3141616e+05
   6.3206427e+05
   6.3319596e+05
   6.3447623e+05
   6.3544719e+05
   6.3611355e+05
   6.3673919e+05
   6.3777735e+05
   6.3856285e+05
   6.3978651e+05
   6.5300226e+05
   6.5392759e+05
   6.5449565e+05
   6.5528550e+05
   6.5574244e+05
   6.6049454e+05
   6.6141620e+05
   6.6191287e+05
   6.6233874e+05
   6.6301074e+05
   6.6347694e+05
   6.6522336e+05
   6.6564766e+05
   6.6607691e+05
   6.6653858e+05
   6.6725405e+05
   6.6769404e+05
   6.6850143e+05
   6.6907807e+05
   6.6960111e+05
   6.7002423e+05
   6.7585805e+05
   6.7668244e+05
   6.7785620e+05
   6.7906939e+05
   6.8092125e+05
   6.8132098e+05
   6.8198271e+05
   6.8251762e+05
   6.8319147e+05
   6.8368997e+05
   6.8416767e+05
   6.8472873e+05
   6.8540424e+05
   6.8616152e+05
   6.8700398e+05
   6.8754890e+05
   6.8812005e+05
   6.8866931e+05
   6.8920791e+05
   6.8982803e+05
   6.9035263e+05
   6.9120791e+05
   6.9290223e+05
   6.9370739e+05
   6.9440489e+05
   6.9543129e+05
   6.9743482e+05
   6.9854300e+05
   6.9893143e+05
   6.9969433e+05
   7.0053185e+05
   7.0125548e+05
   7.0198734e+05
   7.0265172e+05
   7.0352211e+05
   7.0514436e+05
   7.0562670e+05
   7.0641404e+05
   7.0735335e+05
   7.1102777e+05
   7.1171058e+05
   7.1229191e+05
   7.1284813e+05
   7.1352537e+05
   7.1408685e+05
   7.1475837e+05
   7.1540269e+05
   7.1661193e+05
   7.1714634e+05
   7.1768956e+05
   7.1843604e+05
   7.1911306e+05
   7.2074794e+05
   7.2479450e+05
   7.2580201e+05
   7.2626672e+05
   7.2736505e+05
   7.2796326e+05
   7.2844286e+05
   7.2910067e+05
   7.3060260e+05
   7.3164078e+05
   7.3202159e+05
   7.3248927e+05
   7.3309452e+05
   7.3369442e+05
   7.3407368e+05
   7.3451473e+05
   7.3496204e+05
   7.3556918e+05
   7.3599650e+05
   7.3704196e+05
   7.3812644e+05
   7.3889534e+05
   7.4081204e+05
   7.4136897e+05
   7.4192087e+05
   7.4241170e+05
   7.4297016e+05
   7.4379539e+05
   7.4424874e+05
   7.4484748e+05
   7.4543378e+05
   7.4585432e+05
   7.4694633e+05
   7.4759474e+05
   7.4817960e+05
   7.4882201e+05
   7.4946657e+05
   7.4994849e+05
   7.5040586e+05
   7.5148746e+05
   7.5237695e+05
   7.5276784e+05
   7.5344347e+05
   7.5402259e+05
   7.5495834e+05
   7.5551160e+05
   7.5639900e+05
   7.5689549e+05
   7.5836940e+05
   7.5910667e+05
   7.6069992e+05
   7.6110485e+05
   7.6165529e+05
   7.6221285e+05
   7.6272781e+05
   7.6334003e+05
   7.6369133e+05
   7.6462860e+05
   7.6502095e+05
   7.6574978e+05
   7.6644596e+05
   7.6761441e+05
   7.6802018e+05
   7.6948875e+05
   7.7003872e+05
   7.7066351e+05
   7.7114963e+05
   7.7162550e+05
   7.7217309e+05
   7.7254441e+05
   7.7300248e+05
   7.7397748e+05
   7.7517951e+05
   7.7547939e+05
   7.7601916e+05
   7.7680272e+05
   7.7732401e+05
   7.7774462e+05
   7.7822638e+05
   7.7866592e+05
   7.7922643e+05
   7.7979120e+05
   8.2045514e+05
   8.2088097e+05
   8.2167479e+05
   8.2229685e+05
   8.2333228e+05
   8.2376181e+05
   8.2429150e+05
   8.2506085e+05
   8.2554318e+05
   8.2621358e+05
   8.2794864e+05
   8.2837504e+05
   8.2892300e+05
   8.3016373e+05
   8.3064668e+05
   8.3114081e+05
   8.3168113e+05
   8.3239428e+05
   8.3324358e+05
   8.3365342e+05
   8.3476793e+05
   8.3509856e+05
   8.3544172e+05
   8.3615919e+05
   8.3676547e+05
   8.3717904e+05
   8.3819603e+05
   8.3895653e+05
   8.3946000e+05
   8.8044084e+05
   8.8129928e+05
   8.8172537e+05
   8.8215225e+05
   8.8269482e+05
   8.8307084e+05
   8.8353425e+05
   8.8422694e+05
   8.8464603e+05
   8.8506988e+05
   8.8552089e+05
   8.8628014e+05
   8.8685452e+05
   8.8779343e+05
   8.8847027e+05
   8.8922723e+05
   8.9030296e+05
   8.9213150e+05
   8.9258926e+05
   8.9297900e+05
   8.9344016e+05
   8.9649487e+05
   8.9707915e+05
   8.9774305e+05
   8.9858839e+05
   8.9911163e+05
   8.9986228e+05
   9.4057200e+05
   9.4100161e+05
   9.4153987e+05
   9.4192350e+05
   9.4242596e+05
   9.4297789e+05
   9.4360802e+05
   9.4441055e+05
   9.4517219e+05
   9.4563727e+05
   9.4618007e+05
   9.4773058e+05
   9.4849497e+05
   9.4885199e+05
   9.4928143e+05
   9.4983136e+05
   9.5067614e+05
   9.5195219e+05
   9.5255563e+05
   9.5305310e+05
   9.5347933e+05
   9.5396026e+05
   9.5510651e+05
   9.5575502e+05
   9.5627030e+05
   9.5713820e+05
   9.5746995e+05
   9.5783465e+05
   9.5856972e+05
   9.5928354e+05
   1.0005779e+06
   1.0008835e+06
   1.0016116e+06
   1.0019877e+06
   1.0024147e+06
   1.0032474e+06
   1.0037229e+06
   1.0040693e+06
   1.0044982e+06
   1.0047930e+06
   1.0055671e+06
   1.0061419e+06
   1.0065745e+06
   1.0075324e+06
   1.0079654e+06
   1.0085866e+06
   1.0089519e+06
   1.0093979e+06
   1.0101118e+06
   1.0106632e+06
   1.0110881e+06
   1.0116250e+06
   1.0121036e+06
   1.0125779e+06
   1.0131045e+06
   1.0136196e+06
   1.0146321e+06
   1.0150211e+06
   1.0154184e+06
   1.0159006e+06
   1.0164469e+06
   1.0171892e+06
   1.0177155e+06
   1.0182055e+06
   1.0185710e+06
   1.0196892e+06
   1.0605111e+06
   1.0610552e+06
   1.0618592e+06
   1.0624581e+06
   1.0628389e+06
   1.0635722e+06
   1.0641437e+06
   1.0645955e+06
   1.0652230e+06
   1.0657152e+06
   1.0661101e+06
   1.0667702e+06
   1.0679116e+06
   1.0683868e+06
   1.0688609e+06
   1.0693634e+06
   1.0697051e+06
   1.0701613e+06
   1.0710829e+06
   1.0735767e+06
   1.0743597e+06
   1.0751239e+06
   1.0755776e+06
   1.0759758e+06
   1.0768087e+06
   1.0772293e+06
   1.0777530e+06
   1.0781119e+06
   1.0786210e+06
   1.0791752e+06
   1.0797665e+06
   1.1205948e+06
   1.1211453e+06
   1.1219477e+06
   1.1227436e+06
   1.1234137e+06
   1.1242823e+06
   1.1248513e+06
   1.1254559e+06
   1.1261296e+06
   1.1275393e+06
   1.1279317e+06
   1.1283634e+06
   1.1298111e+06
   1.1305016e+06
   1.1311167e+06
   1.1314946e+06
   1.1321347e+06
   1.1325153e+06
   1.1328942e+06
   1.1337471e+06
   1.1343950e+06
   1.1350750e+06
   1.1356416e+06
   1.1360075e+06
   1.1363347e+06
   1.1371107e+06
   1.1374583e+06
   1.1379771e+06
   1.1384351e+06
   1.1388907e+06
   1.1396703e+06
   1.1803902e+06
   1.1815749e+06
   1.1820505e+06
   1.1824841e+06
   1.1835909e+06
   1.1841290e+06
   1.1850874e+06
   1.1857497e+06
   1.1874100e+06
   1.1881784e+06
   1.1889598e+06
   1.1895216e+06
   1.1901556e+06
   1.1907431e+06
   1.1911129e+06
   1.1915847e+06
   1.1919228e+06
   1.1924119e+06
   1.1935379e+06
   1.1943629e+06
   1.1948264e+06
   1.1952248e+06
   1.1958389e+06
   1.1966262e+06
   1.1970381e+06
   1.1977667e+06
   1.1984269e+06
   1.1988914e+06
   1.1994955e+06
   1.2405744e+06
   1.2411221e+06
   1.2414515e+06
   1.2422363e+06
   1.2428739e+06
   1.2434211e+06
   1.2440240e+06
   1.2445625e+06
   1.2451119e+06
   1.2466681e+06
   1.2477050e+06
   1.2482392e+06
   1.2485874e+06
   1.2489821e+06
   1.2496786e+06
   1.2502570e+06
   1.2515553e+06
   1.2520434e+06
   1.2524080e+06
   1.2527880e+06
   1.2533062e+06
   1.2536691e+06
   1.2544798e+06
   1.2551136e+06
   1.2559320e+06
   1.2565234e+06
   1.2576965e+06
   1.2581110e+06
   1.2595676e+06
   1.2599857e+06
   1.3015179e+06
   1.3023476e+06
   1.3030870e+06
   1.3040810e+06
   1.3062048e+06
   1.3069835e+06
   1.3074640e+06
   1.3085104e+06
   1.3091855e+06
   1.3096843e+06
   1.3104829e+06
   1.3110785e+06
   1.3117242e+06
   1.3126688e+06
   1.3135810e+06
   1.3144697e+06
   1.3148601e+06
   1.3153626e+06
   1.3159493e+06
   1.3163162e+06
   1.3166745e+06
   1.3170735e+06
   1.3177255e+06
   1.3181703e+06
   1.3186554e+06
   1.3195883e+06
   1.3607115e+06
   1.3612661e+06
   1.3619623e+06
   1.3623139e+06
   1.3628182e+06
   1.3635342e+06
   1.3643642e+06
   1.3652243e+06
   1.3659198e+06
   1.3662781e+06
   1.3668166e+06
   1.3674436e+06
   1.3678564e+06
   1.3683182e+06
   1.3702989e+06
   1.3708776e+06
   1.3714359e+06
   1.3736602e+06
   1.3744593e+06
   1.3748856e+06
   1.3753467e+06
   1.3760568e+06
   1.4204633e+06
   1.4209265e+06
   1.4213786e+06
   1.4217742e+06
   1.4226073e+06
   1.4228868e+06
   1.4233112e+06
   1.4237305e+06
   1.4244642e+06
   1.4249831e+06
   1.4256546e+06
   1.4263541e+06
   1.4277872e+06
   1.4289897e+06
   1.4294849e+06
   1.4299945e+06
   1.4303584e+06
   1.4308862e+06
   1.4314921e+06
   1.4318918e+06
   1.4326675e+06
   1.4336392e+06
   1.4345424e+06
   1.4349994e+06
   1.4361268e+06
   1.4364884e+06
   1.4369019e+06
   1.4372542e+06
   1.4376416e+06
   1.4380689e+06
   1.4386924e+06
   1.4393063e+06
   1.4803880e+06
   1.4810569e+06
   1.4814719e+06
   1.4824265e+06
   1.4830321e+06
   1.4839704e+06
   1.4843477e+06
   1.4860218e+06
   1.4864172e+06
   1.4868899e+06
   1.4877876e+06
   1.4883299e+06
   1.4900329e+06
   1.4906233e+06
   1.4912193e+06
   1.4920467e+06
   1.4925185e+06
   1.4931078e+06
   1.4935230e+06
   1.4946398e+06
   1.4951743e+06
   1.4956786e+06
   1.4963628e+06
   1.4971233e+06
   1.4992999e+06
   1.5415136e+06
   1.5420646e+06
   1.5432454e+06
   1.5442302e+06
   1.5448292e+06
   1.5453694e+06
   1.5462847e+06
   1.5477520e+06
   1.5486722e+06
   1.5492185e+06
   1.5499230e+06
   1.5502475e+06
   1.5508773e+06
   1.5512819e+06
   1.5517944e+06
   1.5523832e+06
   1.5536574e+06
   1.5543901e+06
   1.5549130e+06
   1.5556493e+06
   1.5561444e+06
   1.5566737e+06
   1.5572736e+06
   1.5576063e+06
   1.5580005e+06
   1.5587831e+06
   1.5594709e+06
   1.6004503e+06
   1.6008807e+06
   1.6012791e+06
   1.6018789e+06
   1.6024712e+06
   1.6034115e+06
   1.6039086e+06
   1.6043256e+06
   1.6046434e+06
   1.6050585e+06
   1.6054632e+06
   1.6058216e+06
   1.6062662e+06
   1.6068320e+06
   1.6076612e+06
   1.6080933e+06
   1.6088790e+06
   1.6095782e+06
   1.6102710e+06
   1.6108610e+06
   1.6117468e+06
   1.6122063e+06
   1.6128285e+06
   1.6133747e+06
   1.6148405e+06
   1.6156749e+06
   1.6161082e+06
   1.6164709e+06
   1.6180101e+06
   1.6183346e+06
   1.6197440e+06
   1.6604062e+06
   1.6609792e+06
   1.6612960e+06
   1.6617075e+06
   1.6626955e+06
   1.6636082e+06
   1.6640239e+06
   1.6647057e+06
   1.6660815e+06
   1.6664853e+06
   1.6676310e+06
   1.6682569e+06
   1.6693023e+06
   1.6698327e+06
   1.6705615e+06
   1.6710751e+06
   1.6716232e+06
   1.6732432e+06
   1.6737206e+06
   1.6745592e+06
   1.6752747e+06
   1.6758768e+06
   1.6766023e+06
   1.6771894e+06
   1.6778670e+06
   1.6785671e+06
   1.6793711e+06
   1.6798652e+06
   1.7204312e+06
   1.7210703e+06
   1.7219527e+06
   1.7225681e+06
   1.7243281e+06
   1.7247800e+06
   1.7252588e+06
   1.7261785e+06
   1.7266362e+06
   1.7275845e+06
   1.7281159e+06
   1.7285653e+06
   1.7290856e+06
   1.7294857e+06
   1.7300726e+06
   1.7310955e+06
   1.7315765e+06
   1.7320280e+06
   1.7324232e+06
   1.7333261e+06
   1.7338812e+06
   1.7349143e+06
   1.7353179e+06
   1.7360669e+06
   1.7368944e+06
   1.7374502e+06
   1.7378881e+06
   1.7383930e+06
   1.7390020e+06
   1.7395250e+06
   1.7806746e+06
   1.7811401e+06
   1.7818794e+06
   1.7823479e+06
   1.7830104e+06
   1.7834398e+06
   1.7842316e+06
   1.7848442e+06
   1.7852335e+06
   1.7857280e+06
   1.7860802e+06
   1.7865328e+06
   1.7869639e+06
   1.7878545e+06
   1.7883720e+06
   1.7887511e+06
   1.7900593e+06
   1.7907235e+06
   1.7912355e+06
   1.7916865e+06
   1.7922645e+06
   1.7931392e+06
   1.7935170e+06
   1.7945182e+06
   1.7951102e+06
   1.7956442e+06
   1.7960020e+06
   1.7975941e+06
   1.7984309e+06
   1.7990139e+06
   1.7998368e+06
   1.8405847e+06
   1.8410358e+06
   1.8415490e+06
   1.8422105e+06
   1.8430231e+06
   1.8437530e+06
   1.8444187e+06
   1.8447571e+06
   1.8451783e+06
   1.8456831e+06
   1.8462050e+06
   1.8465533e+06
   1.8476063e+06
   1.8479670e+06
   1.8489079e+06
   1.8495404e+06
   1.8499979e+06
   1.8505709e+06
   1.8510710e+06
   1.8516244e+06
   1.8525422e+06
   1.8530516e+06
   1.8535989e+06
   1.8546285e+06
   1.8551211e+06
   1.8555632e+06
   1.8564413e+06
   1.8570735e+06
   1.8576784e+06
   1.8580437e+06
   1.8588794e+06
   1.8594515e+06
   1.9006989e+06
   1.9012122e+06
   1.9020549e+06
   1.9025004e+06
   1.9029439e+06
   1.9035595e+06
   1.9039967e+06
   1.9044656e+06
   1.9048998e+06
   1.9054929e+06
   1.9058388e+06
   1.9064137e+06
   1.9068254e+06
   1.9082084e+06
   1.9086279e+06
   1.9099660e+06
   1.9110934e+06
   1.9117611e+06
   1.9121249e+06
   1.9125090e+06
   1.9130768e+06
   1.9135415e+06
   1.9148684e+06
   1.9152404e+06
   1.9158506e+06
   1.9162917e+06
   1.9166482e+06
   1.9172609e+06
   1.9190118e+06
   1.9195131e+06
   6.0635741e+04
   6.1114173e+04
   6.1686655e+04
   6.2627752e+04
   6.3176438e+04
   6.3786469e+04
   6.4262946e+04
   6.4816977e+04
   6.5369652e+04
   6.5920621e+04
   6.6609863e+04
   6.7141137e+04
   6.7880335e+04
   6.8438361e+04
   7.1118356e+04
   7.1708670e+04
   7.2119477e+04
   7.3080758e+04
   7.3817709e+04
   7.4418224e+04
   7.4893476e+04
   7.7138530e+04
   7.8054615e+04
   7.8892661e+04
   7.9400334e+04
   7.9910917e+04
   8.0482275e+04
   8.1481958e+04
   8.2135976e+04
   8.3902450e+04
   8.6741605e+04
   8.7947664e+04
   8.8488373e+04
   8.9168983e+04
   8.9825264e+04
   9.0446378e+04
   9.1502929e+04
   9.2014887e+04
   9.2770818e+04
   9.3173425e+04
   9.3910804e+04
   9.4927680e+04
   9.6402913e+04
   9.6945204e+04
   9.7438017e+04
   9.7885162e+04
   9.8265410e+04
   9.9232049e+04
   1.2081535e+05
   1.2142352e+05
   1.2188024e+05
   1.2373166e+05
   1.2429428e+05
   1.2522731e+05
   1.2586404e+05
   1.2660387e+05
   1.2744115e+05
   1.2867810e+05
   1.2975253e+05
   1.3049051e+05
   1.3113556e+05
   1.3186621e+05
   1.3273895e+05
   1.3441374e+05
   1.3546337e+05
   1.3622833e+05
   1.3976967e+05
   1.4032128e+05
   1.4083827e+05
   1.4141292e+05
   1.4187887e+05
   1.4249300e+05
   1.4325346e+05
   1.4519953e+05
   1.4562634e+05
   1.4656789e+05
   1.4713360e+05
   1.4807898e+05
   1.4869931e+05
   1.4953201e+05
   1.5057951e+05
   1.5131362e+05
   1.5183149e+05
   1.5256224e+05
   1.5372477e+05
   1.5422232e+05
   1.5491141e+05
   1.5546352e+05
   1.5585357e+05
   1.5655108e+05
   1.5832673e+05
   1.5884922e+05
   1.5940064e+05
   1.8063416e+05
   1.8129386e+05
   1.8225621e+05
   1.8278425e+05
   1.8349408e+05
   1.8394979e+05
   1.8495761e+05
   1.8535554e+05
   1.8575904e+05
   1.8932465e+05
   1.9055951e+05
   1.9166157e+05
   1.9222212e+05
   1.9264352e+05
   1.9317711e+05
   1.9380211e+05
   2.0025991e+05
   2.0139911e+05
   2.0179089e+05
   2.0273261e+05
   2.0397780e+05
   2.0459122e+05
   2.0581814e+05
   2.0649281e+05
   2.0718193e+05
   2.0794590e+05
   2.0888349e+05
   2.0952785e+05
   2.1007449e+05
   2.1085994e+05
   2.1151501e+05
   2.1202760e+05
   2.1265970e+05
   2.1338569e+05
   2.1385985e+05
   2.1448027e+05
   2.1515717e+05
   2.1566129e+05
   2.1627293e+05
   2.1716445e+05
   2.1794901e+05
   2.1873428e+05
   2.1916588e+05
   2.4051040e+05
   2.4102954e+05
   2.4163966e+05
   2.4275948e+05
   2.4356148e+05
   2.4411998e+05
   2.4482172e+05
   2.4527304e+05
   2.4564601e+05
   2.4633018e+05
   2.4736025e+05
   2.4787183e+05
   2.4824983e+05
   2.4875563e+05
   2.4941973e+05
   2.4984603e+05
   2.5042659e+05
   2.5129322e+05
   2.5203908e+05
   2.5276873e+05
   2.5359079e+05
   2.5400977e+05
   2.5471725e+05
   2.5520851e+05
   2.5587082e+05
   2.5663874e+05
   2.5740187e+05
   2.5794470e+05
   2.5883124e+05
   2.5989273e+05
   2.6037934e+05
   2.6091308e+05
   2.6128749e+05
   2.6188384e+05
   2.6366947e+05
   2.6511730e+05
   2.6590256e+05
   2.6640361e+05
   2.6694836e+05
   2.6764508e+05
   2.6860429e+05
   2.6909652e+05
   2.6976689e+05
   2.7226558e+05
   2.7331647e+05
   2.7399112e+05
   2.7471828e+05
   2.7579253e+05
   2.7665207e+05
   2.7731795e+05
   2.7800448e+05
   2.7860127e+05
   2.7920163e+05
   3.0131452e+05
   3.0223140e+05
   3.0281242e+05
   3.0342396e+05
   3.0398378e+05
   3.0456224e+05
   3.0799384e+05
   3.0846165e+05
   3.0925570e+05
   3.0980146e+05
   3.1047999e+05
   3.2477962e+05
   3.2617768e+05
   3.2899692e+05
   3.2966204e+05
   3.3037276e+05
   3.3102565e+05
   3.3163782e+05
   3.3248869e+05
   3.3352433e+05
   3.3393332e+05
   3.3498871e+05
   3.3637053e+05
   3.3711720e+05
   3.3780723e+05
   3.3867248e+05
   3.3934677e+05
   3.3982170e+05
   3.6055349e+05
   3.6112146e+05
   3.6163934e+05
   3.6210914e+05
   3.6313569e+05
   3.6653431e+05
   3.6713401e+05
   3.6789738e+05
   3.6910867e+05
   3.6965436e+05
   3.7029004e+05
   3.7101538e+05
   3.7150261e+05
   3.7237117e+05
   3.7292117e+05
   3.7364189e+05
   3.7416352e+05
   3.7501727e+05
   3.7573710e+05
   3.7839558e+05
   3.7917754e+05
   3.7972982e+05
   3.8066621e+05
   3.8132388e+05
   3.8598792e+05
   3.8663582e+05
   3.8739544e+05
   3.8795894e+05
   3.8840040e+05
   3.8900113e+05
   3.8942597e+05
   3.9061012e+05
   3.9179383e+05
   3.9294444e+05
   3.9379518e+05
   3.9426674e+05
   3.9527898e+05
   3.9571829e+05
   3.9672497e+05
   3.9756747e+05
   3.9803273e+05
   3.9851396e+05
   3.9916117e+05
   3.9989654e+05
   4.2088190e+05
   4.2148194e+05
   4.2193590e+05
   4.2233024e+05
   4.2365471e+05
   4.2422226e+05
   4.2495739e+05
   4.2545764e+05
   4.2596218e+05
   4.2677420e+05
   4.2728899e+05
   4.2792963e+05
   4.2845616e+05
   4.2907670e+05
   4.2980778e+05
   4.3023362e+05
   4.3062546e+05
   4.3109288e+05
   4.3177854e+05
   4.3246369e+05
   4.3320870e+05
   4.3376847e+05
   4.3498743e+05
   4.3614721e+05
   4.3717243e+05
   4.3819572e+05
   4.3885054e+05
   4.3937890e+05
   4.4038101e+05
   4.4126359e+05
   4.4202721e+05
   4.4286344e+05
   4.4334476e+05
   4.4394005e+05
   4.4445565e+05
   4.4500154e+05
   4.4605675e+05
   4.4663053e+05
   4.4706103e+05
   4.4807205e+05
   4.4873154e+05
   4.4916103e+05
   4.4975922e+05
   4.5078169e+05
   4.5164817e+05
   4.5280701e+05
   4.5345262e+05
   4.5392052e+05
   4.5474173e+05
   4.5573245e+05
   4.5616587e+05
   4.5727900e+05
   4.5782997e+05
   4.5847085e+05
   4.5912806e+05
   4.5978611e+05
   4.8050982e+05
   4.8128575e+05
   4.8219864e+05
   4.8305467e+05
   4.8358883e+05
   4.8475224e+05
   4.8515407e+05
   4.8625049e+05
   4.8709605e+05
   4.8764331e+05
   4.8817485e+05
   4.8874359e+05
   4.8918688e+05
   4.9006317e+05
   4.9077950e+05
   4.9153708e+05
   4.9228508e+05
   4.9288609e+05
   4.9345082e+05
   4.9452113e+05
   4.9492954e+05
   4.9542145e+05
   4.9640219e+05
   4.9713154e+05
   4.9843510e+05
   4.9892389e+05
   4.9939106e+05
   5.0016622e+05
   5.0088568e+05
   5.0156242e+05
   5.0319025e+05
   5.0413246e+05
   5.0513642e+05
   5.0586071e+05
   5.0635578e+05
   5.0690074e+05
   5.0786895e+05
   5.0879700e+05
   5.0959618e+05
   5.1089334e+05
   5.1185130e+05
   5.1230290e+05
   5.1294728e+05
   5.1484495e+05
   5.1569955e+05
   5.1622945e+05
   5.1690051e+05
   5.1746566e+05
   5.4173247e+05
   5.4213319e+05
   5.4250706e+05
   5.4302225e+05
   5.4350806e+05
   5.4421737e+05
   5.4465411e+05
   5.4544638e+05
   5.4610468e+05
   5.4703982e+05
   5.4789385e+05
   5.4855415e+05
   5.4927979e+05
   5.5014341e+05
   5.5105428e+05
   5.5186071e+05
   5.5269498e+05
   5.5317081e+05
   5.5360503e+05
   5.5425108e+05
   5.5479292e+05
   5.5535320e+05
   5.5654493e+05
   5.5740560e+05
   5.5812862e+05
   5.5885376e+05
   5.5938114e+05
   5.6031829e+05
   5.6205890e+05
   5.6253097e+05
   5.6310784e+05
   5.6404697e+05
   5.6894361e+05
   5.6958313e+05
   5.7031960e+05
   5.7077326e+05
   5.7132800e+05
   5.7200038e+05
   5.7238063e+05
   5.7338356e+05
   5.7379218e+05
   5.7444756e+05
   5.7583414e+05
   5.7653066e+05
   5.7747270e+05
   5.7823933e+05
   5.7910893e+05
   7.8105849e+05
   7.8160437e+05
   7.8217185e+05
   7.8285952e+05
   7.8359807e+05
   7.8434220e+05
   7.8495379e+05
   7.8584228e+05
   7.8622290e+05
   7.8835575e+05
   7.8901903e+05
   7.8990805e+05
   7.9039022e+05
   7.9089811e+05
   7.9140793e+05
   7.9222498e+05
   7.9296520e+05
   7.9347423e+05
   7.9389556e+05
   7.9451521e+05
   7.9499324e+05
   7.9570532e+05
   7.9681989e+05
   7.9729874e+05
   7.9804872e+05
   7.9856187e+05
   7.9939786e+05
   8.0028120e+05
   8.0063931e+05
   8.0120296e+05
   8.0202066e+05
   8.0248105e+05
   8.0297804e+05
   8.0340028e+05
   8.0449865e+05
   8.0497161e+05
   8.0855696e+05
   8.1047633e+05
   8.1149010e+05
   8.1194782e+05
   8.1260274e+05
   8.1883632e+05
   8.1916726e+05
   8.1963155e+05
   8.4048171e+05
   8.4612971e+05
   8.4651504e+05
   8.4721249e+05
   8.4790460e+05
   8.4846831e+05
   8.4950891e+05
   8.5002486e+05
   8.5117917e+05
   8.5210018e+05
   8.5262594e+05
   8.5305004e+05
   8.5361904e+05
   8.5415282e+05
   8.5488452e+05
   8.5534479e+05
   8.5594814e+05
   8.5649592e+05
   8.5753054e+05
   8.5808466e+05
   8.5862138e+05
   8.6217036e+05
   8.6266325e+05
   8.6388193e+05
   8.6466222e+05
   8.6563322e+05
   8.6614361e+05
   8.6679067e+05
   8.6749708e+05
   8.6807780e+05
   8.6864265e+05
   8.6929239e+05
   8.7124239e+05
   8.7246719e+05
   8.7295375e+05
   8.7420879e+05
   8.7500847e+05
   8.7568770e+05
   8.7645711e+05
   8.7692765e+05
   8.7798359e+05
   8.7855526e+05
   8.7914211e+05
   8.7965800e+05
   9.0232960e+05
   9.0292583e+05
   9.0357882e+05
   9.0409648e+05
   9.0590040e+05
   9.0666323e+05
   9.0902380e+05
   9.0952586e+05
   9.1098609e+05
   9.1184633e+05
   9.1257105e+05
   9.1313423e+05
   9.1382148e+05
   9.1455716e+05
   9.1488370e+05
   9.1533339e+05
   9.1697717e+05
   9.1755256e+05
   9.1836607e+05
   9.1881441e+05
   9.1964203e+05
   9.2045812e+05
   9.2109109e+05
   9.2192925e+05
   9.2261684e+05
   9.2445558e+05
   9.2485541e+05
   9.2542446e+05
   9.2610818e+05
   9.2660662e+05
   9.2726906e+05
   9.2787450e+05
   9.2838031e+05
   9.2907352e+05
   9.2967897e+05
   9.3041106e+05
   9.3092998e+05
   9.3351908e+05
   9.3481211e+05
   9.3551859e+05
   9.3616963e+05
   9.3663936e+05
   9.3709164e+05
   9.3798678e+05
   9.3845572e+05
   9.3903102e+05
   9.3979739e+05
   9.6059709e+05
   9.6157200e+05
   9.7073191e+05
   9.7112970e+05
   9.7150761e+05
   9.7203031e+05
   9.7301427e+05
   9.7338428e+05
   9.7396536e+05
   9.7445966e+05
   9.7487992e+05
   9.7543963e+05
   9.7704632e+05
   9.7795600e+05
   9.7858729e+05
   9.7951464e+05
   9.7988980e+05
   9.8088837e+05
   9.8136295e+05
   9.8313671e+05
   9.8658763e+05
   9.8708186e+05
   9.8796523e+05
   9.8844328e+05
   9.9130757e+05
   9.9184746e+05
   9.9450760e+05
   9.9522818e+05
   9.9776177e+05
   9.9807976e+05
   9.9880953e+05
   9.9969445e+05
   1.0207103e+06
   1.0212422e+06
   1.0219310e+06
   1.0223671e+06
   1.0229502e+06
   1.0234144e+06
   1.0238708e+06
   1.0249650e+06
   1.0258095e+06
   1.0269023e+06
   1.0275419e+06
   1.0285129e+06
   1.0297963e+06
   1.0304463e+06
   1.0308373e+06
   1.0313512e+06
   1.0321799e+06
   1.0330895e+06
   1.0335081e+06
   1.0343075e+06
   1.0348466e+06
   1.0356218e+06
   1.0363029e+06
   1.0369558e+06
   1.0375157e+06
   1.0394752e+06
   1.0402836e+06
   1.0407501e+06
   1.0413165e+06
   1.0418515e+06
   1.0425163e+06
   1.0433347e+06
   1.0441450e+06
   1.0446568e+06
   1.0450544e+06
   1.0456419e+06
   1.0461914e+06
   1.0469978e+06
   1.0475399e+06
   1.0479608e+06
   1.0488406e+06
   1.0492801e+06
   1.0499006e+06
   1.0504495e+06
   1.0509324e+06
   1.0515759e+06
   1.0524406e+06
   1.0532928e+06
   1.0539486e+06
   1.0546433e+06
   1.0558034e+06
   1.0562329e+06
   1.0569333e+06
   1.0576266e+06
   1.0582505e+06
   1.0586983e+06
   1.0594938e+06
   1.0808629e+06
   1.0814416e+06
   1.0819212e+06
   1.0825557e+06
   1.0830197e+06
   1.0837815e+06
   1.0843672e+06
   1.0852608e+06
   1.0856643e+06
   1.0860958e+06
   1.0867777e+06
   1.0874244e+06
   1.0882263e+06
   1.0890824e+06
   1.0897151e+06
   1.0901490e+06
   1.0907215e+06
   1.0928452e+06
   1.0936336e+06
   1.0941834e+06
   1.0953869e+06
   1.0962898e+06
   1.0969461e+06
   1.0975038e+06
   1.0983634e+06
   1.0989814e+06
   1.1031332e+06
   1.1041894e+06
   1.1046702e+06
   1.1053490e+06
   1.1065836e+06
   1.1072980e+06
   1.1078855e+06
   1.1091274e+06
   1.1098673e+06
   1.1130083e+06
   1.1137821e+06
   1.1142990e+06
   1.1156955e+06
   1.1162102e+06
   1.1167515e+06
   1.1171511e+06
   1.1178681e+06
   1.1188250e+06
   1.1196546e+06
   1.1406812e+06
   1.1413628e+06
   1.1423529e+06
   1.1429656e+06
   1.1434636e+06
   1.1443379e+06
   1.1454111e+06
   1.1458313e+06
   1.1473634e+06
   1.1480996e+06
   1.1492604e+06
   1.1499167e+06
   1.1505794e+06
   1.1513865e+06
   1.1520713e+06
   1.1531009e+06
   1.1536093e+06
   1.1541886e+06
   1.1549741e+06
   1.1555118e+06
   1.1562402e+06
   1.1587445e+06
   1.1592743e+06
   1.1598149e+06
   1.1610691e+06
   1.1615375e+06
   1.1627146e+06
   1.1632968e+06
   1.1641591e+06
   1.1647678e+06
   1.1655104e+06
   1.1665418e+06
   1.1673084e+06
   1.1681335e+06
   1.1687274e+06
   1.1691830e+06
   1.1699852e+06
   1.1709476e+06
   1.1714798e+06
   1.1720881e+06
   1.1727178e+06
   1.1731443e+06
   1.1736476e+06
   1.1740688e+06
   1.1745279e+06
   1.1754134e+06
   1.1760157e+06
   1.1771256e+06
   1.1778366e+06
   1.1782772e+06
   1.1792563e+06
   1.1797903e+06
   1.2006076e+06
   1.2008553e+06
   1.2016388e+06
   1.2021243e+06
   1.2036577e+06
   1.2057598e+06
   1.2064248e+06
   1.2071288e+06
   1.2075277e+06
   1.2082260e+06
   1.2090981e+06
   1.2095251e+06
   1.2101312e+06
   1.2112942e+06
   1.2132530e+06
   1.2137749e+06
   1.2142282e+06
   1.2145447e+06
   1.2151689e+06
   1.2156390e+06
   1.2163569e+06
   1.2170742e+06
   1.2192043e+06
   1.2198692e+06
   1.2203046e+06
   1.2209458e+06
   1.2217014e+06
   1.2220731e+06
   1.2225776e+06
   1.2234101e+06
   1.2251363e+06
   1.2255920e+06
   1.2261832e+06
   1.2272844e+06
   1.2284087e+06
   1.2290237e+06
   1.2294760e+06
   1.2300498e+06
   1.2308719e+06
   1.2317442e+06
   1.2322818e+06
   1.2327799e+06
   1.2335577e+06
   1.2341848e+06
   1.2349836e+06
   1.2357966e+06
   1.2363191e+06
   1.2368644e+06
   1.2374766e+06
   1.2382439e+06
   1.2387683e+06
   1.2394473e+06
   1.2399596e+06
   1.2603533e+06
   1.2612304e+06
   1.2616920e+06
   1.2621095e+06
   1.2630060e+06
   1.2634576e+06
   1.2639515e+06
   1.2645366e+06
   1.2650204e+06
   1.2660821e+06
   1.2665762e+06
   1.2678129e+06
   1.2683958e+06
   1.2692478e+06
   1.2699466e+06
   1.2704204e+06
   1.2710936e+06
   1.2716688e+06
   1.2723918e+06
   1.2728054e+06
   1.2735759e+06
   1.2758847e+06
   1.2764105e+06
   1.2771802e+06
   1.2777940e+06
   1.2782188e+06
   1.2792594e+06
   1.2796508e+06
   1.2801169e+06
   1.2806154e+06
   1.2810611e+06
   1.2815065e+06
   1.2818873e+06
   1.2832366e+06
   1.2838991e+06
   1.2853087e+06
   1.2863192e+06
   1.2867119e+06
   1.2871805e+06
   1.2877667e+06
   1.2886030e+06
   1.2893270e+06
   1.2900308e+06
   1.2904040e+06
   1.2912028e+06
   1.2918746e+06
   1.2923843e+06
   1.2932001e+06
   1.2937804e+06
   1.2944182e+06
   1.2950720e+06
   1.2955993e+06
   1.2961305e+06
   1.2966748e+06
   1.2975316e+06
   1.2982620e+06
   1.2986540e+06
   1.2991854e+06
   1.2997454e+06
   1.3206443e+06
   1.3213708e+06
   1.3217762e+06
   1.3222430e+06
   1.3230233e+06
   1.3240437e+06
   1.3249463e+06
   1.3256925e+06
   1.3267283e+06
   1.3277487e+06
   1.3281348e+06
   1.3288835e+06
   1.3294909e+06
   1.3300585e+06
   1.3304182e+06
   1.3311106e+06
   1.3329608e+06
   1.3335067e+06
   1.3339880e+06
   1.3352158e+06
   1.3502866e+06
   1.3511141e+06
   1.3533000e+06
   1.3539741e+06
   1.3544889e+06
   1.3549946e+06
   1.3557390e+06
   1.3561754e+06
   1.3567562e+06
   1.3575643e+06
   1.3579645e+06
   1.3584754e+06
   1.3590678e+06
   1.3595131e+06
   1.3805376e+06
   1.3813065e+06
   1.3818652e+06
   1.3824342e+06
   1.3839978e+06
   1.3845763e+06
   1.3851916e+06
   1.3857439e+06
   1.3862361e+06
   1.3870420e+06
   1.3876243e+06
   1.3881159e+06
   1.3884977e+06
   1.3888832e+06
   1.3895009e+06
   1.3900132e+06
   1.3907672e+06
   1.3912956e+06
   1.3923933e+06
   1.3937714e+06
   1.3942401e+06
   1.3947126e+06
   1.3950969e+06
   1.3955793e+06
   1.3962186e+06
   1.3973959e+06
   1.3978674e+06
   1.3986250e+06
   1.3992428e+06
   1.3999328e+06
   1.4006464e+06
   1.4014703e+06
   1.4018871e+06
   1.4024654e+06
   1.4030539e+06
   1.4037279e+06
   1.4042393e+06
   1.4047169e+06
   1.4051075e+06
   1.4057885e+06
   1.4063368e+06
   1.4072167e+06
   1.4077325e+06
   1.4084056e+06
   1.4088196e+06
   1.4092293e+06
   1.4109538e+06
   1.4158550e+06
   1.4162192e+06
   1.4170519e+06
   1.4175604e+06
   1.4179634e+06
   1.4187379e+06
   1.4193493e+06
   1.4406606e+06
   1.4416577e+06
   1.4445859e+06
   1.4458054e+06
   1.4461604e+06
   1.4470530e+06
   1.4478352e+06
   1.4484660e+06
   1.4491631e+06
   1.4495741e+06
   1.4502293e+06
   1.4507076e+06
   1.4513585e+06
   1.4517430e+06
   1.4526723e+06
   1.4539764e+06
   1.4546362e+06
   1.4552650e+06
   1.4562466e+06
   1.4571413e+06
   1.4576846e+06
   1.4585023e+06
   1.4591018e+06
   1.4597350e+06
   1.4604242e+06
   1.4610285e+06
   1.4651620e+06
   1.4657069e+06
   1.4663410e+06
   1.4669017e+06
   1.4673826e+06
   1.4678463e+06
   1.4691197e+06
   1.4695941e+06
   1.4702673e+06
   1.4708528e+06
   1.4714484e+06
   1.4718886e+06
   1.4722848e+06
   1.4732799e+06
   1.4737770e+06
   1.4744605e+06
   1.4754133e+06
   1.4759855e+06
   1.4764694e+06
   1.4769294e+06
   1.4775266e+06
   1.4780576e+06
   1.4785480e+06
   1.4798540e+06
   1.5007992e+06
   1.5014867e+06
   1.5019706e+06
   1.5025337e+06
   1.5030398e+06
   1.5035639e+06
   1.5042244e+06
   1.5054826e+06
   1.5063277e+06
   1.5067718e+06
   1.5073222e+06
   1.5079340e+06
   1.5083727e+06
   1.5091302e+06
   1.5095606e+06
   1.5101094e+06
   1.5106362e+06
   1.5113645e+06
   1.5117218e+06
   1.5129321e+06
   1.5134377e+06
   1.5138444e+06
   1.5143223e+06
   1.5147502e+06
   1.5154224e+06
   1.5159002e+06
   1.5165661e+06
   1.5172442e+06
   1.5181387e+06
   1.5186766e+06
   1.5191238e+06
   1.5196444e+06
   1.5201589e+06
   1.5212147e+06
   1.5217532e+06
   1.5221119e+06
   1.5225232e+06
   1.5228848e+06
   1.5233640e+06
   1.5240871e+06
   1.5245256e+06
   1.5250399e+06
   1.5257792e+06
   1.5268756e+06
   1.5273826e+06
   1.5282517e+06
   1.5293793e+06
   1.5304805e+06
   1.5309449e+06
   1.5340745e+06
   1.5346700e+06
   1.5353080e+06
   1.5364570e+06
   1.5369722e+06
   1.5374788e+06
   1.5381605e+06
   1.5393716e+06
   1.5608107e+06
   1.5615570e+06
   1.5622797e+06
   1.5630653e+06
   1.5635873e+06
   1.5644698e+06
   1.5651907e+06
   1.5660097e+06
   1.5669195e+06
   1.5675188e+06
   1.5680453e+06
   1.5686450e+06
   1.5691016e+06
   1.5700461e+06
   1.5706502e+06
   1.5711326e+06
   1.5717869e+06
   1.5723432e+06
   1.5734769e+06
   1.5739262e+06
   1.5743585e+06
   1.5748818e+06
   1.5753175e+06
   1.5768250e+06
   1.5772750e+06
   1.5778521e+06
   1.5783547e+06
   1.5790423e+06
   1.5796518e+06
   1.5800618e+06
   1.5806541e+06
   1.5819400e+06
   1.5824345e+06
   1.5828724e+06
   1.5836844e+06
   1.5841632e+06
   1.5849513e+06
   1.5856586e+06
   1.5863651e+06
   1.5869883e+06
   1.5876816e+06
   1.5881472e+06
   1.5886734e+06
   1.5895462e+06
   1.5902758e+06
   1.5909725e+06
   1.5917329e+06
   1.5926192e+06
   1.5933712e+06
   1.5939926e+06
   1.5948074e+06
   1.5952436e+06
   1.5958256e+06
   1.5961934e+06
   1.5967402e+06
   1.5971608e+06
   1.5979929e+06
   1.5993789e+06
   1.6205762e+06
   1.6212183e+06
   1.6217244e+06
   1.6222791e+06
   1.6232718e+06
   1.6242179e+06
   1.6251698e+06
   1.6256499e+06
   1.6262896e+06
   1.6267515e+06
   1.6275818e+06
   1.6281384e+06
   1.6288088e+06
   1.6301426e+06
   1.6308765e+06
   1.6314585e+06
   1.6324569e+06
   1.6330202e+06
   1.6336200e+06
   1.6350312e+06
   1.6359637e+06
   1.6365197e+06
   1.6374351e+06
   1.6379890e+06
   1.6387215e+06
   1.6391308e+06
   1.6398879e+06
   1.6413412e+06
   1.6422064e+06
   1.6430137e+06
   1.6436527e+06
   1.6441462e+06
   1.6446941e+06
   1.6454236e+06
   1.6461040e+06
   1.6470652e+06
   1.6474309e+06
   1.6483111e+06
   1.6495121e+06
   1.6510306e+06
   1.6516476e+06
   1.6524842e+06
   1.6535017e+06
   1.6542382e+06
   1.6554086e+06
   1.6560278e+06
   1.6567281e+06
   1.6572075e+06
   1.6575763e+06
   1.6584113e+06
   1.6590397e+06
   1.6595969e+06
   1.6806533e+06
   1.6811387e+06
   1.6818117e+06
   1.6823174e+06
   1.6828020e+06
   1.6832677e+06
   1.6838456e+06
   1.6845824e+06
   1.6854499e+06
   1.6860677e+06
   1.6865247e+06
   1.6870275e+06
   1.6903555e+06
   1.6911710e+06
   1.6916641e+06
   1.6920858e+06
   1.6935318e+06
   1.6944450e+06
   1.6951532e+06
   1.6956965e+06
   1.6961004e+06
   1.6966528e+06
   1.6970804e+06
   1.6975199e+06
   1.6979749e+06
   1.6988468e+06
   1.6997979e+06
   1.7004020e+06
   1.7013219e+06
   1.7019996e+06
   1.7025917e+06
   1.7066616e+06
   1.7072996e+06
   1.7080146e+06
   1.7096066e+06
   1.7105963e+06
   1.7125502e+06
   1.7136554e+06
   1.7142577e+06
   1.7147845e+06
   1.7154031e+06
   1.7157449e+06
   1.7166432e+06
   1.7173546e+06
   1.7179119e+06
   1.7187125e+06
   1.7192633e+06
   1.7196854e+06
   1.7410283e+06
   1.7413963e+06
   1.7420750e+06
   1.7427674e+06
   1.7432101e+06
   1.7440024e+06
   1.7446157e+06
   1.7457438e+06
   1.7463478e+06
   1.7475102e+06
   1.7479432e+06
   1.7487000e+06
   1.7552173e+06
   1.7559364e+06
   1.7567051e+06
   1.7596038e+06
   1.7602296e+06
   1.7607098e+06
   1.7615858e+06
   1.7621148e+06
   1.7627477e+06
   1.7631549e+06
   1.7636273e+06
   1.7641941e+06
   1.7648204e+06
   1.7654709e+06
   1.7660702e+06
   1.7667107e+06
   1.7674240e+06
   1.7679467e+06
   1.7686290e+06
   1.7698330e+06
   1.7703676e+06
   1.7710802e+06
   1.7714395e+06
   1.7719249e+06
   1.7728887e+06
   1.7735082e+06
   1.7740099e+06
   1.7749366e+06
   1.7761574e+06
   1.7769559e+06
   1.7775148e+06
   1.7782054e+06
   1.7787626e+06
   1.7799952e+06
   1.8003193e+06
   1.8010986e+06
   1.8016818e+06
   1.8020011e+06
   1.8026704e+06
   1.8032005e+06
   1.8037174e+06
   1.8043510e+06
   1.8050519e+06
   1.8056962e+06
   1.8062388e+06
   1.8070941e+06
   1.8074968e+06
   1.8080209e+06
   1.8084319e+06
   1.8095145e+06
   1.8101300e+06
   1.8108863e+06
   1.8114913e+06
   1.8119981e+06
   1.8129606e+06
   1.8135939e+06
   1.8141369e+06
   1.8147026e+06
   1.8155403e+06
   1.8160345e+06
   1.8167666e+06
   1.8174417e+06
   1.8179238e+06
   1.8182920e+06
   1.8190126e+06
   1.8194728e+06
   1.8199234e+06
   1.8211098e+06
   1.8218264e+06
   1.8230170e+06
   1.8236522e+06
   1.8252671e+06
   1.8261193e+06
   1.8269081e+06
   1.8273938e+06
   1.8279167e+06
   1.8285059e+06
   1.8291024e+06
   1.8297011e+06
   1.8302270e+06
   1.8306785e+06
   1.8314080e+06
   1.8320920e+06
   1.8325383e+06
   1.8332221e+06
   1.8338635e+06
   1.8347019e+06
   1.8353852e+06
   1.8364483e+06
   1.8369938e+06
   1.8374458e+06
   1.8382273e+06
   1.8389615e+06
   1.8393482e+06
   1.8398707e+06
   1.8608594e+06
   1.8614088e+06
   1.8619420e+06
   1.8626131e+06
   1.8630279e+06
   1.8633826e+06
   1.8640885e+06
   1.8647877e+06
   1.8654861e+06
   1.8671184e+06
   1.8675157e+06
   1.8679456e+06
   1.8685703e+06
   1.8695174e+06
   1.8699028e+06
   1.8706515e+06
   1.8712958e+06
   1.8718335e+06
   1.8724872e+06
   1.8732898e+06
   1.8738997e+06
   1.8748366e+06
   1.8754614e+06
   1.8762041e+06
   1.8771997e+06
   1.8776631e+06
   1.8781318e+06
   1.8801339e+06
   1.8808517e+06
   1.8819595e+06
   1.8824600e+06
   1.8836317e+06
   1.8846428e+06
   1.8853486e+06
   1.8860506e+06
   1.8869718e+06
   1.8875913e+06
   1.8882966e+06
   1.8886988e+06
   1.8891600e+06
   1.8897571e+06
   1.8904591e+06
   1.8908634e+06
   1.8913698e+06
   1.8917445e+06
   1.8925361e+06
   1.8933265e+06
   1.8940684e+06
   1.8944808e+06
   1.8948833e+06
   1.8959559e+06
   1.8964607e+06
   1.8969531e+06
   1.8978135e+06
   1.8982503e+06
   1.8987634e+06
   1.8993173e+06
   1.8998217e+06
