   2.3665484e+03
   4.6099182e+03
   5.6316756e+03
   6.8636706e+03
   7.7577338e+03
   8.7341368e+03
   1.0756557e+04
   1.2129861e+04
   1.3360340e+04
   1.4742457e+04
   1.5606282e+04
   1.7636268e+04
   2.0029908e+04
   2.2080031e+04
   2.3284616e+04
   2.4255248e+04
   2.5481130e+04
   2.6918664e+04
   2.9267311e+04
   3.1058254e+04
   3.2270052e+04
   3.3880967e+04
   3.4969028e+04
   3.6539803e+04
   3.7537067e+04
   3.9316184e+04
   4.0607782e+04
   4.1280968e+04
   4.2395228e+04
   4.3653610e+04
   4.4824855e+04
   4.6260840e+04
   4.8411981e+04
   5.0049786e+04
   5.1041899e+04
   5.2518249e+04
   5.3378521e+04
   5.5144643e+04
   5.6244756e+04
   5.7684421e+04
   5.9611291e+04
   1.0140233e+05
   1.0261334e+05
   1.0365470e+05
   1.0509129e+05
   1.0849168e+05
   1.0960861e+05
   1.1088842e+05
   1.1211369e+05
   1.1309795e+05
   1.1635160e+05
   1.1761118e+05
   1.1840022e+05
   1.1934353e+05
   1.6094526e+05
   1.6189948e+05
   1.6322775e+05
   1.6421291e+05
   1.6533786e+05
   1.6624600e+05
   1.6864429e+05
   1.6973681e+05
   1.7119312e+05
   1.7253448e+05
   1.7359293e+05
   1.7592012e+05
   1.7678880e+05
   1.7785888e+05
   1.7964315e+05
   2.2114531e+05
   2.2214299e+05
   2.2365464e+05
   2.2483752e+05
   2.2563828e+05
   2.2680985e+05
   2.2862713e+05
   2.2983394e+05
   2.3485535e+05
   2.3589928e+05
   2.3729549e+05
   2.3821908e+05
   2.3956671e+05
   2.8089949e+05
   2.8221733e+05
   2.8337711e+05
   2.8450823e+05
   2.8552016e+05
   2.8691756e+05
   2.8866598e+05
   2.9002744e+05
   2.9155389e+05
   2.9309105e+05
   2.9504718e+05
   2.9621670e+05
   2.9773082e+05
   2.9879408e+05
   3.4158955e+05
   3.4243359e+05
   3.4353083e+05
   3.4456161e+05
   3.4570974e+05
   3.4821966e+05
   3.4949813e+05
   3.5043270e+05
   3.5150654e+05
   3.5244570e+05
   3.5512716e+05
   3.5635586e+05
   3.5862600e+05
   3.5989028e+05
   4.0120931e+05
   4.0215078e+05
   4.0320049e+05
   4.0427069e+05
   4.0550224e+05
   4.0648925e+05
   4.0811572e+05
   4.0959561e+05
   4.1120278e+05
   4.1273244e+05
   4.1395825e+05
   4.1552772e+05
   4.1658928e+05
   4.1804372e+05
   4.6140831e+05
   4.6253891e+05
   4.6381882e+05
   4.6473483e+05
   4.6584775e+05
   4.6823442e+05
   4.6930454e+05
   4.7036894e+05
   4.7167774e+05
   4.7285742e+05
   4.7397224e+05
   4.7510648e+05
   4.7645244e+05
   4.7799756e+05
   4.7961401e+05
   5.2167665e+05
   5.2263833e+05
   5.2378113e+05
   5.2517404e+05
   5.2628128e+05
   5.2804486e+05
   5.2952357e+05
   5.3130224e+05
   5.3229997e+05
   5.3371942e+05
   5.3578718e+05
   5.3723775e+05
   5.3872303e+05
   5.8145305e+05
   5.8390829e+05
   5.8470354e+05
   5.8601228e+05
   5.8904367e+05
   5.9045258e+05
   5.9148327e+05
   5.9235666e+05
   5.9388444e+05
   5.9575056e+05
   5.9718444e+05
   5.9846734e+05
   5.9942620e+05
   6.0127855e+05
   6.0279460e+05
   6.0500478e+05
   6.0626755e+05
   6.0820035e+05
   6.0985275e+05
   6.1181693e+05
   6.1316056e+05
   6.1458354e+05
   6.1656282e+05
   6.1801289e+05
   6.1988389e+05
   6.2098740e+05
   6.2180920e+05
   6.2350823e+05
   6.2504689e+05
   6.2665511e+05
   6.2772765e+05
   6.2910939e+05
   6.3039212e+05
   6.3194420e+05
   6.3335084e+05
   6.3491335e+05
   6.3766862e+05
   6.3978026e+05
   6.4078009e+05
   6.4189073e+05
   6.4384110e+05
   6.4943094e+05
   6.5040524e+05
   6.5215481e+05
   6.5316528e+05
   6.5462975e+05
   6.5599515e+05
   6.5759897e+05
   6.5868121e+05
   6.5991339e+05
   6.6159381e+05
   6.6275129e+05
   6.6381378e+05
   6.6558253e+05
   6.6684742e+05
   6.6853537e+05
   6.7015249e+05
   6.7137049e+05
   6.7234159e+05
   6.7353366e+05
   6.7444522e+05
   6.7573063e+05
   6.7739328e+05
   6.7885029e+05
   6.8077052e+05
   6.8202848e+05
   6.8626650e+05
   6.8828137e+05
   6.8938457e+05
   6.9169389e+05
   6.9319801e+05
   6.9407836e+05
   6.9558280e+05
   6.9697670e+05
   6.9830976e+05
   6.9951857e+05
   7.0109127e+05
   7.0313589e+05
   7.0448136e+05
   7.0570979e+05
   7.0683920e+05
   7.1185852e+05
   7.1434296e+05
   7.1627608e+05
   7.1804829e+05
   7.1953151e+05
   7.2168847e+05
   7.2298178e+05
   7.2523014e+05
   7.2695975e+05
   7.3089656e+05
   7.3359065e+05
   7.3675938e+05
   7.4024737e+05
   7.4243563e+05
   7.4495835e+05
   7.4691539e+05
   7.4898019e+05
   7.5194060e+05
   7.5727204e+05
   7.5896330e+05
   7.6155358e+05
   7.6370387e+05
   7.6872617e+05
   7.7022420e+05
   7.7175691e+05
   7.7378413e+05
   7.7547468e+05
   7.7786695e+05
   8.2110242e+05
   8.2319263e+05
   8.2589136e+05
   8.2885549e+05
   8.3116480e+05
   8.3234255e+05
   8.3349801e+05
   8.3721499e+05
   8.3880536e+05
   8.8213327e+05
   8.8342147e+05
   8.8568476e+05
   8.9057977e+05
   8.9200777e+05
   8.9518992e+05
   8.9722554e+05
   9.4190439e+05
   9.4355194e+05
   9.4564881e+05
   9.4932189e+05
   9.5051828e+05
   9.5219210e+05
   9.5395053e+05
   9.5576044e+05
   9.5826009e+05
   9.5959901e+05
   1.0016017e+06
   1.0030534e+06
   1.0042055e+06
   1.0053256e+06
   1.0085192e+06
   1.0102680e+06
   1.0118682e+06
   1.0131085e+06
   1.0154474e+06
   1.0163418e+06
   1.0173196e+06
   1.0198071e+06
   1.0633983e+06
   1.0652053e+06
   1.0661763e+06
   1.0684625e+06
   1.0699915e+06
   1.0720229e+06
   1.0732491e+06
   1.0754538e+06
   1.0765841e+06
   1.0779401e+06
   1.0795885e+06
   1.1218734e+06
   1.1238569e+06
   1.1255450e+06
   1.1263625e+06
   1.1290664e+06
   1.1307633e+06
   1.1327983e+06
   1.1364404e+06
   1.1390081e+06
   1.1819254e+06
   1.1834527e+06
   1.1851035e+06
   1.1869399e+06
   1.1884496e+06
   1.1899681e+06
   1.1924561e+06
   1.1953842e+06
   1.1966774e+06
   1.1981241e+06
   1.1996278e+06
   1.2414758e+06
   1.2430207e+06
   1.2442620e+06
   1.2467496e+06
   1.2487699e+06
   1.2507117e+06
   1.2526232e+06
   1.2556518e+06
   1.2577035e+06
   1.2596550e+06
   1.3015619e+06
   1.3048948e+06
   1.3068000e+06
   1.3091866e+06
   1.3114772e+06
   1.3129402e+06
   1.3150916e+06
   1.3162305e+06
   1.3176514e+06
   1.3194153e+06
   1.3612904e+06
   1.3626843e+06
   1.3648212e+06
   1.3660820e+06
   1.3693037e+06
   1.3716378e+06
   1.3729603e+06
   1.3760883e+06
   1.3780124e+06
   1.3793222e+06
   1.4214659e+06
   1.4226453e+06
   1.4239795e+06
   1.4254331e+06
   1.4268132e+06
   1.4284197e+06
   1.4298751e+06
   1.4319221e+06
   1.4339581e+06
   1.4355175e+06
   1.4380519e+06
   1.4391581e+06
   1.4814491e+06
   1.4832033e+06
   1.4844167e+06
   1.4855780e+06
   1.4869434e+06
   1.4892453e+06
   1.4912651e+06
   1.4961675e+06
   1.4976554e+06
   1.4994781e+06
   1.5417428e+06
   1.5430816e+06
   1.5452545e+06
   1.5482799e+06
   1.5501148e+06
   1.5512988e+06
   1.5550387e+06
   1.5563694e+06
   1.5572659e+06
   1.5586609e+06
   1.5599373e+06
   1.6018198e+06
   1.6033014e+06
   1.6049122e+06
   1.6063610e+06
   1.6086014e+06
   1.6103251e+06
   1.6127648e+06
   1.6155953e+06
   1.6170872e+06
   1.6184541e+06
   1.6612428e+06
   1.6623142e+06
   1.6635869e+06
   1.6650869e+06
   1.6659423e+06
   1.6683826e+06
   1.6700443e+06
   1.6710263e+06
   1.6755262e+06
   1.6787176e+06
   1.6799590e+06
   1.7213979e+06
   1.7255455e+06
   1.7291395e+06
   1.7303738e+06
   1.7315792e+06
   1.7329642e+06
   1.7351520e+06
   1.7364212e+06
   1.7380362e+06
   1.7818147e+06
   1.7835428e+06
   1.7846401e+06
   1.7859179e+06
   1.7883911e+06
   1.7896126e+06
   1.7911238e+06
   1.7930207e+06
   1.7967586e+06
   1.7985862e+06
   1.7999296e+06
   1.8414560e+06
   1.8436881e+06
   1.8452706e+06
   1.8469207e+06
   1.8480560e+06
   1.8505571e+06
   1.8519631e+06
   1.8531406e+06
   1.8555942e+06
   1.8567975e+06
   1.8586081e+06
   1.9011818e+06
   1.9024871e+06
   1.9038255e+06
   1.9047136e+06
   1.9057709e+06
   1.9095635e+06
   1.9108716e+06
   1.9121603e+06
   1.9172132e+06
   1.9187240e+06
   6.1290860e+04
   6.2889855e+04
   6.4496384e+04
   6.5470915e+04
   6.6802972e+04
   6.8137499e+04
   6.9277307e+04
   7.0460703e+04
   7.2672644e+04
   7.4206547e+04
   7.6551435e+04
   7.7597777e+04
   8.0140741e+04
   8.2252054e+04
   8.3816165e+04
   8.5082815e+04
   8.6331846e+04
   8.8183946e+04
   8.9211081e+04
   9.0221983e+04
   9.1696823e+04
   9.3674679e+04
   9.5707483e+04
   9.6915189e+04
   9.8611827e+04
   9.9541381e+04
   1.2101907e+05
   1.2256210e+05
   1.2355278e+05
   1.2456558e+05
   1.2568170e+05
   1.2696608e+05
   1.2937194e+05
   1.3049339e+05
   1.3169348e+05
   1.3311722e+05
   1.3407392e+05
   1.3655332e+05
   1.3767553e+05
   1.3986961e+05
   1.4201274e+05
   1.4336885e+05
   1.4477460e+05
   1.4616309e+05
   1.4745039e+05
   1.4883663e+05
   1.5157305e+05
   1.5316085e+05
   1.5428938e+05
   1.5560545e+05
   1.5694030e+05
   1.5850271e+05
   1.5968149e+05
   1.8106876e+05
   1.8391086e+05
   1.8476052e+05
   1.8593912e+05
   1.8730693e+05
   1.8886601e+05
   1.9019293e+05
   1.9132942e+05
   1.9245583e+05
   1.9388113e+05
   1.9526910e+05
   1.9643186e+05
   1.9744597e+05
   1.9964491e+05
   2.0062479e+05
   2.0172827e+05
   2.0272998e+05
   2.0400251e+05
   2.0571817e+05
   2.0806518e+05
   2.0893487e+05
   2.1199839e+05
   2.1304169e+05
   2.1502644e+05
   2.1675958e+05
   2.1807340e+05
   2.1957182e+05
   2.4158393e+05
   2.4320513e+05
   2.4444977e+05
   2.4589871e+05
   2.4757362e+05
   2.4893688e+05
   2.5031513e+05
   2.5148723e+05
   2.5539735e+05
   2.5707792e+05
   2.5955064e+05
   2.6058163e+05
   2.6155453e+05
   2.6476052e+05
   2.6663327e+05
   2.6769921e+05
   2.6906547e+05
   2.7036833e+05
   2.7196800e+05
   2.7366707e+05
   2.7502016e+05
   2.7649280e+05
   2.7803554e+05
   2.7935660e+05
   3.0143046e+05
   3.0304569e+05
   3.0406796e+05
   3.0523132e+05
   3.0672460e+05
   3.0921015e+05
   3.1039844e+05
   3.1143263e+05
   3.1249907e+05
   3.1471837e+05
   3.1631465e+05
   3.1754758e+05
   3.1937583e+05
   3.2129697e+05
   3.2311708e+05
   3.2444878e+05
   3.2561483e+05
   3.2699786e+05
   3.2890204e+05
   3.3020590e+05
   3.3115247e+05
   3.3291241e+05
   3.3523923e+05
   3.3647589e+05
   3.3844993e+05
   3.6127825e+05
   3.6218055e+05
   3.6372494e+05
   3.6520468e+05
   3.6653201e+05
   3.6773603e+05
   3.6923093e+05
   3.7076565e+05
   3.7218658e+05
   3.7371132e+05
   3.7475042e+05
   3.7601154e+05
   3.7739740e+05
   3.7891979e+05
   3.8020064e+05
   3.8164509e+05
   3.8264754e+05
   3.8583527e+05
   3.8738536e+05
   3.8868637e+05
   3.9175533e+05
   3.9360509e+05
   3.9485488e+05
   3.9678359e+05
   3.9852088e+05
   4.2099655e+05
   4.2273726e+05
   4.2398889e+05
   4.2516440e+05
   4.2638032e+05
   4.2785819e+05
   4.2911185e+05
   4.3036719e+05
   4.3342391e+05
   4.3496212e+05
   4.3621183e+05
   4.3880332e+05
   4.3977915e+05
   4.4173199e+05
   4.4279956e+05
   4.4421942e+05
   4.4560875e+05
   4.4683267e+05
   4.4824952e+05
   4.4952097e+05
   4.5145860e+05
   4.5307117e+05
   4.5418656e+05
   4.5542589e+05
   4.5701014e+05
   4.5805594e+05
   4.5900323e+05
   4.8139651e+05
   4.8267870e+05
   4.8408466e+05
   4.8503705e+05
   4.8753783e+05
   4.8865921e+05
   4.8978306e+05
   4.9216029e+05
   4.9353051e+05
   4.9513392e+05
   4.9657679e+05
   4.9787441e+05
   5.0047249e+05
   5.0192887e+05
   5.0356036e+05
   5.0480420e+05
   5.0912740e+05
   5.1074944e+05
   5.1216977e+05
   5.1317967e+05
   5.1433193e+05
   5.1589865e+05
   5.1687192e+05
   5.1855197e+05
   5.1987433e+05
   5.4116062e+05
   5.4316126e+05
   5.4510341e+05
   5.4656181e+05
   5.4742195e+05
   5.4879767e+05
   5.5033936e+05
   5.5265091e+05
   5.5428408e+05
   5.5609570e+05
   5.5777247e+05
   5.5932260e+05
   5.6213576e+05
   5.6335203e+05
   5.6599598e+05
   5.6696382e+05
   5.6813110e+05
   5.6935324e+05
   5.7093946e+05
   5.7201325e+05
   7.8277364e+05
   7.8576702e+05
   7.8744083e+05
   7.8894829e+05
   7.9202324e+05
   7.9420054e+05
   7.9820627e+05
   7.9977842e+05
   8.0221336e+05
   8.0407023e+05
   8.0685245e+05
   8.0959137e+05
   8.1389998e+05
   8.1966704e+05
   8.4691827e+05
   8.4903162e+05
   8.5144976e+05
   8.5540346e+05
   8.5710514e+05
   8.5995978e+05
   8.6241364e+05
   8.6374315e+05
   8.6573623e+05
   8.7309894e+05
   8.7656985e+05
   8.7841515e+05
   9.0195172e+05
   9.0347446e+05
   9.0925032e+05
   9.1107799e+05
   9.1273117e+05
   9.1370610e+05
   9.1473910e+05
   9.1725692e+05
   9.2021571e+05
   9.2267715e+05
   9.2490809e+05
   9.2650321e+05
   9.2883749e+05
   9.3034133e+05
   9.3792229e+05
   9.6253885e+05
   9.6401548e+05
   9.6572811e+05
   9.6680637e+05
   9.6884688e+05
   9.7076813e+05
   9.7398376e+05
   9.7541244e+05
   9.7752200e+05
   9.8091069e+05
   9.8323730e+05
   9.8681800e+05
   9.8819207e+05
   9.8994529e+05
   9.9133543e+05
   9.9290306e+05
   9.9562707e+05
   9.9667907e+05
   1.0213830e+06
   1.0231568e+06
   1.0245915e+06
   1.0261692e+06
   1.0286181e+06
   1.0329159e+06
   1.0346487e+06
   1.0372446e+06
   1.0389210e+06
   1.0441141e+06
   1.0455017e+06
   1.0479915e+06
   1.0495545e+06
   1.0506843e+06
   1.0517988e+06
   1.0544774e+06
   1.0559635e+06
   1.0817905e+06
   1.0867184e+06
   1.0881975e+06
   1.0919895e+06
   1.0936812e+06
   1.0955664e+06
   1.1004523e+06
   1.1055962e+06
   1.1146551e+06
   1.1178771e+06
   1.1416265e+06
   1.1533097e+06
   1.1587969e+06
   1.1617291e+06
   1.1633200e+06
   1.1645950e+06
   1.1662856e+06
   1.1686474e+06
   1.1704919e+06
   1.1740927e+06
   1.1761153e+06
   1.1785803e+06
   1.1798738e+06
   1.2015415e+06
   1.2033651e+06
   1.2055189e+06
   1.2109983e+06
   1.2135911e+06
   1.2159208e+06
   1.2180337e+06
   1.2193918e+06
   1.2207315e+06
   1.2236236e+06
   1.2251483e+06
   1.2269670e+06
   1.2339658e+06
   1.2354224e+06
   1.2365758e+06
   1.2381000e+06
   1.2621458e+06
   1.2642153e+06
   1.2671077e+06
   1.2684646e+06
   1.2711456e+06
   1.2726606e+06
   1.2750066e+06
   1.2813329e+06
   1.2834594e+06
   1.2893119e+06
   1.2929630e+06
   1.2947310e+06
   1.2974910e+06
   1.2995489e+06
   1.3290984e+06
   1.3329203e+06
   1.3342620e+06
   1.3370122e+06
   1.3382407e+06
   1.3403992e+06
   1.3420846e+06
   1.3461333e+06
   1.3515639e+06
   1.3535727e+06
   1.3570970e+06
   1.3586124e+06
   1.3819515e+06
   1.3863107e+06
   1.3908978e+06
   1.3931243e+06
   1.3962896e+06
   1.3984519e+06
   1.4011117e+06
   1.4025355e+06
   1.4066753e+06
   1.4081905e+06
   1.4106409e+06
   1.4135169e+06
   1.4165834e+06
   1.4178986e+06
   1.4192251e+06
   1.4467950e+06
   1.4483698e+06
   1.4498282e+06
   1.4521869e+06
   1.4538172e+06
   1.4550036e+06
   1.4574349e+06
   1.4588644e+06
   1.4608017e+06
   1.4648370e+06
   1.4689463e+06
   1.4715637e+06
   1.4745986e+06
   1.4769633e+06
   1.4786246e+06
   1.5082748e+06
   1.5101503e+06
   1.5125684e+06
   1.5141074e+06
   1.5165206e+06
   1.5184033e+06
   1.5215289e+06
   1.5228640e+06
   1.5237833e+06
   1.5271037e+06
   1.5285856e+06
   1.5306713e+06
   1.5327869e+06
   1.5349770e+06
   1.5375937e+06
   1.5389843e+06
   1.5641682e+06
   1.5657894e+06
   1.5680667e+06
   1.5696336e+06
   1.5735220e+06
   1.5750650e+06
   1.5767320e+06
   1.5792991e+06
   1.5909299e+06
   1.5925961e+06
   1.5949648e+06
   1.5979841e+06
   1.6216320e+06
   1.6231405e+06
   1.6243820e+06
   1.6258462e+06
   1.6277611e+06
   1.6291225e+06
   1.6305748e+06
   1.6344715e+06
   1.6529178e+06
   1.6545586e+06
   1.6565547e+06
   1.6585738e+06
   1.6825820e+06
   1.6839786e+06
   1.6854425e+06
   1.6867671e+06
   1.6977720e+06
   1.6991240e+06
   1.7026381e+06
   1.7064760e+06
   1.7086515e+06
   1.7121274e+06
   1.7144937e+06
   1.7162564e+06
   1.7185184e+06
   1.7199890e+06
   1.7420572e+06
   1.7480320e+06
   1.7494231e+06
   1.7514580e+06
   1.7534514e+06
   1.7551738e+06
   1.7576449e+06
   1.7586603e+06
   1.7603559e+06
   1.7622465e+06
   1.7694772e+06
   1.7708239e+06
   1.7718100e+06
   1.7749460e+06
   1.7764151e+06
   1.7779883e+06
   1.8045348e+06
   1.8061789e+06
   1.8079870e+06
   1.8121161e+06
   1.8182285e+06
   1.8202764e+06
   1.8220818e+06
   1.8235326e+06
   1.8245623e+06
   1.8273221e+06
   1.8304099e+06
   1.8314571e+06
   1.8344522e+06
   1.8365846e+06
   1.8387780e+06
   1.8640762e+06
   1.8654406e+06
   1.8690261e+06
   1.8712830e+06
   1.8730741e+06
   1.8744469e+06
   1.8777525e+06
   1.8798589e+06
   1.8818364e+06
   1.8828632e+06
   1.8862261e+06
   1.8878986e+06
   1.8910502e+06
   1.8932288e+06
   1.8949304e+06
   1.8964752e+06
   1.8984314e+06
   1.7132503e+06
   1.7162896e+06
   1.7190251e+06
   1.7446891e+06
   1.7458836e+06
   1.7471901e+06
   1.7492669e+06
   1.7510352e+06
   1.7534676e+06
   1.7556845e+06
   1.7639200e+06
   1.7655955e+06
   1.7680385e+06
   1.7711679e+06
   1.7737707e+06
   1.8018541e+06
   1.8112020e+06
   1.8129878e+06
   1.8165789e+06
   1.8189158e+06
   1.8205241e+06
   1.8224212e+06
   1.8245661e+06
   1.8261481e+06
   1.8295790e+06
   1.8308941e+06
   1.8328947e+06
   1.8344786e+06
   1.8625422e+06
   1.8662261e+06
   1.8677656e+06
   1.8729819e+06
   1.8753514e+06
   1.8774490e+06
   1.8819254e+06
   1.8955230e+06
   1.8970428e+06
