   1.3759326e+03
   1.8212451e+03
   2.4761085e+03
   2.8308607e+03
   5.7152680e+03
   6.2667720e+03
   7.3510296e+03
   7.6043672e+03
   7.9774136e+03
   8.2842613e+03
   8.5445739e+03
   9.6828156e+03
   1.0155782e+04
   1.0671227e+04
   1.1345472e+04
   1.1896757e+04
   1.2709384e+04
   1.3014793e+04
   1.3736685e+04
   1.4674041e+04
   1.5211577e+04
   1.5744304e+04
   1.5950496e+04
   1.6399051e+04
   1.6744944e+04
   1.7077010e+04
   2.1423704e+04
   2.2201101e+04
   2.4827581e+04
   2.5108797e+04
   2.5437093e+04
   2.5754076e+04
   2.6052767e+04
   2.6533496e+04
   2.8084283e+04
   2.8512121e+04
   2.8873910e+04
   2.9901835e+04
   3.0379950e+04
   3.2344779e+04
   3.2651534e+04
   3.3156078e+04
   3.4403149e+04
   3.5462549e+04
   3.6149723e+04
   3.6372695e+04
   4.0231574e+04
   4.0667368e+04
   4.0863315e+04
   4.1194383e+04
   4.1371053e+04
   4.1549726e+04
   4.1860905e+04
   4.2250862e+04
   4.2478564e+04
   4.2930212e+04
   4.3109246e+04
   4.3318737e+04
   4.3522235e+04
   4.3873089e+04
   4.4117626e+04
   4.4241144e+04
   4.4423796e+04
   4.4601138e+04
   4.5016059e+04
   4.5222584e+04
   4.5492335e+04
   4.5787650e+04
   4.6065912e+04
   4.6805786e+04
   4.7200194e+04
   4.7312639e+04
   4.7404418e+04
   4.7603044e+04
   4.7779261e+04
   4.7942065e+04
   4.8130435e+04
   4.8275076e+04
   4.8434428e+04
   4.8620361e+04
   4.8782360e+04
   4.8923806e+04
   4.9212740e+04
   4.9393863e+04
   4.9604281e+04
   4.9764271e+04
   4.9963924e+04
   5.0156450e+04
   5.0305305e+04
   5.0511790e+04
   5.0669074e+04
   5.0882589e+04
   5.1116248e+04
   5.1371852e+04
   5.1512756e+04
   5.1783924e+04
   5.1917721e+04
   5.2149578e+04
   5.2296206e+04
   5.2424428e+04
   5.2604656e+04
   5.2800180e+04
   5.2965951e+04
   5.3138172e+04
   5.3380550e+04
   5.3547188e+04
   5.3683866e+04
   5.3847083e+04
   5.4335897e+04
   5.4532996e+04
   5.4793684e+04
   5.5047403e+04
   5.5305788e+04
   5.5465799e+04
   5.5643416e+04
   5.5802158e+04
   5.5935479e+04
   5.6128822e+04
   5.6304907e+04
   5.6482793e+04
   5.6639901e+04
   5.6821664e+04
   5.6965423e+04
   5.7090463e+04
   5.7280256e+04
   5.7562655e+04
   5.7773669e+04
   5.7995858e+04
   5.8190765e+04
   5.8395011e+04
   5.8629742e+04
   5.8849095e+04
   5.9030297e+04
   5.9334910e+04
   5.9497042e+04
   5.9720837e+04
   5.9891259e+04
   6.0336909e+04
   6.0907499e+04
   6.1258604e+04
   6.1567100e+04
   6.1868494e+04
   6.2581159e+04
   6.2814325e+04
   6.3328402e+04
   6.3784565e+04
   6.4716218e+04
   6.5540193e+04
   6.5908817e+04
   6.6184610e+04
   6.6499040e+04
   6.7180934e+04
   6.9119051e+04
   6.9409661e+04
   7.0261084e+04
   7.0761416e+04
   7.1370736e+04
   7.1783871e+04
   7.2093674e+04
   7.7051938e+04
   7.7619189e+04
   7.8128257e+04
   7.8717443e+04
   7.9348733e+04
   7.9649557e+04
   8.0075246e+04
   8.0610451e+04
   8.1400447e+04
   8.1859098e+04
   8.2376514e+04
   8.2889236e+04
   8.3494771e+04
   8.4071447e+04
   8.5249043e+04
   8.8078560e+04
   8.8507186e+04
   8.9476480e+04
   9.0709075e+04
   9.1378683e+04
   9.1961511e+04
   9.2852388e+04
   9.3541418e+04
   9.6047917e+04
   9.6397912e+04
   9.6676663e+04
   9.7382393e+04
   9.8014402e+04
   9.8311620e+04
   9.8543260e+04
   9.9590483e+04
   1.0056936e+05
   1.0075284e+05
   1.0100571e+05
   1.0119689e+05
   1.0137640e+05
   1.0153391e+05
   1.0168064e+05
   1.0207266e+05
   1.0231442e+05
   1.0258189e+05
   1.0274248e+05
   1.0295334e+05
   1.0314662e+05
   1.0333429e+05
   1.0354314e+05
   1.0385981e+05
   1.0833683e+05
   1.0923809e+05
   1.0962290e+05
   1.0995798e+05
   1.1076417e+05
   1.1106163e+05
   1.1140952e+05
   1.1165606e+05
   1.1198279e+05
   1.1225114e+05
   1.1261940e+05
   1.1281890e+05
   1.1323682e+05
   1.1374286e+05
   1.1528037e+05
   1.1547979e+05
   1.1561944e+05
   1.1586754e+05
   1.1601733e+05
   1.1616206e+05
   1.1629096e+05
   1.1646483e+05
   1.1661078e+05
   1.1674260e+05
   1.1691376e+05
   1.1715090e+05
   1.1727643e+05
   1.1747778e+05
   1.1764367e+05
   1.1792284e+05
   1.1810801e+05
   1.1833579e+05
   1.1850922e+05
   1.1867246e+05
   1.1888947e+05
   1.1924856e+05
   1.1938488e+05
   1.1953874e+05
   1.1970609e+05
   1.1984367e+05
   1.2024413e+05
   1.2056570e+05
   1.2106062e+05
   1.2129860e+05
   1.2165664e+05
   1.2339871e+05
   1.2456386e+05
   1.2515126e+05
   1.2554287e+05
   1.2632922e+05
   1.2696472e+05
   1.2783386e+05
   1.2826290e+05
   1.2861862e+05
   1.3012409e+05
   1.6017440e+05
   1.6032945e+05
   1.6054168e+05
   1.6068044e+05
   1.6084407e+05
   1.6095486e+05
   1.6113374e+05
   1.6126940e+05
   1.6142193e+05
   1.6157785e+05
   1.6169938e+05
   1.6188375e+05
   1.6203617e+05
   1.6216795e+05
   1.6243249e+05
   1.6259493e+05
   1.6271374e+05
   1.6288831e+05
   1.6303262e+05
   1.6316030e+05
   1.6334269e+05
   1.6352512e+05
   1.6366465e+05
   1.6383638e+05
   1.6395944e+05
   1.6411439e+05
   1.6423583e+05
   1.6442672e+05
   1.6459534e+05
   1.6480403e+05
   1.6492220e+05
   1.6516687e+05
   1.6538342e+05
   1.6551059e+05
   1.6571762e+05
   1.6590362e+05
   1.6611038e+05
   1.6629799e+05
   1.6648242e+05
   1.6661622e+05
   1.6679252e+05
   1.6695256e+05
   1.6790982e+05
   1.6832801e+05
   1.6881187e+05
   1.6997974e+05
   1.7030417e+05
   1.7078645e+05
   1.7104278e+05
   1.7209965e+05
   1.7360261e+05
   1.7398126e+05
   1.7453117e+05
   1.7466299e+05
   1.7478471e+05
   1.7496802e+05
   1.7511972e+05
   1.7527185e+05
   1.7543596e+05
   1.7566864e+05
   1.7584758e+05
   1.7606029e+05
   1.7630865e+05
   1.7653651e+05
   1.7675386e+05
   1.7701333e+05
   1.7716107e+05
   1.7728935e+05
   1.7750798e+05
   1.7765450e+05
   1.7780270e+05
   1.7799898e+05
   1.7819474e+05
   1.7835616e+05
   1.7849174e+05
   1.7868220e+05
   1.7881959e+05
   1.7896532e+05
   1.7913084e+05
   1.7927903e+05
   1.7946895e+05
   1.7966136e+05
   1.7988459e+05
   1.8047343e+05
   1.8207523e+05
   1.8420520e+05
   1.8449301e+05
   1.8512617e+05
   1.8559921e+05
   1.8610550e+05
   1.8637174e+05
   1.8674651e+05
   1.8737443e+05
   1.8783289e+05
   1.8830168e+05
   1.9411960e+05
   1.9454463e+05
   1.9481951e+05
   1.9519151e+05
   1.9663026e+05
   1.9739421e+05
   1.9766730e+05
   1.9812100e+05
   1.9888900e+05
   1.9942206e+05
   1.9990192e+05
   2.0015602e+05
   2.0047630e+05
   2.0117166e+05
   2.0200563e+05
   2.0258982e+05
   2.0289342e+05
   2.0352602e+05
   2.0392657e+05
   2.0437088e+05
   2.0543980e+05
   2.0585159e+05
   2.0633878e+05
   2.0701601e+05
   2.0737574e+05
   2.0777409e+05
   2.0820600e+05
   2.1040936e+05
   2.1072758e+05
   2.1093074e+05
   2.1143751e+05
   2.1212286e+05
   2.1244912e+05
   2.1266156e+05
   2.1289350e+05
   2.1455664e+05
   2.1651500e+05
   2.1748386e+05
   2.1785779e+05
   2.1856577e+05
   2.1923719e+05
   2.1949888e+05
   2.2019798e+05
   2.2173661e+05
   2.2202704e+05
   2.2231059e+05
   2.2255699e+05
   2.2298147e+05
   2.2322546e+05
   2.2337496e+05
   2.2374697e+05
   2.2395906e+05
   2.2416086e+05
   2.2444238e+05
   2.2459649e+05
   2.2487732e+05
   2.2512818e+05
   2.2533001e+05
   2.2555342e+05
   2.2602322e+05
   2.2637775e+05
   2.2660055e+05
   2.2689641e+05
   2.2740412e+05
   2.2756071e+05
   2.2778411e+05
   2.2825629e+05
   2.2838476e+05
   2.2852792e+05
   2.2871556e+05
   2.2891171e+05
   2.2909240e+05
   2.2931224e+05
   2.2977530e+05
   2.2993589e+05
   2.3014830e+05
   2.3054942e+05
   2.3084033e+05
   2.3105874e+05
   2.3122033e+05
   2.3159003e+05
   2.3192260e+05
   2.3225444e+05
   2.3243256e+05
   2.3273998e+05
   2.3294032e+05
   2.3317463e+05
   2.3340880e+05
   2.3356288e+05
   2.3371959e+05
   2.3388805e+05
   2.3472732e+05
   2.3525199e+05
   2.3553252e+05
   2.3573647e+05
   2.3615244e+05
   2.3658518e+05
   2.3709981e+05
   2.3767910e+05
   2.3828315e+05
   2.3862523e+05
   2.3898027e+05
   2.3914147e+05
   2.3935779e+05
   2.4097928e+05
   2.4173341e+05
   2.4201776e+05
   2.4251223e+05
   2.4298694e+05
   2.4373599e+05
   2.4800186e+05
   2.4872153e+05
   2.4925230e+05
   2.4975666e+05
   2.5018088e+05
   2.5224350e+05
   2.5266872e+05
   2.5297209e+05
   2.5362710e+05
   2.5430562e+05
   2.5453799e+05
   2.5579153e+05
   2.5608916e+05
   2.5637944e+05
   2.5670655e+05
   2.5718540e+05
   2.5766762e+05
   2.6430906e+05
   2.6462631e+05
   2.6577419e+05
   2.6623154e+05
   2.6666081e+05
   2.6694813e+05
   2.6762342e+05
   2.6809704e+05
   2.6862462e+05
   2.6898775e+05
   2.6987799e+05
   2.7038268e+05
   2.7165627e+05
   2.7194317e+05
   2.7277109e+05
   2.7305873e+05
   2.7403303e+05
   2.7613244e+05
   2.7642672e+05
   2.7697575e+05
   2.8017089e+05
   2.8030808e+05
   2.8051308e+05
   2.8067700e+05
   2.8092774e+05
   2.8106815e+05
   2.8126240e+05
   2.8143772e+05
   2.8159404e+05
   2.8192677e+05
   2.8210204e+05
   2.8238930e+05
   2.8248624e+05
   2.8270057e+05
   2.8287739e+05
   2.8311382e+05
   2.8330881e+05
   2.8349724e+05
   2.8373452e+05
   2.8395738e+05
   2.8415866e+05
   2.8439167e+05
   2.8456552e+05
   2.8472928e+05
   2.8496248e+05
   2.8519287e+05
   2.8541073e+05
   2.8563212e+05
   2.8581623e+05
   2.8601447e+05
   2.8616796e+05
   2.8628429e+05
   2.8651662e+05
   2.8680542e+05
   2.8733711e+05
   2.8747515e+05
   2.8768853e+05
   2.8786678e+05
   2.8803359e+05
   2.8818668e+05
   2.8837895e+05
   2.8850047e+05
   2.8865406e+05
   2.8889532e+05
   2.8905935e+05
   2.8934389e+05
   2.8947841e+05
   2.8969089e+05
   2.8982892e+05
   2.9007935e+05
   2.9024113e+05
   2.9039514e+05
   2.9058045e+05
   2.9090064e+05
   2.9106481e+05
   2.9120520e+05
   2.9164064e+05
   2.9179136e+05
   2.9210731e+05
   2.9226992e+05
   2.9242600e+05
   2.9258179e+05
   2.9272679e+05
   2.9286788e+05
   2.9308072e+05
   2.9324261e+05
   2.9340212e+05
   2.9356119e+05
   2.9376461e+05
   2.9391767e+05
   2.9429041e+05
   2.9444934e+05
   2.9466396e+05
   2.9492686e+05
   2.9521608e+05
   2.9564005e+05
   2.9588826e+05
   2.9616097e+05
   2.9659333e+05
   2.9682682e+05
   2.9702985e+05
   2.9744170e+05
   2.9765315e+05
   2.9791677e+05
   2.9821503e+05
   2.9841591e+05
   2.9859756e+05
   2.9882959e+05
   2.9918529e+05
   2.9941228e+05
   2.9965361e+05
   2.9995925e+05
   3.0036758e+05
   3.0129934e+05
   3.0163682e+05
   3.0200045e+05
   3.0293800e+05
   3.0374383e+05
   3.0434694e+05
   3.0503866e+05
   3.0660761e+05
   3.1684640e+05
   3.1758551e+05
   3.1800609e+05
   3.1847117e+05
   3.1890267e+05
   3.1917260e+05
   3.1987670e+05
   3.2014850e+05
   3.2188785e+05
   3.2219202e+05
   3.2241685e+05
   3.2269117e+05
   3.2329141e+05
   3.2376187e+05
   3.2402952e+05
   3.2431818e+05
   3.2468992e+05
   3.2521671e+05
   3.2557677e+05
   3.2785777e+05
   3.2845468e+05
   3.2872709e+05
   3.2933877e+05
   3.2962370e+05
   3.3013833e+05
   3.3096567e+05
   3.3286022e+05
   3.3350140e+05
   3.3452489e+05
   3.3477383e+05
   3.3598139e+05
   3.4078799e+05
   3.4195608e+05
   3.4243334e+05
   3.4275597e+05
   3.4331681e+05
   3.5953430e+05
   3.5982416e+05
   3.6185684e+05
   3.6276545e+05
   3.6297437e+05
   3.6338464e+05
   3.6386865e+05
   3.6421080e+05
   3.6468031e+05
   3.6570093e+05
   3.6603098e+05
   3.6706586e+05
   3.6749651e+05
   3.7376427e+05
   3.7436106e+05
   3.7506709e+05
   4.0020583e+05
   4.0036628e+05
   4.0060629e+05
   4.0078177e+05
   4.0094566e+05
   4.0114482e+05
   4.0135529e+05
   4.0153048e+05
   4.0172864e+05
   4.0188064e+05
   4.0200868e+05
   4.0216668e+05
   4.0238213e+05
   4.0256808e+05
   4.0273208e+05
   4.0286335e+05
   4.0302274e+05
   4.0320095e+05
   4.0337516e+05
   4.0353457e+05
   4.0370727e+05
   4.0392185e+05
   4.0408835e+05
   4.0445114e+05
   4.0458272e+05
   4.0472765e+05
   4.0493668e+05
   4.0508744e+05
   4.0522247e+05
   4.0549159e+05
   4.0566300e+05
   4.0581166e+05
   4.0618250e+05
   4.0639864e+05
   4.0652281e+05
   4.0680257e+05
   4.0697579e+05
   4.0773200e+05
   4.0788824e+05
   4.0816367e+05
   4.0844008e+05
   4.0863804e+05
   4.0907286e+05
   4.0924790e+05
   4.0956585e+05
   4.0992021e+05
   4.1016986e+05
   4.1040111e+05
   4.1064085e+05
   4.1086282e+05
   4.1110426e+05
   4.1129626e+05
   4.1158062e+05
   4.1172916e+05
   4.1190989e+05
   4.1223485e+05
   4.1240006e+05
   4.1261202e+05
   4.1301868e+05
   4.1336754e+05
   4.1351784e+05
   4.1394691e+05
   4.1438444e+05
   4.1455733e+05
   4.1480515e+05
   4.1496873e+05
   4.1524881e+05
   4.1564688e+05
   4.1582788e+05
   4.1602337e+05
   4.1739144e+05
   4.1778169e+05
   4.1824885e+05
   4.1851956e+05
   4.1888770e+05
   4.1906901e+05
   4.1964570e+05
   4.1981566e+05
   4.2250797e+05
   4.2351603e+05
   4.2452865e+05
   4.2504586e+05
   4.2531987e+05
   4.2654196e+05
   4.2752020e+05
   4.2788329e+05
   4.2839609e+05
   4.2874358e+05
   4.3012057e+05
   4.3302258e+05
   4.3338960e+05
   4.3867588e+05
   4.3974626e+05
   4.4008642e+05
   4.4095327e+05
   4.4131889e+05
   4.4172183e+05
   4.4201629e+05
   4.4280913e+05
   4.4326744e+05
   4.4360105e+05
   4.4488088e+05
   4.4535593e+05
   4.4567833e+05
   4.4689420e+05
   4.4849447e+05
   4.4906489e+05
   4.4978312e+05
   4.5043188e+05
   4.5103384e+05
   4.5126498e+05
   4.5359938e+05
   4.5417699e+05
   4.5454581e+05
   4.5519456e+05
   4.5550408e+05
   4.5615176e+05
   4.5649313e+05
   4.5676398e+05
   4.5707680e+05
   4.5818160e+05
   4.5935659e+05
   4.6016078e+05
   4.6032759e+05
   4.6053360e+05
   4.6079512e+05
   4.6093395e+05
   4.6106107e+05
   4.6126261e+05
   4.6146014e+05
   4.6161017e+05
   4.6173816e+05
   4.6191930e+05
   4.6213133e+05
   4.6228846e+05
   4.6244360e+05
   4.6258256e+05
   4.6282078e+05
   4.6299071e+05
   4.6314695e+05
   4.6332105e+05
   4.6351284e+05
   4.6370524e+05
   4.6383021e+05
   4.6398386e+05
   4.6417791e+05
   4.6438447e+05
   4.6461400e+05
   4.6476970e+05
   4.6499922e+05
   4.6516789e+05
   4.6535631e+05
   4.6555848e+05
   4.6569381e+05
   4.6587967e+05
   4.6609086e+05
   4.6621489e+05
   4.6637609e+05
   4.6653845e+05
   4.6666675e+05
   4.6679437e+05
   4.6699903e+05
   4.6735493e+05
   4.6751922e+05
   4.6784788e+05
   4.6802229e+05
   4.6823844e+05
   4.6837888e+05
   4.6857894e+05
   4.6872598e+05
   4.6885000e+05
   4.6899924e+05
   4.6942993e+05
   4.6970718e+05
   4.6999681e+05
   4.7020935e+05
   4.7060408e+05
   4.7091062e+05
   4.7119071e+05
   4.7141563e+05
   4.7164431e+05
   4.7183975e+05
   4.7211607e+05
   4.7236835e+05
   4.7253495e+05
   4.7270678e+05
   4.7295366e+05
   4.7310268e+05
   4.7326136e+05
   4.7337396e+05
   4.7351589e+05
   4.7370876e+05
   4.7397592e+05
   4.7432785e+05
   4.7460153e+05
   4.7481028e+05
   4.7501109e+05
   4.7515327e+05
   4.7538061e+05
   4.7558793e+05
   4.7578774e+05
   4.7593339e+05
   4.7613091e+05
   4.7635527e+05
   4.7660628e+05
   4.7699252e+05
   4.7725002e+05
   4.7753913e+05
   4.7777848e+05
   4.7801333e+05
   4.7819358e+05
   4.7852395e+05
   4.7866622e+05
   4.7885024e+05
   4.7903143e+05
   4.7919415e+05
   4.7969140e+05
   4.7994416e+05
   4.8062339e+05
   4.8089672e+05
   4.8465567e+05
   4.8527719e+05
   4.8578394e+05
   4.8604179e+05
   5.0363081e+05
   5.0397709e+05
   5.0505626e+05
   5.0555374e+05
   5.0613184e+05
   5.0660997e+05
   5.0695753e+05
   5.0921937e+05
   5.0969550e+05
   5.1011654e+05
   5.2028656e+05
   5.2068771e+05
   5.2105357e+05
   5.2133198e+05
   5.2182914e+05
   5.2216698e+05
   5.2263285e+05
   5.2336939e+05
   5.2361516e+05
   5.2393527e+05
   5.2416419e+05
   5.2595023e+05
   5.2673681e+05
   5.2734400e+05
   5.2862501e+05
   5.2936112e+05
   5.3002982e+05
   5.3025661e+05
   5.3074348e+05
   5.3158848e+05
   5.3197468e+05
   5.3240802e+05
   5.3281394e+05
   5.3313715e+05
   5.3341505e+05
   5.4019464e+05
   5.4326053e+05
   5.4776688e+05
   5.5123129e+05
   5.5144451e+05
   5.5165261e+05
   5.5207080e+05
   5.5308684e+05
   5.5369100e+05
   5.5407490e+05
   5.5614351e+05
   5.5725440e+05
   5.5809269e+05
   5.5871736e+05
   5.5959981e+05
   5.6059127e+05
   5.6976684e+05
   5.7161673e+05
   5.7183487e+05
   5.7221307e+05
   5.7456787e+05
   5.7545419e+05
   5.7571940e+05
   5.7605622e+05
   5.7656272e+05
   5.7995280e+05
   5.8030774e+05
   5.8055155e+05
   5.8076147e+05
   5.8109159e+05
   5.8151260e+05
   5.8167526e+05
   5.8198391e+05
   5.8222371e+05
   5.8248137e+05
   5.8282870e+05
   5.8302605e+05
   5.8321206e+05
   5.8350351e+05
   5.8369836e+05
   5.8393607e+05
   5.8426795e+05
   5.8443446e+05
   5.8487118e+05
   5.8510184e+05
   5.8530900e+05
   5.8554529e+05
   5.8584414e+05
   5.8605724e+05
   5.8623203e+05
   5.8647064e+05
   5.8665131e+05
   5.8748696e+05
   5.8788011e+05
   5.8815809e+05
   5.8845487e+05
   5.8874650e+05
   5.8897801e+05
   5.8933002e+05
   5.8963803e+05
   5.8983832e+05
   5.9008934e+05
   5.9041451e+05
   5.9061948e+05
   5.9123443e+05
   5.9146708e+05
   5.9181591e+05
   5.9204768e+05
   5.9237222e+05
   5.9255877e+05
   5.9276073e+05
   5.9307351e+05
   5.9337588e+05
   5.9361872e+05
   5.9440433e+05
   5.9456622e+05
   5.9480615e+05
   5.9495491e+05
   5.9511231e+05
   5.9528825e+05
   5.9546846e+05
   5.9578781e+05
   5.9598549e+05
   5.9630919e+05
   5.9652781e+05
   5.9670347e+05
   5.9687801e+05
   5.9704245e+05
   5.9717828e+05
   5.9734453e+05
   5.9752411e+05
   5.9776937e+05
   5.9794306e+05
   5.9812339e+05
   5.9830490e+05
   5.9853883e+05
   5.9885391e+05
   5.9922063e+05
   5.9941608e+05
   5.9958726e+05
   5.9976742e+05
   5.9992693e+05
   6.3277016e+05
   6.3299679e+05
   6.3344945e+05
   6.3469125e+05
   6.3516350e+05
   6.3573399e+05
   6.3630450e+05
   6.3720241e+05
   6.3755388e+05
   6.3786872e+05
   6.3862237e+05
   6.3986151e+05
   6.4023326e+05
   6.4044081e+05
   6.4191526e+05
   6.4226091e+05
   6.4308604e+05
   6.4464866e+05
   6.4553764e+05
   6.4593236e+05
   6.4628290e+05
   6.4696349e+05
   6.4757082e+05
   6.4806345e+05
   6.4834048e+05
   6.4914885e+05
   6.4943750e+05
   6.5168135e+05
   6.5281435e+05
   6.5306881e+05
   6.5415099e+05
   6.5703027e+05
   6.5746728e+05
   6.5780270e+05
   6.5849371e+05
   6.5919563e+05
   6.5983499e+05
   6.6040591e+05
   6.6076555e+05
   6.6161523e+05
   6.6204762e+05
   6.6265609e+05
   6.6307382e+05
   6.6345851e+05
   6.6373138e+05
   6.6408598e+05
   6.6439244e+05
   6.6508421e+05
   6.6559643e+05
   6.6592542e+05
   6.6620796e+05
   6.6679044e+05
   6.6703690e+05
   6.6746061e+05
   6.6797207e+05
   6.6858569e+05
   6.6908519e+05
   6.6927236e+05
   6.6961883e+05
   6.7027992e+05
   6.7056953e+05
   6.7096403e+05
   6.7127774e+05
   6.7176023e+05
   6.9100729e+05
   6.9136421e+05
   6.9216345e+05
   6.9249764e+05
   6.9416474e+05
   6.9487865e+05
   6.9609414e+05
   6.9697408e+05
   6.9771843e+05
   7.0055606e+05
   7.0093533e+05
   7.0155230e+05
   7.0185265e+05
   7.0305504e+05
   7.0343219e+05
   7.0364993e+05
   7.0395261e+05
   7.0426701e+05
   7.0657143e+05
   7.0705616e+05
   7.0761845e+05
   7.0843188e+05
   7.0887718e+05
   7.1303869e+05
   7.1388898e+05
   7.1411367e+05
   7.1441111e+05
   7.1474847e+05
   7.1514290e+05
   7.1918598e+05
   7.2050045e+05
   7.2103463e+05
   7.2129364e+05
   7.2403750e+05
   7.2445079e+05
   7.2500438e+05
   7.2532689e+05
   7.2881337e+05
   7.3002425e+05
   7.3064563e+05
   7.3097716e+05
   7.3129689e+05
   7.3161860e+05
   7.3191191e+05
   7.3230346e+05
   7.3247642e+05
   7.3269112e+05
   7.3361868e+05
   7.3423412e+05
   7.3450418e+05
   7.3505011e+05
   7.3540427e+05
   7.3626442e+05
   7.3662105e+05
   7.3682909e+05
   7.3710217e+05
   7.3727370e+05
   7.3763728e+05
   7.3801892e+05
   7.4484356e+05
   7.4875653e+05
   7.4998414e+05
   7.5052017e+05
   7.5074907e+05
   7.6024902e+05
   7.6043040e+05
   7.6115647e+05
   7.6126326e+05
   7.6152324e+05
   7.6173613e+05
   7.6193523e+05
   7.6237592e+05
   7.6259405e+05
   7.6282933e+05
   7.6294580e+05
   7.6306110e+05
   7.6341321e+05
   7.6356662e+05
   7.6375588e+05
   7.6419838e+05
   7.6444148e+05
   7.6471027e+05
   7.6493126e+05
   7.6517782e+05
   7.6536831e+05
   7.6568649e+05
   7.6582674e+05
   7.6605593e+05
   7.6624641e+05
   7.6644634e+05
   7.6662912e+05
   7.6685595e+05
   7.6791062e+05
   7.6805903e+05
   7.6826236e+05
   7.6847933e+05
   7.6883565e+05
   7.6909485e+05
   7.7026159e+05
   7.7046052e+05
   7.7070660e+05
   7.7091948e+05
   7.7117429e+05
   7.7145520e+05
   7.7189428e+05
   7.7214755e+05
   7.7236349e+05
   7.7253883e+05
   7.7303010e+05
   7.7325176e+05
   7.7345115e+05
   7.7378557e+05
   7.7415346e+05
   7.7451264e+05
   7.7467372e+05
   7.7540773e+05
   7.7563861e+05
   7.7579092e+05
   7.7596438e+05
   7.7615247e+05
   7.7654027e+05
   7.7678816e+05
   7.7699287e+05
   7.7719674e+05
   7.7743357e+05
   7.7755276e+05
   7.7771645e+05
   7.7825369e+05
   7.7854916e+05
   7.7879938e+05
   7.7901592e+05
   7.7930026e+05
   7.7942087e+05
   7.7972480e+05
   7.7985533e+05
   7.8038951e+05
   7.8175050e+05
   7.8561192e+05
   7.8627478e+05
   7.8704699e+05
   7.8751772e+05
   7.8995122e+05
   7.9069652e+05
   7.9156453e+05
   7.9216828e+05
   7.9262797e+05
   7.9363290e+05
   7.9431042e+05
   7.9939297e+05
   8.0083884e+05
   8.0115888e+05
   8.0162240e+05
   8.0215737e+05
   8.0239867e+05
   8.0281816e+05
   8.0443611e+05
   8.0535488e+05
   8.0561644e+05
   8.0602575e+05
   8.0642450e+05
   8.0690230e+05
   8.0786769e+05
   8.0896381e+05
   8.0941810e+05
   8.0993568e+05
   8.1049982e+05
   8.1083471e+05
   8.1113577e+05
   8.1181828e+05
   8.1329678e+05
   8.1359664e+05
   8.1513058e+05
   8.1540562e+05
   8.1562125e+05
   8.1597084e+05
   8.1654819e+05
   8.1679312e+05
   8.1979947e+05
   8.2018198e+05
   8.2064325e+05
   8.2075246e+05
   8.2089576e+05
   8.2110779e+05
   8.2135793e+05
   8.2152689e+05
   8.2167322e+05
   8.2185860e+05
   8.2206004e+05
   8.2226906e+05
   8.2239435e+05
   8.2257011e+05
   8.2271930e+05
   8.2291138e+05
   8.2313907e+05
   8.2325186e+05
   8.2340026e+05
   8.2366887e+05
   8.2396022e+05
   8.2410993e+05
   8.2427424e+05
   8.2436498e+05
   8.2455649e+05
   8.2485877e+05
   8.2515351e+05
   8.2564435e+05
   8.2575820e+05
   8.2601201e+05
   8.2627823e+05
   8.2659905e+05
   8.2674786e+05
   8.2688080e+05
   8.2715321e+05
   8.2742116e+05
   8.2752563e+05
   8.2764379e+05
   8.2778615e+05
   8.2803237e+05
   8.2826978e+05
   8.2847562e+05
   8.2865135e+05
   8.2881329e+05
   8.2893769e+05
   8.2912035e+05
   8.2948320e+05
   8.2968530e+05
   8.2983415e+05
   8.3001356e+05
   8.3029698e+05
   8.3045845e+05
   8.3068067e+05
   8.3183361e+05
   8.3195473e+05
   8.3232081e+05
   8.3257814e+05
   8.3273687e+05
   8.3287749e+05
   8.3309390e+05
   8.3346091e+05
   8.3372632e+05
   8.3399960e+05
   8.3488731e+05
   8.3514278e+05
   8.3544665e+05
   8.3592934e+05
   8.3608177e+05
   8.3620067e+05
   8.3643273e+05
   8.3693097e+05
   8.3716157e+05
   8.3738210e+05
   8.3760367e+05
   8.3776699e+05
   8.3796560e+05
   8.3831325e+05
   8.3877475e+05
   8.3927856e+05
   8.3946294e+05
   8.3959057e+05
   8.4124932e+05
   8.4192082e+05
   8.4307855e+05
   8.4343845e+05
   8.4502125e+05
   8.4522472e+05
   8.4602814e+05
   8.4626339e+05
   8.4652386e+05
   8.4716612e+05
   8.4765818e+05
   8.5084390e+05
   8.5119271e+05
   8.5153737e+05
   8.5231493e+05
   8.5292952e+05
   8.5312128e+05
   8.5367378e+05
   8.5400812e+05
   8.5484933e+05
   8.5511630e+05
   8.5541861e+05
   8.5572130e+05
   8.5599842e+05
   8.5749415e+05
   8.5771195e+05
   8.5821764e+05
   8.6794851e+05
   8.6908594e+05
   8.6959065e+05
   8.6978672e+05
   8.7092300e+05
   8.7110572e+05
   8.7137658e+05
   8.7168275e+05
   8.7757896e+05
   8.7790726e+05
   8.7811705e+05
   8.7829917e+05
   8.7884482e+05
   8.7956994e+05
   8.8022333e+05
   8.8036174e+05
   8.8049135e+05
   8.8063891e+05
   8.8074749e+05
   8.8093887e+05
   8.8115411e+05
   8.8135595e+05
   8.8150744e+05
   8.8163072e+05
   8.8173499e+05
   8.8193255e+05
   8.8229390e+05
   8.8247638e+05
   8.8264771e+05
   8.8280624e+05
   8.8298192e+05
   8.8316492e+05
   8.8375510e+05
   8.8389560e+05
   8.8403637e+05
   8.8427963e+05
   8.8442324e+05
   8.8469025e+05
   8.8482537e+05
   8.8528605e+05
   8.8543731e+05
   8.8559096e+05
   8.8607291e+05
   8.8623391e+05
   8.8641221e+05
   8.8666224e+05
   8.8681891e+05
   8.8716547e+05
   8.8728299e+05
   8.8737724e+05
   8.8750704e+05
   8.8766236e+05
   8.8783841e+05
   8.8799954e+05
   8.8840370e+05
   8.8868595e+05
   8.8884113e+05
   8.8894819e+05
   8.8914143e+05
   8.8932100e+05
   8.8958203e+05
   8.8978245e+05
   8.9005450e+05
   8.9030077e+05
   8.9041977e+05
   8.9055852e+05
   8.9073437e+05
   8.9116806e+05
   8.9125204e+05
   8.9142487e+05
   8.9162701e+05
   8.9178054e+05
   8.9195754e+05
   8.9214965e+05
   8.9228415e+05
   8.9247437e+05
   8.9261316e+05
   8.9277626e+05
   8.9294664e+05
   8.9307426e+05
   8.9346143e+05
   8.9377705e+05
   8.9397269e+05
   8.9427339e+05
   8.9443319e+05
   8.9469389e+05
   8.9482275e+05
   8.9495000e+05
   8.9507079e+05
   8.9520883e+05
   8.9534120e+05
   8.9568581e+05
   8.9601481e+05
   8.9621808e+05
   8.9648254e+05
   8.9675063e+05
   8.9705142e+05
   8.9719731e+05
   8.9749435e+05
   8.9777307e+05
   8.9810340e+05
   8.9980336e+05
   9.0022377e+05
   9.0049787e+05
   9.0085634e+05
   9.0126001e+05
   9.0240178e+05
   9.0518383e+05
   9.0639605e+05
   9.0684891e+05
   9.0714534e+05
   9.0744396e+05
   9.0762675e+05
   9.0796538e+05
   9.0834399e+05
   9.0853794e+05
   9.0889177e+05
   9.0925958e+05
   9.0948098e+05
   9.0985103e+05
   9.1067085e+05
   9.1217894e+05
   9.1247919e+05
   9.1276720e+05
   9.1315272e+05
   9.1356094e+05
   9.1392078e+05
   9.1411544e+05
   9.1468503e+05
   9.1511646e+05
   9.1542489e+05
   9.1595186e+05
   9.1683305e+05
   9.1719617e+05
   9.1881708e+05
   9.1917295e+05
   9.1950226e+05
   9.2024075e+05
   9.2044180e+05
   9.2127993e+05
   9.2150650e+05
   9.2171742e+05
   9.2196103e+05
   9.2282584e+05
   9.2353646e+05
   9.2395331e+05
   9.3618738e+05
   9.3704835e+05
   9.3737687e+05
   9.3844891e+05
   9.3857584e+05
   9.3894394e+05
   9.4020538e+05
   9.4033927e+05
   9.4044841e+05
   9.4061703e+05
   9.4076820e+05
   9.4090651e+05
   9.4108396e+05
   9.4117873e+05
   9.4134793e+05
   9.4161318e+05
   9.4178851e+05
   9.4191033e+05
   9.4209440e+05
   9.4221709e+05
   9.4279854e+05
   9.4300347e+05
   9.4318030e+05
   9.4333136e+05
   9.4347976e+05
   9.4363184e+05
   9.4382492e+05
   9.4406601e+05
   9.4421624e+05
   9.4432272e+05
   9.4445607e+05
   9.4457939e+05
   9.4471561e+05
   9.4484444e+05
   9.4495433e+05
   9.4512514e+05
   9.4526449e+05
   9.4544019e+05
   9.4562315e+05
   9.4590806e+05
   9.4600795e+05
   9.4621859e+05
   9.4635095e+05
   9.4647649e+05
   9.4659171e+05
   9.4671642e+05
   9.4686283e+05
   9.4718931e+05
   9.4928915e+05
   9.4943775e+05
   9.4957281e+05
   9.4968525e+05
   9.5022578e+05
   9.5042772e+05
   9.5053213e+05
   9.5064582e+05
   9.5094227e+05
   9.5112053e+05
   9.5125190e+05
   9.5140792e+05
   9.5160724e+05
   9.5186260e+05
   9.5211611e+05
   9.5278188e+05
   9.5293345e+05
   9.5304604e+05
   9.5330037e+05
   9.5343041e+05
   9.5363219e+05
   9.5386959e+05
   9.5443945e+05
   9.5461002e+05
   9.5475665e+05
   9.5503297e+05
   9.5513863e+05
   9.5530578e+05
   9.5543404e+05
   9.5558035e+05
   9.5577975e+05
   9.5591409e+05
   9.5605718e+05
   9.5637563e+05
   9.5654830e+05
   9.5668106e+05
   9.5681859e+05
   9.5697797e+05
   9.5712164e+05
   9.5730723e+05
   9.5747284e+05
   9.5776592e+05
   9.5788094e+05
   9.5827263e+05
   9.5859653e+05
   9.5871575e+05
   9.5891839e+05
   9.5906578e+05
   9.5954823e+05
   9.5967500e+05
   9.5991805e+05
   9.6071451e+05
   9.6092959e+05
   9.6118997e+05
   9.6148035e+05
   9.6395961e+05
   9.6479668e+05
   9.6505201e+05
   9.6526545e+05
   9.6583427e+05
   9.6608549e+05
   9.6698668e+05
   9.6904286e+05
   9.7016618e+05
   9.7114776e+05
   9.7161179e+05
   9.7178479e+05
   9.7214900e+05
   9.7255873e+05
   9.7359266e+05
   9.7581235e+05
   9.7716724e+05
   9.7738435e+05
   9.7766074e+05
   9.7785417e+05
   9.7831958e+05
   9.7873941e+05
   9.7984015e+05
   9.8011975e+05
   9.8052577e+05
   9.8106729e+05
   9.8225916e+05
   9.8254371e+05
   9.8279141e+05
   9.8305842e+05
   9.8473564e+05
   9.8533485e+05
   9.8558952e+05
   9.8577694e+05
   9.8636357e+05
   9.8661077e+05
   9.8692205e+05
   9.8706108e+05
   9.8721357e+05
   9.8741409e+05
   9.8787053e+05
   9.8825280e+05
   9.8978739e+05
   9.9003114e+05
   9.9198376e+05
   9.9288999e+05
   9.9422666e+05
   9.9543379e+05
   9.9742171e+05
   9.9776268e+05
   9.9814193e+05
   9.9839632e+05
   9.9871254e+05
   9.9938111e+05
   1.0001537e+06
   1.0004757e+06
   1.0007017e+06
   1.0008810e+06
   1.0011121e+06
   1.0012297e+06
   1.0013811e+06
   1.0014893e+06
   1.0016334e+06
   1.0018234e+06
   1.0020207e+06
   1.0021391e+06
   1.0022769e+06
   1.0024190e+06
   1.0025697e+06
   1.0028288e+06
   1.0029237e+06
   1.0030287e+06
   1.0031202e+06
   1.0032759e+06
   1.0034746e+06
   1.0036301e+06
   1.0037804e+06
   1.0038865e+06
   1.0040194e+06
   1.0043052e+06
   1.0047619e+06
   1.0049542e+06
   1.0050463e+06
   1.0051479e+06
   1.0052808e+06
   1.0054055e+06
   1.0055226e+06
   1.0056972e+06
   1.0058484e+06
   1.0059970e+06
   1.0061382e+06
   1.0062680e+06
   1.0064036e+06
   1.0065594e+06
   1.0068906e+06
   1.0072293e+06
   1.0073838e+06
   1.0075185e+06
   1.0076999e+06
   1.0078654e+06
   1.0082383e+06
   1.0084577e+06
   1.0085984e+06
   1.0087406e+06
   1.0089281e+06
   1.0090818e+06
   1.0092049e+06
   1.0094367e+06
   1.0095504e+06
   1.0098617e+06
   1.0100842e+06
   1.0102125e+06
   1.0104966e+06
   1.0106519e+06
   1.0107687e+06
   1.0110754e+06
   1.0112934e+06
   1.0114272e+06
   1.0115905e+06
   1.0118255e+06
   1.0119264e+06
   1.0123492e+06
   1.0124970e+06
   1.0126659e+06
   1.0128709e+06
   1.0130028e+06
   1.0131355e+06
   1.0132504e+06
   1.0135931e+06
   1.0137399e+06
   1.0139981e+06
   1.0143109e+06
   1.0145177e+06
   1.0147365e+06
   1.0149690e+06
   1.0150817e+06
   1.0151938e+06
   1.0153410e+06
   1.0154892e+06
   1.0155958e+06
   1.0158397e+06
   1.0161157e+06
   1.0165635e+06
   1.0167270e+06
   1.0168959e+06
   1.0171245e+06
   1.0172381e+06
   1.0174311e+06
   1.0176008e+06
   1.0177195e+06
   1.0178702e+06
   1.0180498e+06
   1.0181916e+06
   1.0183549e+06
   1.0185129e+06
   1.0186124e+06
   1.0188062e+06
   1.0189442e+06
   1.0191219e+06
   1.0192459e+06
   1.0193952e+06
   1.0194942e+06
   1.0196817e+06
   1.0198288e+06
   1.0202852e+06
   1.0206396e+06
   1.0210015e+06
   1.0225593e+06
   1.0227671e+06
   1.0231080e+06
   1.0233636e+06
   1.0239180e+06
   1.0254076e+06
   1.0259648e+06
   1.0264567e+06
   1.0268764e+06
   1.0270502e+06
   1.0275014e+06
   1.0279392e+06
   1.0282949e+06
   1.0286860e+06
   1.0289409e+06
   1.0293481e+06
   1.0313120e+06
   1.0315730e+06
   1.0318941e+06
   1.0320872e+06
   1.0326325e+06
   1.0328077e+06
   1.0340228e+06
   1.0343929e+06
   1.0354254e+06
   1.0357108e+06
   1.0360804e+06
   1.0365766e+06
   1.0369293e+06
   1.0372170e+06
   1.0602420e+06
   1.0604205e+06
   1.0606162e+06
   1.0608222e+06
   1.0610119e+06
   1.0611167e+06
   1.0612435e+06
   1.0614351e+06
   1.0615652e+06
   1.0617341e+06
   1.0619060e+06
   1.0620371e+06
   1.0621921e+06
   1.0623028e+06
   1.0624817e+06
   1.0626398e+06
   1.0628082e+06
   1.0630040e+06
   1.0632282e+06
   1.0633482e+06
   1.0635644e+06
   1.0637177e+06
   1.0638180e+06
   1.0640194e+06
   1.0641226e+06
   1.0642710e+06
   1.0644211e+06
   1.0645661e+06
   1.0647309e+06
   1.0649359e+06
   1.0650911e+06
   1.0656108e+06
   1.0657650e+06
   1.0659659e+06
   1.0661170e+06
   1.0662300e+06
   1.0663500e+06
   1.0665709e+06
   1.0667122e+06
   1.0669249e+06
   1.0671864e+06
   1.0673272e+06
   1.0677024e+06
   1.0678682e+06
   1.0680090e+06
   1.0681856e+06
   1.0683120e+06
   1.0684618e+06
   1.0685894e+06
   1.0688219e+06
   1.0691442e+06
   1.0692546e+06
   1.0694244e+06
   1.0695302e+06
   1.0696573e+06
   1.0697588e+06
   1.0701504e+06
   1.0703761e+06
   1.0705429e+06
   1.0707088e+06
   1.0709692e+06
   1.0711653e+06
   1.0713066e+06
   1.0715639e+06
   1.0717793e+06
   1.0719434e+06
   1.0720955e+06
   1.0722614e+06
   1.0724269e+06
   1.0725354e+06
   1.0726463e+06
   1.0727401e+06
   1.0728527e+06
   1.0729805e+06
   1.0731443e+06
   1.0732773e+06
   1.0734330e+06
   1.0736114e+06
   1.0738612e+06
   1.0739604e+06
   1.0742853e+06
   1.0744535e+06
   1.0745461e+06
   1.0747583e+06
   1.0749195e+06
   1.0750441e+06
   1.0751637e+06
   1.0754437e+06
   1.0759237e+06
   1.0763350e+06
   1.0765004e+06
   1.0766438e+06
   1.0768408e+06
   1.0772180e+06
   1.0774058e+06
   1.0776984e+06
   1.0778497e+06
   1.0780742e+06
   1.0781967e+06
   1.0783312e+06
   1.0784501e+06
   1.0785577e+06
   1.0787096e+06
   1.0789700e+06
   1.0791360e+06
   1.0793979e+06
   1.0795315e+06
   1.0796752e+06
   1.0797741e+06
   1.0799536e+06
   1.0805386e+06
   1.0809251e+06
   1.0811116e+06
   1.0824066e+06
   1.0834308e+06
   1.0837922e+06
   1.0844857e+06
   1.0888430e+06
   1.0890713e+06
   1.0894810e+06
   1.0897822e+06
   1.0899797e+06
   1.0908343e+06
   1.0911778e+06
   1.0963868e+06
   1.0968271e+06
   1.0970934e+06
   1.0981852e+06
   1.0987799e+06
   1.0995533e+06
   1.0997813e+06
   1.1000160e+06
   1.1014645e+06
   1.1017720e+06
   1.1022451e+06
   1.1026110e+06
   1.1029841e+06
   1.1033386e+06
   1.1037547e+06
   1.1043889e+06
   1.1047069e+06
   1.1051423e+06
   1.1055893e+06
   1.1060372e+06
   1.1132373e+06
   1.1136361e+06
   1.1138218e+06
   1.1145932e+06
   1.1148725e+06
   1.1161849e+06
   1.1166483e+06
   1.1201501e+06
   1.1202726e+06
   1.1205383e+06
   1.1206512e+06
   1.1208325e+06
   1.1209116e+06
   1.1210642e+06
   1.1212143e+06
   1.1213155e+06
   1.1214106e+06
   1.1216008e+06
   1.1217551e+06
   1.1219587e+06
   1.1221712e+06
   1.1222860e+06
   1.1224293e+06
   1.1225630e+06
   1.1226510e+06
   1.1228182e+06
   1.1230669e+06
   1.1232177e+06
   1.1233371e+06
   1.1234403e+06
   1.1235779e+06
   1.1237103e+06
   1.1239257e+06
   1.1240402e+06
   1.1243416e+06
   1.1244346e+06
   1.1245735e+06
   1.1246827e+06
   1.1248002e+06
   1.1249956e+06
   1.1251029e+06
   1.1252219e+06
   1.1253765e+06
   1.1255603e+06
   1.1257244e+06
   1.1258511e+06
   1.1259596e+06
   1.1261095e+06
   1.1262810e+06
   1.1264143e+06
   1.1265253e+06
   1.1266632e+06
   1.1267438e+06
   1.1269201e+06
   1.1272485e+06
   1.1274100e+06
   1.1275217e+06
   1.1276443e+06
   1.1277910e+06
   1.1279453e+06
   1.1281515e+06
   1.1282861e+06
   1.1284712e+06
   1.1287782e+06
   1.1288909e+06
   1.1291504e+06
   1.1293516e+06
   1.1294575e+06
   1.1295884e+06
   1.1297328e+06
   1.1298974e+06
   1.1301119e+06
   1.1302175e+06
   1.1303126e+06
   1.1304692e+06
   1.1305908e+06
   1.1307195e+06
   1.1308270e+06
   1.1309524e+06
   1.1312635e+06
   1.1314005e+06
   1.1315419e+06
   1.1316931e+06
   1.1318262e+06
   1.1319167e+06
   1.1320772e+06
   1.1322261e+06
   1.1323413e+06
   1.1324507e+06
   1.1325772e+06
   1.1326825e+06
   1.1328137e+06
   1.1329656e+06
   1.1330939e+06
   1.1333011e+06
   1.1334567e+06
   1.1335785e+06
   1.1336916e+06
   1.1339149e+06
   1.1342137e+06
   1.1343700e+06
   1.1347138e+06
   1.1348602e+06
   1.1350332e+06
   1.1351844e+06
   1.1357980e+06
   1.1359075e+06
   1.1360524e+06
   1.1362036e+06
   1.1363364e+06
   1.1365848e+06
   1.1367627e+06
   1.1368496e+06
   1.1370715e+06
   1.1371567e+06
   1.1372868e+06
   1.1373673e+06
   1.1375061e+06
   1.1376522e+06
   1.1378373e+06
   1.1379399e+06
   1.1381382e+06
   1.1382723e+06
   1.1384350e+06
   1.1385325e+06
   1.1386772e+06
   1.1388374e+06
   1.1389187e+06
   1.1391557e+06
   1.1392905e+06
   1.1393948e+06
   1.1395200e+06
   1.1396663e+06
   1.1398561e+06
   1.1420688e+06
   1.1423627e+06
   1.1429165e+06
   1.1441316e+06
   1.1444616e+06
   1.1447666e+06
   1.1449895e+06
   1.1456052e+06
   1.1459041e+06
   1.1473381e+06
   1.1474978e+06
   1.1476713e+06
   1.1482310e+06
   1.1492064e+06
   1.1496590e+06
   1.1507719e+06
   1.1510962e+06
   1.1513071e+06
   1.1535515e+06
   1.1538264e+06
   1.1543681e+06
   1.1545339e+06
   1.1548282e+06
   1.1553670e+06
   1.1557029e+06
   1.1564788e+06
   1.1567417e+06
   1.1570845e+06
   1.1577241e+06
   1.1579541e+06
   1.1584600e+06
   1.1586924e+06
   1.1590782e+06
   1.1594700e+06
   1.1599121e+06
   1.1621497e+06
   1.1630172e+06
   1.1632657e+06
   1.1638480e+06
   1.1717877e+06
   1.1721235e+06
   1.1724994e+06
   1.1727771e+06
   1.1733524e+06
   1.1735784e+06
   1.1739348e+06
   1.1743703e+06
   1.1748424e+06
   1.1754686e+06
   1.1759256e+06
   1.1761925e+06
   1.1775432e+06
   1.1779828e+06
   1.1782131e+06
   1.1787897e+06
   1.1789993e+06
   1.1801303e+06
   1.1803868e+06
   1.1806162e+06
   1.1807433e+06
   1.1808416e+06
   1.1809625e+06
   1.1810561e+06
   1.1812859e+06
   1.1813990e+06
   1.1815133e+06
   1.1816492e+06
   1.1818245e+06
   1.1819273e+06
   1.1820512e+06
   1.1822084e+06
   1.1823515e+06
   1.1825042e+06
   1.1826056e+06
   1.1827430e+06
   1.1829163e+06
   1.1830686e+06
   1.1832998e+06
   1.1834007e+06
   1.1835614e+06
   1.1836853e+06
   1.1838225e+06
   1.1840865e+06
   1.1842421e+06
   1.1843454e+06
   1.1844322e+06
   1.1845395e+06
   1.1846633e+06
   1.1848047e+06
   1.1849118e+06
   1.1850681e+06
   1.1851613e+06
   1.1853248e+06
   1.1854340e+06
   1.1855802e+06
   1.1858037e+06
   1.1859109e+06
   1.1860320e+06
   1.1861257e+06
   1.1862332e+06
   1.1863743e+06
   1.1864704e+06
   1.1866880e+06
   1.1867915e+06
   1.1869148e+06
   1.1871843e+06
   1.1875021e+06
   1.1876074e+06
   1.1877689e+06
   1.1879405e+06
   1.1880637e+06
   1.1881838e+06
   1.1884040e+06
   1.1885388e+06
   1.1886449e+06
   1.1887896e+06
   1.1888845e+06
   1.1890304e+06
   1.1892107e+06
   1.1893905e+06
   1.1895392e+06
   1.1896934e+06
   1.1899929e+06
   1.1901104e+06
   1.1902724e+06
   1.1903622e+06
   1.1904707e+06
   1.1906183e+06
   1.1907106e+06
   1.1908540e+06
   1.1909556e+06
   1.1910307e+06
   1.1911414e+06
   1.1913074e+06
   1.1914426e+06
   1.1915721e+06
   1.1917680e+06
   1.1919166e+06
   1.1920753e+06
   1.1921937e+06
   1.1923843e+06
   1.1925724e+06
   1.1927534e+06
   1.1929049e+06
   1.1930860e+06
   1.1931821e+06
   1.1933899e+06
   1.1934619e+06
   1.1935871e+06
   1.1937417e+06
   1.1938821e+06
   1.1941729e+06
   1.1942808e+06
   1.1944307e+06
   1.1945211e+06
   1.1946625e+06
   1.1948015e+06
   1.1949266e+06
   1.1950271e+06
   1.1952410e+06
   1.1954186e+06
   1.1955991e+06
   1.1957817e+06
   1.1959158e+06
   1.1960190e+06
   1.1961258e+06
   1.1963165e+06
   1.1964417e+06
   1.1965681e+06
   1.1967433e+06
   1.1968628e+06
   1.1969805e+06
   1.1971775e+06
   1.1973362e+06
   1.1974485e+06
   1.1976649e+06
   1.1978233e+06
   1.1979478e+06
   1.1980989e+06
   1.1984010e+06
   1.1985328e+06
   1.1986619e+06
   1.1987780e+06
   1.1989143e+06
   1.1990709e+06
   1.1993342e+06
   1.1997592e+06
   1.1998730e+06
   1.1999919e+06
   1.2007279e+06
   1.2008735e+06
   1.2010730e+06
   1.2015694e+06
   1.2018719e+06
   1.2021480e+06
   1.2024056e+06
   1.2027001e+06
   1.2032811e+06
   1.2043550e+06
   1.2045522e+06
   1.2049499e+06
   1.2057686e+06
   1.2066823e+06
   1.2075725e+06
   1.2082511e+06
   1.2094875e+06
   1.2119971e+06
   1.2124023e+06
   1.2133191e+06
   1.2136691e+06
   1.2139055e+06
   1.2142434e+06
   1.2163232e+06
   1.2172933e+06
   1.2180058e+06
   1.2188766e+06
   1.2207682e+06
   1.2209243e+06
   1.2213231e+06
   1.2222699e+06
   1.2229525e+06
   1.2232348e+06
   1.2238542e+06
   1.2242022e+06
   1.2246002e+06
   1.2253733e+06
   1.2256091e+06
   1.2265405e+06
   1.2270659e+06
   1.2275043e+06
   1.2300439e+06
   1.2313011e+06
   1.2315660e+06
   1.2318850e+06
   1.2329332e+06
   1.2332390e+06
   1.2334579e+06
   1.2341007e+06
   1.2350544e+06
   1.2355407e+06
   1.2367354e+06
   1.2401134e+06
   1.2402118e+06
   1.2403228e+06
   1.2404280e+06
   1.2405777e+06
   1.2407242e+06
   1.2408162e+06
   1.2409443e+06
   1.2410458e+06
   1.2411704e+06
   1.2412710e+06
   1.2413619e+06
   1.2414486e+06
   1.2415536e+06
   1.2416430e+06
   1.2417507e+06
   1.2418985e+06
   1.2420121e+06
   1.2421156e+06
   1.2422196e+06
   1.2423189e+06
   1.2424311e+06
   1.2425817e+06
   1.2427142e+06
   1.2428272e+06
   1.2429381e+06
   1.2430789e+06
   1.2432325e+06
   1.2433875e+06
   1.2435337e+06
   1.2437050e+06
   1.2438545e+06
   1.2439484e+06
   1.2440716e+06
   1.2441888e+06
   1.2442974e+06
   1.2444709e+06
   1.2446062e+06
   1.2447735e+06
   1.2448795e+06
   1.2449915e+06
   1.2451008e+06
   1.2451869e+06
   1.2452685e+06
   1.2453701e+06
   1.2454876e+06
   1.2455958e+06
   1.2457830e+06
   1.2458969e+06
   1.2461055e+06
   1.2462169e+06
   1.2463329e+06
   1.2465413e+06
   1.2466885e+06
   1.2468030e+06
   1.2471949e+06
   1.2472705e+06
   1.2473613e+06
   1.2474962e+06
   1.2476754e+06
   1.2478379e+06
   1.2481279e+06
   1.2482497e+06
   1.2484028e+06
   1.2484786e+06
   1.2486089e+06
   1.2490037e+06
   1.2491767e+06
   1.2493116e+06
   1.2494141e+06
   1.2495377e+06
   1.2497202e+06
   1.2499113e+06
   1.2500216e+06
   1.2501392e+06
   1.2502511e+06
   1.2504096e+06
   1.2505157e+06
   1.2506546e+06
   1.2508332e+06
   1.2509765e+06
   1.2510811e+06
   1.2511809e+06
   1.2512926e+06
   1.2514276e+06
   1.2516113e+06
   1.2517299e+06
   1.2518447e+06
   1.2519631e+06
   1.2520739e+06
   1.2522108e+06
   1.2523384e+06
   1.2524722e+06
   1.2525943e+06
   1.2527259e+06
   1.2528315e+06
   1.2529311e+06
   1.2530304e+06
   1.2531508e+06
   1.2532766e+06
   1.2533851e+06
   1.2535338e+06
   1.2536391e+06
   1.2537572e+06
   1.2539020e+06
   1.2542211e+06
   1.2543753e+06
   1.2544938e+06
   1.2546066e+06
   1.2547397e+06
   1.2548530e+06
   1.2549999e+06
   1.2551807e+06
   1.2553036e+06
   1.2554070e+06
   1.2554844e+06
   1.2556242e+06
   1.2557263e+06
   1.2558092e+06
   1.2559060e+06
   1.2560331e+06
   1.2561971e+06
   1.2563030e+06
   1.2564269e+06
   1.2565401e+06
   1.2566956e+06
   1.2567913e+06
   1.2569293e+06
   1.2570323e+06
   1.2571168e+06
   1.2572172e+06
   1.2573548e+06
   1.2575075e+06
   1.2576388e+06
   1.2577300e+06
   1.2578665e+06
   1.2579838e+06
   1.2580952e+06
   1.2582813e+06
   1.2584141e+06
   1.2585372e+06
   1.2586827e+06
   1.2588460e+06
   1.2590805e+06
   1.2591750e+06
   1.2593299e+06
   1.2594359e+06
   1.2595683e+06
   1.2597542e+06
   1.2599604e+06
   1.2601931e+06
   1.2633477e+06
   1.2639961e+06
   1.2648749e+06
   1.2651433e+06
   1.2654866e+06
   1.2657104e+06
   1.2659634e+06
   1.2687286e+06
   1.2690795e+06
   1.2695030e+06
   1.2699243e+06
   1.2700244e+06
   1.2702536e+06
   1.2705139e+06
   1.2710645e+06
   1.2712256e+06
   1.2719458e+06
   1.2805184e+06
   1.2812902e+06
   1.2816243e+06
   1.2825380e+06
   1.2829955e+06
   1.2839683e+06
   1.2842624e+06
   1.2859915e+06
   1.2869037e+06
   1.2871342e+06
   1.2899236e+06
   1.2905707e+06
   1.2913048e+06
   1.2915512e+06
   1.2917886e+06
   1.2928004e+06
   1.2930898e+06
   1.2935084e+06
   1.2937076e+06
   1.2975623e+06
   1.2979155e+06
   1.2982625e+06
   1.2993775e+06
   1.3001423e+06
   1.3002761e+06
   1.3003922e+06
   1.3005129e+06
   1.3006372e+06
   1.3007350e+06
   1.3008475e+06
   1.3009614e+06
   1.3010807e+06
   1.3012084e+06
   1.3015809e+06
   1.3016710e+06
   1.3017994e+06
   1.3019039e+06
   1.3021422e+06
   1.3023840e+06
   1.3025157e+06
   1.3026417e+06
   1.3027468e+06
   1.3028820e+06
   1.3030129e+06
   1.3031435e+06
   1.3032923e+06
   1.3034773e+06
   1.3035688e+06
   1.3036550e+06
   1.3038031e+06
   1.3039057e+06
   1.3041045e+06
   1.3041976e+06
   1.3044397e+06
   1.3045508e+06
   1.3046339e+06
   1.3047369e+06
   1.3048196e+06
   1.3049542e+06
   1.3050588e+06
   1.3052223e+06
   1.3053878e+06
   1.3055010e+06
   1.3057452e+06
   1.3058763e+06
   1.3060065e+06
   1.3061081e+06
   1.3062016e+06
   1.3063086e+06
   1.3064397e+06
   1.3065274e+06
   1.3067411e+06
   1.3068442e+06
   1.3069673e+06
   1.3072445e+06
   1.3073533e+06
   1.3074615e+06
   1.3075909e+06
   1.3076950e+06
   1.3078001e+06
   1.3080044e+06
   1.3081150e+06
   1.3082465e+06
   1.3083359e+06
   1.3085049e+06
   1.3086737e+06
   1.3087586e+06
   1.3089289e+06
   1.3091069e+06
   1.3092053e+06
   1.3093383e+06
   1.3094428e+06
   1.3096426e+06
   1.3097338e+06
   1.3098990e+06
   1.3100221e+06
   1.3101388e+06
   1.3103053e+06
   1.3104198e+06
   1.3105568e+06
   1.3106684e+06
   1.3107688e+06
   1.3109803e+06
   1.3110979e+06
   1.3112049e+06
   1.3113553e+06
   1.3116354e+06
   1.3118234e+06
   1.3119400e+06
   1.3121127e+06
   1.3121993e+06
   1.3124180e+06
   1.3125188e+06
   1.3126489e+06
   1.3127944e+06
   1.3129183e+06
   1.3129953e+06
   1.3130814e+06
   1.3132182e+06
   1.3133121e+06
   1.3134196e+06
   1.3135789e+06
   1.3136839e+06
   1.3138056e+06
   1.3139460e+06
   1.3141605e+06
   1.3143022e+06
   1.3144181e+06
   1.3145291e+06
   1.3146292e+06
   1.3148820e+06
   1.3149916e+06
   1.3151149e+06
   1.3152118e+06
   1.3154763e+06
   1.3155577e+06
   1.3157086e+06
   1.3158732e+06
   1.3160307e+06
   1.3161271e+06
   1.3162407e+06
   1.3164266e+06
   1.3165724e+06
   1.3166993e+06
   1.3168180e+06
   1.3169189e+06
   1.3170637e+06
   1.3171997e+06
   1.3173086e+06
   1.3173901e+06
   1.3175637e+06
   1.3177492e+06
   1.3179510e+06
   1.3180539e+06
   1.3182158e+06
   1.3183808e+06
   1.3184953e+06
   1.3185813e+06
   1.3186998e+06
   1.3187934e+06
   1.3190235e+06
   1.3191105e+06
   1.3192217e+06
   1.3193402e+06
   1.3194313e+06
   1.3196334e+06
   1.3197419e+06
   1.3198375e+06
   1.3199696e+06
   1.3202539e+06
   1.3217543e+06
   1.3219644e+06
   1.3237576e+06
   1.3244830e+06
   1.3263423e+06
   1.3271948e+06
   1.3274306e+06
   1.3276988e+06
   1.3285582e+06
   1.3326723e+06
   1.3331701e+06
   1.3334416e+06
   1.3339870e+06
   1.3343208e+06
   1.3359448e+06
   1.3364123e+06
   1.3366729e+06
   1.3393265e+06
   1.3396164e+06
   1.3399083e+06
   1.3402299e+06
   1.3419287e+06
   1.3440013e+06
   1.3460611e+06
   1.3463460e+06
   1.3476040e+06
   1.3478674e+06
   1.3485908e+06
   1.3489019e+06
   1.3493131e+06
   1.3506896e+06
   1.3511140e+06
   1.3513987e+06
   1.3518328e+06
   1.3521391e+06
   1.3533633e+06
   1.3555762e+06
   1.3557937e+06
   1.3560618e+06
   1.3562760e+06
   1.3570617e+06
   1.3573141e+06
   1.3574823e+06
   1.3601416e+06
   1.3602943e+06
   1.3603713e+06
   1.3604817e+06
   1.3606697e+06
   1.3607507e+06
   1.3608494e+06
   1.3609589e+06
   1.3610879e+06
   1.3611773e+06
   1.3612468e+06
   1.3613633e+06
   1.3614701e+06
   1.3615858e+06
   1.3616538e+06
   1.3617597e+06
   1.3618585e+06
   1.3620779e+06
   1.3621788e+06
   1.3622680e+06
   1.3624006e+06
   1.3624966e+06
   1.3626452e+06
   1.3627299e+06
   1.3628229e+06
   1.3629087e+06
   1.3630143e+06
   1.3631371e+06
   1.3633118e+06
   1.3633960e+06
   1.3634897e+06
   1.3636165e+06
   1.3637315e+06
   1.3641137e+06
   1.3642017e+06
   1.3642912e+06
   1.3643848e+06
   1.3644617e+06
   1.3645804e+06
   1.3646802e+06
   1.3648160e+06
   1.3649447e+06
   1.3650692e+06
   1.3651497e+06
   1.3652961e+06
   1.3653807e+06
   1.3654840e+06
   1.3655682e+06
   1.3657054e+06
   1.3658153e+06
   1.3659002e+06
   1.3659986e+06
   1.3660764e+06
   1.3661750e+06
   1.3663331e+06
   1.3664848e+06
   1.3666072e+06
   1.3667251e+06
   1.3668344e+06
   1.3669472e+06
   1.3671405e+06
   1.3672252e+06
   1.3673547e+06
   1.3674801e+06
   1.3676459e+06
   1.3677720e+06
   1.3678844e+06
   1.3679711e+06
   1.3680624e+06
   1.3681900e+06
   1.3683939e+06
   1.3685410e+06
   1.3686410e+06
   1.3687719e+06
   1.3688584e+06
   1.3690539e+06
   1.3691459e+06
   1.3692295e+06
   1.3693618e+06
   1.3694922e+06
   1.3696301e+06
   1.3697219e+06
   1.3698111e+06
   1.3699108e+06
   1.3700050e+06
   1.3701219e+06
   1.3703156e+06
   1.3704251e+06
   1.3705083e+06
   1.3706536e+06
   1.3707469e+06
   1.3709130e+06
   1.3710077e+06
   1.3711699e+06
   1.3712823e+06
   1.3714139e+06
   1.3715592e+06
   1.3716952e+06
   1.3718226e+06
   1.3719421e+06
   1.3720513e+06
   1.3721830e+06
   1.3722945e+06
   1.3724088e+06
   1.3725442e+06
   1.3726598e+06
   1.3727401e+06
   1.3728295e+06
   1.3729587e+06
   1.3730604e+06
   1.3731580e+06
   1.3733136e+06
   1.3734055e+06
   1.3735705e+06
   1.3736555e+06
   1.3737420e+06
   1.3738518e+06
   1.3741763e+06
   1.3742492e+06
   1.3744091e+06
   1.3745222e+06
   1.3746828e+06
   1.3747725e+06
   1.3748848e+06
   1.3749860e+06
   1.3751343e+06
   1.3752792e+06
   1.3753880e+06
   1.3754903e+06
   1.3756155e+06
   1.3757705e+06
   1.3758699e+06
   1.3759597e+06
   1.3760903e+06
   1.3762215e+06
   1.3763249e+06
   1.3764548e+06
   1.3765751e+06
   1.3767632e+06
   1.3768819e+06
   1.3770886e+06
   1.3771821e+06
   1.3773375e+06
   1.3774512e+06
   1.3776299e+06
   1.3777352e+06
   1.3779262e+06
   1.3780219e+06
   1.3783516e+06
   1.3785179e+06
   1.3786444e+06
   1.3787270e+06
   1.3788879e+06
   1.3790023e+06
   1.3790892e+06
   1.3792372e+06
   1.3793205e+06
   1.3794485e+06
   1.3795893e+06
   1.3797312e+06
   1.3798433e+06
   1.3799361e+06
   1.3807584e+06
   1.3811829e+06
   1.3814518e+06
   1.3820613e+06
   1.3828660e+06
   1.3837604e+06
   1.3875031e+06
   1.3877913e+06
   1.3880364e+06
   1.3882224e+06
   1.3885252e+06
   1.3888553e+06
   1.3894844e+06
   1.3901699e+06
   1.3907827e+06
   1.3914004e+06
   1.3917009e+06
   1.3928966e+06
   1.3932095e+06
   1.3955872e+06
   1.3959769e+06
   1.3965310e+06
   1.3974485e+06
   1.4025424e+06
   1.4026752e+06
   1.4029681e+06
   1.4033821e+06
   1.4035966e+06
   1.4040530e+06
   1.4041799e+06
   1.4053667e+06
   1.4056600e+06
   1.4060065e+06
   1.4062667e+06
   1.4072849e+06
   1.4091479e+06
   1.4095558e+06
   1.4097844e+06
   1.4100208e+06
   1.4102546e+06
   1.4116027e+06
   1.4139260e+06
   1.4143644e+06
   1.4150657e+06
   1.4184620e+06
   1.4192067e+06
   1.4195588e+06
   1.4200858e+06
   1.4201848e+06
   1.4203361e+06
   1.4204282e+06
   1.4205453e+06
   1.4206464e+06
   1.4207402e+06
   1.4208350e+06
   1.4209536e+06
   1.4211012e+06
   1.4212385e+06
   1.4213555e+06
   1.4214423e+06
   1.4215525e+06
   1.4216672e+06
   1.4217442e+06
   1.4218466e+06
   1.4219199e+06
   1.4220157e+06
   1.4221925e+06
   1.4223126e+06
   1.4224266e+06
   1.4225266e+06
   1.4226577e+06
   1.4227623e+06
   1.4228738e+06
   1.4229588e+06
   1.4231177e+06
   1.4232069e+06
   1.4232836e+06
   1.4233594e+06
   1.4234923e+06
   1.4235919e+06
   1.4237061e+06
   1.4237868e+06
   1.4239196e+06
   1.4240789e+06
   1.4241516e+06
   1.4242622e+06
   1.4243726e+06
   1.4244586e+06
   1.4245652e+06
   1.4246322e+06
   1.4247212e+06
   1.4248570e+06
   1.4249638e+06
   1.4251356e+06
   1.4252211e+06
   1.4253196e+06
   1.4254653e+06
   1.4255682e+06
   1.4256670e+06
   1.4257633e+06
   1.4258669e+06
   1.4259585e+06
   1.4260569e+06
   1.4262381e+06
   1.4263423e+06
   1.4264284e+06
   1.4264981e+06
   1.4266194e+06
   1.4267300e+06
   1.4268130e+06
   1.4269117e+06
   1.4271674e+06
   1.4272558e+06
   1.4273944e+06
   1.4274842e+06
   1.4275848e+06
   1.4276771e+06
   1.4277835e+06
   1.4278849e+06
   1.4280132e+06
   1.4281224e+06
   1.4282706e+06
   1.4283778e+06
   1.4284886e+06
   1.4285973e+06
   1.4287178e+06
   1.4288776e+06
   1.4289777e+06
   1.4290604e+06
   1.4292600e+06
   1.4294233e+06
   1.4296276e+06
   1.4297424e+06
   1.4298290e+06
   1.4299214e+06
   1.4300056e+06
   1.4301063e+06
   1.4302188e+06
   1.4302993e+06
   1.4304318e+06
   1.4305380e+06
   1.4306266e+06
   1.4307330e+06
   1.4308462e+06
   1.4309416e+06
   1.4310776e+06
   1.4311810e+06
   1.4313585e+06
   1.4314361e+06
   1.4315423e+06
   1.4316490e+06
   1.4317342e+06
   1.4318514e+06
   1.4319708e+06
   1.4320983e+06
   1.4322229e+06
   1.4324441e+06
   1.4325286e+06
   1.4326474e+06
   1.4327576e+06
   1.4328464e+06
   1.4329437e+06
   1.4330538e+06
   1.4331317e+06
   1.4332294e+06
   1.4333124e+06
   1.4334081e+06
   1.4335065e+06
   1.4336069e+06
   1.4337323e+06
   1.4338662e+06
   1.4339671e+06
   1.4341988e+06
   1.4342777e+06
   1.4343825e+06
   1.4344929e+06
   1.4346166e+06
   1.4347809e+06
   1.4348863e+06
   1.4349835e+06
   1.4350981e+06
   1.4351704e+06
   1.4352641e+06
   1.4353575e+06
   1.4354618e+06
   1.4355776e+06
   1.4357290e+06
   1.4358597e+06
   1.4359552e+06
   1.4360876e+06
   1.4361950e+06
   1.4362793e+06
   1.4364002e+06
   1.4365339e+06
   1.4366435e+06
   1.4367571e+06
   1.4368983e+06
   1.4370107e+06
   1.4371340e+06
   1.4372557e+06
   1.4373705e+06
   1.4375090e+06
   1.4376217e+06
   1.4377063e+06
   1.4378207e+06
   1.4379338e+06
   1.4380841e+06
   1.4382480e+06
   1.4384091e+06
   1.4385047e+06
   1.4386791e+06
   1.4387804e+06
   1.4388775e+06
   1.4390126e+06
   1.4391496e+06
   1.4393061e+06
   1.4394081e+06
   1.4394978e+06
   1.4396109e+06
   1.4397411e+06
   1.4398833e+06
   1.4402165e+06
   1.4404171e+06
   1.4406518e+06
   1.4412162e+06
   1.4414378e+06
   1.4423245e+06
   1.4426451e+06
   1.4428953e+06
   1.4435615e+06
   1.4451935e+06
   1.4574294e+06
   1.4581222e+06
   1.4583988e+06
   1.4586560e+06
   1.4594354e+06
   1.4596934e+06
   1.4601675e+06
   1.4604298e+06
   1.4610686e+06
   1.4614035e+06
   1.4622884e+06
   1.4625383e+06
   1.4630100e+06
   1.4633104e+06
   1.4636312e+06
   1.4739630e+06
   1.4743899e+06
   1.4747904e+06
   1.4749985e+06
   1.4752490e+06
   1.4756103e+06
   1.4759208e+06
   1.4762617e+06
   1.4765326e+06
   1.4767465e+06
   1.4773980e+06
   1.4776675e+06
   1.4778393e+06
   1.4783954e+06
   1.4788248e+06
   1.4794059e+06
   1.4795975e+06
   1.4800786e+06
   1.4802114e+06
   1.4802965e+06
   1.4804203e+06
   1.4805807e+06
   1.4807938e+06
   1.4808849e+06
   1.4810127e+06
   1.4811364e+06
   1.4812128e+06
   1.4812957e+06
   1.4813899e+06
   1.4814749e+06
   1.4815782e+06
   1.4816707e+06
   1.4817604e+06
   1.4818686e+06
   1.4819810e+06
   1.4821318e+06
   1.4822308e+06
   1.4823343e+06
   1.4824091e+06
   1.4824963e+06
   1.4825859e+06
   1.4826856e+06
   1.4828127e+06
   1.4829364e+06
   1.4830416e+06
   1.4831920e+06
   1.4833177e+06
   1.4834116e+06
   1.4835238e+06
   1.4836164e+06
   1.4837170e+06
   1.4838172e+06
   1.4839251e+06
   1.4840033e+06
   1.4841392e+06
   1.4842685e+06
   1.4843991e+06
   1.4844813e+06
   1.4847547e+06
   1.4848535e+06
   1.4849554e+06
   1.4850435e+06
   1.4851356e+06
   1.4852962e+06
   1.4853931e+06
   1.4855269e+06
   1.4855974e+06
   1.4858484e+06
   1.4859362e+06
   1.4860249e+06
   1.4861736e+06
   1.4863140e+06
   1.4863915e+06
   1.4864773e+06
   1.4865837e+06
   1.4866554e+06
   1.4867452e+06
   1.4868371e+06
   1.4869561e+06
   1.4871539e+06
   1.4872579e+06
   1.4873475e+06
   1.4874623e+06
   1.4875774e+06
   1.4876612e+06
   1.4877791e+06
   1.4879133e+06
   1.4879865e+06
   1.4881006e+06
   1.4881905e+06
   1.4882792e+06
   1.4884022e+06
   1.4884952e+06
   1.4886422e+06
   1.4887304e+06
   1.4888323e+06
   1.4890039e+06
   1.4890890e+06
   1.4891820e+06
   1.4892856e+06
   1.4893613e+06
   1.4894501e+06
   1.4895518e+06
   1.4896621e+06
   1.4897425e+06
   1.4898855e+06
   1.4900083e+06
   1.4901247e+06
   1.4902135e+06
   1.4903139e+06
   1.4904112e+06
   1.4905109e+06
   1.4906138e+06
   1.4908015e+06
   1.4909076e+06
   1.4910420e+06
   1.4911170e+06
   1.4912009e+06
   1.4913400e+06
   1.4914852e+06
   1.4916215e+06
   1.4917236e+06
   1.4918642e+06
   1.4919636e+06
   1.4920333e+06
   1.4921320e+06
   1.4922147e+06
   1.4923103e+06
   1.4924646e+06
   1.4925766e+06
   1.4927081e+06
   1.4927908e+06
   1.4928854e+06
   1.4929777e+06
   1.4930752e+06
   1.4931925e+06
   1.4932915e+06
   1.4934069e+06
   1.4934811e+06
   1.4936694e+06
   1.4937476e+06
   1.4938476e+06
   1.4939971e+06
   1.4942153e+06
   1.4942882e+06
   1.4943655e+06
   1.4944714e+06
   1.4945915e+06
   1.4947037e+06
   1.4948152e+06
   1.4949183e+06
   1.4950424e+06
   1.4951279e+06
   1.4952363e+06
   1.4953518e+06
   1.4954385e+06
   1.4955526e+06
   1.4956635e+06
   1.4958105e+06
   1.4959349e+06
   1.4960116e+06
   1.4961708e+06
   1.4963161e+06
   1.4964456e+06
   1.4965315e+06
   1.4966793e+06
   1.4967789e+06
   1.4968717e+06
   1.4969912e+06
   1.4970945e+06
   1.4971775e+06
   1.4973044e+06
   1.4974288e+06
   1.4975646e+06
   1.4976477e+06
   1.4977822e+06
   1.4978916e+06
   1.4979953e+06
   1.4980733e+06
   1.4981918e+06
   1.4982655e+06
   1.4983767e+06
   1.4984806e+06
   1.4985651e+06
   1.4986433e+06
   1.4987178e+06
   1.4988036e+06
   1.4989679e+06
   1.4990493e+06
   1.4992003e+06
   1.4993004e+06
   1.4993773e+06
   1.4994779e+06
   1.4995906e+06
   1.4997309e+06
   1.4998242e+06
   1.4999266e+06
   1.5004605e+06
   1.5011588e+06
   1.5015137e+06
   1.5020479e+06
   1.5027431e+06
   1.5029591e+06
   1.5031780e+06
   1.5038188e+06
   1.5043143e+06
   1.5046890e+06
   1.5049408e+06
   1.5052661e+06
   1.5055919e+06
   1.5063814e+06
   1.5067964e+06
   1.5071101e+06
   1.5076777e+06
   1.5079718e+06
   1.5082415e+06
   1.5086581e+06
   1.5090525e+06
   1.5097983e+06
   1.5105841e+06
   1.5115968e+06
   1.5119682e+06
   1.5132111e+06
   1.5133617e+06
   1.5137159e+06
   1.5141428e+06
   1.5143522e+06
   1.5147496e+06
   1.5153338e+06
   1.5157948e+06
   1.5165101e+06
   1.5167941e+06
   1.5171078e+06
   1.5173625e+06
   1.5181543e+06
   1.5188689e+06
   1.5192904e+06
   1.5197077e+06
   1.5199808e+06
   1.5211117e+06
   1.5213046e+06
   1.5215634e+06
   1.5238999e+06
   1.5245700e+06
   1.5247866e+06
   1.5250074e+06
   1.5256029e+06
   1.5261058e+06
   1.5262432e+06
   1.5267545e+06
   1.5270101e+06
   1.5273049e+06
   1.5279913e+06
   1.5314197e+06
   1.5318595e+06
   1.5321344e+06
   1.5328834e+06
   1.5355273e+06
   1.5356895e+06
   1.5360934e+06
   1.5365300e+06
   1.5368535e+06
   1.5372991e+06
   1.5376070e+06
   1.5378613e+06
   1.5395690e+06
   1.5399045e+06
   1.5400801e+06
   1.5402077e+06
   1.5402871e+06
   1.5403826e+06
   1.5404561e+06
   1.5405467e+06
   1.5406266e+06
   1.5407425e+06
   1.5408432e+06
   1.5409746e+06
   1.5410812e+06
   1.5411759e+06
   1.5412714e+06
   1.5414032e+06
   1.5414945e+06
   1.5415913e+06
   1.5416991e+06
   1.5418131e+06
   1.5419206e+06
   1.5420285e+06
   1.5420936e+06
   1.5422041e+06
   1.5423082e+06
   1.5424060e+06
   1.5425202e+06
   1.5426536e+06
   1.5427812e+06
   1.5429089e+06
   1.5430406e+06
   1.5431194e+06
   1.5431876e+06
   1.5432617e+06
   1.5433461e+06
   1.5434542e+06
   1.5435318e+06
   1.5436280e+06
   1.5437268e+06
   1.5438024e+06
   1.5438685e+06
   1.5439344e+06
   1.5440973e+06
   1.5441951e+06
   1.5442961e+06
   1.5443747e+06
   1.5444761e+06
   1.5445869e+06
   1.5446755e+06
   1.5447846e+06
   1.5448559e+06
   1.5450374e+06
   1.5450947e+06
   1.5451730e+06
   1.5452415e+06
   1.5453315e+06
   1.5454402e+06
   1.5455519e+06
   1.5456903e+06
   1.5458005e+06
   1.5459432e+06
   1.5460321e+06
   1.5461173e+06
   1.5461993e+06
   1.5462720e+06
   1.5463757e+06
   1.5465120e+06
   1.5466072e+06
   1.5466896e+06
   1.5468062e+06
   1.5468959e+06
   1.5469938e+06
   1.5472019e+06
   1.5473028e+06
   1.5474149e+06
   1.5475044e+06
   1.5476223e+06
   1.5477240e+06
   1.5478093e+06
   1.5478853e+06
   1.5479640e+06
   1.5481191e+06
   1.5482272e+06
   1.5483265e+06
   1.5483971e+06
   1.5484837e+06
   1.5485913e+06
   1.5486656e+06
   1.5487672e+06
   1.5488698e+06
   1.5489532e+06
   1.5490725e+06
   1.5491874e+06
   1.5492667e+06
   1.5494296e+06
   1.5496718e+06
   1.5497432e+06
   1.5498300e+06
   1.5499084e+06
   1.5499992e+06
   1.5501124e+06
   1.5503395e+06
   1.5504252e+06
   1.5505063e+06
   1.5506429e+06
   1.5507240e+06
   1.5508285e+06
   1.5509351e+06
   1.5510342e+06
   1.5511216e+06
   1.5512153e+06
   1.5512933e+06
   1.5514109e+06
   1.5515151e+06
   1.5516946e+06
   1.5517828e+06
   1.5518850e+06
   1.5519950e+06
   1.5521120e+06
   1.5522253e+06
   1.5523623e+06
   1.5524674e+06
   1.5525406e+06
   1.5526291e+06
   1.5527293e+06
   1.5528401e+06
   1.5529335e+06
   1.5530185e+06
   1.5532176e+06
   1.5533107e+06
   1.5533968e+06
   1.5535698e+06
   1.5536466e+06
   1.5537564e+06
   1.5538242e+06
   1.5539589e+06
   1.5541545e+06
   1.5543161e+06
   1.5544292e+06
   1.5545239e+06
   1.5546094e+06
   1.5546989e+06
   1.5547930e+06
   1.5549054e+06
   1.5550132e+06
   1.5550908e+06
   1.5551613e+06
   1.5552616e+06
   1.5553752e+06
   1.5554535e+06
   1.5555627e+06
   1.5556791e+06
   1.5557873e+06
   1.5558978e+06
   1.5559947e+06
   1.5561007e+06
   1.5561891e+06
   1.5562897e+06
   1.5564031e+06
   1.5565036e+06
   1.5565981e+06
   1.5567034e+06
   1.5568464e+06
   1.5569223e+06
   1.5570153e+06
   1.5571257e+06
   1.5572184e+06
   1.5573309e+06
   1.5574593e+06
   1.5575527e+06
   1.5577127e+06
   1.5578023e+06
   1.5579000e+06
   1.5579990e+06
   1.5580928e+06
   1.5582028e+06
   1.5583248e+06
   1.5584437e+06
   1.5586185e+06
   1.5587364e+06
   1.5588236e+06
   1.5589294e+06
   1.5590684e+06
   1.5591892e+06
   1.5593178e+06
   1.5594320e+06
   1.5595308e+06
   1.5596256e+06
   1.5597140e+06
   1.5598009e+06
   1.5598926e+06
   1.5604734e+06
   1.5608051e+06
   1.5610947e+06
   1.5616589e+06
   1.5621312e+06
   1.5624948e+06
   1.5628261e+06
   1.5630024e+06
   1.5633900e+06
   1.5645246e+06
   1.5664029e+06
   1.5670154e+06
   1.5689557e+06
   1.5697310e+06
   1.5704235e+06
   1.5706558e+06
   1.5709314e+06
   1.5712133e+06
   1.5715330e+06
   1.5718568e+06
   1.5731497e+06
   1.5736529e+06
   1.5748405e+06
   1.5752292e+06
   1.5756850e+06
   1.5768264e+06
   1.5773869e+06
   1.5776805e+06
   1.5782948e+06
   1.5790568e+06
   1.5798196e+06
   1.5802992e+06
   1.5815778e+06
   1.5819292e+06
   1.5831960e+06
   1.5833652e+06
   1.5840911e+06
   1.5851654e+06
   1.5854348e+06
   1.5861495e+06
   1.5872601e+06
   1.5880100e+06
   1.5882053e+06
   1.5885024e+06
   1.5887867e+06
   1.5894246e+06
   1.5980158e+06
   1.6001087e+06
   1.6001932e+06
   1.6002929e+06
   1.6003740e+06
   1.6004657e+06
   1.6005682e+06
   1.6006858e+06
   1.6008008e+06
   1.6008938e+06
   1.6009692e+06
   1.6010443e+06
   1.6011574e+06
   1.6013123e+06
   1.6013936e+06
   1.6015343e+06
   1.6016290e+06
   1.6017268e+06
   1.6018043e+06
   1.6019045e+06
   1.6019844e+06
   1.6020760e+06
   1.6021513e+06
   1.6022493e+06
   1.6023278e+06
   1.6024090e+06
   1.6025004e+06
   1.6025865e+06
   1.6026729e+06
   1.6027926e+06
   1.6028741e+06
   1.6029442e+06
   1.6030388e+06
   1.6031424e+06
   1.6032296e+06
   1.6033212e+06
   1.6034136e+06
   1.6034871e+06
   1.6035877e+06
   1.6037216e+06
   1.6038111e+06
   1.6039025e+06
   1.6039986e+06
   1.6041031e+06
   1.6042175e+06
   1.6043080e+06
   1.6044165e+06
   1.6045643e+06
   1.6046422e+06
   1.6047479e+06
   1.6048474e+06
   1.6049186e+06
   1.6050067e+06
   1.6051100e+06
   1.6051729e+06
   1.6052700e+06
   1.6053549e+06
   1.6054308e+06
   1.6055164e+06
   1.6056710e+06
   1.6057501e+06
   1.6058293e+06
   1.6059078e+06
   1.6059963e+06
   1.6061592e+06
   1.6062539e+06
   1.6063306e+06
   1.6064292e+06
   1.6065193e+06
   1.6066131e+06
   1.6067051e+06
   1.6067938e+06
   1.6068969e+06
   1.6070711e+06
   1.6071585e+06
   1.6072635e+06
   1.6073860e+06
   1.6075478e+06
   1.6076451e+06
   1.6077288e+06
   1.6077964e+06
   1.6079093e+06
   1.6080167e+06
   1.6081211e+06
   1.6082196e+06
   1.6083009e+06
   1.6083903e+06
   1.6084679e+06
   1.6085541e+06
   1.6086337e+06
   1.6087333e+06
   1.6088140e+06
   1.6089183e+06
   1.6089981e+06
   1.6090817e+06
   1.6091566e+06
   1.6092806e+06
   1.6093762e+06
   1.6094654e+06
   1.6095635e+06
   1.6096761e+06
   1.6097879e+06
   1.6098806e+06
   1.6100212e+06
   1.6100965e+06
   1.6101705e+06
   1.6102783e+06
   1.6103622e+06
   1.6104605e+06
   1.6105664e+06
   1.6106540e+06
   1.6107336e+06
   1.6108226e+06
   1.6109165e+06
   1.6110002e+06
   1.6110767e+06
   1.6111693e+06
   1.6113013e+06
   1.6114412e+06
   1.6115511e+06
   1.6116320e+06
   1.6117053e+06
   1.6117807e+06
   1.6118855e+06
   1.6120281e+06
   1.6121056e+06
   1.6122160e+06
   1.6123263e+06
   1.6124247e+06
   1.6125334e+06
   1.6126760e+06
   1.6127687e+06
   1.6128827e+06
   1.6129822e+06
   1.6130826e+06
   1.6132291e+06
   1.6133040e+06
   1.6134226e+06
   1.6135002e+06
   1.6135659e+06
   1.6137033e+06
   1.6137894e+06
   1.6138602e+06
   1.6139537e+06
   1.6140953e+06
   1.6142007e+06
   1.6142938e+06
   1.6143846e+06
   1.6144831e+06
   1.6145744e+06
   1.6146647e+06
   1.6147678e+06
   1.6148400e+06
   1.6149955e+06
   1.6150834e+06
   1.6151805e+06
   1.6153000e+06
   1.6153908e+06
   1.6154875e+06
   1.6155845e+06
   1.6156775e+06
   1.6157836e+06
   1.6158612e+06
   1.6159599e+06
   1.6161059e+06
   1.6161989e+06
   1.6163044e+06
   1.6164360e+06
   1.6165407e+06
   1.6166188e+06
   1.6167202e+06
   1.6168932e+06
   1.6169769e+06
   1.6170589e+06
   1.6171280e+06
   1.6172371e+06
   1.6173312e+06
   1.6174425e+06
   1.6175266e+06
   1.6176084e+06
   1.6176935e+06
   1.6177765e+06
   1.6178973e+06
   1.6179795e+06
   1.6180730e+06
   1.6181521e+06
   1.6182751e+06
   1.6183587e+06
   1.6184614e+06
   1.6185423e+06
   1.6186178e+06
   1.6187527e+06
   1.6188355e+06
   1.6189285e+06
   1.6190152e+06
   1.6191010e+06
   1.6192233e+06
   1.6193065e+06
   1.6193936e+06
   1.6194595e+06
   1.6195497e+06
   1.6196953e+06
   1.6198109e+06
   1.6199108e+06
   1.6203867e+06
   1.6205501e+06
   1.6208282e+06
   1.6210526e+06
   1.6214587e+06
   1.6222160e+06
   1.6224262e+06
   1.6227359e+06
   1.6235426e+06
   1.6237875e+06
   1.6240256e+06
   1.6293038e+06
   1.6298119e+06
   1.6301299e+06
   1.6303465e+06
   1.6306499e+06
   1.6309822e+06
   1.6311869e+06
   1.6315929e+06
   1.6319983e+06
   1.6321733e+06
   1.6326368e+06
   1.6337340e+06
   1.6342213e+06
   1.6348970e+06
   1.6351377e+06
   1.6353916e+06
   1.6367853e+06
   1.6371641e+06
   1.6447030e+06
   1.6520023e+06
   1.6521912e+06
   1.6531246e+06
   1.6533037e+06
   1.6538123e+06
   1.6543163e+06
   1.6549820e+06
   1.6561487e+06
   1.6564761e+06
   1.6600767e+06
   1.6601664e+06
   1.6602470e+06
   1.6603513e+06
   1.6604398e+06
   1.6605299e+06
   1.6605973e+06
   1.6606834e+06
   1.6607919e+06
   1.6608766e+06
   1.6609605e+06
   1.6610471e+06
   1.6611443e+06
   1.6612342e+06
   1.6613234e+06
   1.6613984e+06
   1.6615110e+06
   1.6616107e+06
   1.6616910e+06
   1.6617626e+06
   1.6618717e+06
   1.6619586e+06
   1.6620614e+06
   1.6621492e+06
   1.6622522e+06
   1.6623469e+06
   1.6624276e+06
   1.6625408e+06
   1.6626391e+06
   1.6627193e+06
   1.6628275e+06
   1.6629132e+06
   1.6630307e+06
   1.6631216e+06
   1.6632006e+06
   1.6632851e+06
   1.6633880e+06
   1.6635076e+06
   1.6635974e+06
   1.6636734e+06
   1.6637488e+06
   1.6638240e+06
   1.6639211e+06
   1.6640140e+06
   1.6641362e+06
   1.6642140e+06
   1.6642848e+06
   1.6644072e+06
   1.6645040e+06
   1.6645862e+06
   1.6646498e+06
   1.6647654e+06
   1.6648608e+06
   1.6649831e+06
   1.6650977e+06
   1.6651806e+06
   1.6652608e+06
   1.6653550e+06
   1.6654438e+06
   1.6655464e+06
   1.6656529e+06
   1.6657408e+06
   1.6658277e+06
   1.6659191e+06
   1.6660160e+06
   1.6661018e+06
   1.6661824e+06
   1.6662658e+06
   1.6663469e+06
   1.6664409e+06
   1.6665187e+06
   1.6666011e+06
   1.6666823e+06
   1.6667530e+06
   1.6668730e+06
   1.6669677e+06
   1.6671215e+06
   1.6672149e+06
   1.6673295e+06
   1.6674193e+06
   1.6675071e+06
   1.6675801e+06
   1.6676728e+06
   1.6677789e+06
   1.6678665e+06
   1.6679943e+06
   1.6680616e+06
   1.6681685e+06
   1.6682594e+06
   1.6683483e+06
   1.6684266e+06
   1.6685107e+06
   1.6685913e+06
   1.6686684e+06
   1.6687574e+06
   1.6688903e+06
   1.6689825e+06
   1.6691008e+06
   1.6691823e+06
   1.6692905e+06
   1.6693832e+06
   1.6694507e+06
   1.6695525e+06
   1.6696623e+06
   1.6697587e+06
   1.6698961e+06
   1.6699677e+06
   1.6700275e+06
   1.6701203e+06
   1.6702060e+06
   1.6703133e+06
   1.6704121e+06
   1.6705148e+06
   1.6705892e+06
   1.6707021e+06
   1.6708019e+06
   1.6708858e+06
   1.6709628e+06
   1.6710443e+06
   1.6712497e+06
   1.6713275e+06
   1.6714404e+06
   1.6715306e+06
   1.6716328e+06
   1.6717572e+06
   1.6718575e+06
   1.6719530e+06
   1.6720426e+06
   1.6721505e+06
   1.6722829e+06
   1.6723649e+06
   1.6724945e+06
   1.6725857e+06
   1.6727028e+06
   1.6728131e+06
   1.6728798e+06
   1.6729731e+06
   1.6730487e+06
   1.6731432e+06
   1.6732210e+06
   1.6732894e+06
   1.6733633e+06
   1.6734586e+06
   1.6735517e+06
   1.6736482e+06
   1.6737420e+06
   1.6739393e+06
   1.6741069e+06
   1.6742110e+06
   1.6742761e+06
   1.6743894e+06
   1.6744877e+06
   1.6746018e+06
   1.6747380e+06
   1.6748824e+06
   1.6749723e+06
   1.6750824e+06
   1.6751544e+06
   1.6752277e+06
   1.6753482e+06
   1.6754288e+06
   1.6755296e+06
   1.6756240e+06
   1.6757387e+06
   1.6758289e+06
   1.6759062e+06
   1.6760303e+06
   1.6761436e+06
   1.6762237e+06
   1.6763306e+06
   1.6764603e+06
   1.6765340e+06
   1.6766361e+06
   1.6767282e+06
   1.6768328e+06
   1.6770149e+06
   1.6771236e+06
   1.6772181e+06
   1.6773041e+06
   1.6773696e+06
   1.6774599e+06
   1.6775674e+06
   1.6776419e+06
   1.6777483e+06
   1.6778468e+06
   1.6779321e+06
   1.6780315e+06
   1.6781158e+06
   1.6782355e+06
   1.6783347e+06
   1.6784480e+06
   1.6785677e+06
   1.6786461e+06
   1.6787344e+06
   1.6788357e+06
   1.6789275e+06
   1.6790456e+06
   1.6791458e+06
   1.6792350e+06
   1.6793159e+06
   1.6793928e+06
   1.6795094e+06
   1.6796335e+06
   1.6796963e+06
   1.6798061e+06
   1.6798847e+06
   1.6799945e+06
   1.6844865e+06
   1.6848997e+06
   1.6859303e+06
   1.6862673e+06
   1.6899892e+06
   1.6902253e+06
   1.6906386e+06
   1.6937472e+06
   1.6941127e+06
   1.6943525e+06
   1.6947377e+06
   1.6963160e+06
   1.7008655e+06
   1.7011283e+06
   1.7048580e+06
   1.7051715e+06
   1.7066911e+06
   1.7078479e+06
   1.7082483e+06
   1.7097195e+06
   1.7103400e+06
   1.7106722e+06
   1.7111771e+06
   1.7167662e+06
   1.7182753e+06
   1.7186985e+06
   1.7189245e+06
   1.7193265e+06
   1.7195389e+06
   1.7200674e+06
   1.7201813e+06
   1.7202568e+06
   1.7203324e+06
   1.7204022e+06
   1.7204824e+06
   1.7205892e+06
   1.7206703e+06
   1.7207546e+06
   1.7208537e+06
   1.7209272e+06
   1.7210050e+06
   1.7210858e+06
   1.7212009e+06
   1.7212744e+06
   1.7213329e+06
   1.7214183e+06
   1.7214936e+06
   1.7215716e+06
   1.7216303e+06
   1.7217171e+06
   1.7218527e+06
   1.7219323e+06
   1.7219994e+06
   1.7220945e+06
   1.7221738e+06
   1.7222392e+06
   1.7223340e+06
   1.7224112e+06
   1.7224834e+06
   1.7225884e+06
   1.7226653e+06
   1.7227276e+06
   1.7228041e+06
   1.7229027e+06
   1.7229955e+06
   1.7230772e+06
   1.7231715e+06
   1.7232499e+06
   1.7233125e+06
   1.7233947e+06
   1.7234751e+06
   1.7235530e+06
   1.7236375e+06
   1.7237317e+06
   1.7237980e+06
   1.7239028e+06
   1.7239820e+06
   1.7240604e+06
   1.7241440e+06
   1.7242202e+06
   1.7242926e+06
   1.7243535e+06
   1.7244276e+06
   1.7245664e+06
   1.7246366e+06
   1.7247330e+06
   1.7247981e+06
   1.7248761e+06
   1.7249531e+06
   1.7250325e+06
   1.7251152e+06
   1.7252216e+06
   1.7253219e+06
   1.7254068e+06
   1.7255022e+06
   1.7256005e+06
   1.7256793e+06
   1.7257537e+06
   1.7258401e+06
   1.7259417e+06
   1.7260885e+06
   1.7261836e+06
   1.7262639e+06
   1.7263601e+06
   1.7264449e+06
   1.7265410e+06
   1.7266218e+06
   1.7266857e+06
   1.7267758e+06
   1.7268626e+06
   1.7269405e+06
   1.7271393e+06
   1.7272397e+06
   1.7273395e+06
   1.7274140e+06
   1.7275156e+06
   1.7276109e+06
   1.7277150e+06
   1.7277863e+06
   1.7278463e+06
   1.7279714e+06
   1.7280734e+06
   1.7281407e+06
   1.7282170e+06
   1.7283125e+06
   1.7283892e+06
   1.7285001e+06
   1.7286226e+06
   1.7286989e+06
   1.7287940e+06
   1.7289010e+06
   1.7289671e+06
   1.7290470e+06
   1.7291249e+06
   1.7291894e+06
   1.7292615e+06
   1.7293322e+06
   1.7293967e+06
   1.7294644e+06
   1.7295352e+06
   1.7296376e+06
   1.7297347e+06
   1.7298088e+06
   1.7298960e+06
   1.7299972e+06
   1.7300855e+06
   1.7301727e+06
   1.7302696e+06
   1.7303644e+06
   1.7304371e+06
   1.7305295e+06
   1.7305972e+06
   1.7306906e+06
   1.7307601e+06
   1.7308459e+06
   1.7309326e+06
   1.7310110e+06
   1.7310754e+06
   1.7311823e+06
   1.7312668e+06
   1.7313597e+06
   1.7314585e+06
   1.7315551e+06
   1.7316252e+06
   1.7317080e+06
   1.7317897e+06
   1.7318848e+06
   1.7319775e+06
   1.7320662e+06
   1.7322076e+06
   1.7323090e+06
   1.7323884e+06
   1.7324951e+06
   1.7325722e+06
   1.7326355e+06
   1.7327255e+06
   1.7328191e+06
   1.7328956e+06
   1.7329984e+06
   1.7330874e+06
   1.7331682e+06
   1.7332480e+06
   1.7333361e+06
   1.7334219e+06
   1.7335229e+06
   1.7336332e+06
   1.7337198e+06
   1.7338068e+06
   1.7338972e+06
   1.7339743e+06
   1.7341065e+06
   1.7341746e+06
   1.7342863e+06
   1.7343946e+06
   1.7344632e+06
   1.7345489e+06
   1.7346368e+06
   1.7347169e+06
   1.7348173e+06
   1.7348968e+06
   1.7350100e+06
   1.7351157e+06
   1.7351845e+06
   1.7353852e+06
   1.7354896e+06
   1.7355828e+06
   1.7357153e+06
   1.7358036e+06
   1.7358887e+06
   1.7359629e+06
   1.7360407e+06
   1.7361383e+06
   1.7362031e+06
   1.7362868e+06
   1.7363594e+06
   1.7365151e+06
   1.7366346e+06
   1.7367324e+06
   1.7368425e+06
   1.7369482e+06
   1.7370704e+06
   1.7371704e+06
   1.7372494e+06
   1.7373264e+06
   1.7374251e+06
   1.7375388e+06
   1.7376107e+06
   1.7377100e+06
   1.7378068e+06
   1.7379115e+06
   1.7380081e+06
   1.7381218e+06
   1.7382111e+06
   1.7383240e+06
   1.7383919e+06
   1.7384881e+06
   1.7385809e+06
   1.7386587e+06
   1.7387581e+06
   1.7388751e+06
   1.7389512e+06
   1.7390347e+06
   1.7391143e+06
   1.7392167e+06
   1.7393000e+06
   1.7394003e+06
   1.7395360e+06
   1.7396662e+06
   1.7397330e+06
   1.7397966e+06
   1.7398766e+06
   1.7399743e+06
   1.7405402e+06
   1.7409860e+06
   1.7425834e+06
   1.7429110e+06
   1.7432273e+06
   1.7435372e+06
   1.7436455e+06
   1.7443763e+06
   1.7486094e+06
   1.7490704e+06
   1.7494359e+06
   1.7497327e+06
   1.7500196e+06
   1.7504714e+06
   1.7506617e+06
   1.7509860e+06
   1.7512265e+06
   1.7519809e+06
   1.7521803e+06
   1.7533373e+06
   1.7541289e+06
   1.7549011e+06
   1.7551533e+06
   1.7555210e+06
   1.7559444e+06
   1.7563127e+06
   1.7565562e+06
   1.7572361e+06
   1.7580786e+06
   1.7585782e+06
   1.7617902e+06
   1.7621809e+06
   1.7624043e+06
   1.7630091e+06
   1.7634551e+06
   1.7636454e+06
   1.7639334e+06
   1.7644790e+06
   1.7647060e+06
   1.7673606e+06
   1.7675764e+06
   1.7800675e+06
   1.7801672e+06
   1.7802419e+06
   1.7803238e+06
   1.7804429e+06
   1.7805069e+06
   1.7805771e+06
   1.7806486e+06
   1.7807200e+06
   1.7808077e+06
   1.7808970e+06
   1.7809804e+06
   1.7810661e+06
   1.7811421e+06
   1.7812279e+06
   1.7812996e+06
   1.7813852e+06
   1.7814697e+06
   1.7815423e+06
   1.7816237e+06
   1.7816975e+06
   1.7817765e+06
   1.7818625e+06
   1.7819305e+06
   1.7820278e+06
   1.7821254e+06
   1.7822321e+06
   1.7823018e+06
   1.7823839e+06
   1.7824844e+06
   1.7825594e+06
   1.7826413e+06
   1.7827423e+06
   1.7828152e+06
   1.7828913e+06
   1.7829827e+06
   1.7830684e+06
   1.7831469e+06
   1.7832216e+06
   1.7832978e+06
   1.7833867e+06
   1.7834605e+06
   1.7835599e+06
   1.7836516e+06
   1.7837157e+06
   1.7838093e+06
   1.7838966e+06
   1.7840034e+06
   1.7840823e+06
   1.7841781e+06
   1.7842654e+06
   1.7843487e+06
   1.7844296e+06
   1.7845059e+06
   1.7845766e+06
   1.7846370e+06
   1.7847021e+06
   1.7847676e+06
   1.7848563e+06
   1.7849455e+06
   1.7850358e+06
   1.7851181e+06
   1.7851929e+06
   1.7853197e+06
   1.7854102e+06
   1.7854732e+06
   1.7855613e+06
   1.7856556e+06
   1.7857264e+06
   1.7858097e+06
   1.7858910e+06
   1.7859506e+06
   1.7860360e+06
   1.7861298e+06
   1.7862068e+06
   1.7862953e+06
   1.7863748e+06
   1.7864656e+06
   1.7865746e+06
   1.7866460e+06
   1.7867088e+06
   1.7868020e+06
   1.7868677e+06
   1.7869648e+06
   1.7871330e+06
   1.7872294e+06
   1.7873514e+06
   1.7874264e+06
   1.7875085e+06
   1.7875873e+06
   1.7877121e+06
   1.7877808e+06
   1.7878516e+06
   1.7879201e+06
   1.7880151e+06
   1.7881104e+06
   1.7881907e+06
   1.7882834e+06
   1.7884112e+06
   1.7885180e+06
   1.7885840e+06
   1.7886650e+06
   1.7887446e+06
   1.7888212e+06
   1.7888898e+06
   1.7889886e+06
   1.7890680e+06
   1.7891454e+06
   1.7892341e+06
   1.7893257e+06
   1.7893906e+06
   1.7894570e+06
   1.7895483e+06
   1.7896198e+06
   1.7896887e+06
   1.7897636e+06
   1.7898667e+06
   1.7899581e+06
   1.7900845e+06
   1.7901490e+06
   1.7902551e+06
   1.7903457e+06
   1.7904180e+06
   1.7905018e+06
   1.7906025e+06
   1.7907084e+06
   1.7908040e+06
   1.7908627e+06
   1.7909463e+06
   1.7910202e+06
   1.7911229e+06
   1.7911974e+06
   1.7912792e+06
   1.7913483e+06
   1.7914216e+06
   1.7914915e+06
   1.7915657e+06
   1.7916736e+06
   1.7917472e+06
   1.7918693e+06
   1.7919410e+06
   1.7920404e+06
   1.7921531e+06
   1.7922187e+06
   1.7923097e+06
   1.7923908e+06
   1.7924893e+06
   1.7925620e+06
   1.7926334e+06
   1.7927234e+06
   1.7928277e+06
   1.7929035e+06
   1.7929737e+06
   1.7930654e+06
   1.7931385e+06
   1.7932231e+06
   1.7932977e+06
   1.7933620e+06
   1.7934285e+06
   1.7935055e+06
   1.7935933e+06
   1.7936847e+06
   1.7937628e+06
   1.7938529e+06
   1.7939443e+06
   1.7941036e+06
   1.7941815e+06
   1.7942603e+06
   1.7943532e+06
   1.7944222e+06
   1.7945257e+06
   1.7946392e+06
   1.7947233e+06
   1.7948095e+06
   1.7948998e+06
   1.7949672e+06
   1.7950318e+06
   1.7951424e+06
   1.7952350e+06
   1.7953035e+06
   1.7953939e+06
   1.7954916e+06
   1.7955841e+06
   1.7956886e+06
   1.7958067e+06
   1.7958833e+06
   1.7959743e+06
   1.7960374e+06
   1.7961334e+06
   1.7962430e+06
   1.7963158e+06
   1.7964110e+06
   1.7964908e+06
   1.7965907e+06
   1.7966848e+06
   1.7967561e+06
   1.7968502e+06
   1.7969186e+06
   1.7970115e+06
   1.7971067e+06
   1.7971796e+06
   1.7973051e+06
   1.7973950e+06
   1.7974703e+06
   1.7975599e+06
   1.7976677e+06
   1.7977433e+06
   1.7978409e+06
   1.7979534e+06
   1.7980175e+06
   1.7980740e+06
   1.7981857e+06
   1.7982739e+06
   1.7983553e+06
   1.7984176e+06
   1.7985081e+06
   1.7986153e+06
   1.7986935e+06
   1.7987801e+06
   1.7988802e+06
   1.7989634e+06
   1.7990447e+06
   1.7991159e+06
   1.7991974e+06
   1.7992903e+06
   1.7993761e+06
   1.7994510e+06
   1.7995460e+06
   1.7996116e+06
   1.7997071e+06
   1.7998052e+06
   1.7999209e+06
   1.8008630e+06
   1.8011361e+06
   1.8013972e+06
   1.8017075e+06
   1.8023679e+06
   1.8030352e+06
   1.8033090e+06
   1.8038281e+06
   1.8057025e+06
   1.8061310e+06
   1.8089023e+06
   1.8093211e+06
   1.8095503e+06
   1.8108264e+06
   1.8111224e+06
   1.8115031e+06
   1.8120062e+06
   1.8200718e+06
   1.8229938e+06
   1.8234996e+06
   1.8237304e+06
   1.8239834e+06
   1.8246466e+06
   1.8249316e+06
   1.8291683e+06
   1.8294424e+06
   1.8306596e+06
   1.8309889e+06
   1.8311697e+06
   1.8343842e+06
   1.8347802e+06
   1.8350748e+06
   1.8353074e+06
   1.8384604e+06
   1.8400944e+06
   1.8401563e+06
   1.8402190e+06
   1.8402807e+06
   1.8403474e+06
   1.8404049e+06
   1.8404772e+06
   1.8405364e+06
   1.8406073e+06
   1.8406636e+06
   1.8407307e+06
   1.8408128e+06
   1.8408888e+06
   1.8409697e+06
   1.8410584e+06
   1.8411307e+06
   1.8412373e+06
   1.8413058e+06
   1.8413796e+06
   1.8414817e+06
   1.8415488e+06
   1.8416183e+06
   1.8416828e+06
   1.8417638e+06
   1.8418476e+06
   1.8419191e+06
   1.8419865e+06
   1.8420625e+06
   1.8421320e+06
   1.8421960e+06
   1.8422775e+06
   1.8423676e+06
   1.8424403e+06
   1.8425117e+06
   1.8425741e+06
   1.8426394e+06
   1.8427156e+06
   1.8427913e+06
   1.8428698e+06
   1.8429535e+06
   1.8430199e+06
   1.8431007e+06
   1.8431690e+06
   1.8432308e+06
   1.8433041e+06
   1.8433636e+06
   1.8434454e+06
   1.8435132e+06
   1.8435859e+06
   1.8437095e+06
   1.8437700e+06
   1.8438421e+06
   1.8439294e+06
   1.8440005e+06
   1.8440683e+06
   1.8441581e+06
   1.8442441e+06
   1.8443222e+06
   1.8443998e+06
   1.8444714e+06
   1.8445772e+06
   1.8446526e+06
   1.8447435e+06
   1.8448231e+06
   1.8448922e+06
   1.8449693e+06
   1.8450291e+06
   1.8451042e+06
   1.8451805e+06
   1.8452391e+06
   1.8453081e+06
   1.8453807e+06
   1.8454499e+06
   1.8455338e+06
   1.8456251e+06
   1.8456905e+06
   1.8457769e+06
   1.8458405e+06
   1.8459190e+06
   1.8460200e+06
   1.8461021e+06
   1.8461924e+06
   1.8462959e+06
   1.8463689e+06
   1.8464410e+06
   1.8465047e+06
   1.8465941e+06
   1.8466790e+06
   1.8467717e+06
   1.8468378e+06
   1.8468984e+06
   1.8469918e+06
   1.8471609e+06
   1.8472631e+06
   1.8473384e+06
   1.8474129e+06
   1.8474937e+06
   1.8475561e+06
   1.8476266e+06
   1.8477027e+06
   1.8477765e+06
   1.8478517e+06
   1.8479345e+06
   1.8480025e+06
   1.8480708e+06
   1.8481406e+06
   1.8482187e+06
   1.8482827e+06
   1.8483866e+06
   1.8484472e+06
   1.8485326e+06
   1.8485972e+06
   1.8486587e+06
   1.8487263e+06
   1.8488194e+06
   1.8488956e+06
   1.8489741e+06
   1.8490775e+06
   1.8491388e+06
   1.8492217e+06
   1.8492954e+06
   1.8493627e+06
   1.8494730e+06
   1.8495525e+06
   1.8496352e+06
   1.8497322e+06
   1.8498160e+06
   1.8498923e+06
   1.8499631e+06
   1.8500353e+06
   1.8501056e+06
   1.8501631e+06
   1.8502242e+06
   1.8502923e+06
   1.8503700e+06
   1.8504478e+06
   1.8505651e+06
   1.8506324e+06
   1.8506949e+06
   1.8507678e+06
   1.8508375e+06
   1.8509095e+06
   1.8510091e+06
   1.8510773e+06
   1.8511792e+06
   1.8512687e+06
   1.8513557e+06
   1.8514828e+06
   1.8515456e+06
   1.8516270e+06
   1.8517062e+06
   1.8518038e+06
   1.8518896e+06
   1.8519556e+06
   1.8520185e+06
   1.8520913e+06
   1.8521682e+06
   1.8522363e+06
   1.8523064e+06
   1.8523748e+06
   1.8524524e+06
   1.8525358e+06
   1.8526127e+06
   1.8526759e+06
   1.8527645e+06
   1.8528575e+06
   1.8529403e+06
   1.8530261e+06
   1.8531247e+06
   1.8532020e+06
   1.8532679e+06
   1.8533342e+06
   1.8534016e+06
   1.8534767e+06
   1.8535408e+06
   1.8536265e+06
   1.8537262e+06
   1.8538069e+06
   1.8539094e+06
   1.8541249e+06
   1.8541995e+06
   1.8542659e+06
   1.8543335e+06
   1.8543924e+06
   1.8544754e+06
   1.8545457e+06
   1.8546352e+06
   1.8547114e+06
   1.8547953e+06
   1.8548636e+06
   1.8549399e+06
   1.8550104e+06
   1.8550815e+06
   1.8551506e+06
   1.8552274e+06
   1.8553030e+06
   1.8553828e+06
   1.8554812e+06
   1.8555614e+06
   1.8556392e+06
   1.8557108e+06
   1.8557824e+06
   1.8558753e+06
   1.8559456e+06
   1.8560144e+06
   1.8560978e+06
   1.8562067e+06
   1.8562725e+06
   1.8563512e+06
   1.8564254e+06
   1.8564996e+06
   1.8566243e+06
   1.8566877e+06
   1.8567597e+06
   1.8568314e+06
   1.8569411e+06
   1.8569992e+06
   1.8570906e+06
   1.8571670e+06
   1.8572405e+06
   1.8573248e+06
   1.8574122e+06
   1.8574899e+06
   1.8576025e+06
   1.8576762e+06
   1.8577768e+06
   1.8578628e+06
   1.8579319e+06
   1.8580153e+06
   1.8581225e+06
   1.8581950e+06
   1.8582793e+06
   1.8583710e+06
   1.8584632e+06
   1.8585257e+06
   1.8586024e+06
   1.8586880e+06
   1.8587674e+06
   1.8588504e+06
   1.8589537e+06
   1.8590331e+06
   1.8591029e+06
   1.8591969e+06
   1.8592674e+06
   1.8593633e+06
   1.8594532e+06
   1.8595356e+06
   1.8596269e+06
   1.8597379e+06
   1.8598130e+06
   1.8599000e+06
   1.8599705e+06
   1.8602335e+06
   1.8614641e+06
   1.8618489e+06
   1.8629820e+06
   1.8643597e+06
   1.8651770e+06
   1.8654701e+06
   1.8658849e+06
   1.8661787e+06
   1.8668168e+06
   1.8674204e+06
   1.8682301e+06
   1.8691414e+06
   1.8694990e+06
   1.8706377e+06
   1.8715951e+06
   1.8732738e+06
   1.8758370e+06
   1.8764101e+06
   1.8767456e+06
   1.8770950e+06
   1.8816582e+06
   1.8819589e+06
   1.8821102e+06
   1.8826812e+06
   1.8830180e+06
   1.8841437e+06
   1.8846666e+06
   1.8849527e+06
   1.8854764e+06
   1.8862274e+06
   1.8869668e+06
   1.8872193e+06
   1.8885252e+06
   1.8889172e+06
   1.8913767e+06
   1.8916841e+06
   1.8920688e+06
   1.8926159e+06
   1.8927739e+06
   1.8930747e+06
   1.8935496e+06
   1.8937026e+06
   1.8947685e+06
   1.8955553e+06
   1.8957545e+06
   1.8960550e+06
   1.8963160e+06
   1.8964931e+06
   1.8968165e+06
   1.8970021e+06
   1.8971767e+06
   1.8975289e+06
   1.8978329e+06
   1.8981937e+06
   1.8990383e+06
   1.8992230e+06
   1.8994823e+06
   1.9000615e+06
   1.9001226e+06
   1.9001922e+06
   1.9002706e+06
   1.9003371e+06
   1.9004031e+06
   1.9004575e+06
   1.9005234e+06
   1.9006028e+06
   1.9006566e+06
   1.9007265e+06
   1.9007843e+06
   1.9008476e+06
   1.9009418e+06
   1.9010422e+06
   1.9011093e+06
   1.9011699e+06
   1.9012489e+06
   1.9013249e+06
   1.9013937e+06
   1.9014673e+06
   1.9015456e+06
   1.9016175e+06
   1.9016817e+06
   1.9017461e+06
   1.9018042e+06
   1.9018636e+06
   1.9019298e+06
   1.9020087e+06
   1.9020790e+06
   1.9021430e+06
   1.9022090e+06
   1.9022773e+06
   1.9023451e+06
   1.9024041e+06
   1.9024803e+06
   1.9025561e+06
   1.9026237e+06
   1.9026792e+06
   1.9027444e+06
   1.9028129e+06
   1.9029090e+06
   1.9029674e+06
   1.9030244e+06
   1.9031116e+06
   1.9031767e+06
   1.9032780e+06
   1.9033487e+06
   1.9034152e+06
   1.9034872e+06
   1.9035549e+06
   1.9036250e+06
   1.9037074e+06
   1.9037900e+06
   1.9038488e+06
   1.9039145e+06
   1.9039973e+06
   1.9040652e+06
   1.9041566e+06
   1.9042225e+06
   1.9042878e+06
   1.9043485e+06
   1.9044269e+06
   1.9044860e+06
   1.9045717e+06
   1.9046578e+06
   1.9047048e+06
   1.9047543e+06
   1.9048135e+06
   1.9048758e+06
   1.9049454e+06
   1.9050059e+06
   1.9050777e+06
   1.9051363e+06
   1.9052082e+06
   1.9052935e+06
   1.9053713e+06
   1.9054387e+06
   1.9055485e+06
   1.9056277e+06
   1.9057101e+06
   1.9057761e+06
   1.9058574e+06
   1.9059243e+06
   1.9059981e+06
   1.9060616e+06
   1.9061212e+06
   1.9061924e+06
   1.9062713e+06
   1.9063370e+06
   1.9063986e+06
   1.9064663e+06
   1.9065331e+06
   1.9065957e+06
   1.9066868e+06
   1.9067408e+06
   1.9068056e+06
   1.9068801e+06
   1.9069543e+06
   1.9071126e+06
   1.9071757e+06
   1.9072610e+06
   1.9073296e+06
   1.9074163e+06
   1.9074738e+06
   1.9075496e+06
   1.9076394e+06
   1.9076939e+06
   1.9077619e+06
   1.9078565e+06
   1.9079396e+06
   1.9079950e+06
   1.9080613e+06
   1.9081662e+06
   1.9082513e+06
   1.9083100e+06
   1.9083863e+06
   1.9084642e+06
   1.9085384e+06
   1.9086060e+06
   1.9086708e+06
   1.9087479e+06
   1.9088111e+06
   1.9088797e+06
   1.9089758e+06
   1.9090464e+06
   1.9091293e+06
   1.9092018e+06
   1.9092694e+06
   1.9093518e+06
   1.9094352e+06
   1.9095133e+06
   1.9095928e+06
   1.9096552e+06
   1.9097558e+06
   1.9098434e+06
   1.9099247e+06
   1.9099779e+06
   1.9100664e+06
   1.9101333e+06
   1.9101987e+06
   1.9102684e+06
   1.9103563e+06
   1.9104267e+06
   1.9105148e+06
   1.9106059e+06
   1.9106750e+06
   1.9107645e+06
   1.9108516e+06
   1.9109237e+06
   1.9109907e+06
   1.9110618e+06
   1.9111585e+06
   1.9112237e+06
   1.9112927e+06
   1.9113753e+06
   1.9114455e+06
   1.9115298e+06
   1.9116164e+06
   1.9117236e+06
   1.9117839e+06
   1.9118367e+06
   1.9119225e+06
   1.9119892e+06
   1.9120523e+06
   1.9121296e+06
   1.9121922e+06
   1.9122487e+06
   1.9123102e+06
   1.9123866e+06
   1.9124531e+06
   1.9125103e+06
   1.9125963e+06
   1.9126629e+06
   1.9127457e+06
   1.9128051e+06
   1.9128764e+06
   1.9129489e+06
   1.9130097e+06
   1.9130818e+06
   1.9131533e+06
   1.9132250e+06
   1.9133090e+06
   1.9133847e+06
   1.9134513e+06
   1.9135280e+06
   1.9135888e+06
   1.9136440e+06
   1.9137022e+06
   1.9137717e+06
   1.9138713e+06
   1.9139572e+06
   1.9141010e+06
   1.9141784e+06
   1.9142631e+06
   1.9143386e+06
   1.9144101e+06
   1.9145005e+06
   1.9145856e+06
   1.9146526e+06
   1.9147338e+06
   1.9147825e+06
   1.9148470e+06
   1.9149225e+06
   1.9149952e+06
   1.9150650e+06
   1.9151448e+06
   1.9152250e+06
   1.9153284e+06
   1.9154513e+06
   1.9155458e+06
   1.9156111e+06
   1.9156923e+06
   1.9157587e+06
   1.9158200e+06
   1.9158871e+06
   1.9159665e+06
   1.9160385e+06
   1.9161295e+06
   1.9162070e+06
   1.9162838e+06
   1.9163579e+06
   1.9164317e+06
   1.9165114e+06
   1.9165850e+06
   1.9166567e+06
   1.9167456e+06
   1.9168704e+06
   1.9169417e+06
   1.9170451e+06
   1.9171314e+06
   1.9172205e+06
   1.9173090e+06
   1.9173995e+06
   1.9174716e+06
   1.9175484e+06
   1.9176206e+06
   1.9176933e+06
   1.9177562e+06
   1.9178402e+06
   1.9179307e+06
   1.9179986e+06
   1.9180773e+06
   1.9181483e+06
   1.9182049e+06
   1.9182762e+06
   1.9183770e+06
   1.9184654e+06
   1.9185399e+06
   1.9186247e+06
   1.9187042e+06
   1.9187869e+06
   1.9188685e+06
   1.9189530e+06
   1.9190152e+06
   1.9191239e+06
   1.9192123e+06
   1.9192754e+06
   1.9193315e+06
   1.9194063e+06
   1.9194710e+06
   1.9195412e+06
   1.9196314e+06
   1.9197094e+06
   1.9197908e+06
   1.9198706e+06
   1.9199490e+06
