   1.2739230e+03
   3.2517388e+03
   4.2622058e+03
   5.3556463e+03
   7.2839646e+03
   9.3192416e+03
   1.0657822e+04
   1.2014252e+04
   1.3185756e+04
   1.4252212e+04
   1.6249547e+04
   1.7591090e+04
   1.8802065e+04
   1.9994968e+04
   2.1227519e+04
   2.2364519e+04
   2.4835929e+04
   2.7407598e+04
   3.7110985e+04
   3.8774883e+04
   4.0086658e+04
   4.1564226e+04
   4.2829957e+04
   4.3838673e+04
   4.5134732e+04
   4.6055447e+04
   4.8390252e+04
   4.9810668e+04
   5.1058712e+04
   5.2222151e+04
   5.3539855e+04
   5.5375067e+04
   5.7703446e+04
   5.9762254e+04
   1.0131037e+05
   1.0257350e+05
   1.0349161e+05
   1.0507817e+05
   1.0615675e+05
   1.0806113e+05
   1.0897452e+05
   1.1072712e+05
   1.1170749e+05
   1.1562884e+05
   1.1755087e+05
   1.1901037e+05
   1.6097086e+05
   1.6197534e+05
   1.6369957e+05
   1.6472485e+05
   1.6620680e+05
   1.6796201e+05
   1.6951613e+05
   1.7075920e+05
   1.7166484e+05
   1.7576435e+05
   1.7669713e+05
   1.7782008e+05
   1.7886708e+05
   2.2109549e+05
   2.2214687e+05
   2.2432948e+05
   2.2553079e+05
   2.2656900e+05
   2.2840533e+05
   2.2944693e+05
   2.3048385e+05
   2.3233599e+05
   2.3333969e+05
   2.3503270e+05
   2.3652955e+05
   2.3784591e+05
   2.3919250e+05
   2.8098918e+05
   2.8185568e+05
   2.8317685e+05
   2.8430045e+05
   2.8574465e+05
   2.8680751e+05
   2.8801578e+05
   2.8970416e+05
   2.9104416e+05
   2.9231898e+05
   2.9343934e+05
   2.9492127e+05
   2.9589990e+05
   2.9739108e+05
   2.9905438e+05
   3.4105403e+05
   3.4251078e+05
   3.4365772e+05
   3.4473648e+05
   3.4555124e+05
   3.4661318e+05
   3.4813943e+05
   3.4952427e+05
   3.5069487e+05
   3.5280239e+05
   3.5378803e+05
   3.5552538e+05
   3.5661152e+05
   3.5792569e+05
   3.5903293e+05
   4.0192057e+05
   4.0313517e+05
   4.0438974e+05
   4.0517826e+05
   4.0689952e+05
   4.0831457e+05
   4.0971229e+05
   4.1070875e+05
   4.1193534e+05
   4.1321068e+05
   4.1536009e+05
   4.1659943e+05
   4.1749989e+05
   4.1841838e+05
   4.1959054e+05
   4.6158800e+05
   4.6273074e+05
   4.6400297e+05
   4.6616039e+05
   4.6820336e+05
   4.6942342e+05
   4.7034290e+05
   4.7134469e+05
   4.7269267e+05
   4.7525671e+05
   4.7641967e+05
   4.7742594e+05
   4.7971497e+05
   5.2141917e+05
   5.2228769e+05
   5.2362729e+05
   5.2475068e+05
   5.2800884e+05
   5.2901959e+05
   5.2989194e+05
   5.3104508e+05
   5.3240905e+05
   5.3365444e+05
   5.3504304e+05
   5.3633147e+05
   5.3740138e+05
   5.3957669e+05
   5.8183741e+05
   5.8293369e+05
   5.8410223e+05
   5.8513127e+05
   5.8793165e+05
   5.8954436e+05
   5.9090965e+05
   5.9220117e+05
   5.9388660e+05
   5.9489124e+05
   5.9650142e+05
   5.9849866e+05
   6.0131769e+05
   6.0288836e+05
   6.0447830e+05
   6.0669014e+05
   6.0776779e+05
   6.0915118e+05
   6.1099798e+05
   6.1284785e+05
   6.1598802e+05
   6.1739220e+05
   6.1998503e+05
   6.2113381e+05
   6.2242805e+05
   6.2362793e+05
   6.2461658e+05
   6.2709778e+05
   6.2822354e+05
   6.3022686e+05
   6.3181364e+05
   6.3300002e+05
   6.3514235e+05
   6.3593313e+05
   6.3789854e+05
   6.3930915e+05
   6.4101120e+05
   6.4328961e+05
   6.4548000e+05
   6.4772937e+05
   6.4911258e+05
   6.5088936e+05
   6.5283711e+05
   6.5489170e+05
   6.5651843e+05
   6.5757546e+05
   6.6064345e+05
   6.6175578e+05
   6.6276494e+05
   6.6371883e+05
   6.6497125e+05
   6.6664892e+05
   6.6848336e+05
   6.7052572e+05
   6.7206295e+05
   6.7356167e+05
   6.7477097e+05
   6.7662069e+05
   6.7814132e+05
   6.7914125e+05
   6.8039313e+05
   6.8139066e+05
   6.8308718e+05
   6.8441345e+05
   6.8601762e+05
   6.8744991e+05
   6.8883758e+05
   6.9218856e+05
   6.9469811e+05
   6.9571710e+05
   6.9703235e+05
   6.9875270e+05
   7.0274091e+05
   7.0458681e+05
   7.0589808e+05
   7.0689906e+05
   7.1084051e+05
   7.1217759e+05
   7.1316404e+05
   7.1442521e+05
   7.1816087e+05
   7.1907373e+05
   7.2365485e+05
   7.2578839e+05
   7.2838673e+05
   7.3005581e+05
   7.3257371e+05
   7.3428250e+05
   7.3688501e+05
   7.3975101e+05
   7.4096065e+05
   7.4372934e+05
   7.4531372e+05
   7.4672013e+05
   7.4914130e+05
   7.5096094e+05
   7.6146145e+05
   7.6293002e+05
   7.6407527e+05
   7.6683810e+05
   7.6802418e+05
   7.7022130e+05
   7.7148881e+05
   7.7338770e+05
   7.7674855e+05
   7.7846296e+05
   8.2119981e+05
   8.2527048e+05
   8.2662460e+05
   8.2843423e+05
   8.3156231e+05
   8.3320113e+05
   8.3526885e+05
   8.3667041e+05
   8.3816080e+05
   8.3966344e+05
   8.8192673e+05
   8.8343464e+05
   8.8487054e+05
   8.8610510e+05
   8.8825297e+05
   8.8996323e+05
   8.9282107e+05
   8.9711276e+05
   8.9886887e+05
   9.4141193e+05
   9.4249111e+05
   9.4474349e+05
   9.4649030e+05
   9.4815422e+05
   9.4921592e+05
   9.5054976e+05
   9.5212396e+05
   9.5522388e+05
   9.5794567e+05
   1.0020438e+06
   1.0036184e+06
   1.0055892e+06
   1.0081905e+06
   1.0105091e+06
   1.0127420e+06
   1.0162206e+06
   1.0176365e+06
   1.0198486e+06
   1.0616067e+06
   1.0637116e+06
   1.0654532e+06
   1.0685282e+06
   1.0706627e+06
   1.0722602e+06
   1.0753083e+06
   1.0766326e+06
   1.0791006e+06
   1.1212404e+06
   1.1226371e+06
   1.1239175e+06
   1.1249249e+06
   1.1262127e+06
   1.1292229e+06
   1.1308928e+06
   1.1323956e+06
   1.1358681e+06
   1.1380815e+06
   1.1814703e+06
   1.1829387e+06
   1.1843587e+06
   1.1857455e+06
   1.1868880e+06
   1.1884957e+06
   1.1900303e+06
   1.1912840e+06
   1.1956153e+06
   1.1996588e+06
   1.2419813e+06
   1.2437106e+06
   1.2449403e+06
   1.2465480e+06
   1.2481343e+06
   1.2502855e+06
   1.2530159e+06
   1.2538786e+06
   1.2551061e+06
   1.2561348e+06
   1.2582788e+06
   1.3018191e+06
   1.3031604e+06
   1.3045127e+06
   1.3068533e+06
   1.3097063e+06
   1.3109877e+06
   1.3131175e+06
   1.3154061e+06
   1.3175919e+06
   1.3191371e+06
   1.3615913e+06
   1.3634834e+06
   1.3654404e+06
   1.3684404e+06
   1.3705697e+06
   1.3756268e+06
   1.3773651e+06
   1.3782793e+06
   1.3795324e+06
   1.4212965e+06
   1.4230250e+06
   1.4249736e+06
   1.4264143e+06
   1.4294275e+06
   1.4307949e+06
   1.4321535e+06
   1.4354989e+06
   1.4375055e+06
   1.4386779e+06
   1.4824235e+06
   1.4833842e+06
   1.4847793e+06
   1.4864689e+06
   1.4880920e+06
   1.4896103e+06
   1.4911697e+06
   1.4925366e+06
   1.4958117e+06
   1.4975775e+06
   1.4996067e+06
   1.5412348e+06
   1.5429988e+06
   1.5441699e+06
   1.5454967e+06
   1.5463466e+06
   1.5482547e+06
   1.5494358e+06
   1.5508648e+06
   1.5556379e+06
   1.5572139e+06
   1.5592770e+06
   1.6013060e+06
   1.6025447e+06
   1.6035649e+06
   1.6090332e+06
   1.6102649e+06
   1.6158912e+06
   1.6181625e+06
   1.6613823e+06
   1.6627556e+06
   1.6647832e+06
   1.6659580e+06
   1.6691099e+06
   1.6710408e+06
   1.6724605e+06
   1.6755904e+06
   1.6791659e+06
   1.7210765e+06
   1.7231184e+06
   1.7241996e+06
   1.7257216e+06
   1.7267377e+06
   1.7283247e+06
   1.7298852e+06
   1.7363457e+06
   1.7374168e+06
   1.7390109e+06
   1.7810161e+06
   1.7828111e+06
   1.7842642e+06
   1.7858394e+06
   1.7889739e+06
   1.7902631e+06
   1.7915577e+06
   1.7930923e+06
   1.7955395e+06
   1.7970305e+06
   1.7984625e+06
   1.7997341e+06
   1.8416225e+06
   1.8430430e+06
   1.8439047e+06
   1.8450736e+06
   1.8462854e+06
   1.8485809e+06
   1.8501416e+06
   1.8524258e+06
   1.8534914e+06
   1.8557794e+06
   1.8578648e+06
   1.8597079e+06
   1.9015368e+06
   1.9029633e+06
   1.9046434e+06
   1.9054654e+06
   1.9069656e+06
   1.9119108e+06
   1.9131428e+06
   1.9155351e+06
   1.9166960e+06
   1.9186545e+06
   6.1429759e+04
   6.2801386e+04
   6.4511967e+04
   6.5465872e+04
   6.6559925e+04
   6.7513341e+04
   6.9107886e+04
   7.1437706e+04
   7.2749725e+04
   7.4709137e+04
   7.5783814e+04
   7.6947407e+04
   7.8676900e+04
   8.0003710e+04
   8.2987552e+04
   8.4343186e+04
   8.5869163e+04
   8.7614640e+04
   8.8551387e+04
   8.9584974e+04
   9.1867323e+04
   9.3161175e+04
   9.4379191e+04
   9.6789344e+04
   9.8088649e+04
   9.9378793e+04
   1.2173031e+05
   1.2290120e+05
   1.2395678e+05
   1.2556083e+05
   1.2700041e+05
   1.2800941e+05
   1.2981568e+05
   1.3130705e+05
   1.3360766e+05
   1.3532137e+05
   1.3700185e+05
   1.3839439e+05
   1.3976951e+05
   1.4086169e+05
   1.4204967e+05
   1.4307857e+05
   1.4420059e+05
   1.4573523e+05
   1.4716967e+05
   1.4820831e+05
   1.5234895e+05
   1.5398521e+05
   1.5578859e+05
   1.5699545e+05
   1.5827146e+05
   1.5909235e+05
   1.8127623e+05
   1.8262590e+05
   1.8403023e+05
   1.8502258e+05
   1.8781296e+05
   1.8948842e+05
   1.9243473e+05
   1.9371719e+05
   1.9538103e+05
   1.9668113e+05
   1.9812489e+05
   1.9922265e+05
   2.0047178e+05
   2.0218887e+05
   2.0383280e+05
   2.0534714e+05
   2.0718714e+05
   2.0848341e+05
   2.0953178e+05
   2.1079504e+05
   2.1222425e+05
   2.1299404e+05
   2.1402744e+05
   2.1505327e+05
   2.1697956e+05
   2.1837839e+05
   2.1954294e+05
   2.4126155e+05
   2.4260794e+05
   2.4531801e+05
   2.4667463e+05
   2.4820183e+05
   2.4945356e+05
   2.5081162e+05
   2.5263965e+05
   2.5418435e+05
   2.5570147e+05
   2.5738124e+05
   2.5935058e+05
   2.6045555e+05
   2.6182375e+05
   2.6295362e+05
   2.6421535e+05
   2.6551195e+05
   2.6675521e+05
   2.6813091e+05
   2.6918159e+05
   2.7065026e+05
   2.7171130e+05
   2.7353846e+05
   2.7442570e+05
   2.7613319e+05
   2.7711799e+05
   2.7956275e+05
   3.0133192e+05
   3.0241587e+05
   3.0348956e+05
   3.0465542e+05
   3.0604619e+05
   3.0782242e+05
   3.1161528e+05
   3.1317043e+05
   3.1436567e+05
   3.1567050e+05
   3.1738250e+05
   3.1929138e+05
   3.2056366e+05
   3.2162810e+05
   3.2330992e+05
   3.2437963e+05
   3.2532389e+05
   3.2646005e+05
   3.2755315e+05
   3.2915539e+05
   3.3045656e+05
   3.3151170e+05
   3.3241018e+05
   3.3416877e+05
   3.3535438e+05
   3.3705119e+05
   3.3829831e+05
   3.3964610e+05
   3.6129472e+05
   3.6303473e+05
   3.6440506e+05
   3.6566434e+05
   3.6695506e+05
   3.6790189e+05
   3.6924320e+05
   3.7030282e+05
   3.7209830e+05
   3.7330529e+05
   3.7443767e+05
   3.7597456e+05
   3.7701823e+05
   3.7878080e+05
   3.8003658e+05
   3.8108513e+05
   3.8260314e+05
   3.8339900e+05
   3.8490949e+05
   3.8647262e+05
   3.8782231e+05
   3.8943080e+05
   3.9098779e+05
   3.9366914e+05
   3.9457350e+05
   3.9587435e+05
   3.9764808e+05
   3.9883265e+05
   4.2091018e+05
   4.2211830e+05
   4.2296969e+05
   4.2484543e+05
   4.2581682e+05
   4.2822002e+05
   4.2989897e+05
   4.3187547e+05
   4.3311678e+05
   4.3409613e+05
   4.3547952e+05
   4.3658500e+05
   4.3787074e+05
   4.3917334e+05
   4.4038242e+05
   4.4333505e+05
   4.4432148e+05
   4.4536828e+05
   4.4644004e+05
   4.4781657e+05
   4.4967332e+05
   4.5080484e+05
   4.5360418e+05
   4.5508188e+05
   4.5633815e+05
   4.5752588e+05
   4.5871010e+05
   4.5986571e+05
   4.8203190e+05
   4.8334256e+05
   4.8435092e+05
   4.8572351e+05
   4.8908461e+05
   4.8991143e+05
   4.9166864e+05
   4.9260530e+05
   4.9367955e+05
   4.9504704e+05
   4.9698299e+05
   4.9840126e+05
   5.0018659e+05
   5.0111834e+05
   5.0207298e+05
   5.0369567e+05
   5.0495204e+05
   5.0610202e+05
   5.0818177e+05
   5.0914370e+05
   5.1057809e+05
   5.1258841e+05
   5.1439116e+05
   5.1559729e+05
   5.1729042e+05
   5.1887962e+05
   5.4146321e+05
   5.4303131e+05
   5.4422566e+05
   5.4565345e+05
   5.4882816e+05
   5.4983612e+05
   5.5126769e+05
   5.5311931e+05
   5.5418704e+05
   5.5627675e+05
   5.5790057e+05
   5.5927871e+05
   5.6143218e+05
   5.6412191e+05
   5.6642923e+05
   5.6789583e+05
   5.7135168e+05
   5.7268983e+05
   5.7406156e+05
   5.7509051e+05
   5.7654262e+05
   5.7761218e+05
   5.7863608e+05
   5.7974152e+05
   7.8194514e+05
   7.8451599e+05
   7.8602169e+05
   7.8813234e+05
   7.9492137e+05
   7.9737408e+05
   7.9939580e+05
   8.0319961e+05
   8.0483630e+05
   8.0815945e+05
   8.1087533e+05
   8.1485504e+05
   8.1660085e+05
   8.4133587e+05
   8.4298434e+05
   8.4470192e+05
   8.4708375e+05
   8.4867629e+05
   8.5004440e+05
   8.5176838e+05
   8.5369098e+05
   8.5634578e+05
   8.5783534e+05
   8.6036633e+05
   8.6200002e+05
   8.6388766e+05
   8.6791249e+05
   8.6967125e+05
   8.7101563e+05
   8.7282477e+05
   8.7416179e+05
   8.7708077e+05
   8.7922285e+05
   9.0300166e+05
   9.0769734e+05
   9.0898908e+05
   9.1060047e+05
   9.1225063e+05
   9.1472045e+05
   9.1669889e+05
   9.1884723e+05
   9.2014429e+05
   9.2111072e+05
   9.2569143e+05
   9.2789100e+05
   9.2975262e+05
   9.3828215e+05
   1.0227491e+06
   1.0242209e+06
   1.0273983e+06
   1.0294351e+06
   1.0304974e+06
   1.0324020e+06
   1.0352421e+06
   1.0368502e+06
   1.0404733e+06
   1.0420150e+06
   1.0439078e+06
   1.0451012e+06
   1.0468679e+06
   1.0484149e+06
   1.0496950e+06
   1.0509620e+06
   1.0574422e+06
   1.0586637e+06
   1.0814683e+06
   1.0849103e+06
   1.0873522e+06
   1.0897991e+06
   1.0973712e+06
   1.1007957e+06
   1.1030296e+06
   1.1049119e+06
   1.1070631e+06
   1.1083821e+06
   1.1095613e+06
   1.1128654e+06
   1.1141521e+06
   1.1188125e+06
   1.1423059e+06
   1.1441278e+06
   1.1460157e+06
   1.1472478e+06
   1.1490037e+06
   1.1523443e+06
   1.1543162e+06
   1.1561407e+06
   1.1578775e+06
   1.1621753e+06
   1.1635086e+06
   1.1660273e+06
   1.1677519e+06
   1.1694506e+06
   1.1706866e+06
   1.1717219e+06
   1.1733067e+06
   1.1752559e+06
   1.1769919e+06
   1.1785637e+06
   1.1798350e+06
   1.2022126e+06
   1.2035019e+06
   1.2054092e+06
   1.2073186e+06
   1.2090366e+06
   1.2127581e+06
   1.2164338e+06
   1.2185206e+06
   1.2208437e+06
   1.2226354e+06
   1.2255599e+06
   1.2268526e+06
   1.2288655e+06
   1.2313072e+06
   1.2359934e+06
   1.2617731e+06
   1.2703093e+06
   1.2741653e+06
   1.2767910e+06
   1.2785994e+06
   1.2799691e+06
   1.2818246e+06
   1.2866052e+06
   1.2887316e+06
   1.2902694e+06
   1.2920563e+06
   1.2940804e+06
   1.2952862e+06
   1.3216994e+06
   1.3236028e+06
   1.3250539e+06
   1.3274141e+06
   1.3306555e+06
   1.3323842e+06
   1.3357500e+06
   1.3401687e+06
   1.3427244e+06
   1.3439244e+06
   1.3454710e+06
   1.3476797e+06
   1.3494457e+06
   1.3512509e+06
   1.3526886e+06
   1.3543290e+06
   1.3562022e+06
   1.3577173e+06
   1.3842921e+06
   1.3859224e+06
   1.3907435e+06
   1.3985251e+06
   1.4004735e+06
   1.4031220e+06
   1.4049035e+06
   1.4065351e+06
   1.4080648e+06
   1.4100482e+06
   1.4114637e+06
   1.4134584e+06
   1.4159454e+06
   1.4429087e+06
   1.4476141e+06
   1.4539044e+06
   1.4555058e+06
   1.4575452e+06
   1.4753500e+06
   1.4779325e+06
   1.5018526e+06
   1.5046976e+06
   1.5066060e+06
   1.5107321e+06
   1.5158434e+06
   1.5183017e+06
   1.5210815e+06
   1.5227708e+06
   1.5253501e+06
   1.5308725e+06
   1.5350898e+06
   1.5362835e+06
   1.5385736e+06
   1.5617291e+06
   1.5636922e+06
   1.5660175e+06
   1.5703011e+06
   1.5802843e+06
   1.5822929e+06
   1.5851031e+06
   1.5935365e+06
   1.5952062e+06
   1.6211527e+06
   1.6222643e+06
   1.6244750e+06
   1.6258687e+06
   1.6270719e+06
   1.6287167e+06
   1.6309936e+06
   1.6322408e+06
   1.6350148e+06
   1.6366174e+06
   1.6380912e+06
   1.6397481e+06
   1.6409668e+06
   1.6429909e+06
   1.6446698e+06
   1.6464265e+06
   1.6482837e+06
   1.6499523e+06
   1.6513714e+06
   1.6532957e+06
   1.6562150e+06
   1.6580000e+06
   1.6591258e+06
   1.6826669e+06
   1.6842149e+06
   1.6867439e+06
   1.6956417e+06
   1.6986050e+06
   1.7003817e+06
   1.7106463e+06
   1.7130761e+06
   1.7177621e+06
   1.7194191e+06
   1.7416603e+06
   1.7436263e+06
   1.7452532e+06
   1.7469663e+06
   1.7485383e+06
   1.7497157e+06
   1.7523127e+06
   1.7539049e+06
   1.7559612e+06
   1.7581203e+06
   1.7598944e+06
   1.7626627e+06
   1.7640295e+06
   1.7657383e+06
   1.7670805e+06
   1.7684832e+06
   1.7727465e+06
   1.7740889e+06
   1.8024055e+06
   1.8039895e+06
   1.8054613e+06
   1.8070899e+06
   1.8097372e+06
   1.8111466e+06
   1.8151009e+06
   1.8172461e+06
   1.8195487e+06
   1.8210878e+06
   1.8228887e+06
   1.8242632e+06
   1.8258547e+06
   1.8271362e+06
   1.8287912e+06
   1.8303378e+06
   1.8320440e+06
   1.8333885e+06
   1.8354471e+06
   1.8367298e+06
   1.8384038e+06
   1.8630353e+06
   1.8643843e+06
   1.8659275e+06
   1.8683161e+06
   1.8699616e+06
   1.8754641e+06
   1.8771546e+06
   1.8794490e+06
   1.8812774e+06
   1.8827287e+06
   1.8844422e+06
   1.8855493e+06
   1.8867786e+06
   1.8884825e+06
   1.8912238e+06
   1.8934789e+06
   1.8948897e+06
   1.8996751e+06
   1.8152448e+06
   1.8166074e+06
   1.8194004e+06
   1.8220812e+06
   1.8231258e+06
   1.8250001e+06
   1.8301123e+06
   1.8320754e+06
   1.8337018e+06
   1.8361873e+06
   1.8610603e+06
   1.8627273e+06
   1.8662315e+06
   1.8682374e+06
   1.8700630e+06
   1.8721999e+06
   1.8736582e+06
   1.8749256e+06
   1.8760198e+06
   1.8778432e+06
   1.8798974e+06
   1.8818514e+06
   1.8834785e+06
   1.8852517e+06
   1.8879259e+06
   1.8911575e+06
   1.8944528e+06
   1.8977075e+06
   1.8997835e+06
   1.8893409e+06
   1.8912045e+06
   1.8931486e+06
   1.8948372e+06
   1.8956965e+06
   1.8971997e+06
   1.8986438e+06
