   5.9568486e+02
   1.1441994e+03
   1.8265822e+03
   2.8313163e+03
   3.5411847e+03
   4.2730815e+03
   4.7543101e+03
   5.1380303e+03
   7.9556022e+03
   8.4280332e+03
   9.4892003e+03
   1.0437067e+04
   1.1285464e+04
   1.3330588e+04
   1.4936130e+04
   1.5750504e+04
   1.6265344e+04
   1.7070439e+04
   1.8065628e+04
   1.8636565e+04
   1.9543704e+04
   2.0086845e+04
   2.1031672e+04
   2.1923526e+04
   2.2894139e+04
   2.3792884e+04
   2.4744445e+04
   2.5354630e+04
   2.6201747e+04
   2.6959993e+04
   2.7634596e+04
   2.8233150e+04
   2.9162253e+04
   3.0826381e+04
   3.1761441e+04
   3.2617478e+04
   3.4112357e+04
   3.4748622e+04
   3.5495700e+04
   3.6207582e+04
   3.7007060e+04
   3.8361344e+04
   3.9041159e+04
   3.9785663e+04
   4.0606186e+04
   4.2171549e+04
   4.3445694e+04
   4.3864358e+04
   4.4409893e+04
   4.5051678e+04
   4.7413613e+04
   4.8144800e+04
   4.8761043e+04
   4.9935248e+04
   5.0369973e+04
   5.0836151e+04
   5.1673458e+04
   5.2363798e+04
   5.5021269e+04
   5.5571531e+04
   5.6277037e+04
   5.7237216e+04
   5.7872071e+04
   5.8405844e+04
   5.8808692e+04
   5.9990624e+04
   1.0039747e+05
   1.0134466e+05
   1.0198950e+05
   1.0296370e+05
   1.0369915e+05
   1.0549551e+05
   1.0658914e+05
   1.0759570e+05
   1.0811550e+05
   1.0900688e+05
   1.0978134e+05
   1.1029222e+05
   1.1091015e+05
   1.1155391e+05
   1.1244598e+05
   1.1285929e+05
   1.1337535e+05
   1.1373808e+05
   1.1454187e+05
   1.1506366e+05
   1.1565810e+05
   1.1615929e+05
   1.1649271e+05
   1.1691779e+05
   1.1730546e+05
   1.1845752e+05
   1.1915899e+05
   1.1967398e+05
   1.6094937e+05
   1.6156690e+05
   1.6215485e+05
   1.6253221e+05
   1.6297898e+05
   1.6358576e+05
   1.6492097e+05
   1.6532442e+05
   1.6628319e+05
   1.6676463e+05
   1.6846506e+05
   1.6889878e+05
   1.6942300e+05
   1.6998053e+05
   1.7081900e+05
   1.7119971e+05
   1.7251119e+05
   1.7294954e+05
   1.7396681e+05
   1.7472140e+05
   1.7518283e+05
   1.7999444e+05
   2.2055100e+05
   2.2109408e+05
   2.2155657e+05
   2.2264135e+05
   2.2343441e+05
   2.2411098e+05
   2.2471350e+05
   2.2604818e+05
   2.2643632e+05
   2.2688307e+05
   2.2798911e+05
   2.2861514e+05
   2.2920320e+05
   2.2971904e+05
   2.3051479e+05
   2.3465197e+05
   2.3532573e+05
   2.3628109e+05
   2.3714638e+05
   2.3772292e+05
   2.3862829e+05
   2.3923044e+05
   2.8042022e+05
   2.8083324e+05
   2.8121814e+05
   2.8196969e+05
   2.8252814e+05
   2.8321136e+05
   2.8403703e+05
   2.8466632e+05
   2.8528977e+05
   2.8635369e+05
   2.8764296e+05
   2.8822092e+05
   2.8879750e+05
   2.9005966e+05
   2.9055882e+05
   2.9116726e+05
   2.9173497e+05
   2.9232605e+05
   2.9317586e+05
   2.9361343e+05
   2.9452423e+05
   2.9494977e+05
   2.9535782e+05
   2.9587002e+05
   2.9621460e+05
   2.9689504e+05
   2.9744008e+05
   2.9800186e+05
   2.9832907e+05
   2.9884393e+05
   2.9918630e+05
   2.9989609e+05
   3.4061870e+05
   3.4217959e+05
   3.4270152e+05
   3.4358323e+05
   3.4449577e+05
   3.4504139e+05
   3.4559155e+05
   3.4610374e+05
   3.4672406e+05
   3.4751772e+05
   3.4802735e+05
   3.4977131e+05
   3.5026845e+05
   3.5066448e+05
   3.5128344e+05
   3.5199026e+05
   3.5263222e+05
   3.5305105e+05
   3.5392813e+05
   3.5456543e+05
   3.5500135e+05
   3.5538607e+05
   3.5590400e+05
   3.5641326e+05
   3.5685862e+05
   3.5747905e+05
   3.5817663e+05
   3.5866006e+05
   3.5930312e+05
   3.5972547e+05
   4.0091399e+05
   4.0123912e+05
   4.0161028e+05
   4.0265807e+05
   4.0358469e+05
   4.0430810e+05
   4.0471719e+05
   4.0550731e+05
   4.0628544e+05
   4.0679090e+05
   4.0792706e+05
   4.0857264e+05
   4.0906919e+05
   4.1028709e+05
   4.1087259e+05
   4.1136261e+05
   4.1231119e+05
   4.1355663e+05
   4.1398813e+05
   4.1494807e+05
   4.1534625e+05
   4.1573900e+05
   4.1618761e+05
   4.1695668e+05
   4.1775642e+05
   4.1826999e+05
   4.1877612e+05
   4.1939831e+05
   4.1990909e+05
   4.6058732e+05
   4.6291646e+05
   4.6393212e+05
   4.6444373e+05
   4.6506760e+05
   4.6572397e+05
   4.6631201e+05
   4.6792096e+05
   4.6825971e+05
   4.6882082e+05
   4.6981485e+05
   4.7141472e+05
   4.7198601e+05
   4.7280593e+05
   4.7355571e+05
   4.7914980e+05
   4.7963974e+05
   5.2047640e+05
   5.2101572e+05
   5.2187121e+05
   5.2251157e+05
   5.2285901e+05
   5.2375598e+05
   5.2423877e+05
   5.2463998e+05
   5.2515398e+05
   5.2573024e+05
   5.2630833e+05
   5.2778130e+05
   5.2859638e+05
   5.2983035e+05
   5.3060492e+05
   5.3122372e+05
   5.3199367e+05
   5.3326785e+05
   5.3364987e+05
   5.3451296e+05
   5.3500975e+05
   5.3561441e+05
   5.3619675e+05
   5.3707839e+05
   5.3750210e+05
   5.3789893e+05
   5.3828357e+05
   5.3865245e+05
   5.3914303e+05
   5.3994961e+05
   5.8258372e+05
   5.8317945e+05
   5.8370602e+05
   5.8449849e+05
   5.8498433e+05
   5.8550892e+05
   5.8619684e+05
   5.8668380e+05
   5.8894433e+05
   5.8951361e+05
   5.8998904e+05
   5.9103252e+05
   5.9162006e+05
   5.9210232e+05
   5.9276154e+05
   5.9351648e+05
   5.9391216e+05
   5.9446468e+05
   5.9498482e+05
   5.9585358e+05
   5.9662308e+05
   5.9701110e+05
   5.9752567e+05
   5.9899511e+05
   5.9993944e+05
   6.0037942e+05
   6.0119571e+05
   6.0172879e+05
   6.0354015e+05
   6.0405252e+05
   6.0480111e+05
   6.0536355e+05
   6.0897070e+05
   6.0991297e+05
   6.1071125e+05
   6.1123637e+05
   6.1184623e+05
   6.1261312e+05
   6.1302633e+05
   6.1434852e+05
   6.1533198e+05
   6.1597241e+05
   6.1649886e+05
   6.1714551e+05
   6.1791196e+05
   6.1883912e+05
   6.1929128e+05
   6.1980850e+05
   6.2046104e+05
   6.2093322e+05
   6.2137165e+05
   6.2174474e+05
   6.2215450e+05
   6.2710063e+05
   6.2920678e+05
   6.2975859e+05
   6.3039852e+05
   6.3125046e+05
   6.3182142e+05
   6.3252884e+05
   6.3297284e+05
   6.3349636e+05
   6.3414231e+05
   6.3459555e+05
   6.3536485e+05
   6.3577770e+05
   6.3647467e+05
   6.3689290e+05
   6.3745605e+05
   6.3803011e+05
   6.3841841e+05
   6.3953664e+05
   6.4004256e+05
   6.4071923e+05
   6.4157180e+05
   6.4243629e+05
   6.4313950e+05
   6.4382595e+05
   6.4424188e+05
   6.4520788e+05
   6.4566450e+05
   6.4612334e+05
   6.4673620e+05
   6.4730659e+05
   6.4819239e+05
   6.4902265e+05
   6.4979926e+05
   6.5056810e+05
   6.5120795e+05
   6.5274939e+05
   6.5420994e+05
   6.5466999e+05
   6.5519775e+05
   6.5586639e+05
   6.5683877e+05
   6.6867665e+05
   6.6976087e+05
   6.7014824e+05
   6.7049049e+05
   6.7104811e+05
   6.7165248e+05
   6.7233738e+05
   6.7478505e+05
   6.7745383e+05
   6.7799401e+05
   6.7864253e+05
   6.7970702e+05
   6.8024900e+05
   6.8076249e+05
   6.8166690e+05
   6.8221100e+05
   6.8288957e+05
   6.8348375e+05
   6.8375625e+05
   6.8420868e+05
   6.8458460e+05
   6.8511291e+05
   6.8578507e+05
   6.8645473e+05
   6.8679804e+05
   6.8741670e+05
   6.8794149e+05
   6.8845986e+05
   6.8914862e+05
   6.8985437e+05
   6.9079212e+05
   6.9153674e+05
   6.9208645e+05
   6.9300697e+05
   6.9454703e+05
   6.9517049e+05
   6.9679392e+05
   6.9731207e+05
   6.9797465e+05
   6.9859709e+05
   6.9915529e+05
   6.9976273e+05
   7.0065831e+05
   7.0143729e+05
   7.0191058e+05
   7.0254145e+05
   7.0301532e+05
   7.0367002e+05
   7.0424567e+05
   7.0498379e+05
   7.0546293e+05
   7.0600460e+05
   7.0669244e+05
   7.0758599e+05
   7.0815065e+05
   7.0894042e+05
   7.0986643e+05
   7.1028046e+05
   7.1064498e+05
   7.1144296e+05
   7.1230307e+05
   7.1315149e+05
   7.1385324e+05
   7.1571655e+05
   7.1676328e+05
   7.1721431e+05
   7.1853193e+05
   7.1896387e+05
   7.1950103e+05
   7.2075167e+05
   7.2107057e+05
   7.2164468e+05
   7.2243737e+05
   7.2299311e+05
   7.3023915e+05
   7.3080886e+05
   7.3160547e+05
   7.3226973e+05
   7.3276308e+05
   7.3346359e+05
   7.3418091e+05
   7.3465958e+05
   7.3521069e+05
   7.3588762e+05
   7.3641668e+05
   7.3686144e+05
   7.3733813e+05
   7.3792700e+05
   7.3848719e+05
   7.3897498e+05
   7.3964213e+05
   7.4036452e+05
   7.4110094e+05
   7.4205887e+05
   7.4317539e+05
   7.4367019e+05
   7.4487422e+05
   7.4622407e+05
   7.4663945e+05
   7.4749895e+05
   7.4800542e+05
   7.4838110e+05
   7.4899164e+05
   7.4946014e+05
   7.5014697e+05
   7.5120270e+05
   7.5171103e+05
   7.5233200e+05
   7.5272079e+05
   7.5361227e+05
   7.5516380e+05
   7.5572283e+05
   7.5682473e+05
   7.5750640e+05
   7.5804583e+05
   7.5844509e+05
   7.5915272e+05
   7.5960451e+05
   7.6029958e+05
   7.6135369e+05
   7.6219669e+05
   7.6261684e+05
   7.6306361e+05
   7.6354794e+05
   7.6408469e+05
   7.6439321e+05
   7.6677715e+05
   7.6770729e+05
   7.6831464e+05
   7.6887097e+05
   7.6938760e+05
   7.6986988e+05
   7.7024656e+05
   7.7068345e+05
   7.7128611e+05
   7.7169577e+05
   7.7222946e+05
   7.7263202e+05
   7.7305088e+05
   7.7372453e+05
   7.7453529e+05
   7.7507609e+05
   7.7540618e+05
   7.7598363e+05
   7.7749642e+05
   7.7798113e+05
   7.7828961e+05
   7.7880159e+05
   7.7998026e+05
   8.2063003e+05
   8.2103598e+05
   8.2144709e+05
   8.2221712e+05
   8.2304629e+05
   8.2357906e+05
   8.2436473e+05
   8.2476403e+05
   8.2528719e+05
   8.2585682e+05
   8.2622161e+05
   8.2670918e+05
   8.2749932e+05
   8.2903568e+05
   8.2957561e+05
   8.3047858e+05
   8.3104164e+05
   8.3186513e+05
   8.3247570e+05
   8.3338372e+05
   8.3449267e+05
   8.3559237e+05
   8.3630599e+05
   8.3701848e+05
   8.3767418e+05
   8.3847476e+05
   8.3905819e+05
   8.3960740e+05
   8.8054230e+05
   8.8098480e+05
   8.8192442e+05
   8.8226561e+05
   8.8278287e+05
   8.8328589e+05
   8.8366239e+05
   8.8438930e+05
   8.8474582e+05
   8.8566264e+05
   8.8619343e+05
   8.8664674e+05
   8.8749841e+05
   8.8801304e+05
   8.8856023e+05
   8.8892692e+05
   8.8942046e+05
   8.9008887e+05
   8.9047343e+05
   8.9093946e+05
   8.9164124e+05
   8.9206338e+05
   8.9244916e+05
   8.9311320e+05
   8.9567749e+05
   8.9630890e+05
   8.9688164e+05
   8.9735928e+05
   8.9832421e+05
   8.9899784e+05
   8.9941055e+05
   9.4041729e+05
   9.4100696e+05
   9.4140051e+05
   9.4171774e+05
   9.4215553e+05
   9.4261993e+05
   9.4302218e+05
   9.4343060e+05
   9.4393842e+05
   9.4424641e+05
   9.4468188e+05
   9.4527748e+05
   9.4591586e+05
   9.4629830e+05
   9.4780680e+05
   9.4835367e+05
   9.4913411e+05
   9.4962624e+05
   9.5008628e+05
   9.5038466e+05
   9.5104809e+05
   9.5186445e+05
   9.5226203e+05
   9.5355272e+05
   9.5395987e+05
   9.5463059e+05
   9.5501772e+05
   9.5601350e+05
   9.5686227e+05
   9.5743316e+05
   9.5814814e+05
   9.5881542e+05
   9.5969827e+05
   1.0005492e+06
   1.0018639e+06
   1.0023727e+06
   1.0028150e+06
   1.0035146e+06
   1.0041466e+06
   1.0046855e+06
   1.0056519e+06
   1.0061718e+06
   1.0066855e+06
   1.0075358e+06
   1.0081289e+06
   1.0086500e+06
   1.0093702e+06
   1.0098539e+06
   1.0101773e+06
   1.0106326e+06
   1.0113883e+06
   1.0121202e+06
   1.0125845e+06
   1.0130304e+06
   1.0134147e+06
   1.0138874e+06
   1.0145156e+06
   1.0150071e+06
   1.0154563e+06
   1.0158513e+06
   1.0162636e+06
   1.0168610e+06
   1.0172858e+06
   1.0177728e+06
   1.0183265e+06
   1.0188432e+06
   1.0195353e+06
   1.0603871e+06
   1.0608182e+06
   1.0615591e+06
   1.0619308e+06
   1.0623530e+06
   1.0627848e+06
   1.0632394e+06
   1.0636151e+06
   1.0640617e+06
   1.0645075e+06
   1.0649436e+06
   1.0654547e+06
   1.0660754e+06
   1.0665297e+06
   1.0676457e+06
   1.0681661e+06
   1.0687529e+06
   1.0692107e+06
   1.0696085e+06
   1.0699294e+06
   1.0702766e+06
   1.0707189e+06
   1.0713418e+06
   1.0718587e+06
   1.0724044e+06
   1.0729461e+06
   1.0733516e+06
   1.0737641e+06
   1.0746199e+06
   1.0750599e+06
   1.0758838e+06
   1.0766434e+06
   1.0775392e+06
   1.0782621e+06
   1.0798163e+06
   1.1205661e+06
   1.1209735e+06
   1.1220184e+06
   1.1224238e+06
   1.1230806e+06
   1.1236916e+06
   1.1241009e+06
   1.1245587e+06
   1.1256165e+06
   1.1261278e+06
   1.1267908e+06
   1.1281272e+06
   1.1285579e+06
   1.1289368e+06
   1.1306491e+06
   1.1312428e+06
   1.1316629e+06
   1.1323305e+06
   1.1328653e+06
   1.1333466e+06
   1.1338064e+06
   1.1350440e+06
   1.1356984e+06
   1.1362125e+06
   1.1367633e+06
   1.1372156e+06
   1.1376866e+06
   1.1382411e+06
   1.1390738e+06
   1.1395132e+06
   1.1805429e+06
   1.1813215e+06
   1.1817157e+06
   1.1819715e+06
   1.1827629e+06
   1.1836564e+06
   1.1843100e+06
   1.1855987e+06
   1.1861749e+06
   1.1867595e+06
   1.1879230e+06
   1.1891218e+06
   1.1906214e+06
   1.1909101e+06
   1.1914014e+06
   1.1920365e+06
   1.1925684e+06
   1.1966689e+06
   1.1978320e+06
   1.1988053e+06
   1.1994390e+06
   1.2405298e+06
   1.2410304e+06
   1.2415531e+06
   1.2420296e+06
   1.2427564e+06
   1.2430866e+06
   1.2437239e+06
   1.2447667e+06
   1.2451016e+06
   1.2456975e+06
   1.2462393e+06
   1.2469945e+06
   1.2478085e+06
   1.2483345e+06
   1.2488644e+06
   1.2492571e+06
   1.2498255e+06
   1.2502610e+06
   1.2506843e+06
   1.2511666e+06
   1.2515896e+06
   1.2521164e+06
   1.2525415e+06
   1.2530907e+06
   1.2537516e+06
   1.2545727e+06
   1.2549315e+06
   1.2559416e+06
   1.2565221e+06
   1.2571197e+06
   1.2580063e+06
   1.2587630e+06
   1.2593557e+06
   1.2597114e+06
   1.3004271e+06
   1.3008462e+06
   1.3015848e+06
   1.3020261e+06
   1.3025077e+06
   1.3028974e+06
   1.3036042e+06
   1.3039717e+06
   1.3046534e+06
   1.3051229e+06
   1.3060901e+06
   1.3069294e+06
   1.3074248e+06
   1.3083831e+06
   1.3087813e+06
   1.3091245e+06
   1.3094409e+06
   1.3098192e+06
   1.3105316e+06
   1.3109032e+06
   1.3112969e+06
   1.3145059e+06
   1.3148283e+06
   1.3153502e+06
   1.3159307e+06
   1.3164678e+06
   1.3173755e+06
   1.3182653e+06
   1.3189777e+06
   1.3193391e+06
   1.3199037e+06
   1.3605577e+06
   1.3614765e+06
   1.3619084e+06
   1.3629704e+06
   1.3637796e+06
   1.3644982e+06
   1.3651025e+06
   1.3658370e+06
   1.3662832e+06
   1.3668567e+06
   1.3676524e+06
   1.3683240e+06
   1.3687006e+06
   1.3690254e+06
   1.3693703e+06
   1.3715668e+06
   1.3721542e+06
   1.3729994e+06
   1.3734155e+06
   1.3744291e+06
   1.3748188e+06
   1.3755055e+06
   1.3760247e+06
   1.3763955e+06
   1.3770186e+06
   1.3775943e+06
   1.3779374e+06
   1.3784471e+06
   1.3787553e+06
   1.3792302e+06
   1.3796906e+06
   1.4207288e+06
   1.4211144e+06
   1.4224670e+06
   1.4230247e+06
   1.4235403e+06
   1.4239965e+06
   1.4244970e+06
   1.4248569e+06
   1.4253028e+06
   1.4257249e+06
   1.4261473e+06
   1.4266242e+06
   1.4269912e+06
   1.4278887e+06
   1.4288619e+06
   1.4293275e+06
   1.4297947e+06
   1.4304027e+06
   1.4306883e+06
   1.4310123e+06
   1.4314629e+06
   1.4319983e+06
   1.4323544e+06
   1.4328618e+06
   1.4333724e+06
   1.4337578e+06
   1.4352179e+06
   1.4360502e+06
   1.4366570e+06
   1.4371831e+06
   1.4377086e+06
   1.4385211e+06
   1.4395275e+06
   1.4804417e+06
   1.4809808e+06
   1.4813221e+06
   1.4817612e+06
   1.4825734e+06
   1.4830282e+06
   1.4835406e+06
   1.4839631e+06
   1.4842995e+06
   1.4848354e+06
   1.4852257e+06
   1.4855887e+06
   1.4860258e+06
   1.4865895e+06
   1.4874693e+06
   1.4880210e+06
   1.4886041e+06
   1.4890572e+06
   1.4897266e+06
   1.4903169e+06
   1.4908385e+06
   1.4913469e+06
   1.4917280e+06
   1.4923101e+06
   1.4931044e+06
   1.4936519e+06
   1.4944419e+06
   1.4952615e+06
   1.4957830e+06
   1.4962217e+06
   1.4971946e+06
   1.4985604e+06
   1.4989210e+06
   1.4994086e+06
   1.5408260e+06
   1.5414226e+06
   1.5418614e+06
   1.5438926e+06
   1.5444385e+06
   1.5452646e+06
   1.5456948e+06
   1.5461946e+06
   1.5469685e+06
   1.5472764e+06
   1.5481389e+06
   1.5485932e+06
   1.5491500e+06
   1.5495060e+06
   1.5500931e+06
   1.5505677e+06
   1.5511283e+06
   1.5515200e+06
   1.5520107e+06
   1.5525164e+06
   1.5529021e+06
   1.5533278e+06
   1.5539106e+06
   1.5545482e+06
   1.5557047e+06
   1.5565237e+06
   1.5576010e+06
   1.5581235e+06
   1.5587838e+06
   1.5593309e+06
   1.5597743e+06
   1.6009503e+06
   1.6015647e+06
   1.6023268e+06
   1.6026892e+06
   1.6033629e+06
   1.6036563e+06
   1.6041221e+06
   1.6049750e+06
   1.6054515e+06
   1.6059906e+06
   1.6065133e+06
   1.6074572e+06
   1.6078894e+06
   1.6083428e+06
   1.6089798e+06
   1.6095136e+06
   1.6100054e+06
   1.6104853e+06
   1.6110924e+06
   1.6117859e+06
   1.6125613e+06
   1.6129689e+06
   1.6134560e+06
   1.6139156e+06
   1.6144984e+06
   1.6151870e+06
   1.6158326e+06
   1.6164132e+06
   1.6168820e+06
   1.6176403e+06
   1.6181496e+06
   1.6189145e+06
   1.6606386e+06
   1.6609915e+06
   1.6618790e+06
   1.6624331e+06
   1.6628899e+06
   1.6635482e+06
   1.6640494e+06
   1.6644287e+06
   1.6648847e+06
   1.6652919e+06
   1.6657476e+06
   1.6660724e+06
   1.6669721e+06
   1.6682188e+06
   1.6687951e+06
   1.6691586e+06
   1.6697545e+06
   1.6705963e+06
   1.6712134e+06
   1.6717572e+06
   1.6724353e+06
   1.6736753e+06
   1.6745028e+06
   1.6748662e+06
   1.6754039e+06
   1.6758158e+06
   1.6763126e+06
   1.6767816e+06
   1.6771540e+06
   1.6774434e+06
   1.6778500e+06
   1.6784536e+06
   1.6788192e+06
   1.6793091e+06
   1.6797186e+06
   1.7208690e+06
   1.7218307e+06
   1.7221780e+06
   1.7230646e+06
   1.7241491e+06
   1.7246621e+06
   1.7267410e+06
   1.7274553e+06
   1.7279323e+06
   1.7288048e+06
   1.7294637e+06
   1.7300171e+06
   1.7304103e+06
   1.7309400e+06
   1.7313038e+06
   1.7334657e+06
   1.7345118e+06
   1.7349601e+06
   1.7355293e+06
   1.7359600e+06
   1.7369596e+06
   1.7373808e+06
   1.7380067e+06
   1.7389796e+06
   1.7395503e+06
   1.7806086e+06
   1.7811096e+06
   1.7816951e+06
   1.7821998e+06
   1.7827227e+06
   1.7830430e+06
   1.7836886e+06
   1.7845588e+06
   1.7851268e+06
   1.7855541e+06
   1.7864215e+06
   1.7874248e+06
   1.7880370e+06
   1.7884527e+06
   1.7896544e+06
   1.7903244e+06
   1.7908759e+06
   1.7912334e+06
   1.7917606e+06
   1.7920912e+06
   1.7928060e+06
   1.7933221e+06
   1.7939238e+06
   1.7944253e+06
   1.7951542e+06
   1.7957666e+06
   1.7965383e+06
   1.7979947e+06
   1.7985415e+06
   1.7993167e+06
   1.8404901e+06
   1.8409060e+06
   1.8413231e+06
   1.8421724e+06
   1.8425740e+06
   1.8432015e+06
   1.8437828e+06
   1.8441385e+06
   1.8449919e+06
   1.8454776e+06
   1.8459418e+06
   1.8463651e+06
   1.8467436e+06
   1.8476540e+06
   1.8484312e+06
   1.8493333e+06
   1.8502507e+06
   1.8512158e+06
   1.8517776e+06
   1.8524908e+06
   1.8530598e+06
   1.8536353e+06
   1.8556822e+06
   1.8561541e+06
   1.8564794e+06
   1.8567810e+06
   1.8572251e+06
   1.8576326e+06
   1.8580656e+06
   1.8585978e+06
   1.8588766e+06
   1.8593717e+06
   1.8597834e+06
   1.9007239e+06
   1.9011209e+06
   1.9017030e+06
   1.9052323e+06
   1.9058411e+06
   1.9063326e+06
   1.9068273e+06
   1.9076693e+06
   1.9084623e+06
   1.9092152e+06
   1.9099413e+06
   1.9103158e+06
   1.9109840e+06
   1.9115952e+06
   1.9122508e+06
   1.9129456e+06
   1.9135127e+06
   1.9145476e+06
   1.9150259e+06
   1.9155052e+06
   1.9158798e+06
   1.9163639e+06
   1.9167579e+06
   1.9173081e+06
   1.9177652e+06
   1.9182426e+06
   1.9187004e+06
   1.9191181e+06
   1.9195252e+06
   1.9199163e+06
   6.0444999e+04
   6.1019193e+04
   6.1752696e+04
   6.2374795e+04
   6.2933027e+04
   6.3932065e+04
   6.5075225e+04
   6.5965731e+04
   6.6505251e+04
   6.6992065e+04
   6.7561663e+04
   6.8175478e+04
   6.8642122e+04
   6.9150582e+04
   6.9743569e+04
   7.0386614e+04
   7.0824338e+04
   7.1512521e+04
   7.2211205e+04
   7.3327675e+04
   7.4458374e+04
   7.5444820e+04
   7.6441234e+04
   7.7019643e+04
   7.7579460e+04
   7.8129839e+04
   7.9775209e+04
   8.0322941e+04
   8.1226458e+04
   8.1933017e+04
   8.2494274e+04
   8.3086150e+04
   8.4022181e+04
   8.4563543e+04
   8.4979835e+04
   8.6848663e+04
   8.7967760e+04
   8.8628122e+04
   8.9694215e+04
   9.0903012e+04
   9.1397428e+04
   9.2125029e+04
   9.2752846e+04
   9.3658872e+04
   9.4058459e+04
   9.9720242e+04
   1.2041092e+05
   1.2189399e+05
   1.2350486e+05
   1.2470804e+05
   1.2524219e+05
   1.2560564e+05
   1.2626512e+05
   1.2724886e+05
   1.2780503e+05
   1.2873581e+05
   1.2924172e+05
   1.3002552e+05
   1.3121694e+05
   1.3242980e+05
   1.3542077e+05
   1.3588447e+05
   1.3643898e+05
   1.3694454e+05
   1.3748274e+05
   1.3818079e+05
   1.3887537e+05
   1.3944085e+05
   1.4018116e+05
   1.4120280e+05
   1.4166203e+05
   1.5370733e+05
   1.5443844e+05
   1.5501867e+05
   1.5729060e+05
   1.5807730e+05
   1.5873240e+05
   1.5955841e+05
   1.5999207e+05
   1.8053437e+05
   1.8140856e+05
   1.8253539e+05
   1.8311619e+05
   1.8354504e+05
   1.8387446e+05
   1.8439603e+05
   1.8586553e+05
   1.8646083e+05
   1.8700942e+05
   1.8800838e+05
   1.8850167e+05
   1.8918316e+05
   1.8965048e+05
   1.9026017e+05
   1.9064316e+05
   1.9107768e+05
   1.9162248e+05
   1.9217242e+05
   1.9267823e+05
   1.9336599e+05
   1.9390966e+05
   1.9427647e+05
   1.9521505e+05
   1.9572997e+05
   1.9631144e+05
   1.9709588e+05
   1.9767664e+05
   1.9815547e+05
   1.9880548e+05
   1.9977043e+05
   2.0036515e+05
   2.0088943e+05
   2.0141438e+05
   2.0230970e+05
   2.0317645e+05
   2.0413816e+05
   2.0528398e+05
   2.0599806e+05
   2.0643342e+05
   2.0768101e+05
   2.0848627e+05
   2.0930142e+05
   2.1001648e+05
   2.1045409e+05
   2.1195776e+05
   2.1248595e+05
   2.1305401e+05
   2.1340508e+05
   2.1447539e+05
   2.1511253e+05
   2.1571702e+05
   2.1633996e+05
   2.1715367e+05
   2.1775257e+05
   2.1834442e+05
   2.1885968e+05
   2.1935251e+05
   2.1985426e+05
   2.4076904e+05
   2.4145640e+05
   2.4222819e+05
   2.4271260e+05
   2.4311461e+05
   2.4449934e+05
   2.4497387e+05
   2.4595436e+05
   2.4649691e+05
   2.4711046e+05
   2.4867466e+05
   2.4918459e+05
   2.5022018e+05
   2.5131179e+05
   2.5182055e+05
   2.5216394e+05
   2.5268977e+05
   2.5399544e+05
   2.5464677e+05
   2.5623875e+05
   2.5878840e+05
   2.5961380e+05
   2.6025442e+05
   2.6114280e+05
   2.6160224e+05
   2.6207994e+05
   2.6263025e+05
   2.6383887e+05
   2.6473789e+05
   2.6542891e+05
   2.6717884e+05
   2.6806070e+05
   2.6880851e+05
   2.7065189e+05
   2.7139072e+05
   2.7299978e+05
   2.7450534e+05
   2.7538211e+05
   2.7593746e+05
   2.7658731e+05
   2.7698497e+05
   2.7743221e+05
   2.7783341e+05
   2.7917903e+05
   2.7977861e+05
   3.0067041e+05
   3.0117386e+05
   3.0187639e+05
   3.0217653e+05
   3.0306327e+05
   3.0396793e+05
   3.0494389e+05
   3.0547742e+05
   3.0587550e+05
   3.0645513e+05
   3.0709476e+05
   3.0753606e+05
   3.0817475e+05
   3.0964629e+05
   3.1021143e+05
   3.1079825e+05
   3.1342214e+05
   3.1402886e+05
   3.1484578e+05
   3.1550505e+05
   3.1649225e+05
   3.1692189e+05
   3.1749606e+05
   3.1822250e+05
   3.1916129e+05
   3.1972051e+05
   3.2030697e+05
   3.2071242e+05
   3.2211998e+05
   3.2529024e+05
   3.2578065e+05
   3.2638425e+05
   3.2838189e+05
   3.2889843e+05
   3.2945895e+05
   3.2998906e+05
   3.3161721e+05
   3.3288027e+05
   3.3350191e+05
   3.3407217e+05
   3.3497216e+05
   3.3558279e+05
   3.3661222e+05
   3.3716900e+05
   3.3789120e+05
   3.3877290e+05
   3.3919735e+05
   3.6067512e+05
   3.6107680e+05
   3.6162882e+05
   3.6224306e+05
   3.6294604e+05
   3.6381895e+05
   3.6433564e+05
   3.6496620e+05
   3.6557018e+05
   3.6612693e+05
   3.6651664e+05
   3.6730455e+05
   3.6783997e+05
   3.6883406e+05
   3.6933490e+05
   3.6992319e+05
   3.7029562e+05
   3.7149085e+05
   3.7203416e+05
   3.7266382e+05
   3.7309720e+05
   3.7353643e+05
   3.7452898e+05
   3.7516869e+05
   3.7574565e+05
   3.7638167e+05
   3.7698163e+05
   3.7791983e+05
   3.7967567e+05
   3.8029346e+05
   3.8071248e+05
   3.8146947e+05
   3.8206271e+05
   3.8258080e+05
   3.8325326e+05
   3.8369233e+05
   3.8445394e+05
   3.8500293e+05
   3.8580440e+05
   3.8648593e+05
   3.8715132e+05
   3.8768618e+05
   3.8876634e+05
   3.8918350e+05
   3.8965564e+05
   3.9045858e+05
   4.2062765e+05
   4.2133054e+05
   4.2253134e+05
   4.2434634e+05
   4.2505039e+05
   4.2550653e+05
   4.2595893e+05
   4.2666410e+05
   4.2751334e+05
   4.2811279e+05
   4.2871546e+05
   4.2931052e+05
   4.3446922e+05
   4.3516156e+05
   4.3556605e+05
   4.3603900e+05
   4.3728958e+05
   4.3778767e+05
   4.3853195e+05
   4.3925441e+05
   4.3996473e+05
   4.4061164e+05
   4.4122774e+05
   4.4588420e+05
   4.4645114e+05
   4.4706181e+05
   4.4770634e+05
   4.4808890e+05
   4.4915503e+05
   4.4963541e+05
   4.4998291e+05
   4.5042094e+05
   4.5094296e+05
   4.5247539e+05
   4.5315130e+05
   4.5624822e+05
   4.5692983e+05
   4.5757813e+05
   4.5821928e+05
   4.5945353e+05
   4.5987585e+05
   4.8080007e+05
   4.8159918e+05
   4.8215867e+05
   4.8275282e+05
   4.8414558e+05
   4.8475474e+05
   4.8520859e+05
   4.8574951e+05
   4.8655948e+05
   4.8774300e+05
   4.8838463e+05
   4.8916065e+05
   4.8961771e+05
   4.9035229e+05
   4.9108822e+05
   4.9161994e+05
   4.9224674e+05
   4.9302889e+05
   4.9364025e+05
   4.9443710e+05
   4.9513469e+05
   4.9568658e+05
   4.9632853e+05
   4.9729184e+05
   4.9851674e+05
   4.9894145e+05
   4.9971716e+05
   5.0064428e+05
   5.0110549e+05
   5.0298849e+05
   5.0428928e+05
   5.0526946e+05
   5.0657241e+05
   5.0730440e+05
   5.0776577e+05
   5.0827366e+05
   5.0899092e+05
   5.0957164e+05
   5.1053193e+05
   5.1105783e+05
   5.1146005e+05
   5.1217217e+05
   5.1267635e+05
   5.1313025e+05
   5.1406763e+05
   5.1457488e+05
   5.1523900e+05
   5.4496540e+05
   5.4569047e+05
   5.4630525e+05
   5.4706938e+05
   5.4871054e+05
   5.4939632e+05
   5.4986757e+05
   5.5041438e+05
   5.5084830e+05
   5.5135015e+05
   5.5181002e+05
   5.5236968e+05
   5.5494243e+05
   5.5571797e+05
   5.5737383e+05
   5.6085307e+05
   5.6292812e+05
   5.6394086e+05
   5.6445864e+05
   5.6558916e+05
   5.6616076e+05
   5.6653484e+05
   5.6712759e+05
   5.6774917e+05
   5.6815168e+05
   5.6903699e+05
   5.6965152e+05
   5.6999004e+05
   5.7074751e+05
   5.7161225e+05
   5.7204709e+05
   5.7318978e+05
   5.7518380e+05
   5.7603641e+05
   5.7641107e+05
   5.7707385e+05
   5.7775882e+05
   5.7863483e+05
   5.7909753e+05
   5.7956177e+05
   7.8064931e+05
   7.8106116e+05
   7.8178137e+05
   7.8253083e+05
   7.8408974e+05
   7.8438940e+05
   7.8533470e+05
   7.8575483e+05
   7.8623916e+05
   7.8694584e+05
   7.8737040e+05
   7.8798961e+05
   7.8841418e+05
   7.8899804e+05
   7.9031786e+05
   7.9114553e+05
   7.9147327e+05
   7.9250460e+05
   7.9284538e+05
   7.9370422e+05
   7.9458968e+05
   7.9516268e+05
   7.9639054e+05
   7.9708130e+05
   7.9753427e+05
   7.9802418e+05
   7.9849642e+05
   7.9930295e+05
   8.0002954e+05
   8.0054995e+05
   8.0138202e+05
   8.0241316e+05
   8.0319387e+05
   8.0432174e+05
   8.0494240e+05
   8.0541278e+05
   8.0599450e+05
   8.0699905e+05
   8.0757644e+05
   8.0828441e+05
   8.0877643e+05
   8.0958661e+05
   8.1006135e+05
   8.1049352e+05
   8.1112964e+05
   8.1154623e+05
   8.1216380e+05
   8.1313059e+05
   8.1362994e+05
   8.1446768e+05
   8.1514899e+05
   8.1583352e+05
   8.1630838e+05
   8.1684371e+05
   8.1715661e+05
   8.1768325e+05
   8.1814511e+05
   8.1894109e+05
   8.1956164e+05
   8.4044956e+05
   8.4100761e+05
   8.4137507e+05
   8.4197885e+05
   8.4289554e+05
   8.4397433e+05
   8.4429660e+05
   8.4546672e+05
   8.4585021e+05
   8.4641412e+05
   8.4707680e+05
   8.4815248e+05
   9.0087960e+05
   9.0168161e+05
   9.0221927e+05
   9.0274290e+05
   9.0330548e+05
   9.0383096e+05
   9.0443561e+05
   9.0490474e+05
   9.0526883e+05
   9.0571657e+05
   9.0617327e+05
   9.0702464e+05
   9.0758298e+05
   9.0795694e+05
   9.0924067e+05
   9.0980537e+05
   9.1123654e+05
   9.1180754e+05
   9.1254652e+05
   9.1324395e+05
   9.1375236e+05
   9.1457589e+05
   9.1536016e+05
   9.1604325e+05
   9.1650971e+05
   9.1715957e+05
   9.1813460e+05
   9.1876229e+05
   9.1947949e+05
   9.2020220e+05
   9.2060653e+05
   9.2199702e+05
   9.2310591e+05
   9.2353824e+05
   9.2424978e+05
   9.2471891e+05
   9.2525862e+05
   9.2583517e+05
   9.2631828e+05
   9.2722008e+05
   9.2770396e+05
   9.2867656e+05
   9.2958165e+05
   9.3019984e+05
   9.3070089e+05
   9.3112443e+05
   9.3236372e+05
   9.3317677e+05
   9.3381461e+05
   9.3432326e+05
   9.3481773e+05
   9.3551171e+05
   9.3609300e+05
   9.3681499e+05
   9.3744504e+05
   9.3790663e+05
   9.3859089e+05
   9.3921831e+05
   9.6039632e+05
   9.6236410e+05
   9.6313449e+05
   9.6379699e+05
   9.6432860e+05
   9.6488198e+05
   9.6697765e+05
   9.6789681e+05
   9.6864808e+05
   9.6916070e+05
   9.6950059e+05
   9.7004576e+05
   9.7198746e+05
   9.7277195e+05
   9.7325147e+05
   9.7397890e+05
   9.7514287e+05
   9.7579270e+05
   9.7646865e+05
   9.7693604e+05
   9.7839987e+05
   9.7922033e+05
   9.8114292e+05
   9.8149708e+05
   9.8204839e+05
   9.8247476e+05
   9.8366914e+05
   9.8453642e+05
   9.8497334e+05
   9.8552359e+05
   9.8594455e+05
   9.8658721e+05
   9.8872380e+05
   9.8910192e+05
   9.9008987e+05
   9.9068966e+05
   9.9142435e+05
   9.9179765e+05
   9.9258248e+05
   9.9380903e+05
   9.9418765e+05
   9.9528257e+05
   9.9600398e+05
   9.9695102e+05
   9.9730893e+05
   9.9790181e+05
   9.9848713e+05
   9.9927835e+05
   9.9983017e+05
   1.0212115e+06
   1.0217347e+06
   1.0226804e+06
   1.0231421e+06
   1.0236527e+06
   1.0242978e+06
   1.0254923e+06
   1.0262641e+06
   1.0267945e+06
   1.0284221e+06
   1.0291715e+06
   1.0295569e+06
   1.0302775e+06
   1.0313124e+06
   1.0316997e+06
   1.0322548e+06
   1.0330496e+06
   1.0341651e+06
   1.0346988e+06
   1.0352363e+06
   1.0359957e+06
   1.0372124e+06
   1.0377733e+06
   1.0383601e+06
   1.0388189e+06
   1.0394211e+06
   1.0401193e+06
   1.0407269e+06
   1.0413773e+06
   1.0419402e+06
   1.0425977e+06
   1.0431083e+06
   1.0437708e+06
   1.0442024e+06
   1.0447853e+06
   1.0451529e+06
   1.0456636e+06
   1.0462233e+06
   1.0466773e+06
   1.0474476e+06
   1.0483822e+06
   1.0488936e+06
   1.0494416e+06
   1.0500345e+06
   1.0503789e+06
   1.0512015e+06
   1.0520256e+06
   1.0533057e+06
   1.0539445e+06
   1.0555353e+06
   1.0560590e+06
   1.0566885e+06
   1.0573625e+06
   1.0579594e+06
   1.0590087e+06
   1.0599099e+06
   1.0807437e+06
   1.0816038e+06
   1.0822527e+06
   1.0835470e+06
   1.0849544e+06
   1.0853386e+06
   1.0858233e+06
   1.0864112e+06
   1.0868607e+06
   1.0874083e+06
   1.0879146e+06
   1.0902934e+06
   1.0916570e+06
   1.0922716e+06
   1.0928459e+06
   1.0933083e+06
   1.0937746e+06
   1.0946624e+06
   1.0952442e+06
   1.0960072e+06
   1.0964954e+06
   1.0969286e+06
   1.0975391e+06
   1.0990415e+06
   1.0997346e+06
   1.1005767e+06
   1.1013120e+06
   1.1022203e+06
   1.1031564e+06
   1.1037462e+06
   1.1045696e+06
   1.1057526e+06
   1.1062074e+06
   1.1068776e+06
   1.1074641e+06
   1.1078454e+06
   1.1083145e+06
   1.1088268e+06
   1.1095579e+06
   1.1102585e+06
   1.1107159e+06
   1.1118424e+06
   1.1125887e+06
   1.1131267e+06
   1.1135914e+06
   1.1139380e+06
   1.1145607e+06
   1.1153535e+06
   1.1165920e+06
   1.1173501e+06
   1.1189936e+06
   1.1198986e+06
   1.1430749e+06
   1.1435431e+06
   1.1442456e+06
   1.1451266e+06
   1.1466926e+06
   1.1476066e+06
   1.1481063e+06
   1.1486758e+06
   1.1497901e+06
   1.1519807e+06
   1.1526893e+06
   1.1533166e+06
   1.1541285e+06
   1.1547081e+06
   1.1554071e+06
   1.1559585e+06
   1.1564563e+06
   1.1569657e+06
   1.1574111e+06
   1.1580202e+06
   1.1584879e+06
   1.1588424e+06
   1.1592336e+06
   1.1599243e+06
   1.1603745e+06
   1.1608717e+06
   1.1614920e+06
   1.1619453e+06
   1.1630169e+06
   1.1638657e+06
   1.1643520e+06
   1.1649279e+06
   1.1653840e+06
   1.1660143e+06
   1.1692237e+06
   1.1699343e+06
   1.1705270e+06
   1.1711814e+06
   1.1719121e+06
   1.1724814e+06
   1.1731204e+06
   1.1738604e+06
   1.1745471e+06
   1.1752108e+06
   1.1757722e+06
   1.1762511e+06
   1.1765930e+06
   1.1771843e+06
   1.1777640e+06
   1.1783761e+06
   1.1790765e+06
   1.1796522e+06
   1.1799848e+06
   1.2007988e+06
   1.2013221e+06
   1.2020268e+06
   1.2031144e+06
   1.2036941e+06
   1.2043996e+06
   1.2055199e+06
   1.2061220e+06
   1.2068835e+06
   1.2073198e+06
   1.2077324e+06
   1.2082133e+06
   1.2087726e+06
   1.2092585e+06
   1.2098561e+06
   1.2109224e+06
   1.2114107e+06
   1.2124717e+06
   1.2129621e+06
   1.2137495e+06
   1.2141934e+06
   1.2148045e+06
   1.2153223e+06
   1.2191869e+06
   1.2226063e+06
   1.2236269e+06
   1.2240793e+06
   1.2246567e+06
   1.2251870e+06
   1.2256923e+06
   1.2265792e+06
   1.2272546e+06
   1.2278575e+06
   1.2356440e+06
   1.2361771e+06
   1.2365636e+06
   1.2379619e+06
   1.2384099e+06
   1.2390426e+06
   1.2397763e+06
   1.2612763e+06
   1.2619523e+06
   1.2663690e+06
   1.2668490e+06
   1.2677657e+06
   1.2684867e+06
   1.2694961e+06
   1.2701368e+06
   1.2707130e+06
   1.2728529e+06
   1.2737799e+06
   1.2743033e+06
   1.2753436e+06
   1.2758721e+06
   1.2770833e+06
   1.2788665e+06
   1.2798195e+06
   1.2804733e+06
   1.2808481e+06
   1.2819281e+06
   1.2826597e+06
   1.2834406e+06
   1.2839504e+06
   1.2845218e+06
   1.2850410e+06
   1.2856907e+06
   1.2863497e+06
   1.2869603e+06
   1.2878275e+06
   1.2883166e+06
   1.2888459e+06
   1.2892973e+06
   1.2899977e+06
   1.2904652e+06
   1.2909143e+06
   1.2915084e+06
   1.2920275e+06
   1.2928059e+06
   1.2932097e+06
   1.2939374e+06
   1.2947708e+06
   1.2955370e+06
   1.2959849e+06
   1.2968427e+06
   1.2976094e+06
   1.2981614e+06
   1.2986705e+06
   1.2994977e+06
   1.3206252e+06
   1.3211709e+06
   1.3215112e+06
   1.3220854e+06
   1.3231544e+06
   1.3236506e+06
   1.3247606e+06
   1.3253240e+06
   1.3258718e+06
   1.3281531e+06
   1.3287588e+06
   1.3292483e+06
   1.3305175e+06
   1.3309762e+06
   1.3316313e+06
   1.3323735e+06
   1.3327141e+06
   1.3333649e+06
   1.3340255e+06
   1.3345478e+06
   1.3362353e+06
   1.3371060e+06
   1.3378182e+06
   1.3383297e+06
   1.3397409e+06
   1.3405887e+06
   1.3412885e+06
   1.3421887e+06
   1.3429054e+06
   1.3435222e+06
   1.3439071e+06
   1.3448170e+06
   1.3454138e+06
   1.3459307e+06
   1.3466093e+06
   1.3473650e+06
   1.3478229e+06
   1.3497546e+06
   1.3503983e+06
   1.3513388e+06
   1.3521645e+06
   1.3544426e+06
   1.3549803e+06
   1.3555269e+06
   1.3562834e+06
   1.3574933e+06
   1.3585074e+06
   1.3589513e+06
   1.3597830e+06
   1.3806945e+06
   1.3811946e+06
   1.3823695e+06
   1.3831412e+06
   1.3834480e+06
   1.3843437e+06
   1.3847793e+06
   1.3852477e+06
   1.3858416e+06
   1.3863975e+06
   1.3870560e+06
   1.3875818e+06
   1.3887467e+06
   1.3899864e+06
   1.3903565e+06
   1.3909907e+06
   1.3913878e+06
   1.3926061e+06
   1.3931017e+06
   1.3935291e+06
   1.3939674e+06
   1.3946130e+06
   1.3950852e+06
   1.3963287e+06
   1.3968612e+06
   1.3974393e+06
   1.3980043e+06
   1.3985187e+06
   1.3989742e+06
   1.4002405e+06
   1.4012322e+06
   1.4019521e+06
   1.4029521e+06
   1.4044649e+06
   1.4053823e+06
   1.4062223e+06
   1.4066249e+06
   1.4086950e+06
   1.4094316e+06
   1.4109862e+06
   1.4115515e+06
   1.4123389e+06
   1.4136907e+06
   1.4144336e+06
   1.4150660e+06
   1.4157086e+06
   1.4162792e+06
   1.4178540e+06
   1.4182743e+06
   1.4194193e+06
   1.4199912e+06
   1.4404090e+06
   1.4408129e+06
   1.4415554e+06
   1.4421627e+06
   1.4426535e+06
   1.4429912e+06
   1.4441696e+06
   1.4452252e+06
   1.4456755e+06
   1.4463856e+06
   1.4470721e+06
   1.4478613e+06
   1.4484428e+06
   1.4491260e+06
   1.4506809e+06
   1.4520767e+06
   1.4526191e+06
   1.4532244e+06
   1.4538165e+06
   1.4554754e+06
   1.4560992e+06
   1.4565651e+06
   1.4572457e+06
   1.4578953e+06
   1.4592315e+06
   1.4596824e+06
   1.4601634e+06
   1.4607715e+06
   1.4614656e+06
   1.4620838e+06
   1.4626149e+06
   1.4631414e+06
   1.4638045e+06
   1.4642749e+06
   1.4652197e+06
   1.4656173e+06
   1.4702590e+06
   1.4709464e+06
   1.4719319e+06
   1.4725448e+06
   1.4736654e+06
   1.4743128e+06
   1.4750940e+06
   1.4766718e+06
   1.4782810e+06
   1.4789027e+06
   1.5011024e+06
   1.5017293e+06
   1.5021016e+06
   1.5024188e+06
   1.5028735e+06
   1.5034557e+06
   1.5043153e+06
   1.5047024e+06
   1.5053987e+06
   1.5059899e+06
   1.5066384e+06
   1.5081532e+06
   1.5085132e+06
   1.5098698e+06
   1.5105697e+06
   1.5111225e+06
   1.5121118e+06
   1.5135087e+06
   1.5138996e+06
   1.5148671e+06
   1.5154655e+06
   1.5163219e+06
   1.5171114e+06
   1.5176691e+06
   1.5183136e+06
   1.5195013e+06
   1.5202163e+06
   1.5207770e+06
   1.5212863e+06
   1.5221719e+06
   1.5227669e+06
   1.5235665e+06
   1.5239933e+06
   1.5250676e+06
   1.5257218e+06
   1.5269845e+06
   1.5276325e+06
   1.5285998e+06
   1.5290847e+06
   1.5295139e+06
   1.5300291e+06
   1.5308258e+06
   1.5323787e+06
   1.5332929e+06
   1.5340890e+06
   1.5347176e+06
   1.5352677e+06
   1.5358599e+06
   1.5362902e+06
   1.5368218e+06
   1.5372653e+06
   1.5377448e+06
   1.5384915e+06
   1.5389849e+06
   1.5394991e+06
   1.5398770e+06
   1.5604525e+06
   1.5610288e+06
   1.5634491e+06
   1.5639992e+06
   1.5647795e+06
   1.5651964e+06
   1.5656414e+06
   1.5661237e+06
   1.5664465e+06
   1.5669541e+06
   1.5676200e+06
   1.5681456e+06
   1.5686938e+06
   1.5691429e+06
   1.5698502e+06
   1.5705177e+06
   1.5710379e+06
   1.5715686e+06
   1.5719530e+06
   1.5724421e+06
   1.5731293e+06
   1.5748136e+06
   1.5754100e+06
   1.5759251e+06
   1.5765418e+06
   1.5790373e+06
   1.5796223e+06
   1.5803977e+06
   1.5809618e+06
   1.5819859e+06
   1.5831375e+06
   1.5836013e+06
   1.5843128e+06
   1.5851253e+06
   1.5856130e+06
   1.5889162e+06
   1.5897359e+06
   1.5903669e+06
   1.5907681e+06
   1.5917442e+06
   1.5922124e+06
   1.5926863e+06
   1.5937015e+06
   1.5940964e+06
   1.5947222e+06
   1.5954071e+06
   1.5962799e+06
   1.5968786e+06
   1.5974216e+06
   1.5981561e+06
   1.5990918e+06
   1.5994848e+06
   1.6204276e+06
   1.6208912e+06
   1.6220184e+06
   1.6226345e+06
   1.6232200e+06
   1.6240794e+06
   1.6246654e+06
   1.6251393e+06
   1.6256336e+06
   1.6261055e+06
   1.6267697e+06
   1.6281699e+06
   1.6287004e+06
   1.6299252e+06
   1.6304597e+06
   1.6311331e+06
   1.6316408e+06
   1.6320049e+06
   1.6331689e+06
   1.6337584e+06
   1.6341498e+06
   1.6348716e+06
   1.6362386e+06
   1.6378962e+06
   1.6383565e+06
   1.6389536e+06
   1.6394944e+06
   1.6403048e+06
   1.6406658e+06
   1.6412650e+06
   1.6418682e+06
   1.6432740e+06
   1.6438085e+06
   1.6442811e+06
   1.6447708e+06
   1.6461417e+06
   1.6471721e+06
   1.6480568e+06
   1.6484236e+06
   1.6488463e+06
   1.6492044e+06
   1.6497923e+06
   1.6504834e+06
   1.6511649e+06
   1.6517600e+06
   1.6524572e+06
   1.6531129e+06
   1.6535444e+06
   1.6541838e+06
   1.6547047e+06
   1.6555862e+06
   1.6562596e+06
   1.6569443e+06
   1.6573204e+06
   1.6579040e+06
   1.6587219e+06
   1.6593250e+06
   1.6598138e+06
   1.6808335e+06
   1.6812573e+06
   1.6819255e+06
   1.6825805e+06
   1.6834523e+06
   1.6838896e+06
   1.6845033e+06
   1.6853498e+06
   1.6866960e+06
   1.6879131e+06
   1.6884997e+06
   1.6892014e+06
   1.6899026e+06
   1.6903267e+06
   1.6909842e+06
   1.6917835e+06
   1.6922746e+06
   1.6932443e+06
   1.6937607e+06
   1.6942228e+06
   1.6950561e+06
   1.6956783e+06
   1.6969079e+06
   1.6977237e+06
   1.6984214e+06
   1.7012048e+06
   1.7017385e+06
   1.7051304e+06
   1.7061911e+06
   1.7066159e+06
   1.7072039e+06
   1.7078121e+06
   1.7086456e+06
   1.7172338e+06
   1.7177464e+06
   1.7186838e+06
   1.7190713e+06
   1.7194224e+06
   1.7406133e+06
   1.7416760e+06
   1.7422809e+06
   1.7428394e+06
   1.7437755e+06
   1.7442607e+06
   1.7449215e+06
   1.7454043e+06
   1.7459892e+06
   1.7465980e+06
   1.7480380e+06
   1.7487743e+06
   1.7494127e+06
   1.7502957e+06
   1.7506547e+06
   1.7514153e+06
   1.7518608e+06
   1.7524048e+06
   1.7531450e+06
   1.7535940e+06
   1.7542450e+06
   1.7548466e+06
   1.7554196e+06
   1.7561496e+06
   1.7567159e+06
   1.7572448e+06
   1.7577991e+06
   1.7582719e+06
   1.7586664e+06
   1.7593281e+06
   1.7598733e+06
   1.7606840e+06
   1.7610499e+06
   1.7619158e+06
   1.7624972e+06
   1.7653525e+06
   1.7658484e+06
   1.7663079e+06
   1.7674332e+06
   1.7685717e+06
   1.7695225e+06
   1.7704347e+06
   1.7708037e+06
   1.7713431e+06
   1.7719855e+06
   1.7726669e+06
   1.7732931e+06
   1.7740720e+06
   1.7746418e+06
   1.7751117e+06
   1.7757333e+06
   1.7766231e+06
   1.7776110e+06
   1.7782701e+06
   1.7787591e+06
   1.7792500e+06
   1.8004124e+06
   1.8012648e+06
   1.8018441e+06
   1.8024296e+06
   1.8031753e+06
   1.8035845e+06
   1.8042282e+06
   1.8058225e+06
   1.8070529e+06
   1.8074348e+06
   1.8079902e+06
   1.8084491e+06
   1.8088561e+06
   1.8092576e+06
   1.8102791e+06
   1.8107287e+06
   1.8111244e+06
   1.8117798e+06
   1.8129744e+06
   1.8134191e+06
   1.8140422e+06
   1.8147744e+06
   1.8161171e+06
   1.8168407e+06
   1.8172702e+06
   1.8178179e+06
   1.8207840e+06
   1.8217158e+06
   1.8225113e+06
   1.8231959e+06
   1.8239636e+06
   1.8246122e+06
   1.8254090e+06
   1.8258827e+06
   1.8272780e+06
   1.8277663e+06
   1.8283291e+06
   1.8288346e+06
   1.8293988e+06
   1.8299436e+06
   1.8312224e+06
   1.8316649e+06
   1.8322513e+06
   1.8327371e+06
   1.8331074e+06
   1.8348656e+06
   1.8357836e+06
   1.8363021e+06
   1.8369254e+06
   1.8375778e+06
   1.8383721e+06
   1.8388965e+06
   1.8394091e+06
   1.8606111e+06
   1.8609641e+06
   1.8614004e+06
   1.8619749e+06
   1.8626222e+06
   1.8630462e+06
   1.8637198e+06
   1.8644857e+06
   1.8648763e+06
   1.8658611e+06
   1.8663119e+06
   1.8668069e+06
   1.8676572e+06
   1.8684559e+06
   1.8692075e+06
   1.8696644e+06
   1.8702940e+06
   1.8709937e+06
   1.8714166e+06
   1.8719849e+06
   1.8724517e+06
   1.8731419e+06
   1.8740548e+06
   1.8747803e+06
   1.8756345e+06
   1.8765961e+06
   1.8773782e+06
   1.8781015e+06
   1.8785944e+06
   1.8794305e+06
   1.8798842e+06
   1.8802831e+06
   1.8811741e+06
   1.8818401e+06
   1.8828202e+06
   1.8836375e+06
   1.8845323e+06
   1.8850580e+06
   1.8855436e+06
   1.8860303e+06
   1.8866762e+06
   1.8870262e+06
   1.8875940e+06
   1.8891860e+06
   1.8897494e+06
   1.8906165e+06
   1.8913981e+06
   1.8921964e+06
   1.8927418e+06
   1.8938389e+06
   1.8949727e+06
   1.8955065e+06
   1.8962176e+06
   1.8967622e+06
   1.8975681e+06
   1.8991184e+06
   1.8995647e+06
   1.8317098e+06
   1.8325919e+06
   1.8329823e+06
   1.8339796e+06
   1.8367934e+06
   1.8373082e+06
   1.8381661e+06
   1.8385121e+06
   1.8390373e+06
   1.8395360e+06
   1.8615787e+06
   1.8619730e+06
   1.8625459e+06
   1.8629272e+06
   1.8633553e+06
   1.8638770e+06
   1.8645044e+06
   1.8649454e+06
   1.8660477e+06
   1.8673440e+06
   1.8679017e+06
   1.8684679e+06
   1.8690981e+06
   1.8695905e+06
   1.8701072e+06
   1.8707079e+06
   1.8715644e+06
   1.8728695e+06
   1.8733458e+06
   1.8737760e+06
   1.8742221e+06
   1.8748313e+06
   1.8753343e+06
   1.8761477e+06
   1.8849747e+06
   1.8852971e+06
   1.8858151e+06
   1.8863911e+06
   1.8870602e+06
   1.8875896e+06
   1.8887701e+06
   1.8895856e+06
   1.8900813e+06
   1.8908470e+06
   1.8915330e+06
   1.8950578e+06
   1.8956515e+06
   1.8963039e+06
   1.8969087e+06
   1.8979590e+06
   1.8986136e+06
   1.8990618e+06
   1.8999085e+06
   1.8766407e+06
   1.8782884e+06
   1.8786914e+06
   1.8791030e+06
   1.8798531e+06
   1.8803013e+06
   1.8809263e+06
   1.8817332e+06
   1.8825407e+06
   1.8830434e+06
   1.8836038e+06
   1.8842176e+06
   1.8847895e+06
   1.8851651e+06
   1.8856325e+06
   1.8861649e+06
   1.8879838e+06
   1.8886939e+06
   1.8895709e+06
   1.8901366e+06
   1.8907193e+06
   1.8913713e+06
   1.8925358e+06
   1.8929295e+06
   1.8933550e+06
   1.8941007e+06
   1.8949676e+06
   1.8955801e+06
   1.8964951e+06
   1.8971269e+06
   1.8977853e+06
   1.8985355e+06
   1.8991428e+06
   1.8999029e+06
