   6.2983665e+02
   1.0310419e+03
   3.4989489e+03
   3.9039316e+03
   4.6069443e+03
   5.4591456e+03
   6.0243654e+03
   6.5095895e+03
   7.1603064e+03
   7.8354157e+03
   9.7016871e+03
   1.0763721e+04
   1.1332668e+04
   1.2033542e+04
   1.2502936e+04
   1.3186794e+04
   1.3657159e+04
   1.4501355e+04
   1.4942186e+04
   1.6142913e+04
   1.6757385e+04
   1.7560670e+04
   1.8113701e+04
   1.8699019e+04
   2.0851107e+04
   3.0524245e+04
   3.1612265e+04
   3.2097687e+04
   3.2442250e+04
   3.3074948e+04
   3.3583890e+04
   3.4256852e+04
   3.4800317e+04
   3.5590022e+04
   3.6654809e+04
   3.7255238e+04
   3.8145911e+04
   3.8810784e+04
   3.9373163e+04
   4.0051711e+04
   4.0627357e+04
   4.1216514e+04
   4.4802456e+04
   4.5300612e+04
   4.5735311e+04
   4.6739038e+04
   4.7430648e+04
   4.7992924e+04
   4.8548550e+04
   4.9351885e+04
   5.0439643e+04
   5.1367765e+04
   5.2312470e+04
   5.2708843e+04
   5.3199545e+04
   5.3724411e+04
   5.4405400e+04
   5.4990319e+04
   5.5642073e+04
   5.6085773e+04
   5.6662819e+04
   5.7378264e+04
   5.8093517e+04
   5.8494845e+04
   5.8969290e+04
   5.9827533e+04
   1.0260903e+05
   1.0316320e+05
   1.0490576e+05
   1.0562616e+05
   1.0623695e+05
   1.0666103e+05
   1.0761748e+05
   1.0844629e+05
   1.0888138e+05
   1.1450113e+05
   1.1520002e+05
   1.1558294e+05
   1.1594171e+05
   1.1641732e+05
   1.1689947e+05
   1.1738933e+05
   1.1783717e+05
   1.1822927e+05
   1.1922994e+05
   1.1990062e+05
   1.6042776e+05
   1.6101431e+05
   1.6172865e+05
   1.6263912e+05
   1.6299632e+05
   1.6475154e+05
   1.6508745e+05
   1.6551749e+05
   1.6584421e+05
   1.6672537e+05
   1.6733318e+05
   1.6767548e+05
   1.6829934e+05
   1.6881142e+05
   1.6923076e+05
   1.6998163e+05
   1.7040133e+05
   1.7164155e+05
   1.7194234e+05
   1.7233380e+05
   1.7283108e+05
   1.7328249e+05
   1.7371142e+05
   1.7454455e+05
   1.7520263e+05
   1.7562424e+05
   1.7676796e+05
   1.7867316e+05
   1.7916997e+05
   1.7952894e+05
   1.7992082e+05
   2.2048945e+05
   2.2113566e+05
   2.2212550e+05
   2.2269980e+05
   2.2324866e+05
   2.2389557e+05
   2.2463754e+05
   2.2634474e+05
   2.2687039e+05
   2.2855086e+05
   2.2919649e+05
   2.2998164e+05
   2.3162813e+05
   2.3205741e+05
   2.3293319e+05
   2.3468735e+05
   2.3535561e+05
   2.3592222e+05
   2.3643678e+05
   2.3699311e+05
   2.3772546e+05
   2.3811323e+05
   2.3850812e+05
   2.3906601e+05
   2.3961756e+05
   2.8037659e+05
   2.8087627e+05
   2.8227480e+05
   2.8374989e+05
   2.8425677e+05
   2.8478904e+05
   2.8560548e+05
   2.8609902e+05
   2.8692157e+05
   2.8741966e+05
   2.8800810e+05
   2.8842215e+05
   2.8891082e+05
   2.8965298e+05
   2.9008941e+05
   2.9072058e+05
   2.9112417e+05
   2.9172119e+05
   2.9217230e+05
   2.9265807e+05
   2.9313754e+05
   2.9377705e+05
   2.9511914e+05
   2.9549451e+05
   2.9595249e+05
   2.9635441e+05
   2.9672699e+05
   2.9754772e+05
   2.9813821e+05
   2.9853508e+05
   2.9908884e+05
   2.9971555e+05
   3.4073786e+05
   3.4258236e+05
   3.4308654e+05
   3.4350579e+05
   3.4403932e+05
   3.4450847e+05
   3.4516911e+05
   3.4570254e+05
   3.4645712e+05
   3.4691931e+05
   3.4852804e+05
   3.4919799e+05
   3.4963110e+05
   3.5009975e+05
   3.5077204e+05
   3.5202708e+05
   3.5262160e+05
   3.5312886e+05
   3.5382243e+05
   3.5489266e+05
   3.5564079e+05
   3.5629866e+05
   3.5738381e+05
   3.5798885e+05
   3.5827102e+05
   3.5869474e+05
   3.5911148e+05
   3.5966914e+05
   4.0060546e+05
   4.0093498e+05
   4.0163301e+05
   4.0231699e+05
   4.0297980e+05
   4.0354190e+05
   4.0402199e+05
   4.0450478e+05
   4.0572482e+05
   4.0654174e+05
   4.0735037e+05
   4.0791170e+05
   4.0844236e+05
   4.0884558e+05
   4.0951877e+05
   4.1046956e+05
   4.1102063e+05
   4.1229975e+05
   4.1442061e+05
   4.1478769e+05
   4.1531378e+05
   4.1584792e+05
   4.1629370e+05
   4.1668440e+05
   4.1717028e+05
   4.1767869e+05
   4.1836944e+05
   4.1890698e+05
   4.1950465e+05
   4.6044980e+05
   4.6096192e+05
   4.6152840e+05
   4.6206043e+05
   4.6250581e+05
   4.6309640e+05
   4.6362278e+05
   4.6432140e+05
   4.6495999e+05
   4.6667559e+05
   4.6809784e+05
   4.6885559e+05
   4.6939415e+05
   4.7010812e+05
   4.7094161e+05
   4.7164968e+05
   4.7212452e+05
   4.7285468e+05
   4.7354668e+05
   4.7451141e+05
   4.7489135e+05
   4.7524941e+05
   4.7569293e+05
   4.7603422e+05
   4.7665376e+05
   4.7704825e+05
   4.7761346e+05
   4.7838574e+05
   5.2042536e+05
   5.2130463e+05
   5.2184874e+05
   5.2230649e+05
   5.2266544e+05
   5.2307663e+05
   5.2353725e+05
   5.2402941e+05
   5.2452333e+05
   5.2493786e+05
   5.2560024e+05
   5.2616091e+05
   5.2660460e+05
   5.2739671e+05
   5.2807096e+05
   5.2851473e+05
   5.2883000e+05
   5.2917919e+05
   5.2958948e+05
   5.2997383e+05
   5.3059786e+05
   5.3094349e+05
   5.3132922e+05
   5.3176337e+05
   5.3214107e+05
   5.3258655e+05
   5.3320163e+05
   5.3363871e+05
   5.3431874e+05
   5.3506773e+05
   5.3555674e+05
   5.3612485e+05
   5.3667137e+05
   5.3732380e+05
   5.3802056e+05
   5.3886207e+05
   5.3974835e+05
   5.8096125e+05
   5.8183084e+05
   5.8245569e+05
   5.8389860e+05
   5.8428850e+05
   5.8471414e+05
   5.8538178e+05
   5.8595327e+05
   5.8673051e+05
   5.9011746e+05
   5.9068990e+05
   5.9153414e+05
   5.9262685e+05
   5.9352847e+05
   5.9455866e+05
   5.9658741e+05
   5.9712737e+05
   5.9812005e+05
   5.9880697e+05
   5.9929783e+05
   5.9986816e+05
   6.0052734e+05
   6.0167095e+05
   6.0210932e+05
   6.0277618e+05
   6.0330417e+05
   6.0525008e+05
   6.0609749e+05
   6.0732544e+05
   6.0783862e+05
   6.0957738e+05
   6.1036722e+05
   6.1106641e+05
   6.1255854e+05
   6.1709108e+05
   6.1759769e+05
   6.1903618e+05
   6.1943363e+05
   6.2122497e+05
   6.2207281e+05
   6.2250633e+05
   6.2328401e+05
   6.2453650e+05
   6.2494826e+05
   6.2741308e+05
   6.2795705e+05
   6.2835789e+05
   6.2886807e+05
   6.2938530e+05
   6.2993236e+05
   6.3045241e+05
   6.3097167e+05
   6.3175979e+05
   6.3225679e+05
   6.3277853e+05
   6.3357899e+05
   6.3487022e+05
   6.3572636e+05
   6.3608824e+05
   6.3662064e+05
   6.3708441e+05
   6.3749248e+05
   6.3847077e+05
   6.3959825e+05
   6.4069545e+05
   6.4122415e+05
   6.4532902e+05
   6.4595270e+05
   6.4668789e+05
   6.4723926e+05
   6.4836826e+05
   6.4898288e+05
   6.4955855e+05
   6.5029511e+05
   6.5092818e+05
   6.5125880e+05
   6.5228680e+05
   6.5279448e+05
   6.5340629e+05
   6.5380759e+05
   6.5427846e+05
   6.5496928e+05
   6.5569547e+05
   6.5598511e+05
   6.5641602e+05
   6.5711803e+05
   6.6057582e+05
   6.6146959e+05
   6.6206542e+05
   6.6322721e+05
   6.6442002e+05
   6.6489043e+05
   6.6529356e+05
   6.6614210e+05
   6.6680459e+05
   6.6774796e+05
   6.6819231e+05
   6.6870234e+05
   6.6938261e+05
   6.7079402e+05
   6.7146704e+05
   6.7656074e+05
   6.7728641e+05
   6.7822048e+05
   6.7953333e+05
   6.8066418e+05
   6.8235646e+05
   6.8305695e+05
   6.8345467e+05
   6.8404934e+05
   6.8498513e+05
   6.8616971e+05
   6.8714369e+05
   6.8809896e+05
   6.8855672e+05
   6.8902001e+05
   6.8971271e+05
   6.9038454e+05
   6.9096697e+05
   6.9170284e+05
   6.9228706e+05
   6.9370787e+05
   6.9432210e+05
   6.9503942e+05
   6.9585007e+05
   6.9780595e+05
   6.9860495e+05
   6.9908500e+05
   7.0001639e+05
   7.0084018e+05
   7.0154759e+05
   7.0213119e+05
   7.0263745e+05
   7.0315227e+05
   7.0352642e+05
   7.0425466e+05
   7.0511326e+05
   7.0565921e+05
   7.0607923e+05
   7.0651926e+05
   7.0759437e+05
   7.0890867e+05
   7.0943795e+05
   7.0995312e+05
   7.1051972e+05
   7.1115723e+05
   7.1196024e+05
   7.1243732e+05
   7.1313534e+05
   7.1367094e+05
   7.1457575e+05
   7.1615376e+05
   7.1748872e+05
   7.1829441e+05
   7.1914450e+05
   7.1998688e+05
   7.2057573e+05
   7.2110282e+05
   7.2201399e+05
   7.2272819e+05
   7.2356016e+05
   7.2398954e+05
   7.2453290e+05
   7.2529409e+05
   7.2655660e+05
   7.2724980e+05
   7.2797952e+05
   7.2849486e+05
   7.2885154e+05
   7.3015988e+05
   7.3131814e+05
   7.3175312e+05
   7.3262399e+05
   7.3308438e+05
   7.3394293e+05
   7.3460985e+05
   7.3751495e+05
   7.3802793e+05
   7.4276802e+05
   7.4349859e+05
   7.4402226e+05
   7.4473911e+05
   7.4535776e+05
   7.4601730e+05
   7.4652971e+05
   7.4736392e+05
   7.4810937e+05
   7.4904008e+05
   7.4953583e+05
   7.5015563e+05
   7.5055991e+05
   7.5126036e+05
   7.5200232e+05
   7.5313767e+05
   7.5646474e+05
   7.5712036e+05
   7.5748588e+05
   7.5877099e+05
   7.5920503e+05
   7.5956488e+05
   7.5989044e+05
   7.6109099e+05
   7.6191879e+05
   7.6235400e+05
   7.6369035e+05
   7.6426598e+05
   7.6484143e+05
   7.6653339e+05
   7.6767709e+05
   7.6817489e+05
   7.6846558e+05
   7.6882386e+05
   7.6958941e+05
   7.6990547e+05
   7.7017585e+05
   7.7082323e+05
   7.7127125e+05
   7.7177560e+05
   7.7225846e+05
   7.7463468e+05
   7.7549236e+05
   7.7665967e+05
   7.7706057e+05
   7.7753596e+05
   7.7812741e+05
   7.7871560e+05
   7.7938242e+05
   7.7978757e+05
   8.2130855e+05
   8.2190998e+05
   8.2251023e+05
   8.2292131e+05
   8.2346531e+05
   8.2382559e+05
   8.2428759e+05
   8.2481508e+05
   8.2525504e+05
   8.2567457e+05
   8.2621295e+05
   8.2753031e+05
   8.2802067e+05
   8.2985817e+05
   8.3039272e+05
   8.3078441e+05
   8.3136771e+05
   8.3213094e+05
   8.3252872e+05
   8.3305149e+05
   8.3436778e+05
   8.3525416e+05
   8.3571135e+05
   8.3604006e+05
   8.3654733e+05
   8.3726248e+05
   8.3805068e+05
   8.3868570e+05
   8.3922190e+05
   8.3970623e+05
   8.8041451e+05
   8.8120485e+05
   8.8203009e+05
   8.8259148e+05
   8.8346353e+05
   8.8425736e+05
   8.8471661e+05
   8.8535831e+05
   8.8691674e+05
   8.8751802e+05
   8.8801543e+05
   8.8872535e+05
   8.8919809e+05
   8.8997020e+05
   8.9101764e+05
   8.9168062e+05
   8.9285875e+05
   8.9323158e+05
   8.9392669e+05
   8.9449394e+05
   8.9502565e+05
   8.9583817e+05
   8.9637522e+05
   8.9683779e+05
   8.9753611e+05
   8.9803298e+05
   8.9861305e+05
   8.9970750e+05
   9.4048437e+05
   9.4102162e+05
   9.4146990e+05
   9.4202648e+05
   9.4270541e+05
   9.4315299e+05
   9.4382808e+05
   9.4428517e+05
   9.4466058e+05
   9.4526270e+05
   9.4588063e+05
   9.4658828e+05
   9.4792641e+05
   9.4851753e+05
   9.5031575e+05
   9.5083122e+05
   9.5131057e+05
   9.5165262e+05
   9.5218950e+05
   9.5310840e+05
   9.5380237e+05
   9.5457636e+05
   9.5507197e+05
   9.5545418e+05
   9.5610626e+05
   9.5689434e+05
   9.5769487e+05
   9.5810655e+05
   9.5849553e+05
   9.5891552e+05
   9.5950151e+05
   9.5990105e+05
   1.0019424e+06
   1.0027011e+06
   1.0035470e+06
   1.0039254e+06
   1.0045849e+06
   1.0057069e+06
   1.0066478e+06
   1.0073917e+06
   1.0078057e+06
   1.0082846e+06
   1.0088116e+06
   1.0099845e+06
   1.0114997e+06
   1.0119678e+06
   1.0123511e+06
   1.0129337e+06
   1.0136475e+06
   1.0146061e+06
   1.0151377e+06
   1.0155201e+06
   1.0159969e+06
   1.0168442e+06
   1.0172268e+06
   1.0178549e+06
   1.0183619e+06
   1.0189523e+06
   1.0195093e+06
   1.0604145e+06
   1.0606931e+06
   1.0615282e+06
   1.0618874e+06
   1.0626563e+06
   1.0631153e+06
   1.0636087e+06
   1.0641175e+06
   1.0646560e+06
   1.0650765e+06
   1.0660232e+06
   1.0663422e+06
   1.0676229e+06
   1.0682765e+06
   1.0688205e+06
   1.0692558e+06
   1.0700119e+06
   1.0704129e+06
   1.0709772e+06
   1.0714797e+06
   1.0720404e+06
   1.0729748e+06
   1.0736384e+06
   1.0739963e+06
   1.0748891e+06
   1.0753699e+06
   1.0756817e+06
   1.0761447e+06
   1.0767563e+06
   1.0771200e+06
   1.0775970e+06
   1.0781405e+06
   1.0786995e+06
   1.0792557e+06
   1.0797186e+06
   1.1209700e+06
   1.1213199e+06
   1.1217034e+06
   1.1222102e+06
   1.1233393e+06
   1.1240726e+06
   1.1244555e+06
   1.1247815e+06
   1.1252227e+06
   1.1258339e+06
   1.1266851e+06
   1.1273249e+06
   1.1278753e+06
   1.1282477e+06
   1.1287832e+06
   1.1292647e+06
   1.1298733e+06
   1.1303807e+06
   1.1310789e+06
   1.1316824e+06
   1.1325492e+06
   1.1332672e+06
   1.1336403e+06
   1.1345090e+06
   1.1886307e+06
   1.1894930e+06
   1.1900511e+06
   1.1906617e+06
   1.1913834e+06
   1.1919917e+06
   1.1929018e+06
   1.1932573e+06
   1.1938260e+06
   1.1946971e+06
   1.1954037e+06
   1.1959049e+06
   1.1968424e+06
   1.1974347e+06
   1.1983081e+06
   1.1989037e+06
   1.1994876e+06
   1.1998213e+06
   1.2405515e+06
   1.2411924e+06
   1.2419478e+06
   1.2435707e+06
   1.2445185e+06
   1.2449949e+06
   1.2456325e+06
   1.2469672e+06
   1.2473793e+06
   1.2480539e+06
   1.2486958e+06
   1.2491149e+06
   1.2496950e+06
   1.2500110e+06
   1.2504376e+06
   1.2510542e+06
   1.2515541e+06
   1.2519370e+06
   1.2525353e+06
   1.2535975e+06
   1.2547541e+06
   1.2557552e+06
   1.2560956e+06
   1.2563671e+06
   1.2571336e+06
   1.2579254e+06
   1.2591350e+06
   1.3006272e+06
   1.3012583e+06
   1.3016788e+06
   1.3019561e+06
   1.3024418e+06
   1.3032539e+06
   1.3035871e+06
   1.3041228e+06
   1.3044910e+06
   1.3049476e+06
   1.3057074e+06
   1.3066113e+06
   1.3069872e+06
   1.3075400e+06
   1.3083320e+06
   1.3089592e+06
   1.3096422e+06
   1.3102765e+06
   1.3108011e+06
   1.3114742e+06
   1.3119169e+06
   1.3126260e+06
   1.3130487e+06
   1.3146443e+06
   1.3153232e+06
   1.3161322e+06
   1.3167237e+06
   1.3174053e+06
   1.3186207e+06
   1.3190531e+06
   1.3194167e+06
   1.3604595e+06
   1.3610841e+06
   1.3615207e+06
   1.3619989e+06
   1.3631635e+06
   1.3636025e+06
   1.3641832e+06
   1.3649114e+06
   1.3655866e+06
   1.3660891e+06
   1.3665971e+06
   1.3669077e+06
   1.3673711e+06
   1.3680069e+06
   1.3687575e+06
   1.3691763e+06
   1.3696060e+06
   1.3700066e+06
   1.3704817e+06
   1.3709440e+06
   1.3714479e+06
   1.3718786e+06
   1.3722815e+06
   1.3728199e+06
   1.3733268e+06
   1.3747471e+06
   1.3765115e+06
   1.3768934e+06
   1.3773551e+06
   1.3777929e+06
   1.3781330e+06
   1.3788130e+06
   1.3793347e+06
   1.4205892e+06
   1.4216452e+06
   1.4222704e+06
   1.4227726e+06
   1.4236140e+06
   1.4244586e+06
   1.4251024e+06
   1.4255106e+06
   1.4266015e+06
   1.4275239e+06
   1.4278773e+06
   1.4283861e+06
   1.4291147e+06
   1.4295654e+06
   1.4301315e+06
   1.4307368e+06
   1.4312148e+06
   1.4318607e+06
   1.4323306e+06
   1.4332365e+06
   1.4337628e+06
   1.4345290e+06
   1.4352011e+06
   1.4358338e+06
   1.4368769e+06
   1.4374097e+06
   1.4381990e+06
   1.4388133e+06
   1.4395711e+06
   1.4803977e+06
   1.4808802e+06
   1.4814526e+06
   1.4819804e+06
   1.4822860e+06
   1.4867976e+06
   1.4875505e+06
   1.4880141e+06
   1.4884542e+06
   1.4889957e+06
   1.4894441e+06
   1.4898904e+06
   1.4905318e+06
   1.4912448e+06
   1.4916765e+06
   1.4921933e+06
   1.4926617e+06
   1.4930210e+06
   1.4935059e+06
   1.4939327e+06
   1.4946690e+06
   1.4952062e+06
   1.4957136e+06
   1.4964792e+06
   1.4968398e+06
   1.4973981e+06
   1.4978147e+06
   1.4983581e+06
   1.4989202e+06
   1.5402935e+06
   1.5407733e+06
   1.5411133e+06
   1.5415481e+06
   1.5420235e+06
   1.5428193e+06
   1.5432705e+06
   1.5437493e+06
   1.5443817e+06
   1.5449161e+06
   1.5452814e+06
   1.5457790e+06
   1.5464381e+06
   1.5468728e+06
   1.5476543e+06
   1.5482336e+06
   1.5487985e+06
   1.5493207e+06
   1.5497493e+06
   1.5502608e+06
   1.5510244e+06
   1.5514573e+06
   1.5518571e+06
   1.5523645e+06
   1.5528243e+06
   1.5535112e+06
   1.5548714e+06
   1.5563584e+06
   1.5569258e+06
   1.5575393e+06
   1.5583542e+06
   1.5596664e+06
   1.6003561e+06
   1.6008441e+06
   1.6013934e+06
   1.6020585e+06
   1.6027515e+06
   1.6031235e+06
   1.6036949e+06
   1.6050139e+06
   1.6053964e+06
   1.6057623e+06
   1.6061904e+06
   1.6074970e+06
   1.6079900e+06
   1.6084685e+06
   1.6090002e+06
   1.6101907e+06
   1.6105361e+06
   1.6110258e+06
   1.6115401e+06
   1.6121619e+06
   1.6125477e+06
   1.6130241e+06
   1.6136023e+06
   1.6145449e+06
   1.6149021e+06
   1.6156100e+06
   1.6159960e+06
   1.6168691e+06
   1.6174022e+06
   1.6184419e+06
   1.6190852e+06
   1.6196348e+06
   1.6604782e+06
   1.6609953e+06
   1.6615533e+06
   1.6625316e+06
   1.6629361e+06
   1.6634583e+06
   1.6638846e+06
   1.6643773e+06
   1.6650616e+06
   1.6659608e+06
   1.6665460e+06
   1.6680370e+06
   1.6700928e+06
   1.6705784e+06
   1.6710539e+06
   1.6715581e+06
   1.6723971e+06
   1.6728664e+06
   1.6739043e+06
   1.6743398e+06
   1.6746372e+06
   1.6751554e+06
   1.6755886e+06
   1.6761999e+06
   1.6770788e+06
   1.6777250e+06
   1.6785671e+06
   1.6790378e+06
   1.6794748e+06
   1.6799470e+06
   1.7204144e+06
   1.7210289e+06
   1.7217356e+06
   1.7222665e+06
   1.7234762e+06
   1.7242064e+06
   1.7246030e+06
   1.7252981e+06
   1.7266275e+06
   1.7278257e+06
   1.7282311e+06
   1.7289288e+06
   1.7299300e+06
   1.7304477e+06
   1.7308979e+06
   1.7314656e+06
   1.7319767e+06
   1.7325354e+06
   1.7329143e+06
   1.7332408e+06
   1.7336949e+06
   1.7345320e+06
   1.7349642e+06
   1.7354022e+06
   1.7357152e+06
   1.7362376e+06
   1.7367212e+06
   1.7371733e+06
   1.7377918e+06
   1.7382370e+06
   1.7387585e+06
   1.7392226e+06
   1.7397653e+06
   1.7811577e+06
   1.7821623e+06
   1.7836674e+06
   1.7844182e+06
   1.7849708e+06
   1.7856555e+06
   1.7862100e+06
   1.7874674e+06
   1.7880542e+06
   1.7886899e+06
   1.7892358e+06
   1.7896947e+06
   1.7900870e+06
   1.7904314e+06
   1.7907924e+06
   1.7912988e+06
   1.7918681e+06
   1.7921848e+06
   1.7925783e+06
   1.7932988e+06
   1.7944300e+06
   1.7952131e+06
   1.7957946e+06
   1.7962032e+06
   1.7968360e+06
   1.7971861e+06
   1.7976075e+06
   1.7983997e+06
   1.7995099e+06
   1.8407606e+06
   1.8421058e+06
   1.8426575e+06
   1.8436164e+06
   1.8440272e+06
   1.8443720e+06
   1.8447644e+06
   1.8453075e+06
   1.8462630e+06
   1.8467884e+06
   1.8473619e+06
   1.8479792e+06
   1.8488622e+06
   1.8496468e+06
   1.8502382e+06
   1.8508030e+06
   1.8517287e+06
   1.8523973e+06
   1.8527248e+06
   1.8532151e+06
   1.8535298e+06
   1.8544328e+06
   1.8550697e+06
   1.8554938e+06
   1.8558452e+06
   1.8561754e+06
   1.8566944e+06
   1.8571823e+06
   1.8577184e+06
   1.8580641e+06
   1.8586536e+06
   1.8590452e+06
   1.8595674e+06
   1.9003890e+06
   1.9011258e+06
   1.9014888e+06
   1.9023445e+06
   1.9027953e+06
   1.9033612e+06
   1.9037971e+06
   1.9042999e+06
   1.9049402e+06
   1.9054181e+06
   1.9059681e+06
   1.9065955e+06
   1.9069680e+06
   1.9078175e+06
   1.9085104e+06
   1.9090065e+06
   1.9097430e+06
   1.9101676e+06
   1.9108582e+06
   1.9118532e+06
   1.9126530e+06
   1.9132712e+06
   1.9137968e+06
   1.9143527e+06
   1.9148575e+06
   1.9153073e+06
   1.9164055e+06
   1.9171969e+06
   1.9176584e+06
   1.9181232e+06
   1.9186586e+06
   1.9191913e+06
   1.9196641e+06
   1.9199694e+06
   6.1098797e+04
   6.1567289e+04
   6.2183568e+04
   6.2989802e+04
   6.3969661e+04
   6.4539377e+04
   6.4882909e+04
   6.5867232e+04
   6.6571600e+04
   6.7107717e+04
   6.8492504e+04
   6.9132020e+04
   6.9595694e+04
   7.0226455e+04
   7.0546573e+04
   7.1244945e+04
   7.1863037e+04
   7.2350462e+04
   7.3248311e+04
   7.4071166e+04
   7.4934947e+04
   7.5431115e+04
   7.5876089e+04
   7.6700590e+04
   7.7933822e+04
   7.8452115e+04
   7.8838689e+04
   7.9517179e+04
   8.0151734e+04
   8.1300819e+04
   8.2590641e+04
   8.3219034e+04
   8.3651592e+04
   8.4659066e+04
   8.5882033e+04
   8.6400740e+04
   8.7322409e+04
   8.7950729e+04
   8.8481113e+04
   8.8944077e+04
   9.0173506e+04
   9.0731181e+04
   9.2141050e+04
   9.3161039e+04
   9.3786140e+04
   9.4755041e+04
   9.5258731e+04
   9.5906680e+04
   9.6538425e+04
   9.7183777e+04
   9.7587936e+04
   9.9183413e+04
   9.9739285e+04
   1.2073442e+05
   1.2138154e+05
   1.2188311e+05
   1.2234516e+05
   1.2292980e+05
   1.2621572e+05
   1.2675762e+05
   1.2749773e+05
   1.2789461e+05
   1.2854599e+05
   1.2907887e+05
   1.3066106e+05
   1.3122779e+05
   1.3191873e+05
   1.3800496e+05
   1.3858227e+05
   1.3907007e+05
   1.3959997e+05
   1.4096025e+05
   1.4274276e+05
   1.4314582e+05
   1.4523569e+05
   1.4574496e+05
   1.4625287e+05
   1.4671422e+05
   1.4729680e+05
   1.4799505e+05
   1.4869052e+05
   1.4940222e+05
   1.5193081e+05
   1.5255005e+05
   1.5314618e+05
   1.5381672e+05
   1.5462134e+05
   1.5509919e+05
   1.5559962e+05
   1.5605720e+05
   1.5675928e+05
   1.5740042e+05
   1.5798591e+05
   1.5920003e+05
   1.8432192e+05
   1.8473606e+05
   1.8524050e+05
   1.8575955e+05
   1.8627228e+05
   2.1633507e+05
   2.1706505e+05
   2.4083575e+05
   2.4164886e+05
   2.4226561e+05
   2.4297153e+05
   2.4362960e+05
   2.4430942e+05
   2.4619882e+05
   2.4668122e+05
   2.4808174e+05
   2.4899679e+05
   2.4981784e+05
   2.5023888e+05
   2.5210747e+05
   2.5272893e+05
   2.5310327e+05
   2.5365776e+05
   2.5420910e+05
   2.5488304e+05
   2.5550091e+05
   2.5616430e+05
   2.5671510e+05
   2.5714999e+05
   2.5817239e+05
   2.5880202e+05
   2.5937865e+05
   2.6058846e+05
   2.6130746e+05
   2.6750712e+05
   2.6822800e+05
   2.6890636e+05
   2.6928463e+05
   2.6972962e+05
   2.7108328e+05
   2.7160972e+05
   2.7228000e+05
   2.7342668e+05
   2.7377613e+05
   2.7453576e+05
   2.7516083e+05
   2.7565715e+05
   2.7691456e+05
   2.7842702e+05
   2.7911093e+05
   3.0053607e+05
   3.0104537e+05
   3.0205265e+05
   3.0280775e+05
   3.0355704e+05
   3.0724223e+05
   3.1062583e+05
   3.1109381e+05
   3.1332262e+05
   3.1404212e+05
   3.1450557e+05
   3.1566494e+05
   3.1663129e+05
   3.1722723e+05
   3.1775620e+05
   3.1810173e+05
   3.1910699e+05
   3.1960629e+05
   3.2024027e+05
   3.2087884e+05
   3.2192010e+05
   3.2228044e+05
   3.2273326e+05
   3.2366544e+05
   3.2447223e+05
   3.2495743e+05
   3.2534860e+05
   3.2589112e+05
   3.2678262e+05
   3.2762178e+05
   3.2924218e+05
   3.3094437e+05
   3.3165517e+05
   3.3217105e+05
   3.6030465e+05
   3.6068663e+05
   3.6163691e+05
   3.6258608e+05
   3.6329349e+05
   3.6382351e+05
   3.6445635e+05
   3.6481204e+05
   3.6527788e+05
   3.6604623e+05
   3.6690282e+05
   3.6734762e+05
   3.6793348e+05
   3.6878992e+05
   3.6933869e+05
   3.6975710e+05
   3.7018733e+05
   3.7075079e+05
   3.7126568e+05
   3.7171524e+05
   3.7223683e+05
   3.7260419e+05
   3.7334721e+05
   3.7396550e+05
   3.7462148e+05
   3.7537631e+05
   3.7756686e+05
   3.7820164e+05
   3.7904761e+05
   3.7946911e+05
   3.8011573e+05
   3.8080452e+05
   3.8745362e+05
   3.8783674e+05
   3.8891800e+05
   3.9003826e+05
   3.9070070e+05
   3.9199564e+05
   3.9235989e+05
   3.9280947e+05
   3.9365386e+05
   3.9418222e+05
   3.9462950e+05
   3.9541617e+05
   3.9595491e+05
   3.9699068e+05
   3.9762074e+05
   3.9828384e+05
   3.9895086e+05
   3.9979836e+05
   4.2112154e+05
   4.2158609e+05
   4.2239971e+05
   4.2295773e+05
   4.2351966e+05
   4.2424153e+05
   4.2481338e+05
   4.2528171e+05
   4.2612473e+05
   4.2664924e+05
   4.2754406e+05
   4.2812380e+05
   4.2906869e+05
   4.2973058e+05
   4.3026055e+05
   4.3171675e+05
   4.3208780e+05
   4.3248309e+05
   4.3288051e+05
   4.3358820e+05
   4.3477021e+05
   4.3598002e+05
   4.3641907e+05
   4.3708943e+05
   4.3758314e+05
   4.3820314e+05
   4.3872846e+05
   4.3938800e+05
   4.3996116e+05
   4.4075671e+05
   4.4141440e+05
   4.4197638e+05
   4.4267613e+05
   4.4332351e+05
   4.4500007e+05
   4.4546512e+05
   4.4718724e+05
   4.4853485e+05
   4.4935174e+05
   4.5199724e+05
   4.5266370e+05
   4.5332768e+05
   4.5386539e+05
   4.5439909e+05
   4.5528654e+05
   4.5590218e+05
   4.5651151e+05
   4.5706966e+05
   4.5742926e+05
   4.5805621e+05
   4.5898146e+05
   4.5945786e+05
   4.8055340e+05
   4.8104221e+05
   4.8151154e+05
   4.8287048e+05
   4.8340922e+05
   4.8475579e+05
   4.8561176e+05
   4.8643635e+05
   4.8686348e+05
   4.8728256e+05
   4.8845392e+05
   4.8896273e+05
   4.8989206e+05
   4.9057554e+05
   4.9116491e+05
   4.9169363e+05
   4.9257016e+05
   4.9305758e+05
   4.9368328e+05
   4.9426370e+05
   4.9476787e+05
   4.9539182e+05
   4.9593561e+05
   4.9675385e+05
   4.9769894e+05
   4.9858064e+05
   4.9920969e+05
   5.0689534e+05
   5.0816158e+05
   5.0894230e+05
   5.1079368e+05
   5.1654530e+05
   5.1787352e+05
   5.1842358e+05
   5.1910977e+05
   5.4107398e+05
   5.4193915e+05
   5.4242087e+05
   5.4391671e+05
   5.4447091e+05
   5.4496914e+05
   5.4594582e+05
   5.4661688e+05
   5.4721725e+05
   5.4783878e+05
   5.4827568e+05
   5.5084165e+05
   5.5236570e+05
   5.5386390e+05
   5.5478954e+05
   5.5564695e+05
   5.5635578e+05
   5.5675473e+05
   5.5751805e+05
   5.5817383e+05
   5.5867985e+05
   5.5917937e+05
   5.5977781e+05
   5.6060923e+05
   5.6134153e+05
   5.6182423e+05
   5.6250880e+05
   5.6289399e+05
   5.6365346e+05
   5.6440013e+05
   5.6569483e+05
   5.6629602e+05
   5.6684862e+05
   5.6747013e+05
   5.6792648e+05
   5.6845918e+05
   5.6980467e+05
   5.7072670e+05
   5.7137432e+05
   5.7196870e+05
   5.7284322e+05
   5.7342469e+05
   5.7403560e+05
   5.7454342e+05
   5.7531963e+05
   5.7597347e+05
   5.7653270e+05
   5.7704591e+05
   5.7748059e+05
   5.7838495e+05
   5.7907008e+05
   7.8058105e+05
   7.8162671e+05
   7.8213774e+05
   7.8264576e+05
   7.8307794e+05
   7.8375410e+05
   7.8411460e+05
   7.8475171e+05
   7.8615708e+05
   7.8674799e+05
   7.8725623e+05
   7.8795685e+05
   7.8844298e+05
   7.8897375e+05
   7.8964864e+05
   7.9020974e+05
   7.9082982e+05
   7.9137053e+05
   7.9206631e+05
   7.9323197e+05
   7.9385607e+05
   7.9420826e+05
   7.9470253e+05
   7.9565786e+05
   7.9696050e+05
   7.9815486e+05
   7.9856534e+05
   7.9908212e+05
   7.9943233e+05
   7.9982105e+05
   8.0083796e+05
   8.0143161e+05
   8.0194758e+05
   8.0254618e+05
   8.0288254e+05
   8.0390520e+05
   8.0523266e+05
   8.0627073e+05
   8.0677312e+05
   8.0715910e+05
   8.0767266e+05
   8.0830281e+05
   8.0958927e+05
   8.1044026e+05
   8.1094642e+05
   8.1168048e+05
   8.1212350e+05
   8.1283278e+05
   8.1323147e+05
   8.1407448e+05
   8.1462311e+05
   8.1528620e+05
   8.1582428e+05
   8.1646939e+05
   8.1704827e+05
   8.1784491e+05
   8.1838636e+05
   8.1910971e+05
   8.4043828e+05
   8.4121358e+05
   8.4157787e+05
   8.4272072e+05
   8.4324017e+05
   8.4373250e+05
   8.4445296e+05
   8.4561423e+05
   8.4614815e+05
   8.4690809e+05
   8.4751274e+05
   8.4799878e+05
   8.4878939e+05
   8.4962120e+05
   8.5015398e+05
   8.5080539e+05
   8.5141535e+05
   8.5186197e+05
   8.5245898e+05
   8.5405970e+05
   8.5463749e+05
   8.5495485e+05
   8.5535022e+05
   8.5639324e+05
   8.5682902e+05
   8.5727053e+05
   8.5799537e+05
   8.5845701e+05
   8.5901635e+05
   8.5942881e+05
   8.6031024e+05
   8.6129410e+05
   8.6181014e+05
   8.6260891e+05
   8.6330897e+05
   8.6380250e+05
   8.6488263e+05
   8.6604760e+05
   8.6641131e+05
   8.6688761e+05
   8.6791078e+05
   8.6850290e+05
   8.6908701e+05
   8.6956330e+05
   8.7049164e+05
   8.7110559e+05
   8.7145782e+05
   8.7206267e+05
   8.7277103e+05
   8.7368978e+05
   8.7426760e+05
   8.7464136e+05
   8.7513109e+05
   8.7589046e+05
   8.7630430e+05
   8.7702149e+05
   8.7757491e+05
   8.7803373e+05
   8.7892601e+05
   8.7962484e+05
   9.0055282e+05
   9.0156180e+05
   9.0213454e+05
   9.0305727e+05
   9.0372999e+05
   9.0453106e+05
   9.0534100e+05
   9.0599869e+05
   9.0647000e+05
   9.0701884e+05
   9.0782643e+05
   9.0830757e+05
   9.0905513e+05
   9.0994660e+05
   9.1030519e+05
   9.1081318e+05
   9.1127941e+05
   9.1182072e+05
   9.1251312e+05
   9.1312582e+05
   9.1378417e+05
   9.1420390e+05
   9.1471252e+05
   9.1513504e+05
   9.1691083e+05
   9.1740966e+05
   9.1796996e+05
   9.1947451e+05
   9.2005725e+05
   9.2109138e+05
   9.2172019e+05
   9.2215572e+05
   9.2266398e+05
   9.2318678e+05
   9.2383381e+05
   9.2429914e+05
   9.2498326e+05
   9.2552729e+05
   9.2637729e+05
   9.2736162e+05
   9.2826211e+05
   9.2888842e+05
   9.2971176e+05
   9.3052921e+05
   9.3100868e+05
   9.3176496e+05
   9.3335941e+05
   9.3420601e+05
   9.3479272e+05
   9.3550962e+05
   9.3593953e+05
   9.3651208e+05
   9.3781631e+05
   9.3844773e+05
   9.3895875e+05
   9.3946587e+05
   9.6058945e+05
   9.6113161e+05
   9.6313627e+05
   9.6366247e+05
   9.6436769e+05
   9.6525209e+05
   9.6620901e+05
   9.6681085e+05
   9.6830250e+05
   9.6880233e+05
   9.6946623e+05
   9.7043253e+05
   9.7106123e+05
   9.7181556e+05
   9.7228020e+05
   9.7304366e+05
   9.7407706e+05
   9.7451415e+05
   9.7523124e+05
   9.7561858e+05
   9.7665700e+05
   9.7739634e+05
   9.7816309e+05
   9.7883217e+05
   9.7984444e+05
   9.8673482e+05
   9.8710579e+05
   9.8792847e+05
   9.8857531e+05
   9.9004608e+05
   9.9079164e+05
   9.9126275e+05
   9.9164056e+05
   9.9249119e+05
   9.9315726e+05
   9.9421310e+05
   9.9496749e+05
   9.9560368e+05
   9.9602704e+05
   9.9728431e+05
   9.9782590e+05
   9.9850211e+05
   9.9966849e+05
   1.0209504e+06
   1.0217106e+06
   1.0226839e+06
   1.0232611e+06
   1.0238829e+06
   1.0248674e+06
   1.0255048e+06
   1.0264111e+06
   1.0268618e+06
   1.0271792e+06
   1.0279693e+06
   1.0286591e+06
   1.0293914e+06
   1.0298268e+06
   1.0304252e+06
   1.0309690e+06
   1.0316669e+06
   1.0322794e+06
   1.0329836e+06
   1.0346819e+06
   1.0357680e+06
   1.0361679e+06
   1.0366223e+06
   1.0375855e+06
   1.0803877e+06
   1.0812110e+06
   1.0816160e+06
   1.0822618e+06
   1.0828510e+06
   1.0835806e+06
   1.0840208e+06
   1.0845377e+06
   1.0853157e+06
   1.0857937e+06
   1.0862241e+06
   1.0870602e+06
   1.0875944e+06
   1.0883773e+06
   1.0891153e+06
   1.0896247e+06
   1.0900109e+06
   1.0905067e+06
   1.0908650e+06
   1.0914103e+06
   1.0921770e+06
   1.0928184e+06
   1.0937598e+06
   1.0942903e+06
   1.0991008e+06
   1.1001120e+06
   1.1005626e+06
   1.1018140e+06
   1.1024831e+06
   1.1028271e+06
   1.1034964e+06
   1.1041016e+06
   1.1046729e+06
   1.1051775e+06
   1.1058879e+06
   1.1069218e+06
   1.1074999e+06
   1.1080148e+06
   1.1084786e+06
   1.1187150e+06
   1.1409507e+06
   1.1417890e+06
   1.1424458e+06
   1.1428896e+06
   1.1550125e+06
   1.1555453e+06
   1.1559586e+06
   1.1566558e+06
   1.1572009e+06
   1.1583610e+06
   1.1591850e+06
   1.1601404e+06
   1.1611819e+06
   1.1618617e+06
   1.1626374e+06
   1.1632498e+06
   1.1638938e+06
   1.1647919e+06
   1.1663009e+06
   1.1668346e+06
   1.1674451e+06
   1.1680198e+06
   1.1688503e+06
   1.1704471e+06
   1.1711287e+06
   1.1717060e+06
   1.1722989e+06
   1.1731259e+06
   1.1753846e+06
   1.1759072e+06
   1.1767898e+06
   1.1775929e+06
   1.1779899e+06
   1.1788011e+06
   1.1799010e+06
   1.2007147e+06
   1.2016394e+06
   1.2020686e+06
   1.2024890e+06
   1.2031026e+06
   1.2044487e+06
   1.2050382e+06
   1.2061083e+06
   1.2069939e+06
   1.2074813e+06
   1.2084351e+06
   1.2089877e+06
   1.2104853e+06
   1.2110032e+06
   1.2124657e+06
   1.2128918e+06
   1.2136615e+06
   1.2275884e+06
   1.2283832e+06
   1.2290483e+06
   1.2299463e+06
   1.2305511e+06
   1.2314636e+06
   1.2318962e+06
   1.2325227e+06
   1.2331849e+06
   1.2337194e+06
   1.2344304e+06
   1.2355383e+06
   1.2360530e+06
   1.2365646e+06
   1.2371776e+06
   1.2377256e+06
   1.2381489e+06
   1.2385593e+06
   1.2399516e+06
   1.2606529e+06
   1.2612444e+06
   1.2616918e+06
   1.2620114e+06
   1.2625223e+06
   1.2628310e+06
   1.2631696e+06
   1.2640864e+06
   1.2650017e+06
   1.2669380e+06
   1.2677108e+06
   1.2680780e+06
   1.2686699e+06
   1.2692285e+06
   1.2698163e+06
   1.2706388e+06
   1.2710963e+06
   1.2718741e+06
   1.2724138e+06
   1.2728231e+06
   1.2733228e+06
   1.2739443e+06
   1.2745260e+06
   1.2753719e+06
   1.2762864e+06
   1.2770228e+06
   1.2773305e+06
   1.2790824e+06
   1.2799270e+06
   1.2805936e+06
   1.2814224e+06
   1.2822536e+06
   1.2831585e+06
   1.2841163e+06
   1.2849328e+06
   1.2857330e+06
   1.2863369e+06
   1.2869997e+06
   1.2877543e+06
   1.2883530e+06
   1.2888979e+06
   1.2894722e+06
   1.2905017e+06
   1.2920381e+06
   1.2925511e+06
   1.2930270e+06
   1.2935659e+06
   1.2941287e+06
   1.2945508e+06
   1.2951327e+06
   1.2957471e+06
   1.2962228e+06
   1.2973443e+06
   1.2987931e+06
   1.2994861e+06
   1.3207590e+06
   1.3213181e+06
   1.3219422e+06
   1.3227431e+06
   1.3234986e+06
   1.3243740e+06
   1.3250302e+06
   1.3270175e+06
   1.3278666e+06
   1.3283468e+06
   1.3292066e+06
   1.3301149e+06
   1.3306579e+06
   1.3311366e+06
   1.3315295e+06
   1.3319408e+06
   1.3324648e+06
   1.3331324e+06
   1.3337605e+06
   1.3342744e+06
   1.3348383e+06
   1.3358138e+06
   1.3363137e+06
   1.3367856e+06
   1.3377589e+06
   1.3387486e+06
   1.3392502e+06
   1.3399517e+06
   1.3408164e+06
   1.3415982e+06
   1.3420956e+06
   1.3425919e+06
   1.3431994e+06
   1.3436660e+06
   1.3442072e+06
   1.3448084e+06
   1.3453724e+06
   1.3462893e+06
   1.3468192e+06
   1.3473641e+06
   1.3481708e+06
   1.3489724e+06
   1.3495894e+06
   1.3501316e+06
   1.3510829e+06
   1.3514706e+06
   1.3521275e+06
   1.3527455e+06
   1.3535404e+06
   1.3540353e+06
   1.3545045e+06
   1.3550776e+06
   1.3556402e+06
   1.3564945e+06
   1.3572523e+06
   1.3596783e+06
   1.3805616e+06
   1.3812707e+06
   1.3839691e+06
   1.3847727e+06
   1.3853396e+06
   1.3864460e+06
   1.3874564e+06
   1.3879460e+06
   1.3886958e+06
   1.3891437e+06
   1.3942937e+06
   1.3946640e+06
   1.3951479e+06
   1.3954645e+06
   1.3959740e+06
   1.3964365e+06
   1.3975737e+06
   1.3984902e+06
   1.3991717e+06
   1.3999379e+06
   1.4005987e+06
   1.4011196e+06
   1.4017270e+06
   1.4023878e+06
   1.4033850e+06
   1.4079186e+06
   1.4084838e+06
   1.4090102e+06
   1.4094901e+06
   1.4100457e+06
   1.4105547e+06
   1.4109801e+06
   1.4115042e+06
   1.4121490e+06
   1.4124760e+06
   1.4130909e+06
   1.4136163e+06
   1.4142663e+06
   1.4146249e+06
   1.4183404e+06
   1.4189013e+06
   1.4404476e+06
   1.4420489e+06
   1.4426981e+06
   1.4512019e+06
   1.4519177e+06
   1.4527920e+06
   1.4532524e+06
   1.4537007e+06
   1.4542249e+06
   1.4547539e+06
   1.4551678e+06
   1.4556274e+06
   1.4562265e+06
   1.4569963e+06
   1.4579266e+06
   1.4587903e+06
   1.4592542e+06
   1.4598193e+06
   1.4606916e+06
   1.4612110e+06
   1.4616605e+06
   1.4622307e+06
   1.4629712e+06
   1.4635184e+06
   1.4646777e+06
   1.4653837e+06
   1.4658816e+06
   1.4676665e+06
   1.4683258e+06
   1.4695753e+06
   1.4703150e+06
   1.4710997e+06
   1.4720348e+06
   1.4724072e+06
   1.4733654e+06
   1.4738710e+06
   1.4742890e+06
   1.4748538e+06
   1.4754485e+06
   1.4758846e+06
   1.4765711e+06
   1.4774547e+06
   1.4779939e+06
   1.4786133e+06
   1.4792554e+06
   1.4796266e+06
   1.5011613e+06
   1.5022749e+06
   1.5027697e+06
   1.5032562e+06
   1.5041812e+06
   1.5054486e+06
   1.5059918e+06
   1.5069600e+06
   1.5075082e+06
   1.5082349e+06
   1.5089662e+06
   1.5093541e+06
   1.5099248e+06
   1.5104969e+06
   1.5109659e+06
   1.5114573e+06
   1.5126251e+06
   1.5133121e+06
   1.5145951e+06
   1.5150176e+06
   1.5164888e+06
   1.5175746e+06
   1.5182798e+06
   1.5188150e+06
   1.5193408e+06
   1.5202339e+06
   1.5206470e+06
   1.5210522e+06
   1.5217041e+06
   1.5226875e+06
   1.5237123e+06
   1.5242164e+06
   1.5250049e+06
   1.5253715e+06
   1.5259385e+06
   1.5263477e+06
   1.5270401e+06
   1.5274356e+06
   1.5278418e+06
   1.5282988e+06
   1.5288436e+06
   1.5301823e+06
   1.5306421e+06
   1.5311421e+06
   1.5317644e+06
   1.5321438e+06
   1.5335523e+06
   1.5340124e+06
   1.5351654e+06
   1.5362767e+06
   1.5368608e+06
   1.5374727e+06
   1.5380749e+06
   1.5386212e+06
   1.5392221e+06
   1.5607197e+06
   1.5611831e+06
   1.5617450e+06
   1.5623173e+06
   1.5630214e+06
   1.5635104e+06
   1.5686400e+06
   1.5690735e+06
   1.5708735e+06
   1.5712034e+06
   1.5716923e+06
   1.5722829e+06
   1.5729850e+06
   1.5735529e+06
   1.5740203e+06
   1.5744825e+06
   1.5751056e+06
   1.5757075e+06
   1.5761883e+06
   1.5765951e+06
   1.5777521e+06
   1.5781425e+06
   1.5785932e+06
   1.5789940e+06
   1.5795324e+06
   1.5803333e+06
   1.5816182e+06
   1.5819573e+06
   1.5840438e+06
   1.5844648e+06
   1.5854534e+06
   1.5862657e+06
   1.5868265e+06
   1.5874922e+06
   1.5885268e+06
   1.5892442e+06
   1.5899846e+06
   1.5905081e+06
   1.5911449e+06
   1.5919194e+06
   1.5925074e+06
   1.5931038e+06
   1.5935894e+06
   1.5973313e+06
   1.5981095e+06
   1.5995115e+06
   1.5999265e+06
   1.6222949e+06
   1.6232024e+06
   1.6236345e+06
   1.6242242e+06
   1.6247789e+06
   1.6255060e+06
   1.6262961e+06
   1.6268785e+06
   1.6275290e+06
   1.6282212e+06
   1.6287859e+06
   1.6302538e+06
   1.6308799e+06
   1.6316167e+06
   1.6320274e+06
   1.6325085e+06
   1.6331712e+06
   1.6345856e+06
   1.6350796e+06
   1.6354961e+06
   1.6359284e+06
   1.6371024e+06
   1.6378274e+06
   1.6383447e+06
   1.6392211e+06
   1.6401631e+06
   1.6410340e+06
   1.6416046e+06
   1.6420870e+06
   1.6426861e+06
   1.6436159e+06
   1.6441712e+06
   1.6445458e+06
   1.6453760e+06
   1.6466429e+06
   1.6471622e+06
   1.6481428e+06
   1.6488774e+06
   1.6494188e+06
   1.6497728e+06
   1.6504661e+06
   1.6511208e+06
   1.6516889e+06
   1.6521910e+06
   1.6528546e+06
   1.6535420e+06
   1.6541627e+06
   1.6548441e+06
   1.6552630e+06
   1.6557952e+06
   1.6563959e+06
   1.6570759e+06
   1.6576188e+06
   1.6582529e+06
   1.6586541e+06
   1.6806967e+06
   1.6812504e+06
   1.6833445e+06
   1.6842359e+06
   1.6847621e+06
   1.6857096e+06
   1.6865247e+06
   1.6871969e+06
   1.6875953e+06
   1.6884127e+06
   1.6889398e+06
   1.6894272e+06
   1.6899355e+06
   1.6905891e+06
   1.6911174e+06
   1.6916465e+06
   1.6937236e+06
   1.6944131e+06
   1.6949393e+06
   1.6964599e+06
   1.6968483e+06
   1.6978134e+06
   1.6982462e+06
   1.6988663e+06
   1.6994689e+06
   1.6999814e+06
   1.7005997e+06
   1.7011375e+06
   1.7020914e+06
   1.7028265e+06
   1.7032832e+06
   1.7038039e+06
   1.7045214e+06
   1.7049436e+06
   1.7053186e+06
   1.7059660e+06
   1.7065727e+06
   1.7071163e+06
   1.7077284e+06
   1.7081057e+06
   1.7095351e+06
   1.7099948e+06
   1.7104557e+06
   1.7117681e+06
   1.7123600e+06
   1.7130894e+06
   1.7137227e+06
   1.7142746e+06
   1.7158020e+06
   1.7164430e+06
   1.7171900e+06
   1.7177130e+06
   1.7407410e+06
   1.7413613e+06
   1.7417660e+06
   1.7422414e+06
   1.7429482e+06
   1.7433355e+06
   1.7441133e+06
   1.7446787e+06
   1.7450227e+06
   1.7455024e+06
   1.7465029e+06
   1.7474601e+06
   1.7481023e+06
   1.7484370e+06
   1.7490320e+06
   1.7497236e+06
   1.7509770e+06
   1.7517250e+06
   1.7525901e+06
   1.7533658e+06
   1.7540625e+06
   1.7558280e+06
   1.7563365e+06
   1.7579121e+06
   1.7582968e+06
   1.7587799e+06
   1.7592915e+06
   1.7600102e+06
   1.7604462e+06
   1.7612925e+06
   1.7621997e+06
   1.7627282e+06
   1.7632066e+06
   1.7641363e+06
   1.7648130e+06
   1.7659909e+06
   1.7664889e+06
   1.7672396e+06
   1.7678225e+06
   1.7686712e+06
   1.7695078e+06
   1.7707636e+06
   1.7723760e+06
   1.7731560e+06
   1.7750300e+06
   1.7756880e+06
   1.7764340e+06
   1.7775984e+06
   1.7781352e+06
   1.7790041e+06
   1.7797602e+06
   1.8006230e+06
   1.8025936e+06
   1.8036306e+06
   1.8042100e+06
   1.8047250e+06
   1.8053358e+06
   1.8058189e+06
   1.8074333e+06
   1.8080076e+06
   1.8085299e+06
   1.8088446e+06
   1.8091775e+06
   1.8099518e+06
   1.8108495e+06
   1.8116078e+06
   1.8122999e+06
   1.8128048e+06
   1.8135267e+06
   1.8140041e+06
   1.8160213e+06
   1.8167233e+06
   1.8175036e+06
   1.8179727e+06
   1.8185127e+06
   1.8188597e+06
   1.8194965e+06
   1.8200984e+06
   1.8210665e+06
   1.8215211e+06
   1.8221781e+06
   1.8231930e+06
   1.8239127e+06
   1.8249790e+06
   1.8254170e+06
   1.8259691e+06
   1.8264120e+06
   1.8269086e+06
   1.8277410e+06
   1.8280798e+06
   1.8302981e+06
   1.8307388e+06
   1.8312970e+06
   1.8317534e+06
   1.8322531e+06
   1.8330077e+06
   1.8342608e+06
   1.8348069e+06
   1.8356033e+06
   1.8361325e+06
   1.8376081e+06
   1.8380502e+06
   1.8388165e+06
   1.8393117e+06
   1.8396746e+06
   1.8608197e+06
   1.8612917e+06
   1.8656271e+06
   1.8661903e+06
   1.8676012e+06
   1.8680711e+06
   1.8691932e+06
   1.8697270e+06
   1.8703183e+06
   1.8717188e+06
   1.8731825e+06
   1.8755018e+06
   1.8764716e+06
   1.8775877e+06
   1.8781020e+06
   1.8809049e+06
   1.8824511e+06
   1.8833415e+06
   1.8838451e+06
   1.8842528e+06
   1.8847862e+06
   1.8855161e+06
   1.8860953e+06
   1.8871669e+06
   1.8877985e+06
   1.8885578e+06
   1.8889711e+06
   1.8896725e+06
   1.8901612e+06
   1.8907343e+06
   1.8914041e+06
   1.8929485e+06
   1.8937440e+06
   1.8944646e+06
   1.8951226e+06
   1.8955557e+06
   1.8959832e+06
   1.8968624e+06
   1.8973461e+06
   1.8979176e+06
   1.8998093e+06
   1.7187176e+06
   1.7197902e+06
   1.7403446e+06
   1.7407546e+06
   1.7412489e+06
   1.7417456e+06
   1.7421376e+06
   1.7433525e+06
   1.7439853e+06
   1.7446978e+06
   1.7451877e+06
   1.7456492e+06
   1.7465557e+06
   1.7470719e+06
   1.7476543e+06
   1.7482906e+06
   1.7487158e+06
   1.7491997e+06
   1.7499465e+06
   1.7509999e+06
   1.7516597e+06
   1.7521096e+06
   1.7527369e+06
   1.7531843e+06
   1.7543958e+06
   1.7552562e+06
   1.7560731e+06
   1.7570008e+06
   1.7574703e+06
   1.7582349e+06
   1.7590060e+06
   1.7597269e+06
   1.7601026e+06
   1.7607418e+06
   1.7612369e+06
   1.7619214e+06
   1.7623636e+06
   1.7635594e+06
   1.7646707e+06
   1.7651490e+06
   1.7657531e+06
   1.7661672e+06
   1.7665187e+06
   1.7670249e+06
   1.7676351e+06
   1.7680143e+06
   1.7685493e+06
   1.7697995e+06
   1.7702129e+06
   1.7709081e+06
   1.7718060e+06
   1.7721919e+06
   1.7726577e+06
   1.7734642e+06
   1.7744665e+06
   1.7749584e+06
   1.7754967e+06
   1.7761711e+06
   1.7768375e+06
   1.7774729e+06
   1.7779846e+06
   1.7786886e+06
   1.7793652e+06
   1.8004862e+06
   1.8014165e+06
   1.8019308e+06
   1.8027952e+06
   1.8036755e+06
   1.8051908e+06
   1.8056774e+06
   1.8070696e+06
   1.8074932e+06
   1.8081873e+06
   1.8086377e+06
   1.8090235e+06
   1.8095495e+06
   1.8100668e+06
   1.8107045e+06
   1.8114886e+06
   1.8120044e+06
   1.8127247e+06
   1.8134091e+06
   1.8137455e+06
   1.8144473e+06
   1.8154388e+06
   1.8159033e+06
   1.8170454e+06
   1.8175539e+06
   1.8181212e+06
   1.8185398e+06
   1.8191153e+06
   1.8197571e+06
   1.8204223e+06
   1.8208714e+06
   1.8213717e+06
   1.8223488e+06
   1.8237294e+06
   1.8243711e+06
   1.8249292e+06
   1.8254272e+06
   1.8259044e+06
   1.8266049e+06
   1.8275761e+06
   1.8281797e+06
   1.8300043e+06
   1.8305078e+06
   1.8309576e+06
   1.8319183e+06
   1.8325551e+06
   1.8329766e+06
   1.8335664e+06
   1.8342295e+06
   1.8349512e+06
   1.8364259e+06
   1.8379046e+06
   1.8385360e+06
   1.8395477e+06
   1.8604612e+06
   1.8610825e+06
   1.8615272e+06
   1.8632157e+06
   1.8637869e+06
   1.8644598e+06
   1.8653664e+06
   1.8659527e+06
   1.8668796e+06
   1.8676314e+06
   1.8680845e+06
   1.8688205e+06
   1.8696792e+06
   1.8703294e+06
   1.8706725e+06
   1.8715917e+06
   1.8723459e+06
   1.8730132e+06
   1.8737279e+06
   1.8742482e+06
   1.8751298e+06
   1.8758817e+06
   1.8767090e+06
   1.8773631e+06
   1.8779751e+06
   1.8788443e+06
   1.8805079e+06
   1.8810831e+06
   1.8818473e+06
   1.8824124e+06
   1.8829242e+06
   1.8837353e+06
   1.8842013e+06
   1.8848954e+06
   1.8853679e+06
   1.8859061e+06
   1.8870653e+06
   1.8876197e+06
   1.8880588e+06
   1.8890768e+06
   1.8895794e+06
   1.8904704e+06
   1.8909453e+06
   1.8915717e+06
   1.8920655e+06
   1.8925208e+06
   1.8935567e+06
   1.8942214e+06
   1.8948751e+06
   1.8952941e+06
   1.8958586e+06
   1.8968779e+06
   1.8976112e+06
   1.8980781e+06
   1.8990786e+06
   1.8999642e+06
   1.8929295e+06
   1.8933550e+06
   1.8941007e+06
   1.8949676e+06
   1.8955801e+06
   1.8964951e+06
   1.8971269e+06
   1.8977853e+06
   1.8985355e+06
   1.8991428e+06
   1.8999029e+06
