   1.3373774e+03
   2.5304560e+03
   5.5956602e+03
   7.6591798e+03
   8.5676374e+03
   1.0116780e+04
   1.1734205e+04
   1.3104389e+04
   1.4938199e+04
   1.6541836e+04
   1.8015042e+04
   1.9336264e+04
   2.1521354e+04
   2.2601716e+04
   2.3751291e+04
   2.5101467e+04
   2.6130394e+04
   2.7197424e+04
   2.8885539e+04
   3.0313395e+04
   3.2396542e+04
   3.4019145e+04
   3.5769354e+04
   3.6989956e+04
   3.9032470e+04
   4.2661756e+04
   4.0112889e+04
   4.0934821e+04
   4.1745545e+04
   4.3262685e+04
   4.4182171e+04
   4.5449191e+04
   4.6844481e+04
   4.6966768e+04
   4.8161324e+04
   4.9110147e+04
   5.0558933e+04
   5.1521407e+04
   5.2481574e+04
   5.4763166e+04
   5.6574391e+04
   5.7778774e+04
   5.8767922e+04
   1.0007611e+05
   1.0103384e+05
   1.0339125e+05
   1.0608851e+05
   1.0743242e+05
   1.0860759e+05
   1.0974250e+05
   1.1135151e+05
   1.1345542e+05
   1.1498661e+05
   1.1620512e+05
   1.1784747e+05
   1.1902983e+05
   1.6125083e+05
   1.6280327e+05
   1.6395573e+05
   1.6542953e+05
   1.6769813e+05
   1.6896298e+05
   1.7092043e+05
   1.7201271e+05
   1.7382289e+05
   1.7545193e+05
   1.7683244e+05
   1.7817644e+05
   1.7913555e+05
   2.2004867e+05
   2.1977285e+05
   2.2075959e+05
   2.2201926e+05
   2.2307827e+05
   2.2407404e+05
   2.2510085e+05
   2.2639550e+05
   2.2763535e+05
   2.2933341e+05
   2.3037725e+05
   2.3185392e+05
   2.3286331e+05
   2.3520426e+05
   2.3615842e+05
   2.3710472e+05
   2.3804218e+05
   2.3920858e+05
   2.8002549e+05
   2.8044925e+05
   2.8262872e+05
   2.8371872e+05
   2.8507712e+05
   2.8641958e+05
   2.8749529e+05
   2.8877871e+05
   2.8964850e+05
   2.9085602e+05
   2.9221260e+05
   2.9340720e+05
   2.9491804e+05
   2.9573829e+05
   2.9708741e+05
   2.9861660e+05
   3.4006789e+05
   3.4047650e+05
   3.4144159e+05
   3.4319211e+05
   3.4408521e+05
   3.4495631e+05
   3.4646773e+05
   3.4763978e+05
   3.4947066e+05
   3.5095802e+05
   3.5257143e+05
   3.5412405e+05
   3.5443155e+05
   3.5605553e+05
   3.5731747e+05
   3.5973216e+05
   4.0010294e+05
   4.0050571e+05
   4.0363315e+05
   4.0459454e+05
   4.0580553e+05
   4.0753912e+05
   4.0928602e+05
   4.1079536e+05
   4.1292221e+05
   4.1468378e+05
   4.1599519e+05
   4.1728323e+05
   4.1834371e+05
   4.1924598e+05
   4.6001652e+05
   4.6099280e+05
   4.6428579e+05
   4.6509535e+05
   4.6811848e+05
   4.6911201e+05
   4.7022753e+05
   4.7142865e+05
   4.7259054e+05
   4.7347138e+05
   4.7471490e+05
   4.7593478e+05
   4.7720392e+05
   4.7837215e+05
   4.7991935e+05
   5.2004084e+05
   5.2172452e+05
   5.2308544e+05
   5.2507091e+05
   5.2689197e+05
   5.2725780e+05
   5.2823759e+05
   5.2975700e+05
   5.3368060e+05
   5.3476604e+05
   5.3609776e+05
   5.3744996e+05
   5.3884749e+05
   5.8012529e+05
   5.8053666e+05
   5.8166261e+05
   5.8280633e+05
   5.8430081e+05
   5.8518566e+05
   5.8662435e+05
   5.8730041e+05
   5.8906595e+05
   5.9117760e+05
   5.9228620e+05
   5.9417759e+05
   5.9481744e+05
   5.9577727e+05
   5.9705325e+05
   5.9828617e+05
   5.9966153e+05
   6.0107242e+05
   6.0249774e+05
   6.0375370e+05
   6.0492677e+05
   6.0910900e+05
   6.1046941e+05
   6.1308241e+05
   6.1611161e+05
   6.1751071e+05
   6.1879643e+05
   6.1990065e+05
   6.2123976e+05
   6.2285616e+05
   6.2475444e+05
   6.2675921e+05
   6.2789489e+05
   6.2885021e+05
   6.3037028e+05
   6.3169756e+05
   6.3409031e+05
   6.3545731e+05
   6.3719757e+05
   6.3843440e+05
   6.4003811e+05
   6.4152665e+05
   6.4250635e+05
   6.4340017e+05
   6.4506797e+05
   6.4602856e+05
   6.4701638e+05
   6.4903796e+05
   6.5045489e+05
   6.5146341e+05
   6.5353309e+05
   6.5649732e+05
   6.5781901e+05
   6.5961791e+05
   6.6106295e+05
   6.6298093e+05
   6.6415559e+05
   6.6536269e+05
   6.6638525e+05
   6.6774202e+05
   6.6902365e+05
   6.7121789e+05
   6.7299069e+05
   6.7492798e+05
   6.7597747e+05
   6.7738449e+05
   6.7851452e+05
   6.8042275e+05
   6.8213907e+05
   6.8370172e+05
   6.8473853e+05
   6.8598535e+05
   6.8745374e+05
   6.8870489e+05
   6.9088050e+05
   6.9252686e+05
   6.9378948e+05
   6.9575682e+05
   6.9725200e+05
   6.9890824e+05
   7.0053644e+05
   7.0225935e+05
   7.0359733e+05
   7.0709368e+05
   7.0867969e+05
   7.0969716e+05
   7.1103828e+05
   7.1276067e+05
   7.1382559e+05
   7.1531206e+05
   7.1692608e+05
   7.1814371e+05
   7.1965549e+05
   7.2394454e+05
   7.2624237e+05
   7.3058106e+05
   7.3179597e+05
   7.3351096e+05
   7.3520585e+05
   7.3726030e+05
   7.4371631e+05
   7.4647365e+05
   7.4823236e+05
   7.5081896e+05
   7.5351619e+05
   7.5583335e+05
   7.5867510e+05
   7.6095721e+05
   7.6190053e+05
   7.6255659e+05
   7.6337745e+05
   7.6421135e+05
   7.6515426e+05
   7.6594999e+05
   7.6680509e+05
   7.6834817e+05
   7.7022087e+05
   7.7150422e+05
   7.7270632e+05
   7.7760268e+05
   7.7958509e+05
   8.2096173e+05
   8.2173241e+05
   8.2277792e+05
   8.2349550e+05
   8.2456331e+05
   8.2539153e+05
   8.2637162e+05
   8.2908923e+05
   8.3156759e+05
   8.3307662e+05
   8.3565616e+05
   8.3710668e+05
   8.3822208e+05
   8.8072056e+05
   8.8150572e+05
   8.8228091e+05
   8.8308148e+05
   8.8396956e+05
   8.8471153e+05
   8.8560075e+05
   8.8665183e+05
   8.8840662e+05
   8.8996113e+05
   8.9316987e+05
   8.9585245e+05
   8.9745823e+05
   8.9885984e+05
   9.4080096e+05
   9.4166539e+05
   9.4248210e+05
   9.4319235e+05
   9.4403664e+05
   9.4483884e+05
   9.4559981e+05
   9.4648111e+05
   9.4827779e+05
   9.4945186e+05
   9.5106058e+05
   9.5238949e+05
   9.5769860e+05
   1.0009315e+06
   1.0017763e+06
   1.0026604e+06
   1.0034560e+06
   1.0041789e+06
   1.0053347e+06
   1.0061824e+06
   1.0085249e+06
   1.0100625e+06
   1.0122947e+06
   1.0139519e+06
   1.0158706e+06
   1.0188274e+06
   1.0610471e+06
   1.0621982e+06
   1.0635192e+06
   1.0643244e+06
   1.0652205e+06
   1.0662523e+06
   1.0682090e+06
   1.0697479e+06
   1.0711977e+06
   1.0726755e+06
   1.0737055e+06
   1.0754631e+06
   1.0777418e+06
   1.0798282e+06
   1.1208597e+06
   1.1216475e+06
   1.1224157e+06
   1.1234441e+06
   1.1248954e+06
   1.1259388e+06
   1.1287400e+06
   1.1303947e+06
   1.1316918e+06
   1.1333674e+06
   1.1358097e+06
   1.1372138e+06
   1.1382026e+06
   1.1394323e+06
   1.1809492e+06
   1.1819474e+06
   1.1828978e+06
   1.1839838e+06
   1.1848425e+06
   1.1854504e+06
   1.1862609e+06
   1.1881960e+06
   1.1894746e+06
   1.1909884e+06
   1.1929350e+06
   1.2407928e+06
   1.2416938e+06
   1.2425224e+06
   1.2436772e+06
   1.2444625e+06
   1.2452698e+06
   1.2460538e+06
   1.2485392e+06
   1.2498697e+06
   1.2509437e+06
   1.2519696e+06
   1.2531814e+06
   1.2560601e+06
   1.2579352e+06
   1.2592687e+06
   1.3011835e+06
   1.3024301e+06
   1.3033571e+06
   1.3043901e+06
   1.3052330e+06
   1.3063647e+06
   1.3087173e+06
   1.3103159e+06
   1.3121583e+06
   1.3136063e+06
   1.3156563e+06
   1.3175296e+06
   1.3611149e+06
   1.3618677e+06
   1.3627311e+06
   1.3636805e+06
   1.3646002e+06
   1.3653115e+06
   1.3662690e+06
   1.3697234e+06
   1.3711427e+06
   1.3758259e+06
   1.3772903e+06
   1.3791514e+06
   1.4209324e+06
   1.4220063e+06
   1.4227930e+06
   1.4236701e+06
   1.4247003e+06
   1.4253931e+06
   1.4262894e+06
   1.4278784e+06
   1.4301304e+06
   1.4319757e+06
   1.4329266e+06
   1.4358002e+06
   1.4379790e+06
   1.4808169e+06
   1.4816343e+06
   1.4824952e+06
   1.4834543e+06
   1.4844737e+06
   1.4855626e+06
   1.4866829e+06
   1.4881347e+06
   1.4900040e+06
   1.4912076e+06
   1.4923594e+06
   1.4937214e+06
   1.4951219e+06
   1.4971899e+06
   1.4984228e+06
   1.5408683e+06
   1.5418957e+06
   1.5427142e+06
   1.5437163e+06
   1.5445095e+06
   1.5454152e+06
   1.5462118e+06
   1.5484872e+06
   1.5514192e+06
   1.5530726e+06
   1.5551398e+06
   1.5565669e+06
   1.5586194e+06
   1.5595817e+06
   1.6012115e+06
   1.6021505e+06
   1.6032197e+06
   1.6042135e+06
   1.6051139e+06
   1.6061191e+06
   1.6089062e+06
   1.6109752e+06
   1.6126495e+06
   1.6139623e+06
   1.6149942e+06
   1.6160231e+06
   1.6174101e+06
   1.6187343e+06
   1.6608047e+06
   1.6616766e+06
   1.6626914e+06
   1.6637000e+06
   1.6645966e+06
   1.6659290e+06
   1.6669352e+06
   1.6681866e+06
   1.6703458e+06
   1.6713880e+06
   1.6727762e+06
   1.6765738e+06
   1.6788005e+06
   1.7210078e+06
   1.7219198e+06
   1.7227902e+06
   1.7236409e+06
   1.7249343e+06
   1.7257581e+06
   1.7264263e+06
   1.7281387e+06
   1.7303997e+06
   1.7315018e+06
   1.7339650e+06
   1.7359061e+06
   1.7371955e+06
   1.7392922e+06
   1.7808643e+06
   1.7821668e+06
   1.7834831e+06
   1.7845241e+06
   1.7854788e+06
   1.7866118e+06
   1.7888042e+06
   1.7906430e+06
   1.7925632e+06
   1.7955496e+06
   1.7972513e+06
   1.7992415e+06
   1.8409859e+06
   1.8417302e+06
   1.8424865e+06
   1.8436170e+06
   1.8444868e+06
   1.8452555e+06
   1.8465856e+06
   1.8480122e+06
   1.8491575e+06
   1.8512968e+06
   1.8525286e+06
   1.8565739e+06
   1.8582772e+06
   1.9011490e+06
   1.9020339e+06
   1.9029846e+06
   1.9037701e+06
   1.9045767e+06
   1.9061927e+06
   1.9069875e+06
   1.9089632e+06
   1.9108734e+06
   1.9120700e+06
   1.9136087e+06
   1.9153856e+06
   1.9175136e+06
   1.9187523e+06
   6.0117181e+04
   6.1383835e+04
   6.2524199e+04
   6.3627429e+04
   6.4998444e+04
   6.6916693e+04
   6.8216958e+04
   6.9378683e+04
   7.0723724e+04
   7.2404840e+04
   7.3877978e+04
   7.5058380e+04
   7.6204696e+04
   7.8094953e+04
   7.9430004e+04
   8.0737489e+04
   8.2148276e+04
   8.4480590e+04
   8.5948306e+04
   8.7131565e+04
   8.8213259e+04
   8.9649323e+04
   9.1173344e+04
   9.2266710e+04
   9.3593296e+04
   9.5435402e+04
   9.6414646e+04
   9.8092786e+04
   1.2066036e+05
   1.2166693e+05
   1.2282840e+05
   1.2455721e+05
   1.2593640e+05
   1.2704229e+05
   1.2813165e+05
   1.3079220e+05
   1.3215118e+05
   1.3329944e+05
   1.3474115e+05
   1.3594130e+05
   1.3734397e+05
   1.3893484e+05
   1.3994533e+05
   1.4133899e+05
   1.4223912e+05
   1.4323741e+05
   1.4583146e+05
   1.4697491e+05
   1.4859492e+05
   1.4978903e+05
   1.5120961e+05
   1.5268151e+05
   1.5382736e+05
   1.5530548e+05
   1.5660674e+05
   1.5822000e+05
   1.8070409e+05
   1.8200171e+05
   1.8408825e+05
   1.8572272e+05
   1.8717067e+05
   1.8865290e+05
   1.9015754e+05
   1.9129172e+05
   1.9319931e+05
   1.9444949e+05
   1.9557938e+05
   1.9711323e+05
   1.9995713e+05
   2.0093746e+05
   2.0193808e+05
   2.0363352e+05
   2.0493804e+05
   2.0614412e+05
   2.0751897e+05
   2.0982224e+05
   2.1145500e+05
   2.1283657e+05
   2.1416472e+05
   2.1638487e+05
   2.4018753e+05
   2.4126829e+05
   2.4271291e+05
   2.4543242e+05
   2.4709526e+05
   2.4909100e+05
   2.5076492e+05
   2.5173768e+05
   2.5325273e+05
   2.6468065e+05
   2.6701409e+05
   2.6874814e+05
   2.7067093e+05
   2.7287090e+05
   2.7539359e+05
   2.7660858e+05
   3.0119663e+05
   3.0266075e+05
   3.0402609e+05
   3.0513834e+05
   3.0886564e+05
   3.1062960e+05
   3.1228488e+05
   3.1364879e+05
   3.1535982e+05
   3.1710769e+05
   3.1834333e+05
   3.1987117e+05
   3.2175757e+05
   3.2301480e+05
   3.2455494e+05
   3.2594511e+05
   3.2774193e+05
   3.2861257e+05
   3.2981965e+05
   3.3091011e+05
   3.3238789e+05
   3.3389155e+05
   3.3509799e+05
   3.3631375e+05
   3.3741805e+05
   3.3852824e+05
   3.6183698e+05
   3.6307580e+05
   3.6551854e+05
   3.6713293e+05
   3.6829392e+05
   3.6946176e+05
   3.7095597e+05
   3.7225110e+05
   3.7422366e+05
   3.7820485e+05
   3.7944016e+05
   3.8086977e+05
   3.8185406e+05
   3.8311082e+05
   3.8430908e+05
   3.8573361e+05
   3.8857873e+05
   3.8973471e+05
   3.9119695e+05
   3.9343046e+05
   3.9473738e+05
   3.9651166e+05
   3.9764912e+05
   3.9894766e+05
   4.2136742e+05
   4.2258177e+05
   4.2415431e+05
   4.2681754e+05
   4.2974485e+05
   4.3163094e+05
   4.3330771e+05
   4.3452394e+05
   4.3616953e+05
   4.3781049e+05
   4.3960878e+05
   4.4136651e+05
   4.4304233e+05
   4.4433795e+05
   4.4569952e+05
   4.4688445e+05
   4.4826096e+05
   4.4922251e+05
   4.5051536e+05
   4.5204071e+05
   4.5376894e+05
   4.5500680e+05
   4.5637930e+05
   4.5763340e+05
   4.5883247e+05
   4.8176005e+05
   4.8497263e+05
   4.8590500e+05
   4.8711010e+05
   4.8836091e+05
   4.8957079e+05
   4.9082144e+05
   4.9177539e+05
   4.9385894e+05
   4.9504904e+05
   4.9675879e+05
   4.9886210e+05
   4.9987084e+05
   5.0154862e+05
   5.0265221e+05
   5.0415539e+05
   5.0549803e+05
   5.0696241e+05
   5.0831634e+05
   5.0950393e+05
   5.1079435e+05
   5.1202345e+05
   5.1317099e+05
   5.1436658e+05
   5.1608066e+05
   5.1782557e+05
   5.1934953e+05
   5.4187479e+05
   5.4354286e+05
   5.4473732e+05
   5.4638247e+05
   5.4764441e+05
   5.4975985e+05
   5.5107225e+05
   5.5255386e+05
   5.5528832e+05
   5.5704856e+05
   5.5979682e+05
   5.6151369e+05
   5.6305193e+05
   5.6383175e+05
   5.6567725e+05
   5.6686397e+05
   5.6817499e+05
   5.6939659e+05
   5.7098472e+05
   5.7222573e+05
   5.7327225e+05
   5.7646132e+05
   7.8262292e+05
   7.8538267e+05
   7.8909233e+05
   7.9125990e+05
   7.9363538e+05
   7.9990724e+05
   8.0178181e+05
   8.0460001e+05
   8.0608869e+05
   8.0915935e+05
   8.4180675e+05
   8.4430974e+05
   8.4595026e+05
   8.4788428e+05
   8.5189343e+05
   8.5360778e+05
   8.5781610e+05
   8.6346876e+05
   8.6704548e+05
   8.6857339e+05
   8.7064562e+05
   8.7250950e+05
   8.7426201e+05
   8.7849647e+05
   9.0201224e+05
   9.1412945e+05
   9.1659949e+05
   9.1839784e+05
   9.7108021e+05
   9.7247349e+05
   9.7625316e+05
   9.7771350e+05
   9.7992496e+05
   9.8170845e+05
   9.8442181e+05
   9.8595931e+05
   9.8752458e+05
   9.8955484e+05
   9.9097994e+05
   9.9251240e+05
   9.9422714e+05
   1.0218001e+06
   1.0251188e+06
   1.0263723e+06
   1.0276975e+06
   1.0293207e+06
   1.0306214e+06
   1.0319882e+06
   1.0341085e+06
   1.0362316e+06
   1.0377826e+06
   1.0400206e+06
   1.0424728e+06
   1.0811746e+06
   1.0870971e+06
   1.0896143e+06
   1.0914553e+06
   1.0936631e+06
   1.0965169e+06
   1.0984416e+06
   1.1008895e+06
   1.1018139e+06
   1.1060565e+06
   1.1071943e+06
   1.1087387e+06
   1.1124421e+06
   1.1155854e+06
   1.1179159e+06
   1.1432160e+06
   1.1444835e+06
   1.1460479e+06
   1.1480367e+06
   1.1501992e+06
   1.1526221e+06
   1.1539324e+06
   1.1553969e+06
   1.1576113e+06
   1.1589102e+06
   1.1606035e+06
   1.1619182e+06
   1.1633079e+06
   1.1665863e+06
   1.1679872e+06
   1.1694242e+06
   1.1746000e+06
   1.1775014e+06
   1.1785257e+06
   1.1798690e+06
   1.2031633e+06
   1.2064819e+06
   1.2082610e+06
   1.2118642e+06
   1.2134272e+06
   1.2174846e+06
   1.2192747e+06
   1.2634161e+06
   1.2648887e+06
   1.2669340e+06
   1.2705818e+06
   1.2721489e+06
   1.2733085e+06
   1.2747795e+06
   1.2766287e+06
   1.2794329e+06
   1.2807745e+06
   1.2830094e+06
   1.2862541e+06
   1.2876007e+06
   1.2939659e+06
   1.2977854e+06
   1.2995684e+06
   1.3212493e+06
   1.3235045e+06
   1.3257786e+06
   1.3287869e+06
   1.3303077e+06
   1.3317791e+06
   1.3344941e+06
   1.3373849e+06
   1.3447661e+06
   1.3529461e+06
   1.3569409e+06
   1.3589421e+06
   1.3824618e+06
   1.3838196e+06
   1.3850426e+06
   1.3870070e+06
   1.3903244e+06
   1.3913921e+06
   1.3924544e+06
   1.3934670e+06
   1.3965989e+06
   1.3976818e+06
   1.3995001e+06
   1.4014086e+06
   1.4033310e+06
   1.4045114e+06
   1.4073567e+06
   1.4095972e+06
   1.4114468e+06
   1.4134162e+06
   1.4149530e+06
   1.4182181e+06
   1.4414255e+06
   1.4434611e+06
   1.4462761e+06
   1.4477639e+06
   1.4506443e+06
   1.4521160e+06
   1.4542034e+06
   1.4559878e+06
   1.4619741e+06
   1.4642633e+06
   1.4662703e+06
   1.4678721e+06
   1.4693001e+06
   1.4717930e+06
   1.4734386e+06
   1.4752303e+06
   1.4774423e+06
   1.4793007e+06
   1.5042130e+06
   1.5064884e+06
   1.5082088e+06
   1.5098825e+06
   1.5143120e+06
   1.5159927e+06
   1.5174711e+06
   1.5197729e+06
   1.5208001e+06
   1.5225003e+06
   1.5247153e+06
   1.5260244e+06
   1.5285672e+06
   1.5331207e+06
   1.5352715e+06
   1.5365622e+06
   1.5375644e+06
   1.5616019e+06
   1.5636499e+06
   1.5682727e+06
   1.5719992e+06
   1.5737088e+06
   1.5759817e+06
   1.5771793e+06
   1.5787660e+06
   1.5811411e+06
   1.5864425e+06
   1.5880818e+06
   1.5926864e+06
   1.5941090e+06
   1.5953786e+06
   1.5975704e+06
   1.5996885e+06
   1.6218069e+06
   1.6231500e+06
   1.6252456e+06
   1.6265755e+06
   1.6296263e+06
   1.6311376e+06
   1.6345042e+06
   1.6362519e+06
   1.6377645e+06
   1.6432766e+06
   1.6443765e+06
   1.6469513e+06
   1.6489606e+06
   1.6522640e+06
   1.6539897e+06
   1.6841678e+06
   1.6855812e+06
   1.6874612e+06
   1.6891755e+06
   1.6906787e+06
   1.6924990e+06
   1.6961856e+06
   1.6976211e+06
   1.6999533e+06
   1.7024436e+06
   1.7147870e+06
   1.7422750e+06
   1.7448982e+06
   1.7470427e+06
   1.7501101e+06
   1.7515488e+06
   1.7529089e+06
   1.7545879e+06
   1.7571989e+06
   1.7591752e+06
   1.7607423e+06
   1.7630449e+06
   1.7668631e+06
   1.7684296e+06
   1.7706567e+06
   1.7724033e+06
   1.7749609e+06
   1.7781004e+06
   1.8029333e+06
   1.8053609e+06
   1.8100478e+06
   1.8134298e+06
   1.8148482e+06
   1.8162998e+06
   1.8189298e+06
   1.8202861e+06
   1.8219338e+06
   1.8239661e+06
   1.8281774e+06
   1.8307370e+06
   1.8336783e+06
   1.8371600e+06
   1.8629233e+06
   1.8644098e+06
   1.8661344e+06
   1.8693491e+06
   1.8715932e+06
   1.8739935e+06
   1.8765415e+06
   1.8783532e+06
   1.8799403e+06
   1.8817420e+06
   1.8872924e+06
   1.8892849e+06
   1.8913323e+06
   1.8942930e+06
   1.8953936e+06
   1.8980870e+06
   1.8994128e+06
   3.5915496e+05
   3.5937726e+05
   3.5957299e+05
   3.5981126e+05
   3.5999209e+05
   4.1916318e+05
   4.1942981e+05
   4.1976421e+05
   4.1991122e+05
   4.7941000e+05
   4.7952175e+05
   4.7969646e+05
   4.7988965e+05
   5.3919969e+05
   5.3946458e+05
   5.3964002e+05
   5.3978227e+05
   5.9922891e+05
   5.9956597e+05
   5.9976571e+05
   5.9989187e+05
   4.7954843e+05
   4.7981179e+05
   4.7994519e+05
   5.3919349e+05
   5.3945536e+05
   5.3972975e+05
   5.3997794e+05
   5.9914407e+05
   5.9945060e+05
   5.9973166e+05
   1.8649897e+06
   1.8689116e+06
   1.8727404e+06
   1.8754772e+06
   1.8788107e+06
   1.8805873e+06
   1.8822351e+06
   1.8834273e+06
   1.8847383e+06
   1.8858051e+06
   1.8874177e+06
   1.8892081e+06
   1.8955632e+06
   1.8974350e+06
   1.8993554e+06
   3.5920862e+05
   3.5941392e+05
   3.5959051e+05
   4.1912347e+05
   4.1926212e+05
   4.1942991e+05
   4.1967337e+05
   4.1995762e+05
   4.7915049e+05
   4.7926528e+05
   4.7947686e+05
   4.7963721e+05
   4.7981881e+05
   5.3909298e+05
   5.3928838e+05
   5.3942557e+05
   5.3955690e+05
   5.3969779e+05
   5.9925359e+05
   5.9953007e+05
   5.9965018e+05
