   1.1915309e+03
   2.8902661e+03
   4.6906809e+03
   5.8406578e+03
   7.0427891e+03
   8.1307065e+03
   1.2592259e+04
   1.3540727e+04
   1.4595632e+04
   1.5754140e+04
   1.7254685e+04
   1.8988986e+04
   2.1246828e+04
   2.2404264e+04
   2.3694708e+04
   2.5182778e+04
   2.7921542e+04
   2.9029294e+04
   3.0451606e+04
   3.2186733e+04
   3.3330117e+04
   3.4819152e+04
   3.6708393e+04
   4.0003998e+04
   4.1059618e+04
   4.2175821e+04
   4.3825156e+04
   4.6330689e+04
   4.8291858e+04
   4.9604671e+04
   5.0467473e+04
   5.1439585e+04
   5.2269077e+04
   5.3647812e+04
   5.5083981e+04
   5.6328018e+04
   5.7355056e+04
   5.9102909e+04
   1.0116768e+05
   1.0276136e+05
   1.0357864e+05
   1.0463303e+05
   1.0699106e+05
   1.0815327e+05
   1.0911746e+05
   1.1078366e+05
   1.1200899e+05
   1.1314096e+05
   1.1544669e+05
   1.1734869e+05
   1.1850482e+05
   1.1955240e+05
   1.6101453e+05
   1.6379619e+05
   1.6523060e+05
   1.6635232e+05
   1.6903021e+05
   1.6968478e+05
   1.7076259e+05
   1.7194340e+05
   1.7309352e+05
   1.7508603e+05
   1.7616474e+05
   1.7727816e+05
   1.7860989e+05
   1.7969328e+05
   2.2089351e+05
   2.2163649e+05
   2.2277933e+05
   2.2394570e+05
   2.2563862e+05
   2.2682044e+05
   2.2802193e+05
   2.2909561e+05
   2.3000987e+05
   2.3103261e+05
   2.3238505e+05
   2.3358009e+05
   2.3514354e+05
   2.3643403e+05
   2.3740954e+05
   2.3859554e+05
   2.3976852e+05
   2.8112312e+05
   2.8195430e+05
   2.8352472e+05
   2.8470367e+05
   2.8539034e+05
   2.8662858e+05
   2.8797781e+05
   2.8915687e+05
   2.9036941e+05
   2.9136577e+05
   2.9280123e+05
   2.9534284e+05
   2.9621943e+05
   2.9709651e+05
   2.9831523e+05
   2.9961436e+05
   3.4120140e+05
   3.4217136e+05
   3.4300970e+05
   3.4473530e+05
   3.4601587e+05
   3.4813939e+05
   3.4917367e+05
   3.5078414e+05
   3.5246579e+05
   3.5534147e+05
   3.5619773e+05
   3.5712539e+05
   3.5852040e+05
   3.5989110e+05
   4.0184684e+05
   4.0276166e+05
   4.0380939e+05
   4.0471301e+05
   4.0601874e+05
   4.0816046e+05
   4.0929956e+05
   4.1025691e+05
   4.1181594e+05
   4.1302447e+05
   4.1542709e+05
   4.1654070e+05
   4.1765114e+05
   4.1912906e+05
   4.6191312e+05
   4.6344754e+05
   4.6483554e+05
   4.6576679e+05
   4.6686801e+05
   4.6818762e+05
   4.6943011e+05
   4.7045768e+05
   4.7187959e+05
   4.7342150e+05
   4.7508592e+05
   4.7661755e+05
   4.7766491e+05
   4.7873941e+05
   4.7956188e+05
   5.2136270e+05
   5.2260244e+05
   5.2354948e+05
   5.2458946e+05
   5.2543756e+05
   5.2684109e+05
   5.2797041e+05
   5.2914107e+05
   5.3163063e+05
   5.3250728e+05
   5.3380785e+05
   5.3478024e+05
   5.3572129e+05
   5.3689978e+05
   5.3852068e+05
   5.8106288e+05
   5.8184414e+05
   5.8279966e+05
   5.8384338e+05
   5.8482731e+05
   5.8583867e+05
   5.8686990e+05
   5.8812537e+05
   5.8969929e+05
   5.9120803e+05
   5.9224455e+05
   5.9377177e+05
   5.9550590e+05
   5.9685754e+05
   5.9935412e+05
   6.0109072e+05
   6.0285214e+05
   6.0466598e+05
   6.0600359e+05
   6.0731425e+05
   6.0884408e+05
   6.0980717e+05
   6.1114771e+05
   6.1315605e+05
   6.1491648e+05
   6.1725657e+05
   6.1863371e+05
   6.2138496e+05
   6.2243970e+05
   6.2347945e+05
   6.2508597e+05
   6.2650027e+05
   6.2880469e+05
   6.2998537e+05
   6.3167289e+05
   6.3345653e+05
   6.3483153e+05
   6.3639115e+05
   6.3776117e+05
   6.3888055e+05
   6.4060442e+05
   6.4184107e+05
   6.4329100e+05
   6.4436650e+05
   6.4563543e+05
   6.4697309e+05
   6.4867917e+05
   6.5017638e+05
   6.5113024e+05
   6.5277168e+05
   6.5426601e+05
   6.5551302e+05
   6.5686776e+05
   6.5848523e+05
   6.6143539e+05
   6.6443410e+05
   6.6626929e+05
   6.6786311e+05
   6.6918775e+05
   6.7043528e+05
   6.7229562e+05
   6.7337165e+05
   6.7434364e+05
   6.7542049e+05
   6.7685719e+05
   6.7809321e+05
   6.7942254e+05
   6.8073556e+05
   6.8268227e+05
   6.8386330e+05
   6.8524267e+05
   6.8642124e+05
   6.8769689e+05
   6.8851464e+05
   6.8985486e+05
   6.9233795e+05
   6.9388884e+05
   6.9475823e+05
   6.9633485e+05
   6.9787538e+05
   6.9917154e+05
   7.0111123e+05
   7.0237210e+05
   7.0407549e+05
   7.0553436e+05
   7.0670061e+05
   7.0831645e+05
   7.1000317e+05
   7.1121109e+05
   7.1248250e+05
   7.1419344e+05
   7.1536147e+05
   7.1670435e+05
   7.1846891e+05
   7.1937382e+05
   7.2124361e+05
   7.2358882e+05
   7.2552652e+05
   7.2736594e+05
   7.2885297e+05
   7.3040224e+05
   7.3208535e+05
   7.3379502e+05
   7.3545160e+05
   7.3774150e+05
   7.3924748e+05
   7.4149505e+05
   7.4354827e+05
   7.4653750e+05
   7.4969564e+05
   7.5895219e+05
   7.6224109e+05
   7.6400553e+05
   7.6564215e+05
   7.6687045e+05
   7.6868740e+05
   7.6978226e+05
   7.7073134e+05
   7.7203166e+05
   7.7348207e+05
   7.7576395e+05
   7.7885207e+05
   8.2243816e+05
   8.2375547e+05
   8.2534133e+05
   8.2823631e+05
   8.2916839e+05
   8.3211455e+05
   8.3548252e+05
   8.3744648e+05
   8.3881967e+05
   8.8171585e+05
   8.8515553e+05
   8.8635657e+05
   8.9526252e+05
   8.9700359e+05
   8.9889290e+05
   9.4105778e+05
   9.4489081e+05
   9.4607646e+05
   9.5048519e+05
   9.5180011e+05
   9.5317801e+05
   9.5857979e+05
   9.5982847e+05
   1.0010300e+06
   1.0025212e+06
   1.0045035e+06
   1.0055335e+06
   1.0064901e+06
   1.0087488e+06
   1.0112503e+06
   1.0133945e+06
   1.0150241e+06
   1.0161399e+06
   1.0188583e+06
   1.0630752e+06
   1.0647831e+06
   1.0660525e+06
   1.0683563e+06
   1.0701559e+06
   1.0718902e+06
   1.0757614e+06
   1.0767747e+06
   1.0786800e+06
   1.1214712e+06
   1.1224912e+06
   1.1235441e+06
   1.1249425e+06
   1.1261019e+06
   1.1286972e+06
   1.1302444e+06
   1.1318412e+06
   1.1362134e+06
   1.1380673e+06
   1.1812721e+06
   1.1828039e+06
   1.1842869e+06
   1.1856542e+06
   1.1884122e+06
   1.1895958e+06
   1.1909208e+06
   1.1924971e+06
   1.1938538e+06
   1.1957608e+06
   1.1973364e+06
   1.1989540e+06
   1.2414811e+06
   1.2430976e+06
   1.2441893e+06
   1.2453617e+06
   1.2465030e+06
   1.2487884e+06
   1.2500589e+06
   1.2516325e+06
   1.2529886e+06
   1.2558123e+06
   1.2570618e+06
   1.2590044e+06
   1.3021297e+06
   1.3045111e+06
   1.3063272e+06
   1.3088321e+06
   1.3102345e+06
   1.3115526e+06
   1.3137617e+06
   1.3160810e+06
   1.3176458e+06
   1.3197772e+06
   1.3626430e+06
   1.3638118e+06
   1.3650601e+06
   1.3661148e+06
   1.3688031e+06
   1.3700501e+06
   1.3718007e+06
   1.3729498e+06
   1.3755104e+06
   1.3768658e+06
   1.3789701e+06
   1.4211091e+06
   1.4262712e+06
   1.4300564e+06
   1.4319583e+06
   1.4360213e+06
   1.4373278e+06
   1.4386786e+06
   1.4812972e+06
   1.4822342e+06
   1.4831067e+06
   1.4845703e+06
   1.4860699e+06
   1.4882815e+06
   1.4894122e+06
   1.4936998e+06
   1.4950755e+06
   1.4982081e+06
   1.4992666e+06
   1.5409647e+06
   1.5424376e+06
   1.5436631e+06
   1.5449175e+06
   1.5456803e+06
   1.5484560e+06
   1.5503685e+06
   1.5558054e+06
   1.5571954e+06
   1.5588422e+06
   1.6012424e+06
   1.6020945e+06
   1.6038129e+06
   1.6052288e+06
   1.6067907e+06
   1.6095799e+06
   1.6156500e+06
   1.6174338e+06
   1.6187846e+06
   1.6197675e+06
   1.6612007e+06
   1.6625586e+06
   1.6641714e+06
   1.6658880e+06
   1.6685671e+06
   1.6698638e+06
   1.6719515e+06
   1.6735476e+06
   1.6758642e+06
   1.6772650e+06
   1.6791380e+06
   1.7212734e+06
   1.7229212e+06
   1.7247080e+06
   1.7262745e+06
   1.7310497e+06
   1.7326904e+06
   1.7338402e+06
   1.7358751e+06
   1.7373272e+06
   1.7385629e+06
   1.7820402e+06
   1.7834142e+06
   1.7847156e+06
   1.7861187e+06
   1.7905425e+06
   1.7925852e+06
   1.7956671e+06
   1.7971461e+06
   1.7979722e+06
   1.7992691e+06
   1.8407831e+06
   1.8424882e+06
   1.8440925e+06
   1.8460934e+06
   1.8484512e+06
   1.8513817e+06
   1.8527365e+06
   1.8536780e+06
   1.8556917e+06
   1.8568795e+06
   1.8586003e+06
   1.9023123e+06
   1.9035239e+06
   1.9051015e+06
   1.9062113e+06
   1.9085375e+06
   1.9104132e+06
   1.9121132e+06
   1.9154379e+06
   1.9172412e+06
   1.9196944e+06
   6.1192350e+04
   6.2506987e+04
   6.3442051e+04
   6.5947355e+04
   6.7143736e+04
   6.8976635e+04
   7.0204625e+04
   7.1762235e+04
   7.2986803e+04
   7.4232560e+04
   7.5480175e+04
   7.7144724e+04
   7.8142599e+04
   7.9390985e+04
   8.0471355e+04
   8.2113570e+04
   8.3497076e+04
   8.5301807e+04
   8.7758345e+04
   8.9130800e+04
   8.9925375e+04
   9.1062742e+04
   9.2862689e+04
   9.4139165e+04
   9.5271144e+04
   9.6392804e+04
   9.7116111e+04
   9.9327351e+04
   1.2179783e+05
   1.2286502e+05
   1.2400161e+05
   1.2563780e+05
   1.2788515e+05
   1.2988133e+05
   1.3157693e+05
   1.3307883e+05
   1.3457341e+05
   1.3729405e+05
   1.3842160e+05
   1.4035395e+05
   1.4173963e+05
   1.4309457e+05
   1.4470136e+05
   1.4624950e+05
   1.4786889e+05
   1.5001172e+05
   1.5134050e+05
   1.5230133e+05
   1.5388374e+05
   1.5526817e+05
   1.5643648e+05
   1.5831015e+05
   1.8143779e+05
   1.8227354e+05
   1.8364139e+05
   1.8511908e+05
   1.8647343e+05
   1.8771080e+05
   1.8905396e+05
   1.9048543e+05
   1.9322040e+05
   1.9428543e+05
   1.9542349e+05
   1.9713518e+05
   1.9895016e+05
   2.0020074e+05
   2.0222405e+05
   2.0372164e+05
   2.0501973e+05
   2.0678301e+05
   2.0865501e+05
   2.0974657e+05
   2.1080546e+05
   2.1221195e+05
   2.1405626e+05
   2.1545322e+05
   2.1718780e+05
   2.1921442e+05
   2.4140927e+05
   2.4295429e+05
   2.4438074e+05
   2.4590077e+05
   2.4687140e+05
   2.4866537e+05
   2.4978108e+05
   2.5168809e+05
   2.5275795e+05
   2.5375337e+05
   2.5543260e+05
   2.5743515e+05
   2.5859621e+05
   2.5958763e+05
   2.6099419e+05
   2.6223979e+05
   2.6353025e+05
   2.6467247e+05
   2.6579696e+05
   2.6938826e+05
   2.7090865e+05
   2.7257745e+05
   2.7464148e+05
   2.7629338e+05
   2.7738303e+05
   2.7865126e+05
   3.0167289e+05
   3.0269577e+05
   3.0421944e+05
   3.0572509e+05
   3.0676628e+05
   3.0863202e+05
   3.1006805e+05
   3.1161513e+05
   3.1506293e+05
   3.1642466e+05
   3.1853911e+05
   3.1960088e+05
   3.2252288e+05
   3.2487841e+05
   3.2654060e+05
   3.2825037e+05
   3.2981306e+05
   3.3161094e+05
   3.3293853e+05
   3.3441978e+05
   3.3587443e+05
   3.3725237e+05
   3.3850336e+05
   3.6135806e+05
   3.6245432e+05
   3.6338320e+05
   3.6535187e+05
   3.6685515e+05
   3.6796043e+05
   3.7049776e+05
   3.7235310e+05
   3.7386245e+05
   3.7507050e+05
   3.7655714e+05
   3.7797101e+05
   3.7889757e+05
   3.8022748e+05
   3.8203790e+05
   3.8294697e+05
   3.8414948e+05
   3.8527261e+05
   3.8736462e+05
   3.8968806e+05
   3.9102564e+05
   3.9221521e+05
   3.9314475e+05
   3.9412554e+05
   3.9528504e+05
   3.9688803e+05
   3.9970044e+05
   4.2161428e+05
   4.2254572e+05
   4.2366997e+05
   4.2539924e+05
   4.2939752e+05
   4.3064249e+05
   4.3179242e+05
   4.3335145e+05
   4.3467130e+05
   4.3609583e+05
   4.3726071e+05
   4.3905575e+05
   4.4007325e+05
   4.4120117e+05
   4.4313902e+05
   4.4454341e+05
   4.4583117e+05
   4.4751629e+05
   4.4931512e+05
   4.5042672e+05
   4.5194197e+05
   4.5327239e+05
   4.5496422e+05
   4.5644186e+05
   4.5803916e+05
   4.5945667e+05
   4.8137005e+05
   4.8244955e+05
   4.8406121e+05
   4.8572411e+05
   4.8852697e+05
   4.9000923e+05
   4.9090716e+05
   4.9397524e+05
   4.9507445e+05
   4.9634941e+05
   4.9750990e+05
   4.9910602e+05
   5.0017836e+05
   5.0219499e+05
   5.0435212e+05
   5.0518584e+05
   5.0689529e+05
   5.0824694e+05
   5.0953519e+05
   5.1062399e+05
   5.1182726e+05
   5.1330701e+05
   5.1475101e+05
   5.1565244e+05
   5.1742650e+05
   5.1901895e+05
   5.4232781e+05
   5.4445097e+05
   5.4681632e+05
   5.4836549e+05
   5.4948213e+05
   5.5107680e+05
   5.5224504e+05
   5.5345632e+05
   5.5447049e+05
   5.5532931e+05
   5.5656697e+05
   5.5799501e+05
   5.6014400e+05
   5.6206210e+05
   5.6425674e+05
   5.6619510e+05
   5.6743117e+05
   5.6831318e+05
   5.6927475e+05
   5.7036807e+05
   5.7181845e+05
   5.7285886e+05
   5.7391239e+05
   5.7548585e+05
   5.7666770e+05
   5.7857347e+05
   7.8200601e+05
   7.8373056e+05
   7.8554521e+05
   7.8813362e+05
   7.8970848e+05
   7.9220917e+05
   7.9363509e+05
   7.9829537e+05
   8.0030700e+05
   8.0257147e+05
   8.0487493e+05
   8.0693946e+05
   8.0924809e+05
   8.1052814e+05
   8.1296121e+05
   8.1438131e+05
   8.4258995e+05
   8.4845216e+05
   8.4995980e+05
   8.5145760e+05
   8.5297022e+05
   8.5489489e+05
   8.5763463e+05
   8.5860168e+05
   8.5992846e+05
   8.6200819e+05
   8.6392979e+05
   8.6651626e+05
   8.6815064e+05
   8.6979694e+05
   8.7509533e+05
   8.7715167e+05
   8.7994020e+05
   9.0206424e+05
   9.0433847e+05
   9.0736440e+05
   9.0966110e+05
   9.1139515e+05
   9.1308301e+05
   9.1567914e+05
   9.1725089e+05
   9.2818457e+05
   9.2963449e+05
   9.3080981e+05
   9.3214894e+05
   9.3418109e+05
   9.3613319e+05
   9.3768020e+05
   9.6458893e+05
   9.6911668e+05
   9.7059075e+05
   9.7851346e+05
   9.8161684e+05
   9.8473143e+05
   9.8620377e+05
   9.8846029e+05
   9.8973567e+05
   9.9124995e+05
   9.9374921e+05
   9.9610000e+05
   9.9821141e+05
   9.9940150e+05
   1.0213246e+06
   1.0252857e+06
   1.0273468e+06
   1.0291284e+06
   1.0306670e+06
   1.0360562e+06
   1.0375243e+06
   1.0389787e+06
   1.0409044e+06
   1.0436713e+06
   1.0474406e+06
   1.0487414e+06
   1.0501490e+06
   1.0523326e+06
   1.0539231e+06
   1.0824215e+06
   1.0838972e+06
   1.0860208e+06
   1.0896057e+06
   1.0919445e+06
   1.0979280e+06
   1.1011115e+06
   1.1028490e+06
   1.1188093e+06
   1.1418766e+06
   1.1436626e+06
   1.1465130e+06
   1.1494916e+06
   1.1515357e+06
   1.1539280e+06
   1.1566918e+06
   1.1578843e+06
   1.1597152e+06
   1.1616421e+06
   1.1633301e+06
   1.1649735e+06
   1.1779694e+06
   1.1792751e+06
   1.2013692e+06
   1.2042923e+06
   1.2075046e+06
   1.2096571e+06
   1.2119734e+06
   1.2143862e+06
   1.2186075e+06
   1.2214391e+06
   1.2236076e+06
   1.2248717e+06
   1.2277978e+06
   1.2297054e+06
   1.2335989e+06
   1.2357626e+06
   1.2381781e+06
   1.2642995e+06
   1.2658231e+06
   1.2675198e+06
   1.2685874e+06
   1.2703879e+06
   1.2772703e+06
   1.2797051e+06
   1.2815186e+06
   1.2840942e+06
   1.2862143e+06
   1.2901157e+06
   1.2916724e+06
   1.2942752e+06
   1.2964178e+06
   1.2975710e+06
   1.2996166e+06
   1.3214358e+06
   1.3233703e+06
   1.3255822e+06
   1.3265638e+06
   1.3302245e+06
   1.3326329e+06
   1.3360032e+06
   1.3387331e+06
   1.3534500e+06
   1.3551639e+06
   1.3566810e+06
   1.3598542e+06
   1.3813594e+06
   1.3828111e+06
   1.3849685e+06
   1.3861877e+06
   1.3876648e+06
   1.3887346e+06
   1.3911841e+06
   1.3925055e+06
   1.3948640e+06
   1.3968942e+06
   1.3984648e+06
   1.4001156e+06
   1.4032966e+06
   1.4071592e+06
   1.4084236e+06
   1.4108442e+06
   1.4143363e+06
   1.4180989e+06
   1.4413527e+06
   1.4428835e+06
   1.4441295e+06
   1.4499099e+06
   1.4517939e+06
   1.4539869e+06
   1.4557291e+06
   1.4587056e+06
   1.4599228e+06
   1.4660713e+06
   1.4681748e+06
   1.4708624e+06
   1.4733493e+06
   1.4786371e+06
   1.4797484e+06
   1.5014235e+06
   1.5036250e+06
   1.5063447e+06
   1.5084949e+06
   1.5116889e+06
   1.5142143e+06
   1.5163626e+06
   1.5177289e+06
   1.5190242e+06
   1.5208098e+06
   1.5229809e+06
   1.5242699e+06
   1.5275048e+06
   1.5288572e+06
   1.5300671e+06
   1.5314062e+06
   1.5331592e+06
   1.5352169e+06
   1.5367429e+06
   1.5382882e+06
   1.5614066e+06
   1.5628878e+06
   1.5646451e+06
   1.5675572e+06
   1.5691109e+06
   1.5706054e+06
   1.5733949e+06
   1.5747080e+06
   1.5768628e+06
   1.5780462e+06
   1.5833264e+06
   1.5858340e+06
   1.5906073e+06
   1.5922979e+06
   1.5955497e+06
   1.5972451e+06
   1.5987361e+06
   1.6355344e+06
   1.6376640e+06
   1.6395348e+06
   1.6417837e+06
   1.6441898e+06
   1.6458666e+06
   1.6475247e+06
   1.6491507e+06
   1.6534892e+06
   1.6549495e+06
   1.6566569e+06
   1.6592063e+06
   1.6838595e+06
   1.6867728e+06
   1.6883004e+06
   1.6905470e+06
   1.6919879e+06
   1.7003305e+06
   1.7025112e+06
   1.7039082e+06
   1.7066880e+06
   1.7121781e+06
   1.7137415e+06
   1.7154261e+06
   1.7179443e+06
   1.7198193e+06
   1.7416173e+06
   1.7443979e+06
   1.7460544e+06
   1.7479384e+06
   1.7498414e+06
   1.7535200e+06
   1.7548414e+06
   1.7574469e+06
   1.7614028e+06
   1.7645549e+06
   1.7659486e+06
   1.7678533e+06
   1.7695228e+06
   1.7717181e+06
   1.7732332e+06
   1.7760881e+06
   1.7785996e+06
   1.8017649e+06
   1.8049682e+06
   1.8063899e+06
   1.8086191e+06
   1.8100190e+06
   1.8201149e+06
   1.8228230e+06
   1.8242480e+06
   1.8265249e+06
   1.8280520e+06
   1.8295682e+06
   1.8311150e+06
   1.8323717e+06
   1.8358395e+06
   1.8378014e+06
   1.8396992e+06
   1.8634351e+06
   1.8658276e+06
   1.8677494e+06
   1.8695687e+06
   1.8713744e+06
   1.8729804e+06
   1.8761929e+06
   1.8777843e+06
   1.8793875e+06
   1.8810091e+06
   1.8845721e+06
   1.8862562e+06
   1.8879001e+06
   1.8923212e+06
   1.8954129e+06
   1.8990653e+06
