   1.6236454e+03
   3.2918761e+03
   4.9891843e+03
   7.2617851e+03
   9.1816269e+03
   1.1126505e+04
   1.2481850e+04
   1.4335640e+04
   1.5499615e+04
   1.6981204e+04
   1.8651877e+04
   2.0398606e+04
   2.2294031e+04
   2.3302647e+04
   2.5014349e+04
   2.7143730e+04
   2.9124947e+04
   3.0668260e+04
   3.2688278e+04
   3.4047900e+04
   3.5560818e+04
   3.7222669e+04
   3.8883650e+04
   4.0256744e+04
   4.0989187e+04
   4.2009586e+04
   4.3150257e+04
   4.4631293e+04
   4.6472566e+04
   4.8534960e+04
   4.9406502e+04
   5.1135717e+04
   5.3301091e+04
   5.5459063e+04
   5.6697303e+04
   5.7804553e+04
   5.9395016e+04
   1.0123378e+05
   1.0323267e+05
   1.0486747e+05
   1.0696689e+05
   1.0877621e+05
   1.0980435e+05
   1.1098727e+05
   1.1276987e+05
   1.1509444e+05
   1.1627075e+05
   1.1714545e+05
   1.1809573e+05
   1.1906616e+05
   1.6127472e+05
   1.6230319e+05
   1.6378550e+05
   1.6516783e+05
   1.6659653e+05
   1.6823534e+05
   1.7004446e+05
   1.7114516e+05
   1.7246582e+05
   1.7327855e+05
   1.7546715e+05
   1.7711847e+05
   1.7908449e+05
   2.2104720e+05
   2.2223810e+05
   2.2324293e+05
   2.2464362e+05
   2.2577233e+05
   2.2790367e+05
   2.2912869e+05
   2.3025831e+05
   2.3148545e+05
   2.3263382e+05
   2.3362704e+05
   2.3491834e+05
   2.3615632e+05
   2.3738353e+05
   2.3837707e+05
   2.3953533e+05
   2.8104792e+05
   2.8211060e+05
   2.8309343e+05
   2.8432664e+05
   2.8516935e+05
   2.8599927e+05
   2.8830874e+05
   2.8917887e+05
   2.9029075e+05
   2.9114497e+05
   2.9303073e+05
   2.9488039e+05
   2.9587892e+05
   2.9696549e+05
   2.9871327e+05
   2.9971023e+05
   3.4113761e+05
   3.4219009e+05
   3.4329484e+05
   3.4444140e+05
   3.4550666e+05
   3.4673945e+05
   3.4783008e+05
   3.4875935e+05
   3.4994195e+05
   3.5096801e+05
   3.5188563e+05
   3.5287087e+05
   3.5488499e+05
   3.5578278e+05
   3.5670650e+05
   3.5804637e+05
   3.5908913e+05
   4.0177029e+05
   4.0257795e+05
   4.0355359e+05
   4.0465918e+05
   4.0576223e+05
   4.0795494e+05
   4.0926726e+05
   4.1017395e+05
   4.1136677e+05
   4.1254615e+05
   4.1489324e+05
   4.1669641e+05
   4.1789045e+05
   4.1909708e+05
   4.6092448e+05
   4.6219406e+05
   4.6389084e+05
   4.6500685e+05
   4.6632999e+05
   4.6857158e+05
   4.6997388e+05
   4.7090231e+05
   4.7197565e+05
   4.7301299e+05
   4.7510989e+05
   4.7638248e+05
   4.7794191e+05
   4.7894360e+05
   4.7966442e+05
   5.2158551e+05
   5.2259368e+05
   5.2397902e+05
   5.2513204e+05
   5.2643405e+05
   5.2794627e+05
   5.2946637e+05
   5.3086234e+05
   5.3533743e+05
   5.3691876e+05
   5.3935682e+05
   5.8087126e+05
   5.8235872e+05
   5.8365406e+05
   5.8581840e+05
   5.8791643e+05
   5.8918428e+05
   5.9009241e+05
   5.9186376e+05
   5.9302359e+05
   5.9513146e+05
   5.9607554e+05
   5.9834991e+05
   5.9911188e+05
   6.0147018e+05
   6.0293694e+05
   6.0400841e+05
   6.0510410e+05
   6.0663370e+05
   6.0824556e+05
   6.1341018e+05
   6.1462752e+05
   6.1635346e+05
   6.1803426e+05
   6.1895227e+05
   6.2055524e+05
   6.2173774e+05
   6.2326489e+05
   6.2550546e+05
   6.2727361e+05
   6.2854751e+05
   6.3017666e+05
   6.3167403e+05
   6.3271023e+05
   6.3555278e+05
   6.3657018e+05
   6.3829692e+05
   6.3954283e+05
   6.4093735e+05
   6.4199113e+05
   6.4316477e+05
   6.4427462e+05
   6.4543880e+05
   6.4683692e+05
   6.4826379e+05
   6.5035604e+05
   6.5184572e+05
   6.5371340e+05
   6.5565508e+05
   6.5703257e+05
   6.6110776e+05
   6.6227195e+05
   6.6360637e+05
   6.6457751e+05
   6.6577601e+05
   6.6689232e+05
   6.6822008e+05
   6.7096574e+05
   6.7237317e+05
   6.7329540e+05
   6.7421707e+05
   6.7518473e+05
   6.7777011e+05
   6.8056579e+05
   6.8190311e+05
   6.8480198e+05
   6.8703226e+05
   6.8815146e+05
   6.8926969e+05
   6.9438591e+05
   6.9544328e+05
   6.9658719e+05
   6.9776114e+05
   6.9972190e+05
   7.0130743e+05
   7.0238135e+05
   7.0435591e+05
   7.0532555e+05
   7.0741778e+05
   7.0878477e+05
   7.1008786e+05
   7.1122686e+05
   7.1288072e+05
   7.1453768e+05
   7.1552827e+05
   7.1732574e+05
   7.1837227e+05
   7.2136859e+05
   7.2313730e+05
   7.2468423e+05
   7.2643015e+05
   7.2898775e+05
   7.3091646e+05
   7.3223496e+05
   7.3408541e+05
   7.3564412e+05
   7.3834190e+05
   7.3998698e+05
   7.4200215e+05
   7.4441669e+05
   7.4640266e+05
   7.4947725e+05
   7.5140999e+05
   7.5690645e+05
   7.6124536e+05
   7.6324520e+05
   7.6473287e+05
   7.6640355e+05
   7.6895285e+05
   7.7256647e+05
   7.7390269e+05
   7.7706287e+05
   7.7853735e+05
   7.7997418e+05
   8.2161348e+05
   8.2334953e+05
   8.2547682e+05
   8.2644236e+05
   8.2797207e+05
   8.2884357e+05
   8.2987607e+05
   8.3212553e+05
   8.3363155e+05
   8.3705983e+05
   8.3869828e+05
   8.8101875e+05
   8.8322450e+05
   8.8439973e+05
   8.8537255e+05
   8.8827024e+05
   8.9004873e+05
   8.9155749e+05
   8.9284511e+05
   8.9569425e+05
   9.4138081e+05
   9.4531007e+05
   9.4686543e+05
   9.4877632e+05
   9.5016224e+05
   9.5227431e+05
   9.5332953e+05
   9.5554409e+05
   9.5739960e+05
   9.5887814e+05
   1.0013714e+06
   1.0027017e+06
   1.0040186e+06
   1.0056734e+06
   1.0068148e+06
   1.0125583e+06
   1.0157234e+06
   1.0168123e+06
   1.0180988e+06
   1.0190723e+06
   1.0619788e+06
   1.0634390e+06
   1.0648249e+06
   1.0664259e+06
   1.0691603e+06
   1.0706118e+06
   1.0721504e+06
   1.0760380e+06
   1.1214371e+06
   1.1227899e+06
   1.1240273e+06
   1.1260393e+06
   1.1284294e+06
   1.1296397e+06
   1.1311618e+06
   1.1356973e+06
   1.1376651e+06
   1.1814692e+06
   1.1833450e+06
   1.1868965e+06
   1.1886500e+06
   1.1897162e+06
   1.1913392e+06
   1.1956745e+06
   1.1981140e+06
   1.2414390e+06
   1.2430426e+06
   1.2455985e+06
   1.2496366e+06
   1.2507371e+06
   1.2529285e+06
   1.2553264e+06
   1.2571354e+06
   1.2587118e+06
   1.3012314e+06
   1.3023182e+06
   1.3036933e+06
   1.3051866e+06
   1.3063752e+06
   1.3082498e+06
   1.3098391e+06
   1.3113332e+06
   1.3125366e+06
   1.3157778e+06
   1.3184179e+06
   1.3196053e+06
   1.3614105e+06
   1.3655896e+06
   1.3682676e+06
   1.3697191e+06
   1.3708461e+06
   1.3723069e+06
   1.3735477e+06
   1.3760323e+06
   1.3782833e+06
   1.3794772e+06
   1.4229200e+06
   1.4240951e+06
   1.4258877e+06
   1.4289670e+06
   1.4304121e+06
   1.4315114e+06
   1.4359396e+06
   1.4374562e+06
   1.4389949e+06
   1.4811738e+06
   1.4823881e+06
   1.4840062e+06
   1.4853609e+06
   1.4882065e+06
   1.4902437e+06
   1.4923536e+06
   1.4934604e+06
   1.4994783e+06
   1.5412680e+06
   1.5429685e+06
   1.5440673e+06
   1.5451985e+06
   1.5465133e+06
   1.5490190e+06
   1.5502653e+06
   1.5518573e+06
   1.5557641e+06
   1.5574759e+06
   1.5585246e+06
   1.6030709e+06
   1.6044259e+06
   1.6057895e+06
   1.6082576e+06
   1.6104600e+06
   1.6127801e+06
   1.6153335e+06
   1.6171156e+06
   1.6185151e+06
   1.6195516e+06
   1.6619576e+06
   1.6634612e+06
   1.6644190e+06
   1.6657835e+06
   1.6666931e+06
   1.6695457e+06
   1.6712201e+06
   1.6729009e+06
   1.6794578e+06
   1.7210090e+06
   1.7231551e+06
   1.7251332e+06
   1.7265297e+06
   1.7287836e+06
   1.7305657e+06
   1.7326229e+06
   1.7339387e+06
   1.7368368e+06
   1.7383686e+06
   1.7399143e+06
   1.7808839e+06
   1.7822519e+06
   1.7840127e+06
   1.7856004e+06
   1.7885232e+06
   1.7898191e+06
   1.7918760e+06
   1.7929793e+06
   1.7958877e+06
   1.7986571e+06
   1.8419037e+06
   1.8435349e+06
   1.8450216e+06
   1.8461332e+06
   1.8486189e+06
   1.8503180e+06
   1.8557892e+06
   1.8573331e+06
   1.8585265e+06
   1.9012985e+06
   1.9025054e+06
   1.9041074e+06
   1.9051739e+06
   1.9064426e+06
   1.9094327e+06
   1.9108984e+06
   1.9124262e+06
   1.9137325e+06
   1.9157158e+06
   1.9169363e+06
   1.9181698e+06
   1.9192398e+06
   6.0790952e+04
   6.2169601e+04
   6.3760148e+04
   6.5405922e+04
   6.7207958e+04
   6.9331870e+04
   7.1202547e+04
   7.3384368e+04
   7.4570596e+04
   7.5998137e+04
   7.6972301e+04
   7.8626941e+04
   8.0163458e+04
   8.1045268e+04
   8.2768445e+04
   8.5534250e+04
   8.6832145e+04
   8.8062555e+04
   8.9859924e+04
   9.1074236e+04
   9.2529956e+04
   9.3706918e+04
   9.5561126e+04
   9.6715117e+04
   9.8314981e+04
   1.2173861e+05
   1.2421677e+05
   1.2663103e+05
   1.2812318e+05
   1.2965366e+05
   1.3072252e+05
   1.3189252e+05
   1.3303565e+05
   1.3429500e+05
   1.3546036e+05
   1.3630271e+05
   1.3921268e+05
   1.4039992e+05
   1.4193635e+05
   1.4281771e+05
   1.4408463e+05
   1.4599752e+05
   1.4728056e+05
   1.4858020e+05
   1.5053042e+05
   1.5218354e+05
   1.5408151e+05
   1.5550652e+05
   1.5695614e+05
   1.5798853e+05
   1.8118230e+05
   1.8346945e+05
   1.8470226e+05
   1.8576954e+05
   1.8708879e+05
   1.8830935e+05
   1.8919190e+05
   1.9037262e+05
   1.9229550e+05
   1.9404110e+05
   1.9545730e+05
   1.9707898e+05
   1.9847891e+05
   2.0034112e+05
   2.0168770e+05
   2.0285376e+05
   2.0511400e+05
   2.0607803e+05
   2.0731094e+05
   2.0882776e+05
   2.1036926e+05
   2.1198491e+05
   2.1310123e+05
   2.1476845e+05
   2.1653873e+05
   2.1763162e+05
   2.4111024e+05
   2.4283450e+05
   2.4581785e+05
   2.4715662e+05
   2.4880276e+05
   2.5019797e+05
   2.5220820e+05
   2.5367012e+05
   2.5503108e+05
   2.5752104e+05
   2.5882826e+05
   2.6013201e+05
   2.6203249e+05
   2.6287483e+05
   2.6440244e+05
   2.6573036e+05
   2.6706189e+05
   2.6828629e+05
   2.6952165e+05
   2.7065699e+05
   2.7164968e+05
   2.7251263e+05
   2.7415641e+05
   2.7673309e+05
   2.7768780e+05
   2.7924420e+05
   3.0214479e+05
   3.0328340e+05
   3.0452234e+05
   3.0555631e+05
   3.0678129e+05
   3.0847677e+05
   3.0956666e+05
   3.1277920e+05
   3.1407374e+05
   3.1620201e+05
   3.1758256e+05
   3.1861472e+05
   3.1987768e+05
   3.2116564e+05
   3.2238793e+05
   3.2373268e+05
   3.2529347e+05
   3.2660276e+05
   3.2794388e+05
   3.2912878e+05
   3.3031633e+05
   3.3151904e+05
   3.3283663e+05
   3.3550533e+05
   3.3650993e+05
   3.3836095e+05
   3.3931690e+05
   3.6233726e+05
   3.6393606e+05
   3.6556582e+05
   3.6648386e+05
   3.6758551e+05
   3.6857936e+05
   3.7025784e+05
   3.7142550e+05
   3.7260294e+05
   3.7378750e+05
   3.7516386e+05
   3.7691101e+05
   3.7819482e+05
   3.7944928e+05
   3.8066451e+05
   3.8248762e+05
   3.8379949e+05
   3.8496465e+05
   3.8616521e+05
   3.8785211e+05
   3.8906870e+05
   3.9032207e+05
   3.9148334e+05
   3.9247748e+05
   3.9374622e+05
   3.9600409e+05
   3.9779751e+05
   3.9955937e+05
   4.2180012e+05
   4.2303801e+05
   4.2418373e+05
   4.2545130e+05
   4.2681777e+05
   4.2934283e+05
   4.3134922e+05
   4.3255014e+05
   4.3397437e+05
   4.3524301e+05
   4.3671614e+05
   4.3848173e+05
   4.3967981e+05
   4.4092809e+05
   4.4231343e+05
   4.4424594e+05
   4.4549920e+05
   4.4702379e+05
   4.4849529e+05
   4.5039977e+05
   4.5160594e+05
   4.5342970e+05
   4.5521550e+05
   4.5679550e+05
   4.5880138e+05
   4.8099207e+05
   4.8202576e+05
   4.8395979e+05
   4.8549725e+05
   4.8816714e+05
   4.8926743e+05
   4.9100791e+05
   4.9229151e+05
   4.9341618e+05
   4.9467219e+05
   4.9614304e+05
   4.9784575e+05
   4.9923934e+05
   5.0019563e+05
   5.0161724e+05
   5.0270999e+05
   5.0510663e+05
   5.0674749e+05
   5.1169211e+05
   5.1297590e+05
   5.1482519e+05
   5.1682265e+05
   5.1820222e+05
   5.1916168e+05
   5.4200359e+05
   5.4376954e+05
   5.4714785e+05
   5.4826123e+05
   5.4929181e+05
   5.5051427e+05
   5.5192544e+05
   5.5308572e+05
   5.5449096e+05
   5.5669449e+05
   5.5818005e+05
   5.5965711e+05
   5.6082364e+05
   5.6248077e+05
   5.6422113e+05
   5.6667175e+05
   5.6802994e+05
   5.7009276e+05
   5.7124972e+05
   5.7231424e+05
   5.7383976e+05
   5.7660325e+05
   5.7801215e+05
   5.7939944e+05
   7.8163386e+05
   7.8347176e+05
   7.8553146e+05
   7.8696107e+05
   7.8853773e+05
   7.8983799e+05
   7.9379056e+05
   7.9601318e+05
   7.9874638e+05
   8.0106736e+05
   8.0407068e+05
   8.0553070e+05
   8.0667370e+05
   8.0861744e+05
   8.0981129e+05
   8.1095331e+05
   8.1249947e+05
   8.1393794e+05
   8.1552659e+05
   8.1797389e+05
   8.1976188e+05
   8.4247186e+05
   8.4406527e+05
   8.4584785e+05
   8.4730355e+05
   8.4985552e+05
   8.5129960e+05
   8.5481806e+05
   8.5775678e+05
   8.6058989e+05
   8.6238467e+05
   8.6414229e+05
   8.6793778e+05
   8.7259273e+05
   8.7418583e+05
   8.7697883e+05
   9.0337607e+05
   9.0445984e+05
   9.1124973e+05
   9.1344038e+05
   9.1537228e+05
   9.1708858e+05
   9.1861390e+05
   9.2429338e+05
   9.2833679e+05
   9.3060849e+05
   9.3175817e+05
   9.3368866e+05
   9.3723939e+05
   9.3885670e+05
   9.3996166e+05
   9.6345357e+05
   9.6593094e+05
   9.6803368e+05
   9.7084611e+05
   9.7423827e+05
   9.7711079e+05
   9.7874654e+05
   9.8023360e+05
   9.8207858e+05
   9.8703965e+05
   9.8990515e+05
   9.9169052e+05
   9.9445445e+05
   9.9752235e+05
   1.0214170e+06
   1.0225018e+06
   1.0242780e+06
   1.0255033e+06
   1.0270870e+06
   1.0286689e+06
   1.0300695e+06
   1.0326192e+06
   1.0378245e+06
   1.0391851e+06
   1.0411052e+06
   1.0429312e+06
   1.0448183e+06
   1.0465242e+06
   1.0498344e+06
   1.0520386e+06
   1.0538846e+06
   1.0559633e+06
   1.0580843e+06
   1.0596334e+06
   1.0819157e+06
   1.0842168e+06
   1.0872538e+06
   1.0902128e+06
   1.0920770e+06
   1.0944862e+06
   1.0972018e+06
   1.0987488e+06
   1.1001389e+06
   1.1014836e+06
   1.1035867e+06
   1.1062117e+06
   1.1084098e+06
   1.1102322e+06
   1.1116720e+06
   1.1136338e+06
   1.1151069e+06
   1.1197159e+06
   1.1418327e+06
   1.1445241e+06
   1.1478263e+06
   1.1489881e+06
   1.1506757e+06
   1.1531543e+06
   1.1544136e+06
   1.1572200e+06
   1.1587061e+06
   1.1605300e+06
   1.1719381e+06
   1.1734208e+06
   1.1752440e+06
   1.1766896e+06
   1.1790393e+06
   1.2026666e+06
   1.2054730e+06
   1.2092740e+06
   1.2108307e+06
   1.2130942e+06
   1.2144275e+06
   1.2161974e+06
   1.2213817e+06
   1.2236383e+06
   1.2250069e+06
   1.2269261e+06
   1.2295729e+06
   1.2346600e+06
   1.2357960e+06
   1.2624217e+06
   1.2640116e+06
   1.2649593e+06
   1.2665942e+06
   1.2691801e+06
   1.2711707e+06
   1.2731923e+06
   1.2758457e+06
   1.2784498e+06
   1.2819584e+06
   1.2842350e+06
   1.2862424e+06
   1.2898287e+06
   1.2918212e+06
   1.2932250e+06
   1.2984018e+06
   1.3213389e+06
   1.3225893e+06
   1.3258605e+06
   1.3284728e+06
   1.3296274e+06
   1.3315567e+06
   1.3329595e+06
   1.3377016e+06
   1.3401940e+06
   1.3425525e+06
   1.3452429e+06
   1.3473655e+06
   1.3488445e+06
   1.3556927e+06
   1.3810975e+06
   1.3862842e+06
   1.3883565e+06
   1.3907116e+06
   1.3931898e+06
   1.4047720e+06
   1.4070020e+06
   1.4094276e+06
   1.4122742e+06
   1.4173585e+06
   1.4426967e+06
   1.4453695e+06
   1.4469557e+06
   1.4491234e+06
   1.4531468e+06
   1.4542420e+06
   1.4559263e+06
   1.4607456e+06
   1.4649403e+06
   1.4667511e+06
   1.4695900e+06
   1.4713955e+06
   1.4740786e+06
   1.4759755e+06
   1.4780359e+06
   1.4794338e+06
   1.5035137e+06
   1.5051863e+06
   1.5065411e+06
   1.5090172e+06
   1.5103433e+06
   1.5126658e+06
   1.5148060e+06
   1.5168229e+06
   1.5188165e+06
   1.5200973e+06
   1.5220694e+06
   1.5245658e+06
   1.5291058e+06
   1.5305062e+06
   1.5350244e+06
   1.5371151e+06
   1.5383341e+06
   1.5609318e+06
   1.5623055e+06
   1.5682355e+06
   1.5694284e+06
   1.5717552e+06
   1.5736576e+06
   1.5762287e+06
   1.5786324e+06
   1.5806741e+06
   1.5833104e+06
   1.5869800e+06
   1.5895119e+06
   1.5907008e+06
   1.5953467e+06
   1.5970502e+06
   1.5987996e+06
   1.6236149e+06
   1.6261635e+06
   1.6288557e+06
   1.6305833e+06
   1.6324897e+06
   1.6345475e+06
   1.6388365e+06
   1.6399726e+06
   1.6427995e+06
   1.6441256e+06
   1.6453247e+06
   1.6478886e+06
   1.6496132e+06
   1.6512040e+06
   1.6538143e+06
   1.6551791e+06
   1.6569239e+06
   1.6592877e+06
   1.6878784e+06
   1.6902053e+06
   1.6923354e+06
   1.6968839e+06
   1.6994622e+06
   1.7011605e+06
   1.7034652e+06
   1.7046187e+06
   1.7066043e+06
   1.7087964e+06
   1.7102552e+06
   1.7116551e+06
   1.7147227e+06
   1.7165781e+06
   1.7180069e+06
   1.7197952e+06
   1.7416364e+06
   1.7432764e+06
   1.7447510e+06
   1.7465389e+06
   1.7487817e+06
   1.7501009e+06
   1.7526569e+06
   1.7551321e+06
   1.7565091e+06
   1.7602965e+06
   1.7636269e+06
   1.7653266e+06
   1.7668813e+06
   1.7689222e+06
   1.7703372e+06
   1.8038637e+06
   1.8064900e+06
   1.8081633e+06
   1.8106527e+06
   1.8120876e+06
   1.8139287e+06
   1.8152448e+06
   1.8166074e+06
   1.8194004e+06
   1.8220812e+06
   1.8231258e+06
   1.8250001e+06
   1.8301123e+06
   1.8320754e+06
   1.8337018e+06
   1.8361873e+06
   1.8610603e+06
   1.8627273e+06
   1.8662315e+06
   1.8682374e+06
   1.8700630e+06
   1.8721999e+06
   1.8736582e+06
   1.8749256e+06
   1.8760198e+06
   1.8778432e+06
   1.8798974e+06
   1.8818514e+06
   1.8834785e+06
   1.8852517e+06
   1.8879259e+06
   1.8911575e+06
   1.8944528e+06
   1.8977075e+06
   1.8997835e+06
   1.8893409e+06
   1.8912045e+06
   1.8931486e+06
   1.8948372e+06
   1.8956965e+06
   1.8971997e+06
   1.8986438e+06
