   2.9387034e+02
   7.4616513e+02
   9.9078026e+02
   1.5341719e+03
   1.7144864e+03
   2.7405302e+03
   3.4953177e+03
   4.7280722e+03
   5.0404072e+03
   5.2719050e+03
   5.7022360e+03
   5.9452143e+03
   6.3529472e+03
   6.8139061e+03
   7.4720880e+03
   8.5593474e+03
   9.0139247e+03
   1.0446217e+04
   1.0744111e+04
   1.1164840e+04
   4.0423491e+04
   4.0736296e+04
   4.1055811e+04
   4.1231920e+04
   4.1445833e+04
   4.1857195e+04
   4.3005972e+04
   6.0260591e+04
   6.0525494e+04
   6.1021360e+04
   6.1914651e+04
   6.2459125e+04
   6.3495866e+04
   6.3801343e+04
   6.4275817e+04
   6.4662543e+04
   6.5278733e+04
   6.5740522e+04
   6.6271455e+04
   6.6740514e+04
   6.7162854e+04
   6.8172951e+04
   6.8644077e+04
   6.9252282e+04
   7.0641626e+04
   7.1050995e+04
   7.1904940e+04
   7.2425978e+04
   7.2887369e+04
   7.4089351e+04
   7.4638588e+04
   7.5186712e+04
   7.5631529e+04
   7.5979993e+04
   7.6770973e+04
   7.7941471e+04
   7.8513765e+04
   7.8986564e+04
   8.0887581e+04
   8.1336157e+04
   8.1936826e+04
   8.2329945e+04
   8.2567223e+04
   8.2931488e+04
   8.3145889e+04
   8.3347664e+04
   8.3555664e+04
   8.5252311e+04
   8.5729133e+04
   8.6653429e+04
   8.7157512e+04
   8.7431401e+04
   8.8184348e+04
   8.8953009e+04
   8.9247585e+04
   9.0622850e+04
   9.1124811e+04
   9.1356225e+04
   9.1689284e+04
   9.2058086e+04
   9.2529777e+04
   9.2888369e+04
   9.3090072e+04
   9.3573698e+04
   9.4088611e+04
   9.4511017e+04
   9.4839765e+04
   9.5111575e+04
   9.5592094e+04
   9.6049552e+04
   9.7997725e+04
   9.8417312e+04
   9.8697301e+04
   9.9869930e+04
   1.0027247e+05
   1.0118884e+05
   1.0147642e+05
   1.0170646e+05
   1.0194533e+05
   1.0227549e+05
   1.0244211e+05
   1.0269723e+05
   1.0305305e+05
   1.0376937e+05
   1.0400281e+05
   1.0433332e+05
   1.0463915e+05
   1.0494654e+05
   1.0536128e+05
   1.0556449e+05
   1.0576933e+05
   1.0612988e+05
   1.0635346e+05
   1.0657865e+05
   1.0684975e+05
   1.0741817e+05
   1.0763263e+05
   1.1093357e+05
   1.1122161e+05
   1.1142718e+05
   1.1164709e+05
   1.1186417e+05
   1.1210203e+05
   1.1224269e+05
   1.1275102e+05
   1.1299165e+05
   1.1337213e+05
   1.1433723e+05
   1.1448468e+05
   1.1461209e+05
   1.1476046e+05
   1.1495461e+05
   1.1520542e+05
   1.1540093e+05
   1.1562398e+05
   1.1588410e+05
   1.1607134e+05
   1.1630032e+05
   1.1648134e+05
   1.1664167e+05
   1.1698880e+05
   1.1716336e+05
   1.1729409e+05
   1.1745152e+05
   1.1760143e+05
   1.1780710e+05
   1.1801162e+05
   1.1819978e+05
   1.1843759e+05
   1.1857442e+05
   1.1872248e+05
   1.1897142e+05
   1.1916354e+05
   1.1952052e+05
   1.1972830e+05
   1.1984347e+05
   1.2151733e+05
   1.2189088e+05
   1.2407326e+05
   1.2463520e+05
   1.2566529e+05
   1.2594202e+05
   1.2631073e+05
   1.2684054e+05
   1.3603474e+05
   1.3637093e+05
   1.3691464e+05
   1.3729882e+05
   1.3999389e+05
   1.4031709e+05
   1.4064676e+05
   1.4108499e+05
   1.4314169e+05
   1.4348144e+05
   1.4378221e+05
   1.4503761e+05
   1.4558204e+05
   1.4630309e+05
   1.4655238e+05
   1.4679198e+05
   1.4712771e+05
   1.4768142e+05
   1.4789949e+05
   1.4819570e+05
   1.4870278e+05
   1.4919951e+05
   1.5108678e+05
   1.5192815e+05
   1.5338915e+05
   1.5429673e+05
   1.5501388e+05
   1.5576136e+05
   1.5604790e+05
   1.5657909e+05
   1.5681380e+05
   1.5767850e+05
   1.5891857e+05
   1.5954086e+05
   1.6011698e+05
   1.6029423e+05
   1.6043528e+05
   1.6057160e+05
   1.6078208e+05
   1.6091327e+05
   1.6112185e+05
   1.6129775e+05
   1.6151182e+05
   1.6170280e+05
   1.6194539e+05
   1.6219338e+05
   1.6232723e+05
   1.6249065e+05
   1.6263438e+05
   1.6278436e+05
   1.6295607e+05
   1.6313378e+05
   1.6326470e+05
   1.6339253e+05
   1.6356950e+05
   1.6371037e+05
   1.6384678e+05
   1.6402280e+05
   1.6421983e+05
   1.6448951e+05
   1.6467812e+05
   1.6481221e+05
   1.6509733e+05
   1.6530853e+05
   1.6546116e+05
   1.6559617e+05
   1.6581890e+05
   1.6605731e+05
   1.6620923e+05
   1.6636511e+05
   1.6652169e+05
   1.6670348e+05
   1.6686673e+05
   1.6727260e+05
   1.6736415e+05
   1.6750804e+05
   1.6765673e+05
   1.6778492e+05
   1.6792830e+05
   1.6803990e+05
   1.6817349e+05
   1.6834020e+05
   1.6849845e+05
   1.6876854e+05
   1.6897524e+05
   1.6912229e+05
   1.6926166e+05
   1.6938487e+05
   1.6949572e+05
   1.6969592e+05
   1.6986154e+05
   1.6999527e+05
   1.7014266e+05
   1.7030789e+05
   1.7046046e+05
   1.7063066e+05
   1.7080150e+05
   1.7095488e+05
   1.7112870e+05
   1.7128502e+05
   1.7143121e+05
   1.7163988e+05
   1.7177016e+05
   1.7187840e+05
   1.7200383e+05
   1.7214612e+05
   1.7230240e+05
   1.7258688e+05
   1.7278891e+05
   1.7290916e+05
   1.7305176e+05
   1.7321989e+05
   1.7333922e+05
   1.7345945e+05
   1.7357986e+05
   1.7369968e+05
   1.7381699e+05
   1.7396420e+05
   1.7436476e+05
   1.7469006e+05
   1.7488447e+05
   1.7513147e+05
   1.7530647e+05
   1.7551618e+05
   1.7575009e+05
   1.7622401e+05
   1.7655377e+05
   1.7670880e+05
   1.7688180e+05
   1.7705481e+05
   1.7730411e+05
   1.7750867e+05
   1.7767996e+05
   1.7784061e+05
   1.7810457e+05
   1.7827119e+05
   1.7844735e+05
   1.7866355e+05
   1.7895711e+05
   1.7954397e+05
   1.7970459e+05
   1.7990095e+05
   1.8060209e+05
   1.8541077e+05
   1.8595547e+05
   1.8833382e+05
   1.8875826e+05
   1.8939348e+05
   1.8970979e+05
   1.9019554e+05
   1.9069301e+05
   2.0141122e+05
   2.0183219e+05
   2.0237873e+05
   2.0285562e+05
   2.0329330e+05
   2.0367415e+05
   2.0467339e+05
   2.0534464e+05
   2.0616425e+05
   2.0663786e+05
   2.0712383e+05
   2.0813902e+05
   2.0850279e+05
   2.0985731e+05
   2.1012219e+05
   2.1051445e+05
   2.1077978e+05
   2.1125963e+05
   2.1171714e+05
   2.1243868e+05
   2.1299895e+05
   2.1333970e+05
   2.1381874e+05
   2.1458875e+05
   2.1486765e+05
   2.1517471e+05
   2.1550309e+05
   2.1582212e+05
   2.1612706e+05
   2.1971817e+05
   2.2017645e+05
   2.2034568e+05
   2.2059817e+05
   2.2074940e+05
   2.2107709e+05
   2.2122384e+05
   2.2138715e+05
   2.2153148e+05
   2.2179651e+05
   2.2194326e+05
   2.2214499e+05
   2.2230899e+05
   2.2244014e+05
   2.2260301e+05
   2.2289288e+05
   2.2305547e+05
   2.2322069e+05
   2.2342107e+05
   2.2358597e+05
   2.2375122e+05
   2.2389949e+05
   2.2403970e+05
   2.2432043e+05
   2.2448516e+05
   2.2463142e+05
   2.2499072e+05
   2.2518874e+05
   2.2541884e+05
   2.2555913e+05
   2.2574744e+05
   2.2592862e+05
   2.2606483e+05
   2.2622287e+05
   2.2645245e+05
   2.2667863e+05
   2.2693539e+05
   2.2721621e+05
   2.2735808e+05
   2.2749189e+05
   2.2762944e+05
   2.2775762e+05
   2.2791428e+05
   2.2803940e+05
   2.2818036e+05
   2.2833427e+05
   2.2851676e+05
   2.2863636e+05
   2.2880282e+05
   2.2894622e+05
   2.2916567e+05
   2.2929879e+05
   2.2948578e+05
   2.2962594e+05
   2.2978695e+05
   2.2995915e+05
   2.3015296e+05
   2.3032331e+05
   2.3046806e+05
   2.3060216e+05
   2.3079887e+05
   2.3098463e+05
   2.3117870e+05
   2.3130590e+05
   2.3149002e+05
   2.3161631e+05
   2.3177822e+05
   2.3196149e+05
   2.3206639e+05
   2.3222017e+05
   2.3234956e+05
   2.3248632e+05
   2.3258475e+05
   2.3271375e+05
   2.3295821e+05
   2.3312123e+05
   2.3325979e+05
   2.3341374e+05
   2.3355965e+05
   2.3370678e+05
   2.3386964e+05
   2.3443837e+05
   2.3462933e+05
   2.3499197e+05
   2.3524337e+05
   2.3550984e+05
   2.3585106e+05
   2.3634912e+05
   2.3686626e+05
   2.3793243e+05
   2.3838044e+05
   2.3868622e+05
   2.3935524e+05
   2.3978794e+05
   2.3998837e+05
   2.4110455e+05
   2.4263905e+05
   2.4290299e+05
   2.4340890e+05
   2.4372143e+05
   2.4456923e+05
   2.4596988e+05
   2.4631362e+05
   2.4669547e+05
   2.4709298e+05
   2.4763285e+05
   2.4830441e+05
   2.4891700e+05
   2.4925263e+05
   2.4962421e+05
   2.5009858e+05
   2.5127728e+05
   2.5378491e+05
   2.5410975e+05
   2.5556679e+05
   2.5591102e+05
   2.5620042e+05
   2.5666718e+05
   2.5695038e+05
   2.5878925e+05
   2.5922210e+05
   2.5944924e+05
   2.6006042e+05
   2.6327722e+05
   2.6436044e+05
   2.6495293e+05
   2.6571127e+05
   2.6722962e+05
   2.6755258e+05
   2.6799332e+05
   2.6902880e+05
   2.6933414e+05
   2.6962936e+05
   2.7011875e+05
   2.7079823e+05
   2.7280882e+05
   2.7425960e+05
   2.7457221e+05
   2.8044607e+05
   2.8069291e+05
   2.8120997e+05
   2.8145469e+05
   2.8180076e+05
   2.8202927e+05
   2.8222610e+05
   2.8245882e+05
   2.8284065e+05
   2.8307577e+05
   2.8331885e+05
   2.8354754e+05
   2.8369375e+05
   2.8399334e+05
   2.8437514e+05
   2.8464078e+05
   2.8483423e+05
   2.8505893e+05
   2.8523384e+05
   2.8557960e+05
   2.8575279e+05
   2.8626533e+05
   2.8650790e+05
   2.8691493e+05
   2.8755323e+05
   2.8776166e+05
   2.8798726e+05
   2.8818068e+05
   2.8837281e+05
   2.8858114e+05
   2.8876925e+05
   2.8903444e+05
   2.8925595e+05
   2.8944319e+05
   2.8964583e+05
   2.8993721e+05
   2.9014213e+05
   2.9075756e+05
   2.9145972e+05
   2.9170376e+05
   2.9192997e+05
   2.9213473e+05
   2.9241696e+05
   2.9270082e+05
   2.9304888e+05
   2.9329224e+05
   2.9384085e+05
   2.9443585e+05
   2.9470433e+05
   2.9509545e+05
   2.9565139e+05
   2.9618866e+05
   2.9641878e+05
   2.9687529e+05
   2.9712628e+05
   2.9733270e+05
   2.9751977e+05
   2.9791013e+05
   2.9836561e+05
   2.9883060e+05
   2.9903159e+05
   2.9930006e+05
   2.9962208e+05
   2.9998192e+05
   3.0032824e+05
   3.0069935e+05
   3.0189445e+05
   3.0216501e+05
   3.0330549e+05
   3.0381804e+05
   3.0448636e+05
   3.1496119e+05
   3.1581596e+05
   3.1614053e+05
   3.1741074e+05
   3.1893419e+05
   3.1945016e+05
   3.2199363e+05
   3.2232113e+05
   3.2284896e+05
   3.2321464e+05
   3.2349033e+05
   3.2452579e+05
   3.2512776e+05
   3.2559709e+05
   3.2620094e+05
   3.2638872e+05
   3.2681242e+05
   3.2730735e+05
   3.2823437e+05
   3.2905446e+05
   3.2956097e+05
   3.2987306e+05
   3.3027024e+05
   3.3172470e+05
   3.3237239e+05
   3.3281099e+05
   3.3310021e+05
   3.3401476e+05
   3.3497888e+05
   3.3521913e+05
   3.3574614e+05
   3.3641533e+05
   3.4018103e+05
   3.4034333e+05
   3.4048022e+05
   3.4067057e+05
   3.4094145e+05
   3.4109898e+05
   3.4131433e+05
   3.4151559e+05
   3.4166568e+05
   3.4179257e+05
   3.4203943e+05
   3.4225494e+05
   3.4236952e+05
   3.4252053e+05
   3.4268141e+05
   3.4289054e+05
   3.4306218e+05
   3.4322505e+05
   3.4342554e+05
   3.4355801e+05
   3.4372607e+05
   3.4387505e+05
   3.4407232e+05
   3.4433258e+05
   3.4456250e+05
   3.4473723e+05
   3.4486012e+05
   3.4506833e+05
   3.4526647e+05
   3.4545423e+05
   3.4572175e+05
   3.4586889e+05
   3.4607147e+05
   3.4627779e+05
   3.4646729e+05
   3.4663646e+05
   3.4683712e+05
   3.4698639e+05
   3.4752308e+05
   3.4780407e+05
   3.4801367e+05
   3.4826017e+05
   3.4840088e+05
   3.4861382e+05
   3.4879591e+05
   3.4903662e+05
   3.4935085e+05
   3.4951360e+05
   3.4965807e+05
   3.4986099e+05
   3.5006916e+05
   3.5029209e+05
   3.5053990e+05
   3.5071426e+05
   3.5087288e+05
   3.5104261e+05
   3.5125348e+05
   3.5142498e+05
   3.5183852e+05
   3.5214958e+05
   3.5235304e+05
   3.5256692e+05
   3.5275646e+05
   3.5294233e+05
   3.5309055e+05
   3.5340754e+05
   3.5359807e+05
   3.5378270e+05
   3.5394075e+05
   3.5452536e+05
   3.5472035e+05
   3.5562893e+05
   3.5688832e+05
   3.5717711e+05
   3.5760147e+05
   3.5828544e+05
   3.5849625e+05
   3.5885039e+05
   3.6029631e+05
   3.6059989e+05
   3.6130441e+05
   3.6156201e+05
   3.6205034e+05
   3.6283128e+05
   3.6311100e+05
   3.6341560e+05
   3.6389528e+05
   3.6432318e+05
   3.6466726e+05
   3.6491441e+05
   3.6743024e+05
   3.6781577e+05
   3.6804193e+05
   3.6836827e+05
   3.6903199e+05
   3.6952503e+05
   3.6989941e+05
   3.7051169e+05
   3.7136696e+05
   3.8219671e+05
   3.8289641e+05
   3.8324467e+05
   3.8628793e+05
   3.8782776e+05
   3.8829332e+05
   3.8856708e+05
   3.8892378e+05
   3.8917758e+05
   3.9069224e+05
   3.9092476e+05
   3.9120905e+05
   3.9172343e+05
   3.9257966e+05
   3.9420450e+05
   3.9467687e+05
   3.9576505e+05
   3.9604509e+05
   3.9641493e+05
   3.9689749e+05
   3.9780194e+05
   3.9820505e+05
   3.9857021e+05
   3.9899320e+05
   3.9984847e+05
   4.0034152e+05
   4.0054293e+05
   4.0455214e+05
   4.0476887e+05
   4.0517510e+05
   4.0539404e+05
   4.0581253e+05
   4.0611492e+05
   4.0629322e+05
   4.0680413e+05
   4.0747804e+05
   4.0820562e+05
   4.0844168e+05
   4.0970544e+05
   4.1016982e+05
   4.1145716e+05
   4.1169293e+05
   4.1213974e+05
   4.1239528e+05
   4.1260301e+05
   4.1338797e+05
   4.1376248e+05
   4.1426861e+05
   4.1452029e+05
   4.1475439e+05
   4.1514487e+05
   4.1548659e+05
   4.1582219e+05
   4.1649712e+05
   4.1671836e+05
   4.1689858e+05
   4.1718626e+05
   4.1764285e+05
   4.1785611e+05
   4.1809779e+05
   4.1902606e+05
   4.1931930e+05
   4.1952114e+05
   4.1973993e+05
   4.2054170e+05
   4.2110924e+05
   4.2154551e+05
   4.2966154e+05
   4.3014482e+05
   4.3195270e+05
   4.3409950e+05
   4.3475704e+05
   4.3531182e+05
   4.3555757e+05
   4.3738221e+05
   4.3782619e+05
   4.3925790e+05
   4.3965860e+05
   4.4131394e+05
   4.4156863e+05
   4.4187855e+05
   4.4286646e+05
   4.4331205e+05
   4.4366343e+05
   4.4446520e+05
   4.4493319e+05
   4.4516814e+05
   4.4593572e+05
   4.4707519e+05
   4.4737117e+05
   4.4839764e+05
   4.4979775e+05
   4.5044217e+05
   4.5186319e+05
   4.5237808e+05
   4.5269961e+05
   4.5786344e+05
   4.5826322e+05
   4.5859428e+05
   4.5932736e+05
   4.5967848e+05
   4.6040891e+05
   4.6224729e+05
   4.6251574e+05
   4.6298611e+05
   4.6353336e+05
   4.6412644e+05
   4.6493364e+05
   4.6559688e+05
   4.6594593e+05
   4.6723938e+05
   4.6741183e+05
   4.6766068e+05
   4.6778157e+05
   4.6795172e+05
   4.6810651e+05
   4.6825774e+05
   4.6845329e+05
   4.6871605e+05
   4.6885807e+05
   4.6898820e+05
   4.6910404e+05
   4.6933887e+05
   4.6947385e+05
   4.6965311e+05
   4.6979064e+05
   4.6993567e+05
   4.7017080e+05
   4.7035578e+05
   4.7050945e+05
   4.7070036e+05
   4.7084761e+05
   4.7102389e+05
   4.7117423e+05
   4.7132015e+05
   4.7146022e+05
   4.7160354e+05
   4.7176932e+05
   4.7193549e+05
   4.7208302e+05
   4.7222571e+05
   4.7236866e+05
   4.7252511e+05
   4.7267941e+05
   4.7279983e+05
   4.7295517e+05
   4.7317128e+05
   4.7335349e+05
   4.7361758e+05
   4.7375047e+05
   4.7395423e+05
   4.7432327e+05
   4.7481854e+05
   4.7511086e+05
   4.7558149e+05
   4.7714426e+05
   4.7762520e+05
   4.7813522e+05
   4.7846407e+05
   4.7887430e+05
   4.7910109e+05
   4.7942812e+05
   4.7976062e+05
   4.8046234e+05
   4.8076929e+05
   4.8599514e+05
   4.8637743e+05
   4.8684221e+05
   4.8743291e+05
   4.8836291e+05
   5.1558367e+05
   5.1638675e+05
   5.1808706e+05
   5.1864909e+05
   5.1920177e+05
   5.1950269e+05
   5.1998655e+05
   5.2029137e+05
   5.2082196e+05
   5.2333718e+05
   5.2385167e+05
   5.2423586e+05
   5.2463224e+05
   5.2491471e+05
   5.2519041e+05
   5.2562319e+05
   5.2626964e+05
   5.2730151e+05
   5.2743804e+05
   5.2756875e+05
   5.2776977e+05
   5.2792837e+05
   5.2806993e+05
   5.2829948e+05
   5.2842789e+05
   5.2873339e+05
   5.2887204e+05
   5.2904746e+05
   5.2928222e+05
   5.2949520e+05
   5.2970826e+05
   5.2990879e+05
   5.3013552e+05
   5.3029648e+05
   5.3047253e+05
   5.3059861e+05
   5.3076722e+05
   5.3100813e+05
   5.3125593e+05
   5.3135944e+05
   5.3155339e+05
   5.3173841e+05
   5.3190597e+05
   5.3210046e+05
   5.3250188e+05
   5.3266150e+05
   5.3281555e+05
   5.3293895e+05
   5.3310292e+05
   5.3325926e+05
   5.3341759e+05
   5.3358890e+05
   5.3376241e+05
   5.3395232e+05
   5.3433209e+05
   5.3447696e+05
   5.3464143e+05
   5.3487236e+05
   5.3510469e+05
   5.3528199e+05
   5.3539143e+05
   5.3557949e+05
   5.3574597e+05
   5.3588883e+05
   5.3608764e+05
   5.3634662e+05
   5.3655642e+05
   5.3674587e+05
   5.3690128e+05
   5.3711997e+05
   5.3732561e+05
   5.3754795e+05
   5.3771983e+05
   5.3789142e+05
   5.3807068e+05
   5.3823031e+05
   5.3837329e+05
   5.3854189e+05
   5.3869540e+05
   5.3892134e+05
   5.3908957e+05
   5.3920516e+05
   5.3940375e+05
   5.3953336e+05
   5.3984301e+05
   5.3999972e+05
   5.4024523e+05
   5.4082989e+05
   5.4125386e+05
   5.4154182e+05
   5.4203952e+05
   5.4313062e+05
   5.4421683e+05
   5.4486177e+05
   5.4532899e+05
   5.4574222e+05
   5.4624657e+05
   5.4649223e+05
   5.4701311e+05
   5.4789104e+05
   5.4819774e+05
   5.5210500e+05
   5.5375555e+05
   5.5528349e+05
   5.5572425e+05
   5.5691396e+05
   5.5739738e+05
   5.5772045e+05
   5.5800990e+05
   5.5944834e+05
   5.6332963e+05
   5.6365566e+05
   5.6418271e+05
   5.6535811e+05
   5.6566052e+05
   5.8037354e+05
   5.8069904e+05
   5.8132507e+05
   5.8161599e+05
   5.8191240e+05
   5.8226552e+05
   5.8267728e+05
   5.8286358e+05
   5.8309854e+05
   5.8403284e+05
   5.8440290e+05
   5.8501719e+05
   5.8530823e+05
   5.8577776e+05
   5.8656049e+05
   5.8679238e+05
   5.8741587e+05
   5.8768574e+05
   5.8801687e+05
   5.8843728e+05
   5.8861528e+05
   5.8888162e+05
   5.8907439e+05
   5.8936596e+05
   5.8964321e+05
   5.8989535e+05
   5.9022005e+05
   5.9048729e+05
   5.9157029e+05
   5.9191541e+05
   5.9210450e+05
   5.9237299e+05
   5.9477227e+05
   5.9489852e+05
   5.9501595e+05
   5.9512863e+05
   5.9535886e+05
   5.9549423e+05
   5.9568258e+05
   5.9582344e+05
   5.9593373e+05
   5.9606588e+05
   5.9630564e+05
   5.9646337e+05
   5.9672771e+05
   5.9682852e+05
   5.9694431e+05
   5.9706507e+05
   5.9722548e+05
   5.9739393e+05
   5.9754553e+05
   5.9775648e+05
   5.9791368e+05
   5.9808093e+05
   5.9824095e+05
   5.9841687e+05
   5.9856380e+05
   5.9880518e+05
   5.9892701e+05
   5.9905127e+05
   5.9916262e+05
   5.9931449e+05
   5.9947602e+05
   5.9966281e+05
   5.9989379e+05
   6.0036211e+05
   6.0115253e+05
   6.0165797e+05
   6.0234306e+05
   6.0464356e+05
   6.0503472e+05
   6.0548917e+05
   6.0604676e+05
   6.0685526e+05
   6.0722405e+05
   6.0770687e+05
   6.0818583e+05
   6.0882910e+05
   6.0936773e+05
   6.0971841e+05
   6.1118656e+05
   6.1163509e+05
   6.1233912e+05
   6.1304619e+05
   6.1457264e+05
   6.1524219e+05
   6.1556270e+05
   6.1601814e+05
   6.1625979e+05
   6.1669828e+05
   6.1754851e+05
   6.1865772e+05
   6.2024700e+05
   6.2091693e+05
   6.2116796e+05
   6.2154722e+05
   6.2279074e+05
   6.2325684e+05
   6.2345976e+05
   6.2396395e+05
   6.2470476e+05
   6.2538880e+05
   6.2860246e+05
   6.2899612e+05
   6.3016527e+05
   6.3080695e+05
   6.3210599e+05
   6.3342000e+05
   6.3378793e+05
   6.3429942e+05
   6.3559897e+05
   6.3598131e+05
   6.4012477e+05
   6.4078571e+05
   6.4159522e+05
   6.4199855e+05
   6.4220445e+05
   6.4267327e+05
   6.4329387e+05
   6.4362261e+05
   6.4402398e+05
   6.4429884e+05
   6.4474797e+05
   6.4536096e+05
   6.4562908e+05
   6.4612633e+05
   6.4682849e+05
   6.4733377e+05
   6.4895905e+05
   6.4949975e+05
   6.5053410e+05
   6.5094840e+05
   6.5216903e+05
   6.5251772e+05
   6.5292864e+05
   6.5346134e+05
   6.5441666e+05
   6.5477493e+05
   6.5545092e+05
   6.5735886e+05
   6.5824087e+05
   6.5861098e+05
   6.5898175e+05
   6.5935647e+05
   6.5967855e+05
   6.6016772e+05
   6.6056606e+05
   6.6076510e+05
   6.6367022e+05
   6.6467407e+05
   6.6688543e+05
   6.6732868e+05
   6.6754501e+05
   6.6789216e+05
   6.6808871e+05
   6.6983865e+05
   6.7100276e+05
   6.7134614e+05
   6.7833019e+05
   6.7856192e+05
   6.7891504e+05
   6.8187707e+05
   6.8281102e+05
   6.8371245e+05
   6.8406261e+05
   6.8462107e+05
   6.8554565e+05
   6.8625645e+05
   6.8706936e+05
   6.8815419e+05
   6.8860101e+05
   6.8979769e+05
   6.9042321e+05
   6.9085155e+05
   6.9152834e+05
   6.9185311e+05
   6.9280999e+05
   6.9344387e+05
   6.9399425e+05
   6.9449805e+05
   6.9484065e+05
   6.9549273e+05
   6.9703289e+05
   6.9755293e+05
   6.9790460e+05
   6.9824846e+05
   6.9861573e+05
   6.9913752e+05
   6.9969610e+05
   7.0016694e+05
   7.0154720e+05
   7.0193468e+05
   7.0234792e+05
   7.0267070e+05
   7.0365308e+05
   7.0389680e+05
   7.0433987e+05
   7.0466636e+05
   7.0577128e+05
   7.0619596e+05
   7.0647683e+05
   7.0733595e+05
   7.0769413e+05
   7.0885129e+05
   7.0921547e+05
   7.0973678e+05
   7.1007526e+05
   7.1042708e+05
   7.1126574e+05
   7.1171091e+05
   7.2037937e+05
   7.2066184e+05
   7.2169988e+05
   7.2226255e+05
   7.6018051e+05
   7.6238998e+05
   7.6359999e+05
   7.6408108e+05
   7.6439176e+05
   7.6455070e+05
   7.6477314e+05
   7.6523860e+05
   7.6575317e+05
   7.6598814e+05
   7.6834749e+05
   7.6863099e+05
   7.6889385e+05
   7.6936248e+05
   7.6957229e+05
   7.6980833e+05
   7.7045878e+05
   7.7072098e+05
   7.7094024e+05
   7.7122910e+05
   7.7145017e+05
   7.7235588e+05
   7.7243657e+05
   7.7277997e+05
   7.7317026e+05
   7.7350093e+05
   7.7372886e+05
   7.7390802e+05
   7.7438868e+05
   7.7447931e+05
   7.7466229e+05
   7.7480509e+05
   7.7493096e+05
   7.7507448e+05
   7.7520918e+05
   7.7535530e+05
   7.7555026e+05
   7.7570445e+05
   7.7583998e+05
   7.7608004e+05
   7.7629521e+05
   7.7639984e+05
   7.7660770e+05
   7.7670196e+05
   7.7684749e+05
   7.7695912e+05
   7.7709818e+05
   7.7742301e+05
   7.7760600e+05
   7.7771121e+05
   7.7781846e+05
   7.7798884e+05
   7.7810256e+05
   7.7822210e+05
   7.7837466e+05
   7.7848813e+05
   7.7863965e+05
   7.7876892e+05
   7.7894400e+05
   7.7908799e+05
   7.7924329e+05
   7.7944563e+05
   7.7961144e+05
   7.7990567e+05
   7.8058759e+05
   7.8106285e+05
   7.8133051e+05
   7.8193884e+05
   7.8341852e+05
   7.8408608e+05
   7.8456926e+05
   7.8510487e+05
   7.8547320e+05
   7.8916508e+05
   7.8939469e+05
   7.8970027e+05
   7.8996241e+05
   8.2020278e+05
   8.2035628e+05
   8.2061750e+05
   8.2079191e+05
   8.2100880e+05
   8.2116629e+05
   8.2131578e+05
   8.2150796e+05
   8.2177450e+05
   8.2188421e+05
   8.2204381e+05
   8.2235008e+05
   8.2248979e+05
   8.2263487e+05
   8.2285463e+05
   8.2307767e+05
   8.2328084e+05
   8.2353136e+05
   8.2369926e+05
   8.2394547e+05
   8.2434698e+05
   8.2455793e+05
   8.2469562e+05
   8.2485917e+05
   8.2499967e+05
   8.2515989e+05
   8.2534636e+05
   8.2558195e+05
   8.2573440e+05
   8.2590791e+05
   8.2610597e+05
   8.2634434e+05
   8.2659202e+05
   8.2673595e+05
   8.2691519e+05
   8.2722557e+05
   8.2737736e+05
   8.2751308e+05
   8.2784821e+05
   8.2813516e+05
   8.2828145e+05
   8.2869230e+05
   8.2885338e+05
   8.2910396e+05
   8.2927973e+05
   8.2942840e+05
   8.2964135e+05
   8.2986389e+05
   8.3003301e+05
   8.3028296e+05
   8.3043174e+05
   8.3059970e+05
   8.3080244e+05
   8.3105236e+05
   8.3167334e+05
   8.3193933e+05
   8.3215283e+05
   8.3236883e+05
   8.3256241e+05
   8.3278432e+05
   8.3292755e+05
   8.3308922e+05
   8.3323768e+05
   8.3344233e+05
   8.3355291e+05
   8.3428656e+05
   8.3474667e+05
   8.3506022e+05
   8.3527524e+05
   8.3606419e+05
   8.3625455e+05
   8.3693619e+05
   8.3773461e+05
   8.3801661e+05
   8.3851390e+05
   8.3870690e+05
   8.3884648e+05
   8.3904653e+05
   8.3996437e+05
   8.4070973e+05
   8.4135466e+05
   8.4172972e+05
   8.4215037e+05
   8.4240856e+05
   8.4257402e+05
   8.4281600e+05
   8.4423622e+05
   8.4546248e+05
   8.4615269e+05
   8.4833532e+05
   8.4906749e+05
   8.5050869e+05
   8.5080878e+05
   8.5107225e+05
   8.5131877e+05
   8.5330799e+05
   8.5371958e+05
   8.5392985e+05
   8.5473671e+05
   8.5507052e+05
   8.5531700e+05
   8.5633751e+05
   8.5693117e+05
   8.5741277e+05
   8.5935248e+05
   8.6016815e+05
   8.6131476e+05
   8.6203366e+05
   8.6223568e+05
   8.6235700e+05
   8.6706443e+05
   8.6753587e+05
   8.6831731e+05
   8.6863859e+05
   8.6881768e+05
   8.6914811e+05
   8.6937666e+05
   8.6969202e+05
   8.7009120e+05
   8.7034914e+05
   8.7099182e+05
   8.7137673e+05
   8.7176574e+05
   8.7203596e+05
   8.7217926e+05
   8.7244553e+05
   8.7452243e+05
   8.7487869e+05
   8.7536506e+05
   8.7742644e+05
   8.7770619e+05
   8.7861407e+05
   8.7886172e+05
   8.7979165e+05
   8.8010587e+05
   8.8023313e+05
   8.8035670e+05
   8.8050088e+05
   8.8076282e+05
   8.8093815e+05
   8.8107083e+05
   8.8117145e+05
   8.8139116e+05
   8.8160356e+05
   8.8183225e+05
   8.8196982e+05
   8.8210754e+05
   8.8227980e+05
   8.8246700e+05
   8.8264587e+05
   8.8281263e+05
   8.8299437e+05
   8.8310236e+05
   8.8325605e+05
   8.8339691e+05
   8.8365764e+05
   8.8380909e+05
   8.8395943e+05
   8.8411250e+05
   8.8425038e+05
   8.8444157e+05
   8.8470199e+05
   8.8482887e+05
   8.8495371e+05
   8.8529394e+05
   8.8545819e+05
   8.8565693e+05
   8.8578733e+05
   8.8590417e+05
   8.8613905e+05
   8.8638826e+05
   8.8650650e+05
   8.8667339e+05
   8.8680023e+05
   8.8694965e+05
   8.8719184e+05
   8.8735055e+05
   8.8748069e+05
   8.8760434e+05
   8.8776260e+05
   8.8800827e+05
   8.8818652e+05
   8.8909452e+05
   8.8932815e+05
   8.9464839e+05
   8.9485484e+05
   8.9501494e+05
   8.9514902e+05
   8.9691368e+05
   8.9703267e+05
   8.9722049e+05
   8.9734282e+05
   8.9756503e+05
   8.9794756e+05
   8.9808914e+05
   8.9834352e+05
   8.9855754e+05
   8.9878340e+05
   8.9899119e+05
   8.9919585e+05
   8.9928991e+05
   8.9946381e+05
   8.9961370e+05
   8.9981514e+05
   9.0038943e+05
   9.0067287e+05
   9.0093999e+05
   9.0112618e+05
   9.0148357e+05
   9.0230689e+05
   9.0303535e+05
   9.0363042e+05
   9.0400256e+05
   9.0429058e+05
   9.0663614e+05
   9.0709515e+05
   9.0740242e+05
   9.0842577e+05
   9.0866086e+05
   9.1026894e+05
   9.1059920e+05
   9.1135626e+05
   9.1225390e+05
   9.1252646e+05
   9.1270979e+05
   9.1388000e+05
   9.1443518e+05
   9.1492801e+05
   9.1535213e+05
   9.1564640e+05
   9.1604531e+05
   9.1651135e+05
   9.1729149e+05
   9.1776867e+05
   9.1801923e+05
   9.1962842e+05
   9.2021069e+05
   9.2072449e+05
   9.2446779e+05
   9.2516453e+05
   9.2538542e+05
   9.2555354e+05
   9.3038761e+05
   9.3123704e+05
   9.3163922e+05
   9.3278452e+05
   9.3309562e+05
   9.3369419e+05
   9.3406351e+05
   9.3538017e+05
   9.3653031e+05
   9.3684189e+05
   9.3723722e+05
   9.3779255e+05
   9.3813926e+05
   9.3943210e+05
   9.3966648e+05
   9.4042666e+05
   9.4055843e+05
   9.4072703e+05
   9.4090470e+05
   9.4129820e+05
   9.4141493e+05
   9.4156883e+05
   9.4167678e+05
   9.4184046e+05
   9.4196431e+05
   9.4239877e+05
   9.4251093e+05
   9.4265558e+05
   9.4277000e+05
   9.4291309e+05
   9.4315290e+05
   9.4324546e+05
   9.4339363e+05
   9.4357591e+05
   9.4369313e+05
   9.4387534e+05
   9.4396151e+05
   9.4409770e+05
   9.4418284e+05
   9.4443663e+05
   9.4463380e+05
   9.4476104e+05
   9.4491586e+05
   9.4502370e+05
   9.4529421e+05
   9.4552999e+05
   9.4579335e+05
   9.4605391e+05
   9.4616397e+05
   9.4627512e+05
   9.4646448e+05
   9.4658645e+05
   9.4675232e+05
   9.4688653e+05
   9.4744058e+05
   9.4760062e+05
   9.4796215e+05
   9.4806133e+05
   9.4836300e+05
   9.4848215e+05
   9.4865323e+05
   9.4881874e+05
   9.4908230e+05
   9.4936899e+05
   9.4952373e+05
   9.4985461e+05
   9.5005579e+05
   9.5016111e+05
   9.5032654e+05
   9.5044913e+05
   9.5056543e+05
   9.5072102e+05
   9.5083510e+05
   9.5096810e+05
   9.5113898e+05
   9.5126736e+05
   9.5137799e+05
   9.5150654e+05
   9.5166615e+05
   9.5192391e+05
   9.5204118e+05
   9.5219896e+05
   9.5247411e+05
   9.5262409e+05
   9.5278889e+05
   9.5291533e+05
   9.5318178e+05
   9.5329562e+05
   9.5346924e+05
   9.5356788e+05
   9.5372846e+05
   9.5385625e+05
   9.5434259e+05
   9.5464160e+05
   9.5478299e+05
   9.5493214e+05
   9.5527886e+05
   9.5545516e+05
   9.5565874e+05
   9.5581509e+05
   9.5605638e+05
   9.5634452e+05
   9.5645358e+05
   9.5665988e+05
   9.5682761e+05
   9.5698127e+05
   9.5717565e+05
   9.5742017e+05
   9.5766362e+05
   9.5781239e+05
   9.5794828e+05
   9.5823825e+05
   9.5842943e+05
   9.5858719e+05
   9.5895786e+05
   9.5926840e+05
   9.5940546e+05
   9.5951820e+05
   9.5970326e+05
   9.6031668e+05
   9.6062006e+05
   9.6147362e+05
   9.6212397e+05
   9.6305723e+05
   9.6324785e+05
   9.6339753e+05
   9.6368260e+05
   9.6401636e+05
   9.6428462e+05
   9.6463189e+05
   9.6599162e+05
   9.6719545e+05
   9.6837563e+05
   9.6953598e+05
   9.7457937e+05
   9.7496953e+05
   9.7523405e+05
   9.7551397e+05
   9.7595095e+05
   9.7634918e+05
   9.7661059e+05
   9.7709102e+05
   9.7749958e+05
   9.7805168e+05
   9.7867649e+05
   9.7900879e+05
   9.7944445e+05
   9.7977041e+05
   9.8013737e+05
   9.8048044e+05
   9.8082786e+05
   9.8101321e+05
   9.8123214e+05
   9.8221330e+05
   9.8240173e+05
   9.8267874e+05
   9.8293790e+05
   9.8358134e+05
   9.8385063e+05
   9.8634224e+05
   9.8652463e+05
   1.0002640e+06
   1.0006316e+06
   1.0007917e+06
   1.0010142e+06
   1.0011548e+06
   1.0012861e+06
   1.0014569e+06
   1.0016692e+06
   1.0018321e+06
   1.0019599e+06
   1.0021646e+06
   1.0023227e+06
   1.0024783e+06
   1.0026525e+06
   1.0029031e+06
   1.0032009e+06
   1.0033085e+06
   1.0034083e+06
   1.0035149e+06
   1.0036829e+06
   1.0037896e+06
   1.0039316e+06
   1.0040255e+06
   1.0042272e+06
   1.0043292e+06
   1.0044898e+06
   1.0046791e+06
   1.0048736e+06
   1.0050492e+06
   1.0051598e+06
   1.0052689e+06
   1.0053722e+06
   1.0055360e+06
   1.0056714e+06
   1.0059528e+06
   1.0060855e+06
   1.0062357e+06
   1.0064100e+06
   1.0066565e+06
   1.0072961e+06
   1.0074354e+06
   1.0075738e+06
   1.0076734e+06
   1.0079789e+06
   1.0081183e+06
   1.0082212e+06
   1.0083418e+06
   1.0084837e+06
   1.0088077e+06
   1.0089737e+06
   1.0091522e+06
   1.0092744e+06
   1.0094547e+06
   1.0095976e+06
   1.0099693e+06
   1.0100860e+06
   1.0102477e+06
   1.0104898e+06
   1.0106735e+06
   1.0109327e+06
   1.0111404e+06
   1.0112833e+06
   1.0113845e+06
   1.0115882e+06
   1.0116971e+06
   1.0118405e+06
   1.0120641e+06
   1.0122394e+06
   1.0123983e+06
   1.0125194e+06
   1.0127280e+06
   1.0128760e+06
   1.0132035e+06
   1.0133605e+06
   1.0135384e+06
   1.0136442e+06
   1.0144510e+06
   1.0146516e+06
   1.0148625e+06
   1.0150393e+06
   1.0152527e+06
   1.0156041e+06
   1.0157116e+06
   1.0159603e+06
   1.0161043e+06
   1.0162948e+06
   1.0165321e+06
   1.0168156e+06
   1.0170742e+06
   1.0172397e+06
   1.0176058e+06
   1.0178352e+06
   1.0180696e+06
   1.0182366e+06
   1.0183626e+06
   1.0185358e+06
   1.0186397e+06
   1.0188377e+06
   1.0190847e+06
   1.0192241e+06
   1.0194325e+06
   1.0195740e+06
   1.0197621e+06
   1.0199119e+06
   1.0202347e+06
   1.0203698e+06
   1.0206694e+06
   1.0218548e+06
   1.0224797e+06
   1.0246220e+06
   1.0250946e+06
   1.0253962e+06
   1.0258873e+06
   1.0270895e+06
   1.0325354e+06
   1.0335944e+06
   1.0339089e+06
   1.0379466e+06
   1.0386648e+06
   1.0388877e+06
   1.0392673e+06
   1.0396835e+06
   1.0406915e+06
   1.0411732e+06
   1.0416780e+06
   1.0419445e+06
   1.0448575e+06
   1.0601539e+06
   1.0603092e+06
   1.0605252e+06
   1.0606262e+06
   1.0607624e+06
   1.0609058e+06
   1.0610186e+06
   1.0611760e+06
   1.0612988e+06
   1.0614807e+06
   1.0615876e+06
   1.0617115e+06
   1.0618892e+06
   1.0620229e+06
   1.0622122e+06
   1.0624310e+06
   1.0625423e+06
   1.0627062e+06
   1.0628784e+06
   1.0630331e+06
   1.0631498e+06
   1.0632484e+06
   1.0633973e+06
   1.0635726e+06
   1.0638326e+06
   1.0639693e+06
   1.0642311e+06
   1.0644478e+06
   1.0646056e+06
   1.0647461e+06
   1.0650573e+06
   1.0651731e+06
   1.0652671e+06
   1.0654015e+06
   1.0655238e+06
   1.0657178e+06
   1.0658151e+06
   1.0660185e+06
   1.0662270e+06
   1.0663392e+06
   1.0665038e+06
   1.0667101e+06
   1.0668477e+06
   1.0669749e+06
   1.0672636e+06
   1.0674330e+06
   1.0675568e+06
   1.0677097e+06
   1.0679176e+06
   1.0680512e+06
   1.0681995e+06
   1.0684195e+06
   1.0685231e+06
   1.0686331e+06
   1.0687370e+06
   1.0688682e+06
   1.0690469e+06
   1.0691763e+06
   1.0693194e+06
   1.0695597e+06
   1.0696683e+06
   1.0700864e+06
   1.0702307e+06
   1.0703591e+06
   1.0704964e+06
   1.0706382e+06
   1.0707545e+06
   1.0708615e+06
   1.0710562e+06
   1.0712194e+06
   1.0713660e+06
   1.0716249e+06
   1.0717846e+06
   1.0719130e+06
   1.0720343e+06
   1.0721385e+06
   1.0722391e+06
   1.0723797e+06
   1.0726680e+06
   1.0727936e+06
   1.0729952e+06
   1.0731037e+06
   1.0732101e+06
   1.0734223e+06
   1.0736219e+06
   1.0737403e+06
   1.0739616e+06
   1.0742328e+06
   1.0744266e+06
   1.0745938e+06
   1.0746827e+06
   1.0750022e+06
   1.0752640e+06
   1.0754757e+06
   1.0755961e+06
   1.0757413e+06
   1.0758963e+06
   1.0760489e+06
   1.0762192e+06
   1.0763309e+06
   1.0764858e+06
   1.0769105e+06
   1.0770922e+06
   1.0771927e+06
   1.0773126e+06
   1.0774471e+06
   1.0775982e+06
   1.0777126e+06
   1.0777906e+06
   1.0779534e+06
   1.0783015e+06
   1.0784508e+06
   1.0786601e+06
   1.0788555e+06
   1.0790432e+06
   1.0791675e+06
   1.0793914e+06
   1.0796214e+06
   1.0797481e+06
   1.0799025e+06
   1.0803139e+06
   1.0819403e+06
   1.0822910e+06
   1.0827750e+06
   1.0835911e+06
   1.0837846e+06
   1.0839432e+06
   1.0842422e+06
   1.0846981e+06
   1.0848455e+06
   1.0878805e+06
   1.0881681e+06
   1.0981940e+06
   1.0988701e+06
   1.0993699e+06
   1.1008486e+06
   1.1012479e+06
   1.1040599e+06
   1.1047045e+06
   1.1054769e+06
   1.1058489e+06
   1.1066873e+06
   1.1070003e+06
   1.1072367e+06
   1.1075949e+06
   1.1082347e+06
   1.1084348e+06
   1.1087638e+06
   1.1089569e+06
   1.1093367e+06
   1.1095515e+06
   1.1108325e+06
   1.1126943e+06
   1.1131167e+06
   1.1134713e+06
   1.1139223e+06
   1.1140742e+06
   1.1201086e+06
   1.1202130e+06
   1.1203526e+06
   1.1205254e+06
   1.1207098e+06
   1.1208588e+06
   1.1209972e+06
   1.1211010e+06
   1.1211938e+06
   1.1213340e+06
   1.1215592e+06
   1.1216743e+06
   1.1217586e+06
   1.1223614e+06
   1.1224679e+06
   1.1226085e+06
   1.1227305e+06
   1.1228449e+06
   1.1231129e+06
   1.1232057e+06
   1.1233128e+06
   1.1234278e+06
   1.1235990e+06
   1.1237737e+06
   1.1239015e+06
   1.1240130e+06
   1.1242362e+06
   1.1243491e+06
   1.1245449e+06
   1.1246702e+06
   1.1247817e+06
   1.1248909e+06
   1.1250253e+06
   1.1251365e+06
   1.1252174e+06
   1.1253291e+06
   1.1254692e+06
   1.1259314e+06
   1.1261284e+06
   1.1262854e+06
   1.1265408e+06
   1.1266962e+06
   1.1268493e+06
   1.1269418e+06
   1.1271737e+06
   1.1272919e+06
   1.1275006e+06
   1.1278185e+06
   1.1280234e+06
   1.1281860e+06
   1.1283205e+06
   1.1284749e+06
   1.1285978e+06
   1.1287553e+06
   1.1288805e+06
   1.1290046e+06
   1.1291197e+06
   1.1293876e+06
   1.1295210e+06
   1.1296159e+06
   1.1297648e+06
   1.1299269e+06
   1.1300631e+06
   1.1302252e+06
   1.1303848e+06
   1.1305776e+06
   1.1307030e+06
   1.1307945e+06
   1.1309670e+06
   1.1311208e+06
   1.1312880e+06
   1.1314958e+06
   1.1315801e+06
   1.1317238e+06
   1.1319229e+06
   1.1321611e+06
   1.1326856e+06
   1.1329183e+06
   1.1331373e+06
   1.1333643e+06
   1.1335224e+06
   1.1336852e+06
   1.1338937e+06
   1.1341254e+06
   1.1342822e+06
   1.1345250e+06
   1.1347307e+06
   1.1348501e+06
   1.1350385e+06
   1.1353061e+06
   1.1354211e+06
   1.1356626e+06
   1.1358009e+06
   1.1359685e+06
   1.1362699e+06
   1.1364405e+06
   1.1365939e+06
   1.1367559e+06
   1.1369390e+06
   1.1370270e+06
   1.1373151e+06
   1.1375013e+06
   1.1376160e+06
   1.1378770e+06
   1.1380313e+06
   1.1381593e+06
   1.1383483e+06
   1.1384460e+06
   1.1386312e+06
   1.1388014e+06
   1.1390298e+06
   1.1391351e+06
   1.1393119e+06
   1.1394448e+06
   1.1395905e+06
   1.1405421e+06
   1.1407934e+06
   1.1410199e+06
   1.1433750e+06
   1.1439605e+06
   1.1498700e+06
   1.1518562e+06
   1.1521485e+06
   1.1539690e+06
   1.1543560e+06
   1.1546879e+06
   1.1574383e+06
   1.1576490e+06
   1.1593547e+06
   1.1600533e+06
   1.1602553e+06
   1.1607168e+06
   1.1610807e+06
   1.1614894e+06
   1.1623615e+06
   1.1624907e+06
   1.1626968e+06
   1.1630611e+06
   1.1635917e+06
   1.1638738e+06
   1.1646207e+06
   1.1655817e+06
   1.1659196e+06
   1.1662764e+06
   1.1669694e+06
   1.1675593e+06
   1.1678538e+06
   1.1682928e+06
   1.1686103e+06
   1.1688410e+06
   1.1691732e+06
   1.1694070e+06
   1.1700468e+06
   1.1720713e+06
   1.1724048e+06
   1.1726795e+06
   1.1729538e+06
   1.1739093e+06
   1.1744941e+06
   1.1753171e+06
   1.1757925e+06
   1.1760079e+06
   1.1782586e+06
   1.1801040e+06
   1.1802863e+06
   1.1803673e+06
   1.1805209e+06
   1.1806582e+06
   1.1807765e+06
   1.1809745e+06
   1.1811163e+06
   1.1812708e+06
   1.1816025e+06
   1.1817585e+06
   1.1818878e+06
   1.1820929e+06
   1.1822342e+06
   1.1823450e+06
   1.1825058e+06
   1.1826600e+06
   1.1827611e+06
   1.1828676e+06
   1.1829669e+06
   1.1830617e+06
   1.1831580e+06
   1.1832465e+06
   1.1833684e+06
   1.1835151e+06
   1.1838192e+06
   1.1839284e+06
   1.1840294e+06
   1.1841246e+06
   1.1842289e+06
   1.1843233e+06
   1.1844407e+06
   1.1846168e+06
   1.1847458e+06
   1.1848751e+06
   1.1849991e+06
   1.1850881e+06
   1.1852847e+06
   1.1853783e+06
   1.1855075e+06
   1.1856043e+06
   1.1857259e+06
   1.1858352e+06
   1.1859366e+06
   1.1860799e+06
   1.1862395e+06
   1.1863522e+06
   1.1864872e+06
   1.1866134e+06
   1.1867223e+06
   1.1868781e+06
   1.1869954e+06
   1.1873895e+06
   1.1876119e+06
   1.1877593e+06
   1.1878668e+06
   1.1879682e+06
   1.1881099e+06
   1.1882886e+06
   1.1883803e+06
   1.1884723e+06
   1.1885852e+06
   1.1887361e+06
   1.1888341e+06
   1.1889845e+06
   1.1891925e+06
   1.1893810e+06
   1.1896340e+06
   1.1897476e+06
   1.1898529e+06
   1.1899878e+06
   1.1900775e+06
   1.1902303e+06
   1.1903738e+06
   1.1904715e+06
   1.1905766e+06
   1.1907505e+06
   1.1909171e+06
   1.1910242e+06
   1.1911729e+06
   1.1912954e+06
   1.1914725e+06
   1.1916059e+06
   1.1918188e+06
   1.1919341e+06
   1.1920592e+06
   1.1922262e+06
   1.1923664e+06
   1.1925238e+06
   1.1926859e+06
   1.1928499e+06
   1.1930051e+06
   1.1931568e+06
   1.1935824e+06
   1.1936893e+06
   1.1937989e+06
   1.1939310e+06
   1.1944150e+06
   1.1945635e+06
   1.1946763e+06
   1.1948174e+06
   1.1949564e+06
   1.1950664e+06
   1.1951903e+06
   1.1953382e+06
   1.1954951e+06
   1.1955889e+06
   1.1957736e+06
   1.1960136e+06
   1.1961219e+06
   1.1962668e+06
   1.1963748e+06
   1.1965390e+06
   1.1966595e+06
   1.1967927e+06
   1.1969332e+06
   1.1970936e+06
   1.1972532e+06
   1.1973573e+06
   1.1974832e+06
   1.1976458e+06
   1.1977376e+06
   1.1978554e+06
   1.1980446e+06
   1.1981649e+06
   1.1984261e+06
   1.1986222e+06
   1.1987773e+06
   1.1989247e+06
   1.1990447e+06
   1.1991627e+06
   1.1992661e+06
   1.1993932e+06
   1.1995107e+06
   1.1996829e+06
   1.1997768e+06
   1.1999096e+06
   1.2003544e+06
   1.2054633e+06
   1.2057442e+06
   1.2063414e+06
   1.2074004e+06
   1.2080088e+06
   1.2083331e+06
   1.2089886e+06
   1.2092032e+06
   1.2095709e+06
   1.2097060e+06
   1.2100620e+06
   1.2103116e+06
   1.2105130e+06
   1.2151310e+06
   1.2162460e+06
   1.2304984e+06
   1.2307630e+06
   1.2311775e+06
   1.2316305e+06
   1.2320559e+06
   1.2324790e+06
   1.2327256e+06
   1.2336139e+06
   1.2338984e+06
   1.2341804e+06
   1.2346303e+06
   1.2353700e+06
   1.2360969e+06
   1.2363014e+06
   1.2366052e+06
   1.2392498e+06
   1.2397084e+06
   1.2401417e+06
   1.2402271e+06
   1.2403609e+06
   1.2404558e+06
   1.2406130e+06
   1.2407084e+06
   1.2408617e+06
   1.2409871e+06
   1.2411774e+06
   1.2412660e+06
   1.2414062e+06
   1.2415048e+06
   1.2415877e+06
   1.2416969e+06
   1.2418697e+06
   1.2419650e+06
   1.2420885e+06
   1.2422108e+06
   1.2423182e+06
   1.2424372e+06
   1.2425193e+06
   1.2426215e+06
   1.2427528e+06
   1.2428458e+06
   1.2430284e+06
   1.2431697e+06
   1.2432984e+06
   1.2433852e+06
   1.2435712e+06
   1.2436550e+06
   1.2438210e+06
   1.2439665e+06
   1.2440834e+06
   1.2441849e+06
   1.2442993e+06
   1.2444033e+06
   1.2445255e+06
   1.2446212e+06
   1.2447158e+06
   1.2448709e+06
   1.2449980e+06
   1.2451168e+06
   1.2452672e+06
   1.2453911e+06
   1.2454854e+06
   1.2455781e+06
   1.2456723e+06
   1.2457723e+06
   1.2459180e+06
   1.2460632e+06
   1.2463616e+06
   1.2464750e+06
   1.2465820e+06
   1.2466935e+06
   1.2468202e+06
   1.2468941e+06
   1.2471386e+06
   1.2475101e+06
   1.2477266e+06
   1.2478827e+06
   1.2480146e+06
   1.2481511e+06
   1.2483352e+06
   1.2484551e+06
   1.2485578e+06
   1.2486489e+06
   1.2488054e+06
   1.2489589e+06
   1.2490561e+06
   1.2491947e+06
   1.2492878e+06
   1.2493929e+06
   1.2494921e+06
   1.2496351e+06
   1.2497537e+06
   1.2498723e+06
   1.2500262e+06
   1.2501077e+06
   1.2502261e+06
   1.2503375e+06
   1.2504499e+06
   1.2505993e+06
   1.2507409e+06
   1.2508580e+06
   1.2509939e+06
   1.2510987e+06
   1.2512099e+06
   1.2513520e+06
   1.2514809e+06
   1.2515788e+06
   1.2516905e+06
   1.2517927e+06
   1.2520127e+06
   1.2521558e+06
   1.2523319e+06
   1.2524515e+06
   1.2526224e+06
   1.2527135e+06
   1.2529653e+06
   1.2530906e+06
   1.2532205e+06
   1.2533531e+06
   1.2534617e+06
   1.2535778e+06
   1.2541530e+06
   1.2542973e+06
   1.2545248e+06
   1.2546314e+06
   1.2547675e+06
   1.2548864e+06
   1.2550349e+06
   1.2551981e+06
   1.2552953e+06
   1.2555024e+06
   1.2556261e+06
   1.2558105e+06
   1.2559858e+06
   1.2560802e+06
   1.2562121e+06
   1.2564749e+06
   1.2566069e+06
   1.2567106e+06
   1.2568794e+06
   1.2569914e+06
   1.2571273e+06
   1.2575074e+06
   1.2575910e+06
   1.2577939e+06
   1.2578844e+06
   1.2580022e+06
   1.2581137e+06
   1.2583584e+06
   1.2584487e+06
   1.2585683e+06
   1.2586398e+06
   1.2587245e+06
   1.2589018e+06
   1.2590064e+06
   1.2591912e+06
   1.2593396e+06
   1.2594357e+06
   1.2596296e+06
   1.2597465e+06
   1.2598730e+06
   1.2603758e+06
   1.2608315e+06
   1.2612123e+06
   1.2629090e+06
   1.2630953e+06
   1.2636395e+06
   1.2638523e+06
   1.2642134e+06
   1.2644875e+06
   1.2647348e+06
   1.2653610e+06
   1.2658877e+06
   1.2661354e+06
   1.2677486e+06
   1.2680474e+06
   1.2692832e+06
   1.2706001e+06
   1.2709769e+06
   1.2716284e+06
   1.2722480e+06
   1.2725590e+06
   1.2772307e+06
   1.2794914e+06
   1.2799223e+06
   1.2803855e+06
   1.2805669e+06
   1.2814178e+06
   1.2820366e+06
   1.2824063e+06
   1.2830717e+06
   1.2846130e+06
   1.2849181e+06
   1.2852854e+06
   1.2857685e+06
   1.2861028e+06
   1.2865287e+06
   1.2868787e+06
   1.2905650e+06
   1.2907802e+06
   1.2913516e+06
   1.2916329e+06
   1.2927535e+06
   1.2931799e+06
   1.2944784e+06
   1.2948013e+06
   1.2952055e+06
   1.2955303e+06
   1.2962021e+06
   1.2969574e+06
   1.2972956e+06
   1.2977671e+06
   1.2989665e+06
   1.2994533e+06
   1.2998070e+06
   1.3001207e+06
   1.3003074e+06
   1.3004505e+06
   1.3005228e+06
   1.3006193e+06
   1.3007679e+06
   1.3008596e+06
   1.3010003e+06
   1.3011154e+06
   1.3012424e+06
   1.3013761e+06
   1.3014777e+06
   1.3015872e+06
   1.3016929e+06
   1.3017910e+06
   1.3019178e+06
   1.3020184e+06
   1.3021476e+06
   1.3022557e+06
   1.3023500e+06
   1.3024973e+06
   1.3026166e+06
   1.3027023e+06
   1.3028166e+06
   1.3029052e+06
   1.3030678e+06
   1.3032179e+06
   1.3033048e+06
   1.3034716e+06
   1.3035866e+06
   1.3037099e+06
   1.3038240e+06
   1.3039152e+06
   1.3040542e+06
   1.3041463e+06
   1.3043445e+06
   1.3044668e+06
   1.3045832e+06
   1.3047776e+06
   1.3049027e+06
   1.3050877e+06
   1.3052156e+06
   1.3053359e+06
   1.3054719e+06
   1.3055532e+06
   1.3056518e+06
   1.3057352e+06
   1.3058602e+06
   1.3059812e+06
   1.3061559e+06
   1.3062399e+06
   1.3063987e+06
   1.3065274e+06
   1.3066336e+06
   1.3067864e+06
   1.3069080e+06
   1.3072513e+06
   1.3073497e+06
   1.3074625e+06
   1.3075886e+06
   1.3077644e+06
   1.3081541e+06
   1.3082914e+06
   1.3083955e+06
   1.3085758e+06
   1.3088128e+06
   1.3089306e+06
   1.3090619e+06
   1.3091656e+06
   1.3092654e+06
   1.3093656e+06
   1.3094969e+06
   1.3095779e+06
   1.3097117e+06
   1.3098649e+06
   1.3100040e+06
   1.3101304e+06
   1.3102742e+06
   1.3104311e+06
   1.3105295e+06
   1.3106310e+06
   1.3107672e+06
   1.3109217e+06
   1.3110373e+06
   1.3111334e+06
   1.3112523e+06
   1.3114511e+06
   1.3116194e+06
   1.3118793e+06
   1.3120097e+06
   1.3120993e+06
   1.3122124e+06
   1.3124813e+06
   1.3127133e+06
   1.3128228e+06
   1.3129588e+06
   1.3131392e+06
   1.3132366e+06
   1.3134006e+06
   1.3135377e+06
   1.3137298e+06
   1.3138173e+06
   1.3139600e+06
   1.3143293e+06
   1.3144874e+06
   1.3145978e+06
   1.3147039e+06
   1.3148118e+06
   1.3150041e+06
   1.3150945e+06
   1.3153863e+06
   1.3154936e+06
   1.3156915e+06
   1.3158178e+06
   1.3159009e+06
   1.3160249e+06
   1.3161305e+06
   1.3162672e+06
   1.3164623e+06
   1.3165866e+06
   1.3166951e+06
   1.3168724e+06
   1.3169907e+06
   1.3171228e+06
   1.3172858e+06
   1.3173789e+06
   1.3175082e+06
   1.3176006e+06
   1.3177361e+06
   1.3178852e+06
   1.3181110e+06
   1.3182547e+06
   1.3184303e+06
   1.3185468e+06
   1.3187171e+06
   1.3189151e+06
   1.3190481e+06
   1.3191469e+06
   1.3193310e+06
   1.3194797e+06
   1.3196981e+06
   1.3198026e+06
   1.3198976e+06
   1.3213260e+06
   1.3234505e+06
   1.3237062e+06
   1.3268696e+06
   1.3272332e+06
   1.3275533e+06
   1.3280838e+06
   1.3287621e+06
   1.3294294e+06
   1.3296955e+06
   1.3299081e+06
   1.3309609e+06
   1.3311089e+06
   1.3314477e+06
   1.3317328e+06
   1.3342032e+06
   1.3364864e+06
   1.3368172e+06
   1.3371211e+06
   1.3376628e+06
   1.3378467e+06
   1.3386277e+06
   1.3389297e+06
   1.3393315e+06
   1.3395772e+06
   1.3397484e+06
   1.3419175e+06
   1.3431770e+06
   1.3438149e+06
   1.3441188e+06
   1.3457907e+06
   1.3459475e+06
   1.3464758e+06
   1.3466670e+06
   1.3468710e+06
   1.3486050e+06
   1.3488178e+06
   1.3490815e+06
   1.3492729e+06
   1.3496744e+06
   1.3499145e+06
   1.3501509e+06
   1.3504888e+06
   1.3508649e+06
   1.3513055e+06
   1.3577296e+06
   1.3581577e+06
   1.3591323e+06
   1.3601031e+06
   1.3602147e+06
   1.3603898e+06
   1.3605407e+06
   1.3606482e+06
   1.3607908e+06
   1.3608682e+06
   1.3609634e+06
   1.3610796e+06
   1.3612682e+06
   1.3613497e+06
   1.3614508e+06
   1.3615465e+06
   1.3616992e+06
   1.3617956e+06
   1.3618957e+06
   1.3620377e+06
   1.3621389e+06
   1.3622545e+06
   1.3623741e+06
   1.3624735e+06
   1.3627341e+06
   1.3628236e+06
   1.3629592e+06
   1.3632425e+06
   1.3634114e+06
   1.3635189e+06
   1.3636160e+06
   1.3637180e+06
   1.3639687e+06
   1.3640442e+06
   1.3642212e+06
   1.3643370e+06
   1.3644278e+06
   1.3645209e+06
   1.3646073e+06
   1.3647137e+06
   1.3648152e+06
   1.3650523e+06
   1.3651271e+06
   1.3652477e+06
   1.3653542e+06
   1.3654900e+06
   1.3656857e+06
   1.3657820e+06
   1.3658946e+06
   1.3660290e+06
   1.3661571e+06
   1.3663395e+06
   1.3664149e+06
   1.3665151e+06
   1.3666498e+06
   1.3667391e+06
   1.3668357e+06
   1.3671336e+06
   1.3673430e+06
   1.3674277e+06
   1.3675182e+06
   1.3676007e+06
   1.3676787e+06
   1.3677616e+06
   1.3678426e+06
   1.3679314e+06
   1.3681012e+06
   1.3682185e+06
   1.3683164e+06
   1.3684540e+06
   1.3685497e+06
   1.3687945e+06
   1.3689045e+06
   1.3690152e+06
   1.3691138e+06
   1.3692216e+06
   1.3693255e+06
   1.3694376e+06
   1.3695559e+06
   1.3696812e+06
   1.3698042e+06
   1.3699203e+06
   1.3700289e+06
   1.3701300e+06
   1.3702495e+06
   1.3703492e+06
   1.3704515e+06
   1.3705615e+06
   1.3706885e+06
   1.3707853e+06
   1.3708765e+06
   1.3710798e+06
   1.3711824e+06
   1.3713068e+06
   1.3713992e+06
   1.3714899e+06
   1.3715812e+06
   1.3717108e+06
   1.3718368e+06
   1.3720249e+06
   1.3721339e+06
   1.3722369e+06
   1.3723579e+06
   1.3724930e+06
   1.3726170e+06
   1.3727048e+06
   1.3728488e+06
   1.3729613e+06
   1.3730798e+06
   1.3731847e+06
   1.3733380e+06
   1.3734433e+06
   1.3735597e+06
   1.3737698e+06
   1.3738670e+06
   1.3739432e+06
   1.3742244e+06
   1.3743090e+06
   1.3744511e+06
   1.3745902e+06
   1.3747128e+06
   1.3748048e+06
   1.3749447e+06
   1.3750356e+06
   1.3751372e+06
   1.3752533e+06
   1.3753360e+06
   1.3755148e+06
   1.3756609e+06
   1.3757897e+06
   1.3758782e+06
   1.3759946e+06
   1.3761200e+06
   1.3762615e+06
   1.3763714e+06
   1.3765020e+06
   1.3766861e+06
   1.3768117e+06
   1.3769084e+06
   1.3770317e+06
   1.3771795e+06
   1.3773730e+06
   1.3774605e+06
   1.3775794e+06
   1.3777001e+06
   1.3778006e+06
   1.3778986e+06
   1.3780494e+06
   1.3781925e+06
   1.3782766e+06
   1.3784027e+06
   1.3785662e+06
   1.3786713e+06
   1.3787770e+06
   1.3789941e+06
   1.3791091e+06
   1.3791853e+06
   1.3792835e+06
   1.3793812e+06
   1.3795156e+06
   1.3796441e+06
   1.3797894e+06
   1.3799281e+06
   1.3816884e+06
   1.3826559e+06
   1.3830773e+06
   1.3832814e+06
   1.3838633e+06
   1.3909053e+06
   1.3911672e+06
   1.3918617e+06
   1.3921853e+06
   1.3957572e+06
   1.3971421e+06
   1.3977168e+06
   1.3979761e+06
   1.3991482e+06
   1.3997597e+06
   1.4007331e+06
   1.4012005e+06
   1.4013772e+06
   1.4059670e+06
   1.4061695e+06
   1.4064977e+06
   1.4067786e+06
   1.4079387e+06
   1.4080976e+06
   1.4085043e+06
   1.4108883e+06
   1.4110814e+06
   1.4114945e+06
   1.4117813e+06
   1.4133296e+06
   1.4152219e+06
   1.4164400e+06
   1.4201004e+06
   1.4201786e+06
   1.4202615e+06
   1.4203382e+06
   1.4204660e+06
   1.4205486e+06
   1.4206570e+06
   1.4209778e+06
   1.4210769e+06
   1.4211911e+06
   1.4213078e+06
   1.4213951e+06
   1.4214718e+06
   1.4215478e+06
   1.4216530e+06
   1.4217587e+06
   1.4218709e+06
   1.4219686e+06
   1.4221191e+06
   1.4222290e+06
   1.4223704e+06
   1.4224803e+06
   1.4226214e+06
   1.4226936e+06
   1.4227740e+06
   1.4228927e+06
   1.4230261e+06
   1.4231341e+06
   1.4232811e+06
   1.4234285e+06
   1.4235109e+06
   1.4235872e+06
   1.4236870e+06
   1.4238696e+06
   1.4239567e+06
   1.4240288e+06
   1.4241430e+06
   1.4242755e+06
   1.4243901e+06
   1.4245120e+06
   1.4246377e+06
   1.4247634e+06
   1.4248936e+06
   1.4249848e+06
   1.4250896e+06
   1.4251735e+06
   1.4252609e+06
   1.4254259e+06
   1.4255226e+06
   1.4256177e+06
   1.4257120e+06
   1.4258220e+06
   1.4259439e+06
   1.4260475e+06
   1.4261682e+06
   1.4262654e+06
   1.4263604e+06
   1.4264635e+06
   1.4265696e+06
   1.4266888e+06
   1.4267635e+06
   1.4268430e+06
   1.4269186e+06
   1.4271336e+06
   1.4272280e+06
   1.4273651e+06
   1.4274628e+06
   1.4275334e+06
   1.4276512e+06
   1.4277254e+06
   1.4278679e+06
   1.4279708e+06
   1.4280635e+06
   1.4281392e+06
   1.4282352e+06
   1.4283275e+06
   1.4284139e+06
   1.4285198e+06
   1.4286353e+06
   1.4287151e+06
   1.4288206e+06
   1.4290579e+06
   1.4291856e+06
   1.4292878e+06
   1.4293797e+06
   1.4294648e+06
   1.4295754e+06
   1.4296634e+06
   1.4297596e+06
   1.4299222e+06
   1.4300076e+06
   1.4300981e+06
   1.4301823e+06
   1.4303232e+06
   1.4304265e+06
   1.4305238e+06
   1.4306294e+06
   1.4307617e+06
   1.4308980e+06
   1.4310050e+06
   1.4311143e+06
   1.4312183e+06
   1.4313718e+06
   1.4314797e+06
   1.4315762e+06
   1.4316581e+06
   1.4317962e+06
   1.4318772e+06
   1.4320124e+06
   1.4321233e+06
   1.4322887e+06
   1.4323994e+06
   1.4325639e+06
   1.4326996e+06
   1.4328089e+06
   1.4329167e+06
   1.4330931e+06
   1.4332506e+06
   1.4333587e+06
   1.4334418e+06
   1.4335830e+06
   1.4336827e+06
   1.4337537e+06
   1.4338380e+06
   1.4339377e+06
   1.4342357e+06
   1.4343211e+06
   1.4344133e+06
   1.4345180e+06
   1.4346354e+06
   1.4347438e+06
   1.4348619e+06
   1.4349570e+06
   1.4350510e+06
   1.4351637e+06
   1.4352950e+06
   1.4353936e+06
   1.4355057e+06
   1.4356253e+06
   1.4357343e+06
   1.4358253e+06
   1.4359275e+06
   1.4360174e+06
   1.4361071e+06
   1.4362228e+06
   1.4363147e+06
   1.4364165e+06
   1.4365199e+06
   1.4366280e+06
   1.4367195e+06
   1.4368187e+06
   1.4369061e+06
   1.4370225e+06
   1.4371435e+06
   1.4372224e+06
   1.4373209e+06
   1.4374590e+06
   1.4376268e+06
   1.4378612e+06
   1.4379562e+06
   1.4380693e+06
   1.4381846e+06
   1.4383097e+06
   1.4384198e+06
   1.4385351e+06
   1.4386348e+06
   1.4387888e+06
   1.4389002e+06
   1.4389998e+06
   1.4391801e+06
   1.4393237e+06
   1.4394414e+06
   1.4395449e+06
   1.4396394e+06
   1.4397729e+06
   1.4398943e+06
   1.4399891e+06
   1.4403009e+06
   1.4406112e+06
   1.4414598e+06
   1.4419145e+06
   1.4423475e+06
   1.4426810e+06
   1.4429623e+06
   1.4437463e+06
   1.4440492e+06
   1.4442178e+06
   1.4446015e+06
   1.4449784e+06
   1.4453605e+06
   1.4461523e+06
   1.4465654e+06
   1.4469181e+06
   1.4472896e+06
   1.4476303e+06
   1.4478792e+06
   1.4482113e+06
   1.4485807e+06
   1.4493730e+06
   1.4497044e+06
   1.4501618e+06
   1.4516292e+06
   1.4521556e+06
   1.4525132e+06
   1.4531150e+06
   1.4538007e+06
   1.4546375e+06
   1.4549955e+06
   1.4569213e+06
   1.4573005e+06
   1.4579911e+06
   1.4581894e+06
   1.4592536e+06
   1.4639592e+06
   1.4640975e+06
   1.4644194e+06
   1.4646746e+06
   1.4651684e+06
   1.4658093e+06
   1.4672510e+06
   1.4677376e+06
   1.4678835e+06
   1.4681954e+06
   1.4686737e+06
   1.4691424e+06
   1.4693788e+06
   1.4698078e+06
   1.4699822e+06
   1.4702538e+06
   1.4706085e+06
   1.4710351e+06
   1.4714098e+06
   1.4717874e+06
   1.4777020e+06
   1.4782101e+06
   1.4786054e+06
   1.4792537e+06
   1.4794004e+06
   1.4800910e+06
   1.4801814e+06
   1.4802752e+06
   1.4803555e+06
   1.4804399e+06
   1.4805282e+06
   1.4806006e+06
   1.4807102e+06
   1.4808207e+06
   1.4809250e+06
   1.4810439e+06
   1.4811488e+06
   1.4812164e+06
   1.4813327e+06
   1.4814139e+06
   1.4814907e+06
   1.4815682e+06
   1.4816466e+06
   1.4817370e+06
   1.4818392e+06
   1.4819462e+06
   1.4820366e+06
   1.4821155e+06
   1.4822442e+06
   1.4823245e+06
   1.4824126e+06
   1.4825057e+06
   1.4826290e+06
   1.4827267e+06
   1.4828474e+06
   1.4829287e+06
   1.4830141e+06
   1.4831196e+06
   1.4832234e+06
   1.4833523e+06
   1.4834701e+06
   1.4835643e+06
   1.4836913e+06
   1.4838393e+06
   1.4839306e+06
   1.4840225e+06
   1.4841218e+06
   1.4842246e+06
   1.4843195e+06
   1.4844129e+06
   1.4845413e+06
   1.4846410e+06
   1.4847380e+06
   1.4848758e+06
   1.4849675e+06
   1.4850547e+06
   1.4851496e+06
   1.4852913e+06
   1.4853898e+06
   1.4855149e+06
   1.4856122e+06
   1.4857150e+06
   1.4858087e+06
   1.4859744e+06
   1.4860518e+06
   1.4861737e+06
   1.4862681e+06
   1.4863598e+06
   1.4864701e+06
   1.4865530e+06
   1.4866436e+06
   1.4867580e+06
   1.4868652e+06
   1.4869557e+06
   1.4871323e+06
   1.4872269e+06
   1.4873205e+06
   1.4873998e+06
   1.4874913e+06
   1.4875944e+06
   1.4877455e+06
   1.4878766e+06
   1.4879707e+06
   1.4880524e+06
   1.4881554e+06
   1.4882544e+06
   1.4883731e+06
   1.4884874e+06
   1.4886429e+06
   1.4887170e+06
   1.4888468e+06
   1.4889194e+06
   1.4890268e+06
   1.4891203e+06
   1.4891826e+06
   1.4892784e+06
   1.4894241e+06
   1.4895568e+06
   1.4896727e+06
   1.4898223e+06
   1.4899745e+06
   1.4901304e+06
   1.4902133e+06
   1.4902993e+06
   1.4903825e+06
   1.4904753e+06
   1.4905843e+06
   1.4906734e+06
   1.4907928e+06
   1.4908788e+06
   1.4909639e+06
   1.4910816e+06
   1.4911802e+06
   1.4912623e+06
   1.4914388e+06
   1.4915268e+06
   1.4916490e+06
   1.4917347e+06
   1.4918459e+06
   1.4919653e+06
   1.4920486e+06
   1.4921596e+06
   1.4922654e+06
   1.4923903e+06
   1.4924625e+06
   1.4925858e+06
   1.4927336e+06
   1.4928133e+06
   1.4929298e+06
   1.4930083e+06
   1.4930921e+06
   1.4931903e+06
   1.4933803e+06
   1.4934838e+06
   1.4935935e+06
   1.4936916e+06
   1.4937961e+06
   1.4939433e+06
   1.4941651e+06
   1.4942621e+06
   1.4943688e+06
   1.4944517e+06
   1.4945713e+06
   1.4946641e+06
   1.4947449e+06
   1.4948542e+06
   1.4949378e+06
   1.4950285e+06
   1.4951281e+06
   1.4952641e+06
   1.4953581e+06
   1.4954932e+06
   1.4955887e+06
   1.4957013e+06
   1.4958186e+06
   1.4959097e+06
   1.4960138e+06
   1.4961010e+06
   1.4962036e+06
   1.4963160e+06
   1.4964096e+06
   1.4965121e+06
   1.4966289e+06
   1.4967378e+06
   1.4968847e+06
   1.4970325e+06
   1.4971101e+06
   1.4972370e+06
   1.4973360e+06
   1.4974534e+06
   1.4975745e+06
   1.4976665e+06
   1.4977800e+06
   1.4978822e+06
   1.4980157e+06
   1.4981183e+06
   1.4982193e+06
   1.4983834e+06
   1.4984857e+06
   1.4985855e+06
   1.4987041e+06
   1.4988072e+06
   1.4989219e+06
   1.4990219e+06
   1.4991272e+06
   1.4992318e+06
   1.4993294e+06
   1.4994413e+06
   1.4995277e+06
   1.4996196e+06
   1.4998719e+06
   1.4999527e+06
   1.5002696e+06
   1.5081559e+06
   1.5085717e+06
   1.5094025e+06
   1.5103049e+06
   1.5106474e+06
   1.5112166e+06
   1.5158307e+06
   1.5161657e+06
   1.5163967e+06
   1.5169237e+06
   1.5172219e+06
   1.5177040e+06
   1.5180309e+06
   1.5191226e+06
   1.5197246e+06
   1.5202536e+06
   1.5206031e+06
   1.5209189e+06
   1.5221708e+06
   1.5225366e+06
   1.5227360e+06
   1.5232296e+06
   1.5255846e+06
   1.5263031e+06
   1.5266722e+06
   1.5400850e+06
   1.5401520e+06
   1.5402545e+06
   1.5403330e+06
   1.5404023e+06
   1.5405177e+06
   1.5406345e+06
   1.5407117e+06
   1.5408033e+06
   1.5409136e+06
   1.5410566e+06
   1.5411623e+06
   1.5412447e+06
   1.5413608e+06
   1.5414554e+06
   1.5415257e+06
   1.5416236e+06
   1.5417139e+06
   1.5417999e+06
   1.5418872e+06
   1.5420149e+06
   1.5421271e+06
   1.5422802e+06
   1.5424122e+06
   1.5425147e+06
   1.5425959e+06
   1.5426889e+06
   1.5427847e+06
   1.5428836e+06
   1.5430249e+06
   1.5431081e+06
   1.5432032e+06
   1.5432766e+06
   1.5433565e+06
   1.5434384e+06
   1.5435327e+06
   1.5436027e+06
   1.5437022e+06
   1.5438065e+06
   1.5438903e+06
   1.5439906e+06
   1.5440931e+06
   1.5441941e+06
   1.5442839e+06
   1.5443852e+06
   1.5444914e+06
   1.5445680e+06
   1.5446689e+06
   1.5447598e+06
   1.5448466e+06
   1.5449187e+06
   1.5450407e+06
   1.5451312e+06
   1.5452340e+06
   1.5454212e+06
   1.5455265e+06
   1.5456313e+06
   1.5457129e+06
   1.5457880e+06
   1.5458659e+06
   1.5459875e+06
   1.5460873e+06
   1.5461701e+06
   1.5462399e+06
   1.5463306e+06
   1.5464470e+06
   1.5465330e+06
   1.5466473e+06
   1.5467407e+06
   1.5468637e+06
   1.5469745e+06
   1.5471426e+06
   1.5472299e+06
   1.5473166e+06
   1.5474227e+06
   1.5475218e+06
   1.5476181e+06
   1.5477306e+06
   1.5478240e+06
   1.5479267e+06
   1.5480067e+06
   1.5480909e+06
   1.5481896e+06
   1.5482747e+06
   1.5483946e+06
   1.5484854e+06
   1.5485546e+06
   1.5486445e+06
   1.5487412e+06
   1.5488835e+06
   1.5489992e+06
   1.5491168e+06
   1.5492989e+06
   1.5493913e+06
   1.5495032e+06
   1.5496136e+06
   1.5497288e+06
   1.5498253e+06
   1.5499269e+06
   1.5499928e+06
   1.5500761e+06
   1.5501599e+06
   1.5502839e+06
   1.5504321e+06
   1.5505437e+06
   1.5506477e+06
   1.5507945e+06
   1.5508991e+06
   1.5510121e+06
   1.5511030e+06
   1.5511903e+06
   1.5512826e+06
   1.5514316e+06
   1.5515304e+06
   1.5516363e+06
   1.5517463e+06
   1.5519058e+06
   1.5519999e+06
   1.5521522e+06
   1.5522993e+06
   1.5523970e+06
   1.5525031e+06
   1.5526192e+06
   1.5527144e+06
   1.5528171e+06
   1.5529458e+06
   1.5530121e+06
   1.5531766e+06
   1.5532477e+06
   1.5533607e+06
   1.5534732e+06
   1.5535537e+06
   1.5536365e+06
   1.5537298e+06
   1.5538373e+06
   1.5539685e+06
   1.5541923e+06
   1.5543254e+06
   1.5544081e+06
   1.5545344e+06
   1.5546209e+06
   1.5546957e+06
   1.5547834e+06
   1.5548819e+06
   1.5549950e+06
   1.5550878e+06
   1.5551954e+06
   1.5552945e+06
   1.5553678e+06
   1.5554696e+06
   1.5555909e+06
   1.5557220e+06
   1.5558421e+06
   1.5559552e+06
   1.5560501e+06
   1.5561916e+06
   1.5562897e+06
   1.5564075e+06
   1.5565186e+06
   1.5565940e+06
   1.5566785e+06
   1.5568087e+06
   1.5569259e+06
   1.5570128e+06
   1.5571017e+06
   1.5572705e+06
   1.5573518e+06
   1.5574329e+06
   1.5575198e+06
   1.5575881e+06
   1.5577104e+06
   1.5577925e+06
   1.5578709e+06
   1.5580110e+06
   1.5581301e+06
   1.5582123e+06
   1.5582984e+06
   1.5584112e+06
   1.5585539e+06
   1.5586387e+06
   1.5587491e+06
   1.5588711e+06
   1.5590332e+06
   1.5591290e+06
   1.5592214e+06
   1.5593318e+06
   1.5594106e+06
   1.5594767e+06
   1.5595604e+06
   1.5596445e+06
   1.5597630e+06
   1.5598426e+06
   1.5599157e+06
   1.5599913e+06
   1.5604406e+06
   1.5607305e+06
   1.5621655e+06
   1.5624526e+06
   1.5627132e+06
   1.5634640e+06
   1.5646048e+06
   1.5653591e+06
   1.5657096e+06
   1.5659411e+06
   1.5666876e+06
   1.5674031e+06
   1.5675654e+06
   1.5683651e+06
   1.5687525e+06
   1.5693503e+06
   1.5699716e+06
   1.5702889e+06
   1.5708316e+06
   1.5713113e+06
   1.5750478e+06
   1.5752479e+06
   1.5755948e+06
   1.5764819e+06
   1.5770499e+06
   1.5775956e+06
   1.5778553e+06
   1.5786341e+06
   1.5789890e+06
   1.5826235e+06
   1.5827764e+06
   1.5849916e+06
   1.5852140e+06
   1.5857595e+06
   1.5867445e+06
   1.5870666e+06
   1.5872572e+06
   1.5884450e+06
   1.5887239e+06
   1.5895787e+06
   1.5898298e+06
   1.5900159e+06
   1.5902126e+06
   1.5917062e+06
   1.5919651e+06
   1.6000784e+06
   1.6002003e+06
   1.6002767e+06
   1.6003787e+06
   1.6005097e+06
   1.6005869e+06
   1.6007476e+06
   1.6008571e+06
   1.6009683e+06
   1.6010428e+06
   1.6011324e+06
   1.6012091e+06
   1.6012999e+06
   1.6013773e+06
   1.6014582e+06
   1.6015726e+06
   1.6016473e+06
   1.6017283e+06
   1.6018110e+06
   1.6018824e+06
   1.6019654e+06
   1.6020767e+06
   1.6021863e+06
   1.6022915e+06
   1.6024443e+06
   1.6025332e+06
   1.6026114e+06
   1.6026889e+06
   1.6027770e+06
   1.6028938e+06
   1.6029800e+06
   1.6030785e+06
   1.6031460e+06
   1.6032288e+06
   1.6033099e+06
   1.6034621e+06
   1.6035523e+06
   1.6036372e+06
   1.6037560e+06
   1.6038406e+06
   1.6039300e+06
   1.6039960e+06
   1.6040743e+06
   1.6041767e+06
   1.6042610e+06
   1.6043459e+06
   1.6044380e+06
   1.6045135e+06
   1.6045997e+06
   1.6046628e+06
   1.6047684e+06
   1.6048581e+06
   1.6049412e+06
   1.6050457e+06
   1.6051239e+06
   1.6052026e+06
   1.6052910e+06
   1.6054040e+06
   1.6055037e+06
   1.6055965e+06
   1.6056694e+06
   1.6057475e+06
   1.6058303e+06
   1.6059144e+06
   1.6060522e+06
   1.6061303e+06
   1.6062928e+06
   1.6063853e+06
   1.6064740e+06
   1.6066074e+06
   1.6067352e+06
   1.6068284e+06
   1.6069204e+06
   1.6071426e+06
   1.6072707e+06
   1.6073811e+06
   1.6074973e+06
   1.6075655e+06
   1.6077083e+06
   1.6077804e+06
   1.6079030e+06
   1.6079980e+06
   1.6081212e+06
   1.6081975e+06
   1.6082900e+06
   1.6084072e+06
   1.6084930e+06
   1.6085859e+06
   1.6087043e+06
   1.6087945e+06
   1.6088854e+06
   1.6089902e+06
   1.6090621e+06
   1.6091349e+06
   1.6092142e+06
   1.6093134e+06
   1.6094328e+06
   1.6095277e+06
   1.6096823e+06
   1.6097588e+06
   1.6098918e+06
   1.6100148e+06
   1.6100976e+06
   1.6102149e+06
   1.6102867e+06
   1.6103548e+06
   1.6104385e+06
   1.6105474e+06
   1.6106462e+06
   1.6107317e+06
   1.6108049e+06
   1.6109196e+06
   1.6109987e+06
   1.6110800e+06
   1.6111758e+06
   1.6112762e+06
   1.6113699e+06
   1.6114743e+06
   1.6115501e+06
   1.6116273e+06
   1.6117356e+06
   1.6118245e+06
   1.6119223e+06
   1.6120232e+06
   1.6121159e+06
   1.6122147e+06
   1.6123559e+06
   1.6124805e+06
   1.6125800e+06
   1.6126994e+06
   1.6128439e+06
   1.6129557e+06
   1.6130371e+06
   1.6131319e+06
   1.6132007e+06
   1.6133034e+06
   1.6133889e+06
   1.6135286e+06
   1.6136489e+06
   1.6137316e+06
   1.6138466e+06
   1.6139423e+06
   1.6141756e+06
   1.6142825e+06
   1.6143723e+06
   1.6144772e+06
   1.6145796e+06
   1.6146622e+06
   1.6148081e+06
   1.6149310e+06
   1.6149989e+06
   1.6150870e+06
   1.6152044e+06
   1.6153079e+06
   1.6154317e+06
   1.6155221e+06
   1.6156008e+06
   1.6157148e+06
   1.6157925e+06
   1.6158706e+06
   1.6159698e+06
   1.6160516e+06
   1.6161445e+06
   1.6162468e+06
   1.6163373e+06
   1.6164224e+06
   1.6165180e+06
   1.6165972e+06
   1.6166726e+06
   1.6167864e+06
   1.6169098e+06
   1.6170281e+06
   1.6171548e+06
   1.6172650e+06
   1.6173491e+06
   1.6174391e+06
   1.6175294e+06
   1.6176255e+06
   1.6177201e+06
   1.6178619e+06
   1.6179766e+06
   1.6181045e+06
   1.6182289e+06
   1.6183407e+06
   1.6184701e+06
   1.6185312e+06
   1.6187204e+06
   1.6187956e+06
   1.6188745e+06
   1.6189611e+06
   1.6190804e+06
   1.6191821e+06
   1.6193108e+06
   1.6194297e+06
   1.6195352e+06
   1.6196265e+06
   1.6197155e+06
   1.6198274e+06
   1.6199321e+06
   1.6205924e+06
   1.6207680e+06
   1.6214425e+06
   1.6231080e+06
   1.6247129e+06
   1.6252898e+06
   1.6260684e+06
   1.6263808e+06
   1.6265376e+06
   1.6266941e+06
   1.6270917e+06
   1.6273475e+06
   1.6320783e+06
   1.6326751e+06
   1.6360011e+06
   1.6366276e+06
   1.6368703e+06
   1.6370350e+06
   1.6375848e+06
   1.6377671e+06
   1.6387597e+06
   1.6390115e+06
   1.6392493e+06
   1.6395519e+06
   1.6399514e+06
   1.6414021e+06
   1.6417319e+06
   1.6455096e+06
   1.6458368e+06
   1.6459710e+06
   1.6464711e+06
   1.6467956e+06
   1.6475501e+06
   1.6477644e+06
   1.6481313e+06
   1.6533318e+06
   1.6541123e+06
   1.6543018e+06
   1.6547015e+06
   1.6595672e+06
   1.6597288e+06
   1.6600764e+06
   1.6601534e+06
   1.6603077e+06
   1.6603760e+06
   1.6604574e+06
   1.6605387e+06
   1.6606179e+06
   1.6607336e+06
   1.6608131e+06
   1.6609157e+06
   1.6610059e+06
   1.6611143e+06
   1.6612186e+06
   1.6612943e+06
   1.6613746e+06
   1.6614389e+06
   1.6615308e+06
   1.6616170e+06
   1.6617533e+06
   1.6618259e+06
   1.6619097e+06
   1.6619832e+06
   1.6620725e+06
   1.6621565e+06
   1.6622557e+06
   1.6624054e+06
   1.6625031e+06
   1.6625721e+06
   1.6626622e+06
   1.6628241e+06
   1.6629262e+06
   1.6630297e+06
   1.6631692e+06
   1.6632638e+06
   1.6633607e+06
   1.6634487e+06
   1.6635526e+06
   1.6636275e+06
   1.6637462e+06
   1.6638185e+06
   1.6639457e+06
   1.6640734e+06
   1.6641494e+06
   1.6642304e+06
   1.6643048e+06
   1.6643823e+06
   1.6644473e+06
   1.6645232e+06
   1.6646104e+06
   1.6646793e+06
   1.6647841e+06
   1.6649068e+06
   1.6650095e+06
   1.6650944e+06
   1.6651795e+06
   1.6652624e+06
   1.6653880e+06
   1.6654774e+06
   1.6655617e+06
   1.6656390e+06
   1.6657396e+06
   1.6658298e+06
   1.6660562e+06
   1.6661352e+06
   1.6662056e+06
   1.6662931e+06
   1.6663678e+06
   1.6664815e+06
   1.6665580e+06
   1.6666478e+06
   1.6667272e+06
   1.6668259e+06
   1.6669288e+06
   1.6670911e+06
   1.6671708e+06
   1.6672739e+06
   1.6673418e+06
   1.6674978e+06
   1.6676417e+06
   1.6677270e+06
   1.6678066e+06
   1.6678911e+06
   1.6679649e+06
   1.6680592e+06
   1.6681443e+06
   1.6682336e+06
   1.6683687e+06
   1.6684597e+06
   1.6685323e+06
   1.6686028e+06
   1.6687013e+06
   1.6687989e+06
   1.6688933e+06
   1.6689940e+06
   1.6691073e+06
   1.6691846e+06
   1.6692790e+06
   1.6693572e+06
   1.6694681e+06
   1.6695356e+06
   1.6696082e+06
   1.6697116e+06
   1.6697989e+06
   1.6698661e+06
   1.6699500e+06
   1.6700352e+06
   1.6701032e+06
   1.6701755e+06
   1.6702881e+06
   1.6703986e+06
   1.6705088e+06
   1.6706922e+06
   1.6707765e+06
   1.6708677e+06
   1.6709597e+06
   1.6710420e+06
   1.6711556e+06
   1.6712400e+06
   1.6713151e+06
   1.6713921e+06
   1.6714936e+06
   1.6716048e+06
   1.6717021e+06
   1.6717982e+06
   1.6718716e+06
   1.6719722e+06
   1.6720683e+06
   1.6721625e+06
   1.6722443e+06
   1.6723424e+06
   1.6724536e+06
   1.6725443e+06
   1.6726314e+06
   1.6727482e+06
   1.6728289e+06
   1.6729190e+06
   1.6730263e+06
   1.6731312e+06
   1.6732492e+06
   1.6733130e+06
   1.6734375e+06
   1.6735360e+06
   1.6736786e+06
   1.6737628e+06
   1.6738671e+06
   1.6739541e+06
   1.6741843e+06
   1.6742620e+06
   1.6745134e+06
   1.6746170e+06
   1.6747346e+06
   1.6748534e+06
   1.6749252e+06
   1.6750367e+06
   1.6751686e+06
   1.6752344e+06
   1.6752930e+06
   1.6754066e+06
   1.6755011e+06
   1.6756046e+06
   1.6757346e+06
   1.6758279e+06
   1.6758946e+06
   1.6759986e+06
   1.6761171e+06
   1.6762500e+06
   1.6763354e+06
   1.6764457e+06
   1.6765577e+06
   1.6766415e+06
   1.6767578e+06
   1.6768715e+06
   1.6769644e+06
   1.6770766e+06
   1.6771947e+06
   1.6772823e+06
   1.6773952e+06
   1.6774752e+06
   1.6775949e+06
   1.6776874e+06
   1.6777721e+06
   1.6778613e+06
   1.6779473e+06
   1.6780247e+06
   1.6781382e+06
   1.6782321e+06
   1.6783157e+06
   1.6784802e+06
   1.6786010e+06
   1.6786988e+06
   1.6787788e+06
   1.6788740e+06
   1.6789861e+06
   1.6790701e+06
   1.6791638e+06
   1.6792600e+06
   1.6793782e+06
   1.6794538e+06
   1.6795304e+06
   1.6796181e+06
   1.6797634e+06
   1.6798599e+06
   1.6799992e+06
   1.6811657e+06
   1.6818452e+06
   1.6860236e+06
   1.6864401e+06
   1.6883607e+06
   1.6889586e+06
   1.6891947e+06
   1.6902908e+06
   1.6908600e+06
   1.6910924e+06
   1.6943576e+06
   1.6957210e+06
   1.6961503e+06
   1.6964186e+06
   1.6968702e+06
   1.6976799e+06
   1.6989241e+06
   1.6999545e+06
   1.7002588e+06
   1.7007964e+06
   1.7018202e+06
   1.7036364e+06
   1.7048633e+06
   1.7052188e+06
   1.7057891e+06
   1.7070590e+06
   1.7090018e+06
   1.7093610e+06
   1.7095497e+06
   1.7097934e+06
   1.7100901e+06
   1.7113305e+06
   1.7117432e+06
   1.7123116e+06
   1.7124962e+06
   1.7133513e+06
   1.7143081e+06
   1.7164325e+06
   1.7200711e+06
   1.7201389e+06
   1.7202323e+06
   1.7203134e+06
   1.7204047e+06
   1.7204927e+06
   1.7205651e+06
   1.7206443e+06
   1.7207215e+06
   1.7207995e+06
   1.7208850e+06
   1.7209438e+06
   1.7210589e+06
   1.7211775e+06
   1.7212608e+06
   1.7213466e+06
   1.7214634e+06
   1.7215650e+06
   1.7216527e+06
   1.7217477e+06
   1.7218952e+06
   1.7219729e+06
   1.7220942e+06
   1.7221681e+06
   1.7222861e+06
   1.7223696e+06
   1.7225009e+06
   1.7225695e+06
   1.7226392e+06
   1.7227397e+06
   1.7228256e+06
   1.7229023e+06
   1.7229827e+06
   1.7230539e+06
   1.7231472e+06
   1.7232454e+06
   1.7233222e+06
   1.7233896e+06
   1.7234800e+06
   1.7235793e+06
   1.7236631e+06
   1.7237524e+06
   1.7238188e+06
   1.7238979e+06
   1.7239745e+06
   1.7240545e+06
   1.7241387e+06
   1.7242380e+06
   1.7243151e+06
   1.7243872e+06
   1.7244823e+06
   1.7245782e+06
   1.7246793e+06
   1.7247495e+06
   1.7248392e+06
   1.7249311e+06
   1.7250835e+06
   1.7251569e+06
   1.7252519e+06
   1.7253479e+06
   1.7254248e+06
   1.7255101e+06
   1.7255851e+06
   1.7256621e+06
   1.7257698e+06
   1.7258546e+06
   1.7259359e+06
   1.7260259e+06
   1.7261026e+06
   1.7261864e+06
   1.7262730e+06
   1.7263677e+06
   1.7264611e+06
   1.7265288e+06
   1.7266314e+06
   1.7267278e+06
   1.7268122e+06
   1.7268902e+06
   1.7269541e+06
   1.7271642e+06
   1.7272561e+06
   1.7273315e+06
   1.7274446e+06
   1.7275311e+06
   1.7276099e+06
   1.7277199e+06
   1.7278031e+06
   1.7279458e+06
   1.7280056e+06
   1.7280940e+06
   1.7281604e+06
   1.7282602e+06
   1.7284037e+06
   1.7284894e+06
   1.7285985e+06
   1.7286703e+06
   1.7287977e+06
   1.7288817e+06
   1.7289820e+06
   1.7290568e+06
   1.7291502e+06
   1.7292298e+06
   1.7293212e+06
   1.7294054e+06
   1.7294989e+06
   1.7295972e+06
   1.7297098e+06
   1.7298035e+06
   1.7299158e+06
   1.7299984e+06
   1.7300903e+06
   1.7301617e+06
   1.7302446e+06
   1.7303276e+06
   1.7304086e+06
   1.7304919e+06
   1.7306138e+06
   1.7307097e+06
   1.7308449e+06
   1.7309362e+06
   1.7310218e+06
   1.7311033e+06
   1.7311869e+06
   1.7312854e+06
   1.7313581e+06
   1.7314498e+06
   1.7315516e+06
   1.7316562e+06
   1.7317555e+06
   1.7318375e+06
   1.7319209e+06
   1.7320049e+06
   1.7320787e+06
   1.7321547e+06
   1.7322407e+06
   1.7323494e+06
   1.7324504e+06
   1.7325175e+06
   1.7326086e+06
   1.7326995e+06
   1.7327775e+06
   1.7328715e+06
   1.7329986e+06
   1.7330742e+06
   1.7331864e+06
   1.7332961e+06
   1.7333845e+06
   1.7334461e+06
   1.7335670e+06
   1.7336885e+06
   1.7338064e+06
   1.7339005e+06
   1.7341213e+06
   1.7342239e+06
   1.7343063e+06
   1.7344202e+06
   1.7345035e+06
   1.7345720e+06
   1.7346442e+06
   1.7347169e+06
   1.7348009e+06
   1.7349117e+06
   1.7350093e+06
   1.7351164e+06
   1.7352021e+06
   1.7352858e+06
   1.7353901e+06
   1.7354724e+06
   1.7355943e+06
   1.7356874e+06
   1.7357841e+06
   1.7358527e+06
   1.7359350e+06
   1.7360175e+06
   1.7361085e+06
   1.7362097e+06
   1.7363162e+06
   1.7363890e+06
   1.7364566e+06
   1.7365267e+06
   1.7365960e+06
   1.7367126e+06
   1.7368087e+06
   1.7368996e+06
   1.7369802e+06
   1.7370734e+06
   1.7371743e+06
   1.7372478e+06
   1.7373321e+06
   1.7374088e+06
   1.7374830e+06
   1.7375593e+06
   1.7376301e+06
   1.7377291e+06
   1.7377881e+06
   1.7378622e+06
   1.7379634e+06
   1.7380503e+06
   1.7381481e+06
   1.7382444e+06
   1.7383301e+06
   1.7384569e+06
   1.7385432e+06
   1.7386479e+06
   1.7387254e+06
   1.7388104e+06
   1.7389595e+06
   1.7390576e+06
   1.7391600e+06
   1.7392398e+06
   1.7394044e+06
   1.7394918e+06
   1.7396057e+06
   1.7397972e+06
   1.7398833e+06
   1.7399717e+06
   1.7413744e+06
   1.7458974e+06
   1.7463252e+06
   1.7479246e+06
   1.7481424e+06
   1.7483265e+06
   1.7485673e+06
   1.7501936e+06
   1.7505108e+06
   1.7507618e+06
   1.7514149e+06
   1.7516576e+06
   1.7518759e+06
   1.7536094e+06
   1.7564039e+06
   1.7572562e+06
   1.7575794e+06
   1.7580760e+06
   1.7584362e+06
   1.7589566e+06
   1.7591030e+06
   1.7597195e+06
   1.7605705e+06
   1.7608375e+06
   1.7610269e+06
   1.7616614e+06
   1.7619511e+06
   1.7622777e+06
   1.7640767e+06
   1.7644593e+06
   1.7648929e+06
   1.7652159e+06
   1.7663141e+06
   1.7687476e+06
   1.7692772e+06
   1.7734541e+06
   1.7737711e+06
   1.7743169e+06
   1.7771996e+06
   1.7775701e+06
   1.7800680e+06
   1.7801459e+06
   1.7802302e+06
   1.7803297e+06
   1.7804192e+06
   1.7804859e+06
   1.7805645e+06
   1.7806497e+06
   1.7807382e+06
   1.7808615e+06
   1.7810019e+06
   1.7810896e+06
   1.7811823e+06
   1.7812516e+06
   1.7813336e+06
   1.7814193e+06
   1.7815097e+06
   1.7816088e+06
   1.7816728e+06
   1.7817795e+06
   1.7818625e+06
   1.7819600e+06
   1.7820331e+06
   1.7821107e+06
   1.7821957e+06
   1.7822655e+06
   1.7823509e+06
   1.7824555e+06
   1.7825636e+06
   1.7826563e+06
   1.7827153e+06
   1.7827742e+06
   1.7829056e+06
   1.7829717e+06
   1.7830545e+06
   1.7831655e+06
   1.7832317e+06
   1.7833309e+06
   1.7834098e+06
   1.7835091e+06
   1.7835888e+06
   1.7836808e+06
   1.7837652e+06
   1.7838502e+06
   1.7839221e+06
   1.7839932e+06
   1.7840729e+06
   1.7841469e+06
   1.7842101e+06
   1.7842851e+06
   1.7843567e+06
   1.7844292e+06
   1.7845202e+06
   1.7845998e+06
   1.7846964e+06
   1.7847771e+06
   1.7848452e+06
   1.7849319e+06
   1.7850056e+06
   1.7850805e+06
   1.7851520e+06
   1.7852294e+06
   1.7853035e+06
   1.7853702e+06
   1.7854512e+06
   1.7855191e+06
   1.7855878e+06
   1.7856570e+06
   1.7857794e+06
   1.7858667e+06
   1.7859362e+06
   1.7860321e+06
   1.7861119e+06
   1.7861741e+06
   1.7862446e+06
   1.7863295e+06
   1.7863807e+06
   1.7864605e+06
   1.7865784e+06
   1.7866739e+06
   1.7867486e+06
   1.7868442e+06
   1.7869169e+06
   1.7869900e+06
   1.7871348e+06
   1.7872062e+06
   1.7872753e+06
   1.7873580e+06
   1.7874599e+06
   1.7875452e+06
   1.7876160e+06
   1.7876950e+06
   1.7877689e+06
   1.7878484e+06
   1.7879930e+06
   1.7880937e+06
   1.7881826e+06
   1.7882602e+06
   1.7883299e+06
   1.7884047e+06
   1.7884985e+06
   1.7885664e+06
   1.7886492e+06
   1.7887359e+06
   1.7887981e+06
   1.7889058e+06
   1.7889880e+06
   1.7890854e+06
   1.7891466e+06
   1.7892301e+06
   1.7893162e+06
   1.7893928e+06
   1.7895193e+06
   1.7895949e+06
   1.7896757e+06
   1.7897540e+06
   1.7898351e+06
   1.7899393e+06
   1.7900437e+06
   1.7901214e+06
   1.7902384e+06
   1.7903193e+06
   1.7904040e+06
   1.7905356e+06
   1.7906220e+06
   1.7907166e+06
   1.7907891e+06
   1.7908712e+06
   1.7909584e+06
   1.7910392e+06
   1.7912083e+06
   1.7912817e+06
   1.7913583e+06
   1.7914756e+06
   1.7916048e+06
   1.7916844e+06
   1.7917701e+06
   1.7918518e+06
   1.7919296e+06
   1.7920010e+06
   1.7921185e+06
   1.7922150e+06
   1.7922753e+06
   1.7923515e+06
   1.7924256e+06
   1.7925074e+06
   1.7925802e+06
   1.7926638e+06
   1.7927476e+06
   1.7928394e+06
   1.7929518e+06
   1.7930853e+06
   1.7931725e+06
   1.7932466e+06
   1.7933386e+06
   1.7934248e+06
   1.7935116e+06
   1.7935997e+06
   1.7936787e+06
   1.7937393e+06
   1.7938195e+06
   1.7938798e+06
   1.7939777e+06
   1.7941386e+06
   1.7942217e+06
   1.7943345e+06
   1.7944611e+06
   1.7945535e+06
   1.7946306e+06
   1.7947312e+06
   1.7948151e+06
   1.7949005e+06
   1.7949704e+06
   1.7950585e+06
   1.7951770e+06
   1.7952466e+06
   1.7953162e+06
   1.7954247e+06
   1.7955074e+06
   1.7955867e+06
   1.7956977e+06
   1.7957698e+06
   1.7958600e+06
   1.7959408e+06
   1.7960240e+06
   1.7961267e+06
   1.7962548e+06
   1.7963291e+06
   1.7964100e+06
   1.7965792e+06
   1.7966394e+06
   1.7967250e+06
   1.7967937e+06
   1.7968933e+06
   1.7969727e+06
   1.7970609e+06
   1.7971333e+06
   1.7972346e+06
   1.7973111e+06
   1.7973909e+06
   1.7974779e+06
   1.7975556e+06
   1.7976448e+06
   1.7977432e+06
   1.7978213e+06
   1.7979094e+06
   1.7979852e+06
   1.7980424e+06
   1.7981174e+06
   1.7982081e+06
   1.7983065e+06
   1.7983897e+06
   1.7984882e+06
   1.7985575e+06
   1.7986330e+06
   1.7987564e+06
   1.7988323e+06
   1.7989159e+06
   1.7990086e+06
   1.7990727e+06
   1.7991599e+06
   1.7993178e+06
   1.7994482e+06
   1.7995381e+06
   1.7996338e+06
   1.7996914e+06
   1.7997698e+06
   1.7998770e+06
   1.7999585e+06
   1.8002288e+06
   1.8023499e+06
   1.8030099e+06
   1.8037710e+06
   1.8042308e+06
   1.8048502e+06
   1.8052066e+06
   1.8135547e+06
   1.8140841e+06
   1.8148502e+06
   1.8151867e+06
   1.8163397e+06
   1.8166096e+06
   1.8172229e+06
   1.8177496e+06
   1.8180888e+06
   1.8197201e+06
   1.8209897e+06
   1.8214692e+06
   1.8220142e+06
   1.8229590e+06
   1.8235182e+06
   1.8240320e+06
   1.8244347e+06
   1.8289932e+06
   1.8296499e+06
   1.8301006e+06
   1.8308819e+06
   1.8316843e+06
   1.8319907e+06
   1.8326780e+06
   1.8331731e+06
   1.8347862e+06
   1.8350591e+06
   1.8353554e+06
   1.8356499e+06
   1.8359439e+06
   1.8367417e+06
   1.8372878e+06
   1.8376173e+06
   1.8378755e+06
   1.8389301e+06
   1.8398526e+06
   1.8400580e+06
   1.8401344e+06
   1.8402133e+06
   1.8402907e+06
   1.8403558e+06
   1.8404233e+06
   1.8405027e+06
   1.8405842e+06
   1.8406569e+06
   1.8407324e+06
   1.8408070e+06
   1.8408745e+06
   1.8409407e+06
   1.8410078e+06
   1.8410694e+06
   1.8411459e+06
   1.8412680e+06
   1.8413441e+06
   1.8414168e+06
   1.8414965e+06
   1.8415823e+06
   1.8416449e+06
   1.8417185e+06
   1.8417932e+06
   1.8418670e+06
   1.8419416e+06
   1.8420161e+06
   1.8421080e+06
   1.8421914e+06
   1.8422798e+06
   1.8423575e+06
   1.8424260e+06
   1.8424832e+06
   1.8425366e+06
   1.8426018e+06
   1.8426784e+06
   1.8427496e+06
   1.8428454e+06
   1.8429468e+06
   1.8430288e+06
   1.8430980e+06
   1.8431765e+06
   1.8432508e+06
   1.8433199e+06
   1.8433876e+06
   1.8434728e+06
   1.8435580e+06
   1.8436429e+06
   1.8437296e+06
   1.8437947e+06
   1.8438639e+06
   1.8439437e+06
   1.8440116e+06
   1.8441068e+06
   1.8441812e+06
   1.8442526e+06
   1.8443215e+06
   1.8444027e+06
   1.8444785e+06
   1.8445541e+06
   1.8446330e+06
   1.8447074e+06
   1.8448061e+06
   1.8448693e+06
   1.8449654e+06
   1.8450499e+06
   1.8451274e+06
   1.8452001e+06
   1.8452767e+06
   1.8453492e+06
   1.8454239e+06
   1.8454981e+06
   1.8455485e+06
   1.8456225e+06
   1.8456992e+06
   1.8457549e+06
   1.8458208e+06
   1.8458868e+06
   1.8459576e+06
   1.8460288e+06
   1.8460998e+06
   1.8461677e+06
   1.8462360e+06
   1.8462958e+06
   1.8463774e+06
   1.8464532e+06
   1.8465315e+06
   1.8466221e+06
   1.8466902e+06
   1.8467648e+06
   1.8468380e+06
   1.8469084e+06
   1.8470934e+06
   1.8471715e+06
   1.8472559e+06
   1.8473497e+06
   1.8474181e+06
   1.8474793e+06
   1.8475552e+06
   1.8476134e+06
   1.8476843e+06
   1.8477655e+06
   1.8478353e+06
   1.8479342e+06
   1.8479968e+06
   1.8480604e+06
   1.8481360e+06
   1.8482047e+06
   1.8482690e+06
   1.8483280e+06
   1.8483989e+06
   1.8484848e+06
   1.8485666e+06
   1.8486491e+06
   1.8487158e+06
   1.8487990e+06
   1.8488980e+06
   1.8489797e+06
   1.8490778e+06
   1.8491573e+06
   1.8492336e+06
   1.8492926e+06
   1.8493640e+06
   1.8494456e+06
   1.8495277e+06
   1.8496088e+06
   1.8496770e+06
   1.8497605e+06
   1.8498453e+06
   1.8499097e+06
   1.8499723e+06
   1.8500372e+06
   1.8501381e+06
   1.8502385e+06
   1.8503286e+06
   1.8503918e+06
   1.8504677e+06
   1.8505669e+06
   1.8506339e+06
   1.8506941e+06
   1.8507924e+06
   1.8508895e+06
   1.8509592e+06
   1.8510315e+06
   1.8510902e+06
   1.8511712e+06
   1.8512464e+06
   1.8513306e+06
   1.8514114e+06
   1.8514926e+06
   1.8515638e+06
   1.8516609e+06
   1.8517327e+06
   1.8517955e+06
   1.8518737e+06
   1.8519505e+06
   1.8520152e+06
   1.8520874e+06
   1.8521828e+06
   1.8522621e+06
   1.8523282e+06
   1.8524058e+06
   1.8524841e+06
   1.8525604e+06
   1.8526163e+06
   1.8526884e+06
   1.8527529e+06
   1.8528559e+06
   1.8529322e+06
   1.8530059e+06
   1.8530927e+06
   1.8531905e+06
   1.8532580e+06
   1.8533579e+06
   1.8534277e+06
   1.8535093e+06
   1.8535770e+06
   1.8536576e+06
   1.8537448e+06
   1.8538352e+06
   1.8539266e+06
   1.8539966e+06
   1.8541357e+06
   1.8542243e+06
   1.8543038e+06
   1.8543980e+06
   1.8544743e+06
   1.8545517e+06
   1.8546231e+06
   1.8547267e+06
   1.8548076e+06
   1.8548858e+06
   1.8549755e+06
   1.8550473e+06
   1.8551361e+06
   1.8552419e+06
   1.8553340e+06
   1.8554163e+06
   1.8554767e+06
   1.8555667e+06
   1.8556446e+06
   1.8557111e+06
   1.8557911e+06
   1.8558885e+06
   1.8559633e+06
   1.8560411e+06
   1.8561198e+06
   1.8562112e+06
   1.8562966e+06
   1.8563602e+06
   1.8564270e+06
   1.8565043e+06
   1.8565885e+06
   1.8566581e+06
   1.8567448e+06
   1.8568306e+06
   1.8569218e+06
   1.8569855e+06
   1.8570939e+06
   1.8571539e+06
   1.8572311e+06
   1.8573220e+06
   1.8574951e+06
   1.8575799e+06
   1.8576424e+06
   1.8577353e+06
   1.8578011e+06
   1.8578694e+06
   1.8579413e+06
   1.8580131e+06
   1.8580932e+06
   1.8581716e+06
   1.8582745e+06
   1.8583565e+06
   1.8584343e+06
   1.8585284e+06
   1.8586112e+06
   1.8586862e+06
   1.8587567e+06
   1.8588229e+06
   1.8589046e+06
   1.8589790e+06
   1.8590570e+06
   1.8591212e+06
   1.8591907e+06
   1.8592894e+06
   1.8593703e+06
   1.8594355e+06
   1.8595253e+06
   1.8595993e+06
   1.8596796e+06
   1.8597747e+06
   1.8598670e+06
   1.8599607e+06
   1.8621329e+06
   1.8627535e+06
   1.8638542e+06
   1.8641464e+06
   1.8643939e+06
   1.8645995e+06
   1.8647784e+06
   1.8654244e+06
   1.8664940e+06
   1.8669152e+06
   1.8670852e+06
   1.8673118e+06
   1.8675080e+06
   1.8678595e+06
   1.8689517e+06
   1.8690880e+06
   1.8692911e+06
   1.8695428e+06
   1.8698002e+06
   1.8701630e+06
   1.8713100e+06
   1.8716739e+06
   1.8718954e+06
   1.8720759e+06
   1.8724990e+06
   1.8730233e+06
   1.8786725e+06
   1.8789079e+06
   1.8796742e+06
   1.8799167e+06
   1.8807331e+06
   1.8809219e+06
   1.8812003e+06
   1.8814805e+06
   1.8819180e+06
   1.8830082e+06
   1.8835707e+06
   1.8837897e+06
   1.8845892e+06
   1.8862511e+06
   1.8878097e+06
   1.8898640e+06
   1.8905184e+06
   1.8910743e+06
   1.8913905e+06
   1.8917356e+06
   1.8919878e+06
   1.8925769e+06
   1.8931952e+06
   1.8939155e+06
   1.8942969e+06
   1.8946682e+06
   1.8950705e+06
   1.8953261e+06
   1.8955387e+06
   1.8959757e+06
   1.9000765e+06
   1.9001555e+06
   1.9002314e+06
   1.9003050e+06
   1.9003695e+06
   1.9004306e+06
   1.9005119e+06
   1.9005852e+06
   1.9006417e+06
   1.9007066e+06
   1.9007808e+06
   1.9008627e+06
   1.9009309e+06
   1.9010212e+06
   1.9010840e+06
   1.9011452e+06
   1.9012235e+06
   1.9012906e+06
   1.9013479e+06
   1.9014251e+06
   1.9014881e+06
   1.9015602e+06
   1.9016331e+06
   1.9017013e+06
   1.9017580e+06
   1.9018178e+06
   1.9018742e+06
   1.9019375e+06
   1.9020217e+06
   1.9020956e+06
   1.9021558e+06
   1.9022421e+06
   1.9023087e+06
   1.9023700e+06
   1.9024260e+06
   1.9025049e+06
   1.9025773e+06
   1.9026365e+06
   1.9027086e+06
   1.9027795e+06
   1.9028416e+06
   1.9029180e+06
   1.9029831e+06
   1.9030530e+06
   1.9031294e+06
   1.9031992e+06
   1.9032514e+06
   1.9033121e+06
   1.9033807e+06
   1.9034393e+06
   1.9035030e+06
   1.9035820e+06
   1.9036500e+06
   1.9037219e+06
   1.9037929e+06
   1.9038675e+06
   1.9039293e+06
   1.9039946e+06
   1.9040498e+06
   1.9041330e+06
   1.9041982e+06
   1.9042647e+06
   1.9043236e+06
   1.9043954e+06
   1.9044686e+06
   1.9045320e+06
   1.9046023e+06
   1.9046929e+06
   1.9047619e+06
   1.9048302e+06
   1.9049063e+06
   1.9049718e+06
   1.9050376e+06
   1.9051038e+06
   1.9051541e+06
   1.9052286e+06
   1.9052918e+06
   1.9053667e+06
   1.9054500e+06
   1.9055423e+06
   1.9056053e+06
   1.9056647e+06
   1.9057400e+06
   1.9058519e+06
   1.9059109e+06
   1.9059675e+06
   1.9060491e+06
   1.9061167e+06
   1.9061717e+06
   1.9062375e+06
   1.9063037e+06
   1.9063718e+06
   1.9064441e+06
   1.9065040e+06
   1.9065700e+06
   1.9066477e+06
   1.9067274e+06
   1.9068213e+06
   1.9068839e+06
   1.9069557e+06
   1.9071002e+06
   1.9071669e+06
   1.9072600e+06
   1.9073454e+06
   1.9074095e+06
   1.9075147e+06
   1.9075813e+06
   1.9076636e+06
   1.9077441e+06
   1.9078158e+06
   1.9078898e+06
   1.9079694e+06
   1.9080381e+06
   1.9080980e+06
   1.9081760e+06
   1.9082314e+06
   1.9083066e+06
   1.9083700e+06
   1.9084577e+06
   1.9085274e+06
   1.9085923e+06
   1.9086585e+06
   1.9087278e+06
   1.9087911e+06
   1.9088643e+06
   1.9089335e+06
   1.9090734e+06
   1.9091442e+06
   1.9092011e+06
   1.9092578e+06
   1.9093153e+06
   1.9093918e+06
   1.9094603e+06
   1.9095222e+06
   1.9095929e+06
   1.9096689e+06
   1.9097416e+06
   1.9098205e+06
   1.9099048e+06
   1.9099866e+06
   1.9100657e+06
   1.9101618e+06
   1.9102442e+06
   1.9103226e+06
   1.9103841e+06
   1.9104560e+06
   1.9105470e+06
   1.9106589e+06
   1.9107304e+06
   1.9108111e+06
   1.9108812e+06
   1.9109494e+06
   1.9110643e+06
   1.9111203e+06
   1.9111900e+06
   1.9112645e+06
   1.9113297e+06
   1.9113993e+06
   1.9114653e+06
   1.9115312e+06
   1.9116100e+06
   1.9116824e+06
   1.9117986e+06
   1.9118612e+06
   1.9119430e+06
   1.9120290e+06
   1.9120959e+06
   1.9121632e+06
   1.9122402e+06
   1.9123016e+06
   1.9123744e+06
   1.9124410e+06
   1.9125301e+06
   1.9126028e+06
   1.9126745e+06
   1.9127605e+06
   1.9128346e+06
   1.9129210e+06
   1.9130115e+06
   1.9130792e+06
   1.9131614e+06
   1.9132326e+06
   1.9132943e+06
   1.9133624e+06
   1.9134258e+06
   1.9134869e+06
   1.9135544e+06
   1.9136181e+06
   1.9136909e+06
   1.9137705e+06
   1.9138418e+06
   1.9139142e+06
   1.9139699e+06
   1.9141313e+06
   1.9142188e+06
   1.9143161e+06
   1.9144000e+06
   1.9144703e+06
   1.9145324e+06
   1.9146124e+06
   1.9146820e+06
   1.9147709e+06
   1.9148456e+06
   1.9149284e+06
   1.9150014e+06
   1.9150653e+06
   1.9151353e+06
   1.9152180e+06
   1.9152830e+06
   1.9153433e+06
   1.9154158e+06
   1.9154831e+06
   1.9155524e+06
   1.9156278e+06
   1.9156916e+06
   1.9157525e+06
   1.9158154e+06
   1.9158823e+06
   1.9159388e+06
   1.9160093e+06
   1.9160804e+06
   1.9161409e+06
   1.9162161e+06
   1.9162814e+06
   1.9163467e+06
   1.9164294e+06
   1.9165113e+06
   1.9165716e+06
   1.9166435e+06
   1.9167311e+06
   1.9167910e+06
   1.9169428e+06
   1.9170113e+06
   1.9170872e+06
   1.9171712e+06
   1.9172390e+06
   1.9173074e+06
   1.9173780e+06
   1.9174521e+06
   1.9175294e+06
   1.9176398e+06
   1.9177056e+06
   1.9177879e+06
   1.9178502e+06
   1.9179240e+06
   1.9180114e+06
   1.9180794e+06
   1.9181531e+06
   1.9182098e+06
   1.9183189e+06
   1.9183953e+06
   1.9184821e+06
   1.9185642e+06
   1.9186496e+06
   1.9187461e+06
   1.9188150e+06
   1.9188944e+06
   1.9189897e+06
   1.9190533e+06
   1.9191223e+06
   1.9191969e+06
   1.9192754e+06
   1.9192854e+06
   1.9192950e+06
   1.9192971e+06
   1.9192987e+06
   1.9193016e+06
   1.9193189e+06
   1.9193231e+06
   1.9193315e+06
   1.9193443e+06
   1.9193594e+06
   1.9193689e+06
   1.9193760e+06
   1.9193808e+06
   1.9193921e+06
   1.9193986e+06
   1.9194063e+06
   1.9194172e+06
   1.9194237e+06
   1.9194381e+06
   1.9194560e+06
   1.9194651e+06
   1.9194697e+06
   1.9194710e+06
   1.9194875e+06
   1.9194980e+06
   1.9195047e+06
   1.9195128e+06
   1.9195345e+06
   1.9195376e+06
   1.9195393e+06
   1.9195412e+06
   1.9195490e+06
   1.9195628e+06
   1.9195788e+06
   1.9195972e+06
   1.9196182e+06
   1.9196227e+06
   1.9196285e+06
   1.9196314e+06
   1.9196455e+06
   1.9196462e+06
   1.9196549e+06
   1.9196584e+06
   1.9196897e+06
   1.9197045e+06
   1.9197094e+06
   1.9197108e+06
   1.9197147e+06
   1.9197309e+06
   1.9197337e+06
   1.9197419e+06
   1.9197614e+06
   1.9197737e+06
   1.9197747e+06
   1.9197897e+06
   1.9197908e+06
   1.9197931e+06
   1.9197999e+06
   1.9198118e+06
   1.9198360e+06
   1.9198416e+06
   1.9198519e+06
   1.9198548e+06
   1.9198633e+06
   1.9198706e+06
   1.9198741e+06
   1.9199001e+06
   1.9199119e+06
   1.9199138e+06
   1.9199185e+06
   1.9199250e+06
   1.9199391e+06
   1.9199490e+06
   1.9199595e+06
   1.9199753e+06
   1.9199916e+06
