   3.1250064e+03
   5.7624842e+03
   8.1851905e+03
   9.1961041e+03
   1.0569219e+04
   1.1958847e+04
   1.3627294e+04
   1.5216321e+04
   1.6370539e+04
   1.8595367e+04
   2.0340256e+04
   2.2883241e+04
   2.3740405e+04
   2.4758536e+04
   2.6355022e+04
   2.7802312e+04
   3.0110042e+04
   3.1755361e+04
   3.3105499e+04
   3.4830716e+04
   3.6219571e+04
   3.8156096e+04
   4.0257505e+04
   4.0651376e+04
   4.2055751e+04
   4.3009773e+04
   4.3870450e+04
   4.4825774e+04
   4.7026104e+04
   4.8244995e+04
   4.9438014e+04
   5.1139815e+04
   5.2356615e+04
   5.3288059e+04
   5.4592031e+04
   5.5724814e+04
   5.7222023e+04
   5.8342613e+04
   5.9602966e+04
   1.0145421e+05
   1.0286110e+05
   1.0409888e+05
   1.0517542e+05
   1.0621539e+05
   1.0752184e+05
   1.0910604e+05
   1.1138540e+05
   1.1262502e+05
   1.1378489e+05
   1.1367861e+05
   1.1528844e+05
   1.1682540e+05
   1.1923990e+05
   1.6014770e+05
   1.6104920e+05
   1.6240354e+05
   1.6402541e+05
   1.6496446e+05
   1.6622924e+05
   1.6899992e+05
   1.7045025e+05
   1.7155288e+05
   1.7275066e+05
   1.7442129e+05
   1.7576555e+05
   1.7667990e+05
   1.7798186e+05
   1.7930322e+05
   2.2008060e+05
   2.2084263e+05
   2.2215465e+05
   2.2309455e+05
   2.2434638e+05
   2.2571647e+05
   2.2672595e+05
   2.2766012e+05
   2.2875875e+05
   2.2976237e+05
   2.3082290e+05
   2.3171552e+05
   2.3277292e+05
   2.3395090e+05
   2.3525966e+05
   2.3661194e+05
   2.3764075e+05
   2.3871747e+05
   2.8092738e+05
   2.8277562e+05
   2.8614957e+05
   2.8731679e+05
   2.8899633e+05
   2.9065670e+05
   2.9172556e+05
   2.9277471e+05
   2.9378726e+05
   2.9466026e+05
   2.9582076e+05
   2.9681409e+05
   2.9868810e+05
   3.4004444e+05
   3.4086164e+05
   3.4171226e+05
   3.4267283e+05
   3.4381596e+05
   3.4560723e+05
   3.4650084e+05
   3.4743622e+05
   3.4899788e+05
   3.5098841e+05
   3.5208334e+05
   3.5393196e+05
   3.5467203e+05
   3.5581871e+05
   3.5680564e+05
   3.5857089e+05
   3.5977811e+05
   4.0005910e+05
   4.0096588e+05
   4.0337051e+05
   4.0452027e+05
   4.0579156e+05
   4.0686905e+05
   4.0852835e+05
   4.0966411e+05
   4.1070341e+05
   4.1162554e+05
   4.1285846e+05
   4.1414292e+05
   4.1451471e+05
   4.1561533e+05
   4.1691804e+05
   4.1876403e+05
   4.1989649e+05
   4.6012339e+05
   4.6111004e+05
   4.6289451e+05
   4.6413271e+05
   4.6558702e+05
   4.6682867e+05
   4.6796605e+05
   4.6907772e+05
   4.7077688e+05
   4.7195332e+05
   4.7349811e+05
   4.7501898e+05
   4.7595144e+05
   4.7752512e+05
   4.7902957e+05
   5.2008807e+05
   5.2107041e+05
   5.2229363e+05
   5.2340792e+05
   5.2460102e+05
   5.2547826e+05
   5.2644206e+05
   5.2752634e+05
   5.2844563e+05
   5.2955891e+05
   5.3089645e+05
   5.3224617e+05
   5.3321108e+05
   5.3469986e+05
   5.3570622e+05
   5.3684603e+05
   5.3812679e+05
   5.3912512e+05
   5.4014269e+05
   5.8003098e+05
   5.8064714e+05
   5.8148223e+05
   5.8261462e+05
   5.8537611e+05
   5.8665851e+05
   5.8771759e+05
   5.8930759e+05
   5.9038933e+05
   5.9209356e+05
   5.9406558e+05
   5.9477901e+05
   5.9575159e+05
   5.9697403e+05
   5.9883573e+05
   5.9969030e+05
   6.0101921e+05
   6.0486026e+05
   6.0626557e+05
   6.0834727e+05
   6.1108876e+05
   6.1291738e+05
   6.1402999e+05
   6.1508953e+05
   6.1675581e+05
   6.1804855e+05
   6.2005000e+05
   6.2127599e+05
   6.2245152e+05
   6.2420390e+05
   6.2683518e+05
   6.2837701e+05
   6.2940493e+05
   6.3070445e+05
   6.3202331e+05
   6.3352617e+05
   6.3485695e+05
   6.3649470e+05
   6.3832809e+05
   6.4002561e+05
   6.4109451e+05
   6.4249702e+05
   6.4459534e+05
   6.4571057e+05
   6.4676646e+05
   6.4870594e+05
   6.5155207e+05
   6.5264303e+05
   6.5449349e+05
   6.5600815e+05
   6.5764261e+05
   6.5904926e+05
   6.6068742e+05
   6.6209087e+05
   6.6347315e+05
   6.6462730e+05
   6.6678985e+05
   6.6787466e+05
   6.6957321e+05
   6.7064677e+05
   6.7304346e+05
   6.7506404e+05
   6.7646852e+05
   6.7761871e+05
   6.7850356e+05
   6.7961996e+05
   6.8167671e+05
   6.8297504e+05
   6.8417911e+05
   6.8556749e+05
   6.8669772e+05
   6.8829539e+05
   6.8943729e+05
   6.9152818e+05
   6.9295330e+05
   6.9383831e+05
   6.9546174e+05
   6.9645699e+05
   6.9786265e+05
   6.9942845e+05
   7.0090424e+05
   7.0252147e+05
   7.0400042e+05
   7.0521078e+05
   7.0649516e+05
   7.0774628e+05
   7.0873967e+05
   7.1005521e+05
   7.1199432e+05
   7.1366677e+05
   7.1512318e+05
   7.1689678e+05
   7.1811521e+05
   7.1955680e+05
   7.2235271e+05
   7.2436679e+05
   7.2658258e+05
   7.3269642e+05
   7.3772163e+05
   7.4484043e+05
   7.4690055e+05
   7.4924935e+05
   7.5440708e+05
   7.5588502e+05
   7.5884482e+05
   7.6071171e+05
   7.6169602e+05
   7.6234643e+05
   7.6331276e+05
   7.6453288e+05
   7.6556948e+05
   7.6642344e+05
   7.6821772e+05
   7.6979760e+05
   7.7094635e+05
   7.7500634e+05
   7.7667279e+05
   7.7814645e+05
   7.7963310e+05
   8.2079598e+05
   8.2174555e+05
   8.2251760e+05
   8.2342387e+05
   8.2426893e+05
   8.2504403e+05
   8.2604381e+05
   8.2676682e+05
   8.2869373e+05
   8.3012686e+05
   8.3193104e+05
   8.3312755e+05
   8.3531176e+05
   8.3719836e+05
   8.8084300e+05
   8.8175780e+05
   8.8276821e+05
   8.8385818e+05
   8.8472739e+05
   8.8567755e+05
   8.8678390e+05
   8.8820505e+05
   8.8951880e+05
   8.9069904e+05
   8.9207997e+05
   8.9342688e+05
   8.9533905e+05
   8.9648853e+05
   8.9877500e+05
   9.4184425e+05
   9.4350099e+05
   9.4427715e+05
   9.4535474e+05
   9.4646770e+05
   9.4806856e+05
   9.4903639e+05
   9.5094827e+05
   9.5207538e+05
   9.5373551e+05
   9.5612763e+05
   9.5727259e+05
   9.5961725e+05
   1.0007836e+06
   1.0018051e+06
   1.0025853e+06
   1.0032958e+06
   1.0040597e+06
   1.0047831e+06
   1.0055900e+06
   1.0066272e+06
   1.0095114e+06
   1.0110796e+06
   1.0128677e+06
   1.0157315e+06
   1.0178104e+06
   1.0190380e+06
   1.0608817e+06
   1.0617701e+06
   1.0624609e+06
   1.0632724e+06
   1.0639289e+06
   1.0646627e+06
   1.0655793e+06
   1.0667240e+06
   1.0684152e+06
   1.0695149e+06
   1.0711618e+06
   1.0730838e+06
   1.0755527e+06
   1.0775902e+06
   1.0788127e+06
   1.1208182e+06
   1.1216716e+06
   1.1229003e+06
   1.1243112e+06
   1.1250952e+06
   1.1260718e+06
   1.1267598e+06
   1.1288898e+06
   1.1309478e+06
   1.1325106e+06
   1.1358842e+06
   1.1389242e+06
   1.1810518e+06
   1.1818766e+06
   1.1828237e+06
   1.1842148e+06
   1.1851508e+06
   1.1861612e+06
   1.1884909e+06
   1.1916546e+06
   1.1928091e+06
   1.1953261e+06
   1.1969839e+06
   1.1985595e+06
   1.1995327e+06
   1.2407242e+06
   1.2417706e+06
   1.2425220e+06
   1.2434616e+06
   1.2443734e+06
   1.2454710e+06
   1.2463100e+06
   1.2491620e+06
   1.2515679e+06
   1.2529010e+06
   1.2552466e+06
   1.2567299e+06
   1.2579717e+06
   1.2589451e+06
   1.3008881e+06
   1.3024149e+06
   1.3036248e+06
   1.3054742e+06
   1.3063639e+06
   1.3082133e+06
   1.3095237e+06
   1.3104665e+06
   1.3119010e+06
   1.3166410e+06
   1.3193610e+06
   1.3608042e+06
   1.3619578e+06
   1.3632008e+06
   1.3640198e+06
   1.3649188e+06
   1.3657773e+06
   1.3667617e+06
   1.3684621e+06
   1.3704322e+06
   1.3724813e+06
   1.3766001e+06
   1.3781819e+06
   1.3798822e+06
   1.4209293e+06
   1.4218178e+06
   1.4225590e+06
   1.4236996e+06
   1.4245941e+06
   1.4254577e+06
   1.4266291e+06
   1.4287103e+06
   1.4303774e+06
   1.4320722e+06
   1.4357479e+06
   1.4371857e+06
   1.4810217e+06
   1.4822800e+06
   1.4832570e+06
   1.4845101e+06
   1.4853538e+06
   1.4861326e+06
   1.4869035e+06
   1.4882545e+06
   1.4898942e+06
   1.4915328e+06
   1.4930941e+06
   1.4952168e+06
   1.4968546e+06
   1.4985751e+06
   1.5408420e+06
   1.5419967e+06
   1.5427457e+06
   1.5435337e+06
   1.5443760e+06
   1.5451942e+06
   1.5460415e+06
   1.5468724e+06
   1.5499276e+06
   1.5509459e+06
   1.5529594e+06
   1.5562331e+06
   1.6008617e+06
   1.6018591e+06
   1.6028935e+06
   1.6038653e+06
   1.6052009e+06
   1.6061715e+06
   1.6091266e+06
   1.6105721e+06
   1.6124351e+06
   1.6159361e+06
   1.6176685e+06
   1.6192182e+06
   1.6608299e+06
   1.6615474e+06
   1.6626762e+06
   1.6638952e+06
   1.6649330e+06
   1.6663431e+06
   1.6685926e+06
   1.6707181e+06
   1.6718553e+06
   1.6749823e+06
   1.6773129e+06
   1.6788661e+06
   1.7209765e+06
   1.7218365e+06
   1.7227716e+06
   1.7236480e+06
   1.7245343e+06
   1.7254608e+06
   1.7263710e+06
   1.7300485e+06
   1.7314125e+06
   1.7335710e+06
   1.7354008e+06
   1.7368734e+06
   1.7389514e+06
   1.7808575e+06
   1.7816063e+06
   1.7838848e+06
   1.7850324e+06
   1.7861991e+06
   1.7885479e+06
   1.7907751e+06
   1.7927723e+06
   1.7939272e+06
   1.7973518e+06
   1.8413065e+06
   1.8422002e+06
   1.8430228e+06
   1.8439496e+06
   1.8451836e+06
   1.8461643e+06
   1.8486902e+06
   1.8499909e+06
   1.8538803e+06
   1.8582656e+06
   1.8596912e+06
   1.9008556e+06
   1.9017258e+06
   1.9025081e+06
   1.9033668e+06
   1.9042094e+06
   1.9049569e+06
   1.9061662e+06
   1.9069664e+06
   1.9081473e+06
   1.9094835e+06
   1.9114671e+06
   1.9135343e+06
   1.9156937e+06
   1.9169391e+06
   1.9187373e+06
   6.0827631e+04
   6.1883865e+04
   6.2974456e+04
   6.3910683e+04
   6.4877209e+04
   6.5999111e+04
   6.7032826e+04
   6.8399820e+04
   6.9900833e+04
   7.1208868e+04
   7.3149561e+04
   7.5191086e+04
   7.6503773e+04
   7.8311690e+04
   7.9719467e+04
   8.1450744e+04
   8.3025332e+04
   8.4342205e+04
   8.5445676e+04
   8.7375210e+04
   8.9028052e+04
   9.2024585e+04
   9.3401752e+04
   9.4589473e+04
   9.5980260e+04
   9.7602127e+04
   1.2004840e+05
   1.2115956e+05
   1.2210524e+05
   1.2339611e+05
   1.2484286e+05
   1.2693347e+05
   1.2905837e+05
   1.3016541e+05
   1.3145553e+05
   1.3284944e+05
   1.3427090e+05
   1.3839940e+05
   1.3980243e+05
   1.4115235e+05
   1.4279026e+05
   1.4429902e+05
   1.4572595e+05
   1.4739804e+05
   1.4869437e+05
   1.5007559e+05
   1.5183895e+05
   1.5322168e+05
   1.5553112e+05
   1.5756563e+05
   1.8075959e+05
   1.8313408e+05
   1.8429863e+05
   1.8530398e+05
   1.8875358e+05
   1.8993151e+05
   1.9161678e+05
   1.9303301e+05
   1.9407127e+05
   1.9480919e+05
   1.9578447e+05
   1.9673300e+05
   1.9823114e+05
   1.9994799e+05
   2.0147494e+05
   2.0243273e+05
   2.0440008e+05
   2.0574799e+05
   2.0768903e+05
   2.0939170e+05
   2.1135316e+05
   2.1252951e+05
   2.1484657e+05
   2.1654395e+05
   2.1818367e+05
   2.4012939e+05
   2.4130115e+05
   2.4279843e+05
   2.4424289e+05
   2.4565663e+05
   2.4681844e+05
   2.4793873e+05
   2.4911112e+05
   2.5010490e+05
   2.5157334e+05
   2.5332659e+05
   2.5599831e+05
   2.5728031e+05
   2.6144126e+05
   2.6289805e+05
   2.6563364e+05
   2.6738877e+05
   2.6912816e+05
   2.7024025e+05
   2.7142391e+05
   2.7232031e+05
   2.7355563e+05
   2.7667566e+05
   2.7795733e+05
   3.0195541e+05
   3.0469396e+05
   3.0581002e+05
   3.0736676e+05
   3.0882098e+05
   3.1010536e+05
   3.1136584e+05
   3.1313084e+05
   3.1576454e+05
   3.1823664e+05
   3.1993464e+05
   3.2120688e+05
   3.2322717e+05
   3.2517832e+05
   3.2858598e+05
   3.2970704e+05
   3.3176498e+05
   3.3312308e+05
   3.3414938e+05
   3.3683150e+05
   3.3830803e+05
   3.6134282e+05
   3.6226013e+05
   3.6354045e+05
   3.6464051e+05
   3.6563247e+05
   3.6690567e+05
   3.6792904e+05
   3.6917123e+05
   3.7011046e+05
   3.7125107e+05
   3.7320693e+05
   3.7503808e+05
   3.7628738e+05
   3.7812211e+05
   3.8001184e+05
   3.8141607e+05
   3.8369271e+05
   3.8515585e+05
   3.8687653e+05
   3.8861397e+05
   3.8980325e+05
   3.9175925e+05
   3.9315499e+05
   3.9437873e+05
   3.9586102e+05
   3.9720153e+05
   3.9823049e+05
   3.9957321e+05
   4.2145531e+05
   4.2287084e+05
   4.2427284e+05
   4.3033892e+05
   4.3192964e+05
   4.3471857e+05
   4.3589602e+05
   4.3761900e+05
   4.4047398e+05
   4.4245548e+05
   4.4453243e+05
   4.4589462e+05
   4.4826472e+05
   4.4916774e+05
   4.5017833e+05
   4.5230407e+05
   4.5408015e+05
   4.5531878e+05
   4.5698038e+05
   4.5800893e+05
   4.5950410e+05
   4.8123433e+05
   4.8231499e+05
   4.8353779e+05
   4.8443450e+05
   4.8582192e+05
   4.8815436e+05
   4.8974531e+05
   4.9139244e+05
   4.9275435e+05
   4.9440084e+05
   4.9543005e+05
   4.9777500e+05
   4.9979565e+05
   5.0148031e+05
   5.0315369e+05
   5.0490629e+05
   5.0697634e+05
   5.0827913e+05
   5.0939570e+05
   5.1044259e+05
   5.1138207e+05
   5.1313286e+05
   5.1470744e+05
   5.1702107e+05
   5.1795727e+05
   5.1971080e+05
   5.4224191e+05
   5.4426279e+05
   5.4578260e+05
   5.4691648e+05
   5.4829953e+05
   5.4973393e+05
   5.5096737e+05
   5.5223655e+05
   5.5408025e+05
   5.5501579e+05
   5.5615215e+05
   5.5789926e+05
   5.6004440e+05
   5.6180956e+05
   5.6339480e+05
   5.6476759e+05
   5.6579303e+05
   5.6723678e+05
   5.6906249e+05
   5.7054765e+05
   5.7160121e+05
   5.7388959e+05
   5.7487962e+05
   5.7647820e+05
   5.7884420e+05
   5.7992168e+05
   7.8165744e+05
   7.8453044e+05
   7.8636302e+05
   7.9116803e+05
   7.9345370e+05
   7.9585397e+05
   7.9828512e+05
   8.0045339e+05
   8.0244138e+05
   8.0388617e+05
   8.1516038e+05
   8.1768692e+05
   8.4222296e+05
   8.4438077e+05
   8.4599899e+05
   8.4789143e+05
   8.4942030e+05
   8.5090474e+05
   8.5349350e+05
   8.5542619e+05
   8.5900583e+05
   8.6159781e+05
   8.6453492e+05
   8.6729838e+05
   8.6887506e+05
   8.7247471e+05
   8.7423506e+05
   8.7549263e+05
   8.7886123e+05
   9.0136488e+05
   9.0314959e+05
   9.0588590e+05
   9.1090071e+05
   9.1275971e+05
   9.1416147e+05
   9.1811772e+05
   9.2041689e+05
   9.2349777e+05
   9.2486158e+05
   9.2748226e+05
   9.2882909e+05
   9.3055406e+05
   9.3249342e+05
   9.3440038e+05
   9.3737927e+05
   9.3898109e+05
   9.6117635e+05
   9.6351251e+05
   9.6533765e+05
   9.7353978e+05
   9.7608865e+05
   9.7820580e+05
   9.8015598e+05
   9.8150630e+05
   9.8391774e+05
   9.8612427e+05
   9.8737010e+05
   9.8871938e+05
   9.9042759e+05
   1.0217932e+06
   1.0234858e+06
   1.0263043e+06
   1.0279460e+06
   1.0308706e+06
   1.0332913e+06
   1.0346834e+06
   1.0366844e+06
   1.0381485e+06
   1.0396331e+06
   1.0420035e+06
   1.0434685e+06
   1.0451425e+06
   1.0464666e+06
   1.0483116e+06
   1.0502504e+06
   1.0517219e+06
   1.0540914e+06
   1.0565734e+06
   1.0583018e+06
   1.0825875e+06
   1.0843524e+06
   1.0885873e+06
   1.0913600e+06
   1.0930677e+06
   1.0955727e+06
   1.0981559e+06
   1.0993993e+06
   1.1007535e+06
   1.1037414e+06
   1.1052583e+06
   1.1081882e+06
   1.1183915e+06
   1.1429839e+06
   1.1446458e+06
   1.1460154e+06
   1.1494544e+06
   1.1518374e+06
   1.1535129e+06
   1.1562743e+06
   1.1578922e+06
   1.1595109e+06
   1.1613833e+06
   1.1631443e+06
   1.1646421e+06
   1.1682540e+06
   1.1704377e+06
   1.1729194e+06
   1.1773015e+06
   1.2017454e+06
   1.2049426e+06
   1.2066032e+06
   1.2078463e+06
   1.2090110e+06
   1.2111689e+06
   1.2124552e+06
   1.2140111e+06
   1.2158055e+06
   1.2170651e+06
   1.2208090e+06
   1.2227038e+06
   1.2248345e+06
   1.2261575e+06
   1.2278456e+06
   1.2294632e+06
   1.2307797e+06
   1.2326423e+06
   1.2340076e+06
   1.2360969e+06
   1.2378884e+06
   1.2397721e+06
   1.2698719e+06
   1.2729364e+06
   1.2743450e+06
   1.2770986e+06
   1.2782025e+06
   1.2894952e+06
   1.2925464e+06
   1.2943159e+06
   1.2972037e+06
   1.2990134e+06
   1.3212877e+06
   1.3289383e+06
   1.3408473e+06
   1.3421000e+06
   1.3444967e+06
   1.3468177e+06
   1.3486303e+06
   1.3518080e+06
   1.3544389e+06
   1.3566411e+06
   1.3591663e+06
   1.3818785e+06
   1.3844390e+06
   1.3872529e+06
   1.3896324e+06
   1.3912433e+06
   1.3937847e+06
   1.3962198e+06
   1.3989168e+06
   1.4010119e+06
   1.4033800e+06
   1.4064835e+06
   1.4085181e+06
   1.4096674e+06
   1.4125668e+06
   1.4138079e+06
   1.4159782e+06
   1.4430887e+06
   1.4442857e+06
   1.4463864e+06
   1.4519455e+06
   1.4535786e+06
   1.4572999e+06
   1.4591305e+06
   1.4609567e+06
   1.4654020e+06
   1.4668035e+06
   1.4685805e+06
   1.4703613e+06
   1.4723837e+06
   1.4742491e+06
   1.4754057e+06
   1.4766385e+06
   1.4789824e+06
   1.5030299e+06
   1.5063210e+06
   1.5080118e+06
   1.5127010e+06
   1.5145328e+06
   1.5158086e+06
   1.5170714e+06
   1.5196640e+06
   1.5226876e+06
   1.5260897e+06
   1.5391540e+06
   1.5628703e+06
   1.5641794e+06
   1.5661855e+06
   1.5680050e+06
   1.5695048e+06
   1.5724999e+06
   1.5747045e+06
   1.5770161e+06
   1.5819271e+06
   1.6218926e+06
   1.6243162e+06
   1.6256687e+06
   1.6291690e+06
   1.6331150e+06
   1.6349574e+06
   1.6369278e+06
   1.6386810e+06
   1.6404991e+06
   1.6428193e+06
   1.6455155e+06
   1.6488584e+06
   1.6506442e+06
   1.6545230e+06
   1.6582625e+06
   1.6834137e+06
   1.6854663e+06
   1.6869175e+06
   1.6888425e+06
   1.6908554e+06
   1.6927003e+06
   1.6951380e+06
   1.6961336e+06
   1.6979900e+06
   1.6993668e+06
   1.7009106e+06
   1.7032258e+06
   1.7062829e+06
   1.7102287e+06
   1.7118391e+06
   1.7131891e+06
   1.7152879e+06
   1.7171996e+06
   1.7188894e+06
   1.7428373e+06
   1.7446853e+06
   1.7462591e+06
   1.7477748e+06
   1.7495860e+06
   1.7533641e+06
   1.7563148e+06
   1.7577977e+06
   1.7611729e+06
   1.7626987e+06
   1.7640474e+06
   1.7682285e+06
   1.7712501e+06
   1.7729201e+06
   1.7743038e+06
   1.7765433e+06
   1.7789287e+06
   1.8017164e+06
   1.8027832e+06
   1.8060060e+06
   1.8075169e+06
   1.8088959e+06
   1.8101397e+06
   1.8114762e+06
   1.8157612e+06
   1.8173972e+06
   1.8190514e+06
   1.8213460e+06
   1.8225345e+06
   1.8257505e+06
   1.8277966e+06
   1.8293012e+06
   1.8307187e+06
   1.8324645e+06
   1.8338287e+06
   1.8350791e+06
   1.8372313e+06
   1.8386403e+06
   1.8620947e+06
   1.8636915e+06
   1.8651911e+06
   1.8688116e+06
   1.8700624e+06
   1.8714024e+06
   1.8730704e+06
   1.8740431e+06
   1.8774808e+06
   1.8791570e+06
   1.8800829e+06
   1.8812776e+06
   1.8829453e+06
   1.8846845e+06
   1.8865595e+06
   1.8906951e+06
   1.8924189e+06
   1.8946720e+06
   1.8968501e+06
   1.8984366e+06
   3.5929993e+05
   3.5950906e+05
   3.5963250e+05
   3.5984637e+05
   3.5996817e+05
   4.1917977e+05
   4.1940813e+05
   4.1952843e+05
   4.1982058e+05
   4.7910175e+05
   4.7930616e+05
   4.7961671e+05
   4.7990046e+05
   5.3933664e+05
   5.3950237e+05
   5.3979488e+05
   5.3996975e+05
   5.9966632e+05
   5.9983494e+05
   1.8735133e+06
   1.8788524e+06
   1.8805232e+06
   1.8829301e+06
   1.8867441e+06
   1.8902420e+06
   1.8917238e+06
   1.8928826e+06
   1.8942390e+06
   1.8961736e+06
   1.8995111e+06
   3.5926419e+05
   3.5969880e+05
   3.5993653e+05
   4.1929970e+05
   4.1953891e+05
   4.7910097e+05
   4.7925317e+05
   4.7961356e+05
   4.7975688e+05
   5.3925883e+05
   5.3935921e+05
   5.3956794e+05
   5.3991441e+05
   5.9912800e+05
   5.9953181e+05
   5.9968573e+05
   5.9986410e+05
