   7.4250048e+02
   1.2520034e+03
   1.8285571e+03
   2.2598706e+03
   3.1266850e+03
   3.8485582e+03
   4.2487246e+03
   4.7233165e+03
   5.2659888e+03
   6.3851395e+03
   7.1114340e+03
   7.5826168e+03
   8.2380002e+03
   9.6813830e+03
   1.0531004e+04
   1.3462839e+04
   1.4565687e+04
   1.4997817e+04
   1.5904545e+04
   1.6297696e+04
   1.6758628e+04
   1.9716437e+04
   2.0322606e+04
   2.0960265e+04
   2.1758493e+04
   2.2539263e+04
   2.3253213e+04
   2.4246536e+04
   2.4766634e+04
   2.5334370e+04
   2.6000308e+04
   2.6897103e+04
   2.7678320e+04
   2.8130109e+04
   2.9157775e+04
   3.0239421e+04
   3.2530277e+04
   3.3128837e+04
   3.4709255e+04
   3.5030317e+04
   3.7250863e+04
   3.7812799e+04
   3.8497987e+04
   3.9163772e+04
   3.9802559e+04
   4.0484792e+04
   4.0524528e+04
   4.1523431e+04
   4.2212966e+04
   4.2621578e+04
   4.3108410e+04
   4.3763944e+04
   4.4359163e+04
   4.4907579e+04
   4.5668740e+04
   4.6389034e+04
   4.6910472e+04
   4.8792307e+04
   4.9454024e+04
   5.0153508e+04
   5.0884740e+04
   5.1377404e+04
   5.1818230e+04
   5.2638552e+04
   5.3028083e+04
   5.3608986e+04
   5.4333822e+04
   5.4972316e+04
   5.5279337e+04
   5.6113072e+04
   5.6888885e+04
   5.7869769e+04
   5.8283967e+04
   5.8928818e+04
   5.9431969e+04
   5.9907344e+04
   1.0050520e+05
   1.0099239e+05
   1.0146587e+05
   1.0234418e+05
   1.0340148e+05
   1.0401450e+05
   1.0472307e+05
   1.0545790e+05
   1.0632552e+05
   1.0738275e+05
   1.0801370e+05
   1.0873250e+05
   1.0931334e+05
   1.0994622e+05
   1.1052672e+05
   1.1099761e+05
   1.1161379e+05
   1.1222562e+05
   1.1271568e+05
   1.1309993e+05
   1.1488063e+05
   1.1533601e+05
   1.1576115e+05
   1.1681749e+05
   1.1780778e+05
   1.1852476e+05
   1.1997587e+05
   1.6065966e+05
   1.6132732e+05
   1.6214746e+05
   1.6307795e+05
   1.6383396e+05
   1.6449888e+05
   1.6752235e+05
   1.6795877e+05
   1.6842185e+05
   1.6885445e+05
   1.6946555e+05
   1.6996865e+05
   1.7078797e+05
   1.7116041e+05
   1.7188382e+05
   1.7336818e+05
   1.7455090e+05
   1.7527297e+05
   1.7639597e+05
   1.7696427e+05
   1.7733606e+05
   1.7775142e+05
   2.2048966e+05
   2.2095607e+05
   2.2151055e+05
   2.2200900e+05
   2.2276865e+05
   2.2321077e+05
   2.2375250e+05
   2.2451087e+05
   2.2596900e+05
   2.2754202e+05
   2.2799492e+05
   2.2883450e+05
   2.2928645e+05
   2.2983250e+05
   2.3096141e+05
   2.3172168e+05
   2.3234698e+05
   2.3273687e+05
   2.3346139e+05
   2.3465277e+05
   2.3524486e+05
   2.3584852e+05
   2.3640718e+05
   2.3724290e+05
   2.3799462e+05
   2.3859901e+05
   2.8040874e+05
   2.8111573e+05
   2.8272370e+05
   2.8322269e+05
   2.8365415e+05
   2.8436611e+05
   2.8516992e+05
   2.8592526e+05
   2.8679146e+05
   2.8752650e+05
   2.8809125e+05
   2.8890238e+05
   2.8944097e+05
   2.9005092e+05
   2.9057157e+05
   2.9098072e+05
   2.9145043e+05
   2.9204584e+05
   2.9267425e+05
   2.9313644e+05
   2.9371698e+05
   2.9452658e+05
   2.9512937e+05
   2.9559545e+05
   2.9634169e+05
   2.9677352e+05
   2.9729176e+05
   2.9815003e+05
   2.9854382e+05
   2.9948099e+05
   2.9997952e+05
   3.4050080e+05
   3.4813723e+05
   3.5060186e+05
   3.5225953e+05
   3.5351723e+05
   3.5474637e+05
   3.5586912e+05
   3.5656242e+05
   3.5695306e+05
   3.5730207e+05
   3.5788738e+05
   3.5841577e+05
   3.5892617e+05
   3.5932460e+05
   3.5979902e+05
   4.0083823e+05
   4.0116864e+05
   4.0164332e+05
   4.0218439e+05
   4.0282508e+05
   4.0409707e+05
   4.0456993e+05
   4.0504105e+05
   4.0557247e+05
   4.0600253e+05
   4.0638473e+05
   4.0698856e+05
   4.0756981e+05
   4.0813696e+05
   4.0873059e+05
   4.0923570e+05
   4.0992404e+05
   4.1118670e+05
   4.1152499e+05
   4.1188563e+05
   4.1222882e+05
   4.1289896e+05
   4.1336892e+05
   4.1471389e+05
   4.1543453e+05
   4.1612517e+05
   4.1664200e+05
   4.1705783e+05
   4.1783602e+05
   4.1841127e+05
   4.1879673e+05
   4.1937837e+05
   4.6078736e+05
   4.6160919e+05
   4.6321577e+05
   4.6363851e+05
   4.6465262e+05
   4.6506797e+05
   4.6553700e+05
   4.6594016e+05
   4.6632252e+05
   4.6742009e+05
   4.6791190e+05
   4.6842558e+05
   4.6915178e+05
   4.7049569e+05
   4.7131917e+05
   4.7237046e+05
   4.7277135e+05
   4.7332604e+05
   4.7432066e+05
   4.7496089e+05
   4.7694664e+05
   4.7742247e+05
   4.7832488e+05
   4.7880388e+05
   4.7911014e+05
   4.7966208e+05
   5.2051313e+05
   5.2109899e+05
   5.2166287e+05
   5.2227023e+05
   5.2264105e+05
   5.2305164e+05
   5.2396409e+05
   5.2431993e+05
   5.2477735e+05
   5.2548973e+05
   5.2625462e+05
   5.2658218e+05
   5.2764207e+05
   5.2839612e+05
   5.2883288e+05
   5.2919307e+05
   5.2960684e+05
   5.3013320e+05
   5.3063615e+05
   5.3150667e+05
   5.3217447e+05
   5.3285535e+05
   5.3357518e+05
   5.3464980e+05
   5.3525286e+05
   5.3560119e+05
   5.3601552e+05
   5.3672095e+05
   5.3716562e+05
   5.3768582e+05
   5.3821827e+05
   5.3877239e+05
   5.3999097e+05
   5.8070617e+05
   5.8138013e+05
   5.8193134e+05
   5.8229829e+05
   5.8310193e+05
   5.8362078e+05
   5.8415302e+05
   5.8455629e+05
   5.8582575e+05
   5.8621969e+05
   5.8673538e+05
   5.8752135e+05
   5.8795663e+05
   5.8850145e+05
   5.8893897e+05
   5.8951701e+05
   5.9005548e+05
   5.9075590e+05
   5.9141435e+05
   5.9191163e+05
   5.9227662e+05
   5.9274507e+05
   5.9367280e+05
   5.9451719e+05
   5.9510544e+05
   5.9556302e+05
   5.9623511e+05
   5.9671105e+05
   5.9725776e+05
   5.9773163e+05
   5.9820025e+05
   5.9876866e+05
   5.9917223e+05
   5.9949887e+05
   6.0054592e+05
   6.0170877e+05
   6.0600269e+05
   6.0652170e+05
   6.0708875e+05
   6.0759506e+05
   6.0821049e+05
   6.0895765e+05
   6.0959676e+05
   6.1026179e+05
   6.1094446e+05
   6.1132209e+05
   6.1169228e+05
   6.1260652e+05
   6.1328328e+05
   6.1413505e+05
   6.1480708e+05
   6.1532153e+05
   6.1741965e+05
   6.1809787e+05
   6.1895616e+05
   6.1959684e+05
   6.2015130e+05
   6.2528970e+05
   6.2574053e+05
   6.2623344e+05
   6.2703067e+05
   6.2759565e+05
   6.2802103e+05
   6.3026599e+05
   6.3098616e+05
   6.3161668e+05
   6.3198004e+05
   6.3264679e+05
   6.3298416e+05
   6.3390970e+05
   6.3439807e+05
   6.3553044e+05
   6.3593754e+05
   6.3658908e+05
   6.3736630e+05
   6.3794238e+05
   6.3839621e+05
   6.3918813e+05
   6.3986569e+05
   6.4050833e+05
   6.4417028e+05
   6.4455718e+05
   6.4558457e+05
   6.5271112e+05
   6.5485535e+05
   6.5563775e+05
   6.5710598e+05
   6.5765677e+05
   6.5829757e+05
   6.5864285e+05
   6.5906407e+05
   6.5964078e+05
   6.6043182e+05
   6.6124481e+05
   6.6178726e+05
   6.6235351e+05
   6.6295962e+05
   6.6348218e+05
   6.6404394e+05
   6.6440733e+05
   6.6495627e+05
   6.6625516e+05
   6.6668194e+05
   6.6717509e+05
   6.6773543e+05
   6.6858312e+05
   6.6926309e+05
   6.7015336e+05
   6.7089188e+05
   6.7146379e+05
   6.7189306e+05
   6.7224917e+05
   6.7262192e+05
   6.7323831e+05
   6.7363845e+05
   6.7412807e+05
   6.7929114e+05
   6.7969757e+05
   6.8030451e+05
   6.8103750e+05
   6.8144818e+05
   6.8236869e+05
   6.8290555e+05
   6.8350378e+05
   6.8404822e+05
   6.8460715e+05
   6.8514809e+05
   6.8600147e+05
   6.8636572e+05
   6.8676894e+05
   6.8712723e+05
   6.8795722e+05
   6.8850299e+05
   6.8942122e+05
   6.8992073e+05
   6.9048558e+05
   6.9172513e+05
   6.9312639e+05
   6.9357458e+05
   6.9527508e+05
   6.9580297e+05
   6.9633925e+05
   6.9725336e+05
   6.9771508e+05
   6.9835264e+05
   6.9917929e+05
   6.9987303e+05
   7.0101146e+05
   7.0165747e+05
   7.0212855e+05
   7.0268518e+05
   7.0318580e+05
   7.0356132e+05
   7.0429070e+05
   7.0542746e+05
   7.0624287e+05
   7.0693409e+05
   7.0772987e+05
   7.0867896e+05
   7.0916868e+05
   7.1004022e+05
   7.1170004e+05
   7.1241977e+05
   7.1289725e+05
   7.1334628e+05
   7.1374568e+05
   7.1427532e+05
   7.1592389e+05
   7.1656786e+05
   7.1714829e+05
   7.1786325e+05
   7.1830263e+05
   7.1912261e+05
   7.1956705e+05
   7.2046487e+05
   7.2137643e+05
   7.2214401e+05
   7.2300025e+05
   7.2511148e+05
   7.2626874e+05
   7.2687925e+05
   7.2734092e+05
   7.2846381e+05
   7.2900456e+05
   7.2952806e+05
   7.3039151e+05
   7.3086118e+05
   7.3149599e+05
   7.3206783e+05
   7.3241116e+05
   7.3286541e+05
   7.3391577e+05
   7.3468522e+05
   7.3552363e+05
   7.3592313e+05
   7.3633040e+05
   7.3714001e+05
   7.3755156e+05
   7.3821672e+05
   7.3871249e+05
   7.3956855e+05
   7.4018259e+05
   7.4054412e+05
   7.4113684e+05
   7.4169290e+05
   7.4234253e+05
   7.4286941e+05
   7.4341845e+05
   7.4396918e+05
   7.4487913e+05
   7.4536707e+05
   7.4603917e+05
   7.4666137e+05
   7.4750375e+05
   7.4795554e+05
   7.4833908e+05
   7.4905622e+05
   7.4949251e+05
   7.5010385e+05
   7.5042352e+05
   7.5098534e+05
   7.5185179e+05
   7.5237426e+05
   7.5282352e+05
   7.5342268e+05
   7.5393344e+05
   7.5436020e+05
   7.5483024e+05
   7.5574210e+05
   7.5625824e+05
   7.5662294e+05
   7.5738538e+05
   7.5825836e+05
   7.5935222e+05
   7.5965357e+05
   7.6084406e+05
   7.6278978e+05
   7.6349215e+05
   7.6398408e+05
   7.6466324e+05
   7.6551165e+05
   7.6607273e+05
   7.6670186e+05
   7.6844489e+05
   7.6897733e+05
   7.6954994e+05
   7.7020674e+05
   7.7118599e+05
   7.7169520e+05
   7.7298630e+05
   7.7342954e+05
   7.7382685e+05
   7.7439983e+05
   7.7485157e+05
   7.7531480e+05
   7.7580946e+05
   7.7780363e+05
   7.7817945e+05
   7.7917625e+05
   7.7973254e+05
   8.2088883e+05
   8.2191070e+05
   8.2238599e+05
   8.2380139e+05
   8.2744013e+05
   8.2789306e+05
   8.2829352e+05
   8.2892702e+05
   8.2924270e+05
   8.2993822e+05
   8.3049748e+05
   8.3099472e+05
   8.3143895e+05
   8.3180178e+05
   8.3263083e+05
   8.3324251e+05
   8.3364716e+05
   8.3443449e+05
   8.3477158e+05
   8.3529092e+05
   8.3590318e+05
   8.3665039e+05
   8.3761220e+05
   8.3817078e+05
   8.3897551e+05
   8.3959062e+05
   8.8117457e+05
   8.8240638e+05
   8.8405499e+05
   8.8531865e+05
   8.8576983e+05
   8.8676467e+05
   8.8782560e+05
   8.8834710e+05
   8.8892651e+05
   8.8972576e+05
   8.9023237e+05
   8.9060614e+05
   8.9147128e+05
   8.9210165e+05
   8.9307324e+05
   8.9369381e+05
   8.9497869e+05
   8.9544840e+05
   8.9576903e+05
   8.9639026e+05
   8.9680906e+05
   8.9733247e+05
   8.9790300e+05
   8.9841291e+05
   8.9872535e+05
   8.9937139e+05
   9.4072621e+05
   9.4123671e+05
   9.4228403e+05
   9.4290806e+05
   9.4338110e+05
   9.4450848e+05
   9.4493134e+05
   9.4549996e+05
   9.4625790e+05
   9.4667369e+05
   9.4764407e+05
   9.4867439e+05
   9.4909066e+05
   9.5024684e+05
   9.5089807e+05
   9.5160003e+05
   9.5276366e+05
   9.5328472e+05
   9.5471975e+05
   9.5507197e+05
   9.5557092e+05
   9.5585698e+05
   9.5644100e+05
   9.5746573e+05
   9.5781832e+05
   9.5844136e+05
   9.5913501e+05
   9.5971834e+05
   1.0005322e+06
   1.0009838e+06
   1.0015005e+06
   1.0023583e+06
   1.0029251e+06
   1.0035026e+06
   1.0038598e+06
   1.0043167e+06
   1.0046980e+06
   1.0050316e+06
   1.0055162e+06
   1.0061027e+06
   1.0065511e+06
   1.0075040e+06
   1.0079567e+06
   1.0083910e+06
   1.0091479e+06
   1.0095785e+06
   1.0100124e+06
   1.0105145e+06
   1.0108576e+06
   1.0118837e+06
   1.0122642e+06
   1.0129242e+06
   1.0135304e+06
   1.0144718e+06
   1.0149869e+06
   1.0153441e+06
   1.0158020e+06
   1.0163350e+06
   1.0170434e+06
   1.0175359e+06
   1.0181866e+06
   1.0185730e+06
   1.0189686e+06
   1.0193254e+06
   1.0199081e+06
   1.0607730e+06
   1.0612543e+06
   1.0627352e+06
   1.0631549e+06
   1.0637234e+06
   1.0643174e+06
   1.0648411e+06
   1.0653423e+06
   1.0662632e+06
   1.0667149e+06
   1.0675538e+06
   1.0744583e+06
   1.0756771e+06
   1.0762634e+06
   1.0770739e+06
   1.0775846e+06
   1.0781135e+06
   1.0793211e+06
   1.0798595e+06
   1.1203948e+06
   1.1207348e+06
   1.1212685e+06
   1.1221373e+06
   1.1227925e+06
   1.1231292e+06
   1.1237655e+06
   1.1241415e+06
   1.1246077e+06
   1.1253034e+06
   1.1261405e+06
   1.1265925e+06
   1.1274087e+06
   1.1278099e+06
   1.1283264e+06
   1.1290378e+06
   1.1293869e+06
   1.1305203e+06
   1.1311447e+06
   1.1316690e+06
   1.1324170e+06
   1.1328121e+06
   1.1337417e+06
   1.1347310e+06
   1.1353988e+06
   1.1362246e+06
   1.1366744e+06
   1.1375989e+06
   1.1381464e+06
   1.1388934e+06
   1.1804872e+06
   1.1810325e+06
   1.1814066e+06
   1.1817845e+06
   1.1826163e+06
   1.1831882e+06
   1.1835686e+06
   1.1842061e+06
   1.1851899e+06
   1.1855725e+06
   1.1865587e+06
   1.1873232e+06
   1.1877582e+06
   1.1880950e+06
   1.1885964e+06
   1.1889354e+06
   1.1893637e+06
   1.1901949e+06
   1.1907183e+06
   1.1919352e+06
   1.1922742e+06
   1.1928729e+06
   1.1931834e+06
   1.1935939e+06
   1.1944269e+06
   1.1949415e+06
   1.1957571e+06
   1.1961639e+06
   1.1966254e+06
   1.1973321e+06
   1.1980923e+06
   1.1985352e+06
   1.1990015e+06
   1.1994170e+06
   1.2403740e+06
   1.2407988e+06
   1.2412750e+06
   1.2419373e+06
   1.2427436e+06
   1.2439352e+06
   1.2444109e+06
   1.2449557e+06
   1.2456108e+06
   1.2474182e+06
   1.2479761e+06
   1.2486842e+06
   1.2491176e+06
   1.2497066e+06
   1.2504933e+06
   1.2521781e+06
   1.2526456e+06
   1.2531467e+06
   1.2555038e+06
   1.2559055e+06
   1.2564634e+06
   1.2570331e+06
   1.2573724e+06
   1.2577636e+06
   1.2580876e+06
   1.2586951e+06
   1.2590964e+06
   1.2595172e+06
   1.3004559e+06
   1.3014674e+06
   1.3026722e+06
   1.3032535e+06
   1.3042211e+06
   1.3045755e+06
   1.3050764e+06
   1.3074648e+06
   1.3079240e+06
   1.3082960e+06
   1.3090223e+06
   1.3095162e+06
   1.3099653e+06
   1.3107072e+06
   1.3113386e+06
   1.3122583e+06
   1.3127334e+06
   1.3131546e+06
   1.3144176e+06
   1.3163554e+06
   1.3170094e+06
   1.3174828e+06
   1.3180118e+06
   1.3191685e+06
   1.3194204e+06
   1.3198812e+06
   1.3605536e+06
   1.3611821e+06
   1.3616692e+06
   1.3621520e+06
   1.3626559e+06
   1.3633040e+06
   1.3637895e+06
   1.3644631e+06
   1.3648772e+06
   1.3652002e+06
   1.3657944e+06
   1.3664080e+06
   1.3675969e+06
   1.3680333e+06
   1.3684758e+06
   1.3689478e+06
   1.3693316e+06
   1.3697745e+06
   1.3704228e+06
   1.3709678e+06
   1.3713967e+06
   1.3719045e+06
   1.3725031e+06
   1.3729162e+06
   1.3734494e+06
   1.3739748e+06
   1.3745581e+06
   1.3749244e+06
   1.3758942e+06
   1.3764947e+06
   1.3767812e+06
   1.3774291e+06
   1.3779529e+06
   1.3783685e+06
   1.3788998e+06
   1.3794516e+06
   1.3798773e+06
   1.4205855e+06
   1.4211624e+06
   1.4215046e+06
   1.4218471e+06
   1.4223571e+06
   1.4229100e+06
   1.4234337e+06
   1.4239422e+06
   1.4243325e+06
   1.4246606e+06
   1.4254885e+06
   1.4260404e+06
   1.4264813e+06
   1.4269144e+06
   1.4277770e+06
   1.4286048e+06
   1.4309477e+06
   1.4316121e+06
   1.4319728e+06
   1.4323723e+06
   1.4330769e+06
   1.4337630e+06
   1.4349332e+06
   1.4352999e+06
   1.4357327e+06
   1.4360941e+06
   1.4366673e+06
   1.4371652e+06
   1.4376642e+06
   1.4381514e+06
   1.4385432e+06
   1.4392879e+06
   1.4398139e+06
   1.4806573e+06
   1.4811305e+06
   1.4816020e+06
   1.4822921e+06
   1.4829111e+06
   1.4842392e+06
   1.4851164e+06
   1.4858592e+06
   1.4862748e+06
   1.4867986e+06
   1.4875632e+06
   1.4881642e+06
   1.4886253e+06
   1.4893610e+06
   1.4901978e+06
   1.4907444e+06
   1.4912098e+06
   1.4919537e+06
   1.4923981e+06
   1.4928573e+06
   1.4931870e+06
   1.4935977e+06
   1.4946597e+06
   1.4951015e+06
   1.4956063e+06
   1.4959861e+06
   1.4967968e+06
   1.4972120e+06
   1.4976432e+06
   1.4982019e+06
   1.5403801e+06
   1.5410401e+06
   1.5414593e+06
   1.5417804e+06
   1.5421873e+06
   1.5427383e+06
   1.5436309e+06
   1.5446537e+06
   1.5452450e+06
   1.5456142e+06
   1.5461121e+06
   1.5466858e+06
   1.5475036e+06
   1.5480222e+06
   1.5484205e+06
   1.5488918e+06
   1.5496260e+06
   1.5503183e+06
   1.5507438e+06
   1.5514478e+06
   1.5518530e+06
   1.5524979e+06
   1.5530604e+06
   1.5547176e+06
   1.5551194e+06
   1.5558131e+06
   1.5565313e+06
   1.5570360e+06
   1.5575293e+06
   1.5581177e+06
   1.5584682e+06
   1.5589742e+06
   1.5597857e+06
   1.6008473e+06
   1.6013288e+06
   1.6023403e+06
   1.6027049e+06
   1.6030641e+06
   1.6036305e+06
   1.6041257e+06
   1.6049589e+06
   1.6053689e+06
   1.6059656e+06
   1.6065984e+06
   1.6076982e+06
   1.6082870e+06
   1.6087439e+06
   1.6095446e+06
   1.6100615e+06
   1.6106953e+06
   1.6111304e+06
   1.6116644e+06
   1.6122354e+06
   1.6130246e+06
   1.6136858e+06
   1.6146317e+06
   1.6151990e+06
   1.6156617e+06
   1.6161694e+06
   1.6167905e+06
   1.6180855e+06
   1.6194088e+06
   1.6605545e+06
   1.6610119e+06
   1.6614418e+06
   1.6620938e+06
   1.6624629e+06
   1.6627954e+06
   1.6631647e+06
   1.6636624e+06
   1.6640882e+06
   1.6645474e+06
   1.6650007e+06
   1.6656845e+06
   1.6660908e+06
   1.6665678e+06
   1.6669732e+06
   1.6672958e+06
   1.6678085e+06
   1.6688952e+06
   1.6695026e+06
   1.6698188e+06
   1.6704381e+06
   1.6710407e+06
   1.6715341e+06
   1.6723286e+06
   1.6728068e+06
   1.6734856e+06
   1.6744338e+06
   1.6750631e+06
   1.6757248e+06
   1.6761760e+06
   1.6766539e+06
   1.6773269e+06
   1.6777614e+06
   1.6782699e+06
   1.6789679e+06
   1.6792960e+06
   1.6799943e+06
   1.7206299e+06
   1.7211685e+06
   1.7216841e+06
   1.7221141e+06
   1.7225596e+06
   1.7230378e+06
   1.7235225e+06
   1.7239944e+06
   1.7246122e+06
   1.7250469e+06
   1.7256555e+06
   1.7262206e+06
   1.7269828e+06
   1.7299244e+06
   1.7304252e+06
   1.7313311e+06
   1.7320134e+06
   1.7326390e+06
   1.7330920e+06
   1.7347136e+06
   1.7351367e+06
   1.7354958e+06
   1.7360138e+06
   1.7366049e+06
   1.7372099e+06
   1.7378793e+06
   1.7391869e+06
   1.7398023e+06
   1.7804454e+06
   1.7809832e+06
   1.7816121e+06
   1.7820160e+06
   1.7823220e+06
   1.7832587e+06
   1.7846149e+06
   1.7850750e+06
   1.7856711e+06
   1.7860994e+06
   1.7866730e+06
   1.7879281e+06
   1.7882980e+06
   1.7892702e+06
   1.7919602e+06
   1.7923510e+06
   1.7928756e+06
   1.7934404e+06
   1.7938910e+06
   1.7958814e+06
   1.7963202e+06
   1.7967418e+06
   1.7982454e+06
   1.7987249e+06
   1.7992295e+06
   1.7997651e+06
   1.8404178e+06
   1.8409029e+06
   1.8412496e+06
   1.8417536e+06
   1.8424268e+06
   1.8427734e+06
   1.8430951e+06
   1.8439441e+06
   1.8445684e+06
   1.8454895e+06
   1.8462674e+06
   1.8469702e+06
   1.8473791e+06
   1.8483290e+06
   1.8493829e+06
   1.8508305e+06
   1.8515099e+06
   1.8519910e+06
   1.8527550e+06
   1.8532509e+06
   1.8539304e+06
   1.8548750e+06
   1.8553731e+06
   1.8556794e+06
   1.8562117e+06
   1.8570953e+06
   1.8575775e+06
   1.8579136e+06
   1.8582603e+06
   1.8587190e+06
   1.8591004e+06
   1.8596187e+06
   1.9005044e+06
   1.9010245e+06
   1.9020185e+06
   1.9027322e+06
   1.9033332e+06
   1.9042769e+06
   1.9047296e+06
   1.9052824e+06
   1.9058163e+06
   1.9063054e+06
   1.9069021e+06
   1.9074039e+06
   1.9078574e+06
   1.9083996e+06
   1.9088642e+06
   1.9092361e+06
   1.9098231e+06
   1.9103484e+06
   1.9108877e+06
   1.9115503e+06
   1.9121139e+06
   1.9127372e+06
   1.9131378e+06
   1.9135712e+06
   1.9139918e+06
   1.9145568e+06
   1.9149601e+06
   1.9154539e+06
   1.9158829e+06
   1.9168959e+06
   1.9174742e+06
   1.9178783e+06
   1.9184962e+06
   1.9188570e+06
   1.9195809e+06
   6.0817818e+04
   6.1297349e+04
   6.2017074e+04
   6.2545847e+04
   6.3038950e+04
   6.3939848e+04
   6.4629541e+04
   6.5540819e+04
   6.6176595e+04
   6.7117068e+04
   6.7612453e+04
   6.9121482e+04
   6.9598971e+04
   7.0116844e+04
   7.0538458e+04
   7.1033301e+04
   7.1847983e+04
   7.2355784e+04
   7.3138657e+04
   7.3598574e+04
   7.4462344e+04
   7.5094236e+04
   7.5646796e+04
   7.6625262e+04
   7.7550500e+04
   7.8003874e+04
   9.0210125e+04
   9.1162859e+04
   9.2362000e+04
   9.3061450e+04
   9.3833491e+04
   9.4687969e+04
   9.5192444e+04
   9.5716784e+04
   9.6474464e+04
   9.7072975e+04
   9.7463640e+04
   9.7821216e+04
   9.8531554e+04
   9.9267525e+04
   1.2049624e+05
   1.2092592e+05
   1.2360097e+05
   1.2529621e+05
   1.2568856e+05
   1.2708323e+05
   1.2746882e+05
   1.2844522e+05
   1.2885018e+05
   1.2956632e+05
   1.3011953e+05
   1.3069059e+05
   1.3099428e+05
   1.3163789e+05
   1.3219654e+05
   1.3296686e+05
   1.3529938e+05
   1.3602828e+05
   1.3656342e+05
   1.3721617e+05
   1.3792986e+05
   1.3849615e+05
   1.3884440e+05
   1.3975601e+05
   1.4043636e+05
   1.4122263e+05
   1.4254810e+05
   1.4379278e+05
   1.4449614e+05
   1.4527413e+05
   1.4582228e+05
   1.4619878e+05
   1.4682760e+05
   1.4733789e+05
   1.4793662e+05
   1.4869348e+05
   1.4952085e+05
   1.5017313e+05
   1.5084430e+05
   1.5137364e+05
   1.5236131e+05
   1.5304853e+05
   1.5374809e+05
   1.5453165e+05
   1.5508457e+05
   1.5587276e+05
   1.5633769e+05
   1.5690074e+05
   1.5770669e+05
   1.5861646e+05
   1.5936539e+05
   1.5974484e+05
   1.8066319e+05
   1.8110014e+05
   1.8315955e+05
   1.8386466e+05
   1.8439536e+05
   1.8484061e+05
   1.8543154e+05
   1.8682831e+05
   1.8752818e+05
   1.8817310e+05
   1.8889586e+05
   1.9146171e+05
   1.9327892e+05
   1.9413207e+05
   1.9489387e+05
   1.9561956e+05
   1.9624192e+05
   1.9655343e+05
   1.9708207e+05
   1.9769935e+05
   1.9801906e+05
   1.9896579e+05
   1.9982280e+05
   2.0107872e+05
   2.0202546e+05
   2.0260217e+05
   2.0405043e+05
   2.0458204e+05
   2.0493253e+05
   2.0548427e+05
   2.0619150e+05
   2.0665311e+05
   2.0737565e+05
   2.0873596e+05
   2.1035410e+05
   2.1091070e+05
   2.1172888e+05
   2.1222298e+05
   2.1264282e+05
   2.1324038e+05
   2.1399695e+05
   2.1466945e+05
   2.1555625e+05
   2.1613920e+05
   2.1691282e+05
   2.1808660e+05
   2.1917984e+05
   2.1970175e+05
   2.4038339e+05
   2.4205714e+05
   2.4258137e+05
   2.4354592e+05
   2.4408851e+05
   2.4484264e+05
   2.4538323e+05
   2.4593627e+05
   2.4649041e+05
   2.4732216e+05
   2.4773772e+05
   2.4829232e+05
   2.4875171e+05
   2.4956683e+05
   2.5020442e+05
   2.5114578e+05
   2.5275549e+05
   2.5338606e+05
   2.5370096e+05
   2.5419172e+05
   2.5512917e+05
   2.5570053e+05
   2.5618828e+05
   2.5667030e+05
   2.5695218e+05
   2.5827370e+05
   2.5896644e+05
   2.5990218e+05
   2.6035444e+05
   2.6084476e+05
   2.6165544e+05
   2.6301616e+05
   2.6412374e+05
   2.6497896e+05
   2.6569454e+05
   2.6640515e+05
   2.6839447e+05
   2.6887976e+05
   2.6992961e+05
   2.7056859e+05
   2.7118812e+05
   2.7197734e+05
   2.7272483e+05
   2.7352320e+05
   2.7477318e+05
   2.7537642e+05
   2.7577288e+05
   2.7654458e+05
   2.7718276e+05
   2.7769094e+05
   2.7868980e+05
   3.0067270e+05
   3.0100720e+05
   3.0163485e+05
   3.0233406e+05
   3.0295322e+05
   3.0350132e+05
   3.0411349e+05
   3.0478205e+05
   3.0679450e+05
   3.0724560e+05
   3.0773675e+05
   3.0860431e+05
   3.0955406e+05
   3.1010996e+05
   3.1124282e+05
   3.1195547e+05
   3.1253989e+05
   3.1344785e+05
   3.1444529e+05
   3.1491076e+05
   3.1535856e+05
   3.1601089e+05
   3.1698495e+05
   3.1763115e+05
   3.1851647e+05
   3.1965245e+05
   3.2014818e+05
   3.2080231e+05
   3.2154761e+05
   3.2221289e+05
   3.2294089e+05
   3.2334237e+05
   3.2427496e+05
   3.2475370e+05
   3.2578129e+05
   3.2623499e+05
   3.2664927e+05
   3.2749206e+05
   3.2860555e+05
   3.2910961e+05
   3.2952182e+05
   3.3017419e+05
   3.3072715e+05
   3.3130694e+05
   3.3180041e+05
   3.3228400e+05
   3.3653298e+05
   3.3726121e+05
   3.3809614e+05
   3.3926784e+05
   3.6046443e+05
   3.6103084e+05
   3.6266771e+05
   3.6350572e+05
   3.6393438e+05
   3.6466487e+05
   3.6538300e+05
   3.6582135e+05
   3.6681347e+05
   3.6748502e+05
   3.6823177e+05
   3.7193384e+05
   3.7255763e+05
   3.7377892e+05
   3.7422826e+05
   3.7657186e+05
   3.7805642e+05
   3.7888640e+05
   3.7975249e+05
   3.8051020e+05
   3.8144597e+05
   3.8204848e+05
   3.8275008e+05
   3.8343391e+05
   3.8406796e+05
   3.8462410e+05
   3.8613678e+05
   3.8675827e+05
   3.8722631e+05
   3.8760658e+05
   3.8868898e+05
   3.8940550e+05
   3.8987848e+05
   3.9159568e+05
   3.9257901e+05
   3.9329967e+05
   3.9383064e+05
   3.9453588e+05
   3.9519298e+05
   3.9557208e+05
   3.9617602e+05
   3.9712203e+05
   3.9749239e+05
   3.9802016e+05
   3.9850299e+05
   3.9970199e+05
   4.2060870e+05
   4.2112901e+05
   4.2150961e+05
   4.2191632e+05
   4.2241951e+05
   4.2320598e+05
   4.2534869e+05
   4.2587266e+05
   4.2666731e+05
   4.2704887e+05
   4.2753232e+05
   4.2841352e+05
   4.3506585e+05
   4.3561843e+05
   4.3611623e+05
   4.3687135e+05
   4.3746909e+05
   4.3813312e+05
   4.3863935e+05
   4.3957282e+05
   4.3999865e+05
   4.4048413e+05
   4.4153887e+05
   4.4218984e+05
   4.4276801e+05
   4.4361526e+05
   4.4455180e+05
   4.4502826e+05
   4.4575297e+05
   4.4635722e+05
   4.4720957e+05
   4.4790874e+05
   4.4869111e+05
   4.4935058e+05
   4.5057757e+05
   4.5120662e+05
   4.5166553e+05
   4.5245828e+05
   4.5328880e+05
   4.5541493e+05
   4.5611721e+05
   4.5648204e+05
   4.5912887e+05
   4.5959852e+05
   4.8050375e+05
   4.8128527e+05
   4.8174030e+05
   4.8286690e+05
   4.8413154e+05
   4.8446506e+05
   4.8533090e+05
   4.8594837e+05
   4.8652683e+05
   4.8699079e+05
   4.8751900e+05
   4.8821959e+05
   4.8889638e+05
   4.8926294e+05
   4.9017950e+05
   4.9095838e+05
   4.9289609e+05
   4.9434797e+05
   4.9557800e+05
   4.9707431e+05
   4.9782252e+05
   4.9830176e+05
   4.9908224e+05
   4.9959037e+05
   5.0012322e+05
   5.0054729e+05
   5.0089293e+05
   5.0144120e+05
   5.0210752e+05
   5.0336380e+05
   5.0440109e+05
   5.0570493e+05
   5.0676012e+05
   5.0730745e+05
   5.0766442e+05
   5.0806126e+05
   5.0852769e+05
   5.0920870e+05
   5.0964663e+05
   5.1009155e+05
   5.1085688e+05
   5.1137277e+05
   5.1239929e+05
   5.1318562e+05
   5.1385429e+05
   5.1442914e+05
   5.1503402e+05
   5.1589683e+05
   5.1642178e+05
   5.1725535e+05
   5.1773065e+05
   5.1928408e+05
   5.1995462e+05
   5.4076782e+05
   5.4145600e+05
   5.4222554e+05
   5.4265223e+05
   5.4346325e+05
   5.4393662e+05
   5.4665413e+05
   5.4751745e+05
   5.4947152e+05
   5.4997407e+05
   5.5047333e+05
   5.5097754e+05
   5.5161910e+05
   5.5253234e+05
   5.5285469e+05
   5.5329695e+05
   5.5399020e+05
   5.5463073e+05
   5.5549289e+05
   5.5603768e+05
   5.5658645e+05
   5.5835257e+05
   5.5903802e+05
   5.5996753e+05
   5.6072760e+05
   5.6141568e+05
   5.6217376e+05
   5.6318240e+05
   5.6394797e+05
   5.6452598e+05
   5.6508861e+05
   5.6595398e+05
   5.6647790e+05
   5.7012246e+05
   5.7060576e+05
   5.7099754e+05
   5.7144392e+05
   5.7212130e+05
   5.7277200e+05
   5.7328767e+05
   5.7484630e+05
   5.7637594e+05
   5.7788519e+05
   5.7837655e+05
   7.8093748e+05
   7.8187803e+05
   7.8234585e+05
   7.8304540e+05
   7.8345320e+05
   7.8393370e+05
   7.8470272e+05
   7.8542938e+05
   7.8608691e+05
   7.8646847e+05
   7.8854424e+05
   7.8896710e+05
   7.9013346e+05
   7.9077632e+05
   7.9133690e+05
   7.9182474e+05
   7.9334759e+05
   7.9381412e+05
   7.9427652e+05
   7.9487968e+05
   7.9572411e+05
   7.9684029e+05
   7.9725588e+05
   7.9770405e+05
   7.9838254e+05
   7.9888602e+05
   8.0113083e+05
   8.0187771e+05
   8.0234655e+05
   8.0300764e+05
   8.0407503e+05
   8.0479826e+05
   8.0646110e+05
   8.0742047e+05
   8.0796793e+05
   8.1144055e+05
   8.1191996e+05
   8.1250867e+05
   8.1307056e+05
   8.1393823e+05
   8.1484144e+05
   8.1547934e+05
   8.1621789e+05
   8.1706142e+05
   8.1744373e+05
   8.1801893e+05
   8.1862247e+05
   8.1915514e+05
   8.1967449e+05
   8.4041709e+05
   8.4088040e+05
   8.4131688e+05
   8.4220474e+05
   8.4317194e+05
   8.4384142e+05
   8.4455817e+05
   8.4530256e+05
   8.4653610e+05
   8.4739856e+05
   8.4807265e+05
   8.4847700e+05
   8.4936567e+05
   8.4996354e+05
   8.5111229e+05
   8.5178500e+05
   8.5253017e+05
   8.5316173e+05
   8.5441526e+05
   8.5489857e+05
   8.5543385e+05
   8.5577749e+05
   8.6801825e+05
   8.6858444e+05
   8.7045047e+05
   8.7120115e+05
   8.7177118e+05
   8.7256184e+05
   8.7322189e+05
   8.7437271e+05
   8.7486600e+05
   8.7566435e+05
   8.7633095e+05
   8.7670110e+05
   8.7733944e+05
   8.7811033e+05
   8.7856707e+05
   8.7917284e+05
   8.7985952e+05
   9.0108752e+05
   9.0183067e+05
   9.0284065e+05
   9.0367471e+05
   9.0696584e+05
   9.0750625e+05
   9.0798760e+05
   9.0894417e+05
   9.0952202e+05
   9.0995552e+05
   9.1041709e+05
   9.1108796e+05
   9.1147850e+05
   9.1194776e+05
   9.1229209e+05
   9.1304694e+05
   9.1346882e+05
   9.1419768e+05
   9.1483154e+05
   9.1532903e+05
   9.1585059e+05
   9.1680927e+05
   9.1794993e+05
   9.1835437e+05
   9.1910100e+05
   9.2014365e+05
   9.2125809e+05
   9.2312258e+05
   9.2355402e+05
   9.2403953e+05
   9.2443828e+05
   9.2605380e+05
   9.2664471e+05
   9.2732590e+05
   9.2787476e+05
   9.2877737e+05
   9.2916729e+05
   9.3086820e+05
   9.3152341e+05
   9.3234562e+05
   9.3311113e+05
   9.3460960e+05
   9.3496680e+05
   9.3556223e+05
   9.3601523e+05
   9.3669889e+05
   9.3753012e+05
   9.3819891e+05
   9.3916113e+05
   9.3993757e+05
   9.6043559e+05
   9.6084949e+05
   9.6141128e+05
   9.6208613e+05
   9.6249808e+05
   9.6347144e+05
   9.6390278e+05
   9.6429046e+05
   9.6471774e+05
   9.6526984e+05
   9.6591170e+05
   9.6639574e+05
   9.6688561e+05
   9.6779702e+05
   9.6824490e+05
   9.6871538e+05
   9.6926873e+05
   9.7015354e+05
   9.7064597e+05
   9.7112049e+05
   9.7197122e+05
   9.7239055e+05
   9.7306067e+05
   9.7344019e+05
   9.7493683e+05
   9.7570823e+05
   9.7708092e+05
   9.7761437e+05
   9.7859230e+05
   9.7912721e+05
   9.7960069e+05
   9.8015616e+05
   9.8356773e+05
   9.8423056e+05
   9.8481755e+05
   9.8551492e+05
   9.8625739e+05
   9.8678675e+05
   9.8731049e+05
   9.8782463e+05
   9.8908808e+05
   9.8955225e+05
   9.9009075e+05
   9.9087399e+05
   9.9149045e+05
   9.9263032e+05
   9.9351545e+05
   9.9399997e+05
   9.9469669e+05
   9.9515497e+05
   9.9733077e+05
   9.9800840e+05
   9.9845336e+05
   9.9930139e+05
   1.0204953e+06
   1.0210270e+06
   1.0218014e+06
   1.0223896e+06
   1.0233009e+06
   1.0238124e+06
   1.0246607e+06
   1.0251840e+06
   1.0257749e+06
   1.0263714e+06
   1.0274636e+06
   1.0278855e+06
   1.0286846e+06
   1.0298496e+06
   1.0308004e+06
   1.0312443e+06
   1.0318414e+06
   1.0323685e+06
   1.0330504e+06
   1.0335311e+06
   1.0344001e+06
   1.0351726e+06
   1.0361113e+06
   1.0366669e+06
   1.0376316e+06
   1.0380841e+06
   1.0387758e+06
   1.0392216e+06
   1.0417395e+06
   1.0425675e+06
   1.0430209e+06
   1.0437264e+06
   1.0442108e+06
   1.0446918e+06
   1.0451822e+06
   1.0455842e+06
   1.0466204e+06
   1.0472342e+06
   1.0478292e+06
   1.0485803e+06
   1.0496076e+06
   1.0503463e+06
   1.0509483e+06
   1.0515201e+06
   1.0520878e+06
   1.0525959e+06
   1.0535632e+06
   1.0540669e+06
   1.0545742e+06
   1.0550870e+06
   1.0561486e+06
   1.0566801e+06
   1.0571996e+06
   1.0584840e+06
   1.0594183e+06
   1.0805094e+06
   1.0811406e+06
   1.0816053e+06
   1.0819507e+06
   1.0835281e+06
   1.0838849e+06
   1.0846735e+06
   1.0851141e+06
   1.0856353e+06
   1.0864117e+06
   1.0907640e+06
   1.0915602e+06
   1.0920530e+06
   1.0927974e+06
   1.0936823e+06
   1.0947534e+06
   1.0954668e+06
   1.0959719e+06
   1.0966429e+06
   1.0975303e+06
   1.0981623e+06
   1.0987728e+06
   1.0994362e+06
   1.0999374e+06
   1.1018034e+06
   1.1025712e+06
   1.1029855e+06
   1.1033597e+06
   1.1038358e+06
   1.1048236e+06
   1.1055542e+06
   1.1062679e+06
   1.1067772e+06
   1.1078576e+06
   1.1083176e+06
   1.1091691e+06
   1.1098412e+06
   1.1103189e+06
   1.1113353e+06
   1.1121935e+06
   1.1125943e+06
   1.1130678e+06
   1.1136582e+06
   1.1144463e+06
   1.1147736e+06
   1.1151918e+06
   1.1157764e+06
   1.1169640e+06
   1.1175263e+06
   1.1180326e+06
   1.1189164e+06
   1.1412102e+06
   1.1417170e+06
   1.1421855e+06
   1.1445828e+06
   1.1451380e+06
   1.1459469e+06
   1.1463030e+06
   1.1471444e+06
   1.1476446e+06
   1.1481962e+06
   1.1487217e+06
   1.1495567e+06
   1.1502852e+06
   1.1513596e+06
   1.1517054e+06
   1.1523196e+06
   1.1528946e+06
   1.1537565e+06
   1.1541295e+06
   1.1545721e+06
   1.1550225e+06
   1.1561245e+06
   1.1566728e+06
   1.1571791e+06
   1.1578295e+06
   1.1583689e+06
   1.1594057e+06
   1.1600859e+06
   1.1605380e+06
   1.1611693e+06
   1.1614797e+06
   1.1625546e+06
   1.1632717e+06
   1.1638441e+06
   1.1649719e+06
   1.1655062e+06
   1.1659716e+06
   1.1664331e+06
   1.1669549e+06
   1.1674980e+06
   1.1684136e+06
   1.1692150e+06
   1.1700875e+06
   1.1707278e+06
   1.1714393e+06
   1.1728229e+06
   1.1738494e+06
   1.1744470e+06
   1.1751762e+06
   1.1758519e+06
   1.1765668e+06
   1.1773563e+06
   1.1781636e+06
   1.1787984e+06
   1.1795453e+06
   1.2005321e+06
   1.2012839e+06
   1.2018742e+06
   1.2036159e+06
   1.2044581e+06
   1.2053783e+06
   1.2061090e+06
   1.2063861e+06
   1.2070382e+06
   1.2074632e+06
   1.2081537e+06
   1.2087377e+06
   1.2092866e+06
   1.2096989e+06
   1.2105943e+06
   1.2112610e+06
   1.2119065e+06
   1.2129090e+06
   1.2144849e+06
   1.2155429e+06
   1.2161285e+06
   1.2165378e+06
   1.2174010e+06
   1.2187876e+06
   1.2197868e+06
   1.2204778e+06
   1.2211997e+06
   1.2216213e+06
   1.2224944e+06
   1.2253271e+06
   1.2262047e+06
   1.2267467e+06
   1.2271403e+06
   1.2281055e+06
   1.2298417e+06
   1.2302650e+06
   1.2308129e+06
   1.2312615e+06
   1.2316915e+06
   1.2323502e+06
   1.2329669e+06
   1.2335662e+06
   1.2340505e+06
   1.2345664e+06
   1.2350321e+06
   1.2355146e+06
   1.2359549e+06
   1.2363359e+06
   1.2368041e+06
   1.2372685e+06
   1.2377734e+06
   1.2383808e+06
   1.2389268e+06
   1.2395121e+06
   1.2609117e+06
   1.2617269e+06
   1.2621937e+06
   1.2630294e+06
   1.2635479e+06
   1.2641226e+06
   1.2644773e+06
   1.2651747e+06
   1.2657467e+06
   1.2663548e+06
   1.2670903e+06
   1.2679808e+06
   1.2684402e+06
   1.2689070e+06
   1.2694465e+06
   1.2707212e+06
   1.2714975e+06
   1.2720639e+06
   1.2725596e+06
   1.2733739e+06
   1.2741170e+06
   1.2746399e+06
   1.2750286e+06
   1.2758326e+06
   1.2765846e+06
   1.2777311e+06
   1.2782623e+06
   1.2790928e+06
   1.2797529e+06
   1.2803609e+06
   1.2808285e+06
   1.2818640e+06
   1.2824330e+06
   1.2827986e+06
   1.2835149e+06
   1.2839897e+06
   1.2845274e+06
   1.2849890e+06
   1.2868087e+06
   1.2876765e+06
   1.2882202e+06
   1.2900969e+06
   1.2906481e+06
   1.2924855e+06
   1.2931506e+06
   1.2938239e+06
   1.2947789e+06
   1.2952223e+06
   1.2960952e+06
   1.2968042e+06
   1.2975194e+06
   1.2982394e+06
   1.2987568e+06
   1.2995730e+06
   1.2999945e+06
   1.3205023e+06
   1.3213347e+06
   1.3218658e+06
   1.3224172e+06
   1.3233399e+06
   1.3240613e+06
   1.3245303e+06
   1.3251294e+06
   1.3258700e+06
   1.3262917e+06
   1.3271361e+06
   1.3278387e+06
   1.3283595e+06
   1.3291114e+06
   1.3295554e+06
   1.3300672e+06
   1.3308131e+06
   1.3314717e+06
   1.3323220e+06
   1.3329152e+06
   1.3339218e+06
   1.3344801e+06
   1.3353525e+06
   1.3359612e+06
   1.3364560e+06
   1.3370855e+06
   1.3374096e+06
   1.3380383e+06
   1.3387223e+06
   1.3391743e+06
   1.3404799e+06
   1.3411851e+06
   1.3420976e+06
   1.3425922e+06
   1.3430471e+06
   1.3435844e+06
   1.3443201e+06
   1.3466334e+06
   1.3472886e+06
   1.3479640e+06
   1.3489018e+06
   1.3495123e+06
   1.3504465e+06
   1.3514284e+06
   1.3534397e+06
   1.3540150e+06
   1.3545122e+06
   1.3550825e+06
   1.3556420e+06
   1.3561725e+06
   1.3573412e+06
   1.3579937e+06
   1.3594152e+06
   1.3599065e+06
   1.3806097e+06
   1.3817455e+06
   1.3823654e+06
   1.3829275e+06
   1.3836475e+06
   1.3843608e+06
   1.3848381e+06
   1.3852222e+06
   1.3968349e+06
   1.3977297e+06
   1.3984095e+06
   1.3990200e+06
   1.3995901e+06
   1.4002222e+06
   1.4008175e+06
   1.4014248e+06
   1.4017662e+06
   1.4026857e+06
   1.4034893e+06
   1.4040336e+06
   1.4047774e+06
   1.4057403e+06
   1.4073227e+06
   1.4082522e+06
   1.4088718e+06
   1.4104974e+06
   1.4119582e+06
   1.4123893e+06
   1.4129087e+06
   1.4141771e+06
   1.4146963e+06
   1.4151371e+06
   1.4157263e+06
   1.4163692e+06
   1.4169480e+06
   1.4178888e+06
   1.4184578e+06
   1.4190083e+06
   1.4195617e+06
   1.4452469e+06
   1.4460610e+06
   1.4474463e+06
   1.4566575e+06
   1.4572893e+06
   1.4584815e+06
   1.4595343e+06
   1.4601276e+06
   1.4606074e+06
   1.4612904e+06
   1.4619114e+06
   1.4627960e+06
   1.4637530e+06
   1.4644064e+06
   1.4648767e+06
   1.4658703e+06
   1.4662516e+06
   1.4670146e+06
   1.4675069e+06
   1.4684472e+06
   1.4700489e+06
   1.4708704e+06
   1.4714134e+06
   1.4723086e+06
   1.4741155e+06
   1.4746723e+06
   1.4750895e+06
   1.4762425e+06
   1.4768711e+06
   1.4776660e+06
   1.4783201e+06
   1.4791144e+06
   1.4799045e+06
   1.5006111e+06
   1.5011893e+06
   1.5016290e+06
   1.5023455e+06
   1.5027895e+06
   1.5035065e+06
   1.5039007e+06
   1.5047029e+06
   1.5054975e+06
   1.5062114e+06
   1.5068263e+06
   1.5078623e+06
   1.5086015e+06
   1.5092151e+06
   1.5097277e+06
   1.5103801e+06
   1.5108428e+06
   1.5114300e+06
   1.5118194e+06
   1.5138440e+06
   1.5145540e+06
   1.5157102e+06
   1.5165929e+06
   1.5182080e+06
   1.5198016e+06
   1.5203559e+06
   1.5207936e+06
   1.5211403e+06
   1.5216561e+06
   1.5225084e+06
   1.5230712e+06
   1.5238913e+06
   1.5243761e+06
   1.5248590e+06
   1.5252781e+06
   1.5256562e+06
   1.5264551e+06
   1.5270021e+06
   1.5281556e+06
   1.5287248e+06
   1.5292310e+06
   1.5296995e+06
   1.5301668e+06
   1.5306958e+06
   1.5310796e+06
   1.5316147e+06
   1.5322616e+06
   1.5327649e+06
   1.5335787e+06
   1.5341057e+06
   1.5350751e+06
   1.5357227e+06
   1.5363040e+06
   1.5374188e+06
   1.5378894e+06
   1.5390684e+06
   1.5394866e+06
   1.5604266e+06
   1.5607612e+06
   1.5615052e+06
   1.5622252e+06
   1.5627270e+06
   1.5635443e+06
   1.5641489e+06
   1.5647956e+06
   1.5652662e+06
   1.5658436e+06
   1.5663376e+06
   1.5668631e+06
   1.5675280e+06
   1.5678626e+06
   1.5683651e+06
   1.5689765e+06
   1.5694586e+06
   1.5698639e+06
   1.5703257e+06
   1.5708887e+06
   1.5716273e+06
   1.5722208e+06
   1.5730584e+06
   1.5735881e+06
   1.5740968e+06
   1.5745545e+06
   1.5756559e+06
   1.5761507e+06
   1.5765978e+06
   1.5771891e+06
   1.5791641e+06
   1.5801014e+06
   1.5809812e+06
   1.5815772e+06
   1.5819358e+06
   1.5825264e+06
   1.5831896e+06
   1.5839420e+06
   1.5845543e+06
   1.5854979e+06
   1.5861476e+06
   1.5885369e+06
   1.5901413e+06
   1.5908341e+06
   1.5918111e+06
   1.5924269e+06
   1.5930623e+06
   1.5936218e+06
   1.5955603e+06
   1.5958519e+06
   1.5965754e+06
   1.5982136e+06
   1.5987980e+06
   1.6211314e+06
   1.6217333e+06
   1.6225777e+06
   1.6229976e+06
   1.6238758e+06
   1.6243772e+06
   1.6249560e+06
   1.6253536e+06
   1.6260162e+06
   1.6266852e+06
   1.6271515e+06
   1.6278739e+06
   1.6284464e+06
   1.6294783e+06
   1.6301331e+06
   1.6307223e+06
   1.6313838e+06
   1.6319878e+06
   1.6324522e+06
   1.6330674e+06
   1.6335981e+06
   1.6344151e+06
   1.6348848e+06
   1.6352787e+06
   1.6358853e+06
   1.6363057e+06
   1.6368422e+06
   1.6374442e+06
   1.6378370e+06
   1.6388635e+06
   1.6393452e+06
   1.6396944e+06
   1.6402050e+06
   1.6409194e+06
   1.6420760e+06
   1.6424726e+06
   1.6428486e+06
   1.6436486e+06
   1.6440755e+06
   1.6444466e+06
   1.6464885e+06
   1.6469443e+06
   1.6476215e+06
   1.6480896e+06
   1.6488623e+06
   1.6498933e+06
   1.6509835e+06
   1.6515246e+06
   1.6526147e+06
   1.6530873e+06
   1.6537810e+06
   1.6542524e+06
   1.6547629e+06
   1.6554391e+06
   1.6559449e+06
   1.6564952e+06
   1.6576968e+06
   1.6581287e+06
   1.6586466e+06
   1.6592853e+06
   1.6808375e+06
   1.6813235e+06
   1.6823412e+06
   1.6833106e+06
   1.6840104e+06
   1.6847966e+06
   1.6852709e+06
   1.6858793e+06
   1.6864015e+06
   1.6868814e+06
   1.6873774e+06
   1.6879723e+06
   1.6892527e+06
   1.6898243e+06
   1.6913998e+06
   1.6921287e+06
   1.6931353e+06
   1.6935505e+06
   1.6940343e+06
   1.6947191e+06
   1.6951521e+06
   1.6956704e+06
   1.6986541e+06
   1.6994858e+06
   1.6998455e+06
   1.7002266e+06
   1.7011454e+06
   1.7016810e+06
   1.7023406e+06
   1.7030586e+06
   1.7035023e+06
   1.7042483e+06
   1.7048524e+06
   1.7056212e+06
   1.7064044e+06
   1.7070148e+06
   1.7076012e+06
   1.7079983e+06
   1.7085083e+06
   1.7089146e+06
   1.7094707e+06
   1.7100539e+06
   1.7108812e+06
   1.7113467e+06
   1.7118106e+06
   1.7121783e+06
   1.7125753e+06
   1.7133785e+06
   1.7140237e+06
   1.7146920e+06
   1.7155137e+06
   1.7160652e+06
   1.7164003e+06
   1.7187176e+06
   1.7197902e+06
   1.7403446e+06
   1.7407546e+06
   1.7412489e+06
   1.7417456e+06
   1.7421376e+06
   1.7433525e+06
   1.7439853e+06
   1.7446978e+06
   1.7451877e+06
   1.7456492e+06
   1.7465557e+06
   1.7470719e+06
   1.7476543e+06
   1.7482906e+06
   1.7487158e+06
   1.7491997e+06
   1.7499465e+06
   1.7509999e+06
   1.7516597e+06
   1.7521096e+06
   1.7527369e+06
   1.7531843e+06
   1.7543958e+06
   1.7552562e+06
   1.7560731e+06
   1.7570008e+06
   1.7574703e+06
   1.7582349e+06
   1.7590060e+06
   1.7597269e+06
   1.7601026e+06
   1.7607418e+06
   1.7612369e+06
   1.7619214e+06
   1.7623636e+06
   1.7635594e+06
   1.7646707e+06
   1.7651490e+06
   1.7657531e+06
   1.7661672e+06
   1.7665187e+06
   1.7670249e+06
   1.7676351e+06
   1.7680143e+06
   1.7685493e+06
   1.7697995e+06
   1.7702129e+06
   1.7709081e+06
   1.7718060e+06
   1.7721919e+06
   1.7726577e+06
   1.7734642e+06
   1.7744665e+06
   1.7749584e+06
   1.7754967e+06
   1.7761711e+06
   1.7768375e+06
   1.7774729e+06
   1.7779846e+06
   1.7786886e+06
   1.7793652e+06
   1.8004862e+06
   1.8014165e+06
   1.8019308e+06
   1.8027952e+06
   1.8036755e+06
   1.8051908e+06
   1.8056774e+06
   1.8070696e+06
   1.8074932e+06
   1.8081873e+06
   1.8086377e+06
   1.8090235e+06
   1.8095495e+06
   1.8100668e+06
   1.8107045e+06
   1.8114886e+06
   1.8120044e+06
   1.8127247e+06
   1.8134091e+06
   1.8137455e+06
   1.8144473e+06
   1.8154388e+06
   1.8159033e+06
   1.8170454e+06
   1.8175539e+06
   1.8181212e+06
   1.8185398e+06
   1.8191153e+06
   1.8197571e+06
   1.8204223e+06
   1.8208714e+06
   1.8213717e+06
   1.8223488e+06
   1.8237294e+06
   1.8243711e+06
   1.8249292e+06
   1.8254272e+06
   1.8259044e+06
   1.8266049e+06
   1.8275761e+06
   1.8281797e+06
   1.8300043e+06
   1.8305078e+06
   1.8309576e+06
   1.8319183e+06
   1.8325551e+06
   1.8329766e+06
   1.8335664e+06
   1.8342295e+06
   1.8349512e+06
   1.8364259e+06
   1.8379046e+06
   1.8385360e+06
   1.8395477e+06
   1.8604612e+06
   1.8610825e+06
   1.8615272e+06
   1.8632157e+06
   1.8637869e+06
   1.8644598e+06
   1.8653664e+06
   1.8659527e+06
   1.8668796e+06
   1.8676314e+06
   1.8680845e+06
   1.8688205e+06
   1.8696792e+06
   1.8703294e+06
   1.8706725e+06
   1.8715917e+06
   1.8723459e+06
   1.8730132e+06
   1.8737279e+06
   1.8742482e+06
   1.8751298e+06
   1.8758817e+06
   1.8767090e+06
   1.8773631e+06
   1.8779751e+06
   1.8788443e+06
   1.8805079e+06
   1.8810831e+06
   1.8818473e+06
   1.8824124e+06
   1.8829242e+06
   1.8837353e+06
   1.8842013e+06
   1.8848954e+06
   1.8853679e+06
   1.8859061e+06
   1.8870653e+06
   1.8876197e+06
   1.8880588e+06
   1.8890768e+06
   1.8895794e+06
   1.8904704e+06
   1.8909453e+06
   1.8915717e+06
   1.8920655e+06
   1.8925208e+06
   1.8935567e+06
   1.8942214e+06
   1.8948751e+06
   1.8952941e+06
   1.8958586e+06
   1.8968779e+06
   1.8976112e+06
   1.8980781e+06
   1.8990786e+06
   1.8999642e+06
   1.8929295e+06
   1.8933550e+06
   1.8941007e+06
   1.8949676e+06
   1.8955801e+06
   1.8964951e+06
   1.8971269e+06
   1.8977853e+06
   1.8985355e+06
   1.8991428e+06
   1.8999029e+06
