   4.8527518e+03
   6.7777927e+03
   9.9692726e+03
   1.6193033e+04
   1.8585108e+04
   2.2157845e+04
   2.3979145e+04
   2.5891743e+04
   2.8133562e+04
   2.9633954e+04
   3.2062313e+04
   3.3986258e+04
   3.6426588e+04
   3.8379520e+04
   4.0061130e+04
   4.0244118e+04
   4.2574008e+04
   4.4409619e+04
   4.5990452e+04
   4.8862057e+04
   5.0525181e+04
   5.3039579e+04
   5.4357636e+04
   5.5846926e+04
   1.0018830e+05
   1.0171803e+05
   1.0367348e+05
   1.0497077e+05
   1.0831698e+05
   1.1146325e+05
   1.1411040e+05
   1.1586924e+05
   1.1788879e+05
   1.6005681e+05
   1.6054725e+05
   1.6320530e+05
   1.6475004e+05
   1.6985403e+05
   1.7142987e+05
   1.7330716e+05
   1.7519264e+05
   1.7621301e+05
   1.7982649e+05
   2.2009479e+05
   2.2243405e+05
   2.2899779e+05
   2.3336795e+05
   2.8004366e+05
   2.8288436e+05
   2.8637664e+05
   2.9042341e+05
   2.9220084e+05
   2.9521468e+05
   2.9846878e+05
   3.4009758e+05
   3.4416951e+05
   3.4642924e+05
   3.5216964e+05
   3.5372561e+05
   3.5623261e+05
   4.0004231e+05
   4.0073051e+05
   4.0201946e+05
   4.0589565e+05
   4.1371468e+05
   4.1491290e+05
   4.1612062e+05
   4.1704852e+05
   4.1815129e+05
   4.1927244e+05
   4.6017499e+05
   4.6103441e+05
   4.6254662e+05
   4.6421946e+05
   4.6622363e+05
   4.6714895e+05
   4.6795272e+05
   4.7016480e+05
   4.7199340e+05
   4.7496878e+05
   4.7607968e+05
   4.7801469e+05
   4.7963924e+05
   5.2016738e+05
   5.2129959e+05
   5.2258132e+05
   5.2359897e+05
   5.2513905e+05
   5.2789118e+05
   5.2973731e+05
   5.3145621e+05
   5.3370054e+05
   5.3447337e+05
   5.3680628e+05
   5.3892416e+05
   5.8051167e+05
   5.8349274e+05
   5.8616408e+05
   5.8814356e+05
   5.9050380e+05
   5.9402121e+05
   5.9488930e+05
   5.9856058e+05
   5.9981042e+05
   6.0203956e+05
   6.0391378e+05
   6.0669381e+05
   6.2411701e+05
   6.2698210e+05
   6.2832034e+05
   6.3585643e+05
   6.3978091e+05
   6.4540468e+05
   6.4777511e+05
   6.4933179e+05
   6.5315484e+05
   6.5590838e+05
   6.5922659e+05
   6.6142528e+05
   6.7254674e+05
   6.7480138e+05
   6.8082044e+05
   6.8231242e+05
   6.8495113e+05
   6.8684497e+05
   6.9235818e+05
   6.9373269e+05
   6.9562693e+05
   6.9760318e+05
   6.9966938e+05
   7.0337289e+05
   7.0583032e+05
   7.1109391e+05
   7.1441445e+05
   7.1784017e+05
   7.2247738e+05
   7.2424162e+05
   7.2856690e+05
   7.3136959e+05
   7.3462062e+05
   7.3647969e+05
   7.4040207e+05
   7.4252522e+05
   7.5544084e+05
   7.5680499e+05
   7.6092921e+05
   7.6182984e+05
   7.6256960e+05
   7.6363240e+05
   7.6454078e+05
   7.6581570e+05
   7.6698896e+05
   7.6894051e+05
   7.7032503e+05
   7.7134130e+05
   7.7545986e+05
   7.7696727e+05
   7.7899603e+05
   8.2090672e+05
   8.2179920e+05
   8.2282809e+05
   8.2453002e+05
   8.2546275e+05
   8.2675380e+05
   8.2926244e+05
   8.3235129e+05
   8.3375246e+05
   8.3974885e+05
   8.8098402e+05
   8.8187176e+05
   8.8291130e+05
   8.8410964e+05
   8.8499361e+05
   8.8585493e+05
   8.8690759e+05
   8.8948749e+05
   8.9161745e+05
   8.9616400e+05
   8.9792808e+05
   8.9945068e+05
   9.4150990e+05
   9.4255328e+05
   9.4341098e+05
   9.4449696e+05
   9.4560815e+05
   9.4654357e+05
   9.4862849e+05
   9.5007358e+05
   9.5257793e+05
   9.5623577e+05
   9.5840430e+05
   1.0013184e+06
   1.0025071e+06
   1.0036730e+06
   1.0048239e+06
   1.0064684e+06
   1.0091283e+06
   1.0149943e+06
   1.0166705e+06
   1.0178256e+06
   1.0611025e+06
   1.0623801e+06
   1.0635562e+06
   1.0646544e+06
   1.0660321e+06
   1.0683259e+06
   1.0698969e+06
   1.0735322e+06
   1.0761093e+06
   1.0797243e+06
   1.1210530e+06
   1.1225536e+06
   1.1245688e+06
   1.1257874e+06
   1.1296825e+06
   1.1375528e+06
   1.1814333e+06
   1.1825686e+06
   1.1847074e+06
   1.1859010e+06
   1.1900367e+06
   1.1929924e+06
   1.1990078e+06
   1.2423083e+06
   1.2450189e+06
   1.2461030e+06
   1.2487091e+06
   1.2504690e+06
   1.2519171e+06
   1.2588202e+06
   1.3009351e+06
   1.3021148e+06
   1.3036428e+06
   1.3055517e+06
   1.3087645e+06
   1.3122182e+06
   1.3161892e+06
   1.3183563e+06
   1.3624009e+06
   1.3647985e+06
   1.3659629e+06
   1.3668835e+06
   1.3688081e+06
   1.3705445e+06
   1.3759743e+06
   1.3776276e+06
   1.3789974e+06
   1.4215743e+06
   1.4228916e+06
   1.4245171e+06
   1.4264013e+06
   1.4288836e+06
   1.4310723e+06
   1.4326646e+06
   1.4357730e+06
   1.4376845e+06
   1.4393128e+06
   1.4810604e+06
   1.4826857e+06
   1.4849036e+06
   1.4937733e+06
   1.4963900e+06
   1.4980443e+06
   1.4995497e+06
   1.5418281e+06
   1.5439619e+06
   1.5455589e+06
   1.5485597e+06
   1.5503039e+06
   1.5521333e+06
   1.5586678e+06
   1.6012916e+06
   1.6024940e+06
   1.6050878e+06
   1.6066136e+06
   1.6091522e+06
   1.6104917e+06
   1.6127338e+06
   1.6177853e+06
   1.6193028e+06
   1.6628137e+06
   1.6648522e+06
   1.6663871e+06
   1.6699418e+06
   1.6725179e+06
   1.6758916e+06
   1.6796873e+06
   1.7214362e+06
   1.7225486e+06
   1.7240419e+06
   1.7251611e+06
   1.7365356e+06
   1.7399382e+06
   1.7823479e+06
   1.7840896e+06
   1.7861204e+06
   1.7894605e+06
   1.7924214e+06
   1.7969691e+06
   1.7997737e+06
   1.8408464e+06
   1.8423184e+06
   1.8459961e+06
   1.8495555e+06
   1.8514229e+06
   1.8534578e+06
   1.8551373e+06
   1.8570589e+06
   1.8598947e+06
   1.9013839e+06
   1.9029780e+06
   1.9046548e+06
   1.9064404e+06
   1.9080405e+06
   1.9095744e+06
   1.9121644e+06
   6.1324839e+04
   6.5461570e+04
   7.4173914e+04
   7.5421439e+04
   7.8148487e+04
   8.2114092e+04
   8.3536197e+04
   8.5605769e+04
   8.7872836e+04
   8.9435153e+04
   9.1981973e+04
   1.2297270e+05
   1.2488897e+05
   1.2615156e+05
   1.2769982e+05
   1.3007505e+05
   1.3328255e+05
   1.3615028e+05
   1.3846752e+05
   1.8204642e+05
   1.8376391e+05
   1.8616107e+05
   2.0492771e+05
   2.0678193e+05
   2.0867318e+05
   2.1755549e+05
   2.4403858e+05
   2.4572812e+05
   2.4808974e+05
   2.5049593e+05
   2.5416760e+05
   2.5671292e+05
   2.5924081e+05
   2.6559840e+05
   2.6674058e+05
   2.6886930e+05
   2.7265050e+05
   2.7457167e+05
   2.7641088e+05
   3.0039905e+05
   3.0495205e+05
   3.0678130e+05
   3.0866258e+05
   3.1004160e+05
   3.1150704e+05
   3.1406710e+05
   3.1739927e+05
   3.1906515e+05
   3.2210311e+05
   3.2370086e+05
   3.2659443e+05
   3.3040724e+05
   3.3180610e+05
   3.3471288e+05
   3.6210946e+05
   3.6631499e+05
   3.6872873e+05
   3.7111277e+05
   3.7359033e+05
   3.7603639e+05
   3.7724731e+05
   3.7947015e+05
   3.8214888e+05
   3.8429023e+05
   3.8800965e+05
   3.9760257e+05
   4.2164996e+05
   4.2344645e+05
   4.2666498e+05
   4.2910258e+05
   4.3336652e+05
   4.3496751e+05
   4.3708663e+05
   4.4751662e+05
   4.4949856e+05
   4.5363672e+05
   4.5559072e+05
   4.5768666e+05
   4.8168527e+05
   4.8329111e+05
   4.9091268e+05
   4.9277266e+05
   4.9515532e+05
   4.9952964e+05
   5.0207586e+05
   5.0321356e+05
   5.0500121e+05
   5.0701528e+05
   5.0970618e+05
   5.1511300e+05
   5.1700835e+05
   5.1938387e+05
   5.4142194e+05
   5.4618949e+05
   5.4783924e+05
   5.5224631e+05
   5.5402691e+05
   5.5792086e+05
   5.6084529e+05
   5.6270981e+05
   5.6412834e+05
   5.6606583e+05
   5.6697702e+05
   5.6800906e+05
   5.7266013e+05
   5.7459403e+05
   5.7696069e+05
   5.7852766e+05
   7.8564624e+05
   8.1000808e+05
   8.4409956e+05
   8.4528262e+05
   8.6127974e+05
   8.6303068e+05
   8.7273737e+05
   8.7497121e+05
   8.7611446e+05
   8.7829910e+05
   9.0192179e+05
   9.0398478e+05
   9.0584124e+05
   9.1098510e+05
   9.1250857e+05
   9.1400330e+05
   9.1639247e+05
   9.6150488e+05
   9.6335187e+05
   9.6640950e+05
   9.6840059e+05
   9.7075133e+05
   9.7243195e+05
   9.7421292e+05
   9.7587112e+05
   9.8541732e+05
   9.8818019e+05
   9.8939623e+05
   1.0272280e+06
   1.0323644e+06
   1.0343615e+06
   1.0369874e+06
   1.0393864e+06
   1.0476971e+06
   1.0496883e+06
   1.0522099e+06
   1.0547532e+06
   1.0577115e+06
   1.0591142e+06
   1.0828756e+06
   1.0842600e+06
   1.0902896e+06
   1.0926138e+06
   1.0939292e+06
   1.0978828e+06
   1.0999613e+06
   1.1079780e+06
   1.1099927e+06
   1.1121754e+06
   1.1194632e+06
   1.1414228e+06
   1.1445729e+06
   1.1462435e+06
   1.2016137e+06
   1.2037882e+06
   1.2069328e+06
   1.2098691e+06
   1.2123076e+06
   1.2184440e+06
   1.2215340e+06
   1.2237491e+06
   1.2252393e+06
   1.2266638e+06
   1.2290515e+06
   1.2301587e+06
   1.2333011e+06
   1.2356044e+06
   1.2375958e+06
   1.2634104e+06
   1.2662133e+06
   1.2728501e+06
   1.2746211e+06
   1.2800469e+06
   1.2824493e+06
   1.2955918e+06
   1.2974851e+06
   1.2989682e+06
   1.3222674e+06
   1.3302837e+06
   1.3327404e+06
   1.3431485e+06
   1.3460324e+06
   1.3486861e+06
   1.3521760e+06
   1.3540677e+06
   1.3560626e+06
   1.3837008e+06
   1.3855177e+06
   1.3879107e+06
   1.4070124e+06
   1.4097159e+06
   1.4114630e+06
   1.4437869e+06
   1.4451670e+06
   1.4469760e+06
   1.4499520e+06
   1.4516190e+06
   1.4541023e+06
   1.4568914e+06
   1.4605894e+06
   1.5009967e+06
   1.5031547e+06
   1.5084213e+06
   1.5105941e+06
   1.5161116e+06
   1.5191104e+06
   1.5209454e+06
   1.5245967e+06
   1.5292832e+06
   1.5330704e+06
   1.5359812e+06
   1.5382324e+06
   1.5622970e+06
   1.5656255e+06
   1.5670767e+06
   1.5719817e+06
   1.5979537e+06
   1.5994806e+06
   1.6247538e+06
   1.6264476e+06
   1.6277056e+06
   1.6303144e+06
   1.6325542e+06
   1.6338891e+06
   1.6363528e+06
   1.6418945e+06
   1.6434407e+06
   1.6452780e+06
   1.6487626e+06
   1.6501302e+06
   1.6531302e+06
   1.6542610e+06
   1.6824977e+06
   1.6841940e+06
   1.6877065e+06
   1.6932449e+06
   1.6970638e+06
   1.6989076e+06
   1.7007514e+06
   1.7026386e+06
   1.7068540e+06
   1.7097879e+06
   1.7127527e+06
   1.7153435e+06
   1.7431668e+06
   1.7451478e+06
   1.7469476e+06
   1.7481903e+06
   1.7500945e+06
   1.7521143e+06
   1.7553546e+06
   1.7592780e+06
   1.7640307e+06
   1.7686530e+06
   1.7716854e+06
   1.7760553e+06
   1.7796503e+06
   1.8022807e+06
   1.8039092e+06
   1.8059178e+06
   1.8081092e+06
   1.8099151e+06
   1.8114782e+06
   1.8138188e+06
   1.8164078e+06
   1.8196344e+06
   1.8242058e+06
   1.8260551e+06
   1.8281807e+06
   1.8328786e+06
   1.8352169e+06
   1.8389437e+06
   1.8622849e+06
   1.8692687e+06
   1.8713289e+06
   1.8732992e+06
   1.8745098e+06
   1.8777565e+06
   1.8818280e+06
   1.8844269e+06
   1.8862781e+06
   1.8912536e+06
   1.8927944e+06
   1.8953003e+06
   1.8996505e+06
   3.5914962e+05
   3.5970225e+05
   3.5990574e+05
   4.1938175e+05
   4.7936041e+05
   4.7954373e+05
   4.7966006e+05
   4.7983114e+05
   5.3922805e+05
   5.3937039e+05
   5.3950736e+05
   5.3964097e+05
   5.3977259e+05
   5.3993248e+05
   5.9912691e+05
   5.9941477e+05
   5.9956690e+05
   5.9981264e+05
   1.8726018e+06
   1.8807611e+06
   1.8843611e+06
   1.8862832e+06
   1.8924336e+06
   1.8978780e+06
   1.8999332e+06
   3.5940475e+05
   3.5954900e+05
   3.5966637e+05
   3.5976942e+05
   4.1917058e+05
   4.1931960e+05
   4.1974337e+05
   4.7921038e+05
   4.7932858e+05
   4.7954312e+05
   4.7983367e+05
   5.3920112e+05
   5.3932943e+05
   5.9922695e+05
   5.9937891e+05
   5.9959142e+05
   5.9980185e+05
   5.9991310e+05
   1.8673279e+06
   1.8698714e+06
   1.8716618e+06
   1.8729616e+06
   1.8744010e+06
   1.8774802e+06
   1.8799694e+06
   1.8824469e+06
   1.8843945e+06
   1.8863860e+06
   1.8880510e+06
   1.8909658e+06
   1.8925733e+06
   1.8970135e+06
   1.8981491e+06
   3.5909764e+05
   3.5923154e+05
   3.5941957e+05
   3.5960568e+05
   3.5981428e+05
   4.1916319e+05
   4.1934161e+05
   4.1952565e+05
   4.1964592e+05
   4.1983063e+05
   4.1994940e+05
   4.7918687e+05
   4.7938815e+05
   4.7953330e+05
   4.7967362e+05
   5.3912056e+05
   5.3930525e+05
   5.3949049e+05
   5.3969895e+05
   5.3999485e+05
   5.9928880e+05
   5.9943080e+05
   5.9954958e+05
   5.9991558e+05
