   6.9899140e+02
   2.4686711e+03
   4.2334920e+03
   7.1537840e+03
   8.5138523e+03
   9.0631616e+03
   1.0144081e+04
   1.2236288e+04
   1.2671179e+04
   1.3451907e+04
   1.4082079e+04
   1.5181649e+04
   1.5896786e+04
   1.6447279e+04
   1.6960532e+04
   1.7612045e+04
   1.8210381e+04
   1.9724436e+04
   2.0232390e+04
   2.0860483e+04
   2.1375583e+04
   2.2345501e+04
   2.2799258e+04
   2.4542793e+04
   2.5036793e+04
   2.5565298e+04
   2.6088011e+04
   2.6504230e+04
   2.7287249e+04
   3.0500187e+04
   3.1019353e+04
   3.1463216e+04
   3.2159407e+04
   3.2657456e+04
   3.3763332e+04
   3.4208692e+04
   3.5531838e+04
   3.6718197e+04
   3.7476365e+04
   3.8301943e+04
   3.8610282e+04
   3.9255553e+04
   4.0204466e+04
   4.0559044e+04
   4.1509225e+04
   4.2206582e+04
   4.2727739e+04
   4.3256297e+04
   4.3833776e+04
   4.4190589e+04
   4.5168728e+04
   4.6106931e+04
   4.6778820e+04
   4.7435187e+04
   4.8000201e+04
   4.8456228e+04
   4.8877877e+04
   4.9402858e+04
   4.9786737e+04
   5.0375860e+04
   5.0803513e+04
   5.1357620e+04
   5.1886379e+04
   5.2363798e+04
   5.3055787e+04
   5.5422609e+04
   5.6536676e+04
   5.7189914e+04
   5.7667504e+04
   5.8290131e+04
   5.9002183e+04
   5.9434071e+04
   5.9767122e+04
   1.0055274e+05
   1.0190958e+05
   1.0257295e+05
   1.0303376e+05
   1.0393799e+05
   1.0436195e+05
   1.0527038e+05
   1.0570103e+05
   1.0677098e+05
   1.0748568e+05
   1.0826598e+05
   1.0877956e+05
   1.0947551e+05
   1.0997847e+05
   1.1043432e+05
   1.1117964e+05
   1.1198326e+05
   1.1240864e+05
   1.1318589e+05
   1.1370174e+05
   1.1462195e+05
   1.1522602e+05
   1.1635503e+05
   1.6067007e+05
   1.6129432e+05
   1.6173351e+05
   1.6228394e+05
   1.6272395e+05
   1.6369060e+05
   1.6424366e+05
   1.6482475e+05
   1.6607826e+05
   1.6659653e+05
   1.6748957e+05
   1.6789340e+05
   1.6858742e+05
   1.6925241e+05
   1.6976567e+05
   1.7023139e+05
   1.7081798e+05
   1.7133537e+05
   1.7203593e+05
   1.7298280e+05
   1.7362052e+05
   1.7451481e+05
   1.7522373e+05
   1.7737169e+05
   1.7794530e+05
   1.7852724e+05
   1.7885230e+05
   1.7919709e+05
   2.2057495e+05
   2.2127087e+05
   2.2236935e+05
   2.2334643e+05
   2.2400325e+05
   2.2450419e+05
   2.2760082e+05
   2.2818891e+05
   2.2887340e+05
   2.2959340e+05
   2.3010797e+05
   2.3137884e+05
   2.3208375e+05
   2.3343746e+05
   2.3393552e+05
   2.3464713e+05
   2.3504310e+05
   2.3550868e+05
   2.3677855e+05
   2.3886233e+05
   2.3938002e+05
   2.3989251e+05
   2.8042275e+05
   2.8117285e+05
   2.8177006e+05
   2.8237824e+05
   2.8280433e+05
   2.8334463e+05
   2.8367001e+05
   2.8415402e+05
   2.8502333e+05
   2.8551675e+05
   2.8619185e+05
   2.8659769e+05
   2.8748830e+05
   2.8790863e+05
   2.8841976e+05
   2.8910714e+05
   2.9012823e+05
   2.9088770e+05
   2.9152178e+05
   2.9234085e+05
   2.9301555e+05
   2.9348795e+05
   2.9472481e+05
   2.9529709e+05
   2.9588135e+05
   2.9642280e+05
   2.9706155e+05
   2.9759287e+05
   2.9803476e+05
   2.9837335e+05
   2.9885500e+05
   3.4076150e+05
   3.4119160e+05
   3.4178790e+05
   3.4227697e+05
   3.4276717e+05
   3.4339489e+05
   3.4388436e+05
   3.4464905e+05
   3.4509296e+05
   3.4555829e+05
   3.4598420e+05
   3.4689296e+05
   3.4733013e+05
   3.4793590e+05
   3.4874924e+05
   3.4936733e+05
   3.5003587e+05
   3.5056002e+05
   3.5132002e+05
   3.5189645e+05
   3.5229287e+05
   3.5297013e+05
   3.5352119e+05
   3.5476382e+05
   3.5545968e+05
   3.5631165e+05
   3.5680667e+05
   3.5749645e+05
   3.5823621e+05
   3.5861143e+05
   3.5939442e+05
   3.5981666e+05
   4.0061139e+05
   4.0126731e+05
   4.0212298e+05
   4.0286822e+05
   4.0427435e+05
   4.0491279e+05
   4.0587519e+05
   4.0647832e+05
   4.0980307e+05
   4.1016614e+05
   4.1180411e+05
   4.1241983e+05
   4.1352242e+05
   4.1438882e+05
   4.1516527e+05
   4.1599140e+05
   4.1639087e+05
   4.1691509e+05
   4.1734819e+05
   4.1771312e+05
   4.1825782e+05
   4.1852488e+05
   4.1885492e+05
   4.1945423e+05
   4.1997275e+05
   4.6078984e+05
   4.6213208e+05
   4.6277669e+05
   4.6342806e+05
   4.6398146e+05
   4.6454559e+05
   4.6501375e+05
   4.6572207e+05
   4.6615557e+05
   4.6675075e+05
   4.6734952e+05
   4.6786759e+05
   4.6831624e+05
   4.6896307e+05
   4.6941612e+05
   4.7004486e+05
   4.7051946e+05
   4.7115231e+05
   4.7173473e+05
   4.7214859e+05
   4.7253137e+05
   4.7328104e+05
   4.7362223e+05
   4.7481896e+05
   4.7556286e+05
   4.7613087e+05
   4.7651673e+05
   4.7697710e+05
   4.7759182e+05
   4.7799430e+05
   4.7848799e+05
   5.2065805e+05
   5.2138099e+05
   5.2167373e+05
   5.2258143e+05
   5.2313682e+05
   5.2357066e+05
   5.2404136e+05
   5.2487328e+05
   5.2545527e+05
   5.2675447e+05
   5.2776137e+05
   5.2887353e+05
   5.2953393e+05
   5.3071278e+05
   5.3153253e+05
   5.3236066e+05
   5.3277113e+05
   5.3309893e+05
   5.3378169e+05
   5.3519288e+05
   5.3577978e+05
   5.3634726e+05
   5.3684173e+05
   5.3871891e+05
   5.8070995e+05
   5.8138883e+05
   5.8183332e+05
   5.8232518e+05
   5.8269940e+05
   5.8310623e+05
   5.8372175e+05
   5.8429539e+05
   5.8485562e+05
   5.8522187e+05
   5.8558864e+05
   5.8613598e+05
   5.8652436e+05
   5.8697595e+05
   5.8769325e+05
   5.8815526e+05
   5.8883467e+05
   5.8937170e+05
   5.8986861e+05
   5.9058181e+05
   5.9125388e+05
   5.9256868e+05
   5.9301785e+05
   5.9361772e+05
   5.9430693e+05
   5.9485680e+05
   5.9547718e+05
   5.9631862e+05
   5.9677086e+05
   5.9748038e+05
   5.9818785e+05
   5.9902249e+05
   5.9964103e+05
   6.0077693e+05
   6.0160584e+05
   6.0251102e+05
   6.0297869e+05
   6.0385579e+05
   6.0435423e+05
   6.0477202e+05
   6.0539610e+05
   6.0588834e+05
   6.0668517e+05
   6.0837433e+05
   6.0889364e+05
   6.0960829e+05
   6.1032485e+05
   6.1078264e+05
   6.1125541e+05
   6.1176164e+05
   6.1232767e+05
   6.1279488e+05
   6.1551281e+05
   6.1665933e+05
   6.1712588e+05
   6.1952598e+05
   6.2036942e+05
   6.2077258e+05
   6.2231231e+05
   6.2293878e+05
   6.3062993e+05
   6.3187962e+05
   6.3250667e+05
   6.3298403e+05
   6.3352920e+05
   6.3406051e+05
   6.3487471e+05
   6.3563679e+05
   6.3644128e+05
   6.3711060e+05
   6.3799115e+05
   6.3840499e+05
   6.3914631e+05
   6.3971384e+05
   6.4059445e+05
   6.4233852e+05
   6.4303902e+05
   6.4510354e+05
   6.4712586e+05
   6.4763461e+05
   6.4817096e+05
   6.4874661e+05
   6.4932860e+05
   6.5016786e+05
   6.5093745e+05
   6.5193763e+05
   6.5238681e+05
   6.5295944e+05
   6.5349094e+05
   6.6938398e+05
   6.7010748e+05
   6.7284798e+05
   6.7362231e+05
   6.7428294e+05
   6.7500726e+05
   6.7590202e+05
   6.7654833e+05
   6.7744700e+05
   6.7818530e+05
   6.7928463e+05
   6.8046835e+05
   6.8120928e+05
   6.8619966e+05
   6.8758230e+05
   6.8825983e+05
   6.8868836e+05
   6.8929287e+05
   6.8976206e+05
   6.9068097e+05
   6.9117072e+05
   6.9236845e+05
   6.9293145e+05
   6.9330635e+05
   6.9387450e+05
   6.9446639e+05
   6.9518406e+05
   6.9630988e+05
   6.9683875e+05
   6.9743242e+05
   6.9800189e+05
   6.9881416e+05
   6.9939561e+05
   7.0010232e+05
   7.0058885e+05
   7.0141585e+05
   7.0274900e+05
   7.0329568e+05
   7.0373280e+05
   7.0432064e+05
   7.0522681e+05
   7.0563031e+05
   7.1020060e+05
   7.1077744e+05
   7.1131900e+05
   7.1207248e+05
   7.1277641e+05
   7.1346944e+05
   7.1436373e+05
   7.1546095e+05
   7.1597280e+05
   7.1678477e+05
   7.1721084e+05
   7.1759808e+05
   7.1843821e+05
   7.1907775e+05
   7.1974572e+05
   7.2067705e+05
   7.2108779e+05
   7.2161114e+05
   7.2204245e+05
   7.2257668e+05
   7.2324226e+05
   7.2361337e+05
   7.2417109e+05
   7.2499070e+05
   7.2544180e+05
   7.2598860e+05
   7.2664242e+05
   7.2722568e+05
   7.2781068e+05
   7.2835576e+05
   7.2947045e+05
   7.3020540e+05
   7.3090078e+05
   7.3157180e+05
   7.3234597e+05
   7.3271737e+05
   7.3381437e+05
   7.3481025e+05
   7.3538377e+05
   7.3607849e+05
   7.3689224e+05
   7.3744512e+05
   7.3781234e+05
   7.3829501e+05
   7.3896376e+05
   7.3934680e+05
   7.3971830e+05
   7.4090072e+05
   7.4169488e+05
   7.4219438e+05
   7.4286542e+05
   7.4348805e+05
   7.4442419e+05
   7.4506252e+05
   7.4575203e+05
   7.4663254e+05
   7.4725970e+05
   7.4814785e+05
   7.4878073e+05
   7.4950677e+05
   7.5023212e+05
   7.5075771e+05
   7.5126120e+05
   7.5191487e+05
   7.5238966e+05
   7.5301831e+05
   7.5354184e+05
   7.5537995e+05
   7.5605536e+05
   7.5672647e+05
   7.5710365e+05
   7.5761374e+05
   7.5832825e+05
   7.5916352e+05
   7.5958690e+05
   7.6038948e+05
   7.6171635e+05
   7.6252144e+05
   7.6281474e+05
   7.6365002e+05
   7.6427724e+05
   7.6480158e+05
   7.6526142e+05
   7.6575881e+05
   7.6626033e+05
   7.6774719e+05
   7.6866069e+05
   7.6979743e+05
   7.7034866e+05
   7.7110866e+05
   7.7205988e+05
   7.7257097e+05
   7.7431884e+05
   7.7943438e+05
   7.7984806e+05
   8.2047516e+05
   8.2093042e+05
   8.2162406e+05
   8.2206146e+05
   8.2352466e+05
   8.2438334e+05
   8.2504030e+05
   8.2565212e+05
   8.2635234e+05
   8.2762986e+05
   8.2829899e+05
   8.2869970e+05
   8.2912445e+05
   8.2993722e+05
   8.3036732e+05
   8.3074208e+05
   8.3119463e+05
   8.3152372e+05
   8.3201913e+05
   8.3246594e+05
   8.3333944e+05
   8.3378553e+05
   8.3487560e+05
   8.3541216e+05
   8.3591667e+05
   8.3638895e+05
   8.3724151e+05
   8.3780273e+05
   8.3849446e+05
   8.3918112e+05
   8.8080430e+05
   8.8130442e+05
   8.8353961e+05
   8.8407557e+05
   8.8501397e+05
   8.8559274e+05
   8.8615326e+05
   8.8650734e+05
   8.8690760e+05
   8.8737292e+05
   8.8771657e+05
   8.8843798e+05
   8.8878262e+05
   8.8957000e+05
   8.9030687e+05
   8.9062560e+05
   8.9100721e+05
   8.9146261e+05
   8.9182034e+05
   8.9217496e+05
   8.9257241e+05
   8.9332713e+05
   8.9386674e+05
   8.9455983e+05
   8.9512376e+05
   8.9558906e+05
   8.9610945e+05
   8.9671956e+05
   8.9803456e+05
   8.9866398e+05
   8.9918671e+05
   8.9971409e+05
   9.4082976e+05
   9.4127765e+05
   9.4174269e+05
   9.4220398e+05
   9.4293222e+05
   9.4352516e+05
   9.4411200e+05
   9.4457292e+05
   9.4515123e+05
   9.4562330e+05
   9.4599527e+05
   9.4689441e+05
   9.4854332e+05
   9.4897176e+05
   9.4984598e+05
   9.5042883e+05
   9.5093543e+05
   9.5159238e+05
   9.5262053e+05
   9.5301599e+05
   9.5356169e+05
   9.5510365e+05
   9.5580348e+05
   9.5624452e+05
   9.5669802e+05
   9.5702011e+05
   9.5777938e+05
   9.5823673e+05
   9.5883033e+05
   9.5941885e+05
   1.0007056e+06
   1.0011616e+06
   1.0018108e+06
   1.0025059e+06
   1.0032496e+06
   1.0036913e+06
   1.0045347e+06
   1.0048680e+06
   1.0054749e+06
   1.0058612e+06
   1.0063513e+06
   1.0069720e+06
   1.0075461e+06
   1.0079086e+06
   1.0083950e+06
   1.0088192e+06
   1.0103855e+06
   1.0107258e+06
   1.0115862e+06
   1.0129065e+06
   1.0137941e+06
   1.0144326e+06
   1.0153084e+06
   1.0158411e+06
   1.0166755e+06
   1.0173604e+06
   1.0178659e+06
   1.0184637e+06
   1.0190225e+06
   1.0196507e+06
   1.0603809e+06
   1.0608978e+06
   1.0613733e+06
   1.0620941e+06
   1.0630924e+06
   1.0634770e+06
   1.0641607e+06
   1.0647166e+06
   1.0653130e+06
   1.0662592e+06
   1.0667833e+06
   1.0676837e+06
   1.0681520e+06
   1.0691276e+06
   1.0696930e+06
   1.0703273e+06
   1.0710693e+06
   1.0714116e+06
   1.0720351e+06
   1.0729939e+06
   1.0736357e+06
   1.0745628e+06
   1.0749543e+06
   1.0753916e+06
   1.0770099e+06
   1.0777343e+06
   1.0781026e+06
   1.0785068e+06
   1.0788934e+06
   1.0794589e+06
   1.1211396e+06
   1.1215453e+06
   1.1221574e+06
   1.1226029e+06
   1.1231916e+06
   1.1241474e+06
   1.1248235e+06
   1.1254192e+06
   1.1261811e+06
   1.1266583e+06
   1.1273690e+06
   1.1278566e+06
   1.1282440e+06
   1.1287185e+06
   1.1292771e+06
   1.1296094e+06
   1.1301821e+06
   1.1306179e+06
   1.1309724e+06
   1.1314359e+06
   1.1318755e+06
   1.1323027e+06
   1.1329678e+06
   1.1335382e+06
   1.1345262e+06
   1.1358284e+06
   1.1362403e+06
   1.1369026e+06
   1.1374932e+06
   1.1382080e+06
   1.1391814e+06
   1.1398026e+06
   1.1805466e+06
   1.1813147e+06
   1.1819597e+06
   1.1829498e+06
   1.1832735e+06
   1.1836618e+06
   1.1840697e+06
   1.1844615e+06
   1.1853597e+06
   1.1858105e+06
   1.1863555e+06
   1.1869553e+06
   1.1876492e+06
   1.1880838e+06
   1.1884258e+06
   1.1891687e+06
   1.1897690e+06
   1.1903618e+06
   1.1908740e+06
   1.1912097e+06
   1.1919623e+06
   1.1926449e+06
   1.1944713e+06
   1.1948404e+06
   1.1953279e+06
   1.1958643e+06
   1.1962741e+06
   1.1968399e+06
   1.1973572e+06
   1.1977336e+06
   1.1981352e+06
   1.1988766e+06
   1.1993512e+06
   1.1997926e+06
   1.2408299e+06
   1.2414822e+06
   1.2419074e+06
   1.2426085e+06
   1.2431436e+06
   1.2436730e+06
   1.2440576e+06
   1.2445664e+06
   1.2449916e+06
   1.2457684e+06
   1.2462124e+06
   1.2467755e+06
   1.2475615e+06
   1.2490752e+06
   1.2497010e+06
   1.2505938e+06
   1.2510342e+06
   1.2545396e+06
   1.2564749e+06
   1.2570373e+06
   1.2580356e+06
   1.2586578e+06
   1.2593096e+06
   1.2597934e+06
   1.3014744e+06
   1.3023314e+06
   1.3028435e+06
   1.3032295e+06
   1.3037448e+06
   1.3042774e+06
   1.3050679e+06
   1.3059691e+06
   1.3065324e+06
   1.3076427e+06
   1.3082403e+06
   1.3086956e+06
   1.3099705e+06
   1.3103143e+06
   1.3109154e+06
   1.3114992e+06
   1.3120362e+06
   1.3125914e+06
   1.3131342e+06
   1.3139347e+06
   1.3143431e+06
   1.3152089e+06
   1.3156679e+06
   1.3160386e+06
   1.3165789e+06
   1.3169623e+06
   1.3175388e+06
   1.3179766e+06
   1.3183947e+06
   1.3188112e+06
   1.3193482e+06
   1.3197276e+06
   1.3610538e+06
   1.3614687e+06
   1.3619703e+06
   1.3629259e+06
   1.3635196e+06
   1.3642466e+06
   1.3647794e+06
   1.3653852e+06
   1.3657934e+06
   1.3663936e+06
   1.3669971e+06
   1.3674707e+06
   1.3679520e+06
   1.3685730e+06
   1.3690690e+06
   1.3698384e+06
   1.3704757e+06
   1.3714841e+06
   1.3720014e+06
   1.3724992e+06
   1.3729198e+06
   1.3732810e+06
   1.3744710e+06
   1.3751084e+06
   1.3756174e+06
   1.3770610e+06
   1.3773694e+06
   1.3783200e+06
   1.3796033e+06
   1.4204205e+06
   1.4210903e+06
   1.4214803e+06
   1.4220196e+06
   1.4224918e+06
   1.4228424e+06
   1.4233532e+06
   1.4239729e+06
   1.4243852e+06
   1.4247170e+06
   1.4251512e+06
   1.4256062e+06
   1.4260392e+06
   1.4265555e+06
   1.4269937e+06
   1.4276186e+06
   1.4282242e+06
   1.4287765e+06
   1.4295538e+06
   1.4302706e+06
   1.4314825e+06
   1.4322709e+06
   1.4328409e+06
   1.4335583e+06
   1.4345824e+06
   1.4352641e+06
   1.4358881e+06
   1.4364829e+06
   1.4380006e+06
   1.4383896e+06
   1.4387410e+06
   1.4395740e+06
   1.4804675e+06
   1.4811386e+06
   1.4815692e+06
   1.4825710e+06
   1.4832707e+06
   1.4836693e+06
   1.4840591e+06
   1.4848841e+06
   1.4852363e+06
   1.4858023e+06
   1.4863416e+06
   1.4868236e+06
   1.4876477e+06
   1.4880240e+06
   1.4885316e+06
   1.4892434e+06
   1.4896705e+06
   1.4901236e+06
   1.4922762e+06
   1.4927204e+06
   1.4934673e+06
   1.4944292e+06
   1.4949394e+06
   1.4954045e+06
   1.4965125e+06
   1.5403644e+06
   1.5407915e+06
   1.5414167e+06
   1.5421378e+06
   1.5433141e+06
   1.5436858e+06
   1.5445169e+06
   1.5453611e+06
   1.5457030e+06
   1.5461844e+06
   1.5469849e+06
   1.5510440e+06
   1.5519674e+06
   1.5527137e+06
   1.5532389e+06
   1.5545116e+06
   1.5548605e+06
   1.5554587e+06
   1.5562691e+06
   1.5566553e+06
   1.5571918e+06
   1.5575860e+06
   1.5580322e+06
   1.5586435e+06
   1.5591085e+06
   1.5596083e+06
   1.6006310e+06
   1.6010956e+06
   1.6016189e+06
   1.6021353e+06
   1.6026375e+06
   1.6033518e+06
   1.6040328e+06
   1.6044863e+06
   1.6050410e+06
   1.6056476e+06
   1.6062605e+06
   1.6069705e+06
   1.6073831e+06
   1.6078826e+06
   1.6083145e+06
   1.6088766e+06
   1.6093975e+06
   1.6105342e+06
   1.6110098e+06
   1.6121909e+06
   1.6144388e+06
   1.6149263e+06
   1.6157571e+06
   1.6162633e+06
   1.6168751e+06
   1.6172321e+06
   1.6177011e+06
   1.6184247e+06
   1.6190860e+06
   1.6195253e+06
   1.6611095e+06
   1.6616829e+06
   1.6620888e+06
   1.6627719e+06
   1.6633932e+06
   1.6643319e+06
   1.6646783e+06
   1.6652729e+06
   1.6657650e+06
   1.6663818e+06
   1.6669125e+06
   1.6675224e+06
   1.6679122e+06
   1.6685530e+06
   1.6691730e+06
   1.6699029e+06
   1.6706606e+06
   1.6714504e+06
   1.6718120e+06
   1.6721818e+06
   1.6727818e+06
   1.6749785e+06
   1.6754407e+06
   1.6763583e+06
   1.6769115e+06
   1.6779008e+06
   1.6784068e+06
   1.6790019e+06
   1.6793825e+06
   1.6798442e+06
   1.7204679e+06
   1.7209502e+06
   1.7214669e+06
   1.7221042e+06
   1.7226145e+06
   1.7231914e+06
   1.7236345e+06
   1.7256035e+06
   1.7259452e+06
   1.7264510e+06
   1.7269512e+06
   1.7275380e+06
   1.7282261e+06
   1.7287131e+06
   1.7292696e+06
   1.7297149e+06
   1.7303671e+06
   1.7307361e+06
   1.7313198e+06
   1.7317590e+06
   1.7321547e+06
   1.7326786e+06
   1.7331310e+06
   1.7338420e+06
   1.7351015e+06
   1.7358822e+06
   1.7369610e+06
   1.7373176e+06
   1.7385165e+06
   1.7391752e+06
   1.7397093e+06
   1.7804353e+06
   1.7808083e+06
   1.7814471e+06
   1.7822181e+06
   1.7828015e+06
   1.7833193e+06
   1.7836260e+06
   1.7841866e+06
   1.7848550e+06
   1.7853260e+06
   1.7859292e+06
   1.7865456e+06
   1.7869742e+06
   1.7873606e+06
   1.7879655e+06
   1.7884689e+06
   1.7890209e+06
   1.7895688e+06
   1.7901237e+06
   1.7905504e+06
   1.7909280e+06
   1.7916122e+06
   1.7920885e+06
   1.7930487e+06
   1.7938403e+06
   1.7945738e+06
   1.7950749e+06
   1.7957089e+06
   1.7961627e+06
   1.7972744e+06
   1.7977372e+06
   1.7985596e+06
   1.7992704e+06
   1.7997272e+06
   1.8403858e+06
   1.8407806e+06
   1.8413633e+06
   1.8419274e+06
   1.8423398e+06
   1.8428364e+06
   1.8431107e+06
   1.8437445e+06
   1.8442068e+06
   1.8449742e+06
   1.8455290e+06
   1.8461478e+06
   1.8464641e+06
   1.8469028e+06
   1.8480062e+06
   1.8485556e+06
   1.8490093e+06
   1.8493625e+06
   1.8498422e+06
   1.8504493e+06
   1.8508543e+06
   1.8516461e+06
   1.8524627e+06
   1.8530693e+06
   1.8535237e+06
   1.8539093e+06
   1.8545038e+06
   1.8553327e+06
   1.8557842e+06
   1.8570744e+06
   1.8579608e+06
   1.8584372e+06
   1.8590674e+06
   1.8596784e+06
   1.9010570e+06
   1.9019677e+06
   1.9025002e+06
   1.9034982e+06
   1.9039511e+06
   1.9044077e+06
   1.9050156e+06
   1.9055915e+06
   1.9060223e+06
   1.9063755e+06
   1.9068950e+06
   1.9078951e+06
   1.9085913e+06
   1.9091981e+06
   1.9099743e+06
   1.9106118e+06
   1.9111372e+06
   1.9119371e+06
   1.9124059e+06
   1.9127862e+06
   1.9134216e+06
   1.9138929e+06
   1.9149197e+06
   1.9154039e+06
   1.9159172e+06
   1.9164018e+06
   1.9170851e+06
   1.9176554e+06
   1.9182094e+06
   1.9185880e+06
   1.9189612e+06
   1.9195829e+06
   6.0499666e+04
   6.0956117e+04
   6.3204502e+04
   6.4111204e+04
   6.4950431e+04
   6.5470415e+04
   6.6156056e+04
   6.6760645e+04
   6.7435506e+04
   6.8652094e+04
   6.9125980e+04
   7.0921741e+04
   7.1801528e+04
   7.2319918e+04
   7.3249842e+04
   7.3891498e+04
   7.4294151e+04
   7.4833251e+04
   7.5330370e+04
   7.8392036e+04
   7.9055022e+04
   7.9597716e+04
   8.0082801e+04
   8.1167097e+04
   8.2284728e+04
   8.2951341e+04
   8.3580162e+04
   8.4211146e+04
   8.4613296e+04
   8.5265590e+04
   8.5774044e+04
   8.8347796e+04
   8.9466463e+04
   9.0863400e+04
   9.2011186e+04
   9.2777735e+04
   9.3717704e+04
   9.4572499e+04
   9.5841336e+04
   9.6334680e+04
   9.7020637e+04
   9.7844540e+04
   9.8566783e+04
   9.9010182e+04
   9.9964506e+04
   1.2052969e+05
   1.2124868e+05
   1.2164710e+05
   1.2251076e+05
   1.2323485e+05
   1.2380759e+05
   1.2452150e+05
   1.2536622e+05
   1.2585076e+05
   1.2702411e+05
   1.2777440e+05
   1.2828254e+05
   1.2879650e+05
   1.2975809e+05
   1.3028956e+05
   1.3087837e+05
   1.3173569e+05
   1.3230027e+05
   1.3273172e+05
   1.3340821e+05
   1.3398531e+05
   1.3444848e+05
   1.3483703e+05
   1.3555862e+05
   1.3613546e+05
   1.3673819e+05
   1.3753424e+05
   1.3852899e+05
   1.3922796e+05
   1.4014045e+05
   1.4079522e+05
   1.4149078e+05
   1.4235578e+05
   1.4305113e+05
   1.4350575e+05
   1.4450240e+05
   1.4507160e+05
   1.4568401e+05
   1.4614933e+05
   1.4661252e+05
   1.4709317e+05
   1.4770837e+05
   1.4828188e+05
   1.4900039e+05
   1.4980487e+05
   1.5046441e+05
   1.5117790e+05
   1.5155749e+05
   1.5187622e+05
   1.5288011e+05
   1.5427603e+05
   1.5500926e+05
   1.5633136e+05
   1.5700368e+05
   1.5755193e+05
   1.5825585e+05
   1.8116825e+05
   1.8170336e+05
   1.8235716e+05
   1.8325479e+05
   1.8363344e+05
   1.8422819e+05
   1.8481783e+05
   1.8546461e+05
   1.8679684e+05
   1.8731760e+05
   1.8828850e+05
   1.8886602e+05
   1.8940830e+05
   1.8988315e+05
   1.9042534e+05
   1.9104184e+05
   1.9252809e+05
   1.9331209e+05
   1.9413099e+05
   1.9507743e+05
   1.9563773e+05
   1.9644088e+05
   1.9702794e+05
   1.9789938e+05
   2.0070979e+05
   2.0115953e+05
   2.0246129e+05
   2.0289493e+05
   2.0338558e+05
   2.0435993e+05
   2.0574558e+05
   2.1101504e+05
   2.1173905e+05
   2.1241846e+05
   2.1314205e+05
   2.1395920e+05
   2.1460024e+05
   2.1522535e+05
   2.1611899e+05
   2.1661731e+05
   2.1720080e+05
   2.1760917e+05
   2.1845706e+05
   2.1887589e+05
   2.1945137e+05
   2.4078131e+05
   2.4149842e+05
   2.4241212e+05
   2.4286015e+05
   2.4392601e+05
   2.4470982e+05
   2.4525547e+05
   2.4624894e+05
   2.4700352e+05
   2.5075384e+05
   2.5125030e+05
   2.5205683e+05
   2.5265225e+05
   2.5346148e+05
   2.5420880e+05
   2.5495292e+05
   2.5553150e+05
   2.5611196e+05
   2.5768285e+05
   2.5853146e+05
   2.5901626e+05
   2.5967550e+05
   2.6010682e+05
   2.6071410e+05
   2.6161324e+05
   2.6208341e+05
   2.6243241e+05
   2.6326710e+05
   2.6379764e+05
   2.6430809e+05
   2.6481591e+05
   2.6760574e+05
   2.6832291e+05
   2.6973064e+05
   2.7010713e+05
   2.7145544e+05
   2.7206505e+05
   2.7273599e+05
   2.7337763e+05
   2.7395597e+05
   2.7453490e+05
   2.7507375e+05
   2.7561937e+05
   2.7638104e+05
   2.7672429e+05
   2.7759487e+05
   2.7826397e+05
   2.7887792e+05
   2.7994785e+05
   3.0109159e+05
   3.0201069e+05
   3.0260030e+05
   3.0329321e+05
   3.0400084e+05
   3.0456506e+05
   3.0515353e+05
   3.0650474e+05
   3.0714767e+05
   3.0784983e+05
   3.0915607e+05
   3.1039459e+05
   3.1114578e+05
   3.1191724e+05
   3.1294192e+05
   3.1344278e+05
   3.1434474e+05
   3.1496529e+05
   3.1575560e+05
   3.1672603e+05
   3.1743647e+05
   3.1794907e+05
   3.1846398e+05
   3.1911947e+05
   3.1948975e+05
   3.2046649e+05
   3.2099389e+05
   3.2136712e+05
   3.2205261e+05
   3.2264550e+05
   3.2370179e+05
   3.2444140e+05
   3.2504798e+05
   3.2563205e+05
   3.2645343e+05
   3.2753164e+05
   3.2829887e+05
   3.2945576e+05
   3.3003480e+05
   3.3074243e+05
   3.3166583e+05
   3.3264166e+05
   3.3325019e+05
   3.3372154e+05
   3.3421020e+05
   3.3483985e+05
   3.3541171e+05
   3.3612342e+05
   3.3679136e+05
   3.3748785e+05
   3.3826224e+05
   3.3888190e+05
   3.3989477e+05
   3.6071342e+05
   3.6121187e+05
   3.6169571e+05
   3.6222167e+05
   3.6273130e+05
   3.6346557e+05
   3.6394866e+05
   3.6462607e+05
   3.6522282e+05
   3.6568759e+05
   3.6644167e+05
   3.6822791e+05
   3.7071004e+05
   3.7450404e+05
   3.7533153e+05
   3.7689689e+05
   3.7753569e+05
   3.7840202e+05
   3.7907874e+05
   3.7983795e+05
   3.8071147e+05
   3.8142864e+05
   3.8225702e+05
   3.8260019e+05
   3.8326151e+05
   3.8383960e+05
   3.8468558e+05
   3.8521348e+05
   3.8613268e+05
   3.8654319e+05
   3.8722981e+05
   3.8774265e+05
   3.8885063e+05
   3.8955495e+05
   3.9001232e+05
   3.9097256e+05
   3.9164122e+05
   3.9235264e+05
   3.9283831e+05
   3.9362497e+05
   3.9424950e+05
   3.9508955e+05
   3.9576011e+05
   3.9648900e+05
   3.9724225e+05
   3.9767868e+05
   3.9811081e+05
   3.9913899e+05
   4.2112673e+05
   4.2225986e+05
   4.2269432e+05
   4.2383470e+05
   4.2425056e+05
   4.2490204e+05
   4.2569698e+05
   4.2615346e+05
   4.2844577e+05
   4.2925056e+05
   4.2998318e+05
   4.3040627e+05
   4.3110732e+05
   4.3165278e+05
   4.3216285e+05
   4.3316669e+05
   4.3460515e+05
   4.3523700e+05
   4.3580094e+05
   4.3687150e+05
   4.3763078e+05
   4.3856527e+05
   4.3911432e+05
   4.4184098e+05
   4.4248605e+05
   4.4350852e+05
   4.4532152e+05
   4.4617562e+05
   4.4682505e+05
   4.4775076e+05
   4.4890435e+05
   4.4958604e+05
   4.5086473e+05
   4.5178066e+05
   4.5254255e+05
   4.5314415e+05
   4.5424028e+05
   4.5477228e+05
   4.5584384e+05
   4.5640760e+05
   4.5728187e+05
   4.5776345e+05
   4.5819228e+05
   4.5905758e+05
   4.8080784e+05
   4.8141911e+05
   4.8182947e+05
   4.8222255e+05
   4.8270661e+05
   4.8352353e+05
   4.8400315e+05
   4.8468669e+05
   4.8511637e+05
   4.8675642e+05
   4.8744063e+05
   4.8803215e+05
   4.8877217e+05
   4.8922918e+05
   4.8977068e+05
   4.9051661e+05
   4.9095950e+05
   4.9127546e+05
   4.9175797e+05
   4.9242785e+05
   4.9292539e+05
   4.9386771e+05
   4.9476356e+05
   4.9583738e+05
   4.9664890e+05
   4.9741760e+05
   4.9836047e+05
   4.9900652e+05
   4.9964762e+05
   5.0015974e+05
   5.0084831e+05
   5.0139495e+05
   5.0270645e+05
   5.0335643e+05
   5.0481534e+05
   5.0552230e+05
   5.0620996e+05
   5.0672437e+05
   5.0802054e+05
   5.0872697e+05
   5.0910564e+05
   5.1001790e+05
   5.1122677e+05
   5.1202317e+05
   5.1292213e+05
   5.1369807e+05
   5.1458660e+05
   5.1520530e+05
   5.1557650e+05
   5.4045964e+05
   5.4100425e+05
   5.4166118e+05
   5.4231270e+05
   5.4318181e+05
   5.4412916e+05
   5.4564554e+05
   5.4621606e+05
   5.4723941e+05
   5.4766778e+05
   5.4800821e+05
   5.4875302e+05
   5.4916688e+05
   5.4975113e+05
   5.5012232e+05
   5.5692664e+05
   5.5732727e+05
   5.5794433e+05
   5.5841614e+05
   5.5885327e+05
   5.5939006e+05
   5.6022755e+05
   5.6087892e+05
   5.6133007e+05
   5.6223139e+05
   5.6355153e+05
   5.6447749e+05
   5.6503486e+05
   5.6535789e+05
   5.6612731e+05
   5.6672534e+05
   5.6752653e+05
   5.6816848e+05
   5.6852804e+05
   5.7143104e+05
   5.7203651e+05
   5.7256609e+05
   5.7342957e+05
   5.7412212e+05
   5.7505186e+05
   5.7662731e+05
   5.7696704e+05
   5.7816751e+05
   7.8126160e+05
   7.8209893e+05
   7.8247000e+05
   7.8289597e+05
   7.8328750e+05
   7.8429983e+05
   7.8489311e+05
   7.8544015e+05
   7.8597962e+05
   7.8645805e+05
   7.8720072e+05
   7.8766205e+05
   7.8842241e+05
   7.8912919e+05
   7.8951714e+05
   7.8994425e+05
   7.9032405e+05
   7.9122852e+05
   7.9166190e+05
   7.9235665e+05
   7.9299736e+05
   7.9341602e+05
   7.9398392e+05
   7.9462425e+05
   7.9545574e+05
   7.9690822e+05
   7.9798292e+05
   7.9888263e+05
   8.0012451e+05
   8.0151296e+05
   8.0189647e+05
   8.0336044e+05
   8.0377586e+05
   8.0427243e+05
   8.0520061e+05
   8.0645529e+05
   8.0745204e+05
   8.0784267e+05
   8.0835097e+05
   8.0882039e+05
   8.0963473e+05
   8.1034982e+05
   8.1101400e+05
   8.1205248e+05
   8.1246179e+05
   8.1382992e+05
   8.1428949e+05
   8.1476723e+05
   8.1538806e+05
   8.1585570e+05
   8.1657509e+05
   8.1700158e+05
   8.1887447e+05
   8.1973427e+05
   8.4049159e+05
   8.4110841e+05
   8.4159670e+05
   8.4243478e+05
   8.4281199e+05
   8.4340413e+05
   8.4499806e+05
   8.4545135e+05
   8.4590906e+05
   8.4648492e+05
   8.4726926e+05
   8.4807331e+05
   8.4858159e+05
   8.4922343e+05
   8.5001112e+05
   8.5052099e+05
   8.5120796e+05
   8.5218554e+05
   8.5285389e+05
   8.5344784e+05
   8.5381328e+05
   8.5424302e+05
   8.5471285e+05
   8.5514357e+05
   8.5575746e+05
   8.5616319e+05
   8.5666063e+05
   8.5702488e+05
   8.5763178e+05
   8.5813644e+05
   8.5957551e+05
   8.6040668e+05
   8.6224319e+05
   8.6331538e+05
   8.6523456e+05
   8.6573831e+05
   8.6607473e+05
   8.6635025e+05
   8.6685527e+05
   8.6862034e+05
   8.6932071e+05
   8.6969807e+05
   8.7103029e+05
   8.7165174e+05
   8.7216240e+05
   8.7258561e+05
   8.7312889e+05
   8.7363548e+05
   8.7513007e+05
   8.7673252e+05
   8.7749349e+05
   8.7818752e+05
   8.7866126e+05
   8.7911035e+05
   9.0076847e+05
   9.0168647e+05
   9.0234032e+05
   9.0274425e+05
   9.0340613e+05
   9.0405112e+05
   9.0447680e+05
   9.0485474e+05
   9.0516930e+05
   9.0603317e+05
   9.0664879e+05
   9.0843832e+05
   9.0912250e+05
   9.0971479e+05
   9.1009845e+05
   9.1145522e+05
   9.1220910e+05
   9.1264226e+05
   9.1355707e+05
   9.1414388e+05
   9.1493606e+05
   9.1585399e+05
   9.1686691e+05
   9.1724618e+05
   9.1788401e+05
   9.1851160e+05
   9.1941423e+05
   9.2022208e+05
   9.2112420e+05
   9.2193314e+05
   9.2243885e+05
   9.2317432e+05
   9.2355023e+05
   9.2397419e+05
   9.2576925e+05
   9.2622883e+05
   9.2690457e+05
   9.2753762e+05
   9.2890857e+05
   9.3004511e+05
   9.3043261e+05
   9.3114185e+05
   9.3187575e+05
   9.3269988e+05
   9.3415585e+05
   9.3497269e+05
   9.3572228e+05
   9.3636340e+05
   9.3679294e+05
   9.3812147e+05
   9.3875770e+05
   9.6046237e+05
   9.6129669e+05
   9.6207482e+05
   9.6343313e+05
   9.6398797e+05
   9.7314731e+05
   9.7373443e+05
   9.7441538e+05
   9.7485095e+05
   9.7540239e+05
   9.7591221e+05
   9.7638344e+05
   9.7704911e+05
   9.7841210e+05
   9.7902642e+05
   9.7977031e+05
   9.8047882e+05
   9.8085608e+05
   9.8216247e+05
   9.8267201e+05
   9.8379096e+05
   9.8435029e+05
   9.8509642e+05
   9.8589033e+05
   9.8667965e+05
   9.8785617e+05
   9.8866698e+05
   9.8909775e+05
   9.8957037e+05
   9.9013467e+05
   9.9378527e+05
   9.9452224e+05
   9.9499581e+05
   9.9550652e+05
   9.9647496e+05
   9.9709325e+05
   9.9747037e+05
   9.9799566e+05
   9.9949169e+05
   1.0206903e+06
   1.0215629e+06
   1.0220972e+06
   1.0226569e+06
   1.0230994e+06
   1.0237957e+06
   1.0244791e+06
   1.0252619e+06
   1.0259913e+06
   1.0265408e+06
   1.0270489e+06
   1.0276941e+06
   1.0282872e+06
   1.0287980e+06
   1.0293466e+06
   1.0300359e+06
   1.0312726e+06
   1.0318224e+06
   1.0324968e+06
   1.0329673e+06
   1.0334998e+06
   1.0338798e+06
   1.0342556e+06
   1.0346850e+06
   1.0355411e+06
   1.0381369e+06
   1.0386105e+06
   1.0391805e+06
   1.0399463e+06
   1.0403572e+06
   1.0410870e+06
   1.0416530e+06
   1.0423425e+06
   1.0429460e+06
   1.0434743e+06
   1.0442959e+06
   1.0447994e+06
   1.0460937e+06
   1.0466796e+06
   1.0471195e+06
   1.0475872e+06
   1.0481219e+06
   1.0484370e+06
   1.0487617e+06
   1.0493505e+06
   1.0497779e+06
   1.0503309e+06
   1.0510599e+06
   1.0520557e+06
   1.0525637e+06
   1.0531606e+06
   1.0536014e+06
   1.0542791e+06
   1.0550678e+06
   1.0554526e+06
   1.0559729e+06
   1.0563244e+06
   1.0568878e+06
   1.0574635e+06
   1.0581658e+06
   1.0589854e+06
   1.0596759e+06
   1.0804108e+06
   1.0822868e+06
   1.0830312e+06
   1.0835743e+06
   1.0843472e+06
   1.0847849e+06
   1.0852785e+06
   1.0859331e+06
   1.0865676e+06
   1.0871801e+06
   1.0879278e+06
   1.0883412e+06
   1.0890433e+06
   1.0894443e+06
   1.0899943e+06
   1.0904902e+06
   1.0911288e+06
   1.0921969e+06
   1.0926984e+06
   1.0931366e+06
   1.0941861e+06
   1.0950476e+06
   1.0959002e+06
   1.0967523e+06
   1.0976943e+06
   1.0981418e+06
   1.0986593e+06
   1.0989975e+06
   1.0996546e+06
   1.1003350e+06
   1.1008731e+06
   1.1012412e+06
   1.1029762e+06
   1.1038658e+06
   1.1044900e+06
   1.1050719e+06
   1.1079954e+06
   1.1087407e+06
   1.1091580e+06
   1.1096540e+06
   1.1105415e+06
   1.1110480e+06
   1.1119266e+06
   1.1126018e+06
   1.1135402e+06
   1.1142439e+06
   1.1146185e+06
   1.1151259e+06
   1.1163994e+06
   1.1170257e+06
   1.1178232e+06
   1.1185409e+06
   1.1190271e+06
   1.1193950e+06
   1.1199659e+06
   1.1404999e+06
   1.1415639e+06
   1.1423199e+06
   1.1427273e+06
   1.1433432e+06
   1.1438741e+06
   1.1443575e+06
   1.1448541e+06
   1.1453791e+06
   1.1457438e+06
   1.1462766e+06
   1.1468603e+06
   1.1489795e+06
   1.1493967e+06
   1.1497913e+06
   1.1505793e+06
   1.1513108e+06
   1.1518335e+06
   1.1530262e+06
   1.1534575e+06
   1.1562293e+06
   1.1565581e+06
   1.1587922e+06
   1.1590935e+06
   1.1597971e+06
   1.1602178e+06
   1.1606699e+06
   1.1611701e+06
   1.1617373e+06
   1.1622410e+06
   1.1630564e+06
   1.1638818e+06
   1.1659995e+06
   1.1666819e+06
   1.1674192e+06
   1.1680413e+06
   1.1689090e+06
   1.1694846e+06
   1.1699219e+06
   1.1705179e+06
   1.1716004e+06
   1.1722139e+06
   1.1735454e+06
   1.1741279e+06
   1.1751703e+06
   1.1769940e+06
   1.1775415e+06
   1.1780517e+06
   1.1788355e+06
   1.1794376e+06
   1.2007023e+06
   1.2011396e+06
   1.2023636e+06
   1.2031017e+06
   1.2037849e+06
   1.2047429e+06
   1.2052462e+06
   1.2100822e+06
   1.2106306e+06
   1.2112210e+06
   1.2117274e+06
   1.2121163e+06
   1.2128801e+06
   1.2137076e+06
   1.2148688e+06
   1.2156480e+06
   1.2161185e+06
   1.2167294e+06
   1.2172422e+06
   1.2181159e+06
   1.2190626e+06
   1.2199298e+06
   1.2204268e+06
   1.2213443e+06
   1.2217487e+06
   1.2225662e+06
   1.2231856e+06
   1.2236670e+06
   1.2244218e+06
   1.2250069e+06
   1.2255636e+06
   1.2261259e+06
   1.2288425e+06
   1.2297413e+06
   1.2302495e+06
   1.2314252e+06
   1.2321770e+06
   1.2327505e+06
   1.2334238e+06
   1.2339538e+06
   1.2345717e+06
   1.2355323e+06
   1.2359983e+06
   1.2364347e+06
   1.2370630e+06
   1.2376024e+06
   1.2393898e+06
   1.2399230e+06
   1.2607481e+06
   1.2614671e+06
   1.2620417e+06
   1.2625788e+06
   1.2636558e+06
   1.2641176e+06
   1.2654839e+06
   1.2661454e+06
   1.2669106e+06
   1.2682232e+06
   1.2687509e+06
   1.2699216e+06
   1.2707022e+06
   1.2716322e+06
   1.2720844e+06
   1.2726020e+06
   1.2732170e+06
   1.2735947e+06
   1.2744834e+06
   1.2748969e+06
   1.2753558e+06
   1.2757402e+06
   1.2768674e+06
   1.2777420e+06
   1.2782468e+06
   1.2789946e+06
   1.2797036e+06
   1.2802114e+06
   1.2815035e+06
   1.2820470e+06
   1.2824120e+06
   1.2828532e+06
   1.2835405e+06
   1.2841525e+06
   1.2847192e+06
   1.2852752e+06
   1.2871739e+06
   1.2875361e+06
   1.2880749e+06
   1.2886449e+06
   1.2891093e+06
   1.2896374e+06
   1.2901121e+06
   1.2905737e+06
   1.2910555e+06
   1.2914592e+06
   1.2920292e+06
   1.2926106e+06
   1.2930251e+06
   1.2935848e+06
   1.2939400e+06
   1.2943578e+06
   1.2959994e+06
   1.2965676e+06
   1.2969995e+06
   1.2978259e+06
   1.2988275e+06
   1.2994031e+06
   1.3209363e+06
   1.3214687e+06
   1.3217259e+06
   1.3223975e+06
   1.3245336e+06
   1.3252321e+06
   1.3257616e+06
   1.3261260e+06
   1.3267799e+06
   1.3273063e+06
   1.3279481e+06
   1.3284358e+06
   1.3289684e+06
   1.3296298e+06
   1.3303580e+06
   1.3312300e+06
   1.3315718e+06
   1.3321544e+06
   1.3328956e+06
   1.3334238e+06
   1.3340124e+06
   1.3369193e+06
   1.3377708e+06
   1.3381585e+06
   1.3386635e+06
   1.3394083e+06
   1.3399030e+06
   1.3421993e+06
   1.3429037e+06
   1.3438943e+06
   1.3445086e+06
   1.3451507e+06
   1.3458115e+06
   1.3463289e+06
   1.3472426e+06
   1.3479510e+06
   1.3484137e+06
   1.3488328e+06
   1.3494935e+06
   1.3508139e+06
   1.3513852e+06
   1.3519165e+06
   1.3531383e+06
   1.3540749e+06
   1.3546343e+06
   1.3551093e+06
   1.3562152e+06
   1.3567213e+06
   1.3571810e+06
   1.3575258e+06
   1.3583624e+06
   1.3588028e+06
   1.3805269e+06
   1.3809670e+06
   1.3814599e+06
   1.3822730e+06
   1.3826286e+06
   1.3830358e+06
   1.3853288e+06
   1.3859702e+06
   1.3865473e+06
   1.3870018e+06
   1.3875193e+06
   1.3879108e+06
   1.3884267e+06
   1.3891306e+06
   1.3896432e+06
   1.3902663e+06
   1.3923380e+06
   1.3928323e+06
   1.3936025e+06
   1.3941913e+06
   1.3948602e+06
   1.3964481e+06
   1.4017019e+06
   1.4023522e+06
   1.4030779e+06
   1.4036682e+06
   1.4054978e+06
   1.4060137e+06
   1.4063984e+06
   1.4069213e+06
   1.4078689e+06
   1.4083328e+06
   1.4090133e+06
   1.4102266e+06
   1.4108244e+06
   1.4111440e+06
   1.4116592e+06
   1.4128371e+06
   1.4132794e+06
   1.4139406e+06
   1.4146768e+06
   1.4153501e+06
   1.4161770e+06
   1.4167124e+06
   1.4173084e+06
   1.4180197e+06
   1.4184589e+06
   1.4196775e+06
   1.4407819e+06
   1.4426398e+06
   1.4431728e+06
   1.4436537e+06
   1.4441058e+06
   1.4446556e+06
   1.4450536e+06
   1.4463706e+06
   1.4470971e+06
   1.4477120e+06
   1.4485329e+06
   1.4490252e+06
   1.4497474e+06
   1.4503860e+06
   1.4522210e+06
   1.4530868e+06
   1.4539166e+06
   1.4548211e+06
   1.4555052e+06
   1.4559930e+06
   1.4568240e+06
   1.4574630e+06
   1.4581706e+06
   1.4587298e+06
   1.4592283e+06
   1.4597847e+06
   1.4601793e+06
   1.4608737e+06
   1.4616609e+06
   1.4620165e+06
   1.4625982e+06
   1.4629873e+06
   1.4634275e+06
   1.4644644e+06
   1.4650025e+06
   1.4656991e+06
   1.4678014e+06
   1.4685180e+06
   1.4699079e+06
   1.4707044e+06
   1.4712198e+06
   1.4716769e+06
   1.4734842e+06
   1.4754276e+06
   1.5006913e+06
   1.5019100e+06
   1.5025205e+06
   1.5044363e+06
   1.5047402e+06
   1.5074353e+06
   1.5077802e+06
   1.5083254e+06
   1.5092708e+06
   1.5097258e+06
   1.5102197e+06
   1.5107937e+06
   1.5112163e+06
   1.5118979e+06
   1.5147475e+06
   1.5152101e+06
   1.5156988e+06
   1.5162828e+06
   1.5186108e+06
   1.5205040e+06
   1.5208316e+06
   1.5215919e+06
   1.5221295e+06
   1.5226959e+06
   1.5233363e+06
   1.5239983e+06
   1.5244459e+06
   1.5250867e+06
   1.5255781e+06
   1.5261011e+06
   1.5269321e+06
   1.5275171e+06
   1.5279807e+06
   1.5285956e+06
   1.5291878e+06
   1.5298922e+06
   1.5302696e+06
   1.5311219e+06
   1.5325950e+06
   1.5330419e+06
   1.5335514e+06
   1.5342890e+06
   1.5351860e+06
   1.5356685e+06
   1.5362528e+06
   1.5366804e+06
   1.5373826e+06
   1.5378241e+06
   1.5383504e+06
   1.5390572e+06
   1.5395507e+06
   1.5399993e+06
   1.5608017e+06
   1.5612235e+06
   1.5621281e+06
   1.5626047e+06
   1.5631643e+06
   1.5636152e+06
   1.5643096e+06
   1.5650221e+06
   1.5653608e+06
   1.5657627e+06
   1.5662404e+06
   1.5667654e+06
   1.5674294e+06
   1.5678418e+06
   1.5685691e+06
   1.5695164e+06
   1.5699683e+06
   1.5710686e+06
   1.5716808e+06
   1.5722230e+06
   1.5728259e+06
   1.5733625e+06
   1.5739332e+06
   1.5743234e+06
   1.5750914e+06
   1.5754605e+06
   1.5761940e+06
   1.5769271e+06
   1.5774304e+06
   1.5784319e+06
   1.5815297e+06
   1.5850097e+06
   1.5855558e+06
   1.5861492e+06
   1.5866126e+06
   1.5874986e+06
   1.5878915e+06
   1.5883406e+06
   1.5888238e+06
   1.5895464e+06
   1.5901203e+06
   1.5907862e+06
   1.5912020e+06
   1.5918717e+06
   1.5929133e+06
   1.5932987e+06
   1.5939483e+06
   1.5944846e+06
   1.5955143e+06
   1.5959536e+06
   1.5967069e+06
   1.5970836e+06
   1.5978229e+06
   1.5983877e+06
   1.5989432e+06
   1.5995108e+06
   1.6215083e+06
   1.6219290e+06
   1.6223865e+06
   1.6230467e+06
   1.6234702e+06
   1.6245372e+06
   1.6250891e+06
   1.6256728e+06
   1.6262903e+06
   1.6280067e+06
   1.6294821e+06
   1.6304808e+06
   1.6313374e+06
   1.6317542e+06
   1.6325044e+06
   1.6328894e+06
   1.6334180e+06
   1.6342818e+06
   1.6348321e+06
   1.6356935e+06
   1.6360902e+06
   1.6364506e+06
   1.6371636e+06
   1.6377394e+06
   1.6382780e+06
   1.6389928e+06
   1.6399874e+06
   1.6406464e+06
   1.6413283e+06
   1.6422226e+06
   1.6427579e+06
   1.6434181e+06
   1.6440329e+06
   1.6446163e+06
   1.6450715e+06
   1.6454084e+06
   1.6461304e+06
   1.6465393e+06
   1.6470175e+06
   1.6476422e+06
   1.6480405e+06
   1.6485139e+06
   1.6489915e+06
   1.6497485e+06
   1.6505238e+06
   1.6510830e+06
   1.6515509e+06
   1.6521261e+06
   1.6524673e+06
   1.6529602e+06
   1.6535156e+06
   1.6541358e+06
   1.6545629e+06
   1.6552918e+06
   1.6557299e+06
   1.6561477e+06
   1.6565729e+06
   1.6571587e+06
   1.6582680e+06
   1.6586298e+06
   1.6591017e+06
   1.6809898e+06
   1.6817321e+06
   1.6827516e+06
   1.6836800e+06
   1.6858869e+06
   1.6862475e+06
   1.6866275e+06
   1.6872233e+06
   1.6877853e+06
   1.6882634e+06
   1.6890903e+06
   1.6897105e+06
   1.6903745e+06
   1.6908321e+06
   1.6912506e+06
   1.6920061e+06
   1.6939891e+06
   1.6944174e+06
   1.6953119e+06
   1.6963995e+06
   1.6972633e+06
   1.6985551e+06
   1.6992299e+06
   1.7010525e+06
   1.7014842e+06
   1.7024332e+06
   1.7030772e+06
   1.7038396e+06
   1.7048383e+06
   1.7054690e+06
   1.7060561e+06
   1.7064758e+06
   1.7071860e+06
   1.7078375e+06
   1.7085766e+06
   1.7091500e+06
   1.7097328e+06
   1.7104797e+06
   1.7111610e+06
   1.7117597e+06
   1.7122531e+06
   1.7126970e+06
   1.7141867e+06
   1.7152758e+06
   1.7159299e+06
   1.7163987e+06
   1.7170983e+06
   1.7176509e+06
   1.7183498e+06
   1.7187438e+06
   1.7192622e+06
   1.7198647e+06
   1.7408254e+06
   1.7413861e+06
   1.7419873e+06
   1.7425138e+06
   1.7429687e+06
   1.7434270e+06
   1.7440428e+06
   1.7445173e+06
   1.7450654e+06
   1.7458316e+06
   1.7464087e+06
   1.7468894e+06
   1.7473059e+06
   1.7484978e+06
   1.7491189e+06
   1.7496520e+06
   1.7503279e+06
   1.7513030e+06
   1.7521458e+06
   1.7525375e+06
   1.7529634e+06
   1.7536217e+06
   1.7541152e+06
   1.7545219e+06
   1.7550382e+06
   1.7556448e+06
   1.7562179e+06
   1.7566239e+06
   1.7573104e+06
   1.7585008e+06
   1.7591387e+06
   1.7596380e+06
   1.7600623e+06
   1.7604903e+06
   1.7612883e+06
   1.7619278e+06
   1.7622306e+06
   1.7627599e+06
   1.7637080e+06
   1.7655647e+06
   1.7663244e+06
   1.7667650e+06
   1.7675297e+06
   1.7681299e+06
   1.7686321e+06
   1.7694093e+06
   1.7697704e+06
   1.7706581e+06
   1.7710868e+06
   1.7718824e+06
   1.7724706e+06
   1.7732948e+06
   1.7738079e+06
   1.7743552e+06
   1.7753018e+06
   1.7771488e+06
   1.7779003e+06
   1.7787100e+06
   1.7792874e+06
   1.8004450e+06
   1.8033555e+06
   1.8037610e+06
   1.8042219e+06
   1.8046350e+06
   1.8050926e+06
   1.8055453e+06
   1.8060055e+06
   1.8067622e+06
   1.8072283e+06
   1.8078800e+06
   1.8085271e+06
   1.8092142e+06
   1.8097409e+06
   1.8101958e+06
   1.8107874e+06
   1.8131743e+06
   1.8135339e+06
   1.8142682e+06
   1.8147800e+06
   1.8151972e+06
   1.8156892e+06
   1.8175116e+06
   1.8181102e+06
   1.8187335e+06
   1.8191427e+06
   1.8196430e+06
   1.8200097e+06
   1.8212195e+06
   1.8222860e+06
   1.8232850e+06
   1.8243198e+06
   1.8247556e+06
   1.8255998e+06
   1.8268109e+06
   1.8271273e+06
   1.8275745e+06
   1.8281472e+06
   1.8290781e+06
   1.8317098e+06
   1.8325919e+06
   1.8329823e+06
   1.8339796e+06
   1.8367934e+06
   1.8373082e+06
   1.8381661e+06
   1.8385121e+06
   1.8390373e+06
   1.8395360e+06
   1.8615787e+06
   1.8619730e+06
   1.8625459e+06
   1.8629272e+06
   1.8633553e+06
   1.8638770e+06
   1.8645044e+06
   1.8649454e+06
   1.8660477e+06
   1.8673440e+06
   1.8679017e+06
   1.8684679e+06
   1.8690981e+06
   1.8695905e+06
   1.8701072e+06
   1.8707079e+06
   1.8715644e+06
   1.8728695e+06
   1.8733458e+06
   1.8737760e+06
   1.8742221e+06
   1.8748313e+06
   1.8753343e+06
   1.8761477e+06
   1.8849747e+06
   1.8852971e+06
   1.8858151e+06
   1.8863911e+06
   1.8870602e+06
   1.8875896e+06
   1.8887701e+06
   1.8895856e+06
   1.8900813e+06
   1.8908470e+06
   1.8915330e+06
   1.8950578e+06
   1.8956515e+06
   1.8963039e+06
   1.8969087e+06
   1.8979590e+06
   1.8986136e+06
   1.8990618e+06
   1.8999085e+06
   1.8766407e+06
   1.8782884e+06
   1.8786914e+06
   1.8791030e+06
   1.8798531e+06
   1.8803013e+06
   1.8809263e+06
   1.8817332e+06
   1.8825407e+06
   1.8830434e+06
   1.8836038e+06
   1.8842176e+06
   1.8847895e+06
   1.8851651e+06
   1.8856325e+06
   1.8861649e+06
   1.8879838e+06
   1.8886939e+06
   1.8895709e+06
   1.8901366e+06
   1.8907193e+06
   1.8913713e+06
   1.8925358e+06
   1.8929295e+06
   1.8933550e+06
   1.8941007e+06
   1.8949676e+06
   1.8955801e+06
   1.8964951e+06
   1.8971269e+06
   1.8977853e+06
   1.8985355e+06
   1.8991428e+06
   1.8999029e+06
