   7.1260114e+02
   1.1488926e+03
   1.4990328e+03
   2.2398491e+03
   2.6582380e+03
   3.2946738e+03
   3.6884173e+03
   4.0250828e+03
   4.6635804e+03
   5.0114208e+03
   5.5089141e+03
   6.2110708e+03
   6.6120266e+03
   7.0941993e+03
   7.4360511e+03
   7.8813525e+03
   8.3586598e+03
   8.7106809e+03
   9.4001609e+03
   9.7728088e+03
   1.0322634e+04
   1.0819509e+04
   1.1152275e+04
   1.1534235e+04
   1.1924354e+04
   1.2528699e+04
   1.2938694e+04
   1.3280782e+04
   1.3634872e+04
   1.4059335e+04
   1.4388212e+04
   1.4981387e+04
   1.5407554e+04
   1.5743301e+04
   1.6172961e+04
   1.6474588e+04
   1.6884956e+04
   1.7219176e+04
   1.7598081e+04
   1.8292801e+04
   1.8734710e+04
   1.9280891e+04
   1.9722168e+04
   2.0079831e+04
   2.0489363e+04
   2.0872395e+04
   2.1226038e+04
   2.1760601e+04
   2.2067837e+04
   2.2774193e+04
   2.3405834e+04
   2.3897929e+04
   2.4365373e+04
   2.4758577e+04
   2.5380269e+04
   2.5840392e+04
   2.6230698e+04
   2.6800301e+04
   2.7254110e+04
   2.7619843e+04
   2.8048481e+04
   2.8484321e+04
   2.8963104e+04
   2.9533658e+04
   2.9861394e+04
   3.0397213e+04
   3.0726740e+04
   3.1302551e+04
   3.1884338e+04
   3.2267044e+04
   3.2626055e+04
   3.3197721e+04
   3.3887184e+04
   3.5167353e+04
   3.5595361e+04
   3.6059021e+04
   3.6483671e+04
   3.6887156e+04
   3.7444643e+04
   3.7921550e+04
   3.8449007e+04
   3.9005826e+04
   3.9406393e+04
   3.9778642e+04
   4.0132144e+04
   4.0369056e+04
   4.0775606e+04
   4.1761730e+04
   4.2146365e+04
   4.2623649e+04
   4.2991983e+04
   4.3449794e+04
   4.3898809e+04
   4.4266670e+04
   4.4618094e+04
   4.4973512e+04
   4.5366753e+04
   4.5971661e+04
   4.6523982e+04
   4.7375359e+04
   4.7887783e+04
   4.8213071e+04
   4.8572908e+04
   4.9045853e+04
   4.9540009e+04
   4.9864358e+04
   5.0408173e+04
   5.0884643e+04
   5.1210073e+04
   5.1747843e+04
   5.2273257e+04
   5.2908888e+04
   5.3222257e+04
   5.3677800e+04
   5.4185089e+04
   5.4615831e+04
   5.4974951e+04
   5.5512726e+04
   5.6405148e+04
   5.6739518e+04
   5.7091315e+04
   5.7482371e+04
   5.8234771e+04
   5.8758070e+04
   5.9133601e+04
   5.9464776e+04
   1.0031425e+05
   1.0089669e+05
   1.0210090e+05
   1.0249120e+05
   1.0301799e+05
   1.0364126e+05
   1.0417424e+05
   1.0476851e+05
   1.0507373e+05
   1.0565791e+05
   1.0597260e+05
   1.0628863e+05
   1.0679938e+05
   1.0735026e+05
   1.0773338e+05
   1.0808077e+05
   1.0868731e+05
   1.0943757e+05
   1.0994482e+05
   1.1047289e+05
   1.1105624e+05
   1.1158955e+05
   1.1203322e+05
   1.1246717e+05
   1.1296250e+05
   1.1363361e+05
   1.1433227e+05
   1.1469364e+05
   1.1501985e+05
   1.1550284e+05
   1.1588219e+05
   1.1620733e+05
   1.1675448e+05
   1.1716684e+05
   1.1748067e+05
   1.1795623e+05
   1.1828502e+05
   1.1863638e+05
   1.1924054e+05
   1.1961646e+05
   1.1991114e+05
   1.6016556e+05
   1.6073778e+05
   1.6128274e+05
   1.6172819e+05
   1.6231428e+05
   1.6268285e+05
   1.6318495e+05
   1.6353268e+05
   1.6406281e+05
   1.6449439e+05
   1.6504967e+05
   1.6548957e+05
   1.6591136e+05
   1.6629921e+05
   1.6694131e+05
   1.6718919e+05
   1.6751136e+05
   1.6790487e+05
   1.6822130e+05
   1.6869334e+05
   1.6912055e+05
   1.6961114e+05
   1.6992117e+05
   1.7032620e+05
   1.7070801e+05
   1.7115847e+05
   1.7154067e+05
   1.7343057e+05
   1.7378250e+05
   1.7426462e+05
   1.7458170e+05
   1.7530515e+05
   1.7561181e+05
   1.7602905e+05
   1.7640080e+05
   1.7667836e+05
   1.7715430e+05
   1.7755093e+05
   1.7791642e+05
   1.7841678e+05
   1.7908063e+05
   1.7938784e+05
   1.7982344e+05
   2.2025224e+05
   2.2074477e+05
   2.2108730e+05
   2.2161233e+05
   2.2206958e+05
   2.2281224e+05
   2.2316535e+05
   2.2400602e+05
   2.2430783e+05
   2.2474798e+05
   2.2529820e+05
   2.2609947e+05
   2.2670985e+05
   2.2715780e+05
   2.2750105e+05
   2.2777813e+05
   2.2809571e+05
   2.2843990e+05
   2.2873713e+05
   2.2912699e+05
   2.2948771e+05
   2.2987481e+05
   2.3040654e+05
   2.3073759e+05
   2.3103356e+05
   2.3140373e+05
   2.3180824e+05
   2.3210642e+05
   2.3268214e+05
   2.3313642e+05
   2.3381142e+05
   2.3416938e+05
   2.3471461e+05
   2.3511316e+05
   2.3582223e+05
   2.3621396e+05
   2.3648042e+05
   2.3685475e+05
   2.3724522e+05
   2.3761468e+05
   2.3802346e+05
   2.3846791e+05
   2.3890001e+05
   2.3933436e+05
   2.3978565e+05
   2.8015404e+05
   2.8055779e+05
   2.8114163e+05
   2.8154464e+05
   2.8211719e+05
   2.8250725e+05
   2.8312743e+05
   2.8348894e+05
   2.8396637e+05
   2.8430676e+05
   2.8478757e+05
   2.8506705e+05
   2.8536073e+05
   2.8568172e+05
   2.8618854e+05
   2.8665225e+05
   2.8709866e+05
   2.8756410e+05
   2.8803556e+05
   2.8832458e+05
   2.8877039e+05
   2.8913782e+05
   2.8947060e+05
   2.9002945e+05
   2.9039869e+05
   2.9078213e+05
   2.9112619e+05
   2.9181401e+05
   2.9212869e+05
   2.9255114e+05
   2.9321821e+05
   2.9362602e+05
   2.9422084e+05
   2.9538998e+05
   2.9575394e+05
   2.9645073e+05
   2.9678193e+05
   2.9704777e+05
   2.9734285e+05
   2.9771416e+05
   2.9805586e+05
   2.9849978e+05
   2.9894620e+05
   2.9929534e+05
   2.9976802e+05
   3.4012013e+05
   3.4047217e+05
   3.4086280e+05
   3.4120857e+05
   3.4149737e+05
   3.4203101e+05
   3.4242221e+05
   3.4292426e+05
   3.4338011e+05
   3.4371983e+05
   3.4402999e+05
   3.4434170e+05
   3.4464894e+05
   3.4514580e+05
   3.4545122e+05
   3.4635855e+05
   3.4664000e+05
   3.4726928e+05
   3.4776220e+05
   3.4836121e+05
   3.4883687e+05
   3.4925797e+05
   3.4974476e+05
   3.5016687e+05
   3.5058594e+05
   3.5116872e+05
   3.5160760e+05
   3.5202013e+05
   3.5252444e+05
   3.5296215e+05
   3.5337067e+05
   3.5370778e+05
   3.5423190e+05
   3.5462345e+05
   3.5501836e+05
   3.5540148e+05
   3.5570722e+05
   3.5612270e+05
   3.5647744e+05
   3.5683650e+05
   3.5714822e+05
   3.5746139e+05
   3.5802230e+05
   3.5826462e+05
   3.5861076e+05
   3.5896775e+05
   3.5951772e+05
   3.5988675e+05
   4.0026298e+05
   4.0073484e+05
   4.0103307e+05
   4.0147057e+05
   4.0177350e+05
   4.0206684e+05
   4.0239999e+05
   4.0270364e+05
   4.0317720e+05
   4.0377176e+05
   4.0410318e+05
   4.0456616e+05
   4.0493181e+05
   4.0523128e+05
   4.0553875e+05
   4.0605863e+05
   4.0647827e+05
   4.0678669e+05
   4.0714508e+05
   4.0748910e+05
   4.0776925e+05
   4.0816762e+05
   4.0850457e+05
   4.0891388e+05
   4.0921023e+05
   4.0958261e+05
   4.0997198e+05
   4.1030782e+05
   4.1070530e+05
   4.1109056e+05
   4.1142859e+05
   4.1184605e+05
   4.1216445e+05
   4.1266545e+05
   4.1303348e+05
   4.1344921e+05
   4.1377505e+05
   4.1431891e+05
   4.1483265e+05
   4.1511051e+05
   4.1541394e+05
   4.1574934e+05
   4.1609033e+05
   4.1649836e+05
   4.1683761e+05
   4.1726319e+05
   4.1766084e+05
   4.1814854e+05
   4.1853857e+05
   4.1892245e+05
   4.1933028e+05
   4.1974680e+05
   4.6020536e+05
   4.6050207e+05
   4.6078662e+05
   4.6105646e+05
   4.6146474e+05
   4.6175818e+05
   4.6203867e+05
   4.6240225e+05
   4.6270618e+05
   4.6298236e+05
   4.6333949e+05
   4.6372950e+05
   4.6400828e+05
   4.6433190e+05
   4.6470506e+05
   4.6495703e+05
   4.6525793e+05
   4.6553630e+05
   4.6596099e+05
   4.6626534e+05
   4.6659380e+05
   4.6682527e+05
   4.6708284e+05
   4.6741143e+05
   4.6783364e+05
   4.6832311e+05
   4.6861673e+05
   4.6888755e+05
   4.6927252e+05
   4.6976744e+05
   4.7020007e+05
   4.7058689e+05
   4.7096960e+05
   4.7158510e+05
   4.7195780e+05
   4.7246629e+05
   4.7277799e+05
   4.7325090e+05
   4.7384778e+05
   4.7410868e+05
   4.7447032e+05
   4.7482860e+05
   4.7547340e+05
   4.7600766e+05
   4.7668661e+05
   4.7703784e+05
   4.7748652e+05
   4.7783578e+05
   4.7840159e+05
   4.7877201e+05
   4.7915946e+05
   4.7945667e+05
   4.7987535e+05
   5.2015027e+05
   5.2044632e+05
   5.2085650e+05
   5.2115453e+05
   5.2143553e+05
   5.2192570e+05
   5.2223877e+05
   5.2246724e+05
   5.2274158e+05
   5.2307293e+05
   5.2332343e+05
   5.2364598e+05
   5.2407922e+05
   5.2442887e+05
   5.2482304e+05
   5.2511541e+05
   5.2537455e+05
   5.2576114e+05
   5.2605595e+05
   5.2651739e+05
   5.2692199e+05
   5.2715268e+05
   5.2749694e+05
   5.2784279e+05
   5.2816122e+05
   5.2860541e+05
   5.2903566e+05
   5.2935145e+05
   5.2990247e+05
   5.3032869e+05
   5.3069255e+05
   5.3105504e+05
   5.3154408e+05
   5.3214646e+05
   5.3259135e+05
   5.3296606e+05
   5.3345410e+05
   5.3388773e+05
   5.3422012e+05
   5.3452172e+05
   5.3489774e+05
   5.3519010e+05
   5.3591492e+05
   5.3642347e+05
   5.3675491e+05
   5.3726165e+05
   5.3776539e+05
   5.3823703e+05
   5.3855223e+05
   5.3887717e+05
   5.3924271e+05
   5.3959089e+05
   5.3987049e+05
   5.8016320e+05
   5.8049179e+05
   5.8077309e+05
   5.8099395e+05
   5.8132000e+05
   5.8158143e+05
   5.8189516e+05
   5.8212422e+05
   5.8232489e+05
   5.8267497e+05
   5.8299893e+05
   5.8336655e+05
   5.8371895e+05
   5.8409784e+05
   5.8440331e+05
   5.8468260e+05
   5.8501992e+05
   5.8537734e+05
   5.8580197e+05
   5.8603049e+05
   5.8641428e+05
   5.8668480e+05
   5.8693445e+05
   5.8707704e+05
   5.8744109e+05
   5.8777668e+05
   5.8832701e+05
   5.8871095e+05
   5.8906862e+05
   5.8962419e+05
   5.9004671e+05
   5.9053903e+05
   5.9086073e+05
   5.9125219e+05
   5.9163354e+05
   5.9204979e+05
   5.9249445e+05
   5.9314291e+05
   5.9351112e+05
   5.9394309e+05
   5.9440670e+05
   5.9468172e+05
   5.9507300e+05
   5.9578274e+05
   5.9626627e+05
   5.9672743e+05
   5.9698765e+05
   5.9744178e+05
   5.9791176e+05
   5.9833080e+05
   5.9885187e+05
   5.9953602e+05
   5.9990053e+05
   6.0037634e+05
   6.0112615e+05
   6.0146351e+05
   6.0191086e+05
   6.0237736e+05
   6.0276013e+05
   6.0335603e+05
   6.0382420e+05
   6.0453526e+05
   6.0489754e+05
   6.0533313e+05
   6.0563986e+05
   6.0625568e+05
   6.0665073e+05
   6.0715427e+05
   6.0758509e+05
   6.0815810e+05
   6.0847470e+05
   6.0896158e+05
   6.0957059e+05
   6.0997955e+05
   6.1047405e+05
   6.1091008e+05
   6.1120341e+05
   6.1156328e+05
   6.1203552e+05
   6.1315763e+05
   6.1380285e+05
   6.1440424e+05
   6.1506656e+05
   6.1564024e+05
   6.1602513e+05
   6.1644718e+05
   6.1682933e+05
   6.1727945e+05
   6.1773459e+05
   6.1806655e+05
   6.1854603e+05
   6.1988394e+05
   6.2043666e+05
   6.2083503e+05
   6.2150074e+05
   6.2193908e+05
   6.2235273e+05
   6.2283847e+05
   6.2329454e+05
   6.2378222e+05
   6.2427431e+05
   6.2467366e+05
   6.2533997e+05
   6.2576015e+05
   6.2628182e+05
   6.2691575e+05
   6.2736612e+05
   6.2797832e+05
   6.2853233e+05
   6.2891817e+05
   6.2929221e+05
   6.2969366e+05
   6.3055409e+05
   6.3113896e+05
   6.3149970e+05
   6.3190335e+05
   6.3225291e+05
   6.3258170e+05
   6.3288981e+05
   6.3342795e+05
   6.3397262e+05
   6.3444262e+05
   6.3482085e+05
   6.3531281e+05
   6.3564938e+05
   6.3594895e+05
   6.3629294e+05
   6.3681172e+05
   6.3741963e+05
   6.3804466e+05
   6.3847874e+05
   6.3914785e+05
   6.3964815e+05
   6.3993499e+05
   6.4061537e+05
   6.4108198e+05
   6.4151013e+05
   6.4206300e+05
   6.4257369e+05
   6.4291147e+05
   6.4335339e+05
   6.4377448e+05
   6.4430448e+05
   6.4484926e+05
   6.4518960e+05
   6.4556215e+05
   6.4593963e+05
   6.4633570e+05
   6.4691803e+05
   6.4729051e+05
   6.4791820e+05
   6.4828371e+05
   6.4876775e+05
   6.4906327e+05
   6.4966109e+05
   6.5001630e+05
   6.5026450e+05
   6.5059229e+05
   6.5109617e+05
   6.5176313e+05
   6.5206280e+05
   6.5239106e+05
   6.5294334e+05
   6.5361095e+05
   6.5396514e+05
   6.5451645e+05
   6.5485995e+05
   6.5522054e+05
   6.5568682e+05
   6.5607876e+05
   6.5646942e+05
   6.5688697e+05
   6.5732486e+05
   6.5768091e+05
   6.5799357e+05
   6.5842425e+05
   6.5897509e+05
   6.5945826e+05
   6.6035728e+05
   6.6114687e+05
   6.6202566e+05
   6.6255296e+05
   6.6326966e+05
   6.6370579e+05
   6.6405986e+05
   6.6437982e+05
   6.6479484e+05
   6.6515603e+05
   6.6551075e+05
   6.6609847e+05
   6.6644174e+05
   6.6689385e+05
   6.6725013e+05
   6.6810608e+05
   6.6849571e+05
   6.6890044e+05
   6.6933879e+05
   6.7018181e+05
   6.7055011e+05
   6.7093708e+05
   6.7150681e+05
   6.7193397e+05
   6.7278065e+05
   6.7309379e+05
   6.7348325e+05
   6.7382053e+05
   6.7405916e+05
   6.7450027e+05
   6.7474936e+05
   6.7504191e+05
   6.7537907e+05
   6.7583951e+05
   6.7628433e+05
   6.7670684e+05
   6.7717176e+05
   6.7752516e+05
   6.7809087e+05
   6.7861856e+05
   6.7919935e+05
   6.7952676e+05
   6.8014700e+05
   6.8055384e+05
   6.8090138e+05
   6.8120087e+05
   6.8169877e+05
   6.8222112e+05
   6.8278367e+05
   6.8317386e+05
   6.8358161e+05
   6.8398362e+05
   6.8428844e+05
   6.8497261e+05
   6.8530963e+05
   6.8572184e+05
   6.8613233e+05
   6.8672238e+05
   6.8739614e+05
   6.8779014e+05
   6.8832313e+05
   6.8878677e+05
   6.8929484e+05
   6.8987132e+05
   6.9034881e+05
   6.9097331e+05
   6.9170011e+05
   6.9221849e+05
   6.9256194e+05
   6.9317906e+05
   6.9358635e+05
   6.9403603e+05
   6.9480879e+05
   6.9526142e+05
   6.9570349e+05
   6.9595452e+05
   6.9674885e+05
   6.9712502e+05
   6.9779758e+05
   6.9808312e+05
   6.9863372e+05
   6.9902687e+05
   6.9953341e+05
   6.9995523e+05
   7.0084139e+05
   7.0123752e+05
   7.0173768e+05
   7.0213865e+05
   7.0260040e+05
   7.0297719e+05
   7.0334686e+05
   7.0394627e+05
   7.0423231e+05
   7.0459940e+05
   7.0519544e+05
   7.0566768e+05
   7.0677367e+05
   7.0716842e+05
   7.0776665e+05
   7.0831159e+05
   7.0871898e+05
   7.0920461e+05
   7.0951583e+05
   7.1012559e+05
   7.1087758e+05
   7.1118878e+05
   7.1151764e+05
   7.1210714e+05
   7.1245471e+05
   7.1282279e+05
   7.1316842e+05
   7.1398246e+05
   7.1433326e+05
   7.1466254e+05
   7.1514286e+05
   7.1555833e+05
   7.1655193e+05
   7.1699201e+05
   7.1749285e+05
   7.1835266e+05
   7.1914941e+05
   7.1969632e+05
   7.2053407e+05
   7.2102302e+05
   7.2210714e+05
   7.2393311e+05
   7.2445031e+05
   7.2529288e+05
   7.2576815e+05
   7.2611834e+05
   7.2664886e+05
   7.2716611e+05
   7.2777051e+05
   7.2849837e+05
   7.2890842e+05
   7.2931130e+05
   7.2970065e+05
   7.3017602e+05
   7.3061614e+05
   7.3107653e+05
   7.3163235e+05
   7.3211268e+05
   7.3278633e+05
   7.3373907e+05
   7.3430048e+05
   7.3613395e+05
   7.3736611e+05
   7.3780136e+05
   7.3817756e+05
   7.3880937e+05
   7.3930902e+05
   7.4010795e+05
   7.4065774e+05
   7.4121389e+05
   7.4186329e+05
   7.4278249e+05
   7.4404943e+05
   7.4446750e+05
   7.4524397e+05
   7.4620027e+05
   7.4687959e+05
   7.4773895e+05
   7.4839147e+05
   7.4926584e+05
   7.4993188e+05
   7.5048348e+05
   7.5087841e+05
   7.5132481e+05
   7.5236171e+05
   7.5283712e+05
   7.5327090e+05
   7.5577222e+05
   7.5619492e+05
   7.5731860e+05
   7.5781830e+05
   7.5845086e+05
   7.5904750e+05
   7.5970946e+05
   7.6033317e+05
   7.6088991e+05
   7.6122175e+05
   7.6148819e+05
   7.6193035e+05
   7.6235056e+05
   7.6262634e+05
   7.6304298e+05
   7.6338206e+05
   7.6388561e+05
   7.6422818e+05
   7.6461335e+05
   7.6507085e+05
   7.6539378e+05
   7.6571065e+05
   7.6605627e+05
   7.6631584e+05
   7.6663408e+05
   7.6692481e+05
   7.6742229e+05
   7.6784376e+05
   7.6825343e+05
   7.6936108e+05
   7.6989837e+05
   7.7052161e+05
   7.7121510e+05
   7.7175516e+05
   7.7222660e+05
   7.7264212e+05
   7.7303207e+05
   7.7348945e+05
   7.7378361e+05
   7.7443747e+05
   7.7507514e+05
   7.7607608e+05
   7.7658391e+05
   7.7727517e+05
   7.7777301e+05
   7.7809943e+05
   7.7849504e+05
   7.7899189e+05
   7.7942867e+05
   7.7992026e+05
   8.2034638e+05
   8.2078393e+05
   8.2111369e+05
   8.2154486e+05
   8.2192044e+05
   8.2257822e+05
   8.2293686e+05
   8.2332868e+05
   8.2361209e+05
   8.2401172e+05
   8.2426912e+05
   8.2454092e+05
   8.2489286e+05
   8.2528324e+05
   8.2558454e+05
   8.2591052e+05
   8.2626390e+05
   8.2674772e+05
   8.2770024e+05
   8.2811718e+05
   8.2857473e+05
   8.2901445e+05
   8.2949063e+05
   8.3001053e+05
   8.3071921e+05
   8.3106247e+05
   8.3157498e+05
   8.3189534e+05
   8.3237406e+05
   8.3287774e+05
   8.3341362e+05
   8.3379862e+05
   8.3468431e+05
   8.3564491e+05
   8.3671474e+05
   8.3731983e+05
   8.3777650e+05
   8.3851997e+05
   8.3904819e+05
   8.3949529e+05
   8.8033515e+05
   8.8082437e+05
   8.8114167e+05
   8.8142707e+05
   8.8180721e+05
   8.8211648e+05
   8.8261944e+05
   8.8298184e+05
   8.8336806e+05
   8.8368262e+05
   8.8402864e+05
   8.8431231e+05
   8.8468666e+05
   8.8500674e+05
   8.8535954e+05
   8.8569505e+05
   8.8602005e+05
   8.8642342e+05
   8.8678355e+05
   8.8733893e+05
   8.8771883e+05
   8.8823422e+05
   8.8898909e+05
   8.8953816e+05
   8.9006812e+05
   8.9043910e+05
   8.9111079e+05
   8.9171357e+05
   8.9236840e+05
   8.9288343e+05
   8.9320368e+05
   8.9362048e+05
   8.9495319e+05
   8.9534186e+05
   8.9620664e+05
   8.9763563e+05
   8.9799258e+05
   8.9859094e+05
   8.9939744e+05
   8.9975284e+05
   9.4077215e+05
   9.4127815e+05
   9.4159592e+05
   9.4203765e+05
   9.4230636e+05
   9.4269977e+05
   9.4305061e+05
   9.4340263e+05
   9.4417295e+05
   9.4463483e+05
   9.4500139e+05
   9.4540609e+05
   9.4606129e+05
   9.4638783e+05
   9.4671479e+05
   9.4740453e+05
   9.4861189e+05
   9.4896142e+05
   9.4944803e+05
   9.5004571e+05
   9.5039036e+05
   9.5075421e+05
   9.5146807e+05
   9.5180393e+05
   9.5231484e+05
   9.5333464e+05
   9.5375723e+05
   9.5442825e+05
   9.5493361e+05
   9.5537685e+05
   9.5593292e+05
   9.5690207e+05
   9.5737367e+05
   9.5805383e+05
   9.5878059e+05
   1.0004026e+06
   1.0007847e+06
   1.0011133e+06
   1.0014425e+06
   1.0017277e+06
   1.0022931e+06
   1.0025948e+06
   1.0029091e+06
   1.0033906e+06
   1.0038971e+06
   1.0042050e+06
   1.0045918e+06
   1.0049195e+06
   1.0052796e+06
   1.0056121e+06
   1.0060544e+06
   1.0063919e+06
   1.0077986e+06
   1.0081821e+06
   1.0086827e+06
   1.0090683e+06
   1.0093787e+06
   1.0097980e+06
   1.0102525e+06
   1.0107771e+06
   1.0112759e+06
   1.0117943e+06
   1.0121656e+06
   1.0126692e+06
   1.0136610e+06
   1.0144508e+06
   1.0150367e+06
   1.0155032e+06
   1.0159116e+06
   1.0163586e+06
   1.0168262e+06
   1.0172611e+06
   1.0175568e+06
   1.0181317e+06
   1.0185788e+06
   1.0191678e+06
   1.0608529e+06
   1.0612105e+06
   1.0617431e+06
   1.0622540e+06
   1.0627452e+06
   1.0632630e+06
   1.0635886e+06
   1.0640709e+06
   1.0643882e+06
   1.0646834e+06
   1.0650788e+06
   1.0653453e+06
   1.0656745e+06
   1.0660542e+06
   1.0663666e+06
   1.0667400e+06
   1.0673974e+06
   1.0677720e+06
   1.0683607e+06
   1.0693294e+06
   1.0697539e+06
   1.0702845e+06
   1.0707404e+06
   1.0712859e+06
   1.0716654e+06
   1.0721093e+06
   1.0726461e+06
   1.0732405e+06
   1.0735521e+06
   1.0739735e+06
   1.0745405e+06
   1.0749687e+06
   1.0755097e+06
   1.0759468e+06
   1.0770728e+06
   1.0775045e+06
   1.0778338e+06
   1.0784539e+06
   1.0793189e+06
   1.1203447e+06
   1.1207309e+06
   1.1211921e+06
   1.1215147e+06
   1.1220252e+06
   1.1224800e+06
   1.1228851e+06
   1.1231652e+06
   1.1235171e+06
   1.1238395e+06
   1.1242678e+06
   1.1245707e+06
   1.1249667e+06
   1.1255187e+06
   1.1259352e+06
   1.1263078e+06
   1.1265975e+06
   1.1269130e+06
   1.1274547e+06
   1.1280300e+06
   1.1285321e+06
   1.1298002e+06
   1.1303240e+06
   1.1308186e+06
   1.1312979e+06
   1.1315948e+06
   1.1321840e+06
   1.1332974e+06
   1.1336864e+06
   1.1345006e+06
   1.1352124e+06
   1.1360189e+06
   1.1365248e+06
   1.1369027e+06
   1.1374489e+06
   1.1379147e+06
   1.1388730e+06
   1.1393385e+06
   1.1803580e+06
   1.1807909e+06
   1.1813458e+06
   1.1818593e+06
   1.1821691e+06
   1.1829287e+06
   1.1832909e+06
   1.1836730e+06
   1.1841062e+06
   1.1844329e+06
   1.1848138e+06
   1.1852007e+06
   1.1855642e+06
   1.1858493e+06
   1.1862579e+06
   1.1866587e+06
   1.1880496e+06
   1.1902221e+06
   1.1905286e+06
   1.1911182e+06
   1.1914840e+06
   1.1919583e+06
   1.1929921e+06
   1.1935570e+06
   1.1948039e+06
   1.1960324e+06
   1.1964755e+06
   1.1970465e+06
   1.1979781e+06
   1.1983584e+06
   1.1990851e+06
   1.1998687e+06
   1.2405337e+06
   1.2410881e+06
   1.2415113e+06
   1.2420418e+06
   1.2425476e+06
   1.2429008e+06
   1.2432765e+06
   1.2437018e+06
   1.2440542e+06
   1.2444328e+06
   1.2448106e+06
   1.2451902e+06
   1.2455496e+06
   1.2460770e+06
   1.2464456e+06
   1.2469283e+06
   1.2474774e+06
   1.2479610e+06
   1.2485798e+06
   1.2490430e+06
   1.2495200e+06
   1.2504538e+06
   1.2509972e+06
   1.2517744e+06
   1.2525108e+06
   1.2530852e+06
   1.2536012e+06
   1.2547378e+06
   1.2552937e+06
   1.2556567e+06
   1.2560760e+06
   1.2564776e+06
   1.2567887e+06
   1.2576007e+06
   1.2580647e+06
   1.2583868e+06
   1.2589686e+06
   1.2598110e+06
   1.3003833e+06
   1.3007154e+06
   1.3013304e+06
   1.3016508e+06
   1.3019591e+06
   1.3022676e+06
   1.3026338e+06
   1.3030547e+06
   1.3033974e+06
   1.3038603e+06
   1.3042928e+06
   1.3047099e+06
   1.3051642e+06
   1.3054620e+06
   1.3058576e+06
   1.3063419e+06
   1.3068374e+06
   1.3075206e+06
   1.3091305e+06
   1.3095056e+06
   1.3102666e+06
   1.3108507e+06
   1.3117484e+06
   1.3123680e+06
   1.3129003e+06
   1.3136844e+06
   1.3144110e+06
   1.3150550e+06
   1.3153967e+06
   1.3159168e+06
   1.3164027e+06
   1.3183631e+06
   1.3605291e+06
   1.3610013e+06
   1.3614162e+06
   1.3618676e+06
   1.3622633e+06
   1.3625573e+06
   1.3635436e+06
   1.3638225e+06
   1.3642297e+06
   1.3648749e+06
   1.3655063e+06
   1.3659919e+06
   1.3664342e+06
   1.3668672e+06
   1.3678826e+06
   1.3683092e+06
   1.3687743e+06
   1.3694321e+06
   1.3700103e+06
   1.3707903e+06
   1.3712928e+06
   1.3719728e+06
   1.3727528e+06
   1.3731140e+06
   1.3735894e+06
   1.3744721e+06
   1.3749787e+06
   1.3754476e+06
   1.3761150e+06
   1.3764256e+06
   1.3769194e+06
   1.3776050e+06
   1.3785230e+06
   1.3789668e+06
   1.4208299e+06
   1.4211574e+06
   1.4214861e+06
   1.4218980e+06
   1.4222982e+06
   1.4227007e+06
   1.4230916e+06
   1.4236632e+06
   1.4240610e+06
   1.4243355e+06
   1.4247038e+06
   1.4251821e+06
   1.4256149e+06
   1.4264230e+06
   1.4268381e+06
   1.4274980e+06
   1.4279850e+06
   1.4285658e+06
   1.4290450e+06
   1.4297865e+06
   1.4304863e+06
   1.4308887e+06
   1.4312457e+06
   1.4316313e+06
   1.4319724e+06
   1.4324800e+06
   1.4330899e+06
   1.4335114e+06
   1.4338731e+06
   1.4344298e+06
   1.4356381e+06
   1.4366467e+06
   1.4370861e+06
   1.4376595e+06
   1.4382436e+06
   1.4389936e+06
   1.4395429e+06
   1.4804494e+06
   1.4808240e+06
   1.4815023e+06
   1.4820301e+06
   1.4824102e+06
   1.4828643e+06
   1.4831061e+06
   1.4835213e+06
   1.4841454e+06
   1.4846278e+06
   1.4850311e+06
   1.4855361e+06
   1.4860330e+06
   1.4867218e+06
   1.4876878e+06
   1.4881205e+06
   1.4885565e+06
   1.4889944e+06
   1.4893570e+06
   1.4902083e+06
   1.4906088e+06
   1.4910268e+06
   1.4915385e+06
   1.4920805e+06
   1.4926359e+06
   1.4929699e+06
   1.4933726e+06
   1.4938528e+06
   1.4949081e+06
   1.4971859e+06
   1.4976189e+06
   1.4981088e+06
   1.4986110e+06
   1.4995834e+06
   1.5404571e+06
   1.5407675e+06
   1.5411146e+06
   1.5417774e+06
   1.5421244e+06
   1.5441840e+06
   1.5449005e+06
   1.5454646e+06
   1.5457766e+06
   1.5462202e+06
   1.5478109e+06
   1.5484279e+06
   1.5487546e+06
   1.5495689e+06
   1.5502987e+06
   1.5509119e+06
   1.5513057e+06
   1.5516180e+06
   1.5525008e+06
   1.5529400e+06
   1.5535165e+06
   1.5538709e+06
   1.5546379e+06
   1.5553795e+06
   1.5563644e+06
   1.5569095e+06
   1.5575982e+06
   1.5580289e+06
   1.5587547e+06
   1.5591928e+06
   1.5595748e+06
   1.6005421e+06
   1.6014564e+06
   1.6020553e+06
   1.6024193e+06
   1.6029161e+06
   1.6032566e+06
   1.6035860e+06
   1.6046811e+06
   1.6052173e+06
   1.6057111e+06
   1.6063915e+06
   1.6069080e+06
   1.6075074e+06
   1.6078847e+06
   1.6082999e+06
   1.6086932e+06
   1.6090753e+06
   1.6095327e+06
   1.6104141e+06
   1.6108090e+06
   1.6111353e+06
   1.6117096e+06
   1.6122372e+06
   1.6127904e+06
   1.6135397e+06
   1.6146214e+06
   1.6149906e+06
   1.6153435e+06
   1.6158692e+06
   1.6164920e+06
   1.6171195e+06
   1.6176124e+06
   1.6180416e+06
   1.6190744e+06
   1.6198833e+06
   1.6606216e+06
   1.6610474e+06
   1.6615675e+06
   1.6620113e+06
   1.6624278e+06
   1.6628474e+06
   1.6641014e+06
   1.6645606e+06
   1.6652589e+06
   1.6662378e+06
   1.6669756e+06
   1.6673297e+06
   1.6679587e+06
   1.6685188e+06
   1.6689017e+06
   1.6694333e+06
   1.6699038e+06
   1.6703733e+06
   1.6708502e+06
   1.6731454e+06
   1.6735644e+06
   1.6744772e+06
   1.6752128e+06
   1.6756578e+06
   1.6763386e+06
   1.6771529e+06
   1.6780043e+06
   1.6789402e+06
   1.6795075e+06
   1.6798525e+06
   1.7205166e+06
   1.7210986e+06
   1.7219301e+06
   1.7224589e+06
   1.7232639e+06
   1.7240603e+06
   1.7247657e+06
   1.7255689e+06
   1.7265491e+06
   1.7275309e+06
   1.7285654e+06
   1.7297041e+06
   1.7301269e+06
   1.7306363e+06
   1.7312400e+06
   1.7317609e+06
   1.7322475e+06
   1.7327574e+06
   1.7332895e+06
   1.7339721e+06
   1.7343114e+06
   1.7351343e+06
   1.7360633e+06
   1.7363501e+06
   1.7367402e+06
   1.7372220e+06
   1.7377301e+06
   1.7381605e+06
   1.7388055e+06
   1.7392784e+06
   1.7396317e+06
   1.7803335e+06
   1.7807515e+06
   1.7814039e+06
   1.7818770e+06
   1.7822698e+06
   1.7827823e+06
   1.7833717e+06
   1.7838900e+06
   1.7844886e+06
   1.7848798e+06
   1.7857761e+06
   1.7864675e+06
   1.7868274e+06
   1.7874625e+06
   1.7886016e+06
   1.7890898e+06
   1.7896888e+06
   1.7901271e+06
   1.7907443e+06
   1.7912133e+06
   1.7935059e+06
   1.7960027e+06
   1.7967890e+06
   1.7983864e+06
   1.7987816e+06
   1.7993453e+06
   1.7998348e+06
   1.8405194e+06
   1.8411131e+06
   1.8417492e+06
   1.8422958e+06
   1.8426736e+06
   1.8431370e+06
   1.8436588e+06
   1.8439822e+06
   1.8445949e+06
   1.8452394e+06
   1.8457364e+06
   1.8463321e+06
   1.8475617e+06
   1.8480687e+06
   1.8486618e+06
   1.8491714e+06
   1.8495561e+06
   1.8500999e+06
   1.8507412e+06
   1.8513853e+06
   1.8522820e+06
   1.8526436e+06
   1.8531275e+06
   1.8538290e+06
   1.8546072e+06
   1.8555132e+06
   1.8559573e+06
   1.8564001e+06
   1.8569514e+06
   1.8573410e+06
   1.8581496e+06
   1.8586899e+06
   1.8594621e+06
   1.9007437e+06
   1.9012654e+06
   1.9031196e+06
   1.9035668e+06
   1.9040459e+06
   1.9047632e+06
   1.9053039e+06
   1.9056492e+06
   1.9062787e+06
   1.9066697e+06
   1.9076195e+06
   1.9080182e+06
   1.9091139e+06
   1.9102476e+06
   1.9109223e+06
   1.9113679e+06
   1.9117974e+06
   1.9123301e+06
   1.9130512e+06
   1.9135090e+06
   1.9144544e+06
   1.9151642e+06
   1.9158436e+06
   1.9162764e+06
   1.9167282e+06
   1.9171664e+06
   1.9176113e+06
   1.9181074e+06
   1.9185799e+06
   1.9191892e+06
   1.9195229e+06
   1.9198430e+06
   6.0347773e+04
   6.0761844e+04
   6.1268332e+04
   6.1772059e+04
   6.2551817e+04
   6.3016014e+04
   6.3399388e+04
   6.3882374e+04
   6.4302349e+04
   6.5094593e+04
   6.5514360e+04
   6.6442728e+04
   6.6877246e+04
   6.7310120e+04
   6.7707597e+04
   6.8187385e+04
   6.8542299e+04
   6.8830034e+04
   6.9129262e+04
   6.9717238e+04
   7.0126621e+04
   7.0693947e+04
   7.1144032e+04
   7.1446039e+04
   7.1874670e+04
   7.2296124e+04
   7.2823189e+04
   7.3297334e+04
   7.3640786e+04
   7.4228450e+04
   7.4810926e+04
   7.5423947e+04
   7.5822618e+04
   7.6188328e+04
   7.6550551e+04
   7.6993579e+04
   7.7405786e+04
   7.7868690e+04
   7.8307792e+04
   7.9066364e+04
   7.9578930e+04
   8.0164775e+04
   8.0670590e+04
   8.1091937e+04
   8.1682340e+04
   8.2038052e+04
   8.2534713e+04
   8.2859519e+04
   8.3276247e+04
   8.4894966e+04
   8.5389518e+04
   8.5812778e+04
   8.6164520e+04
   8.6595191e+04
   8.6953820e+04
   8.7380581e+04
   8.7854441e+04
   8.8423234e+04
   8.8925194e+04
   8.9586940e+04
   9.0045967e+04
   9.0600037e+04
   9.1051220e+04
   9.1577156e+04
   9.1921196e+04
   9.2515761e+04
   9.3233715e+04
   9.4172518e+04
   9.4748722e+04
   9.5278529e+04
   9.5637301e+04
   9.6014959e+04
   9.6415032e+04
   9.6751643e+04
   9.7340018e+04
   9.7787694e+04
   9.8367646e+04
   9.8943535e+04
   9.9304560e+04
   9.9869994e+04
   1.2074396e+05
   1.2112574e+05
   1.2160307e+05
   1.2194269e+05
   1.2230051e+05
   1.2278374e+05
   1.2753951e+05
   1.2793246e+05
   1.2829179e+05
   1.2906144e+05
   1.2940651e+05
   1.3045156e+05
   1.3102531e+05
   1.3148711e+05
   1.3237142e+05
   1.3299031e+05
   1.3340063e+05
   1.3390345e+05
   1.3456004e+05
   1.3486910e+05
   1.3520666e+05
   1.3566235e+05
   1.3609725e+05
   1.3664469e+05
   1.3702117e+05
   1.3757601e+05
   1.3794806e+05
   1.3834153e+05
   1.3869926e+05
   1.3914177e+05
   1.3941068e+05
   1.3987003e+05
   1.4043930e+05
   1.4101855e+05
   1.4149494e+05
   1.4193615e+05
   1.4248555e+05
   1.4293716e+05
   1.4354566e+05
   1.4402766e+05
   1.4445770e+05
   1.4494329e+05
   1.4537546e+05
   1.4567111e+05
   1.4615174e+05
   1.4652684e+05
   1.4686920e+05
   1.4751300e+05
   1.4799071e+05
   1.4853673e+05
   1.4986513e+05
   1.5021141e+05
   1.5055717e+05
   1.5088230e+05
   1.5122295e+05
   1.5208456e+05
   1.5289638e+05
   1.5340072e+05
   1.5397168e+05
   1.5435502e+05
   1.5482134e+05
   1.5520199e+05
   1.5570768e+05
   1.5662791e+05
   1.5693648e+05
   1.5727719e+05
   1.5763622e+05
   1.5808108e+05
   1.5860202e+05
   1.5899637e+05
   1.5937728e+05
   1.5976225e+05
   1.8034916e+05
   1.8078475e+05
   1.8168184e+05
   1.8201965e+05
   1.8252101e+05
   1.8287826e+05
   1.8334812e+05
   1.8370272e+05
   1.8417699e+05
   1.8480388e+05
   1.8554403e+05
   1.8596298e+05
   1.8682342e+05
   1.8735885e+05
   1.8775667e+05
   1.8807435e+05
   1.8841546e+05
   1.8878582e+05
   1.8917038e+05
   1.8951644e+05
   1.9011362e+05
   1.9071948e+05
   1.9105876e+05
   1.9143014e+05
   1.9191918e+05
   1.9237894e+05
   1.9273125e+05
   1.9317881e+05
   1.9355341e+05
   1.9389283e+05
   1.9443451e+05
   1.9484019e+05
   1.9518283e+05
   1.9568945e+05
   1.9639300e+05
   1.9694599e+05
   1.9770930e+05
   1.9804308e+05
   1.9844299e+05
   1.9883117e+05
   1.9929605e+05
   1.9980823e+05
   2.0024781e+05
   2.0068148e+05
   2.0122107e+05
   2.0171510e+05
   2.0215619e+05
   2.0252439e+05
   2.0286359e+05
   2.0323692e+05
   2.0364200e+05
   2.0397352e+05
   2.0450713e+05
   2.0494980e+05
   2.0547918e+05
   2.0602666e+05
   2.0651543e+05
   2.0682143e+05
   2.0721817e+05
   2.0763135e+05
   2.0804896e+05
   2.0842935e+05
   2.0893551e+05
   2.0946775e+05
   2.0992324e+05
   2.1033405e+05
   2.1076147e+05
   2.1121701e+05
   2.1173333e+05
   2.1220481e+05
   2.1275317e+05
   2.1324921e+05
   2.1375558e+05
   2.1413222e+05
   2.1441394e+05
   2.1479210e+05
   2.1530335e+05
   2.1575789e+05
   2.1619794e+05
   2.1656773e+05
   2.1693991e+05
   2.1731234e+05
   2.1764970e+05
   2.1830837e+05
   2.1870359e+05
   2.1909370e+05
   2.1955991e+05
   2.4034454e+05
   2.4082925e+05
   2.4119709e+05
   2.4181447e+05
   2.4224917e+05
   2.4281629e+05
   2.4323641e+05
   2.4354313e+05
   2.4398578e+05
   2.4433168e+05
   2.4481071e+05
   2.4537744e+05
   2.4586392e+05
   2.4616506e+05
   2.4673275e+05
   2.4712042e+05
   2.4765261e+05
   2.4826136e+05
   2.4882618e+05
   2.4933204e+05
   2.4980536e+05
   2.5028054e+05
   2.5059384e+05
   2.5106948e+05
   2.5140815e+05
   2.5200159e+05
   2.5226550e+05
   2.5260531e+05
   2.5304225e+05
   2.5355434e+05
   2.5393040e+05
   2.5420670e+05
   2.5485027e+05
   2.5524255e+05
   2.5567736e+05
   2.5609342e+05
   2.5640824e+05
   2.5688314e+05
   2.5731713e+05
   2.5781200e+05
   2.5833392e+05
   2.5868992e+05
   2.5938189e+05
   2.5992385e+05
   2.6023609e+05
   2.6069213e+05
   2.6100349e+05
   2.6138603e+05
   2.6174586e+05
   2.6221277e+05
   2.6284402e+05
   2.6340124e+05
   2.6373406e+05
   2.6427047e+05
   2.6477128e+05
   2.6509486e+05
   2.6571407e+05
   2.6656702e+05
   2.6707789e+05
   2.6766833e+05
   2.6825896e+05
   2.6870634e+05
   2.6966383e+05
   2.7009150e+05
   2.7048671e+05
   2.7091831e+05
   2.7183262e+05
   2.7215865e+05
   2.7257073e+05
   2.7297708e+05
   2.7361217e+05
   2.7405950e+05
   2.7443442e+05
   2.7475966e+05
   2.7526638e+05
   2.7566476e+05
   2.7614019e+05
   2.7673372e+05
   2.7716362e+05
   2.7777302e+05
   2.7812989e+05
   2.7867299e+05
   2.7923700e+05
   2.7984993e+05
   3.0058027e+05
   3.0099165e+05
   3.0147736e+05
   3.0204499e+05
   3.0238804e+05
   3.0274660e+05
   3.0332733e+05
   3.0374817e+05
   3.0418135e+05
   3.0466236e+05
   3.0533694e+05
   3.0571208e+05
   3.0632968e+05
   3.0713071e+05
   3.0786502e+05
   3.0865526e+05
   3.0916171e+05
   3.0951683e+05
   3.1015184e+05
   3.1046831e+05
   3.1102107e+05
   3.1191112e+05
   3.1231069e+05
   3.1280718e+05
   3.1324674e+05
   3.1360572e+05
   3.1399606e+05
   3.1470442e+05
   3.1551617e+05
   3.1599336e+05
   3.1669445e+05
   3.1735854e+05
   3.1790819e+05
   3.1829440e+05
   3.1867106e+05
   3.1942520e+05
   3.1998225e+05
   3.2045648e+05
   3.2085293e+05
   3.2129187e+05
   3.2162905e+05
   3.2192730e+05
   3.2265008e+05
   3.2306319e+05
   3.2361254e+05
   3.2393868e+05
   3.2440410e+05
   3.2479664e+05
   3.2511295e+05
   3.2552470e+05
   3.2605522e+05
   3.2636894e+05
   3.2680571e+05
   3.2720634e+05
   3.2787141e+05
   3.2819185e+05
   3.2862449e+05
   3.2943625e+05
   3.3058000e+05
   3.3139233e+05
   3.3186090e+05
   3.3248751e+05
   3.3312503e+05
   3.3344566e+05
   3.3396237e+05
   3.3430777e+05
   3.3459844e+05
   3.3518435e+05
   3.3574885e+05
   3.3619182e+05
   3.3654798e+05
   3.3707067e+05
   3.3740291e+05
   3.3799499e+05
   3.3835664e+05
   3.3869269e+05
   3.3909432e+05
   3.3959557e+05
   3.3998091e+05
   3.6045574e+05
   3.6082129e+05
   3.6128544e+05
   3.6173815e+05
   3.6228842e+05
   3.6269393e+05
   3.6307155e+05
   3.6416794e+05
   3.6473740e+05
   3.6524531e+05
   3.6596005e+05
   3.6653226e+05
   3.6686851e+05
   3.6757690e+05
   3.6789146e+05
   3.6835085e+05
   3.6875817e+05
   3.6917961e+05
   3.6951302e+05
   3.6987914e+05
   3.7050299e+05
   3.7088966e+05
   3.7147450e+05
   3.7189019e+05
   3.7217924e+05
   3.7250433e+05
   3.7300351e+05
   3.7354880e+05
   3.7381415e+05
   3.7430046e+05
   3.7485016e+05
   3.7537828e+05
   3.7586263e+05
   3.7837273e+05
   3.7894862e+05
   3.7975551e+05
   3.8024557e+05
   3.8176400e+05
   3.8227055e+05
   3.8272545e+05
   3.8306817e+05
   3.8355167e+05
   3.8413579e+05
   3.8450733e+05
   3.8479920e+05
   3.8530671e+05
   3.8578650e+05
   3.8619032e+05
   3.8669904e+05
   3.8712834e+05
   3.8765699e+05
   3.8807548e+05
   3.8872154e+05
   3.8941064e+05
   3.8989964e+05
   3.9082055e+05
   3.9125019e+05
   3.9159151e+05
   3.9205387e+05
   3.9258747e+05
   3.9333192e+05
   3.9362886e+05
   3.9425871e+05
   3.9481059e+05
   3.9527091e+05
   3.9568638e+05
   3.9607942e+05
   3.9721999e+05
   3.9799173e+05
   3.9833537e+05
   3.9862994e+05
   3.9900183e+05
   3.9945917e+05
   4.2050423e+05
   4.2092796e+05
   4.2135340e+05
   4.2189180e+05
   4.2238840e+05
   4.2292876e+05
   4.2334183e+05
   4.2370183e+05
   4.2414426e+05
   4.2454469e+05
   4.2490701e+05
   4.2522985e+05
   4.2629994e+05
   4.2724545e+05
   4.2767001e+05
   4.2802160e+05
   4.2852427e+05
   4.2927757e+05
   4.2966081e+05
   4.3027030e+05
   4.3073010e+05
   4.3097980e+05
   4.3138700e+05
   4.3169071e+05
   4.3227359e+05
   4.3275170e+05
   4.3300555e+05
   4.3332902e+05
   4.3434341e+05
   4.3477584e+05
   4.3525242e+05
   4.3563445e+05
   4.3600810e+05
   4.3640258e+05
   4.3670629e+05
   4.3718439e+05
   4.3762656e+05
   4.3805764e+05
   4.3908725e+05
   4.3982046e+05
   4.4019662e+05
   4.4054005e+05
   4.4515091e+05
   4.4661508e+05
   4.4705703e+05
   4.4765954e+05
   4.4814930e+05
   4.4848822e+05
   4.4903702e+05
   4.4965694e+05
   4.4994017e+05
   4.5028854e+05
   4.5086808e+05
   4.5134863e+05
   4.5168660e+05
   4.5221510e+05
   4.5287629e+05
   4.5328909e+05
   4.5378606e+05
   4.5432471e+05
   4.5536045e+05
   4.5583181e+05
   4.5641119e+05
   4.5698329e+05
   4.5743225e+05
   4.5778443e+05
   4.5823514e+05
   4.5862623e+05
   4.5904418e+05
   4.5934502e+05
   4.5985111e+05
   4.8051519e+05
   4.8093483e+05
   4.8132954e+05
   4.8167269e+05
   4.8220280e+05
   4.8267489e+05
   4.8309135e+05
   4.8351850e+05
   4.8401990e+05
   4.8462297e+05
   4.8502096e+05
   4.8543433e+05
   4.8591679e+05
   4.8677433e+05
   4.8728636e+05
   4.8762518e+05
   4.8802827e+05
   4.8832599e+05
   4.8863837e+05
   4.8916617e+05
   4.8950425e+05
   4.8988967e+05
   4.9038272e+05
   4.9074838e+05
   4.9143692e+05
   4.9195975e+05
   4.9238697e+05
   4.9311660e+05
   4.9350631e+05
   4.9401319e+05
   4.9456606e+05
   4.9499515e+05
   4.9535210e+05
   4.9589225e+05
   4.9636072e+05
   4.9675722e+05
   4.9719065e+05
   4.9762476e+05
   4.9799975e+05
   4.9833537e+05
   4.9879974e+05
   4.9924454e+05
   4.9958353e+05
   5.0003101e+05
   5.0063893e+05
   5.0117576e+05
   5.0184609e+05
   5.0235391e+05
   5.0278486e+05
   5.0355181e+05
   5.0398989e+05
   5.0451535e+05
   5.0521189e+05
   5.0558737e+05
   5.0609759e+05
   5.0671171e+05
   5.0718275e+05
   5.0749666e+05
   5.0783364e+05
   5.0833868e+05
   5.0933174e+05
   5.0971284e+05
   5.1005880e+05
   5.1066702e+05
   5.1134005e+05
   5.1171028e+05
   5.1220939e+05
   5.1269123e+05
   5.1316636e+05
   5.1355720e+05
   5.1401516e+05
   5.1448089e+05
   5.1493662e+05
   5.1535047e+05
   5.1588935e+05
   5.1624218e+05
   5.1664870e+05
   5.1715475e+05
   5.1747518e+05
   5.1783277e+05
   5.1818488e+05
   5.1872224e+05
   5.1908931e+05
   5.1997225e+05
   5.4043694e+05
   5.4090280e+05
   5.4125901e+05
   5.4168167e+05
   5.4212193e+05
   5.4273910e+05
   5.4323025e+05
   5.4357775e+05
   5.4464879e+05
   5.4522509e+05
   5.4582933e+05
   5.4624068e+05
   5.4678292e+05
   5.4714299e+05
   5.4758666e+05
   5.4798933e+05
   5.4838227e+05
   5.4896417e+05
   5.4948670e+05
   5.4985938e+05
   5.5029693e+05
   5.5070756e+05
   5.5108512e+05
   5.5141708e+05
   5.5176480e+05
   5.5214704e+05
   5.5288264e+05
   5.5337258e+05
   5.5371335e+05
   5.5403008e+05
   5.5434025e+05
   5.5486419e+05
   5.5541051e+05
   5.5576004e+05
   5.5628999e+05
   5.5665337e+05
   5.5716651e+05
   5.5757160e+05
   5.5805312e+05
   5.5876482e+05
   5.5948921e+05
   5.5999062e+05
   5.6030836e+05
   5.6088838e+05
   5.6144981e+05
   5.6239573e+05
   5.6301300e+05
   5.6349061e+05
   5.6381444e+05
   5.6444238e+05
   5.6483771e+05
   5.6532223e+05
   5.6560930e+05
   5.6615509e+05
   5.6656374e+05
   5.6721464e+05
   5.6790852e+05
   5.6826760e+05
   5.6860552e+05
   5.6893048e+05
   5.6937263e+05
   5.6975036e+05
   5.7022062e+05
   5.7057809e+05
   5.7100014e+05
   5.7132495e+05
   5.7164181e+05
   5.7206703e+05
   5.7255520e+05
   5.7299833e+05
   5.7346500e+05
   5.7427674e+05
   5.7492031e+05
   5.7542672e+05
   5.7577156e+05
   5.7618917e+05
   5.7668427e+05
   5.7718064e+05
   5.7785351e+05
   5.7835538e+05
   5.7911324e+05
   5.7963984e+05
   5.7993178e+05
   7.8158207e+05
   7.8222637e+05
   7.8269186e+05
   7.8325399e+05
   7.8453486e+05
   7.8508468e+05
   7.8603992e+05
   7.8659041e+05
   7.8732603e+05
   7.8791905e+05
   7.8863725e+05
   7.8926550e+05
   7.8966731e+05
   7.9019028e+05
   7.9087366e+05
   7.9134698e+05
   7.9223757e+05
   7.9258670e+05
   7.9319874e+05
   7.9384364e+05
   7.9454716e+05
   7.9502844e+05
   7.9571523e+05
   7.9613762e+05
   7.9958011e+05
   7.9992227e+05
   8.0037734e+05
   8.0080911e+05
   8.0134191e+05
   8.0223052e+05
   8.0279103e+05
   8.0387555e+05
   8.0491364e+05
   8.0607992e+05
   8.0684526e+05
   8.0742589e+05
   8.0795165e+05
   8.0841136e+05
   8.0921005e+05
   8.1054381e+05
   8.1139879e+05
   8.1207890e+05
   8.1275965e+05
   8.1320629e+05
   8.1358833e+05
   8.1399484e+05
   8.1461972e+05
   8.1531721e+05
   8.1592690e+05
   8.1706305e+05
   8.1793505e+05
   8.1869082e+05
   8.1914779e+05
   8.1975038e+05
   8.4042674e+05
   8.4114107e+05
   8.4217709e+05
   8.4278707e+05
   8.4358859e+05
   8.4404717e+05
   8.4462014e+05
   8.4731767e+05
   8.4793908e+05
   8.4868148e+05
   8.4907553e+05
   8.4958823e+05
   8.5019948e+05
   8.5132189e+05
   8.5228451e+05
   8.5323256e+05
   8.5412226e+05
   8.5487514e+05
   8.5570622e+05
   8.5618119e+05
   8.5685714e+05
   8.5865748e+05
   8.5930676e+05
   8.6001502e+05
   8.6062996e+05
   8.6117693e+05
   8.6173681e+05
   8.6222503e+05
   8.6280766e+05
   8.6342666e+05
   8.6393007e+05
   8.6448677e+05
   8.6490106e+05
   8.6546755e+05
   8.6591195e+05
   8.6715346e+05
   8.6775208e+05
   8.6815272e+05
   8.6856759e+05
   8.6899705e+05
   8.6940029e+05
   8.7012135e+05
   8.7078805e+05
   8.7137163e+05
   8.7207907e+05
   8.7269651e+05
   8.7378907e+05
   8.7547575e+05
   8.7598070e+05
   8.7660325e+05
   8.7736121e+05
   8.7816225e+05
   8.7858471e+05
   8.7908687e+05
   8.7953017e+05
   9.0061156e+05
   9.0107114e+05
   9.0141889e+05
   9.0194962e+05
   9.0248275e+05
   9.0301385e+05
   9.0407407e+05
   9.0485393e+05
   9.0526806e+05
   9.0612555e+05
   9.0677543e+05
   9.0791147e+05
   9.0845173e+05
   9.0902526e+05
   9.0959420e+05
   9.1024532e+05
   9.1066109e+05
   9.1108350e+05
   9.1160743e+05
   9.1279808e+05
   9.1376855e+05
   9.1445468e+05
   9.1516923e+05
   9.1600978e+05
   9.1667800e+05
   9.1705015e+05
   9.1785453e+05
   9.1847997e+05
   9.1981762e+05
   9.2038199e+05
   9.2107372e+05
   9.2289451e+05
   9.2339566e+05
   9.3452069e+05
   9.3583030e+05
   9.3648099e+05
   9.3691331e+05
   9.3848640e+05
   9.3911306e+05
   9.3960979e+05
   9.3992695e+05
   9.6124005e+05
   9.6161299e+05
   9.6314930e+05
   9.6401342e+05
   9.6445528e+05
   9.6495638e+05
   9.6570401e+05
   9.6639511e+05
   9.7132798e+05
   9.7199221e+05
   9.7458939e+05
   9.7579182e+05
   9.7633416e+05
   9.7715681e+05
   9.7820095e+05
   9.7871565e+05
   9.7944887e+05
   9.8006522e+05
   9.8093443e+05
   9.8158348e+05
   9.8226488e+05
   9.8314584e+05
   9.8372285e+05
   9.8553114e+05
   9.8594308e+05
   9.8644278e+05
   9.8715608e+05
   9.8754226e+05
   9.8797879e+05
   9.8884105e+05
   9.9033796e+05
   9.9108834e+05
   9.9177998e+05
   9.9230706e+05
   9.9279492e+05
   9.9319701e+05
   9.9382630e+05
   9.9467169e+05
   9.9524841e+05
   9.9587430e+05
   9.9632596e+05
   9.9677013e+05
   9.9723620e+05
   9.9769220e+05
   9.9838792e+05
   1.0203460e+06
   1.0213231e+06
   1.0218222e+06
   1.0222348e+06
   1.0228841e+06
   1.0235413e+06
   1.0255620e+06
   1.0262378e+06
   1.0266421e+06
   1.0274241e+06
   1.0285616e+06
   1.0290748e+06
   1.0302425e+06
   1.0307528e+06
   1.0358991e+06
   1.0366235e+06
   1.0374279e+06
   1.0379670e+06
   1.0389314e+06
   1.0394475e+06
   1.0399530e+06
   1.0409426e+06
   1.0417866e+06
   1.0421527e+06
   1.0426685e+06
   1.0431343e+06
   1.0439845e+06
   1.0445434e+06
   1.0452790e+06
   1.0459186e+06
   1.0467731e+06
   1.0475207e+06
   1.0480389e+06
   1.0486239e+06
   1.0500789e+06
   1.0504490e+06
   1.0509677e+06
   1.0526884e+06
   1.0542708e+06
   1.0546269e+06
   1.0550160e+06
   1.0557589e+06
   1.0566550e+06
   1.0569832e+06
   1.0577292e+06
   1.0583231e+06
   1.0590201e+06
   1.0595218e+06
   1.0805650e+06
   1.0815153e+06
   1.0822122e+06
   1.0827100e+06
   1.0832561e+06
   1.0837727e+06
   1.0841067e+06
   1.0845441e+06
   1.0853327e+06
   1.0857320e+06
   1.0863953e+06
   1.0873595e+06
   1.0878252e+06
   1.0902658e+06
   1.0912025e+06
   1.0919307e+06
   1.0925308e+06
   1.0932854e+06
   1.0941277e+06
   1.0947957e+06
   1.0953651e+06
   1.0958773e+06
   1.0966025e+06
   1.0970083e+06
   1.0979258e+06
   1.0982943e+06
   1.0990018e+06
   1.0997071e+06
   1.1003393e+06
   1.1010903e+06
   1.1017074e+06
   1.1021594e+06
   1.1026104e+06
   1.1031539e+06
   1.1060933e+06
   1.1065646e+06
   1.1095907e+06
   1.1104976e+06
   1.1111250e+06
   1.1115337e+06
   1.1122610e+06
   1.1127292e+06
   1.1133685e+06
   1.1140380e+06
   1.1145874e+06
   1.1151922e+06
   1.1158326e+06
   1.1174537e+06
   1.1180213e+06
   1.1188429e+06
   1.1191487e+06
   1.1196167e+06
   1.1406968e+06
   1.1413698e+06
   1.1422248e+06
   1.1427121e+06
   1.1432847e+06
   1.1440673e+06
   1.1451656e+06
   1.1459590e+06
   1.1468476e+06
   1.1488262e+06
   1.1492294e+06
   1.1496591e+06
   1.1502302e+06
   1.1507526e+06
   1.1512604e+06
   1.1520144e+06
   1.1529030e+06
   1.1536816e+06
   1.1547990e+06
   1.1552322e+06
   1.1558163e+06
   1.1567362e+06
   1.1577092e+06
   1.1582471e+06
   1.1587061e+06
   1.1595597e+06
   1.1600830e+06
   1.1612489e+06
   1.1615548e+06
   1.1621025e+06
   1.1626456e+06
   1.1630627e+06
   1.1635485e+06
   1.1641982e+06
   1.1653061e+06
   1.1661586e+06
   1.1671197e+06
   1.1676383e+06
   1.1685267e+06
   1.1690496e+06
   1.1694970e+06
   1.1699513e+06
   1.1704292e+06
   1.1710861e+06
   1.1717923e+06
   1.1726371e+06
   1.1732348e+06
   1.1741638e+06
   1.1746861e+06
   1.1753260e+06
   1.1758687e+06
   1.1763091e+06
   1.1768992e+06
   1.1775716e+06
   1.1781004e+06
   1.2005538e+06
   1.2009561e+06
   1.2020827e+06
   1.2028137e+06
   1.2034704e+06
   1.2047752e+06
   1.2054496e+06
   1.2063638e+06
   1.2074488e+06
   1.2081097e+06
   1.2086494e+06
   1.2099596e+06
   1.2108582e+06
   1.2116114e+06
   1.2121816e+06
   1.2134238e+06
   1.2140662e+06
   1.2147706e+06
   1.2153461e+06
   1.2159790e+06
   1.2163331e+06
   1.2168726e+06
   1.2181795e+06
   1.2186690e+06
   1.2191538e+06
   1.2201279e+06
   1.2206768e+06
   1.2211906e+06
   1.2215618e+06
   1.2225160e+06
   1.2229378e+06
   1.2243781e+06
   1.2248499e+06
   1.2256345e+06
   1.2264339e+06
   1.2269069e+06
   1.2286949e+06
   1.2292316e+06
   1.2297752e+06
   1.2303069e+06
   1.2307238e+06
   1.2322499e+06
   1.2329701e+06
   1.2333845e+06
   1.2339375e+06
   1.2344004e+06
   1.2348063e+06
   1.2353761e+06
   1.2359677e+06
   1.2365630e+06
   1.2371031e+06
   1.2380250e+06
   1.2387033e+06
   1.2392644e+06
   1.2618812e+06
   1.2622553e+06
   1.2632043e+06
   1.2636714e+06
   1.2643046e+06
   1.2648536e+06
   1.2657442e+06
   1.2663788e+06
   1.2671484e+06
   1.2675879e+06
   1.2681944e+06
   1.2691126e+06
   1.2701480e+06
   1.2711317e+06
   1.2717254e+06
   1.2724145e+06
   1.2731481e+06
   1.2736038e+06
   1.2742067e+06
   1.2747986e+06
   1.2756371e+06
   1.2767574e+06
   1.2788024e+06
   1.2793906e+06
   1.2810918e+06
   1.2818102e+06
   1.2827310e+06
   1.2831548e+06
   1.2844664e+06
   1.2850991e+06
   1.2859394e+06
   1.2866098e+06
   1.2883053e+06
   1.2888751e+06
   1.2893442e+06
   1.2900560e+06
   1.2907944e+06
   1.2914729e+06
   1.2919575e+06
   1.2925416e+06
   1.2935912e+06
   1.2940323e+06
   1.2951848e+06
   1.2955594e+06
   1.2960175e+06
   1.2963922e+06
   1.2968509e+06
   1.2973352e+06
   1.2983885e+06
   1.2988569e+06
   1.2992181e+06
   1.2996546e+06
   1.3205465e+06
   1.3210269e+06
   1.3233955e+06
   1.3239098e+06
   1.3244863e+06
   1.3251023e+06
   1.3256254e+06
   1.3262256e+06
   1.3267851e+06
   1.3274283e+06
   1.3283684e+06
   1.3290438e+06
   1.3295073e+06
   1.3303643e+06
   1.3307764e+06
   1.3311572e+06
   1.3317067e+06
   1.3322357e+06
   1.3329274e+06
   1.3333723e+06
   1.3338177e+06
   1.3379107e+06
   1.3384084e+06
   1.3388973e+06
   1.3395448e+06
   1.3402619e+06
   1.3412123e+06
   1.3416759e+06
   1.3422235e+06
   1.3427386e+06
   1.3432844e+06
   1.3438170e+06
   1.3441578e+06
   1.3448809e+06
   1.3468034e+06
   1.3473958e+06
   1.3477226e+06
   1.3485462e+06
   1.3491521e+06
   1.3496847e+06
   1.3499999e+06
   1.3504243e+06
   1.3510655e+06
   1.3515686e+06
   1.3521254e+06
   1.3527478e+06
   1.3532259e+06
   1.3541926e+06
   1.3546147e+06
   1.3575085e+06
   1.3585634e+06
   1.3592339e+06
   1.3807250e+06
   1.3817465e+06
   1.3821287e+06
   1.3829986e+06
   1.3835464e+06
   1.3842979e+06
   1.3847504e+06
   1.3851796e+06
   1.3858594e+06
   1.3868709e+06
   1.3872123e+06
   1.3876417e+06
   1.3881287e+06
   1.3885510e+06
   1.3890794e+06
   1.3896326e+06
   1.3902465e+06
   1.3909430e+06
   1.3914110e+06
   1.3919817e+06
   1.3929159e+06
   1.3937983e+06
   1.3942975e+06
   1.3950588e+06
   1.3960462e+06
   1.3973143e+06
   1.3977789e+06
   1.3983537e+06
   1.3987491e+06
   1.3993378e+06
   1.4002776e+06
   1.4010378e+06
   1.4019387e+06
   1.4023596e+06
   1.4027438e+06
   1.4035385e+06
   1.4040042e+06
   1.4044909e+06
   1.4053123e+06
   1.4058328e+06
   1.4064876e+06
   1.4069076e+06
   1.4074438e+06
   1.4087330e+06
   1.4091708e+06
   1.4099107e+06
   1.4105941e+06
   1.4112887e+06
   1.4119129e+06
   1.4126488e+06
   1.4133930e+06
   1.4138408e+06
   1.4145571e+06
   1.4149771e+06
   1.4165206e+06
   1.4169798e+06
   1.4174932e+06
   1.4182173e+06
   1.4188198e+06
   1.4405414e+06
   1.4418997e+06
   1.4423822e+06
   1.4433912e+06
   1.4437928e+06
   1.4442617e+06
   1.4450850e+06
   1.4456071e+06
   1.4462606e+06
   1.4474390e+06
   1.4480908e+06
   1.4490411e+06
   1.4496443e+06
   1.4501952e+06
   1.4509894e+06
   1.4513729e+06
   1.4520657e+06
   1.4539818e+06
   1.4545707e+06
   1.4550184e+06
   1.4561543e+06
   1.4566953e+06
   1.4581560e+06
   1.4598480e+06
   1.4603487e+06
   1.4611318e+06
   1.4618889e+06
   1.4627632e+06
   1.4632154e+06
   1.4639630e+06
   1.4647158e+06
   1.4654768e+06
   1.4661718e+06
   1.4666946e+06
   1.4672680e+06
   1.4678450e+06
   1.4712014e+06
   1.4720771e+06
   1.4724347e+06
   1.4737067e+06
   1.4746924e+06
   1.4752447e+06
   1.4756732e+06
   1.4762201e+06
   1.4769147e+06
   1.4776027e+06
   1.4782097e+06
   1.4798679e+06
   1.5007349e+06
   1.5012777e+06
   1.5020549e+06
   1.5060565e+06
   1.5064370e+06
   1.5074502e+06
   1.5077901e+06
   1.5098958e+06
   1.5108773e+06
   1.5112656e+06
   1.5117812e+06
   1.5124298e+06
   1.5129565e+06
   1.5134129e+06
   1.5142057e+06
   1.5149732e+06
   1.5154699e+06
   1.5165425e+06
   1.5170419e+06
   1.5174278e+06
   1.5179448e+06
   1.5190115e+06
   1.5193945e+06
   1.5209418e+06
   1.5236668e+06
   1.5248742e+06
   1.5253772e+06
   1.5261626e+06
   1.5265845e+06
   1.5268827e+06
   1.5272933e+06
   1.5278941e+06
   1.5297236e+06
   1.5301968e+06
   1.5330340e+06
   1.5382143e+06
   1.5389811e+06
   1.5394720e+06
   1.5399965e+06
   1.5604988e+06
   1.5609512e+06
   1.5620077e+06
   1.5634079e+06
   1.5639281e+06
   1.5646855e+06
   1.5654506e+06
   1.5660342e+06
   1.5663987e+06
   1.5670921e+06
   1.5675606e+06
   1.5683381e+06
   1.5686962e+06
   1.5697241e+06
   1.5700689e+06
   1.5709665e+06
   1.5715890e+06
   1.5727160e+06
   1.5742163e+06
   1.5747292e+06
   1.5757927e+06
   1.5786625e+06
   1.5797871e+06
   1.5803370e+06
   1.5808044e+06
   1.5823814e+06
   1.5833519e+06
   1.5839270e+06
   1.5868078e+06
   1.5874091e+06
   1.5879680e+06
   1.5885867e+06
   1.5891564e+06
   1.5895365e+06
   1.5957489e+06
   1.5975188e+06
   1.6204776e+06
   1.6211269e+06
   1.6218072e+06
   1.6223565e+06
   1.6228954e+06
   1.6236040e+06
   1.6245561e+06
   1.6251106e+06
   1.6256935e+06
   1.6261676e+06
   1.6266232e+06
   1.6273127e+06
   1.6283916e+06
   1.6288604e+06
   1.6295681e+06
   1.6300314e+06
   1.6305591e+06
   1.6310350e+06
   1.6325210e+06
   1.6330362e+06
   1.6339888e+06
   1.6345322e+06
   1.6349092e+06
   1.6354797e+06
   1.6362374e+06
   1.6367061e+06
   1.6377753e+06
   1.6385181e+06
   1.6389729e+06
   1.6393967e+06
   1.6399596e+06
   1.6403570e+06
   1.6414171e+06
   1.6419491e+06
   1.6426808e+06
   1.6430486e+06
   1.6435864e+06
   1.6452672e+06
   1.6457018e+06
   1.6463934e+06
   1.6488247e+06
   1.6493025e+06
   1.6500820e+06
   1.6505511e+06
   1.6514552e+06
   1.6521178e+06
   1.6529371e+06
   1.6536896e+06
   1.6543995e+06
   1.6548431e+06
   1.6552256e+06
   1.6560279e+06
   1.6565730e+06
   1.6570198e+06
   1.6588538e+06
   1.6592726e+06
   1.6597751e+06
   1.6804567e+06
   1.6817589e+06
   1.6823311e+06
   1.6830321e+06
   1.6845666e+06
   1.6851603e+06
   1.6857158e+06
   1.6865582e+06
   1.6874775e+06
   1.6881397e+06
   1.6885021e+06
   1.6890972e+06
   1.6895513e+06
   1.6900045e+06
   1.6905204e+06
   1.6910360e+06
   1.6915231e+06
   1.6919898e+06
   1.6924459e+06
   1.6936138e+06
   1.6943154e+06
   1.6948582e+06
   1.6953643e+06
   1.6957305e+06
   1.6964504e+06
   1.6973098e+06
   1.6980745e+06
   1.6985987e+06
   1.6990723e+06
   1.7003217e+06
   1.7009920e+06
   1.7015663e+06
   1.7027429e+06
   1.7036271e+06
   1.7048257e+06
   1.7055985e+06
   1.7075037e+06
   1.7080298e+06
   1.7085530e+06
   1.7090715e+06
   1.7099611e+06
   1.7106862e+06
   1.7111718e+06
   1.7114811e+06
   1.7120049e+06
   1.7124380e+06
   1.7129003e+06
   1.7140248e+06
   1.7145602e+06
   1.7150175e+06
   1.7159140e+06
   1.7163888e+06
   1.7168323e+06
   1.7174621e+06
   1.7189294e+06
   1.7195506e+06
   1.7199939e+06
   1.7406908e+06
   1.7411345e+06
   1.7416764e+06
   1.7424045e+06
   1.7433506e+06
   1.7437213e+06
   1.7442735e+06
   1.7450790e+06
   1.7455216e+06
   1.7459422e+06
   1.7464609e+06
   1.7470635e+06
   1.7474622e+06
   1.7478900e+06
   1.7485460e+06
   1.7490559e+06
   1.7495488e+06
   1.7508372e+06
   1.7516531e+06
   1.7523603e+06
   1.7529577e+06
   1.7551475e+06
   1.7560254e+06
   1.7567919e+06
   1.7573104e+06
   1.7578643e+06
   1.7583903e+06
   1.7591994e+06
   1.7597139e+06
   1.7601058e+06
   1.7606238e+06
   1.7612938e+06
   1.7618014e+06
   1.7626661e+06
   1.7632160e+06
   1.7637675e+06
   1.7655967e+06
   1.7660588e+06
   1.7664995e+06
   1.7675646e+06
   1.7683248e+06
   1.7687559e+06
   1.7706343e+06
   1.7711438e+06
   1.7721810e+06
   1.7729007e+06
   1.7750695e+06
   1.7759185e+06
   1.7763814e+06
   1.7776361e+06
   1.7781426e+06
   1.7793320e+06
   1.8007284e+06
   1.8012029e+06
   1.8016761e+06
   1.8022252e+06
   1.8029396e+06
   1.8038975e+06
   1.8045263e+06
   1.8050116e+06
   1.8053776e+06
   1.8062786e+06
   1.8070418e+06
   1.8074799e+06
   1.8079497e+06
   1.8084097e+06
   1.8091361e+06
   1.8095192e+06
   1.8098488e+06
   1.8144264e+06
   1.8163235e+06
   1.8168057e+06
   1.8174570e+06
   1.8182073e+06
   1.8186736e+06
   1.8191889e+06
   1.8196493e+06
   1.8201529e+06
   1.8216928e+06
   1.8238275e+06
   1.8258645e+06
   1.8263279e+06
   1.8283740e+06
   1.8288892e+06
   1.8295787e+06
   1.8302499e+06
   1.8306344e+06
   1.8311785e+06
   1.8319603e+06
   1.8326296e+06
   1.8331833e+06
   1.8340795e+06
   1.8345120e+06
   1.8350786e+06
   1.8360328e+06
   1.8367371e+06
   1.8383506e+06
   1.8399143e+06
   1.8605984e+06
   1.8612605e+06
   1.8619191e+06
   1.8631337e+06
   1.8636770e+06
   1.8642283e+06
   1.8646084e+06
   1.8650977e+06
   1.8658228e+06
   1.8664382e+06
   1.8671741e+06
   1.8690392e+06
   1.8697040e+06
   1.8701294e+06
   1.8708212e+06
   1.8713116e+06
   1.8717847e+06
   1.8729089e+06
   1.8732684e+06
   1.8745185e+06
   1.8751057e+06
   1.8779972e+06
   1.8792449e+06
   1.8797197e+06
   1.8804924e+06
   1.8813210e+06
   1.8817344e+06
   1.8821839e+06
   1.8832859e+06
   1.8837838e+06
   1.8845585e+06
   1.8850438e+06
   1.8857241e+06
   1.8863198e+06
   1.8869840e+06
   1.8881993e+06
   1.8887509e+06
   1.8895312e+06
   1.8900878e+06
   1.8906907e+06
   1.8911151e+06
   1.8914936e+06
   1.8918055e+06
   1.8922992e+06
   1.8931026e+06
   1.8934278e+06
   1.8942172e+06
   1.8947083e+06
   1.8950668e+06
   1.8956972e+06
   1.8964008e+06
   1.8967464e+06
   1.8973846e+06
   1.8978311e+06
   1.8989247e+06
   1.8993307e+06
   1.8997260e+06
   1.8958159e+06
   1.8962971e+06
   1.8969350e+06
   1.8973229e+06
   1.8979088e+06
   1.8989991e+06
   1.8994849e+06
