   1.1540052e+03
   3.2670413e+03
   5.4463855e+03
   7.6294518e+03
   8.8212333e+03
   1.0992941e+04
   1.2094381e+04
   1.3569637e+04
   1.5205159e+04
   1.6707194e+04
   1.8255235e+04
   2.0095008e+04
   2.1282492e+04
   2.2703253e+04
   2.4800586e+04
   2.5802431e+04
   2.6984150e+04
   2.8251746e+04
   2.9788325e+04
   3.0963188e+04
   3.1962595e+04
   3.4314722e+04
   3.5461319e+04
   3.6813676e+04
   3.8726963e+04
   4.0310518e+04
   4.1327542e+04
   4.2537932e+04
   4.3751531e+04
   4.5286527e+04
   4.6946784e+04
   4.8105012e+04
   4.9295123e+04
   5.0140690e+04
   5.1493048e+04
   5.2797831e+04
   5.5252410e+04
   5.6784463e+04
   5.8087460e+04
   5.9176505e+04
   1.0126786e+05
   1.0262541e+05
   1.0397238e+05
   1.0517531e+05
   1.0658657e+05
   1.0900155e+05
   1.1052373e+05
   1.1203412e+05
   1.1293067e+05
   1.1585721e+05
   1.1810007e+05
   1.6100903e+05
   1.6221520e+05
   1.6343638e+05
   1.6466110e+05
   1.6558505e+05
   1.6659589e+05
   1.6820434e+05
   1.6937472e+05
   1.7071357e+05
   1.7218101e+05
   1.7322934e+05
   1.7537655e+05
   1.7643368e+05
   1.7847192e+05
   1.7975389e+05
   2.2136454e+05
   2.2220910e+05
   2.2354400e+05
   2.2524205e+05
   2.2615527e+05
   2.2694830e+05
   2.2951502e+05
   2.3046948e+05
   2.3177130e+05
   2.3315968e+05
   2.3488767e+05
   2.3623881e+05
   2.3775918e+05
   2.8086212e+05
   2.8178510e+05
   2.8289526e+05
   2.8420417e+05
   2.8798663e+05
   2.8905880e+05
   2.9004408e+05
   2.9133511e+05
   2.9283121e+05
   2.9506288e+05
   2.9598886e+05
   2.9768325e+05
   2.9877188e+05
   3.4104556e+05
   3.4197588e+05
   3.4297978e+05
   3.4416113e+05
   3.4519816e+05
   3.4634207e+05
   3.4859106e+05
   3.4953441e+05
   3.5141911e+05
   3.5282326e+05
   3.5383572e+05
   3.5524541e+05
   3.5799378e+05
   3.5922801e+05
   4.0138309e+05
   4.0242813e+05
   4.0358938e+05
   4.0472885e+05
   4.0649683e+05
   4.0836693e+05
   4.0999110e+05
   4.1140171e+05
   4.1265155e+05
   4.1388772e+05
   4.1484946e+05
   4.1605708e+05
   4.1692985e+05
   4.1822566e+05
   4.1934580e+05
   4.6096186e+05
   4.6202725e+05
   4.6368688e+05
   4.6448961e+05
   4.6533793e+05
   4.6691998e+05
   4.6859712e+05
   4.7018440e+05
   4.7136388e+05
   4.7241503e+05
   4.7580696e+05
   4.7666281e+05
   4.7817526e+05
   4.7930406e+05
   5.2146749e+05
   5.2370082e+05
   5.2560979e+05
   5.2791464e+05
   5.2906068e+05
   5.3090626e+05
   5.3184093e+05
   5.3285476e+05
   5.3512419e+05
   5.3619995e+05
   5.3767143e+05
   5.3900145e+05
   5.8109732e+05
   5.8227791e+05
   5.8311979e+05
   5.8415368e+05
   5.8511333e+05
   5.8605710e+05
   5.8687880e+05
   5.8923271e+05
   5.9020327e+05
   5.9165305e+05
   5.9278636e+05
   5.9397621e+05
   5.9495665e+05
   5.9605836e+05
   5.9761191e+05
   5.9947551e+05
   6.0164875e+05
   6.0431928e+05
   6.0568139e+05
   6.0835370e+05
   6.1002304e+05
   6.1212708e+05
   6.1335093e+05
   6.1437628e+05
   6.1527260e+05
   6.1626066e+05
   6.1753528e+05
   6.1886256e+05
   6.1987137e+05
   6.2239862e+05
   6.2350910e+05
   6.2479359e+05
   6.2692043e+05
   6.2814788e+05
   6.2987590e+05
   6.3102836e+05
   6.3212975e+05
   6.3316876e+05
   6.3495054e+05
   6.3634116e+05
   6.3803570e+05
   6.4010699e+05
   6.4138788e+05
   6.4321384e+05
   6.4452519e+05
   6.4548268e+05
   6.4665705e+05
   6.4903398e+05
   6.5017587e+05
   6.5176808e+05
   6.5288622e+05
   6.5421374e+05
   6.5587548e+05
   6.5711268e+05
   6.5809167e+05
   6.5956359e+05
   6.6120039e+05
   6.6220322e+05
   6.6346854e+05
   6.6795163e+05
   6.6898463e+05
   6.7029394e+05
   6.7172732e+05
   6.7337240e+05
   6.7468684e+05
   6.7628461e+05
   6.7764980e+05
   6.7951969e+05
   6.8048746e+05
   6.8206329e+05
   6.8402192e+05
   6.8633026e+05
   6.8766745e+05
   6.8867954e+05
   6.9019171e+05
   6.9140923e+05
   6.9322262e+05
   6.9460472e+05
   6.9576260e+05
   6.9718930e+05
   6.9897845e+05
   7.0067182e+05
   7.0200565e+05
   7.0319607e+05
   7.0464021e+05
   7.0587439e+05
   7.0712995e+05
   7.0812278e+05
   7.0917828e+05
   7.1021523e+05
   7.1154496e+05
   7.1406860e+05
   7.1552767e+05
   7.1798640e+05
   7.1921146e+05
   7.2824116e+05
   7.2996630e+05
   7.3175933e+05
   7.3296068e+05
   7.3569353e+05
   7.3956556e+05
   7.4147583e+05
   7.4427906e+05
   7.4598730e+05
   7.4804597e+05
   7.5260741e+05
   7.5514383e+05
   7.5626343e+05
   7.5819764e+05
   7.5960375e+05
   7.6122517e+05
   7.6241019e+05
   7.6414191e+05
   7.6506348e+05
   7.7048632e+05
   7.7193970e+05
   7.7361198e+05
   7.7567090e+05
   7.7725135e+05
   8.2102829e+05
   8.2320326e+05
   8.2516559e+05
   8.2834675e+05
   8.2977206e+05
   8.3173254e+05
   8.3302134e+05
   8.3522908e+05
   8.3647971e+05
   8.3871818e+05
   8.8177920e+05
   8.8335247e+05
   8.8831819e+05
   8.8990090e+05
   8.9099446e+05
   8.9258849e+05
   8.9560744e+05
   8.9842015e+05
   9.4150379e+05
   9.4337324e+05
   9.4468893e+05
   9.4586920e+05
   9.5615906e+05
   9.5760974e+05
   9.5851606e+05
   9.5968221e+05
   1.0010568e+06
   1.0028664e+06
   1.0043067e+06
   1.0065391e+06
   1.0083545e+06
   1.0096586e+06
   1.0108941e+06
   1.0128882e+06
   1.0163264e+06
   1.0608562e+06
   1.0621812e+06
   1.0631853e+06
   1.0643586e+06
   1.0657923e+06
   1.0669892e+06
   1.0692538e+06
   1.0716286e+06
   1.0735380e+06
   1.0754584e+06
   1.0766971e+06
   1.0790681e+06
   1.1216361e+06
   1.1249890e+06
   1.1291673e+06
   1.1316260e+06
   1.1339977e+06
   1.1352287e+06
   1.1371054e+06
   1.1812101e+06
   1.1828068e+06
   1.1846354e+06
   1.1857145e+06
   1.1898626e+06
   1.1911069e+06
   1.1961592e+06
   1.1973623e+06
   1.1993022e+06
   1.2412740e+06
   1.2430287e+06
   1.2494548e+06
   1.2506356e+06
   1.2527531e+06
   1.2539991e+06
   1.2555060e+06
   1.2582658e+06
   1.3018396e+06
   1.3037810e+06
   1.3051051e+06
   1.3064469e+06
   1.3087451e+06
   1.3105213e+06
   1.3120853e+06
   1.3132313e+06
   1.3155355e+06
   1.3173610e+06
   1.3198459e+06
   1.3612698e+06
   1.3638810e+06
   1.3653773e+06
   1.3665607e+06
   1.3682852e+06
   1.3705101e+06
   1.3718805e+06
   1.3735139e+06
   1.3754661e+06
   1.3766806e+06
   1.3790461e+06
   1.4239023e+06
   1.4253503e+06
   1.4266839e+06
   1.4289219e+06
   1.4315622e+06
   1.4335226e+06
   1.4352962e+06
   1.4372630e+06
   1.4384377e+06
   1.4394781e+06
   1.4815109e+06
   1.4826361e+06
   1.4840804e+06
   1.4888291e+06
   1.4902431e+06
   1.4927792e+06
   1.4950116e+06
   1.4967211e+06
   1.4977424e+06
   1.4987969e+06
   1.5420096e+06
   1.5431166e+06
   1.5483209e+06
   1.5496263e+06
   1.5506727e+06
   1.5559846e+06
   1.5570464e+06
   1.5586723e+06
   1.6019076e+06
   1.6027704e+06
   1.6043212e+06
   1.6057497e+06
   1.6069098e+06
   1.6088422e+06
   1.6103791e+06
   1.6120853e+06
   1.6132795e+06
   1.6152604e+06
   1.6166034e+06
   1.6179856e+06
   1.6197713e+06
   1.6616947e+06
   1.6638137e+06
   1.6651577e+06
   1.6669752e+06
   1.6683687e+06
   1.6712422e+06
   1.6725616e+06
   1.6751944e+06
   1.6771765e+06
   1.6788105e+06
   1.7217408e+06
   1.7233614e+06
   1.7245967e+06
   1.7269398e+06
   1.7289906e+06
   1.7306425e+06
   1.7328357e+06
   1.7358743e+06
   1.7372011e+06
   1.7384186e+06
   1.7399669e+06
   1.7815614e+06
   1.7827484e+06
   1.7835899e+06
   1.7849600e+06
   1.7863998e+06
   1.7883493e+06
   1.7897619e+06
   1.7913291e+06
   1.7932727e+06
   1.7957866e+06
   1.7971155e+06
   1.8424440e+06
   1.8435954e+06
   1.8450625e+06
   1.8463360e+06
   1.8481973e+06
   1.8497754e+06
   1.8516578e+06
   1.8528126e+06
   1.8552047e+06
   1.8573441e+06
   1.8590266e+06
   1.9015945e+06
   1.9028115e+06
   1.9040508e+06
   1.9065445e+06
   1.9085942e+06
   1.9096631e+06
   1.9114606e+06
   1.9161624e+06
   1.9172108e+06
   1.9183952e+06
   1.9196863e+06
   6.1321008e+04
   6.2763805e+04
   6.4355144e+04
   6.6508858e+04
   6.7602510e+04
   6.8729622e+04
   7.0900622e+04
   7.2345520e+04
   7.4493175e+04
   7.6548657e+04
   7.7509052e+04
   7.8858514e+04
   8.0219897e+04
   8.1766588e+04
   8.2960765e+04
   8.4670804e+04
   8.7451008e+04
   8.8812423e+04
   9.0812307e+04
   9.2377657e+04
   9.4060280e+04
   9.6336081e+04
   9.7422191e+04
   9.9250892e+04
   1.2272296e+05
   1.2459825e+05
   1.2619672e+05
   1.2768809e+05
   1.2951840e+05
   1.3073192e+05
   1.3196614e+05
   1.3317222e+05
   1.3459644e+05
   1.3655206e+05
   1.3809393e+05
   1.3888317e+05
   1.4009145e+05
   1.4125197e+05
   1.4265540e+05
   1.4457329e+05
   1.4555093e+05
   1.4817077e+05
   1.5015997e+05
   1.5123524e+05
   1.5329832e+05
   1.5440637e+05
   1.5545709e+05
   1.5665734e+05
   1.5778365e+05
   1.5911551e+05
   1.8163127e+05
   1.8362922e+05
   1.8503364e+05
   1.8617981e+05
   1.8753123e+05
   1.9099299e+05
   1.9262800e+05
   1.9475902e+05
   1.9582505e+05
   1.9682505e+05
   1.9839584e+05
   1.9966207e+05
   2.0179865e+05
   2.0314364e+05
   2.0415846e+05
   2.0518779e+05
   2.0647800e+05
   2.0773809e+05
   2.1249375e+05
   2.1392851e+05
   2.1527320e+05
   2.1678836e+05
   2.1794162e+05
   2.1915707e+05
   2.4132279e+05
   2.4382486e+05
   2.4524656e+05
   2.4635571e+05
   2.4742616e+05
   2.4832733e+05
   2.4987835e+05
   2.5064078e+05
   2.5249271e+05
   2.5394221e+05
   2.5542882e+05
   2.5771119e+05
   2.5891024e+05
   2.6110131e+05
   2.6316184e+05
   2.6470600e+05
   2.6609280e+05
   2.6732581e+05
   2.6828440e+05
   2.6936034e+05
   2.7068571e+05
   2.7224315e+05
   2.7338833e+05
   2.7496000e+05
   2.7609280e+05
   2.7743899e+05
   2.7872896e+05
   3.0155769e+05
   3.0291497e+05
   3.0405058e+05
   3.0543975e+05
   3.0792883e+05
   3.1002383e+05
   3.1122546e+05
   3.1222209e+05
   3.1366613e+05
   3.1646134e+05
   3.1792347e+05
   3.1974544e+05
   3.2151388e+05
   3.2364620e+05
   3.2470816e+05
   3.2592382e+05
   3.2826553e+05
   3.3045952e+05
   3.3189467e+05
   3.3375893e+05
   3.3497388e+05
   3.3657091e+05
   3.3776645e+05
   3.3987350e+05
   3.6129936e+05
   3.6352832e+05
   3.6523947e+05
   3.6830018e+05
   3.7006378e+05
   3.7105424e+05
   3.7247267e+05
   3.7335332e+05
   3.7444223e+05
   3.7753725e+05
   3.7919325e+05
   3.8148278e+05
   3.8282835e+05
   3.8427163e+05
   3.8528189e+05
   3.8678497e+05
   3.8790065e+05
   3.8976026e+05
   3.9112443e+05
   3.9273518e+05
   3.9442752e+05
   3.9627666e+05
   3.9729496e+05
   3.9938785e+05
   4.2130986e+05
   4.2303081e+05
   4.2438661e+05
   4.2606856e+05
   4.2718596e+05
   4.2889277e+05
   4.3008479e+05
   4.3118886e+05
   4.3358658e+05
   4.3457780e+05
   4.3604819e+05
   4.3707723e+05
   4.3893401e+05
   4.4033755e+05
   4.4134897e+05
   4.4259483e+05
   4.4368534e+05
   4.4508669e+05
   4.4666182e+05
   4.4842078e+05
   4.5099325e+05
   4.5230790e+05
   4.5361871e+05
   4.5489870e+05
   4.5634493e+05
   4.5731543e+05
   4.5816098e+05
   4.5923748e+05
   4.8207538e+05
   4.8321806e+05
   4.8499721e+05
   4.8641800e+05
   4.8796917e+05
   4.8967684e+05
   4.9129581e+05
   4.9277410e+05
   4.9402105e+05
   4.9558559e+05
   4.9649881e+05
   4.9820297e+05
   5.0113463e+05
   5.0242420e+05
   5.0385789e+05
   5.0537566e+05
   5.0717265e+05
   5.0926248e+05
   5.1085744e+05
   5.1216025e+05
   5.1383627e+05
   5.1491499e+05
   5.1622136e+05
   5.1943632e+05
   5.4217020e+05
   5.4344508e+05
   5.4471077e+05
   5.4590065e+05
   5.4851733e+05
   5.4987818e+05
   5.5157684e+05
   5.5414132e+05
   5.5554520e+05
   5.5691677e+05
   5.5826466e+05
   5.5953372e+05
   5.6075822e+05
   5.6170848e+05
   5.6301443e+05
   5.6455404e+05
   5.6600223e+05
   5.6697969e+05
   5.6823766e+05
   5.6928462e+05
   5.7077109e+05
   5.7174117e+05
   5.7305428e+05
   5.7490865e+05
   5.7648371e+05
   7.8150790e+05
   7.8302946e+05
   7.8667423e+05
   7.9462657e+05
   7.9620638e+05
   7.9802387e+05
   7.9972545e+05
   8.0084400e+05
   8.0188317e+05
   8.0301837e+05
   8.0416222e+05
   8.1057008e+05
   8.1326061e+05
   8.1515467e+05
   8.1667258e+05
   8.1843626e+05
   8.4118092e+05
   8.4372072e+05
   8.4487143e+05
   8.4809705e+05
   8.5033536e+05
   8.5292553e+05
   8.5419348e+05
   8.5660166e+05
   8.5856122e+05
   8.6041964e+05
   8.6219644e+05
   8.6427742e+05
   8.6648819e+05
   8.6762828e+05
   8.6915944e+05
   8.7147089e+05
   8.7392531e+05
   8.7654966e+05
   8.7787680e+05
   8.7941721e+05
   9.0137693e+05
   9.0436360e+05
   9.1005947e+05
   9.1187430e+05
   9.1346191e+05
   9.1856901e+05
   9.2022773e+05
   9.2205469e+05
   9.2333374e+05
   9.2461665e+05
   9.2799361e+05
   9.3108395e+05
   9.3226661e+05
   9.3541303e+05
   9.3740928e+05
   9.3994263e+05
   9.6295480e+05
   9.6595978e+05
   9.6779127e+05
   9.7071682e+05
   9.7232431e+05
   9.7406385e+05
   9.7549368e+05
   9.7691375e+05
   9.8179784e+05
   9.8465042e+05
   9.8640643e+05
   9.8953951e+05
   9.9127656e+05
   9.9900287e+05
   1.0211087e+06
   1.0223867e+06
   1.0238264e+06
   1.0257536e+06
   1.0271087e+06
   1.0295238e+06
   1.0330694e+06
   1.0345811e+06
   1.0369556e+06
   1.0390310e+06
   1.0413027e+06
   1.0427267e+06
   1.0457493e+06
   1.0497155e+06
   1.0517871e+06
   1.0541065e+06
   1.0566135e+06
   1.0589410e+06
   1.0828424e+06
   1.0840751e+06
   1.0890730e+06
   1.0918994e+06
   1.0954826e+06
   1.1090529e+06
   1.1108190e+06
   1.1125632e+06
   1.1139430e+06
   1.1156479e+06
   1.1182720e+06
   1.1198997e+06
   1.1426155e+06
   1.2020429e+06
   1.2048597e+06
   1.2071250e+06
   1.2088404e+06
   1.2112594e+06
   1.2129343e+06
   1.2149105e+06
   1.2161356e+06
   1.2175958e+06
   1.2189212e+06
   1.2231791e+06
   1.2247060e+06
   1.2260975e+06
   1.2275964e+06
   1.2290872e+06
   1.2310600e+06
   1.2332428e+06
   1.2615808e+06
   1.2944338e+06
   1.2961618e+06
   1.2972515e+06
   1.2992605e+06
   1.3237278e+06
   1.3286430e+06
   1.3300848e+06
   1.3320917e+06
   1.3355484e+06
   1.3370118e+06
   1.3425098e+06
   1.3507558e+06
   1.3549509e+06
   1.3574652e+06
   1.3598586e+06
   1.3823426e+06
   1.4154360e+06
   1.4170155e+06
   1.4182312e+06
   1.4414864e+06
   1.4434003e+06
   1.4471166e+06
   1.4490708e+06
   1.4513888e+06
   1.4533675e+06
   1.4578678e+06
   1.4592185e+06
   1.4621176e+06
   1.4639253e+06
   1.4696648e+06
   1.4715348e+06
   1.4732252e+06
   1.4744254e+06
   1.4787537e+06
   1.4799938e+06
   1.5018792e+06
   1.5042089e+06
   1.5058721e+06
   1.5081235e+06
   1.5113022e+06
   1.5131257e+06
   1.5160287e+06
   1.5175305e+06
   1.5192210e+06
   1.5206232e+06
   1.5230735e+06
   1.5248951e+06
   1.5277870e+06
   1.5304000e+06
   1.5628240e+06
   1.5645867e+06
   1.5666005e+06
   1.5759560e+06
   1.5783419e+06
   1.5799637e+06
   1.5812426e+06
   1.5827521e+06
   1.5873815e+06
   1.5899196e+06
   1.5920116e+06
   1.5951885e+06
   1.5970178e+06
   1.5988455e+06
   1.6228033e+06
   1.6241347e+06
   1.6258554e+06
   1.6274914e+06
   1.6295325e+06
   1.6312164e+06
   1.6321540e+06
   1.6350437e+06
   1.6370335e+06
   1.6400002e+06
   1.6416026e+06
   1.6439705e+06
   1.6462588e+06
   1.6476676e+06
   1.6487571e+06
   1.6508973e+06
   1.6531546e+06
   1.6543673e+06
   1.6574201e+06
   1.6588471e+06
   1.6824643e+06
   1.6842229e+06
   1.6860673e+06
   1.6884107e+06
   1.6900666e+06
   1.6915853e+06
   1.6931379e+06
   1.7014646e+06
   1.7039315e+06
   1.7056281e+06
   1.7074311e+06
   1.7089357e+06
   1.7135171e+06
   1.7147528e+06
   1.7167476e+06
   1.7190258e+06
   1.7421934e+06
   1.7436783e+06
   1.7459723e+06
   1.7474418e+06
   1.7484045e+06
   1.7504293e+06
   1.7522644e+06
   1.7543388e+06
   1.7562545e+06
   1.7583462e+06
   1.7599864e+06
   1.7617500e+06
   1.7628539e+06
   1.7712446e+06
   1.7730363e+06
   1.7745074e+06
   1.7770571e+06
   1.7790194e+06
   1.8017639e+06
   1.8032244e+06
   1.8055247e+06
   1.8077072e+06
   1.8112944e+06
   1.8126776e+06
   1.8145008e+06
   1.8168157e+06
   1.8184091e+06
   1.8222668e+06
   1.8253506e+06
   1.8274739e+06
   1.8296220e+06
   1.8308945e+06
   1.8381616e+06
   1.8621085e+06
   1.8638355e+06
   1.8658456e+06
   1.8670075e+06
   1.8695918e+06
   1.8710278e+06
   1.8747003e+06
   1.8791169e+06
   1.8807780e+06
   1.8823751e+06
   1.8837941e+06
   1.8890035e+06
   1.8913107e+06
   1.8926634e+06
   1.8943058e+06
   1.8962459e+06
   1.8975108e+06
   1.8999508e+06
   1.8012733e+06
   1.8044494e+06
   1.8064748e+06
   1.8076798e+06
   1.8093359e+06
   1.8111786e+06
   1.8132876e+06
   1.8159063e+06
   1.8174563e+06
   1.8193480e+06
   1.8211600e+06
   1.8228302e+06
   1.8239994e+06
   1.8263631e+06
   1.8279693e+06
   1.8309516e+06
   1.8324541e+06
   1.8342190e+06
   1.8353363e+06
   1.8389220e+06
   1.8618890e+06
   1.8631891e+06
   1.8645068e+06
   1.8674844e+06
   1.8694036e+06
   1.8711345e+06
   1.8730425e+06
   1.8748424e+06
   1.8776570e+06
   1.8829245e+06
   1.8847779e+06
   1.8860349e+06
   1.8883059e+06
   1.8900856e+06
   1.8916399e+06
   1.8936573e+06
   1.8949745e+06
   1.8972593e+06
   1.8989063e+06
