   1.7396115e+03
   2.8242863e+03
   4.0704358e+03
   5.9640674e+03
   6.9909694e+03
   8.6355672e+03
   1.0095129e+04
   1.2565800e+04
   1.3751633e+04
   1.4870103e+04
   1.6153218e+04
   1.7996482e+04
   1.9345104e+04
   2.1392587e+04
   2.3229282e+04
   2.4634732e+04
   2.6070290e+04
   2.7485614e+04
   3.0493274e+04
   3.1604741e+04
   3.3667208e+04
   3.4695453e+04
   3.6088641e+04
   3.7883799e+04
   3.8767770e+04
   4.0256139e+04
   4.1389229e+04
   4.2873596e+04
   4.4398605e+04
   4.5512972e+04
   4.7857755e+04
   4.9768238e+04
   5.0702437e+04
   5.2276889e+04
   5.3342969e+04
   5.5521861e+04
   5.6830376e+04
   5.8656928e+04
   1.0163149e+05
   1.0287453e+05
   1.0376890e+05
   1.0503831e+05
   1.0661829e+05
   1.0813700e+05
   1.0908620e+05
   1.1037000e+05
   1.1194094e+05
   1.1318930e+05
   1.1500273e+05
   1.1624847e+05
   1.1752175e+05
   1.1851490e+05
   1.1963739e+05
   1.6126449e+05
   1.6224118e+05
   1.6346426e+05
   1.6525028e+05
   1.6845519e+05
   1.6948395e+05
   1.7067034e+05
   1.7186586e+05
   1.7507552e+05
   1.7687785e+05
   1.7854553e+05
   2.2117840e+05
   2.2238574e+05
   2.2335526e+05
   2.2522522e+05
   2.2651520e+05
   2.2800119e+05
   2.2929558e+05
   2.3023016e+05
   2.3124779e+05
   2.3238012e+05
   2.3373611e+05
   2.3528439e+05
   2.3700364e+05
   2.3829842e+05
   2.3949317e+05
   2.8091681e+05
   2.8193733e+05
   2.8277722e+05
   2.8432274e+05
   2.8516845e+05
   2.8607867e+05
   2.8697026e+05
   2.8840323e+05
   2.8935560e+05
   2.9052339e+05
   2.9164914e+05
   2.9267501e+05
   2.9532256e+05
   2.9630875e+05
   2.9777893e+05
   2.9898091e+05
   3.4107525e+05
   3.4207897e+05
   3.4352770e+05
   3.4451249e+05
   3.4622948e+05
   3.4817637e+05
   3.5017719e+05
   3.5178621e+05
   3.5281456e+05
   3.5386705e+05
   3.5499245e+05
   3.5660469e+05
   3.5755305e+05
   3.5871857e+05
   4.0120402e+05
   4.0256990e+05
   4.0339124e+05
   4.0496469e+05
   4.0678293e+05
   4.0809238e+05
   4.0944323e+05
   4.1101002e+05
   4.1212689e+05
   4.1319026e+05
   4.1596536e+05
   4.1698408e+05
   4.1793769e+05
   4.1901258e+05
   4.1985582e+05
   4.6085439e+05
   4.6267942e+05
   4.6391202e+05
   4.6530050e+05
   4.6825991e+05
   4.6954071e+05
   4.7055022e+05
   4.7163131e+05
   4.7284627e+05
   4.7508705e+05
   4.7631524e+05
   4.7790494e+05
   4.7919394e+05
   5.2072870e+05
   5.2288934e+05
   5.2429934e+05
   5.2536253e+05
   5.2693771e+05
   5.2837223e+05
   5.2968608e+05
   5.3112087e+05
   5.3264389e+05
   5.3497487e+05
   5.3661322e+05
   5.3788565e+05
   5.3913441e+05
   5.8071338e+05
   5.8206158e+05
   5.8279657e+05
   5.8419280e+05
   5.8529205e+05
   5.8647462e+05
   5.8856584e+05
   5.8987832e+05
   5.9097954e+05
   5.9188937e+05
   5.9306408e+05
   5.9395619e+05
   5.9486828e+05
   5.9644856e+05
   5.9736813e+05
   6.0106236e+05
   6.0206223e+05
   6.0376703e+05
   6.0527689e+05
   6.0644021e+05
   6.0770864e+05
   6.0904749e+05
   6.1057397e+05
   6.1195339e+05
   6.1322643e+05
   6.1470494e+05
   6.1624106e+05
   6.1807654e+05
   6.1926832e+05
   6.2085113e+05
   6.2218249e+05
   6.2335707e+05
   6.2461935e+05
   6.2802697e+05
   6.2931138e+05
   6.3107106e+05
   6.3238465e+05
   6.3432731e+05
   6.3601272e+05
   6.3709757e+05
   6.3819599e+05
   6.3955990e+05
   6.4083600e+05
   6.4222715e+05
   6.4437166e+05
   6.4631284e+05
   6.4770615e+05
   6.5180370e+05
   6.5332072e+05
   6.5430467e+05
   6.5635958e+05
   6.5748710e+05
   6.5871393e+05
   6.6000722e+05
   6.6186309e+05
   6.6313927e+05
   6.6439488e+05
   6.6636592e+05
   6.6848615e+05
   6.7259843e+05
   6.7405177e+05
   6.7636834e+05
   6.7783703e+05
   6.7895592e+05
   6.8029456e+05
   6.8212098e+05
   6.8286892e+05
   6.8428362e+05
   6.8558158e+05
   6.8703494e+05
   6.8827901e+05
   6.8938364e+05
   6.9050215e+05
   6.9158098e+05
   6.9313486e+05
   6.9597930e+05
   6.9722858e+05
   6.9821722e+05
   6.9936920e+05
   7.0099566e+05
   7.0294590e+05
   7.0435468e+05
   7.0570175e+05
   7.0718348e+05
   7.0856878e+05
   7.0941519e+05
   7.1072833e+05
   7.1179240e+05
   7.1327504e+05
   7.1615743e+05
   7.1751548e+05
   7.1866887e+05
   7.2207935e+05
   7.2465761e+05
   7.2859323e+05
   7.3080905e+05
   7.3233613e+05
   7.3544884e+05
   7.3740287e+05
   7.3943613e+05
   7.4213884e+05
   7.4467669e+05
   7.4960362e+05
   7.5064006e+05
   7.5207113e+05
   7.5573937e+05
   7.5700474e+05
   7.5980591e+05
   7.6248734e+05
   7.6395708e+05
   7.6826455e+05
   7.6963637e+05
   7.7179824e+05
   7.7328571e+05
   7.7538408e+05
   7.7658857e+05
   7.7832574e+05
   7.7991860e+05
   8.2165786e+05
   8.2316277e+05
   8.2496131e+05
   8.2672060e+05
   8.2897740e+05
   8.3009769e+05
   8.3188961e+05
   8.3317702e+05
   8.3531572e+05
   8.3801027e+05
   8.3975908e+05
   8.8214273e+05
   8.8684877e+05
   8.8859190e+05
   8.9025263e+05
   8.9216182e+05
   8.9346184e+05
   8.9602398e+05
   8.9884232e+05
   9.4150923e+05
   9.4479267e+05
   9.4657953e+05
   9.4813747e+05
   9.4935437e+05
   9.5113730e+05
   9.5296363e+05
   9.5559373e+05
   9.5692193e+05
   9.5797152e+05
   1.0015991e+06
   1.0036849e+06
   1.0050676e+06
   1.0065681e+06
   1.0089898e+06
   1.0102287e+06
   1.0117540e+06
   1.0129734e+06
   1.0169193e+06
   1.0623178e+06
   1.0632635e+06
   1.0642885e+06
   1.0660201e+06
   1.0694288e+06
   1.0709084e+06
   1.0722854e+06
   1.0752561e+06
   1.1215040e+06
   1.1243821e+06
   1.1261929e+06
   1.1283472e+06
   1.1306010e+06
   1.1334682e+06
   1.1352551e+06
   1.1372915e+06
   1.1386407e+06
   1.1398451e+06
   1.1815640e+06
   1.1833817e+06
   1.1845679e+06
   1.1864814e+06
   1.1887497e+06
   1.1901870e+06
   1.1916658e+06
   1.1929859e+06
   1.1962951e+06
   1.1973272e+06
   1.1989011e+06
   1.2413532e+06
   1.2425237e+06
   1.2443235e+06
   1.2455274e+06
   1.2482528e+06
   1.2496990e+06
   1.2509591e+06
   1.2523133e+06
   1.2551592e+06
   1.2572844e+06
   1.2582108e+06
   1.2599187e+06
   1.3017463e+06
   1.3028409e+06
   1.3043474e+06
   1.3061186e+06
   1.3082183e+06
   1.3097229e+06
   1.3117440e+06
   1.3131861e+06
   1.3154273e+06
   1.3175625e+06
   1.3188874e+06
   1.3612402e+06
   1.3630600e+06
   1.3642970e+06
   1.3655605e+06
   1.3683266e+06
   1.3694579e+06
   1.3711727e+06
   1.3734472e+06
   1.3763220e+06
   1.3775894e+06
   1.3791990e+06
   1.4217946e+06
   1.4235196e+06
   1.4254539e+06
   1.4280042e+06
   1.4297982e+06
   1.4312330e+06
   1.4327866e+06
   1.4362570e+06
   1.4375246e+06
   1.4389356e+06
   1.4811551e+06
   1.4821723e+06
   1.4835787e+06
   1.4855387e+06
   1.4867157e+06
   1.4885173e+06
   1.4897487e+06
   1.4915581e+06
   1.4927170e+06
   1.4950548e+06
   1.4964242e+06
   1.4976210e+06
   1.4987949e+06
   1.5411106e+06
   1.5426489e+06
   1.5444154e+06
   1.5489876e+06
   1.5507420e+06
   1.5556805e+06
   1.5573421e+06
   1.6009475e+06
   1.6023021e+06
   1.6038461e+06
   1.6050795e+06
   1.6064988e+06
   1.6089911e+06
   1.6099519e+06
   1.6109938e+06
   1.6129090e+06
   1.6161171e+06
   1.6179822e+06
   1.6618331e+06
   1.6637187e+06
   1.6648683e+06
   1.6682314e+06
   1.6700620e+06
   1.6719873e+06
   1.6739465e+06
   1.6760324e+06
   1.6784870e+06
   1.7211959e+06
   1.7228784e+06
   1.7243044e+06
   1.7262365e+06
   1.7288716e+06
   1.7313429e+06
   1.7336217e+06
   1.7353077e+06
   1.7368404e+06
   1.7392467e+06
   1.7814987e+06
   1.7849958e+06
   1.7867590e+06
   1.7878223e+06
   1.7897739e+06
   1.7914007e+06
   1.7926726e+06
   1.7958489e+06
   1.7972287e+06
   1.7983681e+06
   1.8418513e+06
   1.8434855e+06
   1.8443820e+06
   1.8459309e+06
   1.8488064e+06
   1.8501660e+06
   1.8521761e+06
   1.8530451e+06
   1.8552778e+06
   1.8569227e+06
   1.8582143e+06
   1.8593789e+06
   1.9015280e+06
   1.9027382e+06
   1.9035696e+06
   1.9079714e+06
   1.9098782e+06
   1.9123504e+06
   1.9165791e+06
   1.9178130e+06
   6.1815590e+04
   6.3059428e+04
   6.5118026e+04
   6.6033371e+04
   6.7142616e+04
   6.8649219e+04
   6.9886489e+04
   7.1091639e+04
   7.2383088e+04
   7.5682048e+04
   7.6732074e+04
   7.7677973e+04
   7.9556866e+04
   8.1793314e+04
   8.2726879e+04
   8.3903236e+04
   8.5587328e+04
   8.7549856e+04
   8.8731820e+04
   8.9694711e+04
   9.0647535e+04
   9.1729742e+04
   9.2717864e+04
   9.4806165e+04
   9.6044539e+04
   9.7328289e+04
   9.9108260e+04
   1.2117925e+05
   1.2451575e+05
   1.2563763e+05
   1.2736305e+05
   1.2947055e+05
   1.3120549e+05
   1.3344669e+05
   1.3491302e+05
   1.3628648e+05
   1.3775665e+05
   1.3919493e+05
   1.4026148e+05
   1.4175878e+05
   1.4344216e+05
   1.4616389e+05
   1.4796539e+05
   1.4936326e+05
   1.5071996e+05
   1.5203245e+05
   1.5390860e+05
   1.5488277e+05
   1.5597843e+05
   1.5700885e+05
   1.5873205e+05
   1.5970092e+05
   1.8134191e+05
   1.8268651e+05
   1.8430601e+05
   1.8555836e+05
   1.8711772e+05
   1.8840807e+05
   1.8979139e+05
   1.9149393e+05
   1.9303307e+05
   1.9435937e+05
   1.9596105e+05
   1.9853936e+05
   2.0016556e+05
   2.0214935e+05
   2.0409767e+05
   2.0570896e+05
   2.0714312e+05
   2.0838948e+05
   2.0975629e+05
   2.1210574e+05
   2.1381592e+05
   2.1514129e+05
   2.1617223e+05
   2.1839707e+05
   2.1960237e+05
   2.4161668e+05
   2.4286065e+05
   2.4474113e+05
   2.4666214e+05
   2.4841722e+05
   2.5005085e+05
   2.5182013e+05
   2.5341573e+05
   2.5474388e+05
   2.5664631e+05
   2.5819524e+05
   2.5989837e+05
   2.6177626e+05
   2.6309754e+05
   2.6387985e+05
   2.6523061e+05
   2.6640318e+05
   2.6904841e+05
   2.7065802e+05
   2.7268797e+05
   2.7503792e+05
   2.7655817e+05
   2.7801658e+05
   2.7916681e+05
   3.0290759e+05
   3.0399740e+05
   3.0557669e+05
   3.0771170e+05
   3.0893202e+05
   3.1302896e+05
   3.1484637e+05
   3.1613839e+05
   3.1802365e+05
   3.1924500e+05
   3.2053742e+05
   3.2232820e+05
   3.2323472e+05
   3.2580220e+05
   3.2700654e+05
   3.2903632e+05
   3.3095296e+05
   3.3235658e+05
   3.3380686e+05
   3.3503976e+05
   3.3678309e+05
   3.3810980e+05
   3.3958989e+05
   3.6202072e+05
   3.6325735e+05
   3.6448453e+05
   3.6584845e+05
   3.7383530e+05
   3.7550786e+05
   3.7702149e+05
   3.7849730e+05
   3.7956456e+05
   3.8103315e+05
   3.8290263e+05
   3.8405496e+05
   3.8511136e+05
   3.8648557e+05
   3.8864449e+05
   3.8973703e+05
   3.9108727e+05
   3.9238327e+05
   3.9426534e+05
   3.9575362e+05
   3.9697540e+05
   3.9892988e+05
   4.2107185e+05
   4.2260769e+05
   4.2415085e+05
   4.2506986e+05
   4.2633331e+05
   4.2789073e+05
   4.2899243e+05
   4.3053874e+05
   4.3219038e+05
   4.3341976e+05
   4.3493039e+05
   4.3725926e+05
   4.3841819e+05
   4.3984968e+05
   4.4071309e+05
   4.4203718e+05
   4.4340902e+05
   4.4476577e+05
   4.4630913e+05
   4.4731340e+05
   4.4840493e+05
   4.5022148e+05
   4.5132237e+05
   4.5237222e+05
   4.5348395e+05
   4.5449283e+05
   4.5592526e+05
   4.5759256e+05
   4.5897584e+05
   4.5999231e+05
   4.8149447e+05
   4.8295789e+05
   4.8454414e+05
   4.8576528e+05
   4.8745409e+05
   4.8877405e+05
   4.9002404e+05
   4.9115447e+05
   4.9259430e+05
   4.9426500e+05
   4.9563226e+05
   4.9684850e+05
   4.9847738e+05
   4.9972076e+05
   5.0114764e+05
   5.0248256e+05
   5.0335241e+05
   5.0430812e+05
   5.0515662e+05
   5.0636213e+05
   5.0719704e+05
   5.0867297e+05
   5.0994088e+05
   5.1152946e+05
   5.1332922e+05
   5.1451313e+05
   5.1586759e+05
   5.1799947e+05
   5.4111647e+05
   5.4240786e+05
   5.4360824e+05
   5.4661927e+05
   5.4831373e+05
   5.5067928e+05
   5.5206250e+05
   5.5330488e+05
   5.5456225e+05
   5.5594967e+05
   5.5725669e+05
   5.5916995e+05
   5.6059384e+05
   5.6151721e+05
   5.6323861e+05
   5.6473043e+05
   5.6618805e+05
   5.6802185e+05
   5.6917746e+05
   5.7042621e+05
   5.7131632e+05
   5.7281936e+05
   5.7411963e+05
   5.7652132e+05
   5.7773020e+05
   5.7961976e+05
   7.8347119e+05
   7.8588947e+05
   7.8915192e+05
   7.9195429e+05
   7.9341682e+05
   7.9497941e+05
   7.9790010e+05
   7.9944428e+05
   8.0088869e+05
   8.0304455e+05
   8.0545822e+05
   8.0692091e+05
   8.0994711e+05
   8.1122176e+05
   8.1308476e+05
   8.1625318e+05
   8.1891012e+05
   8.4195381e+05
   8.4335658e+05
   8.4455438e+05
   8.4623237e+05
   8.4833025e+05
   8.4976142e+05
   8.5185228e+05
   8.5449277e+05
   8.5612370e+05
   8.5976278e+05
   8.6165890e+05
   8.6303300e+05
   8.6593678e+05
   8.6957453e+05
   8.7279599e+05
   8.7433273e+05
   8.7609190e+05
   8.7791831e+05
   9.0335490e+05
   9.0533405e+05
   9.0690221e+05
   9.0855870e+05
   9.0973679e+05
   9.1304654e+05
   9.1520823e+05
   9.1731085e+05
   9.1833933e+05
   9.1952612e+05
   9.2460524e+05
   9.2631132e+05
   9.2824513e+05
   9.2996105e+05
   9.3167617e+05
   9.3368547e+05
   9.3645330e+05
   9.3782389e+05
   9.3995933e+05
   9.6186355e+05
   9.6418074e+05
   9.6650062e+05
   9.6787889e+05
   9.7367574e+05
   9.7644957e+05
   9.7820474e+05
   9.8149148e+05
   9.8255054e+05
   9.8502274e+05
   9.9266771e+05
   9.9426717e+05
   9.9876673e+05
   1.0216172e+06
   1.0279998e+06
   1.0309784e+06
   1.0329078e+06
   1.0347601e+06
   1.0376625e+06
   1.0400131e+06
   1.0436083e+06
   1.0474754e+06
   1.0490337e+06
   1.0519666e+06
   1.0549420e+06
   1.0567130e+06
   1.0588020e+06
   1.0820261e+06
   1.0846171e+06
   1.0858617e+06
   1.0875687e+06
   1.0894463e+06
   1.0915994e+06
   1.0957718e+06
   1.0980024e+06
   1.0991594e+06
   1.1015211e+06
   1.1036136e+06
   1.1061022e+06
   1.1076048e+06
   1.1097768e+06
   1.1119229e+06
   1.1142258e+06
   1.1158652e+06
   1.1175317e+06
   1.1197029e+06
   1.1416298e+06
   1.1435018e+06
   1.1466544e+06
   1.1493229e+06
   1.1505076e+06
   1.1518621e+06
   1.1538192e+06
   1.1554816e+06
   1.1572687e+06
   1.1586692e+06
   1.1620632e+06
   1.1649467e+06
   1.1662469e+06
   1.1687838e+06
   1.1709434e+06
   1.1734010e+06
   1.1753701e+06
   1.1783135e+06
   1.1796839e+06
   1.2013317e+06
   1.2040825e+06
   1.2056764e+06
   1.2070396e+06
   1.2083155e+06
   1.2100230e+06
   1.2113498e+06
   1.2131235e+06
   1.2150385e+06
   1.2163373e+06
   1.2182170e+06
   1.2248366e+06
   1.2268025e+06
   1.2318922e+06
   1.2338156e+06
   1.2358044e+06
   1.2382038e+06
   1.2394623e+06
   1.2628658e+06
   1.2652611e+06
   1.2678889e+06
   1.2697706e+06
   1.2728452e+06
   1.2743594e+06
   1.2775125e+06
   1.2799234e+06
   1.2817623e+06
   1.2830779e+06
   1.2855448e+06
   1.2880853e+06
   1.2959743e+06
   1.2975602e+06
   1.2991327e+06
   1.3225555e+06
   1.3250730e+06
   1.3267537e+06
   1.3292743e+06
   1.3323116e+06
   1.3339285e+06
   1.3366368e+06
   1.3385765e+06
   1.3409728e+06
   1.3431909e+06
   1.3443298e+06
   1.3479834e+06
   1.3495297e+06
   1.3559212e+06
   1.3583756e+06
   1.3817803e+06
   1.3838864e+06
   1.3865102e+06
   1.3891731e+06
   1.3905419e+06
   1.3919973e+06
   1.3957740e+06
   1.3980942e+06
   1.4000097e+06
   1.4025402e+06
   1.4043354e+06
   1.4074994e+06
   1.4111555e+06
   1.4127100e+06
   1.4149435e+06
   1.4176724e+06
   1.4191076e+06
   1.4424948e+06
   1.4441050e+06
   1.4453489e+06
   1.4466974e+06
   1.4490198e+06
   1.4519832e+06
   1.4533623e+06
   1.4555490e+06
   1.4567050e+06
   1.4605822e+06
   1.4618041e+06
   1.4631640e+06
   1.4654567e+06
   1.4671364e+06
   1.4692114e+06
   1.4736686e+06
   1.4765300e+06
   1.4777550e+06
   1.5038426e+06
   1.5053228e+06
   1.5083474e+06
   1.5121802e+06
   1.5145134e+06
   1.5159040e+06
   1.5168684e+06
   1.5185882e+06
   1.5227148e+06
   1.5248937e+06
   1.5266735e+06
   1.5296478e+06
   1.5319161e+06
   1.5334531e+06
   1.5369606e+06
   1.5386127e+06
   1.5610740e+06
   1.5631298e+06
   1.5653140e+06
   1.5673412e+06
   1.5693965e+06
   1.5715616e+06
   1.5736853e+06
   1.5758080e+06
   1.5773759e+06
   1.5783648e+06
   1.5797776e+06
   1.5817236e+06
   1.5831734e+06
   1.5918776e+06
   1.6219079e+06
   1.6239600e+06
   1.6266120e+06
   1.6279440e+06
   1.6294137e+06
   1.6314393e+06
   1.6349127e+06
   1.6360393e+06
   1.6390444e+06
   1.6401509e+06
   1.6424781e+06
   1.6449816e+06
   1.6470462e+06
   1.6483518e+06
   1.6505753e+06
   1.6520255e+06
   1.6532869e+06
   1.6555779e+06
   1.6568658e+06
   1.6592751e+06
   1.6812618e+06
   1.6835510e+06
   1.6851795e+06
   1.6890702e+06
   1.6903633e+06
   1.6936950e+06
   1.6952796e+06
   1.7063587e+06
   1.7087824e+06
   1.7105996e+06
   1.7124338e+06
   1.7134216e+06
   1.7153004e+06
   1.7178833e+06
   1.7190082e+06
   1.7457857e+06
   1.7483966e+06
   1.7498307e+06
   1.7526847e+06
   1.7612626e+06
   1.7634549e+06
   1.7747825e+06
   1.7769194e+06
   1.7798237e+06
   1.8019879e+06
   1.8043262e+06
   1.8056592e+06
   1.8074680e+06
   1.8104896e+06
   1.8253053e+06
   1.8271685e+06
   1.8337223e+06
   1.8349129e+06
   1.8368409e+06
   1.8395013e+06
   1.8638954e+06
   1.8658184e+06
   1.8705379e+06
   1.8722619e+06
   1.8744920e+06
   1.8758283e+06
   1.8786515e+06
   1.8802069e+06
   1.8817210e+06
   1.8838658e+06
   1.8860607e+06
   1.8880491e+06
   1.8895547e+06
   1.8914035e+06
   1.8926841e+06
   1.8948021e+06
   1.8973146e+06
   1.8986677e+06
   1.8999003e+06
