   1.2533243e+03
   2.9927660e+03
   4.9489769e+03
   5.9917597e+03
   6.9169965e+03
   8.7337060e+03
   1.0033138e+04
   1.1470415e+04
   1.2496489e+04
   1.4074602e+04
   1.6437119e+04
   1.8663578e+04
   1.9857133e+04
   2.1780872e+04
   2.3484552e+04
   2.5013344e+04
   2.6385771e+04
   2.7457541e+04
   2.8921521e+04
   3.0640335e+04
   3.5316447e+04
   3.6782973e+04
   3.9296654e+04
   4.0256167e+04
   4.1195104e+04
   4.2606256e+04
   4.3564707e+04
   4.4587557e+04
   4.6414392e+04
   4.8398768e+04
   4.9493936e+04
   5.1624958e+04
   5.3509955e+04
   5.5062055e+04
   5.6592505e+04
   5.8132511e+04
   5.9070288e+04
   1.0103023e+05
   1.0323758e+05
   1.0450728e+05
   1.0605622e+05
   1.0833822e+05
   1.0930851e+05
   1.1044856e+05
   1.1226734e+05
   1.1319167e+05
   1.1508742e+05
   1.1651415e+05
   1.1743580e+05
   1.1903986e+05
   1.1997946e+05
   1.6088531e+05
   1.6276350e+05
   1.6414561e+05
   1.6521775e+05
   1.6647238e+05
   1.6797013e+05
   1.7009571e+05
   1.7151440e+05
   1.7347254e+05
   1.7546038e+05
   1.7660613e+05
   1.7777686e+05
   1.7886092e+05
   1.7991885e+05
   2.2107119e+05
   2.2211948e+05
   2.2376355e+05
   2.2456459e+05
   2.2658763e+05
   2.2788437e+05
   2.3029126e+05
   2.3157153e+05
   2.3335327e+05
   2.3522674e+05
   2.3709167e+05
   2.3854805e+05
   2.3966751e+05
   2.8105176e+05
   2.8202558e+05
   2.8344274e+05
   2.8542620e+05
   2.8668611e+05
   2.8808355e+05
   2.8950109e+05
   2.9041652e+05
   2.9137370e+05
   2.9280690e+05
   2.9481821e+05
   2.9591567e+05
   2.9786940e+05
   2.9882880e+05
   3.4104300e+05
   3.4191537e+05
   3.4288219e+05
   3.4395463e+05
   3.4498158e+05
   3.4600069e+05
   3.4868884e+05
   3.5068460e+05
   3.5171642e+05
   3.5278240e+05
   3.5593188e+05
   3.5808447e+05
   3.5935448e+05
   4.0099470e+05
   4.0198902e+05
   4.0318551e+05
   4.0448139e+05
   4.0593168e+05
   4.0846302e+05
   4.0996865e+05
   4.1117751e+05
   4.1217437e+05
   4.1344997e+05
   4.1549031e+05
   4.1666661e+05
   4.1834877e+05
   4.1964025e+05
   4.6194294e+05
   4.6330757e+05
   4.6476352e+05
   4.6610552e+05
   4.6855689e+05
   4.6944302e+05
   4.7040859e+05
   4.7124716e+05
   4.7277760e+05
   4.7399575e+05
   4.7522369e+05
   4.7636526e+05
   4.7715336e+05
   4.7860609e+05
   4.7970744e+05
   5.2099840e+05
   5.2208841e+05
   5.2390544e+05
   5.2525483e+05
   5.2663398e+05
   5.2869391e+05
   5.2950200e+05
   5.3111331e+05
   5.3298030e+05
   5.3515674e+05
   5.3609200e+05
   5.3707839e+05
   5.3840215e+05
   5.3966567e+05
   5.8127919e+05
   5.8219830e+05
   5.8326676e+05
   5.8426576e+05
   5.8596056e+05
   5.8695878e+05
   5.8849488e+05
   5.8992759e+05
   5.9092385e+05
   5.9270767e+05
   5.9379185e+05
   5.9526480e+05
   5.9636863e+05
   5.9792326e+05
   5.9901681e+05
   5.9987138e+05
   6.0099297e+05
   6.0294256e+05
   6.0380461e+05
   6.0502332e+05
   6.0876620e+05
   6.0991560e+05
   6.1134934e+05
   6.1217196e+05
   6.1395933e+05
   6.1487876e+05
   6.1876349e+05
   6.1961135e+05
   6.2146431e+05
   6.2275549e+05
   6.2419010e+05
   6.2529907e+05
   6.2663188e+05
   6.2763742e+05
   6.2898621e+05
   6.3109102e+05
   6.3376946e+05
   6.3502965e+05
   6.3587476e+05
   6.3703278e+05
   6.3855677e+05
   6.3975513e+05
   6.4119771e+05
   6.4257224e+05
   6.4360519e+05
   6.4455306e+05
   6.4669642e+05
   6.4908066e+05
   6.4995418e+05
   6.5144686e+05
   6.5278181e+05
   6.5361860e+05
   6.5485455e+05
   6.5582807e+05
   6.5708889e+05
   6.5853491e+05
   6.5989224e+05
   6.6135245e+05
   6.6251375e+05
   6.6395990e+05
   6.6576764e+05
   6.6718683e+05
   6.6859473e+05
   6.7036359e+05
   6.7175971e+05
   6.7313131e+05
   6.7447529e+05
   6.7822561e+05
   6.7986125e+05
   6.8135865e+05
   6.8276876e+05
   6.8485106e+05
   6.8638907e+05
   6.8858177e+05
   6.8993446e+05
   6.9114960e+05
   6.9218751e+05
   6.9345993e+05
   6.9431730e+05
   6.9595880e+05
   6.9783503e+05
   6.9958101e+05
   7.0105129e+05
   7.0200553e+05
   7.0313488e+05
   7.0470876e+05
   7.0582299e+05
   7.0726402e+05
   7.0807638e+05
   7.0918179e+05
   7.1057864e+05
   7.1194564e+05
   7.1326771e+05
   7.1420240e+05
   7.1540935e+05
   7.1707090e+05
   7.1821982e+05
   7.1938932e+05
   7.2345131e+05
   7.2530020e+05
   7.2716480e+05
   7.2986054e+05
   7.3155663e+05
   7.3294189e+05
   7.3460879e+05
   7.3619286e+05
   7.3971772e+05
   7.4179840e+05
   7.4402093e+05
   7.4566675e+05
   7.4742678e+05
   7.4886660e+05
   7.4994677e+05
   7.5087327e+05
   7.5318111e+05
   7.5552365e+05
   7.5698331e+05
   7.5816312e+05
   7.6135554e+05
   7.6274408e+05
   7.6390540e+05
   7.6630488e+05
   7.6864194e+05
   7.6979329e+05
   7.7092339e+05
   7.7294336e+05
   7.7578710e+05
   7.7754890e+05
   7.7897646e+05
   8.2135670e+05
   8.2466363e+05
   8.2648020e+05
   8.2818113e+05
   8.2969818e+05
   8.3182466e+05
   8.3547178e+05
   8.3701153e+05
   8.3845654e+05
   8.8135029e+05
   8.8303386e+05
   8.8455533e+05
   8.8640835e+05
   8.8797504e+05
   8.8926973e+05
   8.9173422e+05
   8.9350171e+05
   8.9679888e+05
   8.9951484e+05
   9.4141278e+05
   9.4351645e+05
   9.4532893e+05
   9.4630370e+05
   9.4896639e+05
   9.5031326e+05
   9.5196348e+05
   9.5383086e+05
   9.5505674e+05
   9.5805554e+05
   9.5966254e+05
   1.0023733e+06
   1.0044420e+06
   1.0069841e+06
   1.0086712e+06
   1.0106781e+06
   1.0130342e+06
   1.0162541e+06
   1.0182120e+06
   1.0195960e+06
   1.0611450e+06
   1.0629959e+06
   1.0640838e+06
   1.0661135e+06
   1.0686419e+06
   1.0701087e+06
   1.0722531e+06
   1.0751193e+06
   1.0763798e+06
   1.0782354e+06
   1.0798348e+06
   1.1222614e+06
   1.1237095e+06
   1.1261075e+06
   1.1290153e+06
   1.1306893e+06
   1.1323795e+06
   1.1338153e+06
   1.1365834e+06
   1.1379169e+06
   1.1393205e+06
   1.1809222e+06
   1.1830040e+06
   1.1846058e+06
   1.1857978e+06
   1.1882748e+06
   1.1897525e+06
   1.1912281e+06
   1.1930615e+06
   1.1957518e+06
   1.1965822e+06
   1.1976007e+06
   1.1998062e+06
   1.2412135e+06
   1.2429332e+06
   1.2447479e+06
   1.2464437e+06
   1.2482091e+06
   1.2503011e+06
   1.2520235e+06
   1.2559201e+06
   1.2574377e+06
   1.2586697e+06
   1.3020779e+06
   1.3037237e+06
   1.3052829e+06
   1.3084264e+06
   1.3096309e+06
   1.3112123e+06
   1.3137836e+06
   1.3154866e+06
   1.3179643e+06
   1.3192213e+06
   1.3633100e+06
   1.3650306e+06
   1.3660882e+06
   1.3682525e+06
   1.3694970e+06
   1.3728109e+06
   1.3752396e+06
   1.3765552e+06
   1.3780093e+06
   1.3798700e+06
   1.4221831e+06
   1.4233971e+06
   1.4251235e+06
   1.4262041e+06
   1.4300685e+06
   1.4311773e+06
   1.4325964e+06
   1.4337455e+06
   1.4355519e+06
   1.4367994e+06
   1.4380393e+06
   1.4399818e+06
   1.4815999e+06
   1.4827096e+06
   1.4842940e+06
   1.4883352e+06
   1.4914364e+06
   1.4930002e+06
   1.4952508e+06
   1.4983952e+06
   1.5416981e+06
   1.5443496e+06
   1.5457762e+06
   1.5482773e+06
   1.5501072e+06
   1.5521163e+06
   1.5538176e+06
   1.6011557e+06
   1.6027693e+06
   1.6040352e+06
   1.6055924e+06
   1.6066707e+06
   1.6084321e+06
   1.6102752e+06
   1.6152338e+06
   1.6169122e+06
   1.6186130e+06
   1.6611963e+06
   1.6625168e+06
   1.6643176e+06
   1.6655631e+06
   1.6682463e+06
   1.6717037e+06
   1.6732068e+06
   1.6760217e+06
   1.6776470e+06
   1.6787432e+06
   1.7211477e+06
   1.7224575e+06
   1.7234157e+06
   1.7246106e+06
   1.7258927e+06
   1.7290189e+06
   1.7318875e+06
   1.7356256e+06
   1.7367210e+06
   1.7377033e+06
   1.7813208e+06
   1.7834541e+06
   1.7848743e+06
   1.7862920e+06
   1.7886563e+06
   1.7901224e+06
   1.7914834e+06
   1.7928305e+06
   1.7952390e+06
   1.7972417e+06
   1.7986143e+06
   1.8410944e+06
   1.8429780e+06
   1.8442534e+06
   1.8462910e+06
   1.8484313e+06
   1.8499559e+06
   1.8528199e+06
   1.8558032e+06
   1.8570161e+06
   1.8582435e+06
   1.9014568e+06
   1.9027284e+06
   1.9040205e+06
   1.9055369e+06
   1.9067432e+06
   1.9080066e+06
   1.9092602e+06
   1.9114968e+06
   1.9124581e+06
   1.9154231e+06
   1.9170424e+06
   1.9188573e+06
   6.1181684e+04
   6.2499097e+04
   6.4085586e+04
   6.5705148e+04
   6.7008445e+04
   6.9991636e+04
   7.1961849e+04
   7.3358669e+04
   7.4788442e+04
   7.5762607e+04
   7.6579203e+04
   7.7545118e+04
   7.8592074e+04
   8.0326901e+04
   8.2332855e+04
   8.3589844e+04
   8.4548627e+04
   8.6089164e+04
   8.7754531e+04
   8.8722707e+04
   9.0720115e+04
   9.1765059e+04
   9.2959370e+04
   9.4052138e+04
   9.6512917e+04
   9.7914407e+04
   9.9821199e+04
   1.2108207e+05
   1.2280480e+05
   1.2390871e+05
   1.2479347e+05
   1.2632196e+05
   1.2781547e+05
   1.2926844e+05
   1.3104917e+05
   1.3255045e+05
   1.3346079e+05
   1.3514276e+05
   1.3647764e+05
   1.3761525e+05
   1.3903271e+05
   1.4025162e+05
   1.4167009e+05
   1.4296789e+05
   1.4498003e+05
   1.4640799e+05
   1.4775880e+05
   1.4932973e+05
   1.5086056e+05
   1.5301854e+05
   1.5463524e+05
   1.5590389e+05
   1.5789766e+05
   1.5921501e+05
   1.8295395e+05
   1.8419033e+05
   1.8561099e+05
   1.8840710e+05
   1.9563489e+05
   1.9878492e+05
   2.0050110e+05
   2.0209023e+05
   2.0331145e+05
   2.0567075e+05
   2.0744834e+05
   2.0898457e+05
   2.1022739e+05
   2.1119060e+05
   2.1554518e+05
   2.1644920e+05
   2.1939193e+05
   2.4129913e+05
   2.4284057e+05
   2.4394857e+05
   2.4618016e+05
   2.4748720e+05
   2.4904502e+05
   2.5099155e+05
   2.5198783e+05
   2.5352193e+05
   2.5507797e+05
   2.5609091e+05
   2.5707173e+05
   2.5811400e+05
   2.5968807e+05
   2.6099308e+05
   2.6215430e+05
   2.6346036e+05
   2.6474885e+05
   2.6570844e+05
   2.6861788e+05
   2.7100882e+05
   2.7267167e+05
   2.7441404e+05
   2.7545964e+05
   2.7690248e+05
   2.7814727e+05
   2.7951245e+05
   3.0123473e+05
   3.0354703e+05
   3.0526282e+05
   3.0667080e+05
   3.0824461e+05
   3.0961293e+05
   3.1093787e+05
   3.1269052e+05
   3.1478332e+05
   3.1625861e+05
   3.1786871e+05
   3.1896522e+05
   3.2147395e+05
   3.2300324e+05
   3.2384567e+05
   3.2573251e+05
   3.2718508e+05
   3.2846261e+05
   3.2965715e+05
   3.3272587e+05
   3.3542053e+05
   3.3689146e+05
   3.3803337e+05
   3.6183040e+05
   3.6320539e+05
   3.6459188e+05
   3.6606787e+05
   3.6811895e+05
   3.6928387e+05
   3.7077616e+05
   3.7219406e+05
   3.7318712e+05
   3.7415470e+05
   3.7569269e+05
   3.7726613e+05
   3.7881944e+05
   3.8042117e+05
   3.8130465e+05
   3.8275070e+05
   3.8374661e+05
   3.8637786e+05
   3.8749236e+05
   3.8863184e+05
   3.9109777e+05
   3.9300939e+05
   3.9470069e+05
   3.9596352e+05
   3.9750868e+05
   3.9911935e+05
   4.2172784e+05
   4.2297855e+05
   4.2424943e+05
   4.2574061e+05
   4.2762310e+05
   4.2986566e+05
   4.3108079e+05
   4.3200431e+05
   4.3303736e+05
   4.3483862e+05
   4.3584303e+05
   4.3789661e+05
   4.3874157e+05
   4.4010967e+05
   4.4156470e+05
   4.4274914e+05
   4.4430365e+05
   4.4592367e+05
   4.4933500e+05
   4.5091806e+05
   4.5255526e+05
   4.5434787e+05
   4.5621334e+05
   4.5800316e+05
   4.5924320e+05
   4.8145760e+05
   4.8261318e+05
   4.8344911e+05
   4.8478980e+05
   4.8587508e+05
   4.8802692e+05
   4.8942527e+05
   4.9064036e+05
   4.9218257e+05
   4.9333130e+05
   4.9442118e+05
   4.9580902e+05
   4.9710706e+05
   4.9818822e+05
   4.9940255e+05
   5.0056789e+05
   5.0158470e+05
   5.0329896e+05
   5.0710826e+05
   5.0831823e+05
   5.0981675e+05
   5.1269479e+05
   5.1394412e+05
   5.1495976e+05
   5.1699920e+05
   5.1827924e+05
   5.1982983e+05
   5.4179103e+05
   5.4430576e+05
   5.4546615e+05
   5.4674232e+05
   5.4784783e+05
   5.4919052e+05
   5.5107095e+05
   5.5252693e+05
   5.5397681e+05
   5.5683763e+05
   5.5867792e+05
   5.6071366e+05
   5.6196778e+05
   5.6329359e+05
   5.6432036e+05
   5.6633974e+05
   5.6868341e+05
   5.7016487e+05
   5.7142658e+05
   5.7335711e+05
   5.7448060e+05
   5.7589744e+05
   5.7693261e+05
   5.7810875e+05
   5.7992803e+05
   7.8227082e+05
   7.8620313e+05
   7.8960554e+05
   7.9302482e+05
   7.9420500e+05
   7.9714838e+05
   7.9855557e+05
   8.0021218e+05
   8.0286253e+05
   8.0399805e+05
   8.0567749e+05
   8.0897020e+05
   8.1246750e+05
   8.1400546e+05
   8.1576460e+05
   8.1783064e+05
   8.1989752e+05
   8.4150227e+05
   8.4452666e+05
   8.4678722e+05
   8.4807953e+05
   8.4998667e+05
   8.5140937e+05
   8.5405728e+05
   8.5552181e+05
   8.5783179e+05
   8.5915775e+05
   8.6076017e+05
   8.6230440e+05
   8.6370726e+05
   8.6652661e+05
   8.6931326e+05
   8.7055915e+05
   8.7443991e+05
   8.7715533e+05
   8.7877170e+05
   9.0184582e+05
   9.0347925e+05
   9.0492431e+05
   9.0671803e+05
   9.0871661e+05
   9.1071672e+05
   9.1232908e+05
   9.1361367e+05
   9.1609339e+05
   9.1802543e+05
   9.1956702e+05
   9.2106010e+05
   9.2500579e+05
   9.2692651e+05
   9.2960237e+05
   9.3156726e+05
   9.3391372e+05
   9.3517815e+05
   9.3774635e+05
   9.3981262e+05
   9.6247150e+05
   9.6510259e+05
   9.6669756e+05
   9.6966204e+05
   9.7167653e+05
   9.7447539e+05
   9.7865179e+05
   9.8068422e+05
   9.8306271e+05
   9.8510581e+05
   9.8705466e+05
   9.8860960e+05
   9.9167104e+05
   9.9719186e+05
   9.9905040e+05
   1.0220607e+06
   1.0258116e+06
   1.0291169e+06
   1.0320536e+06
   1.0334783e+06
   1.0350725e+06
   1.0375412e+06
   1.0387659e+06
   1.0419205e+06
   1.0441939e+06
   1.0458079e+06
   1.0490957e+06
   1.0504911e+06
   1.0522545e+06
   1.0536423e+06
   1.0551974e+06
   1.0573880e+06
   1.0587013e+06
   1.0815896e+06
   1.0831697e+06
   1.0875878e+06
   1.0891389e+06
   1.0967776e+06
   1.0997227e+06
   1.1021412e+06
   1.1069866e+06
   1.1090523e+06
   1.1108302e+06
   1.1130666e+06
   1.1143614e+06
   1.1160925e+06
   1.1173462e+06
   1.1196401e+06
   1.1429193e+06
   1.1443082e+06
   1.1464201e+06
   1.1479031e+06
   1.1497556e+06
   1.1519203e+06
   1.1540613e+06
   1.1554174e+06
   1.1568453e+06
   1.1581105e+06
   1.1597402e+06
   1.1626087e+06
   1.1659596e+06
   1.1675351e+06
   1.1703725e+06
   1.1728333e+06
   1.1765032e+06
   1.1794409e+06
   1.2024739e+06
   1.2053030e+06
   1.2063478e+06
   1.2081497e+06
   1.2096468e+06
   1.2111711e+06
   1.2161958e+06
   1.2187669e+06
   1.2199719e+06
   1.2219588e+06
   1.2239952e+06
   1.2265664e+06
   1.2294361e+06
   1.2328490e+06
   1.2356478e+06
   1.2369657e+06
   1.2387173e+06
   1.2614132e+06
   1.2644930e+06
   1.2659907e+06
   1.2679573e+06
   1.2705338e+06
   1.2728752e+06
   1.2744437e+06
   1.2760027e+06
   1.2785344e+06
   1.2801194e+06
   1.2920167e+06
   1.2945466e+06
   1.2958984e+06
   1.2982025e+06
   1.3228384e+06
   1.3239898e+06
   1.3262013e+06
   1.3277352e+06
   1.3293162e+06
   1.3310921e+06
   1.3357272e+06
   1.3413024e+06
   1.3435889e+06
   1.3453223e+06
   1.3482560e+06
   1.3510975e+06
   1.3531543e+06
   1.3545394e+06
   1.3562129e+06
   1.3578383e+06
   1.3825155e+06
   1.3871912e+06
   1.3898286e+06
   1.3919614e+06
   1.3947913e+06
   1.3964153e+06
   1.3990299e+06
   1.4015137e+06
   1.4029399e+06
   1.4056766e+06
   1.4097134e+06
   1.4112131e+06
   1.4129244e+06
   1.4147965e+06
   1.4166902e+06
   1.4182432e+06
   1.4412330e+06
   1.4445511e+06
   1.4504034e+06
   1.4517113e+06
   1.4532715e+06
   1.4547023e+06
   1.4566918e+06
   1.4588950e+06
   1.4605525e+06
   1.4631029e+06
   1.4661823e+06
   1.4674355e+06
   1.4719612e+06
   1.5015768e+06
   1.5037878e+06
   1.5051786e+06
   1.5073356e+06
   1.5108675e+06
   1.5615798e+06
   1.5628931e+06
   1.5646963e+06
   1.5673573e+06
   1.5695759e+06
   1.5715277e+06
   1.5747705e+06
   1.5777701e+06
   1.5799974e+06
   1.5818501e+06
   1.5849224e+06
   1.5865668e+06
   1.5884533e+06
   1.5897721e+06
   1.5921579e+06
   1.5937143e+06
   1.5951232e+06
   1.5971900e+06
   1.6222955e+06
   1.6240410e+06
   1.6314914e+06
   1.6328320e+06
   1.6361125e+06
   1.6382767e+06
   1.6398475e+06
   1.6413052e+06
   1.6440075e+06
   1.6461670e+06
   1.6475838e+06
   1.6496849e+06
   1.6512619e+06
   1.6535619e+06
   1.6555532e+06
   1.6571662e+06
   1.6591927e+06
   1.7067475e+06
   1.7083502e+06
   1.7096912e+06
   1.7113708e+06
   1.7137661e+06
   1.7153959e+06
   1.7190586e+06
   1.7413678e+06
   1.7428884e+06
   1.7492648e+06
   1.7510256e+06
   1.7534044e+06
   1.7543988e+06
   1.7561562e+06
   1.7577125e+06
   1.7591326e+06
   1.7608220e+06
   1.7632228e+06
   1.7641577e+06
   1.7660416e+06
   1.7678326e+06
   1.7696188e+06
   1.7708852e+06
   1.7725728e+06
   1.7742347e+06
   1.7765473e+06
   1.7776200e+06
   1.8033856e+06
   1.8056161e+06
   1.8093227e+06
   1.8117607e+06
   1.8143080e+06
   1.8155793e+06
   1.8194656e+06
   1.8222880e+06
   1.8263276e+06
   1.8294193e+06
   1.8309705e+06
   1.8323979e+06
   1.8344642e+06
   1.8368794e+06
   1.8385273e+06
   1.8623410e+06
   1.8635100e+06
   1.8648627e+06
   1.8674454e+06
   1.8688759e+06
   1.8717574e+06
   1.8739531e+06
   1.8767469e+06
   1.8785138e+06
   1.8803678e+06
   1.8824324e+06
   1.8844464e+06
   1.8858816e+06
   1.8873390e+06
   1.8893409e+06
   1.8912045e+06
   1.8931486e+06
   1.8948372e+06
   1.8956965e+06
   1.8971997e+06
   1.8986438e+06
