   5.3448772e+03
   7.0706245e+03
   9.4876402e+03
   1.2930070e+04
   1.6651366e+04
   1.8142375e+04
   2.2376940e+04
   2.6521243e+04
   8.6208883e+04
   4.0177679e+04
   4.0332691e+04
   4.2785313e+04
   4.4285410e+04
   4.5879097e+04
   4.6142407e+04
   4.8787539e+04
   5.1648272e+04
   5.3730702e+04
   5.4960312e+04
   5.8430751e+04
   5.9995291e+04
   9.9977838e+04
   1.0641544e+05
   1.0923025e+05
   1.1460885e+05
   1.1607756e+05
   1.1830583e+05
   1.6012020e+05
   1.6240966e+05
   1.6372234e+05
   1.6590164e+05
   1.6697051e+05
   1.6805947e+05
   1.7051252e+05
   1.7255105e+05
   1.7361206e+05
   1.7304862e+05
   1.7469913e+05
   1.7748799e+05
   1.8019031e+05
   2.2179273e+05
   2.2379925e+05
   2.2517813e+05
   2.2712203e+05
   2.2807938e+05
   2.2975670e+05
   2.3154558e+05
   2.3345705e+05
   2.3422404e+05
   2.3779183e+05
   2.3936269e+05
   2.8019138e+05
   2.8061043e+05
   2.8520462e+05
   2.8773305e+05
   2.8910284e+05
   2.9081673e+05
   2.9239266e+05
   2.9526973e+05
   2.9646475e+05
   2.9992021e+05
   3.4006316e+05
   3.4084056e+05
   3.4216079e+05
   3.4912922e+05
   3.5097044e+05
   3.5323465e+05
   3.5563625e+05
   3.5702160e+05
   3.5923927e+05
   4.0047308e+05
   4.0266410e+05
   4.0425609e+05
   4.0525572e+05
   4.0775931e+05
   4.0919823e+05
   4.1344936e+05
   4.6096722e+05
   4.6230500e+05
   4.6362218e+05
   4.6619032e+05
   4.6843789e+05
   4.7039244e+05
   4.7195817e+05
   4.7578253e+05
   4.7723469e+05
   4.7831373e+05
   4.7978708e+05
   5.2005669e+05
   5.2165551e+05
   5.2313271e+05
   5.2581789e+05
   5.2858935e+05
   5.2968267e+05
   5.3520261e+05
   5.3765313e+05
   5.3921684e+05
   5.8184686e+05
   5.8542990e+05
   5.8704184e+05
   5.8845815e+05
   5.8964574e+05
   5.9089313e+05
   5.9235721e+05
   5.9413143e+05
   5.9413849e+05
   5.9642764e+05
   5.9882723e+05
   6.0466345e+05
   6.0788709e+05
   6.1770238e+05
   6.1932764e+05
   6.2169148e+05
   6.2390810e+05
   6.2728281e+05
   6.3177683e+05
   6.3457359e+05
   6.3706174e+05
   6.3942465e+05
   6.4177963e+05
   6.4396623e+05
   6.4703304e+05
   6.4901043e+05
   6.5215072e+05
   6.5651798e+05
   6.6065300e+05
   6.6242283e+05
   6.6439585e+05
   6.9758700e+05
   6.9978357e+05
   7.0232324e+05
   7.0545722e+05
   7.0796453e+05
   7.0969339e+05
   7.1104556e+05
   7.1310074e+05
   7.2457311e+05
   7.2685395e+05
   7.2828663e+05
   7.3258962e+05
   7.3822120e+05
   7.3977217e+05
   7.4237223e+05
   7.4389031e+05
   7.4534566e+05
   7.4684462e+05
   7.4975951e+05
   7.5394245e+05
   7.5626190e+05
   7.5823641e+05
   7.6084811e+05
   7.6176468e+05
   7.6273383e+05
   7.6387091e+05
   7.6479715e+05
   7.6562001e+05
   7.6635242e+05
   7.6841173e+05
   7.7006075e+05
   7.7638251e+05
   7.7804680e+05
   7.7986837e+05
   8.2091731e+05
   8.2198548e+05
   8.2273445e+05
   8.2404177e+05
   8.2471548e+05
   8.2567150e+05
   8.2657602e+05
   8.3019122e+05
   8.3200375e+05
   8.3316666e+05
   8.3670667e+05
   8.8088309e+05
   8.8211448e+05
   8.8284130e+05
   8.8398013e+05
   8.8496013e+05
   8.8612623e+05
   8.9180783e+05
   8.9317803e+05
   8.9616944e+05
   8.9781682e+05
   8.9982082e+05
   9.4107127e+05
   9.4204164e+05
   9.4314644e+05
   9.4420264e+05
   9.4540406e+05
   9.4628167e+05
   9.4916849e+05
   9.5332259e+05
   9.5827824e+05
   1.0009933e+06
   1.0020478e+06
   1.0029397e+06
   1.0041336e+06
   1.0050264e+06
   1.0060931e+06
   1.0098546e+06
   1.0119170e+06
   1.0134274e+06
   1.0177687e+06
   1.0194690e+06
   1.0613150e+06
   1.0632462e+06
   1.0645108e+06
   1.0657071e+06
   1.0666242e+06
   1.0697172e+06
   1.0716635e+06
   1.0736669e+06
   1.0780602e+06
   1.0794393e+06
   1.1210140e+06
   1.1228159e+06
   1.1237473e+06
   1.1254854e+06
   1.1267931e+06
   1.1284524e+06
   1.1296419e+06
   1.1325120e+06
   1.1361980e+06
   1.1387460e+06
   1.1811060e+06
   1.1819957e+06
   1.1832873e+06
   1.1845411e+06
   1.1867585e+06
   1.1903832e+06
   1.1920374e+06
   1.1952990e+06
   1.1968850e+06
   1.1981514e+06
   1.2413631e+06
   1.2424787e+06
   1.2441276e+06
   1.2452591e+06
   1.2463630e+06
   1.2483312e+06
   1.2569228e+06
   1.2580640e+06
   1.2598279e+06
   1.3013005e+06
   1.3026307e+06
   1.3039614e+06
   1.3049497e+06
   1.3061297e+06
   1.3085177e+06
   1.3112517e+06
   1.3123814e+06
   1.3157876e+06
   1.3176760e+06
   1.3615669e+06
   1.3635507e+06
   1.3649929e+06
   1.3660607e+06
   1.3721994e+06
   1.3737375e+06
   1.3765773e+06
   1.3789947e+06
   1.4216305e+06
   1.4227662e+06
   1.4242248e+06
   1.4264246e+06
   1.4299748e+06
   1.4326899e+06
   1.4369545e+06
   1.4391606e+06
   1.4809220e+06
   1.4825129e+06
   1.4840647e+06
   1.4864574e+06
   1.4889888e+06
   1.4910693e+06
   1.4969174e+06
   1.5411649e+06
   1.5423465e+06
   1.5446044e+06
   1.5460253e+06
   1.5482018e+06
   1.5502427e+06
   1.5521724e+06
   1.5560709e+06
   1.5586368e+06
   1.6013170e+06
   1.6028238e+06
   1.6046383e+06
   1.6057734e+06
   1.6093711e+06
   1.6115165e+06
   1.6132349e+06
   1.6153852e+06
   1.6172942e+06
   1.6194557e+06
   1.6613682e+06
   1.6627469e+06
   1.6643098e+06
   1.6653388e+06
   1.6663543e+06
   1.6704304e+06
   1.6721969e+06
   1.6767198e+06
   1.6790755e+06
   1.7210994e+06
   1.7224249e+06
   1.7242118e+06
   1.7254219e+06
   1.7299059e+06
   1.7311999e+06
   1.7330528e+06
   1.7360924e+06
   1.7383470e+06
   1.7399893e+06
   1.7814945e+06
   1.7831864e+06
   1.7846936e+06
   1.7863018e+06
   1.7907048e+06
   1.7921961e+06
   1.7957521e+06
   1.7994225e+06
   1.8412531e+06
   1.8439225e+06
   1.8454673e+06
   1.8465375e+06
   1.8485146e+06
   1.8510282e+06
   1.8528427e+06
   1.8566086e+06
   1.8595808e+06
   1.9018704e+06
   1.9041600e+06
   1.9057135e+06
   1.9085224e+06
   1.9107358e+06
   1.9161318e+06
   1.9182079e+06
   1.9196933e+06
   6.0282863e+04
   6.3106634e+04
   6.4813535e+04
   7.2713472e+04
   7.5102911e+04
   7.6603135e+04
   7.7920769e+04
   7.9865480e+04
   8.8155928e+04
   1.5278935e+05
   1.5510834e+05
   1.8720966e+05
   1.9047551e+05
   1.9170437e+05
   1.9545091e+05
   1.9861321e+05
   2.0149328e+05
   2.0482061e+05
   2.0625310e+05
   2.0929134e+05
   2.1149046e+05
   2.4170839e+05
   2.4602146e+05
   2.4820710e+05
   2.5030101e+05
   2.5300694e+05
   2.5567553e+05
   2.5919356e+05
   2.6168263e+05
   2.7005941e+05
   2.7178663e+05
   2.7336046e+05
   2.7551358e+05
   3.0349575e+05
   3.1356526e+05
   3.1560330e+05
   3.1800936e+05
   3.1960675e+05
   3.2270705e+05
   3.2447458e+05
   3.2604214e+05
   3.2834217e+05
   3.3044326e+05
   3.3548183e+05
   3.6152896e+05
   3.6305359e+05
   3.6551156e+05
   3.6747731e+05
   3.7028978e+05
   3.7494891e+05
   3.7615107e+05
   3.7814677e+05
   3.8071344e+05
   3.8244605e+05
   3.8472874e+05
   3.8630597e+05
   3.8811567e+05
   3.9032106e+05
   3.9273227e+05
   3.9520163e+05
   3.9759924e+05
   4.2267842e+05
   4.2550027e+05
   4.2890163e+05
   4.3115839e+05
   4.3300639e+05
   4.3683976e+05
   5.0161674e+05
   5.1204161e+05
   5.1353177e+05
   5.1695032e+05
   5.1921325e+05
   5.4153331e+05
   5.4605399e+05
   5.4807903e+05
   5.4957784e+05
   5.5118369e+05
   5.5271189e+05
   5.5573018e+05
   5.5917983e+05
   5.6043146e+05
   5.6184639e+05
   5.6337084e+05
   5.6546998e+05
   5.6963674e+05
   5.7165703e+05
   5.7427893e+05
   7.8280079e+05
   7.8546001e+05
   7.8765585e+05
   7.8958405e+05
   7.9133067e+05
   7.9349926e+05
   7.9510005e+05
   7.9975848e+05
   8.0095300e+05
   8.0230428e+05
   8.0394991e+05
   8.0576447e+05
   8.0731418e+05
   8.1007204e+05
   8.1194160e+05
   8.1783691e+05
   8.4334409e+05
   8.4688470e+05
   8.5533979e+05
   8.6089430e+05
   8.6364381e+05
   8.6655195e+05
   8.6832555e+05
   8.7071023e+05
   8.7480588e+05
   8.7696997e+05
   9.0486335e+05
   9.0843112e+05
   9.1008269e+05
   9.1502498e+05
   9.1683302e+05
   9.1839214e+05
   9.2244012e+05
   9.2434119e+05
   9.2575406e+05
   9.2762389e+05
   9.2993794e+05
   9.3142080e+05
   9.3494127e+05
   9.6212094e+05
   9.6356381e+05
   9.6530759e+05
   9.6975718e+05
   9.7269248e+05
   9.7593169e+05
   9.7820994e+05
   9.8440330e+05
   9.8707760e+05
   9.8910781e+05
   9.9231614e+05
   9.9509417e+05
   9.9727984e+05
   1.0214244e+06
   1.0245570e+06
   1.0256999e+06
   1.0276061e+06
   1.0296940e+06
   1.0317775e+06
   1.0349869e+06
   1.0364995e+06
   1.0385827e+06
   1.0408737e+06
   1.0426756e+06
   1.0442725e+06
   1.0838614e+06
   1.0852626e+06
   1.0925162e+06
   1.0967282e+06
   1.0983932e+06
   1.0996348e+06
   1.1178436e+06
   1.1197577e+06
   1.1432859e+06
   1.1475158e+06
   1.1495691e+06
   1.1507527e+06
   1.1551252e+06
   1.1585588e+06
   1.1609145e+06
   1.1686058e+06
   1.1706636e+06
   1.1736340e+06
   1.1756857e+06
   1.1796672e+06
   1.2091541e+06
   1.2111702e+06
   1.2140094e+06
   1.2160252e+06
   1.2210042e+06
   1.2228339e+06
   1.2259232e+06
   1.2302638e+06
   1.2325775e+06
   1.2346959e+06
   1.2374008e+06
   1.2629829e+06
   1.2718607e+06
   1.2760367e+06
   1.2780834e+06
   1.2812426e+06
   1.2826740e+06
   1.2857438e+06
   1.2908001e+06
   1.2937021e+06
   1.2963528e+06
   1.2978420e+06
   1.3227575e+06
   1.3253155e+06
   1.3309272e+06
   1.3329098e+06
   1.3345223e+06
   1.3356381e+06
   1.3412843e+06
   1.3431257e+06
   1.3463308e+06
   1.3493300e+06
   1.3508669e+06
   1.3529891e+06
   1.3596658e+06
   1.3859997e+06
   1.3875241e+06
   1.3903281e+06
   1.3941893e+06
   1.3961724e+06
   1.3978524e+06
   1.4033554e+06
   1.4058584e+06
   1.4084192e+06
   1.4105591e+06
   1.4162039e+06
   1.4179787e+06
   1.4479817e+06
   1.4563447e+06
   1.4591486e+06
   1.4612368e+06
   1.4633602e+06
   1.5022643e+06
   1.5041524e+06
   1.5056886e+06
   1.5081290e+06
   1.5135775e+06
   1.5208687e+06
   1.5266126e+06
   1.5290671e+06
   1.5314983e+06
   1.5647613e+06
   1.5666217e+06
   1.5758141e+06
   1.5786569e+06
   1.5814123e+06
   1.5831258e+06
   1.5845346e+06
   1.5868970e+06
   1.5909678e+06
   1.5946628e+06
   1.5965811e+06
   1.5980110e+06
   1.5996950e+06
   1.6225621e+06
   1.6250523e+06
   1.6280864e+06
   1.6301633e+06
   1.6331993e+06
   1.6401600e+06
   1.6425284e+06
   1.6443524e+06
   1.6486772e+06
   1.6504468e+06
   1.6527697e+06
   1.6540469e+06
   1.6561050e+06
   1.6577475e+06
   1.6599209e+06
   1.6815143e+06
   1.6829443e+06
   1.6863422e+06
   1.6891159e+06
   1.6921339e+06
   1.6953778e+06
   1.6978998e+06
   1.7037751e+06
   1.7049256e+06
   1.7075963e+06
   1.7096326e+06
   1.7119814e+06
   1.7137433e+06
   1.7172586e+06
   1.7423488e+06
   1.7460158e+06
   1.7484245e+06
   1.7617586e+06
   1.7632079e+06
   1.7652504e+06
   1.7683479e+06
   1.7722522e+06
   1.7750039e+06
   1.8031529e+06
   1.8075019e+06
   1.8106922e+06
   1.8138631e+06
   1.8164332e+06
   1.8196748e+06
   1.8220657e+06
   1.8263493e+06
   1.8287228e+06
   1.8316745e+06
   1.8345079e+06
   1.8357008e+06
   1.8371836e+06
   1.8399819e+06
   1.8615264e+06
   1.8633022e+06
   1.8656912e+06
   1.8683000e+06
   1.8717734e+06
   1.8742223e+06
   1.8788878e+06
   1.8806458e+06
   1.8886472e+06
   1.8901195e+06
   1.8927503e+06
   1.8956009e+06
   1.8976883e+06
   3.5951702e+05
   3.5968701e+05
   3.5988521e+05
   4.1927130e+05
   4.1943963e+05
   4.1954633e+05
   4.1980654e+05
   4.7926752e+05
   4.7946150e+05
   4.7970574e+05
   4.7988858e+05
   5.3936085e+05
   5.3953212e+05
   5.3979647e+05
   5.3999644e+05
   5.9913942e+05
   5.9928701e+05
   5.9944379e+05
   5.9961366e+05
   5.9978991e+05
   5.9993570e+05
   5.9987387e+05
   5.9999442e+05
