   1.0425823e+03
   1.3762610e+03
   1.6263672e+03
   4.3961014e+03
   5.4713744e+03
   6.1199431e+03
   6.4032277e+03
   7.7987720e+03
   8.5078567e+03
   9.0840803e+03
   9.4613868e+03
   1.0780738e+04
   1.1061322e+04
   1.1890678e+04
   1.2130911e+04
   1.5571680e+04
   1.6194205e+04
   1.6914806e+04
   1.7294774e+04
   1.8085897e+04
   1.8515819e+04
   4.0236074e+04
   4.0504534e+04
   4.0649581e+04
   4.0859581e+04
   4.1000424e+04
   4.1149782e+04
   4.1319563e+04
   4.1321270e+04
   4.1710323e+04
   4.1974013e+04
   4.2211251e+04
   4.2454775e+04
   4.2648775e+04
   4.2885125e+04
   4.3238696e+04
   4.3581817e+04
   4.3746697e+04
   4.3929289e+04
   4.4132626e+04
   4.4395680e+04
   4.4683316e+04
   4.4935904e+04
   4.5058608e+04
   4.5333449e+04
   4.5553600e+04
   4.5823804e+04
   4.6154352e+04
   4.6334784e+04
   4.6477204e+04
   4.6728788e+04
   4.6976368e+04
   4.7370654e+04
   4.7570302e+04
   4.7729469e+04
   4.7863058e+04
   4.7986186e+04
   4.8138169e+04
   4.8295796e+04
   4.8449918e+04
   4.8635685e+04
   4.8811258e+04
   4.8963576e+04
   4.9108780e+04
   4.9284683e+04
   4.9428762e+04
   4.9651836e+04
   4.9810233e+04
   5.0016343e+04
   5.0137348e+04
   5.0274469e+04
   5.0398332e+04
   5.0538960e+04
   5.0663229e+04
   5.0858111e+04
   5.0967956e+04
   5.1165255e+04
   5.1329059e+04
   5.1579523e+04
   5.1747407e+04
   5.1953073e+04
   5.2082804e+04
   5.2463077e+04
   5.2597514e+04
   5.2895346e+04
   5.3034352e+04
   5.3215373e+04
   5.3365374e+04
   5.3557397e+04
   5.3759992e+04
   5.3895205e+04
   5.4283303e+04
   5.4468647e+04
   5.4630621e+04
   5.4786828e+04
   5.4984185e+04
   5.5173005e+04
   5.5416742e+04
   5.5721960e+04
   5.5870537e+04
   5.5999974e+04
   5.6162231e+04
   5.6313190e+04
   5.6540011e+04
   5.6797528e+04
   5.6942055e+04
   5.7087175e+04
   5.7296049e+04
   5.7660361e+04
   5.7885712e+04
   5.8002017e+04
   5.8181929e+04
   5.8360800e+04
   5.8603543e+04
   5.8744781e+04
   5.8925101e+04
   5.9152965e+04
   5.9328815e+04
   5.9506527e+04
   5.9685461e+04
   5.9840366e+04
   5.9979229e+04
   6.0196711e+04
   6.0423645e+04
   6.1573867e+04
   6.2559805e+04
   6.2996309e+04
   6.3190739e+04
   6.3675418e+04
   6.4135377e+04
   6.4434791e+04
   6.4983934e+04
   6.5267091e+04
   6.5650325e+04
   6.8074683e+04
   7.1041625e+04
   7.1288198e+04
   7.1965702e+04
   7.3040669e+04
   8.1305042e+04
   8.1718122e+04
   8.2101839e+04
   8.2776868e+04
   8.3404899e+04
   8.3748657e+04
   8.4486954e+04
   8.4788397e+04
   9.0880471e+04
   9.1540874e+04
   9.2268971e+04
   9.2707938e+04
   9.2920215e+04
   9.3401960e+04
   9.4674939e+04
   9.5130948e+04
   9.5516413e+04
   9.5723804e+04
   9.6087761e+04
   9.6461166e+04
   1.0017651e+05
   1.0033568e+05
   1.0049957e+05
   1.0065904e+05
   1.0089724e+05
   1.0140983e+05
   1.0161429e+05
   1.0183289e+05
   1.0206475e+05
   1.0227042e+05
   1.0247194e+05
   1.0293162e+05
   1.0340214e+05
   1.0370126e+05
   1.0389443e+05
   1.0410945e+05
   1.0435198e+05
   1.0450622e+05
   1.0479983e+05
   1.0497659e+05
   1.0555977e+05
   1.0576683e+05
   1.0606797e+05
   1.0630801e+05
   1.0653862e+05
   1.0669485e+05
   1.0684192e+05
   1.0725864e+05
   1.0754238e+05
   1.0776976e+05
   1.0793174e+05
   1.0816870e+05
   1.0834279e+05
   1.0852146e+05
   1.0884212e+05
   1.0926461e+05
   1.0955525e+05
   1.0976009e+05
   1.0999681e+05
   1.1029034e+05
   1.1046461e+05
   1.1061923e+05
   1.1084634e+05
   1.1105730e+05
   1.1129719e+05
   1.1145178e+05
   1.1166666e+05
   1.1191584e+05
   1.1210062e+05
   1.1230141e+05
   1.1279698e+05
   1.1300829e+05
   1.1327516e+05
   1.1341491e+05
   1.1373441e+05
   1.1390770e+05
   1.1452551e+05
   1.1499165e+05
   1.1530884e+05
   1.1557057e+05
   1.1618926e+05
   1.1685132e+05
   1.1709004e+05
   1.1761304e+05
   1.1780723e+05
   1.1798757e+05
   1.1838220e+05
   1.1882378e+05
   1.1918153e+05
   1.1941052e+05
   1.1964842e+05
   1.2035429e+05
   1.2067975e+05
   1.2114153e+05
   1.2148856e+05
   1.2355103e+05
   1.2398854e+05
   1.2475150e+05
   1.2555425e+05
   1.2576817e+05
   1.2598242e+05
   1.2661453e+05
   1.2711325e+05
   1.2766597e+05
   1.2824552e+05
   1.2931451e+05
   1.3068536e+05
   1.3179531e+05
   1.3217308e+05
   1.3515189e+05
   1.3546677e+05
   1.3716311e+05
   1.3789152e+05
   1.3854915e+05
   1.3881022e+05
   1.3904766e+05
   1.3965162e+05
   1.3989494e+05
   1.4013776e+05
   1.4042435e+05
   1.4087264e+05
   1.4207770e+05
   1.4288288e+05
   1.4310231e+05
   1.4333846e+05
   1.4373581e+05
   1.4403542e+05
   1.4466970e+05
   1.4616064e+05
   1.4646369e+05
   1.4696249e+05
   1.4742413e+05
   1.4767951e+05
   1.4800104e+05
   1.4835315e+05
   1.4971199e+05
   1.5095171e+05
   1.5123032e+05
   1.5159534e+05
   1.6066251e+05
   1.6099987e+05
   1.6124982e+05
   1.6190428e+05
   1.6230122e+05
   1.6339980e+05
   1.6373478e+05
   1.6403511e+05
   1.6446276e+05
   1.6471246e+05
   1.6495149e+05
   1.6618287e+05
   1.6634071e+05
   1.6663527e+05
   1.6839952e+05
   1.6853119e+05
   1.6865493e+05
   1.6877867e+05
   1.6891207e+05
   1.6904282e+05
   1.6923519e+05
   1.6939888e+05
   1.6955250e+05
   1.6977283e+05
   1.6994439e+05
   1.7008052e+05
   1.7024892e+05
   1.7039327e+05
   1.7054973e+05
   1.7070096e+05
   1.7084319e+05
   1.7098996e+05
   1.7118449e+05
   1.7131731e+05
   1.7154586e+05
   1.7166964e+05
   1.7184363e+05
   1.7197416e+05
   1.7207707e+05
   1.7224555e+05
   1.7235039e+05
   1.7250215e+05
   1.7262835e+05
   1.7278073e+05
   1.7288238e+05
   1.7302575e+05
   1.7317882e+05
   1.7334870e+05
   1.7346192e+05
   1.7357171e+05
   1.7368936e+05
   1.7385311e+05
   1.7424764e+05
   1.7439452e+05
   1.7455091e+05
   1.7478085e+05
   1.7508975e+05
   1.7530134e+05
   1.7550317e+05
   1.7566378e+05
   1.7586953e+05
   1.7625091e+05
   1.7654167e+05
   1.7672827e+05
   1.7693751e+05
   1.7719537e+05
   1.7737617e+05
   1.7757590e+05
   1.7775527e+05
   1.7797529e+05
   1.7821291e+05
   1.7841528e+05
   1.7858942e+05
   1.7877327e+05
   1.7896226e+05
   1.7918952e+05
   1.7934251e+05
   1.7961353e+05
   1.8034309e+05
   1.8081271e+05
   1.8123454e+05
   1.8210238e+05
   1.8278317e+05
   1.8328265e+05
   1.8358288e+05
   1.8562021e+05
   1.8594759e+05
   1.8641077e+05
   1.8703946e+05
   1.9455514e+05
   1.9497888e+05
   1.9534369e+05
   1.9616253e+05
   1.9669890e+05
   1.9702530e+05
   1.9765559e+05
   1.9807938e+05
   1.9850555e+05
   1.9893197e+05
   1.9930950e+05
   1.9965103e+05
   2.0039860e+05
   2.0077055e+05
   2.0202536e+05
   2.0256806e+05
   2.0276980e+05
   2.0296068e+05
   2.0695939e+05
   2.0745532e+05
   2.0817959e+05
   2.0838826e+05
   2.0870769e+05
   2.0904812e+05
   2.1027469e+05
   2.1055523e+05
   2.1086717e+05
   2.1137998e+05
   2.1197181e+05
   2.1228378e+05
   2.1299014e+05
   2.1353110e+05
   2.1496619e+05
   2.1546954e+05
   2.1622360e+05
   2.2016426e+05
   2.2034753e+05
   2.2052309e+05
   2.2069501e+05
   2.2087714e+05
   2.2128062e+05
   2.2144388e+05
   2.2169792e+05
   2.2184798e+05
   2.2216335e+05
   2.2235426e+05
   2.2265436e+05
   2.2287005e+05
   2.2299906e+05
   2.2313410e+05
   2.2329594e+05
   2.2346535e+05
   2.2368950e+05
   2.2391851e+05
   2.2406569e+05
   2.2426795e+05
   2.2446075e+05
   2.2477093e+05
   2.2500072e+05
   2.2513639e+05
   2.2529364e+05
   2.2541308e+05
   2.2558916e+05
   2.2573025e+05
   2.2587862e+05
   2.2605522e+05
   2.2631851e+05
   2.2657890e+05
   2.2673559e+05
   2.2692833e+05
   2.2730425e+05
   2.2753630e+05
   2.2779110e+05
   2.2813179e+05
   2.2833573e+05
   2.2870907e+05
   2.2888485e+05
   2.2914534e+05
   2.2932637e+05
   2.2948678e+05
   2.2995748e+05
   2.3011032e+05
   2.3027575e+05
   2.3085256e+05
   2.3108913e+05
   2.3130147e+05
   2.3144678e+05
   2.3183215e+05
   2.3201099e+05
   2.3228550e+05
   2.3246378e+05
   2.3285924e+05
   2.3344817e+05
   2.3364650e+05
   2.3394337e+05
   2.3436867e+05
   2.3454973e+05
   2.3492972e+05
   2.3507443e+05
   2.3530413e+05
   2.3554675e+05
   2.3573949e+05
   2.3602137e+05
   2.3633095e+05
   2.3664468e+05
   2.3680314e+05
   2.3709611e+05
   2.3729410e+05
   2.3780408e+05
   2.3817114e+05
   2.3831748e+05
   2.3851070e+05
   2.3876750e+05
   2.3895064e+05
   2.3915427e+05
   2.3933383e+05
   2.3959652e+05
   2.3982350e+05
   2.3999298e+05
   2.4040797e+05
   2.4081217e+05
   2.4464634e+05
   2.4572995e+05
   2.4644297e+05
   2.4766346e+05
   2.4809536e+05
   2.4905939e+05
   2.4934035e+05
   2.4997219e+05
   2.5446822e+05
   2.5495312e+05
   2.5620159e+05
   2.5705594e+05
   2.5735363e+05
   2.5779050e+05
   2.5832570e+05
   2.5910141e+05
   2.6001990e+05
   2.6051540e+05
   2.6147683e+05
   2.6220955e+05
   2.6260128e+05
   2.6353325e+05
   2.6539106e+05
   2.6665968e+05
   2.6725693e+05
   2.6824323e+05
   2.6935546e+05
   2.6984221e+05
   2.7233984e+05
   2.7267766e+05
   2.7288979e+05
   2.7335249e+05
   2.7377221e+05
   2.7424996e+05
   2.7482036e+05
   2.7547854e+05
   2.7593694e+05
   2.7735412e+05
   2.7775709e+05
   2.7808887e+05
   2.7902447e+05
   2.7955802e+05
   2.8033485e+05
   2.8060725e+05
   2.8082776e+05
   2.8099962e+05
   2.8134043e+05
   2.8156262e+05
   2.8180999e+05
   2.8206646e+05
   2.8234219e+05
   2.8257261e+05
   2.8289988e+05
   2.8312833e+05
   2.8333920e+05
   2.8352146e+05
   2.8376166e+05
   2.8441775e+05
   2.8464472e+05
   2.8489663e+05
   2.8514408e+05
   2.8546441e+05
   2.8560953e+05
   2.8579847e+05
   2.8599393e+05
   2.8640884e+05
   2.8658408e+05
   2.8684023e+05
   2.8697573e+05
   2.8743912e+05
   2.8758793e+05
   2.8797048e+05
   2.8827889e+05
   2.8856064e+05
   2.8888606e+05
   2.8913371e+05
   2.8928572e+05
   2.8953653e+05
   2.8976199e+05
   2.8992116e+05
   2.9020011e+05
   2.9049195e+05
   2.9064311e+05
   2.9080607e+05
   2.9102445e+05
   2.9122606e+05
   2.9155967e+05
   2.9179671e+05
   2.9199558e+05
   2.9233479e+05
   2.9261506e+05
   2.9278571e+05
   2.9310414e+05
   2.9331803e+05
   2.9364504e+05
   2.9391238e+05
   2.9442131e+05
   2.9461494e+05
   2.9482980e+05
   2.9504504e+05
   2.9529128e+05
   2.9549089e+05
   2.9568834e+05
   2.9592494e+05
   2.9617995e+05
   2.9637752e+05
   2.9665237e+05
   2.9762171e+05
   2.9781466e+05
   2.9812579e+05
   2.9867192e+05
   2.9907568e+05
   2.9929131e+05
   2.9954102e+05
   2.9994392e+05
   3.0144663e+05
   3.0236651e+05
   3.0375926e+05
   3.0470730e+05
   3.0540340e+05
   3.0598857e+05
   3.0999157e+05
   3.1029811e+05
   3.1048781e+05
   3.1076705e+05
   3.1267153e+05
   3.1307864e+05
   3.3016562e+05
   3.3066618e+05
   3.3124492e+05
   3.3168918e+05
   3.3246160e+05
   3.3284099e+05
   3.3353130e+05
   3.3412694e+05
   3.3446559e+05
   3.3501091e+05
   3.3545030e+05
   3.3606418e+05
   3.3824996e+05
   3.3876207e+05
   3.3906747e+05
   3.3948593e+05
   3.4392423e+05
   3.4423421e+05
   3.4486433e+05
   3.4522861e+05
   3.4556020e+05
   3.4590486e+05
   3.4656607e+05
   3.4696958e+05
   3.4737577e+05
   3.4764408e+05
   3.4787627e+05
   3.4862422e+05
   3.4901202e+05
   3.4951229e+05
   3.4986257e+05
   3.5011625e+05
   3.5044095e+05
   3.5073161e+05
   3.5138781e+05
   3.5171873e+05
   3.5201993e+05
   3.5233284e+05
   3.5264131e+05
   3.5284299e+05
   3.5308499e+05
   3.5333822e+05
   3.5364642e+05
   3.5392523e+05
   3.5466056e+05
   3.5493396e+05
   3.5553605e+05
   3.5581483e+05
   3.5618555e+05
   3.5641990e+05
   3.5675371e+05
   3.5713432e+05
   3.5736280e+05
   3.5764871e+05
   3.5807211e+05
   3.5850174e+05
   3.5871439e+05
   3.6060174e+05
   3.6139578e+05
   3.6171218e+05
   3.6401118e+05
   4.0013836e+05
   4.0027258e+05
   4.0040139e+05
   4.0071332e+05
   4.0088528e+05
   4.0103749e+05
   4.0122577e+05
   4.0139952e+05
   4.0152394e+05
   4.0167205e+05
   4.0182371e+05
   4.0196057e+05
   4.0217150e+05
   4.0230717e+05
   4.0248392e+05
   4.0268007e+05
   4.0280861e+05
   4.0292131e+05
   4.0307063e+05
   4.0321375e+05
   4.0336001e+05
   4.0349092e+05
   4.0363617e+05
   4.0377721e+05
   4.0395731e+05
   4.0410715e+05
   4.0422937e+05
   4.0436201e+05
   4.0451360e+05
   4.0475128e+05
   4.0498967e+05
   4.0516421e+05
   4.0540308e+05
   4.0556951e+05
   4.0577110e+05
   4.0593222e+05
   4.0606802e+05
   4.0623041e+05
   4.0635775e+05
   4.0651021e+05
   4.0665570e+05
   4.0683164e+05
   4.0733381e+05
   4.0762793e+05
   4.0792242e+05
   4.0840785e+05
   4.0889042e+05
   4.0916233e+05
   4.0947681e+05
   4.0970526e+05
   4.1015170e+05
   4.1041723e+05
   4.1061430e+05
   4.1083988e+05
   4.1129398e+05
   4.1159362e+05
   4.1198975e+05
   4.1263971e+05
   4.1285856e+05
   4.1442480e+05
   4.1484023e+05
   4.1511554e+05
   4.1535958e+05
   4.1583593e+05
   4.1625169e+05
   4.1638768e+05
   4.1660801e+05
   4.1688858e+05
   4.1717908e+05
   4.1741033e+05
   4.1762714e+05
   4.1786123e+05
   4.1846753e+05
   4.1884261e+05
   4.1912449e+05
   4.1937758e+05
   4.1978405e+05
   4.2068548e+05
   4.2111281e+05
   4.2142558e+05
   4.2181787e+05
   4.2232675e+05
   4.2268840e+05
   4.2305997e+05
   4.2359724e+05
   4.2461813e+05
   4.2507792e+05
   4.2553244e+05
   4.2588245e+05
   4.2613557e+05
   4.2723130e+05
   4.2801719e+05
   4.2850857e+05
   4.3100259e+05
   4.3177737e+05
   4.3216692e+05
   4.3317892e+05
   4.3375176e+05
   4.3421687e+05
   4.3472263e+05
   4.3516763e+05
   4.3848570e+05
   4.3890076e+05
   4.3946896e+05
   4.3967823e+05
   4.4000555e+05
   4.4088173e+05
   4.4114829e+05
   4.4166290e+05
   4.4270585e+05
   4.4357447e+05
   4.4408451e+05
   4.4471871e+05
   4.4499861e+05
   4.4531277e+05
   4.4589500e+05
   4.4614964e+05
   4.4680466e+05
   4.4710433e+05
   4.4732260e+05
   4.4759614e+05
   4.4812168e+05
   4.4936544e+05
   4.4961861e+05
   4.5054914e+05
   4.5740629e+05
   4.5818705e+05
   4.5968173e+05
   4.6051720e+05
   4.6153378e+05
   4.6293991e+05
   4.6336235e+05
   4.6379409e+05
   4.6653122e+05
   4.6998928e+05
   4.7042831e+05
   4.7074393e+05
   4.7105588e+05
   4.7122002e+05
   4.7150358e+05
   4.7169982e+05
   4.7193047e+05
   4.7223971e+05
   4.7257617e+05
   4.7290764e+05
   4.7354099e+05
   4.7379050e+05
   4.7483802e+05
   4.7508534e+05
   4.7541616e+05
   4.7573904e+05
   4.7618526e+05
   4.7653691e+05
   4.7712045e+05
   4.7733326e+05
   4.7792274e+05
   4.7858919e+05
   4.7889973e+05
   4.7930767e+05
   4.7966382e+05
   4.8058561e+05
   4.8082823e+05
   4.8152500e+05
   4.8223814e+05
   4.8251805e+05
   4.8293622e+05
   4.8348474e+05
   4.8387490e+05
   4.8423224e+05
   4.8461367e+05
   4.8509503e+05
   4.8645844e+05
   4.8695027e+05
   4.8728316e+05
   4.8806484e+05
   4.8855292e+05
   4.8967154e+05
   4.9024322e+05
   4.9082910e+05
   4.9110428e+05
   4.9170396e+05
   4.9216758e+05
   4.9368551e+05
   4.9494373e+05
   4.9519777e+05
   5.1479634e+05
   5.1522300e+05
   5.1591414e+05
   5.1696983e+05
   5.1717484e+05
   5.1741108e+05
   5.2037298e+05
   5.2107925e+05
   5.2139907e+05
   5.2158914e+05
   5.2299871e+05
   5.2367554e+05
   5.2467268e+05
   5.2499780e+05
   5.2538773e+05
   5.2754317e+05
   5.2783970e+05
   5.2801053e+05
   5.2837706e+05
   5.2865662e+05
   5.2890045e+05
   5.2909545e+05
   5.2927291e+05
   5.2952755e+05
   5.2978511e+05
   5.2998222e+05
   5.3018755e+05
   5.3046046e+05
   5.3064639e+05
   5.3085627e+05
   5.3099220e+05
   5.3115912e+05
   5.3136834e+05
   5.3157790e+05
   5.3176597e+05
   5.3190080e+05
   5.3206883e+05
   5.3230493e+05
   5.3246777e+05
   5.3262727e+05
   5.3284457e+05
   5.3310485e+05
   5.3329014e+05
   5.3347182e+05
   5.3368455e+05
   5.3381672e+05
   5.3457328e+05
   5.3674496e+05
   5.3715746e+05
   5.3795717e+05
   5.3837607e+05
   5.3897636e+05
   5.3920994e+05
   5.3964192e+05
   5.3984351e+05
   5.4092988e+05
   5.4137027e+05
   5.4261089e+05
   5.4303514e+05
   5.4345542e+05
   5.4403262e+05
   5.4527784e+05
   5.4561628e+05
   5.5321541e+05
   5.5435180e+05
   5.5463693e+05
   5.5583590e+05
   5.6273196e+05
   5.6346658e+05
   5.6369599e+05
   5.6460499e+05
   5.6532249e+05
   5.6626060e+05
   5.6692066e+05
   5.6722543e+05
   5.6770030e+05
   5.6819962e+05
   5.6933388e+05
   5.6972412e+05
   5.7000192e+05
   5.7093261e+05
   5.7154131e+05
   5.7187135e+05
   5.7242246e+05
   5.7277934e+05
   5.7535265e+05
   5.7581460e+05
   5.7610249e+05
   5.7689050e+05
   5.7716377e+05
   5.7798901e+05
   5.7930607e+05
   5.7980934e+05
   5.8033827e+05
   5.8069880e+05
   5.8102705e+05
   5.8137357e+05
   5.8210931e+05
   5.8250906e+05
   5.8268049e+05
   5.8345222e+05
   5.8382165e+05
   5.8424858e+05
   5.8449385e+05
   5.8474148e+05
   5.8558902e+05
   5.8588284e+05
   5.8627172e+05
   5.8658410e+05
   5.8817401e+05
   5.8853389e+05
   5.8878433e+05
   5.8901398e+05
   5.8977736e+05
   5.9021064e+05
   5.9050414e+05
   5.9072976e+05
   5.9096801e+05
   5.9138025e+05
   5.9172979e+05
   5.9214944e+05
   5.9244643e+05
   5.9272034e+05
   5.9295983e+05
   5.9317867e+05
   5.9354456e+05
   5.9388441e+05
   5.9439162e+05
   5.9470257e+05
   5.9494776e+05
   5.9585821e+05
   5.9615590e+05
   5.9638827e+05
   5.9674728e+05
   5.9709149e+05
   5.9739929e+05
   5.9811638e+05
   5.9836019e+05
   5.9891045e+05
   5.9928992e+05
   5.9973368e+05
   6.0067241e+05
   6.0095984e+05
   6.0137864e+05
   6.0241993e+05
   6.0278486e+05
   6.0301468e+05
   6.0357505e+05
   6.0431835e+05
   6.0475820e+05
   6.0495076e+05
   6.0549249e+05
   6.0684917e+05
   6.0726022e+05
   6.0790367e+05
   6.0862069e+05
   6.0901545e+05
   6.0945640e+05
   6.1999607e+05
   6.2382980e+05
   6.2408602e+05
   6.2445407e+05
   6.2474040e+05
   6.2516464e+05
   6.2553080e+05
   6.2572294e+05
   6.2601555e+05
   6.2637699e+05
   6.2877228e+05
   6.2907846e+05
   6.3041135e+05
   6.3148721e+05
   6.3278999e+05
   6.3304257e+05
   6.3325312e+05
   6.3447128e+05
   6.3536415e+05
   6.3578423e+05
   6.3619069e+05
   6.3658967e+05
   6.4268245e+05
   6.4339966e+05
   6.4372473e+05
   6.4405165e+05
   6.4444643e+05
   6.4493234e+05
   6.4631590e+05
   6.4661306e+05
   6.4689142e+05
   6.4817771e+05
   6.4888459e+05
   6.5655536e+05
   6.5708341e+05
   6.5792013e+05
   6.5826198e+05
   6.5994873e+05
   6.6020794e+05
   6.6072008e+05
   6.6094376e+05
   6.6239925e+05
   6.6301549e+05
   6.6324878e+05
   6.8026798e+05
   6.8095280e+05
   6.8135344e+05
   6.8175405e+05
   6.8243698e+05
   6.8565658e+05
   6.8603596e+05
   6.8649287e+05
   6.8669479e+05
   6.8694541e+05
   6.8724037e+05
   6.8777721e+05
   6.8815167e+05
   6.8875007e+05
   6.8939740e+05
   6.9129138e+05
   6.9186707e+05
   6.9235047e+05
   6.9278312e+05
   6.9317506e+05
   6.9370168e+05
   6.9413333e+05
   6.9558437e+05
   6.9653279e+05
   6.9753382e+05
   6.9786838e+05
   6.9851562e+05
   6.9898825e+05
   6.9937354e+05
   6.9979294e+05
   7.0085437e+05
   7.0812326e+05
   7.0860893e+05
   7.0893556e+05
   7.0920524e+05
   7.0972042e+05
   7.1003091e+05
   7.1246510e+05
   7.1332225e+05
   7.1398713e+05
   7.1442284e+05
   7.1462275e+05
   7.1512438e+05
   7.1574146e+05
   7.1690244e+05
   7.1847414e+05
   7.1880301e+05
   7.1929591e+05
   7.1992515e+05
   7.2056302e+05
   7.2164498e+05
   7.2264483e+05
   7.2353713e+05
   7.2369568e+05
   7.2435075e+05
   7.2486606e+05
   7.2532492e+05
   7.2607025e+05
   7.2789544e+05
   7.2857690e+05
   7.2950559e+05
   7.2992422e+05
   7.3044158e+05
   7.3064133e+05
   7.3341382e+05
   7.3374847e+05
   7.3403775e+05
   7.3429082e+05
   7.3451805e+05
   7.3767172e+05
   7.3800723e+05
   7.3855856e+05
   7.3893351e+05
   7.3937876e+05
   7.3964866e+05
   7.4051644e+05
   7.4099138e+05
   7.4131654e+05
   7.4150689e+05
   7.4171431e+05
   7.4253543e+05
   7.4281074e+05
   7.4298914e+05
   7.4452864e+05
   7.4496660e+05
   7.4555951e+05
   7.4584814e+05
   7.4625408e+05
   7.4674880e+05
   7.4884588e+05
   7.4979340e+05
   7.5015028e+05
   7.5043481e+05
   7.5083246e+05
   7.5137136e+05
   7.5193743e+05
   7.6005721e+05
   7.6039386e+05
   7.6067007e+05
   7.6083616e+05
   7.6110710e+05
   7.6139171e+05
   7.6482461e+05
   7.6502008e+05
   7.6520277e+05
   7.6572422e+05
   7.6594045e+05
   7.6608443e+05
   7.6659923e+05
   7.6682009e+05
   7.6757506e+05
   7.6779776e+05
   7.6818553e+05
   7.6849025e+05
   7.6891136e+05
   7.6940301e+05
   7.7022832e+05
   7.7043135e+05
   7.7068444e+05
   7.7122556e+05
   7.7140351e+05
   7.7174003e+05
   7.7193764e+05
   7.7216688e+05
   7.7234252e+05
   7.7290331e+05
   7.7310861e+05
   7.7669915e+05
   7.7735249e+05
   7.7749455e+05
   7.7834191e+05
   7.7854019e+05
   7.7884576e+05
   7.7962149e+05
   7.7979306e+05
   7.8635881e+05
   7.8689141e+05
   7.8710144e+05
   7.8839752e+05
   7.8865208e+05
   8.2013769e+05
   8.2022678e+05
   8.2036766e+05
   8.2053298e+05
   8.2066665e+05
   8.2085479e+05
   8.2101152e+05
   8.2116106e+05
   8.2129516e+05
   8.2140810e+05
   8.2152096e+05
   8.2171867e+05
   8.2185609e+05
   8.2211274e+05
   8.2253207e+05
   8.2281305e+05
   8.2292389e+05
   8.2311267e+05
   8.2324881e+05
   8.2337633e+05
   8.2359459e+05
   8.2373992e+05
   8.2387686e+05
   8.2422713e+05
   8.2438573e+05
   8.2453943e+05
   8.2483136e+05
   8.2520328e+05
   8.2539393e+05
   8.2571926e+05
   8.2594324e+05
   8.2610350e+05
   8.2626936e+05
   8.2646619e+05
   8.2671952e+05
   8.2694630e+05
   8.2733199e+05
   8.2755400e+05
   8.2776344e+05
   8.2793858e+05
   8.2833200e+05
   8.2847991e+05
   8.2870733e+05
   8.2897803e+05
   8.2917984e+05
   8.2943477e+05
   8.2963283e+05
   8.2979866e+05
   8.3003295e+05
   8.3024827e+05
   8.3041295e+05
   8.3055856e+05
   8.3074618e+05
   8.3099894e+05
   8.3118218e+05
   8.3148001e+05
   8.3173746e+05
   8.3189019e+05
   8.3219310e+05
   8.3245429e+05
   8.3263611e+05
   8.3276009e+05
   8.3289347e+05
   8.3315473e+05
   8.3332649e+05
   8.3350627e+05
   8.3379221e+05
   8.3460473e+05
   8.3484343e+05
   8.3506433e+05
   8.3530170e+05
   8.3558151e+05
   8.3581853e+05
   8.3608866e+05
   8.3627571e+05
   8.3646291e+05
   8.3660652e+05
   8.3677799e+05
   8.3693627e+05
   8.3721612e+05
   8.3740588e+05
   8.3764925e+05
   8.3777646e+05
   8.3800181e+05
   8.3827000e+05
   8.3867328e+05
   8.3883372e+05
   8.3908548e+05
   8.3923143e+05
   8.3953752e+05
   8.3972295e+05
   8.3990417e+05
   8.4057070e+05
   8.4100361e+05
   8.4142447e+05
   8.4392313e+05
   8.4471643e+05
   8.4565278e+05
   8.4582710e+05
   8.4617673e+05
   8.5151105e+05
   8.5177560e+05
   8.5203712e+05
   8.5380991e+05
   8.5399394e+05
   8.5443855e+05
   8.5525622e+05
   8.5574968e+05
   8.5797110e+05
   8.5839027e+05
   8.5872351e+05
   8.5904382e+05
   8.6155048e+05
   8.6259030e+05
   8.6353446e+05
   8.6423369e+05
   8.6491178e+05
   8.6575035e+05
   8.6596048e+05
   8.6845275e+05
   8.6925488e+05
   8.6962153e+05
   8.7025677e+05
   8.7043828e+05
   8.7078429e+05
   8.7143364e+05
   8.7217285e+05
   8.7241250e+05
   8.7269294e+05
   8.7630890e+05
   8.7657322e+05
   8.7673344e+05
   8.7705882e+05
   8.7751834e+05
   8.7844184e+05
   8.7890809e+05
   8.7938380e+05
   8.8012143e+05
   8.8024190e+05
   8.8038715e+05
   8.8054250e+05
   8.8068764e+05
   8.8088792e+05
   8.8108272e+05
   8.8121820e+05
   8.8138417e+05
   8.8154009e+05
   8.8169494e+05
   8.8189932e+05
   8.8208622e+05
   8.8220785e+05
   8.8229961e+05
   8.8242488e+05
   8.8256064e+05
   8.8275469e+05
   8.8317204e+05
   8.8328780e+05
   8.8343874e+05
   8.8356227e+05
   8.8368859e+05
   8.8387129e+05
   8.8431412e+05
   8.8451749e+05
   8.8462538e+05
   8.8476798e+05
   8.8491656e+05
   8.8507488e+05
   8.8524528e+05
   8.8537074e+05
   8.8552933e+05
   8.8568284e+05
   8.8584791e+05
   8.8600934e+05
   8.8613690e+05
   8.8668947e+05
   8.8686840e+05
   8.8698207e+05
   8.8774137e+05
   8.8808029e+05
   8.8819444e+05
   8.8833816e+05
   8.8848427e+05
   8.8865013e+05
   8.8879811e+05
   8.8892690e+05
   8.8926941e+05
   8.8953173e+05
   8.8982129e+05
   8.9001462e+05
   8.9014241e+05
   8.9029170e+05
   8.9046698e+05
   8.9070274e+05
   8.9089310e+05
   8.9105015e+05
   8.9127636e+05
   8.9143597e+05
   8.9179403e+05
   8.9195182e+05
   8.9212649e+05
   8.9238054e+05
   8.9255503e+05
   8.9274128e+05
   8.9291199e+05
   8.9336441e+05
   8.9357593e+05
   8.9369419e+05
   8.9384224e+05
   8.9430601e+05
   8.9457179e+05
   8.9478120e+05
   8.9504064e+05
   8.9524257e+05
   8.9542747e+05
   8.9572899e+05
   8.9602568e+05
   8.9618921e+05
   8.9675150e+05
   8.9700265e+05
   8.9746649e+05
   8.9776162e+05
   8.9791297e+05
   8.9805983e+05
   8.9824255e+05
   8.9845497e+05
   8.9860220e+05
   8.9891418e+05
   8.9903596e+05
   8.9924186e+05
   8.9955187e+05
   8.9970451e+05
   8.9985683e+05
   9.0021073e+05
   9.0132562e+05
   9.0539959e+05
   9.0559956e+05
   9.0617805e+05
   9.0636919e+05
   9.0665490e+05
   9.0716244e+05
   9.0754448e+05
   9.0817426e+05
   9.0869193e+05
   9.0908538e+05
   9.0936023e+05
   9.0968376e+05
   9.0981904e+05
   9.1020096e+05
   9.1056325e+05
   9.1083140e+05
   9.1141108e+05
   9.1165755e+05
   9.1189355e+05
   9.1470926e+05
   9.1507014e+05
   9.1584649e+05
   9.1648225e+05
   9.1664616e+05
   9.1687553e+05
   9.1750803e+05
   9.2089647e+05
   9.2196863e+05
   9.2306684e+05
   9.2327407e+05
   9.2404262e+05
   9.2522410e+05
   9.2662823e+05
   9.2681667e+05
   9.2887721e+05
   9.2917835e+05
   9.3292052e+05
   9.3373890e+05
   9.3436275e+05
   9.3486980e+05
   9.3505193e+05
   9.3555070e+05
   9.3614163e+05
   9.3839567e+05
   9.4017319e+05
   9.4029295e+05
   9.4062601e+05
   9.4089252e+05
   9.4102881e+05
   9.4122777e+05
   9.4140064e+05
   9.4152308e+05
   9.4167488e+05
   9.4219099e+05
   9.4230883e+05
   9.4248109e+05
   9.4268525e+05
   9.4280733e+05
   9.4302075e+05
   9.4332324e+05
   9.4344332e+05
   9.4383335e+05
   9.4398347e+05
   9.4412339e+05
   9.4431566e+05
   9.4442067e+05
   9.4457494e+05
   9.4480535e+05
   9.4495505e+05
   9.4521783e+05
   9.4536143e+05
   9.4560558e+05
   9.4576668e+05
   9.4592541e+05
   9.4605947e+05
   9.4617393e+05
   9.4630423e+05
   9.4644500e+05
   9.4664764e+05
   9.4682140e+05
   9.4698334e+05
   9.4735511e+05
   9.4837117e+05
   9.4850495e+05
   9.4892462e+05
   9.4907246e+05
   9.4922033e+05
   9.4936901e+05
   9.4950905e+05
   9.4978586e+05
   9.4990283e+05
   9.5011163e+05
   9.5022913e+05
   9.5049849e+05
   9.5066129e+05
   9.5082769e+05
   9.5126573e+05
   9.5161903e+05
   9.5179058e+05
   9.5195441e+05
   9.5223987e+05
   9.5238635e+05
   9.5263921e+05
   9.5278255e+05
   9.5298242e+05
   9.5314154e+05
   9.5326339e+05
   9.5343374e+05
   9.5362373e+05
   9.5375985e+05
   9.5389769e+05
   9.5429317e+05
   9.5441520e+05
   9.5460165e+05
   9.5476157e+05
   9.5503155e+05
   9.5518939e+05
   9.5534163e+05
   9.5549558e+05
   9.5582784e+05
   9.5594702e+05
   9.5611971e+05
   9.5642110e+05
   9.5667980e+05
   9.5706971e+05
   9.5721697e+05
   9.5743926e+05
   9.5757913e+05
   9.5777428e+05
   9.5803084e+05
   9.5813960e+05
   9.5832229e+05
   9.5861928e+05
   9.6079945e+05
   9.6113215e+05
   9.6173833e+05
   9.6214874e+05
   9.6248237e+05
   9.6315345e+05
   9.6394159e+05
   9.6410578e+05
   9.6463028e+05
   9.6514135e+05
   9.6796167e+05
   9.6880414e+05
   9.7161571e+05
   9.7204591e+05
   9.7888795e+05
   9.7921012e+05
   9.8003005e+05
   9.8031862e+05
   9.8121640e+05
   9.8142895e+05
   9.8173296e+05
   9.8241682e+05
   9.8391590e+05
   9.8431277e+05
   9.8461108e+05
   9.8596474e+05
   9.8666385e+05
   9.8727838e+05
   9.9141172e+05
   9.9177000e+05
   9.9661311e+05
   9.9807760e+05
   1.0003246e+06
   1.0004698e+06
   1.0006254e+06
   1.0007579e+06
   1.0011813e+06
   1.0012988e+06
   1.0015248e+06
   1.0016335e+06
   1.0017522e+06
   1.0020052e+06
   1.0021315e+06
   1.0022458e+06
   1.0024555e+06
   1.0025720e+06
   1.0026748e+06
   1.0029127e+06
   1.0030020e+06
   1.0031976e+06
   1.0033541e+06
   1.0035174e+06
   1.0037398e+06
   1.0038818e+06
   1.0042137e+06
   1.0043260e+06
   1.0044703e+06
   1.0046342e+06
   1.0047439e+06
   1.0048654e+06
   1.0049709e+06
   1.0051208e+06
   1.0053292e+06
   1.0054852e+06
   1.0056423e+06
   1.0058882e+06
   1.0059841e+06
   1.0062059e+06
   1.0063656e+06
   1.0066993e+06
   1.0069134e+06
   1.0071910e+06
   1.0073379e+06
   1.0074608e+06
   1.0075975e+06
   1.0077535e+06
   1.0079023e+06
   1.0081090e+06
   1.0084107e+06
   1.0085419e+06
   1.0087166e+06
   1.0088615e+06
   1.0090009e+06
   1.0091918e+06
   1.0092961e+06
   1.0094363e+06
   1.0096556e+06
   1.0098315e+06
   1.0099484e+06
   1.0101336e+06
   1.0103885e+06
   1.0104965e+06
   1.0107220e+06
   1.0111084e+06
   1.0112507e+06
   1.0114264e+06
   1.0116820e+06
   1.0117737e+06
   1.0118713e+06
   1.0119799e+06
   1.0121440e+06
   1.0122600e+06
   1.0124271e+06
   1.0125669e+06
   1.0127307e+06
   1.0133711e+06
   1.0134739e+06
   1.0136917e+06
   1.0137946e+06
   1.0139400e+06
   1.0144141e+06
   1.0145652e+06
   1.0147345e+06
   1.0148618e+06
   1.0150379e+06
   1.0151946e+06
   1.0153597e+06
   1.0156864e+06
   1.0158321e+06
   1.0161732e+06
   1.0163298e+06
   1.0164698e+06
   1.0166346e+06
   1.0167207e+06
   1.0169730e+06
   1.0171522e+06
   1.0173341e+06
   1.0175098e+06
   1.0177021e+06
   1.0180115e+06
   1.0182600e+06
   1.0183974e+06
   1.0185197e+06
   1.0187384e+06
   1.0188430e+06
   1.0189928e+06
   1.0191722e+06
   1.0196260e+06
   1.0198157e+06
   1.0199131e+06
   1.0205822e+06
   1.0207809e+06
   1.0217581e+06
   1.0221492e+06
   1.0227496e+06
   1.0230433e+06
   1.0232645e+06
   1.0238036e+06
   1.0262577e+06
   1.0265129e+06
   1.0267307e+06
   1.0313127e+06
   1.0314586e+06
   1.0317889e+06
   1.0320109e+06
   1.0323161e+06
   1.0325408e+06
   1.0332046e+06
   1.0339364e+06
   1.0348628e+06
   1.0353275e+06
   1.0397644e+06
   1.0407189e+06
   1.0409059e+06
   1.0413279e+06
   1.0416372e+06
   1.0422766e+06
   1.0426451e+06
   1.0431411e+06
   1.0435262e+06
   1.0442216e+06
   1.0447684e+06
   1.0450676e+06
   1.0453784e+06
   1.0465297e+06
   1.0471964e+06
   1.0476324e+06
   1.0478469e+06
   1.0483337e+06
   1.0487068e+06
   1.0489818e+06
   1.0495230e+06
   1.0554875e+06
   1.0556684e+06
   1.0560704e+06
   1.0568011e+06
   1.0570245e+06
   1.0572327e+06
   1.0576937e+06
   1.0581508e+06
   1.0583894e+06
   1.0589895e+06
   1.0592171e+06
   1.0602176e+06
   1.0604246e+06
   1.0605322e+06
   1.0606781e+06
   1.0607981e+06
   1.0610330e+06
   1.0611468e+06
   1.0612792e+06
   1.0614450e+06
   1.0615597e+06
   1.0617286e+06
   1.0618633e+06
   1.0619720e+06
   1.0621634e+06
   1.0622729e+06
   1.0623956e+06
   1.0626947e+06
   1.0628004e+06
   1.0630947e+06
   1.0635310e+06
   1.0637133e+06
   1.0638156e+06
   1.0640316e+06
   1.0642553e+06
   1.0643898e+06
   1.0645024e+06
   1.0646768e+06
   1.0649645e+06
   1.0650949e+06
   1.0652818e+06
   1.0654171e+06
   1.0655262e+06
   1.0656660e+06
   1.0657890e+06
   1.0658731e+06
   1.0659959e+06
   1.0661287e+06
   1.0662510e+06
   1.0663643e+06
   1.0665123e+06
   1.0666071e+06
   1.0668126e+06
   1.0669352e+06
   1.0671625e+06
   1.0672806e+06
   1.0674298e+06
   1.0675840e+06
   1.0677376e+06
   1.0678957e+06
   1.0680624e+06
   1.0681765e+06
   1.0683702e+06
   1.0685008e+06
   1.0685941e+06
   1.0687255e+06
   1.0688315e+06
   1.0689392e+06
   1.0691366e+06
   1.0694028e+06
   1.0697650e+06
   1.0699291e+06
   1.0700369e+06
   1.0701857e+06
   1.0703048e+06
   1.0704239e+06
   1.0705619e+06
   1.0706963e+06
   1.0708542e+06
   1.0709780e+06
   1.0711173e+06
   1.0712077e+06
   1.0714075e+06
   1.0716381e+06
   1.0717919e+06
   1.0721393e+06
   1.0723698e+06
   1.0725308e+06
   1.0726701e+06
   1.0727833e+06
   1.0730042e+06
   1.0731363e+06
   1.0733024e+06
   1.0734383e+06
   1.0735528e+06
   1.0737104e+06
   1.0738397e+06
   1.0739786e+06
   1.0742247e+06
   1.0743780e+06
   1.0745574e+06
   1.0747099e+06
   1.0748293e+06
   1.0750671e+06
   1.0751978e+06
   1.0753154e+06
   1.0754594e+06
   1.0756107e+06
   1.0757191e+06
   1.0759729e+06
   1.0762610e+06
   1.0769585e+06
   1.0774483e+06
   1.0775923e+06
   1.0777914e+06
   1.0780523e+06
   1.0782110e+06
   1.0784024e+06
   1.0785906e+06
   1.0787389e+06
   1.0789048e+06
   1.0790030e+06
   1.0792471e+06
   1.0794459e+06
   1.0795649e+06
   1.0799248e+06
   1.0805294e+06
   1.0813159e+06
   1.0817524e+06
   1.0823025e+06
   1.0828175e+06
   1.0840979e+06
   1.0848598e+06
   1.0850146e+06
   1.0851706e+06
   1.0858139e+06
   1.0861853e+06
   1.0893931e+06
   1.0895804e+06
   1.0898208e+06
   1.0901985e+06
   1.0911301e+06
   1.0913937e+06
   1.0919393e+06
   1.0921205e+06
   1.0927481e+06
   1.0948385e+06
   1.1201159e+06
   1.1202447e+06
   1.1203387e+06
   1.1204432e+06
   1.1205989e+06
   1.1207698e+06
   1.1209483e+06
   1.1211620e+06
   1.1212744e+06
   1.1213769e+06
   1.1214872e+06
   1.1216121e+06
   1.1217136e+06
   1.1218483e+06
   1.1219740e+06
   1.1220688e+06
   1.1221670e+06
   1.1223003e+06
   1.1224518e+06
   1.1225782e+06
   1.1226820e+06
   1.1228099e+06
   1.1229534e+06
   1.1230995e+06
   1.1231817e+06
   1.1234277e+06
   1.1235233e+06
   1.1236371e+06
   1.1237883e+06
   1.1239033e+06
   1.1240115e+06
   1.1240956e+06
   1.1241912e+06
   1.1243881e+06
   1.1245497e+06
   1.1246699e+06
   1.1248403e+06
   1.1249834e+06
   1.1251040e+06
   1.1252093e+06
   1.1253285e+06
   1.1254759e+06
   1.1257375e+06
   1.1258567e+06
   1.1259677e+06
   1.1260755e+06
   1.1261917e+06
   1.1263176e+06
   1.1264634e+06
   1.1265731e+06
   1.1266774e+06
   1.1268692e+06
   1.1272584e+06
   1.1273734e+06
   1.1275081e+06
   1.1276080e+06
   1.1277533e+06
   1.1279485e+06
   1.1280497e+06
   1.1281754e+06
   1.1283114e+06
   1.1284490e+06
   1.1286615e+06
   1.1288280e+06
   1.1290052e+06
   1.1291551e+06
   1.1292728e+06
   1.1293624e+06
   1.1295119e+06
   1.1297189e+06
   1.1298950e+06
   1.1300774e+06
   1.1302370e+06
   1.1303985e+06
   1.1305406e+06
   1.1306461e+06
   1.1309517e+06
   1.1311918e+06
   1.1313422e+06
   1.1314610e+06
   1.1317874e+06
   1.1319330e+06
   1.1321126e+06
   1.1322142e+06
   1.1323625e+06
   1.1324473e+06
   1.1325579e+06
   1.1326843e+06
   1.1328022e+06
   1.1328988e+06
   1.1331133e+06
   1.1333815e+06
   1.1336089e+06
   1.1336966e+06
   1.1338020e+06
   1.1339298e+06
   1.1342397e+06
   1.1343598e+06
   1.1345585e+06
   1.1352453e+06
   1.1354280e+06
   1.1355382e+06
   1.1356866e+06
   1.1357814e+06
   1.1360618e+06
   1.1361935e+06
   1.1363976e+06
   1.1366407e+06
   1.1368379e+06
   1.1369751e+06
   1.1371394e+06
   1.1373347e+06
   1.1376414e+06
   1.1377936e+06
   1.1379087e+06
   1.1380149e+06
   1.1381355e+06
   1.1382507e+06
   1.1383878e+06
   1.1384986e+06
   1.1386286e+06
   1.1387781e+06
   1.1389319e+06
   1.1390530e+06
   1.1391632e+06
   1.1392830e+06
   1.1395150e+06
   1.1396490e+06
   1.1398878e+06
   1.1402040e+06
   1.1405410e+06
   1.1408539e+06
   1.1427033e+06
   1.1429420e+06
   1.1435039e+06
   1.1445231e+06
   1.1451311e+06
   1.1457064e+06
   1.1465301e+06
   1.1542741e+06
   1.1546225e+06
   1.1551733e+06
   1.1555881e+06
   1.1562090e+06
   1.1573772e+06
   1.1576602e+06
   1.1583703e+06
   1.1593076e+06
   1.1603397e+06
   1.1607960e+06
   1.1612645e+06
   1.1614574e+06
   1.1623031e+06
   1.1625627e+06
   1.1671068e+06
   1.1676845e+06
   1.1687914e+06
   1.1691165e+06
   1.1696244e+06
   1.1698894e+06
   1.1713552e+06
   1.1719929e+06
   1.1722045e+06
   1.1733719e+06
   1.1762798e+06
   1.1768744e+06
   1.1772434e+06
   1.1783697e+06
   1.1788471e+06
   1.1798244e+06
   1.1801406e+06
   1.1802431e+06
   1.1803364e+06
   1.1804470e+06
   1.1806105e+06
   1.1807082e+06
   1.1808321e+06
   1.1809752e+06
   1.1811031e+06
   1.1812270e+06
   1.1813825e+06
   1.1815765e+06
   1.1817240e+06
   1.1818344e+06
   1.1819208e+06
   1.1820339e+06
   1.1821615e+06
   1.1822609e+06
   1.1825109e+06
   1.1826240e+06
   1.1827664e+06
   1.1829202e+06
   1.1830541e+06
   1.1831635e+06
   1.1833046e+06
   1.1834554e+06
   1.1835750e+06
   1.1837464e+06
   1.1838805e+06
   1.1839596e+06
   1.1840727e+06
   1.1843645e+06
   1.1845358e+06
   1.1846875e+06
   1.1850173e+06
   1.1851790e+06
   1.1853064e+06
   1.1854634e+06
   1.1855937e+06
   1.1857016e+06
   1.1858344e+06
   1.1860204e+06
   1.1864099e+06
   1.1866116e+06
   1.1867243e+06
   1.1868321e+06
   1.1873356e+06
   1.1875220e+06
   1.1876791e+06
   1.1877793e+06
   1.1878958e+06
   1.1880131e+06
   1.1881445e+06
   1.1882720e+06
   1.1884112e+06
   1.1885654e+06
   1.1886873e+06
   1.1888273e+06
   1.1889571e+06
   1.1890663e+06
   1.1891796e+06
   1.1893012e+06
   1.1893930e+06
   1.1896509e+06
   1.1897471e+06
   1.1898875e+06
   1.1900100e+06
   1.1901023e+06
   1.1903067e+06
   1.1904384e+06
   1.1906013e+06
   1.1907206e+06
   1.1909295e+06
   1.1910569e+06
   1.1912172e+06
   1.1913184e+06
   1.1914695e+06
   1.1916518e+06
   1.1917307e+06
   1.1918567e+06
   1.1920582e+06
   1.1922055e+06
   1.1923631e+06
   1.1924493e+06
   1.1925682e+06
   1.1927904e+06
   1.1929071e+06
   1.1930595e+06
   1.1931646e+06
   1.1933079e+06
   1.1934669e+06
   1.1935835e+06
   1.1936925e+06
   1.1938403e+06
   1.1939560e+06
   1.1942080e+06
   1.1944720e+06
   1.1946282e+06
   1.1947376e+06
   1.1948842e+06
   1.1950123e+06
   1.1951541e+06
   1.1952685e+06
   1.1955140e+06
   1.1956423e+06
   1.1957993e+06
   1.1960406e+06
   1.1961219e+06
   1.1962560e+06
   1.1964826e+06
   1.1966044e+06
   1.1968562e+06
   1.1969916e+06
   1.1971135e+06
   1.1972038e+06
   1.1973933e+06
   1.1975181e+06
   1.1979181e+06
   1.1980220e+06
   1.1982016e+06
   1.1984402e+06
   1.1985692e+06
   1.1987283e+06
   1.1988249e+06
   1.1991304e+06
   1.1992712e+06
   1.1995146e+06
   1.1996669e+06
   1.1997841e+06
   1.1998996e+06
   1.2008862e+06
   1.2011900e+06
   1.2016995e+06
   1.2034457e+06
   1.2079605e+06
   1.2089030e+06
   1.2092115e+06
   1.2096387e+06
   1.2100453e+06
   1.2104477e+06
   1.2106651e+06
   1.2109716e+06
   1.2228280e+06
   1.2236465e+06
   1.2240427e+06
   1.2242495e+06
   1.2265049e+06
   1.2267082e+06
   1.2401046e+06
   1.2402110e+06
   1.2402990e+06
   1.2404103e+06
   1.2405344e+06
   1.2406508e+06
   1.2407614e+06
   1.2408467e+06
   1.2409754e+06
   1.2410975e+06
   1.2414184e+06
   1.2415150e+06
   1.2416215e+06
   1.2417714e+06
   1.2419124e+06
   1.2419977e+06
   1.2420858e+06
   1.2421684e+06
   1.2423225e+06
   1.2424351e+06
   1.2425196e+06
   1.2426208e+06
   1.2427150e+06
   1.2427861e+06
   1.2428995e+06
   1.2430456e+06
   1.2432373e+06
   1.2433653e+06
   1.2434854e+06
   1.2435823e+06
   1.2436864e+06
   1.2437946e+06
   1.2439501e+06
   1.2440962e+06
   1.2442180e+06
   1.2443708e+06
   1.2445137e+06
   1.2446954e+06
   1.2448123e+06
   1.2449335e+06
   1.2450976e+06
   1.2452151e+06
   1.2453038e+06
   1.2453892e+06
   1.2454831e+06
   1.2456496e+06
   1.2457346e+06
   1.2458677e+06
   1.2459745e+06
   1.2461288e+06
   1.2462181e+06
   1.2463746e+06
   1.2464969e+06
   1.2465998e+06
   1.2467088e+06
   1.2468272e+06
   1.2469305e+06
   1.2472357e+06
   1.2473451e+06
   1.2475259e+06
   1.2476762e+06
   1.2477958e+06
   1.2479020e+06
   1.2479923e+06
   1.2481146e+06
   1.2482239e+06
   1.2483425e+06
   1.2484818e+06
   1.2485856e+06
   1.2486942e+06
   1.2488138e+06
   1.2489286e+06
   1.2490367e+06
   1.2491454e+06
   1.2492539e+06
   1.2494671e+06
   1.2498140e+06
   1.2499343e+06
   1.2501546e+06
   1.2503288e+06
   1.2504273e+06
   1.2505534e+06
   1.2506450e+06
   1.2508447e+06
   1.2509964e+06
   1.2511171e+06
   1.2512916e+06
   1.2514103e+06
   1.2515201e+06
   1.2516799e+06
   1.2517959e+06
   1.2518660e+06
   1.2519906e+06
   1.2521320e+06
   1.2522685e+06
   1.2523751e+06
   1.2524778e+06
   1.2526267e+06
   1.2528768e+06
   1.2529879e+06
   1.2533509e+06
   1.2535482e+06
   1.2536273e+06
   1.2537550e+06
   1.2538637e+06
   1.2539930e+06
   1.2542309e+06
   1.2544649e+06
   1.2545926e+06
   1.2547127e+06
   1.2548078e+06
   1.2549405e+06
   1.2551936e+06
   1.2554051e+06
   1.2555226e+06
   1.2556395e+06
   1.2557528e+06
   1.2558950e+06
   1.2560040e+06
   1.2561542e+06
   1.2562688e+06
   1.2564120e+06
   1.2565651e+06
   1.2566625e+06
   1.2568137e+06
   1.2569164e+06
   1.2571158e+06
   1.2572443e+06
   1.2574019e+06
   1.2575037e+06
   1.2576454e+06
   1.2577445e+06
   1.2578480e+06
   1.2579927e+06
   1.2581145e+06
   1.2582190e+06
   1.2583142e+06
   1.2586109e+06
   1.2587157e+06
   1.2588782e+06
   1.2589659e+06
   1.2590987e+06
   1.2592289e+06
   1.2593078e+06
   1.2594125e+06
   1.2595255e+06
   1.2596292e+06
   1.2597291e+06
   1.2599219e+06
   1.2604427e+06
   1.2611742e+06
   1.2616127e+06
   1.2627299e+06
   1.2634874e+06
   1.2659530e+06
   1.2660978e+06
   1.2666811e+06
   1.2675462e+06
   1.2682255e+06
   1.2693142e+06
   1.2694678e+06
   1.2699028e+06
   1.2710272e+06
   1.2712625e+06
   1.2715206e+06
   1.2718966e+06
   1.2721674e+06
   1.2724408e+06
   1.2728104e+06
   1.2732683e+06
   1.2736153e+06
   1.2740374e+06
   1.2748646e+06
   1.2751754e+06
   1.2766368e+06
   1.2780341e+06
   1.2787656e+06
   1.2792079e+06
   1.2800138e+06
   1.2804224e+06
   1.2807777e+06
   1.2809944e+06
   1.2851930e+06
   1.2857331e+06
   1.2882314e+06
   1.2914891e+06
   1.2918992e+06
   1.2921490e+06
   1.2935781e+06
   1.2943931e+06
   1.2955763e+06
   1.2960709e+06
   1.2978545e+06
   1.2986405e+06
   1.2995703e+06
   1.2997475e+06
   1.2999816e+06
   1.3006910e+06
   1.3008065e+06
   1.3008947e+06
   1.3009803e+06
   1.3010797e+06
   1.3011806e+06
   1.3012803e+06
   1.3013937e+06
   1.3014978e+06
   1.3015875e+06
   1.3018591e+06
   1.3019723e+06
   1.3021631e+06
   1.3022396e+06
   1.3023523e+06
   1.3024735e+06
   1.3025767e+06
   1.3027053e+06
   1.3028121e+06
   1.3029383e+06
   1.3030488e+06
   1.3032080e+06
   1.3033163e+06
   1.3034321e+06
   1.3035516e+06
   1.3036590e+06
   1.3038418e+06
   1.3039594e+06
   1.3041203e+06
   1.3042351e+06
   1.3043371e+06
   1.3045301e+06
   1.3046326e+06
   1.3047439e+06
   1.3048669e+06
   1.3050304e+06
   1.3051339e+06
   1.3053176e+06
   1.3054143e+06
   1.3055216e+06
   1.3056759e+06
   1.3058320e+06
   1.3059618e+06
   1.3060443e+06
   1.3061347e+06
   1.3062646e+06
   1.3063995e+06
   1.3065368e+06
   1.3066668e+06
   1.3067883e+06
   1.3069050e+06
   1.3072028e+06
   1.3073856e+06
   1.3075127e+06
   1.3076269e+06
   1.3077352e+06
   1.3079794e+06
   1.3141141e+06
   1.3142346e+06
   1.3143687e+06
   1.3144696e+06
   1.3145944e+06
   1.3146932e+06
   1.3147942e+06
   1.3149462e+06
   1.3150970e+06
   1.3152629e+06
   1.3154198e+06
   1.3155226e+06
   1.3156069e+06
   1.3157297e+06
   1.3158693e+06
   1.3159983e+06
   1.3161086e+06
   1.3162605e+06
   1.3164148e+06
   1.3165052e+06
   1.3166377e+06
   1.3167337e+06
   1.3168675e+06
   1.3169610e+06
   1.3170441e+06
   1.3173410e+06
   1.3175318e+06
   1.3176470e+06
   1.3178191e+06
   1.3179489e+06
   1.3180991e+06
   1.3182321e+06
   1.3183726e+06
   1.3185053e+06
   1.3186532e+06
   1.3187794e+06
   1.3188648e+06
   1.3189529e+06
   1.3190470e+06
   1.3191447e+06
   1.3192603e+06
   1.3194097e+06
   1.3195356e+06
   1.3196593e+06
   1.3198020e+06
   1.3199112e+06
   1.3215916e+06
   1.3221106e+06
   1.3224930e+06
   1.3234831e+06
   1.3241095e+06
   1.3252547e+06
   1.3255787e+06
   1.3258012e+06
   1.3265581e+06
   1.3267941e+06
   1.3271061e+06
   1.3274882e+06
   1.3280717e+06
   1.3289675e+06
   1.3303929e+06
   1.3308189e+06
   1.3312090e+06
   1.3316137e+06
   1.3350308e+06
   1.3355151e+06
   1.3358327e+06
   1.3361044e+06
   1.3364355e+06
   1.3375901e+06
   1.3377494e+06
   1.3384869e+06
   1.3405122e+06
   1.3416030e+06
   1.3419506e+06
   1.3428194e+06
   1.3433112e+06
   1.3438570e+06
   1.3443601e+06
   1.3445510e+06
   1.3459836e+06
   1.3465340e+06
   1.3468473e+06
   1.3480039e+06
   1.3481945e+06
   1.3484053e+06
   1.3485903e+06
   1.3500660e+06
   1.3508233e+06
   1.3565042e+06
   1.3579201e+06
   1.3601457e+06
   1.3602291e+06
   1.3603374e+06
   1.3604571e+06
   1.3605828e+06
   1.3607869e+06
   1.3608949e+06
   1.3609814e+06
   1.3610912e+06
   1.3612417e+06
   1.3613880e+06
   1.3615110e+06
   1.3616543e+06
   1.3617742e+06
   1.3619364e+06
   1.3620292e+06
   1.3621650e+06
   1.3622900e+06
   1.3623910e+06
   1.3625230e+06
   1.3625923e+06
   1.3627414e+06
   1.3628280e+06
   1.3630193e+06
   1.3631324e+06
   1.3632143e+06
   1.3633522e+06
   1.3634522e+06
   1.3635802e+06
   1.3636642e+06
   1.3638061e+06
   1.3639400e+06
   1.3640380e+06
   1.3641856e+06
   1.3642603e+06
   1.3643674e+06
   1.3644937e+06
   1.3645891e+06
   1.3647036e+06
   1.3647901e+06
   1.3649870e+06
   1.3650766e+06
   1.3652059e+06
   1.3653666e+06
   1.3656195e+06
   1.3657194e+06
   1.3658140e+06
   1.3658944e+06
   1.3659901e+06
   1.3661165e+06
   1.3661945e+06
   1.3662894e+06
   1.3664177e+06
   1.3665154e+06
   1.3666440e+06
   1.3667088e+06
   1.3667981e+06
   1.3669271e+06
   1.3671038e+06
   1.3671983e+06
   1.3673216e+06
   1.3674198e+06
   1.3675209e+06
   1.3676281e+06
   1.3677320e+06
   1.3678532e+06
   1.3679502e+06
   1.3680483e+06
   1.3681497e+06
   1.3682834e+06
   1.3683855e+06
   1.3684708e+06
   1.3685423e+06
   1.3686469e+06
   1.3687957e+06
   1.3688916e+06
   1.3689749e+06
   1.3690970e+06
   1.3692291e+06
   1.3693693e+06
   1.3695223e+06
   1.3696204e+06
   1.3697329e+06
   1.3698716e+06
   1.3700083e+06
   1.3701032e+06
   1.3702085e+06
   1.3703261e+06
   1.3704554e+06
   1.3705585e+06
   1.3707027e+06
   1.3707839e+06
   1.3708943e+06
   1.3709955e+06
   1.3711479e+06
   1.3712531e+06
   1.3713711e+06
   1.3715129e+06
   1.3716085e+06
   1.3717072e+06
   1.3717965e+06
   1.3718829e+06
   1.3719839e+06
   1.3720959e+06
   1.3722033e+06
   1.3723007e+06
   1.3723848e+06
   1.3733313e+06
   1.3734557e+06
   1.3735682e+06
   1.3736792e+06
   1.3738008e+06
   1.3739464e+06
   1.3742268e+06
   1.3743820e+06
   1.3745016e+06
   1.3746120e+06
   1.3747218e+06
   1.3748283e+06
   1.3749953e+06
   1.3751192e+06
   1.3752089e+06
   1.3753340e+06
   1.3754446e+06
   1.3755922e+06
   1.3757433e+06
   1.3758560e+06
   1.3759437e+06
   1.3760743e+06
   1.3761929e+06
   1.3762608e+06
   1.3764029e+06
   1.3765310e+06
   1.3766625e+06
   1.3768016e+06
   1.3769667e+06
   1.3771013e+06
   1.3772112e+06
   1.3772993e+06
   1.3774358e+06
   1.3775572e+06
   1.3776585e+06
   1.3777759e+06
   1.3779272e+06
   1.3780392e+06
   1.3781649e+06
   1.3783253e+06
   1.3784079e+06
   1.3785078e+06
   1.3786449e+06
   1.3787463e+06
   1.3788468e+06
   1.3789685e+06
   1.3792623e+06
   1.3793470e+06
   1.3794884e+06
   1.3795879e+06
   1.3796882e+06
   1.3797831e+06
   1.3799331e+06
   1.3804061e+06
   1.3810215e+06
   1.3815183e+06
   1.3820213e+06
   1.3824138e+06
   1.3831354e+06
   1.3836305e+06
   1.3853639e+06
   1.3855442e+06
   1.3868816e+06
   1.3906460e+06
   1.3938636e+06
   1.3942328e+06
   1.3950054e+06
   1.3953847e+06
   1.3956383e+06
   1.3964524e+06
   1.3972471e+06
   1.3983196e+06
   1.3989782e+06
   1.3994396e+06
   1.3998952e+06
   1.4038244e+06
   1.4041540e+06
   1.4201141e+06
   1.4202029e+06
   1.4202860e+06
   1.4203698e+06
   1.4204775e+06
   1.4205770e+06
   1.4207724e+06
   1.4208939e+06
   1.4209798e+06
   1.4210478e+06
   1.4211197e+06
   1.4212481e+06
   1.4213798e+06
   1.4214990e+06
   1.4215935e+06
   1.4217001e+06
   1.4218144e+06
   1.4218911e+06
   1.4219863e+06
   1.4220535e+06
   1.4222363e+06
   1.4223406e+06
   1.4224390e+06
   1.4225576e+06
   1.4226480e+06
   1.4227795e+06
   1.4228856e+06
   1.4229733e+06
   1.4230669e+06
   1.4231551e+06
   1.4232440e+06
   1.4233867e+06
   1.4235009e+06
   1.4235862e+06
   1.4236601e+06
   1.4237812e+06
   1.4239122e+06
   1.4240406e+06
   1.4241394e+06
   1.4242408e+06
   1.4243899e+06
   1.4244879e+06
   1.4246246e+06
   1.4247779e+06
   1.4248749e+06
   1.4250077e+06
   1.4250977e+06
   1.4251872e+06
   1.4252903e+06
   1.4253904e+06
   1.4254998e+06
   1.4255946e+06
   1.4256778e+06
   1.4257898e+06
   1.4258950e+06
   1.4259821e+06
   1.4260702e+06
   1.4261818e+06
   1.4263196e+06
   1.4264860e+06
   1.4265621e+06
   1.4266462e+06
   1.4267531e+06
   1.4268612e+06
   1.4269981e+06
   1.4272006e+06
   1.4273184e+06
   1.4274336e+06
   1.4275355e+06
   1.4276214e+06
   1.4277005e+06
   1.4278124e+06
   1.4279060e+06
   1.4280732e+06
   1.4281821e+06
   1.4282673e+06
   1.4284047e+06
   1.4285071e+06
   1.4285920e+06
   1.4286948e+06
   1.4287890e+06
   1.4289020e+06
   1.4289904e+06
   1.4290968e+06
   1.4291973e+06
   1.4292939e+06
   1.4294437e+06
   1.4295292e+06
   1.4296227e+06
   1.4297755e+06
   1.4298554e+06
   1.4299895e+06
   1.4300831e+06
   1.4301855e+06
   1.4303565e+06
   1.4304629e+06
   1.4305634e+06
   1.4306969e+06
   1.4308368e+06
   1.4309424e+06
   1.4311317e+06
   1.4312072e+06
   1.4313270e+06
   1.4314301e+06
   1.4315459e+06
   1.4316395e+06
   1.4317355e+06
   1.4318249e+06
   1.4319060e+06
   1.4320341e+06
   1.4321421e+06
   1.4322217e+06
   1.4323414e+06
   1.4324463e+06
   1.4325768e+06
   1.4326969e+06
   1.4327929e+06
   1.4329113e+06
   1.4329975e+06
   1.4331094e+06
   1.4332277e+06
   1.4333196e+06
   1.4334286e+06
   1.4335610e+06
   1.4336851e+06
   1.4337860e+06
   1.4339023e+06
   1.4339990e+06
   1.4341937e+06
   1.4343048e+06
   1.4343833e+06
   1.4345154e+06
   1.4346005e+06
   1.4347189e+06
   1.4348025e+06
   1.4349298e+06
   1.4350277e+06
   1.4351245e+06
   1.4352031e+06
   1.4353185e+06
   1.4354372e+06
   1.4356075e+06
   1.4357615e+06
   1.4358711e+06
   1.4362169e+06
   1.4363217e+06
   1.4363948e+06
   1.4364851e+06
   1.4365908e+06
   1.4367273e+06
   1.4368759e+06
   1.4369815e+06
   1.4371277e+06
   1.4372367e+06
   1.4373224e+06
   1.4374127e+06
   1.4375188e+06
   1.4376025e+06
   1.4377340e+06
   1.4378395e+06
   1.4379850e+06
   1.4381147e+06
   1.4383125e+06
   1.4384148e+06
   1.4385084e+06
   1.4386125e+06
   1.4387278e+06
   1.4388700e+06
   1.4389643e+06
   1.4391205e+06
   1.4392961e+06
   1.4394151e+06
   1.4395483e+06
   1.4396351e+06
   1.4397780e+06
   1.4398998e+06
   1.4399945e+06
   1.4401969e+06
   1.4429131e+06
   1.4435818e+06
   1.4473006e+06
   1.4478552e+06
   1.4486903e+06
   1.4489763e+06
   1.4499847e+06
   1.4506965e+06
   1.4510442e+06
   1.4515012e+06
   1.4517985e+06
   1.4520216e+06
   1.4528366e+06
   1.4535611e+06
   1.4541243e+06
   1.4542804e+06
   1.4549017e+06
   1.4574950e+06
   1.4581590e+06
   1.4586592e+06
   1.4591572e+06
   1.4602953e+06
   1.4608873e+06
   1.4612251e+06
   1.4615921e+06
   1.4620007e+06
   1.4625334e+06
   1.4627561e+06
   1.4630018e+06
   1.4632166e+06
   1.4636543e+06
   1.4640490e+06
   1.4642820e+06
   1.4647750e+06
   1.4652535e+06
   1.4656296e+06
   1.4659948e+06
   1.4662372e+06
   1.4664541e+06
   1.4667614e+06
   1.4670015e+06
   1.4674001e+06
   1.4801299e+06
   1.4802297e+06
   1.4803234e+06
   1.4804078e+06
   1.4804897e+06
   1.4805714e+06
   1.4807202e+06
   1.4808610e+06
   1.4809470e+06
   1.4810236e+06
   1.4811621e+06
   1.4812634e+06
   1.4814052e+06
   1.4814948e+06
   1.4816245e+06
   1.4817327e+06
   1.4818191e+06
   1.4819181e+06
   1.4820092e+06
   1.4821120e+06
   1.4822365e+06
   1.4823302e+06
   1.4824098e+06
   1.4824999e+06
   1.4825909e+06
   1.4827317e+06
   1.4828414e+06
   1.4829253e+06
   1.4830032e+06
   1.4830880e+06
   1.4831821e+06
   1.4832688e+06
   1.4833809e+06
   1.4835148e+06
   1.4836349e+06
   1.4837247e+06
   1.4838207e+06
   1.4839189e+06
   1.4840345e+06
   1.4841428e+06
   1.4842218e+06
   1.4843149e+06
   1.4843868e+06
   1.4845105e+06
   1.4845896e+06
   1.4846879e+06
   1.4847696e+06
   1.4848566e+06
   1.4849650e+06
   1.4850597e+06
   1.4851304e+06
   1.4852863e+06
   1.4853750e+06
   1.4854769e+06
   1.4855852e+06
   1.4856885e+06
   1.4857850e+06
   1.4858771e+06
   1.4860072e+06
   1.4862377e+06
   1.4863392e+06
   1.4864424e+06
   1.4865278e+06
   1.4866739e+06
   1.4867930e+06
   1.4868620e+06
   1.4869825e+06
   1.4871866e+06
   1.4873093e+06
   1.4874285e+06
   1.4875400e+06
   1.4877029e+06
   1.4878014e+06
   1.4879444e+06
   1.4880649e+06
   1.4881935e+06
   1.4883077e+06
   1.4884257e+06
   1.4885136e+06
   1.4886190e+06
   1.4887001e+06
   1.4889054e+06
   1.4890091e+06
   1.4891190e+06
   1.4892317e+06
   1.4893462e+06
   1.4895165e+06
   1.4896302e+06
   1.4897571e+06
   1.4899153e+06
   1.4900152e+06
   1.4901209e+06
   1.4902124e+06
   1.4903193e+06
   1.4904497e+06
   1.4905305e+06
   1.4906337e+06
   1.4907385e+06
   1.4908627e+06
   1.4909613e+06
   1.4910410e+06
   1.4911168e+06
   1.4912373e+06
   1.4914492e+06
   1.4915381e+06
   1.4916159e+06
   1.4917329e+06
   1.4918425e+06
   1.4919312e+06
   1.4920386e+06
   1.4921408e+06
   1.4922200e+06
   1.4922955e+06
   1.4924128e+06
   1.4925026e+06
   1.4925899e+06
   1.4926919e+06
   1.4928276e+06
   1.4929197e+06
   1.4929983e+06
   1.4931691e+06
   1.4932840e+06
   1.4933869e+06
   1.4934755e+06
   1.4935751e+06
   1.4936519e+06
   1.4937532e+06
   1.4938539e+06
   1.4939662e+06
   1.4941782e+06
   1.4943213e+06
   1.4944476e+06
   1.4945304e+06
   1.4946966e+06
   1.4948144e+06
   1.4948917e+06
   1.4949846e+06
   1.4951137e+06
   1.4952192e+06
   1.4953394e+06
   1.4954880e+06
   1.4955923e+06
   1.4957422e+06
   1.4958805e+06
   1.4960080e+06
   1.4961442e+06
   1.4962858e+06
   1.4963969e+06
   1.4964987e+06
   1.4966258e+06
   1.4967243e+06
   1.4968260e+06
   1.4969176e+06
   1.4970289e+06
   1.4971368e+06
   1.4972768e+06
   1.4974283e+06
   1.4976005e+06
   1.4977358e+06
   1.4978438e+06
   1.4979487e+06
   1.4980725e+06
   1.4981624e+06
   1.4983019e+06
   1.4984791e+06
   1.4985491e+06
   1.4986742e+06
   1.4987514e+06
   1.4988287e+06
   1.4989575e+06
   1.4990617e+06
   1.4992403e+06
   1.4993845e+06
   1.4995293e+06
   1.4996904e+06
   1.4997960e+06
   1.4999244e+06
   1.5019902e+06
   1.5022687e+06
   1.5031155e+06
   1.5040480e+06
   1.5052576e+06
   1.5057181e+06
   1.5059844e+06
   1.5064141e+06
   1.5066447e+06
   1.5071738e+06
   1.5084422e+06
   1.5090517e+06
   1.5094167e+06
   1.5118069e+06
   1.5120177e+06
   1.5126043e+06
   1.5133336e+06
   1.5179596e+06
   1.5184442e+06
   1.5187124e+06
   1.5190113e+06
   1.5193925e+06
   1.5196410e+06
   1.5199163e+06
   1.5269389e+06
   1.5275515e+06
   1.5280556e+06
   1.5289971e+06
   1.5299282e+06
   1.5301622e+06
   1.5308710e+06
   1.5315591e+06
   1.5319528e+06
   1.5323264e+06
   1.5325072e+06
   1.5330183e+06
   1.5332624e+06
   1.5334839e+06
   1.5368422e+06
   1.5377840e+06
   1.5380076e+06
   1.5384338e+06
   1.5400818e+06
   1.5401737e+06
   1.5402665e+06
   1.5404353e+06
   1.5405221e+06
   1.5405955e+06
   1.5406895e+06
   1.5407740e+06
   1.5409072e+06
   1.5410027e+06
   1.5410603e+06
   1.5411494e+06
   1.5412220e+06
   1.5413199e+06
   1.5414082e+06
   1.5415056e+06
   1.5416029e+06
   1.5416794e+06
   1.5417861e+06
   1.5418566e+06
   1.5419626e+06
   1.5420467e+06
   1.5421532e+06
   1.5422497e+06
   1.5423280e+06
   1.5424223e+06
   1.5425053e+06
   1.5426114e+06
   1.5427429e+06
   1.5428359e+06
   1.5429459e+06
   1.5430395e+06
   1.5431203e+06
   1.5432341e+06
   1.5433130e+06
   1.5433972e+06
   1.5435171e+06
   1.5436014e+06
   1.5437117e+06
   1.5438135e+06
   1.5438946e+06
   1.5439968e+06
   1.5441078e+06
   1.5441888e+06
   1.5442695e+06
   1.5443811e+06
   1.5444957e+06
   1.5445967e+06
   1.5447182e+06
   1.5448296e+06
   1.5449120e+06
   1.5450304e+06
   1.5451087e+06
   1.5452031e+06
   1.5453107e+06
   1.5453830e+06
   1.5454743e+06
   1.5455606e+06
   1.5456909e+06
   1.5457880e+06
   1.5458751e+06
   1.5459551e+06
   1.5460760e+06
   1.5461711e+06
   1.5462524e+06
   1.5463525e+06
   1.5464814e+06
   1.5465665e+06
   1.5466529e+06
   1.5467337e+06
   1.5469339e+06
   1.5471039e+06
   1.5471941e+06
   1.5473378e+06
   1.5474543e+06
   1.5475293e+06
   1.5476095e+06
   1.5477424e+06
   1.5478618e+06
   1.5479702e+06
   1.5480873e+06
   1.5481995e+06
   1.5482856e+06
   1.5484324e+06
   1.5485056e+06
   1.5485886e+06
   1.5486858e+06
   1.5487804e+06
   1.5489008e+06
   1.5490726e+06
   1.5491812e+06
   1.5492688e+06
   1.5493495e+06
   1.5494347e+06
   1.5495289e+06
   1.5496476e+06
   1.5497619e+06
   1.5498616e+06
   1.5499355e+06
   1.5500195e+06
   1.5501681e+06
   1.5502646e+06
   1.5503522e+06
   1.5504244e+06
   1.5505207e+06
   1.5505942e+06
   1.5506698e+06
   1.5508109e+06
   1.5508892e+06
   1.5510369e+06
   1.5511628e+06
   1.5513101e+06
   1.5513940e+06
   1.5514901e+06
   1.5516038e+06
   1.5517088e+06
   1.5519060e+06
   1.5519638e+06
   1.5520959e+06
   1.5521968e+06
   1.5523096e+06
   1.5524908e+06
   1.5525813e+06
   1.5526608e+06
   1.5527544e+06
   1.5528500e+06
   1.5529374e+06
   1.5530265e+06
   1.5530993e+06
   1.5532120e+06
   1.5532993e+06
   1.5533792e+06
   1.5535028e+06
   1.5536657e+06
   1.5537600e+06
   1.5538700e+06
   1.5539539e+06
   1.5541400e+06
   1.5542393e+06
   1.5543333e+06
   1.5544365e+06
   1.5545743e+06
   1.5546735e+06
   1.5547909e+06
   1.5549133e+06
   1.5550282e+06
   1.5551177e+06
   1.5552392e+06
   1.5553338e+06
   1.5554792e+06
   1.5555922e+06
   1.5556681e+06
   1.5557747e+06
   1.5558598e+06
   1.5559303e+06
   1.5560329e+06
   1.5561212e+06
   1.5562647e+06
   1.5563469e+06
   1.5564534e+06
   1.5565577e+06
   1.5566378e+06
   1.5567127e+06
   1.5568451e+06
   1.5569280e+06
   1.5570316e+06
   1.5571364e+06
   1.5572469e+06
   1.5573423e+06
   1.5574474e+06
   1.5576512e+06
   1.5577533e+06
   1.5578239e+06
   1.5579304e+06
   1.5580414e+06
   1.5581715e+06
   1.5582744e+06
   1.5583535e+06
   1.5584952e+06
   1.5586019e+06
   1.5586909e+06
   1.5587947e+06
   1.5589394e+06
   1.5590401e+06
   1.5591574e+06
   1.5592581e+06
   1.5593473e+06
   1.5594741e+06
   1.5595817e+06
   1.5596719e+06
   1.5597619e+06
   1.5598539e+06
   1.5599500e+06
   1.5604199e+06
   1.5632142e+06
   1.5634874e+06
   1.5637062e+06
   1.5643062e+06
   1.5646684e+06
   1.5657602e+06
   1.5800193e+06
   1.5813153e+06
   1.5816482e+06
   1.5821434e+06
   1.5825992e+06
   1.5828225e+06
   1.5831371e+06
   1.5835494e+06
   1.5843956e+06
   1.5846078e+06
   1.5849711e+06
   1.5852967e+06
   1.5856500e+06
   1.5858977e+06
   1.5861079e+06
   1.5872902e+06
   1.5875067e+06
   1.5879616e+06
   1.5884395e+06
   1.5887296e+06
   1.5901470e+06
   1.5903050e+06
   1.5905944e+06
   1.5915050e+06
   1.5919830e+06
   1.5927115e+06
   1.5929687e+06
   1.5933069e+06
   1.5935441e+06
   1.5941839e+06
   1.5950728e+06
   1.5954362e+06
   1.5956642e+06
   1.5958667e+06
   1.5962948e+06
   1.5969269e+06
   1.5998889e+06
   1.6000671e+06
   1.6001577e+06
   1.6002356e+06
   1.6003150e+06
   1.6004373e+06
   1.6005250e+06
   1.6006070e+06
   1.6006997e+06
   1.6007920e+06
   1.6009185e+06
   1.6010066e+06
   1.6011244e+06
   1.6012168e+06
   1.6013310e+06
   1.6014729e+06
   1.6015738e+06
   1.6016715e+06
   1.6017770e+06
   1.6018604e+06
   1.6019473e+06
   1.6020496e+06
   1.6021474e+06
   1.6022613e+06
   1.6023369e+06
   1.6024650e+06
   1.6025576e+06
   1.6026396e+06
   1.6027300e+06
   1.6028061e+06
   1.6029052e+06
   1.6030406e+06
   1.6031313e+06
   1.6031974e+06
   1.6033083e+06
   1.6033887e+06
   1.6034872e+06
   1.6035835e+06
   1.6036551e+06
   1.6037284e+06
   1.6038084e+06
   1.6038780e+06
   1.6039557e+06
   1.6040296e+06
   1.6041394e+06
   1.6042050e+06
   1.6043344e+06
   1.6044323e+06
   1.6045079e+06
   1.6046016e+06
   1.6046977e+06
   1.6047884e+06
   1.6048830e+06
   1.6049558e+06
   1.6050331e+06
   1.6051512e+06
   1.6052743e+06
   1.6053709e+06
   1.6054602e+06
   1.6055235e+06
   1.6056084e+06
   1.6057001e+06
   1.6057675e+06
   1.6059128e+06
   1.6059902e+06
   1.6060974e+06
   1.6061851e+06
   1.6062547e+06
   1.6063613e+06
   1.6064411e+06
   1.6065302e+06
   1.6066173e+06
   1.6067052e+06
   1.6068450e+06
   1.6069271e+06
   1.6071383e+06
   1.6072255e+06
   1.6073415e+06
   1.6074258e+06
   1.6075559e+06
   1.6076346e+06
   1.6077199e+06
   1.6078176e+06
   1.6078924e+06
   1.6079652e+06
   1.6080657e+06
   1.6081367e+06
   1.6082265e+06
   1.6083360e+06
   1.6084332e+06
   1.6085663e+06
   1.6087032e+06
   1.6088245e+06
   1.6089004e+06
   1.6090436e+06
   1.6091390e+06
   1.6092331e+06
   1.6093041e+06
   1.6093893e+06
   1.6094515e+06
   1.6095489e+06
   1.6096296e+06
   1.6097508e+06
   1.6098901e+06
   1.6099910e+06
   1.6100686e+06
   1.6101545e+06
   1.6102371e+06
   1.6103346e+06
   1.6104450e+06
   1.6105306e+06
   1.6106308e+06
   1.6107335e+06
   1.6108126e+06
   1.6109135e+06
   1.6110284e+06
   1.6111147e+06
   1.6111959e+06
   1.6113119e+06
   1.6113947e+06
   1.6115314e+06
   1.6115989e+06
   1.6116966e+06
   1.6118018e+06
   1.6118832e+06
   1.6119843e+06
   1.6121262e+06
   1.6122111e+06
   1.6123040e+06
   1.6123910e+06
   1.6124901e+06
   1.6125799e+06
   1.6127031e+06
   1.6128440e+06
   1.6129491e+06
   1.6130316e+06
   1.6131377e+06
   1.6132426e+06
   1.6133411e+06
   1.6134167e+06
   1.6135071e+06
   1.6136087e+06
   1.6136982e+06
   1.6137853e+06
   1.6138519e+06
   1.6139319e+06
   1.6141866e+06
   1.6143055e+06
   1.6144677e+06
   1.6145957e+06
   1.6147417e+06
   1.6148634e+06
   1.6149725e+06
   1.6150526e+06
   1.6151292e+06
   1.6151986e+06
   1.6152894e+06
   1.6153820e+06
   1.6154627e+06
   1.6155593e+06
   1.6156869e+06
   1.6157850e+06
   1.6158717e+06
   1.6159967e+06
   1.6161203e+06
   1.6162332e+06
   1.6163450e+06
   1.6164630e+06
   1.6165754e+06
   1.6166972e+06
   1.6167891e+06
   1.6169217e+06
   1.6170006e+06
   1.6171245e+06
   1.6172333e+06
   1.6173007e+06
   1.6173829e+06
   1.6174654e+06
   1.6176029e+06
   1.6177080e+06
   1.6178043e+06
   1.6178920e+06
   1.6179757e+06
   1.6181090e+06
   1.6182233e+06
   1.6183228e+06
   1.6184312e+06
   1.6185111e+06
   1.6186171e+06
   1.6187220e+06
   1.6188039e+06
   1.6189105e+06
   1.6190343e+06
   1.6191286e+06
   1.6192052e+06
   1.6192931e+06
   1.6193895e+06
   1.6194935e+06
   1.6195949e+06
   1.6196732e+06
   1.6197550e+06
   1.6198386e+06
   1.6199550e+06
   1.6206091e+06
   1.6216960e+06
   1.6225067e+06
   1.6231306e+06
   1.6233950e+06
   1.6235952e+06
   1.6241522e+06
   1.6243717e+06
   1.6246305e+06
   1.6306294e+06
   1.6310951e+06
   1.6323413e+06
   1.6332444e+06
   1.6334140e+06
   1.6336814e+06
   1.6345527e+06
   1.6365712e+06
   1.6378153e+06
   1.6442628e+06
   1.6445000e+06
   1.6450262e+06
   1.6453136e+06
   1.6456094e+06
   1.6486578e+06
   1.6493163e+06
   1.6494652e+06
   1.6496429e+06
   1.6499320e+06
   1.6505261e+06
   1.6514421e+06
   1.6564147e+06
   1.6565908e+06
   1.6569816e+06
   1.6572207e+06
   1.6581603e+06
   1.6587167e+06
   1.6592549e+06
   1.6596955e+06
   1.6602102e+06
   1.6602771e+06
   1.6603735e+06
   1.6604659e+06
   1.6605440e+06
   1.6606607e+06
   1.6607537e+06
   1.6608397e+06
   1.6609086e+06
   1.6609845e+06
   1.6610726e+06
   1.6611584e+06
   1.6612482e+06
   1.6613611e+06
   1.6614857e+06
   1.6616604e+06
   1.6617762e+06
   1.6618586e+06
   1.6619667e+06
   1.6620516e+06
   1.6621421e+06
   1.6622285e+06
   1.6622973e+06
   1.6623804e+06
   1.6624628e+06
   1.6625305e+06
   1.6626366e+06
   1.6627042e+06
   1.6627781e+06
   1.6628764e+06
   1.6629696e+06
   1.6630567e+06
   1.6631430e+06
   1.6632532e+06
   1.6633827e+06
   1.6634575e+06
   1.6635590e+06
   1.6636301e+06
   1.6637269e+06
   1.6638199e+06
   1.6639192e+06
   1.6639946e+06
   1.6640898e+06
   1.6642252e+06
   1.6643037e+06
   1.6644103e+06
   1.6644770e+06
   1.6645505e+06
   1.6646444e+06
   1.6647279e+06
   1.6648319e+06
   1.6649085e+06
   1.6650804e+06
   1.6651648e+06
   1.6652520e+06
   1.6653490e+06
   1.6654408e+06
   1.6655225e+06
   1.6656113e+06
   1.6656963e+06
   1.6657870e+06
   1.6658895e+06
   1.6659609e+06
   1.6660423e+06
   1.6661218e+06
   1.6662013e+06
   1.6662733e+06
   1.6663517e+06
   1.6664382e+06
   1.6665779e+06
   1.6666646e+06
   1.6667577e+06
   1.6668572e+06
   1.6669326e+06
   1.6670955e+06
   1.6671808e+06
   1.6672867e+06
   1.6673785e+06
   1.6674631e+06
   1.6675887e+06
   1.6676817e+06
   1.6677747e+06
   1.6678846e+06
   1.6679637e+06
   1.6680867e+06
   1.6681668e+06
   1.6682638e+06
   1.6683315e+06
   1.6684088e+06
   1.6685219e+06
   1.6685998e+06
   1.6686870e+06
   1.6687868e+06
   1.6688938e+06
   1.6689941e+06
   1.6690743e+06
   1.6691780e+06
   1.6692632e+06
   1.6693400e+06
   1.6694354e+06
   1.6695281e+06
   1.6696091e+06
   1.6697015e+06
   1.6697942e+06
   1.6699047e+06
   1.6700154e+06
   1.6700912e+06
   1.6701758e+06
   1.6702622e+06
   1.6704055e+06
   1.6705457e+06
   1.6706276e+06
   1.6707545e+06
   1.6708545e+06
   1.6709243e+06
   1.6710827e+06
   1.6711508e+06
   1.6712335e+06
   1.6713853e+06
   1.6715143e+06
   1.6715934e+06
   1.6716803e+06
   1.6717469e+06
   1.6718305e+06
   1.6719635e+06
   1.6720340e+06
   1.6720968e+06
   1.6721813e+06
   1.6722637e+06
   1.6724015e+06
   1.6725006e+06
   1.6726131e+06
   1.6726996e+06
   1.6727854e+06
   1.6728745e+06
   1.6729576e+06
   1.6730323e+06
   1.6730980e+06
   1.6732175e+06
   1.6733008e+06
   1.6734095e+06
   1.6734916e+06
   1.6735586e+06
   1.6736606e+06
   1.6737467e+06
   1.6738262e+06
   1.6739197e+06
   1.6741078e+06
   1.6742129e+06
   1.6742871e+06
   1.6744325e+06
   1.6745048e+06
   1.6745818e+06
   1.6747464e+06
   1.6749258e+06
   1.6750287e+06
   1.6751219e+06
   1.6752164e+06
   1.6753122e+06
   1.6754030e+06
   1.6755462e+06
   1.6756196e+06
   1.6757302e+06
   1.6758164e+06
   1.6759154e+06
   1.6760310e+06
   1.6761791e+06
   1.6762875e+06
   1.6764089e+06
   1.6765288e+06
   1.6766450e+06
   1.6767697e+06
   1.6768588e+06
   1.6769507e+06
   1.6770757e+06
   1.6771588e+06
   1.6772535e+06
   1.6773650e+06
   1.6774584e+06
   1.6775397e+06
   1.6776645e+06
   1.6777441e+06
   1.6778643e+06
   1.6779752e+06
   1.6780794e+06
   1.6782018e+06
   1.6783100e+06
   1.6784212e+06
   1.6785098e+06
   1.6786213e+06
   1.6786963e+06
   1.6787822e+06
   1.6788852e+06
   1.6789672e+06
   1.6790867e+06
   1.6792154e+06
   1.6792877e+06
   1.6794032e+06
   1.6794879e+06
   1.6795625e+06
   1.6796625e+06
   1.6797549e+06
   1.6798392e+06
   1.6799273e+06
   1.6802030e+06
   1.6806229e+06
   1.6821237e+06
   1.6848005e+06
   1.6851496e+06
   1.6854706e+06
   1.6856235e+06
   1.6862514e+06
   1.6865298e+06
   1.6866843e+06
   1.6874454e+06
   1.6876961e+06
   1.6878797e+06
   1.6884226e+06
   1.6886820e+06
   1.6890375e+06
   1.6892652e+06
   1.6904416e+06
   1.6908642e+06
   1.6913178e+06
   1.6925221e+06
   1.6930187e+06
   1.6932315e+06
   1.6935850e+06
   1.6943801e+06
   1.6945492e+06
   1.6961819e+06
   1.6970317e+06
   1.6973652e+06
   1.6975805e+06
   1.6978402e+06
   1.6988314e+06
   1.6996228e+06
   1.6999705e+06
   1.7001446e+06
   1.7003710e+06
   1.7007586e+06
   1.7010638e+06
   1.7017882e+06
   1.7020332e+06
   1.7026408e+06
   1.7030734e+06
   1.7033390e+06
   1.7035102e+06
   1.7040070e+06
   1.7046706e+06
   1.7060171e+06
   1.7066814e+06
   1.7069331e+06
   1.7074694e+06
   1.7079606e+06
   1.7124537e+06
   1.7126234e+06
   1.7135837e+06
   1.7139072e+06
   1.7140741e+06
   1.7145552e+06
   1.7147127e+06
   1.7149105e+06
   1.7152371e+06
   1.7200775e+06
   1.7201538e+06
   1.7202275e+06
   1.7202921e+06
   1.7203560e+06
   1.7204528e+06
   1.7205543e+06
   1.7206269e+06
   1.7207030e+06
   1.7207742e+06
   1.7208481e+06
   1.7209329e+06
   1.7210558e+06
   1.7211470e+06
   1.7212299e+06
   1.7212920e+06
   1.7213901e+06
   1.7214827e+06
   1.7215846e+06
   1.7216514e+06
   1.7217464e+06
   1.7218299e+06
   1.7219024e+06
   1.7219711e+06
   1.7220414e+06
   1.7221334e+06
   1.7222346e+06
   1.7223352e+06
   1.7224099e+06
   1.7224984e+06
   1.7225575e+06
   1.7226644e+06
   1.7227441e+06
   1.7228351e+06
   1.7228934e+06
   1.7229705e+06
   1.7230602e+06
   1.7231385e+06
   1.7232164e+06
   1.7232901e+06
   1.7233775e+06
   1.7234629e+06
   1.7235486e+06
   1.7236394e+06
   1.7237120e+06
   1.7237817e+06
   1.7238750e+06
   1.7239472e+06
   1.7240669e+06
   1.7241926e+06
   1.7242968e+06
   1.7243709e+06
   1.7244874e+06
   1.7245810e+06
   1.7246993e+06
   1.7247858e+06
   1.7248544e+06
   1.7249245e+06
   1.7250468e+06
   1.7251180e+06
   1.7251849e+06
   1.7252575e+06
   1.7253398e+06
   1.7254216e+06
   1.7255272e+06
   1.7255883e+06
   1.7256758e+06
   1.7257597e+06
   1.7258344e+06
   1.7259059e+06
   1.7259812e+06
   1.7260479e+06
   1.7261181e+06
   1.7262123e+06
   1.7262986e+06
   1.7263993e+06
   1.7265042e+06
   1.7265801e+06
   1.7266668e+06
   1.7267449e+06
   1.7268308e+06
   1.7269017e+06
   1.7269755e+06
   1.7271531e+06
   1.7272234e+06
   1.7273097e+06
   1.7273737e+06
   1.7274706e+06
   1.7275474e+06
   1.7276361e+06
   1.7277321e+06
   1.7278200e+06
   1.7278948e+06
   1.7279604e+06
   1.7280373e+06
   1.7281337e+06
   1.7282450e+06
   1.7283354e+06
   1.7284300e+06
   1.7285385e+06
   1.7286371e+06
   1.7287326e+06
   1.7288011e+06
   1.7288821e+06
   1.7289887e+06
   1.7290614e+06
   1.7291640e+06
   1.7293390e+06
   1.7294156e+06
   1.7294841e+06
   1.7295652e+06
   1.7296584e+06
   1.7297345e+06
   1.7297975e+06
   1.7298843e+06
   1.7299582e+06
   1.7300495e+06
   1.7301482e+06
   1.7302216e+06
   1.7302955e+06
   1.7303883e+06
   1.7304632e+06
   1.7305703e+06
   1.7306471e+06
   1.7307212e+06
   1.7307975e+06
   1.7308687e+06
   1.7309539e+06
   1.7310395e+06
   1.7311499e+06
   1.7312348e+06
   1.7313222e+06
   1.7314365e+06
   1.7315420e+06
   1.7316194e+06
   1.7316951e+06
   1.7317821e+06
   1.7318629e+06
   1.7319873e+06
   1.7320819e+06
   1.7321525e+06
   1.7322473e+06
   1.7323260e+06
   1.7323948e+06
   1.7324981e+06
   1.7325739e+06
   1.7326396e+06
   1.7327212e+06
   1.7327951e+06
   1.7328601e+06
   1.7329886e+06
   1.7330873e+06
   1.7331754e+06
   1.7332468e+06
   1.7333335e+06
   1.7334206e+06
   1.7335165e+06
   1.7336210e+06
   1.7337032e+06
   1.7337885e+06
   1.7338826e+06
   1.7339794e+06
   1.7341843e+06
   1.7342771e+06
   1.7344023e+06
   1.7344752e+06
   1.7345804e+06
   1.7346574e+06
   1.7347481e+06
   1.7348500e+06
   1.7349484e+06
   1.7350286e+06
   1.7351079e+06
   1.7352070e+06
   1.7352819e+06
   1.7353686e+06
   1.7354706e+06
   1.7355891e+06
   1.7356700e+06
   1.7357739e+06
   1.7358516e+06
   1.7359389e+06
   1.7360152e+06
   1.7360915e+06
   1.7362368e+06
   1.7363632e+06
   1.7364268e+06
   1.7365086e+06
   1.7365710e+06
   1.7366454e+06
   1.7367417e+06
   1.7368727e+06
   1.7369569e+06
   1.7370355e+06
   1.7371361e+06
   1.7372268e+06
   1.7373096e+06
   1.7374417e+06
   1.7375402e+06
   1.7376197e+06
   1.7377020e+06
   1.7377723e+06
   1.7378746e+06
   1.7379626e+06
   1.7380809e+06
   1.7381610e+06
   1.7382368e+06
   1.7383205e+06
   1.7383983e+06
   1.7384967e+06
   1.7385636e+06
   1.7386419e+06
   1.7387289e+06
   1.7388638e+06
   1.7389296e+06
   1.7390149e+06
   1.7391126e+06
   1.7391942e+06
   1.7392728e+06
   1.7394372e+06
   1.7395195e+06
   1.7396209e+06
   1.7397453e+06
   1.7398787e+06
   1.7399612e+06
   1.7404670e+06
   1.7407296e+06
   1.7409990e+06
   1.7416846e+06
   1.7427624e+06
   1.7432234e+06
   1.7434188e+06
   1.7437116e+06
   1.7440047e+06
   1.7442991e+06
   1.7445397e+06
   1.7447037e+06
   1.7463767e+06
   1.7465944e+06
   1.7468799e+06
   1.7471184e+06
   1.7477082e+06
   1.7492243e+06
   1.7501665e+06
   1.7505023e+06
   1.7508275e+06
   1.7512850e+06
   1.7515975e+06
   1.7518535e+06
   1.7521280e+06
   1.7540401e+06
   1.7548436e+06
   1.7551434e+06
   1.7554054e+06
   1.7557165e+06
   1.7560823e+06
   1.7564595e+06
   1.7593857e+06
   1.7597550e+06
   1.7602225e+06
   1.7603900e+06
   1.7609477e+06
   1.7611795e+06
   1.7623344e+06
   1.7626586e+06
   1.7629538e+06
   1.7631981e+06
   1.7647919e+06
   1.7651577e+06
   1.7654829e+06
   1.7660638e+06
   1.7679667e+06
   1.7681378e+06
   1.7683976e+06
   1.7688201e+06
   1.7691925e+06
   1.7701388e+06
   1.7704317e+06
   1.7714316e+06
   1.7719701e+06
   1.7725852e+06
   1.7728396e+06
   1.7742234e+06
   1.7749591e+06
   1.7755101e+06
   1.7772150e+06
   1.7775905e+06
   1.7778452e+06
   1.7787779e+06
   1.7796540e+06
   1.7800932e+06
   1.7801566e+06
   1.7802249e+06
   1.7803300e+06
   1.7804110e+06
   1.7805017e+06
   1.7805896e+06
   1.7806701e+06
   1.7807711e+06
   1.7808504e+06
   1.7809718e+06
   1.7810375e+06
   1.7811252e+06
   1.7812009e+06
   1.7812775e+06
   1.7813562e+06
   1.7814307e+06
   1.7815231e+06
   1.7815994e+06
   1.7816664e+06
   1.7817568e+06
   1.7818552e+06
   1.7819356e+06
   1.7820182e+06
   1.7820839e+06
   1.7821519e+06
   1.7822355e+06
   1.7823247e+06
   1.7824047e+06
   1.7824859e+06
   1.7825621e+06
   1.7826328e+06
   1.7827107e+06
   1.7827983e+06
   1.7828823e+06
   1.7829546e+06
   1.7830583e+06
   1.7831358e+06
   1.7832431e+06
   1.7833306e+06
   1.7834143e+06
   1.7834907e+06
   1.7835705e+06
   1.7836397e+06
   1.7837063e+06
   1.7838298e+06
   1.7839043e+06
   1.7839882e+06
   1.7840724e+06
   1.7841522e+06
   1.7842250e+06
   1.7843056e+06
   1.7843774e+06
   1.7844551e+06
   1.7845182e+06
   1.7845912e+06
   1.7846641e+06
   1.7847513e+06
   1.7848237e+06
   1.7849113e+06
   1.7849700e+06
   1.7850586e+06
   1.7851296e+06
   1.7852170e+06
   1.7852820e+06
   1.7853531e+06
   1.7854251e+06
   1.7854935e+06
   1.7855920e+06
   1.7856705e+06
   1.7857411e+06
   1.7858197e+06
   1.7859081e+06
   1.7859782e+06
   1.7860478e+06
   1.7861911e+06
   1.7862586e+06
   1.7863507e+06
   1.7864191e+06
   1.7864955e+06
   1.7865747e+06
   1.7866701e+06
   1.7867612e+06
   1.7868423e+06
   1.7869292e+06
   1.7869947e+06
   1.7871682e+06
   1.7872683e+06
   1.7873426e+06
   1.7874297e+06
   1.7875302e+06
   1.7876032e+06
   1.7876767e+06
   1.7877484e+06
   1.7878252e+06
   1.7879124e+06
   1.7879790e+06
   1.7880612e+06
   1.7881649e+06
   1.7882797e+06
   1.7883652e+06
   1.7884439e+06
   1.7885377e+06
   1.7886215e+06
   1.7886983e+06
   1.7887690e+06
   1.7888799e+06
   1.7889713e+06
   1.7891133e+06
   1.7892076e+06
   1.7893078e+06
   1.7893996e+06
   1.7894736e+06
   1.7895608e+06
   1.7896358e+06
   1.7897441e+06
   1.7898387e+06
   1.7899207e+06
   1.7900033e+06
   1.7900800e+06
   1.7901618e+06
   1.7902542e+06
   1.7903542e+06
   1.7904488e+06
   1.7905385e+06
   1.7905945e+06
   1.7907134e+06
   1.7907827e+06
   1.7908619e+06
   1.7909451e+06
   1.7910474e+06
   1.7911723e+06
   1.7912632e+06
   1.7913662e+06
   1.7914433e+06
   1.7915338e+06
   1.7916163e+06
   1.7916876e+06
   1.7917671e+06
   1.7918538e+06
   1.7919319e+06
   1.7920178e+06
   1.7921025e+06
   1.7922056e+06
   1.7922845e+06
   1.7923746e+06
   1.7924702e+06
   1.7925334e+06
   1.7926250e+06
   1.7927089e+06
   1.7927836e+06
   1.7928560e+06
   1.7929323e+06
   1.7929912e+06
   1.7930756e+06
   1.7931710e+06
   1.7932546e+06
   1.7933220e+06
   1.7934120e+06
   1.7934851e+06
   1.7935619e+06
   1.7936754e+06
   1.7937577e+06
   1.7938415e+06
   1.7939203e+06
   1.7939864e+06
   1.7941814e+06
   1.7942765e+06
   1.7943527e+06
   1.7944793e+06
   1.7945790e+06
   1.7946770e+06
   1.7947731e+06
   1.7948674e+06
   1.7949606e+06
   1.7950400e+06
   1.7951175e+06
   1.7952210e+06
   1.7953600e+06
   1.7954535e+06
   1.7955382e+06
   1.7956237e+06
   1.7957179e+06
   1.7958103e+06
   1.7959161e+06
   1.7960043e+06
   1.7960780e+06
   1.7961425e+06
   1.7962216e+06
   1.7963203e+06
   1.7964388e+06
   1.7965376e+06
   1.7966666e+06
   1.7967483e+06
   1.7968311e+06
   1.7969088e+06
   1.7970012e+06
   1.7970788e+06
   1.7971630e+06
   1.7972657e+06
   1.7973480e+06
   1.7974511e+06
   1.7975340e+06
   1.7976083e+06
   1.7976875e+06
   1.7977778e+06
   1.7978644e+06
   1.7979821e+06
   1.7980568e+06
   1.7981487e+06
   1.7982425e+06
   1.7983179e+06
   1.7984006e+06
   1.7984874e+06
   1.7986383e+06
   1.7987207e+06
   1.7987946e+06
   1.7988839e+06
   1.7989761e+06
   1.7990568e+06
   1.7991409e+06
   1.7992498e+06
   1.7993281e+06
   1.7993941e+06
   1.7994598e+06
   1.7995866e+06
   1.7996567e+06
   1.7997358e+06
   1.7998446e+06
   1.7999305e+06
   1.8003640e+06
   1.8007334e+06
   1.8012617e+06
   1.8016760e+06
   1.8019270e+06
   1.8021697e+06
   1.8029246e+06
   1.8033060e+06
   1.8034193e+06
   1.8038817e+06
   1.8042432e+06
   1.8053715e+06
   1.8058937e+06
   1.8067841e+06
   1.8070283e+06
   1.8072622e+06
   1.8091030e+06
   1.8097427e+06
   1.8100105e+06
   1.8106336e+06
   1.8125699e+06
   1.8143011e+06
   1.8146399e+06
   1.8148181e+06
   1.8153234e+06
   1.8166332e+06
   1.8175709e+06
   1.8184486e+06
   1.8188873e+06
   1.8201803e+06
   1.8319662e+06
   1.8324588e+06
   1.8338806e+06
   1.8369566e+06
   1.8372677e+06
   1.8378733e+06
   1.8388057e+06
   1.8393266e+06
   1.8400715e+06
   1.8401492e+06
   1.8402256e+06
   1.8402854e+06
   1.8403886e+06
   1.8404672e+06
   1.8405440e+06
   1.8406205e+06
   1.8406903e+06
   1.8407572e+06
   1.8408205e+06
   1.8408882e+06
   1.8409686e+06
   1.8410439e+06
   1.8411362e+06
   1.8412006e+06
   1.8412959e+06
   1.8413645e+06
   1.8414352e+06
   1.8415100e+06
   1.8415855e+06
   1.8416666e+06
   1.8417373e+06
   1.8418220e+06
   1.8418788e+06
   1.8419609e+06
   1.8420272e+06
   1.8421105e+06
   1.8421803e+06
   1.8422447e+06
   1.8423095e+06
   1.8423980e+06
   1.8424617e+06
   1.8425262e+06
   1.8425932e+06
   1.8426977e+06
   1.8427916e+06
   1.8428697e+06
   1.8429360e+06
   1.8430248e+06
   1.8430823e+06
   1.8431438e+06
   1.8432315e+06
   1.8433044e+06
   1.8433732e+06
   1.8434415e+06
   1.8435243e+06
   1.8436309e+06
   1.8437173e+06
   1.8437808e+06
   1.8438795e+06
   1.8439329e+06
   1.8440085e+06
   1.8440939e+06
   1.8441631e+06
   1.8442404e+06
   1.8443143e+06
   1.8443935e+06
   1.8444706e+06
   1.8445550e+06
   1.8446171e+06
   1.8446872e+06
   1.8447478e+06
   1.8448259e+06
   1.8448939e+06
   1.8449711e+06
   1.8450623e+06
   1.8451276e+06
   1.8452221e+06
   1.8452884e+06
   1.8453684e+06
   1.8454335e+06
   1.8455021e+06
   1.8456065e+06
   1.8456743e+06
   1.8457403e+06
   1.8458122e+06
   1.8459346e+06
   1.8460364e+06
   1.8461119e+06
   1.8461778e+06
   1.8462377e+06
   1.8463119e+06
   1.8463892e+06
   1.8464637e+06
   1.8465524e+06
   1.8466245e+06
   1.8466876e+06
   1.8467838e+06
   1.8468542e+06
   1.8469254e+06
   1.8470753e+06
   1.8471594e+06
   1.8472323e+06
   1.8473238e+06
   1.8473857e+06
   1.8474535e+06
   1.8475242e+06
   1.8475970e+06
   1.8476696e+06
   1.8477500e+06
   1.8478149e+06
   1.8478886e+06
   1.8479755e+06
   1.8480663e+06
   1.8481528e+06
   1.8482269e+06
   1.8483013e+06
   1.8483790e+06
   1.8484914e+06
   1.8485646e+06
   1.8486400e+06
   1.8487470e+06
   1.8488090e+06
   1.8488734e+06
   1.8489347e+06
   1.8489954e+06
   1.8490817e+06
   1.8491504e+06
   1.8492202e+06
   1.8493037e+06
   1.8493722e+06
   1.8494331e+06
   1.8495053e+06
   1.8496327e+06
   1.8497455e+06
   1.8498026e+06
   1.8498773e+06
   1.8499485e+06
   1.8500246e+06
   1.8500875e+06
   1.8501481e+06
   1.8502461e+06
   1.8503099e+06
   1.8503710e+06
   1.8504267e+06
   1.8505161e+06
   1.8505957e+06
   1.8506652e+06
   1.8507512e+06
   1.8508209e+06
   1.8508788e+06
   1.8509446e+06
   1.8510120e+06
   1.8510870e+06
   1.8511596e+06
   1.8512561e+06
   1.8513397e+06
   1.8514182e+06
   1.8514955e+06
   1.8515753e+06
   1.8516454e+06
   1.8517197e+06
   1.8517947e+06
   1.8518663e+06
   1.8519398e+06
   1.8520534e+06
   1.8521244e+06
   1.8521913e+06
   1.8522695e+06
   1.8523381e+06
   1.8524291e+06
   1.8524847e+06
   1.8525555e+06
   1.8526234e+06
   1.8527226e+06
   1.8527917e+06
   1.8528579e+06
   1.8529644e+06
   1.8530566e+06
   1.8531401e+06
   1.8532063e+06
   1.8532823e+06
   1.8533617e+06
   1.8534559e+06
   1.8535419e+06
   1.8536353e+06
   1.8536991e+06
   1.8537801e+06
   1.8539040e+06
   1.8539987e+06
   1.8541867e+06
   1.8542661e+06
   1.8543420e+06
   1.8544300e+06
   1.8544960e+06
   1.8545684e+06
   1.8546514e+06
   1.8547380e+06
   1.8548435e+06
   1.8549295e+06
   1.8549983e+06
   1.8550592e+06
   1.8551224e+06
   1.8552121e+06
   1.8552913e+06
   1.8553564e+06
   1.8554559e+06
   1.8555673e+06
   1.8556401e+06
   1.8557080e+06
   1.8557846e+06
   1.8558572e+06
   1.8559417e+06
   1.8560042e+06
   1.8560868e+06
   1.8561685e+06
   1.8562960e+06
   1.8563925e+06
   1.8565073e+06
   1.8565850e+06
   1.8566543e+06
   1.8567212e+06
   1.8567826e+06
   1.8568650e+06
   1.8569742e+06
   1.8570726e+06
   1.8571672e+06
   1.8572416e+06
   1.8573152e+06
   1.8573906e+06
   1.8574722e+06
   1.8575454e+06
   1.8576346e+06
   1.8577268e+06
   1.8577878e+06
   1.8578820e+06
   1.8579524e+06
   1.8580344e+06
   1.8581176e+06
   1.8582141e+06
   1.8582797e+06
   1.8583568e+06
   1.8584376e+06
   1.8585104e+06
   1.8585988e+06
   1.8586625e+06
   1.8587413e+06
   1.8588249e+06
   1.8589175e+06
   1.8590098e+06
   1.8590986e+06
   1.8591599e+06
   1.8592341e+06
   1.8593158e+06
   1.8594010e+06
   1.8594828e+06
   1.8595689e+06
   1.8596522e+06
   1.8597413e+06
   1.8599214e+06
   1.8603717e+06
   1.8607733e+06
   1.8611141e+06
   1.8713239e+06
   1.8714553e+06
   1.8721010e+06
   1.8726670e+06
   1.8729125e+06
   1.8736322e+06
   1.8739265e+06
   1.8868681e+06
   1.8875388e+06
   1.8878918e+06
   1.8996789e+06
   1.9000551e+06
   1.9001469e+06
   1.9002108e+06
   1.9002681e+06
   1.9003530e+06
   1.9004203e+06
   1.9004767e+06
   1.9005405e+06
   1.9006135e+06
   1.9006896e+06
   1.9007804e+06
   1.9008480e+06
   1.9009208e+06
   1.9009856e+06
   1.9010564e+06
   1.9011292e+06
   1.9011917e+06
   1.9012808e+06
   1.9013478e+06
   1.9014224e+06
   1.9014811e+06
   1.9015407e+06
   1.9016132e+06
   1.9016708e+06
   1.9017214e+06
   1.9018067e+06
   1.9018716e+06
   1.9019462e+06
   1.9020037e+06
   1.9020860e+06
   1.9021447e+06
   1.9022130e+06
   1.9022781e+06
   1.9023479e+06
   1.9024338e+06
   1.9025008e+06
   1.9025703e+06
   1.9026387e+06
   1.9027347e+06
   1.9028049e+06
   1.9028841e+06
   1.9029560e+06
   1.9030202e+06
   1.9030973e+06
   1.9031772e+06
   1.9032457e+06
   1.9033273e+06
   1.9034006e+06
   1.9034741e+06
   1.9035443e+06
   1.9036239e+06
   1.9037058e+06
   1.9037790e+06
   1.9038566e+06
   1.9039324e+06
   1.9040216e+06
   1.9040968e+06
   1.9041749e+06
   1.9042352e+06
   1.9043122e+06
   1.9043811e+06
   1.9044423e+06
   1.9045108e+06
   1.9045800e+06
   1.9046425e+06
   1.9047057e+06
   1.9047805e+06
   1.9048412e+06
   1.9049091e+06
   1.9049821e+06
   1.9050489e+06
   1.9051064e+06
   1.9051926e+06
   1.9052688e+06
   1.9053599e+06
   1.9054387e+06
   1.9055188e+06
   1.9055825e+06
   1.9056378e+06
   1.9056943e+06
   1.9057655e+06
   1.9058447e+06
   1.9059137e+06
   1.9059700e+06
   1.9060246e+06
   1.9060916e+06
   1.9061527e+06
   1.9062314e+06
   1.9062918e+06
   1.9063512e+06
   1.9064146e+06
   1.9064886e+06
   1.9065855e+06
   1.9066628e+06
   1.9067286e+06
   1.9068040e+06
   1.9068786e+06
   1.9069303e+06
   1.9070736e+06
   1.9071514e+06
   1.9072144e+06
   1.9072915e+06
   1.9073656e+06
   1.9074405e+06
   1.9075709e+06
   1.9076350e+06
   1.9077218e+06
   1.9078047e+06
   1.9078899e+06
   1.9079562e+06
   1.9080286e+06
   1.9081039e+06
   1.9081957e+06
   1.9082764e+06
   1.9083412e+06
   1.9083974e+06
   1.9084550e+06
   1.9085245e+06
   1.9085767e+06
   1.9086544e+06
   1.9087265e+06
   1.9087956e+06
   1.9088692e+06
   1.9089465e+06
   1.9090113e+06
   1.9090934e+06
   1.9091735e+06
   1.9092680e+06
   1.9093495e+06
   1.9094222e+06
   1.9094938e+06
   1.9095786e+06
   1.9096441e+06
   1.9097028e+06
   1.9097753e+06
   1.9098437e+06
   1.9099094e+06
   1.9099870e+06
   1.9100464e+06
   1.9101534e+06
   1.9102277e+06
   1.9102818e+06
   1.9103607e+06
   1.9104176e+06
   1.9104846e+06
   1.9105593e+06
   1.9106332e+06
   1.9107140e+06
   1.9107690e+06
   1.9108349e+06
   1.9109015e+06
   1.9109582e+06
   1.9110396e+06
   1.9111016e+06
   1.9111682e+06
   1.9112334e+06
   1.9113090e+06
   1.9113926e+06
   1.9114474e+06
   1.9115233e+06
   1.9115978e+06
   1.9116803e+06
   1.9117587e+06
   1.9118158e+06
   1.9119044e+06
   1.9119655e+06
   1.9120557e+06
   1.9121130e+06
   1.9121939e+06
   1.9122607e+06
   1.9123638e+06
   1.9124316e+06
   1.9124531e+06
   1.9124961e+06
   1.9125103e+06
   1.9125344e+06
   1.9125600e+06
   1.9125963e+06
   1.9126247e+06
   1.9126265e+06
   1.9126629e+06
   1.9126852e+06
   1.9126966e+06
   1.9127457e+06
   1.9127537e+06
   1.9127759e+06
   1.9128051e+06
   1.9128254e+06
   1.9128450e+06
   1.9128764e+06
   1.9129170e+06
   1.9129402e+06
   1.9129489e+06
   1.9129844e+06
   1.9130097e+06
   1.9130115e+06
   1.9130657e+06
   1.9130818e+06
   1.9130954e+06
   1.9131327e+06
   1.9131533e+06
   1.9131693e+06
   1.9132027e+06
   1.9132250e+06
   1.9132472e+06
   1.9132855e+06
   1.9133090e+06
   1.9133147e+06
   1.9133754e+06
   1.9133847e+06
   1.9133890e+06
   1.9134490e+06
   1.9134513e+06
   1.9134627e+06
   1.9135280e+06
   1.9135286e+06
   1.9135531e+06
   1.9135888e+06
   1.9136001e+06
   1.9136294e+06
   1.9136440e+06
   1.9136800e+06
   1.9137022e+06
   1.9137091e+06
   1.9137526e+06
   1.9137717e+06
   1.9137788e+06
   1.9138094e+06
   1.9138666e+06
   1.9138713e+06
   1.9138770e+06
   1.9139316e+06
   1.9139413e+06
   1.9139572e+06
   1.9141010e+06
   1.9141310e+06
   1.9141446e+06
   1.9141784e+06
   1.9142190e+06
   1.9142224e+06
   1.9142631e+06
   1.9142861e+06
   1.9143339e+06
   1.9143386e+06
   1.9143597e+06
   1.9144031e+06
   1.9144101e+06
   1.9144447e+06
   1.9144836e+06
   1.9145005e+06
   1.9145162e+06
   1.9145705e+06
   1.9145856e+06
   1.9146033e+06
   1.9146526e+06
   1.9146610e+06
   1.9146694e+06
   1.9147221e+06
   1.9147338e+06
   1.9147403e+06
   1.9147825e+06
   1.9147986e+06
   1.9148029e+06
   1.9148470e+06
   1.9148801e+06
   1.9148981e+06
   1.9149225e+06
   1.9149604e+06
   1.9149700e+06
   1.9149952e+06
   1.9150318e+06
   1.9150369e+06
   1.9150650e+06
   1.9151271e+06
   1.9151448e+06
   1.9151454e+06
   1.9151926e+06
   1.9152102e+06
   1.9152250e+06
   1.9152514e+06
   1.9152790e+06
   1.9153284e+06
   1.9153483e+06
   1.9153560e+06
   1.9154251e+06
   1.9154338e+06
   1.9154513e+06
   1.9155008e+06
   1.9155033e+06
   1.9155458e+06
   1.9155647e+06
   1.9155802e+06
   1.9156111e+06
   1.9156396e+06
   1.9156481e+06
   1.9156923e+06
   1.9157088e+06
   1.9157163e+06
   1.9157587e+06
   1.9157798e+06
   1.9158106e+06
   1.9158200e+06
   1.9158528e+06
   1.9158871e+06
   1.9158929e+06
   1.9159218e+06
   1.9159665e+06
   1.9159683e+06
   1.9159885e+06
   1.9160385e+06
   1.9160625e+06
   1.9160715e+06
   1.9161295e+06
   1.9161458e+06
   1.9161797e+06
   1.9162070e+06
   1.9162110e+06
   1.9162581e+06
   1.9162838e+06
   1.9162891e+06
   1.9163380e+06
   1.9163579e+06
   1.9163776e+06
   1.9164186e+06
   1.9164317e+06
   1.9164474e+06
   1.9164920e+06
   1.9165114e+06
   1.9165209e+06
   1.9165850e+06
   1.9165953e+06
   1.9166534e+06
   1.9166567e+06
   1.9166808e+06
   1.9167150e+06
   1.9167456e+06
   1.9167577e+06
   1.9167785e+06
   1.9168181e+06
   1.9168704e+06
   1.9168877e+06
   1.9168920e+06
   1.9169417e+06
   1.9169483e+06
   1.9169738e+06
   1.9170305e+06
   1.9170380e+06
   1.9170451e+06
   1.9171045e+06
   1.9171133e+06
   1.9171314e+06
   1.9171692e+06
   1.9171803e+06
   1.9172205e+06
   1.9172360e+06
   1.9172720e+06
   1.9173090e+06
   1.9173216e+06
   1.9173473e+06
   1.9173862e+06
   1.9173995e+06
   1.9174389e+06
   1.9174648e+06
   1.9174716e+06
   1.9175200e+06
   1.9175375e+06
   1.9175484e+06
   1.9175947e+06
   1.9176057e+06
   1.9176206e+06
   1.9176770e+06
   1.9176852e+06
   1.9176933e+06
   1.9177562e+06
   1.9177664e+06
   1.9177744e+06
   1.9178402e+06
   1.9178514e+06
   1.9178546e+06
   1.9179192e+06
   1.9179267e+06
   1.9179307e+06
   1.9179986e+06
   1.9180252e+06
   1.9180353e+06
   1.9180773e+06
   1.9180983e+06
   1.9181144e+06
   1.9181483e+06
   1.9181632e+06
   1.9181859e+06
   1.9182049e+06
   1.9182499e+06
   1.9182709e+06
   1.9182762e+06
   1.9183285e+06
   1.9183534e+06
   1.9183770e+06
   1.9184044e+06
   1.9184347e+06
   1.9184654e+06
   1.9184745e+06
   1.9185157e+06
   1.9185399e+06
   1.9185672e+06
   1.9185744e+06
   1.9186247e+06
   1.9186395e+06
   1.9187042e+06
   1.9187175e+06
   1.9187263e+06
   1.9187844e+06
   1.9187869e+06
   1.9188153e+06
   1.9188597e+06
   1.9188685e+06
   1.9188828e+06
   1.9189502e+06
   1.9189508e+06
   1.9189530e+06
   1.9190152e+06
   1.9190186e+06
   1.9190416e+06
   1.9190932e+06
   1.9191239e+06
   1.9191328e+06
   1.9191641e+06
   1.9192123e+06
   1.9192127e+06
   1.9192610e+06
   1.9192754e+06
   1.9192987e+06
   1.9193231e+06
   1.9193315e+06
   1.9193689e+06
   1.9193921e+06
   1.9194063e+06
   1.9194381e+06
   1.9194651e+06
   1.9194710e+06
   1.9195047e+06
   1.9195376e+06
   1.9195412e+06
   1.9195628e+06
   1.9196227e+06
   1.9196314e+06
   1.9196455e+06
   1.9197094e+06
   1.9197108e+06
   1.9197309e+06
   1.9197897e+06
   1.9197908e+06
   1.9197999e+06
   1.9198633e+06
   1.9198706e+06
   1.9198741e+06
   1.9199391e+06
   1.9199490e+06
   1.9199595e+06
