   9.1695959e+02
   2.0021092e+03
   3.3579915e+03
   4.4223288e+03
   5.8609169e+03
   8.8412750e+03
   1.1676083e+04
   1.2693755e+04
   1.3734537e+04
   1.5192734e+04
   1.6761400e+04
   1.8328683e+04
   1.9760801e+04
   2.1350141e+04
   2.2292224e+04
   2.4510099e+04
   2.5626513e+04
   2.7575590e+04
   2.9107723e+04
   3.0165893e+04
   3.2165408e+04
   3.3799011e+04
   3.4774160e+04
   3.5792739e+04
   3.7258300e+04
   3.8527256e+04
   4.0232163e+04
   4.1141030e+04
   4.2469372e+04
   4.3662922e+04
   4.5726642e+04
   4.6471994e+04
   4.8879004e+04
   5.0558184e+04
   5.1711628e+04
   5.2765990e+04
   5.3562904e+04
   5.5127838e+04
   5.6815950e+04
   5.8216708e+04
   5.9249335e+04
   1.0104384e+05
   1.0316636e+05
   1.0439091e+05
   1.0618965e+05
   1.0795135e+05
   1.0938436e+05
   1.1077438e+05
   1.1251872e+05
   1.1499487e+05
   1.1777272e+05
   1.1936175e+05
   1.6121294e+05
   1.6279668e+05
   1.6458164e+05
   1.6550367e+05
   1.6644028e+05
   1.6858361e+05
   1.6976865e+05
   1.7095017e+05
   1.7226772e+05
   1.7330145e+05
   1.7504047e+05
   1.7612239e+05
   1.7739415e+05
   1.7977574e+05
   2.2164335e+05
   2.2293307e+05
   2.2395440e+05
   2.2508154e+05
   2.2597706e+05
   2.2885555e+05
   2.2986918e+05
   2.3105774e+05
   2.3182926e+05
   2.3300053e+05
   2.3503807e+05
   2.3641525e+05
   2.3759325e+05
   2.8096593e+05
   2.8220231e+05
   2.8325828e+05
   2.8447527e+05
   2.8610771e+05
   2.8812458e+05
   2.8928111e+05
   2.9041212e+05
   2.9160183e+05
   2.9300548e+05
   2.9587468e+05
   2.9726510e+05
   2.9969361e+05
   3.4143869e+05
   3.4250848e+05
   3.4438348e+05
   3.4536624e+05
   3.4669035e+05
   3.4805395e+05
   3.4935802e+05
   3.5030209e+05
   3.5118645e+05
   3.5261052e+05
   3.5366705e+05
   3.5502108e+05
   3.5642794e+05
   3.5756381e+05
   3.5908432e+05
   4.0104006e+05
   4.0236060e+05
   4.0391912e+05
   4.0509514e+05
   4.0607552e+05
   4.0807624e+05
   4.0955393e+05
   4.1062918e+05
   4.1160365e+05
   4.1338525e+05
   4.1632173e+05
   4.1774141e+05
   4.1905611e+05
   4.6117780e+05
   4.6239454e+05
   4.6374389e+05
   4.6480196e+05
   4.6622907e+05
   4.6819506e+05
   4.7012428e+05
   4.7162524e+05
   4.7337684e+05
   4.7513723e+05
   4.7649207e+05
   4.7801637e+05
   4.7895671e+05
   5.2110447e+05
   5.2196663e+05
   5.2308065e+05
   5.2463395e+05
   5.2553687e+05
   5.2935673e+05
   5.3050575e+05
   5.3208629e+05
   5.3311705e+05
   5.3504068e+05
   5.3679937e+05
   5.3820207e+05
   5.3972033e+05
   5.8080567e+05
   5.8204189e+05
   5.8350526e+05
   5.8466979e+05
   5.8568785e+05
   5.8694499e+05
   5.8885270e+05
   5.9033183e+05
   5.9146692e+05
   5.9297391e+05
   5.9484127e+05
   5.9596439e+05
   5.9668494e+05
   5.9850996e+05
   5.9966065e+05
   6.0163575e+05
   6.0263844e+05
   6.0390161e+05
   6.0577271e+05
   6.0798325e+05
   6.0903893e+05
   6.1011456e+05
   6.1099928e+05
   6.1285848e+05
   6.1456972e+05
   6.1778154e+05
   6.2075826e+05
   6.2223842e+05
   6.2375370e+05
   6.2556770e+05
   6.2886013e+05
   6.2975809e+05
   6.3153953e+05
   6.3309822e+05
   6.3438897e+05
   6.3573651e+05
   6.3822743e+05
   6.3985707e+05
   6.4087958e+05
   6.4272141e+05
   6.4398650e+05
   6.4577540e+05
   6.4670926e+05
   6.4926782e+05
   6.5111349e+05
   6.5216706e+05
   6.5380328e+05
   6.5525521e+05
   6.5884489e+05
   6.5985468e+05
   6.6092624e+05
   6.6286602e+05
   6.6445407e+05
   6.6626055e+05
   6.6780129e+05
   6.6921170e+05
   6.7074633e+05
   6.7213639e+05
   6.7408444e+05
   6.7546503e+05
   6.7714831e+05
   6.7818554e+05
   6.7986022e+05
   6.8206587e+05
   6.8308760e+05
   6.8422628e+05
   6.8628713e+05
   6.8795827e+05
   6.8895364e+05
   6.9110742e+05
   6.9285232e+05
   6.9410860e+05
   6.9537677e+05
   6.9651441e+05
   6.9803892e+05
   6.9901957e+05
   7.0075918e+05
   7.0194090e+05
   7.0477761e+05
   7.0660445e+05
   7.0871014e+05
   7.1020502e+05
   7.1138997e+05
   7.1296914e+05
   7.1478203e+05
   7.1590003e+05
   7.1688238e+05
   7.1812291e+05
   7.1922008e+05
   7.2142743e+05
   7.2295517e+05
   7.2406663e+05
   7.2630593e+05
   7.3430074e+05
   7.3547367e+05
   7.3776075e+05
   7.3971642e+05
   7.4246580e+05
   7.4488434e+05
   7.4639105e+05
   7.4745820e+05
   7.4892965e+05
   7.5116014e+05
   7.5297121e+05
   7.5480792e+05
   7.5694724e+05
   7.6248911e+05
   7.6425610e+05
   7.6634415e+05
   7.6990432e+05
   7.7279546e+05
   7.7547604e+05
   7.7832877e+05
   8.2364065e+05
   8.2534859e+05
   8.2634286e+05
   8.2830404e+05
   8.3003964e+05
   8.3519981e+05
   8.3656444e+05
   8.3809069e+05
   8.8150339e+05
   8.8261524e+05
   8.8387627e+05
   8.8508904e+05
   8.8663694e+05
   8.9089149e+05
   8.9178408e+05
   8.9319132e+05
   8.9540257e+05
   8.9799088e+05
   9.4122462e+05
   9.4291923e+05
   9.4610945e+05
   9.5060465e+05
   9.5205206e+05
   9.5338601e+05
   9.5553161e+05
   9.5834879e+05
   1.0020271e+06
   1.0037385e+06
   1.0068119e+06
   1.0103637e+06
   1.0120536e+06
   1.0133588e+06
   1.0161757e+06
   1.0178164e+06
   1.0194716e+06
   1.0616947e+06
   1.0628640e+06
   1.0640951e+06
   1.0681523e+06
   1.0707058e+06
   1.0722055e+06
   1.0739077e+06
   1.0758461e+06
   1.0768233e+06
   1.0789189e+06
   1.1213016e+06
   1.1229330e+06
   1.1267202e+06
   1.1284898e+06
   1.1300511e+06
   1.1315480e+06
   1.1332629e+06
   1.1354507e+06
   1.1372096e+06
   1.1386035e+06
   1.1398170e+06
   1.1813371e+06
   1.1828903e+06
   1.1838441e+06
   1.1856134e+06
   1.1888341e+06
   1.1912095e+06
   1.1930245e+06
   1.1961048e+06
   1.1973685e+06
   1.1991712e+06
   1.2412354e+06
   1.2429881e+06
   1.2455294e+06
   1.2482835e+06
   1.2502089e+06
   1.2516556e+06
   1.2539493e+06
   1.2558931e+06
   1.2573370e+06
   1.2599051e+06
   1.3039606e+06
   1.3053316e+06
   1.3096492e+06
   1.3112360e+06
   1.3128452e+06
   1.3153016e+06
   1.3172602e+06
   1.3191762e+06
   1.3660235e+06
   1.3687787e+06
   1.3702801e+06
   1.3724911e+06
   1.3759415e+06
   1.3770296e+06
   1.4227970e+06
   1.4241465e+06
   1.4256894e+06
   1.4281383e+06
   1.4292919e+06
   1.4355903e+06
   1.4383362e+06
   1.4814449e+06
   1.4823749e+06
   1.4847182e+06
   1.4864814e+06
   1.4882031e+06
   1.4896223e+06
   1.4910179e+06
   1.4924291e+06
   1.4949128e+06
   1.4980892e+06
   1.4993996e+06
   1.5412515e+06
   1.5422948e+06
   1.5434479e+06
   1.5449268e+06
   1.5461978e+06
   1.5486405e+06
   1.5512070e+06
   1.5524838e+06
   1.5535384e+06
   1.5586072e+06
   1.6017075e+06
   1.6043298e+06
   1.6052770e+06
   1.6064934e+06
   1.6085639e+06
   1.6099975e+06
   1.6129685e+06
   1.6166864e+06
   1.6182641e+06
   1.6198222e+06
   1.6615635e+06
   1.6647892e+06
   1.6666651e+06
   1.6696665e+06
   1.6711733e+06
   1.6726141e+06
   1.6737521e+06
   1.6751859e+06
   1.6762657e+06
   1.6786558e+06
   1.7209712e+06
   1.7233455e+06
   1.7246469e+06
   1.7261457e+06
   1.7283474e+06
   1.7294400e+06
   1.7329417e+06
   1.7377740e+06
   1.7399358e+06
   1.7811281e+06
   1.7823782e+06
   1.7834234e+06
   1.7848235e+06
   1.7861036e+06
   1.7900113e+06
   1.7911859e+06
   1.7922333e+06
   1.7939995e+06
   1.7952681e+06
   1.7971759e+06
   1.7986415e+06
   1.8413456e+06
   1.8432732e+06
   1.8446666e+06
   1.8458645e+06
   1.8491616e+06
   1.8524601e+06
   1.8551677e+06
   1.8564721e+06
   1.9013608e+06
   1.9032031e+06
   1.9050458e+06
   1.9061203e+06
   1.9083331e+06
   1.9098018e+06
   1.9118375e+06
   1.9131141e+06
   1.9154811e+06
   1.9186797e+06
   6.1030526e+04
   6.2025597e+04
   6.3445509e+04
   6.5861593e+04
   6.7837655e+04
   6.9456219e+04
   7.0743130e+04
   7.2142737e+04
   7.3673883e+04
   7.6189755e+04
   7.7674202e+04
   7.8986915e+04
   8.0738036e+04
   8.1868378e+04
   8.3223709e+04
   8.5191621e+04
   8.6778604e+04
   8.8235231e+04
   9.0168763e+04
   9.1642260e+04
   9.3142486e+04
   9.4453952e+04
   9.5552225e+04
   9.6457145e+04
   9.8635108e+04
   1.2165730e+05
   1.2306272e+05
   1.2518899e+05
   1.2647945e+05
   1.2859947e+05
   1.3092474e+05
   1.3202769e+05
   1.3302652e+05
   1.3443294e+05
   1.3546535e+05
   1.3792757e+05
   1.3891980e+05
   1.4023125e+05
   1.4202404e+05
   1.4311900e+05
   1.4556313e+05
   1.4733316e+05
   1.4852718e+05
   1.5008087e+05
   1.5402635e+05
   1.5544563e+05
   1.5846742e+05
   1.8121039e+05
   1.8279967e+05
   1.8393217e+05
   1.8551433e+05
   1.8657299e+05
   1.8782034e+05
   1.8942985e+05
   1.9094371e+05
   1.9166360e+05
   1.9286941e+05
   1.9394337e+05
   1.9531058e+05
   1.9615361e+05
   1.9753361e+05
   1.9865323e+05
   2.0039249e+05
   2.0219586e+05
   2.0560235e+05
   2.0686941e+05
   2.0813889e+05
   2.0927232e+05
   2.1072571e+05
   2.1221441e+05
   2.1412406e+05
   2.1535004e+05
   2.1661523e+05
   2.1786725e+05
   2.1987073e+05
   2.4121561e+05
   2.4223241e+05
   2.4442111e+05
   2.4591173e+05
   2.4766441e+05
   2.4994844e+05
   2.5094878e+05
   2.5217093e+05
   2.5489779e+05
   2.5586886e+05
   2.5748252e+05
   2.5864217e+05
   2.6022776e+05
   2.6179798e+05
   2.6356315e+05
   2.6466251e+05
   2.6661268e+05
   2.6827260e+05
   2.7023177e+05
   2.7134771e+05
   2.7264545e+05
   2.7429482e+05
   2.7715265e+05
   2.7890167e+05
   3.0111878e+05
   3.0226826e+05
   3.0396875e+05
   3.0537609e+05
   3.0638117e+05
   3.0768569e+05
   3.0951616e+05
   3.1250689e+05
   3.1379674e+05
   3.1523060e+05
   3.1950392e+05
   3.2090623e+05
   3.2209826e+05
   3.2341896e+05
   3.2483475e+05
   3.2612635e+05
   3.2715636e+05
   3.2903473e+05
   3.3021069e+05
   3.3121678e+05
   3.3270150e+05
   3.3556932e+05
   3.6164367e+05
   3.6339507e+05
   3.6447194e+05
   3.6588290e+05
   3.6693266e+05
   3.6852008e+05
   3.7076640e+05
   3.7167374e+05
   3.7277171e+05
   3.7383620e+05
   3.7527479e+05
   3.7654824e+05
   3.7799624e+05
   3.8009693e+05
   3.8173015e+05
   3.8265303e+05
   3.8481472e+05
   3.8624013e+05
   3.8744577e+05
   3.8856426e+05
   3.8979320e+05
   3.9112272e+05
   3.9252198e+05
   3.9383715e+05
   3.9500959e+05
   3.9649864e+05
   3.9841991e+05
   3.9939042e+05
   4.2217246e+05
   4.2355523e+05
   4.2489469e+05
   4.2670672e+05
   4.2825933e+05
   4.2950472e+05
   4.3063789e+05
   4.3184179e+05
   4.3306299e+05
   4.3436584e+05
   4.3631287e+05
   4.3731508e+05
   4.3898580e+05
   4.3994471e+05
   4.4149335e+05
   4.4290935e+05
   4.4410501e+05
   4.4558068e+05
   4.4650078e+05
   4.4755898e+05
   4.4871084e+05
   4.5047940e+05
   4.5169617e+05
   4.5288084e+05
   4.5478046e+05
   4.5649899e+05
   4.5798562e+05
   4.5931864e+05
   4.8111468e+05
   4.8376003e+05
   4.8505748e+05
   4.8682726e+05
   4.8799824e+05
   4.8921703e+05
   4.9056300e+05
   4.9268044e+05
   4.9410832e+05
   4.9509047e+05
   4.9640172e+05
   4.9798410e+05
   4.9942250e+05
   5.0062129e+05
   5.0167056e+05
   5.0302337e+05
   5.0439879e+05
   5.0603727e+05
   5.0766590e+05
   5.0883637e+05
   5.0995660e+05
   5.1161792e+05
   5.1424897e+05
   5.1548557e+05
   5.1703297e+05
   5.1801095e+05
   5.1952624e+05
   5.4189734e+05
   5.4289701e+05
   5.4435071e+05
   5.4591217e+05
   5.4994267e+05
   5.5158094e+05
   5.5351520e+05
   5.5455480e+05
   5.5669261e+05
   5.5791339e+05
   5.5920195e+05
   5.6074260e+05
   5.6661453e+05
   5.6785565e+05
   5.6898247e+05
   5.6994985e+05
   5.7104887e+05
   5.7202357e+05
   5.7413765e+05
   5.7581946e+05
   5.7714043e+05
   5.7868716e+05
   7.8569893e+05
   7.8936712e+05
   7.9183967e+05
   7.9531945e+05
   7.9755434e+05
   8.0074670e+05
   8.0234439e+05
   8.0426730e+05
   8.0538240e+05
   8.0815112e+05
   8.1281450e+05
   8.1638118e+05
   8.4177690e+05
   8.4356366e+05
   8.4565477e+05
   8.4736229e+05
   8.4943854e+05
   8.5211744e+05
   8.5475626e+05
   8.5910471e+05
   8.6112951e+05
   8.6324129e+05
   8.6570937e+05
   8.6785413e+05
   8.6972255e+05
   8.7117098e+05
   8.7264570e+05
   8.7415133e+05
   8.7607349e+05
   8.7812232e+05
   9.0446306e+05
   9.0619846e+05
   9.0760083e+05
   9.0892332e+05
   9.1054449e+05
   9.1236142e+05
   9.1455961e+05
   9.1869999e+05
   9.2047708e+05
   9.2389685e+05
   9.2540529e+05
   9.2671186e+05
   9.2807539e+05
   9.2976066e+05
   9.3101938e+05
   9.3351877e+05
   9.6267953e+05
   9.6436947e+05
   9.6702704e+05
   9.6899080e+05
   9.7055950e+05
   9.7198043e+05
   9.7354938e+05
   9.7530761e+05
   9.7730963e+05
   9.7938238e+05
   9.8163408e+05
   9.8347272e+05
   9.8510064e+05
   9.8810489e+05
   9.9262589e+05
   9.9449839e+05
   9.9620984e+05
   9.9792403e+05
   9.9916216e+05
   1.0214187e+06
   1.0231767e+06
   1.0245863e+06
   1.0265251e+06
   1.0278762e+06
   1.0290103e+06
   1.0324270e+06
   1.0338290e+06
   1.0358406e+06
   1.0375050e+06
   1.0389726e+06
   1.0421894e+06
   1.0432848e+06
   1.0466461e+06
   1.0483732e+06
   1.0498390e+06
   1.0509826e+06
   1.0551867e+06
   1.0575273e+06
   1.0815265e+06
   1.0830224e+06
   1.0859879e+06
   1.0872489e+06
   1.0884777e+06
   1.0918359e+06
   1.0931549e+06
   1.0957424e+06
   1.0968971e+06
   1.0991674e+06
   1.1008192e+06
   1.1025689e+06
   1.1040922e+06
   1.1056545e+06
   1.1078323e+06
   1.1089217e+06
   1.1123766e+06
   1.1146494e+06
   1.1412821e+06
   1.1434483e+06
   1.1477121e+06
   1.1510483e+06
   1.1544268e+06
   1.1571549e+06
   1.1589846e+06
   1.1607979e+06
   1.1621641e+06
   1.1638537e+06
   1.1651975e+06
   1.1673126e+06
   1.1701924e+06
   1.1730904e+06
   1.1746256e+06
   1.1761214e+06
   1.1783732e+06
   1.2021546e+06
   1.2048191e+06
   1.2093150e+06
   1.2105842e+06
   1.2127769e+06
   1.2156138e+06
   1.2190642e+06
   1.2222060e+06
   1.2244375e+06
   1.2268652e+06
   1.2286518e+06
   1.2301686e+06
   1.2320456e+06
   1.2338667e+06
   1.2360208e+06
   1.2390981e+06
   1.2613241e+06
   1.2628653e+06
   1.2646267e+06
   1.2920437e+06
   1.2937756e+06
   1.2955306e+06
   1.2967429e+06
   1.2994558e+06
   1.3219259e+06
   1.3236928e+06
   1.3253895e+06
   1.3286598e+06
   1.3332032e+06
   1.3349283e+06
   1.3373045e+06
   1.3405454e+06
   1.3423736e+06
   1.3443716e+06
   1.3462328e+06
   1.3479244e+06
   1.3491799e+06
   1.3514869e+06
   1.3532680e+06
   1.3563528e+06
   1.3583612e+06
   1.3594454e+06
   1.3823952e+06
   1.3840841e+06
   1.3857179e+06
   1.3875022e+06
   1.3907540e+06
   1.3923856e+06
   1.3965234e+06
   1.3987139e+06
   1.4010704e+06
   1.4039867e+06
   1.4060902e+06
   1.4077450e+06
   1.4095048e+06
   1.4152698e+06
   1.4162536e+06
   1.4178603e+06
   1.4420920e+06
   1.4451725e+06
   1.4550640e+06
   1.4582068e+06
   1.4766065e+06
   1.4784266e+06
   1.5031914e+06
   1.5046213e+06
   1.5059654e+06
   1.5161043e+06
   1.5186912e+06
   1.5233014e+06
   1.5290729e+06
   1.5320874e+06
   1.5335679e+06
   1.5358112e+06
   1.5371722e+06
   1.5627042e+06
   1.5641837e+06
   1.5656478e+06
   1.5673295e+06
   1.5700378e+06
   1.5714819e+06
   1.5736664e+06
   1.5782642e+06
   1.5799698e+06
   1.5846717e+06
   1.5875361e+06
   1.5944030e+06
   1.5960472e+06
   1.5982019e+06
   1.6218427e+06
   1.6248418e+06
   1.6262255e+06
   1.6281967e+06
   1.6309077e+06
   1.6330166e+06
   1.6346666e+06
   1.6367715e+06
   1.6382582e+06
   1.6412417e+06
   1.6431696e+06
   1.6455889e+06
   1.6511127e+06
   1.6546550e+06
   1.6566643e+06
   1.6586614e+06
   1.6810483e+06
   1.6851020e+06
   1.6885823e+06
   1.6913737e+06
   1.6935386e+06
   1.6964892e+06
   1.7035326e+06
   1.7052495e+06
   1.7068762e+06
   1.7085605e+06
   1.7121959e+06
   1.7132383e+06
   1.7177176e+06
   1.7194963e+06
   1.7422262e+06
   1.7439092e+06
   1.7466297e+06
   1.7484861e+06
   1.7500865e+06
   1.7521504e+06
   1.7544271e+06
   1.7555743e+06
   1.7625765e+06
   1.7656550e+06
   1.7670669e+06
   1.7684851e+06
   1.7729753e+06
   1.7749289e+06
   1.7788653e+06
   1.8016889e+06
   1.8035615e+06
   1.8049142e+06
   1.8066400e+06
   1.8149280e+06
   1.8170773e+06
   1.8187030e+06
   1.8199006e+06
   1.8211721e+06
   1.8227391e+06
   1.8253039e+06
   1.8282235e+06
   1.8306282e+06
   1.8355220e+06
   1.8371224e+06
   1.8382032e+06
   1.8623699e+06
   1.8635593e+06
   1.8665340e+06
   1.8680420e+06
   1.8712181e+06
   1.8727372e+06
   1.8769144e+06
   1.8802570e+06
   1.8822921e+06
   1.8941387e+06
   1.8973355e+06
   1.8990871e+06
   1.8975108e+06
   1.8999508e+06
   1.8012733e+06
   1.8044494e+06
   1.8064748e+06
   1.8076798e+06
   1.8093359e+06
   1.8111786e+06
   1.8132876e+06
   1.8159063e+06
   1.8174563e+06
   1.8193480e+06
   1.8211600e+06
   1.8228302e+06
   1.8239994e+06
   1.8263631e+06
   1.8279693e+06
   1.8309516e+06
   1.8324541e+06
   1.8342190e+06
   1.8353363e+06
   1.8389220e+06
   1.8618890e+06
   1.8631891e+06
   1.8645068e+06
   1.8674844e+06
   1.8694036e+06
   1.8711345e+06
   1.8730425e+06
   1.8748424e+06
   1.8776570e+06
   1.8829245e+06
   1.8847779e+06
   1.8860349e+06
   1.8883059e+06
   1.8900856e+06
   1.8916399e+06
   1.8936573e+06
   1.8949745e+06
   1.8972593e+06
   1.8989063e+06
