   2.9073030e+02
   1.5472027e+03
   2.5365723e+03
   3.2429608e+03
   3.7191361e+03
   4.2023729e+03
   4.7034325e+03
   4.9761546e+03
   5.9452093e+03
   6.3641515e+03
   6.9223748e+03
   7.4793441e+03
   7.8779747e+03
   9.0725021e+03
   9.3528092e+03
   1.0085551e+04
   1.0592058e+04
   1.2453887e+04
   1.4013579e+04
   1.4329241e+04
   1.4736500e+04
   1.6128695e+04
   1.7027021e+04
   1.8068522e+04
   1.8394934e+04
   1.8638160e+04
   1.9628940e+04
   2.0081749e+04
   2.0278176e+04
   2.0977898e+04
   2.1581601e+04
   2.2887184e+04
   2.3365145e+04
   2.3670322e+04
   2.4069552e+04
   2.4340222e+04
   2.4597036e+04
   2.5636279e+04
   2.6304036e+04
   2.7724668e+04
   2.7983563e+04
   2.8281816e+04
   2.8682019e+04
   4.0201349e+04
   4.0393305e+04
   4.0591891e+04
   4.0933899e+04
   4.1209568e+04
   4.1361388e+04
   4.1739414e+04
   4.1911648e+04
   4.2333098e+04
   4.2494791e+04
   4.2750363e+04
   4.3057966e+04
   4.3457003e+04
   4.3737198e+04
   4.4258614e+04
   4.4556082e+04
   4.4971535e+04
   4.5284001e+04
   4.5569508e+04
   4.5760683e+04
   4.6076163e+04
   4.6284015e+04
   4.6497472e+04
   4.6749805e+04
   4.6959291e+04
   4.8331270e+04
   4.8531886e+04
   4.8788126e+04
   4.8967714e+04
   4.9170425e+04
   4.9344790e+04
   4.9536748e+04
   4.9741879e+04
   5.0088466e+04
   5.0279672e+04
   5.0455336e+04
   5.0605384e+04
   5.0733275e+04
   5.0960554e+04
   5.1135350e+04
   5.1310643e+04
   5.1478074e+04
   5.1682680e+04
   5.1874236e+04
   5.2077330e+04
   5.2288873e+04
   5.2489974e+04
   5.2647606e+04
   5.2810640e+04
   5.2972593e+04
   5.3258129e+04
   5.3465389e+04
   5.3598910e+04
   5.3743473e+04
   5.4542823e+04
   5.6575695e+04
   5.6786890e+04
   5.6797385e+04
   5.7111306e+04
   5.7361207e+04
   5.7787496e+04
   5.8074090e+04
   5.8411896e+04
   5.8803764e+04
   5.9175278e+04
   5.9765975e+04
   6.1132889e+04
   6.1549255e+04
   6.1773753e+04
   6.2725873e+04
   6.3106003e+04
   6.3531133e+04
   6.4456260e+04
   6.4650975e+04
   6.5074922e+04
   6.5754436e+04
   6.6259690e+04
   6.6697216e+04
   6.6992970e+04
   6.8811546e+04
   6.9422227e+04
   7.0240504e+04
   7.0449339e+04
   7.1608729e+04
   7.1870251e+04
   7.2475226e+04
   7.2799524e+04
   7.3434685e+04
   7.3971945e+04
   7.4260959e+04
   7.4706206e+04
   7.5196567e+04
   7.5447346e+04
   7.5695839e+04
   7.5940730e+04
   7.6665247e+04
   7.7158127e+04
   7.7365532e+04
   7.9005452e+04
   8.0192785e+04
   8.0478675e+04
   8.0786997e+04
   8.1381370e+04
   8.1971391e+04
   8.2153481e+04
   8.3452937e+04
   8.4230861e+04
   8.4696185e+04
   8.5386008e+04
   8.5735018e+04
   8.6202001e+04
   8.7783878e+04
   8.8761095e+04
   8.9846483e+04
   9.0249492e+04
   9.0606952e+04
   9.0936843e+04
   9.1893487e+04
   9.7785333e+04
   9.8382801e+04
   9.8926209e+04
   9.9948110e+04
   1.0044421e+05
   1.0111840e+05
   1.0136495e+05
   1.0180770e+05
   1.0207505e+05
   1.0251873e+05
   1.0294460e+05
   1.0320101e+05
   1.0364928e+05
   1.0425494e+05
   1.0451311e+05
   1.0480383e+05
   1.0562133e+05
   1.0594342e+05
   1.0635104e+05
   1.0668331e+05
   1.0690175e+05
   1.0745065e+05
   1.0761272e+05
   1.0780713e+05
   1.0793209e+05
   1.0815525e+05
   1.0834912e+05
   1.0860738e+05
   1.0880162e+05
   1.0923461e+05
   1.0939681e+05
   1.0956922e+05
   1.0979484e+05
   1.1000349e+05
   1.1042272e+05
   1.1061011e+05
   1.1097472e+05
   1.1153582e+05
   1.1169981e+05
   1.1208170e+05
   1.1220363e+05
   1.1236380e+05
   1.1253505e+05
   1.1276747e+05
   1.1295366e+05
   1.1311364e+05
   1.1332288e+05
   1.1350267e+05
   1.1368383e+05
   1.1386554e+05
   1.1422290e+05
   1.1446865e+05
   1.1481686e+05
   1.1497812e+05
   1.1519304e+05
   1.1540556e+05
   1.1560086e+05
   1.1586202e+05
   1.1610114e+05
   1.1628287e+05
   1.1643132e+05
   1.1678136e+05
   1.1695858e+05
   1.1720512e+05
   1.1739958e+05
   1.1766877e+05
   1.1787274e+05
   1.1803983e+05
   1.1821122e+05
   1.1845231e+05
   1.1867901e+05
   1.1892058e+05
   1.1911897e+05
   1.1934848e+05
   1.1952522e+05
   1.1983414e+05
   1.2032434e+05
   1.2103555e+05
   1.2141986e+05
   1.2199956e+05
   1.2268757e+05
   1.2306756e+05
   1.2400226e+05
   1.2554517e+05
   1.2649931e+05
   1.2686646e+05
   1.2724717e+05
   1.2775051e+05
   1.2884621e+05
   1.3015625e+05
   1.3071978e+05
   1.3091557e+05
   1.3128993e+05
   1.3163302e+05
   1.3206776e+05
   1.3237954e+05
   1.3302086e+05
   1.3347429e+05
   1.3422716e+05
   1.3490873e+05
   1.3513219e+05
   1.3578619e+05
   1.3623212e+05
   1.3743803e+05
   1.3807457e+05
   1.4029247e+05
   1.4083409e+05
   1.4156285e+05
   1.4208763e+05
   1.4259045e+05
   1.4326910e+05
   1.4375036e+05
   1.4440690e+05
   1.4474033e+05
   1.4545497e+05
   1.4582548e+05
   1.4688599e+05
   1.4715706e+05
   1.4769166e+05
   1.4877660e+05
   1.4920336e+05
   1.4966540e+05
   1.5113638e+05
   1.5180004e+05
   1.5237519e+05
   1.5339797e+05
   1.5373327e+05
   1.5402157e+05
   1.5449773e+05
   1.5534469e+05
   1.5677564e+05
   1.5716730e+05
   1.5780168e+05
   1.6023663e+05
   1.6074448e+05
   1.6098747e+05
   1.6123740e+05
   1.6162104e+05
   1.6180574e+05
   1.6208634e+05
   1.6252897e+05
   1.6283063e+05
   1.6301437e+05
   1.6318553e+05
   1.6354301e+05
   1.6388406e+05
   1.6405420e+05
   1.6441774e+05
   1.6462016e+05
   1.6478869e+05
   1.6499247e+05
   1.6527111e+05
   1.6546579e+05
   1.6571774e+05
   1.6587987e+05
   1.6610371e+05
   1.6633996e+05
   1.6652223e+05
   1.6683206e+05
   1.6732310e+05
   1.6762129e+05
   1.6788165e+05
   1.6813739e+05
   1.6836947e+05
   1.6854243e+05
   1.6879023e+05
   1.6901760e+05
   1.6957773e+05
   1.6992167e+05
   1.7019827e+05
   1.7043406e+05
   1.7063988e+05
   1.7084131e+05
   1.7119759e+05
   1.7144453e+05
   1.7166325e+05
   1.7187384e+05
   1.7202800e+05
   1.7233911e+05
   1.7278988e+05
   1.7302941e+05
   1.7359223e+05
   1.7384340e+05
   1.7427893e+05
   1.7444804e+05
   1.7455738e+05
   1.7475263e+05
   1.7492808e+05
   1.7514017e+05
   1.7533009e+05
   1.7554562e+05
   1.7571693e+05
   1.7585263e+05
   1.7618381e+05
   1.7638233e+05
   1.7666748e+05
   1.7683982e+05
   1.7708276e+05
   1.7733802e+05
   1.7769091e+05
   1.7784642e+05
   1.7822637e+05
   1.7835865e+05
   1.7853398e+05
   1.7871699e+05
   1.7886828e+05
   1.7900034e+05
   1.7921934e+05
   1.7938544e+05
   1.7959621e+05
   1.7979182e+05
   1.7989081e+05
   1.8056418e+05
   1.8233741e+05
   1.8342229e+05
   1.8393465e+05
   1.8419744e+05
   1.8728035e+05
   1.8768795e+05
   1.8998050e+05
   1.9029137e+05
   1.9138917e+05
   1.9284346e+05
   1.9325743e+05
   1.9365518e+05
   1.9424038e+05
   1.9456963e+05
   1.9510020e+05
   1.9537260e+05
   1.9555376e+05
   1.9586289e+05
   1.9612508e+05
   1.9641442e+05
   1.9789098e+05
   1.9878119e+05
   1.9928055e+05
   1.9962441e+05
   2.0003003e+05
   2.0076343e+05
   2.0107805e+05
   2.0158032e+05
   2.0181430e+05
   2.0253616e+05
   2.0288861e+05
   2.0368927e+05
   2.0403332e+05
   2.0464235e+05
   2.0544932e+05
   2.0568312e+05
   2.0617284e+05
   2.0659530e+05
   2.0970300e+05
   2.1159418e+05
   2.1380100e+05
   2.1425749e+05
   2.1468246e+05
   2.1527859e+05
   2.1590528e+05
   2.1646239e+05
   2.1688657e+05
   2.1739308e+05
   2.1793897e+05
   2.1851467e+05
   2.1911406e+05
   2.2015387e+05
   2.2030214e+05
   2.2042997e+05
   2.2060242e+05
   2.2078276e+05
   2.2094350e+05
   2.2118021e+05
   2.2135562e+05
   2.2149139e+05
   2.2171379e+05
   2.2198460e+05
   2.2222357e+05
   2.2248072e+05
   2.2259625e+05
   2.2278156e+05
   2.2288442e+05
   2.2303893e+05
   2.2327920e+05
   2.2348890e+05
   2.2364300e+05
   2.2377084e+05
   2.2392718e+05
   2.2412182e+05
   2.2427573e+05
   2.2444694e+05
   2.2463572e+05
   2.2481080e+05
   2.2495716e+05
   2.2509319e+05
   2.2526049e+05
   2.2553918e+05
   2.2573944e+05
   2.2593442e+05
   2.2620391e+05
   2.2634470e+05
   2.2653733e+05
   2.2667912e+05
   2.2682559e+05
   2.2696166e+05
   2.2743964e+05
   2.3024317e+05
   2.3064610e+05
   2.3189325e+05
   2.3295344e+05
   2.4333594e+05
   2.4370812e+05
   2.4422557e+05
   2.4451227e+05
   2.4505496e+05
   2.4529760e+05
   2.4595760e+05
   2.4642581e+05
   2.4776745e+05
   2.4833777e+05
   2.4863653e+05
   2.4936694e+05
   2.5048619e+05
   2.5178449e+05
   2.5270587e+05
   2.6344033e+05
   2.6375792e+05
   2.6468003e+05
   2.6500744e+05
   2.6614079e+05
   2.6669670e+05
   2.6707881e+05
   2.7437008e+05
   2.7502866e+05
   2.7560413e+05
   2.7605744e+05
   2.7637771e+05
   2.7704668e+05
   2.7746906e+05
   2.7771641e+05
   2.7803973e+05
   2.7934837e+05
   2.7984610e+05
   2.8028318e+05
   2.8049812e+05
   2.8080551e+05
   2.8105291e+05
   2.8170198e+05
   2.8189821e+05
   2.8206176e+05
   2.8225603e+05
   2.8257513e+05
   2.8283141e+05
   2.8303256e+05
   2.8355082e+05
   2.8391220e+05
   2.8423256e+05
   2.8455222e+05
   2.8488159e+05
   2.8522648e+05
   2.8546491e+05
   2.8602010e+05
   2.8630822e+05
   2.8693280e+05
   2.8743058e+05
   2.8837231e+05
   2.8858659e+05
   2.8883163e+05
   2.8902521e+05
   2.8917035e+05
   2.8930689e+05
   2.8954936e+05
   2.8986399e+05
   2.9013346e+05
   2.9031102e+05
   2.9050485e+05
   2.9100259e+05
   2.9121319e+05
   2.9148647e+05
   2.9168474e+05
   2.9201653e+05
   2.9215441e+05
   2.9242404e+05
   2.9257640e+05
   2.9280496e+05
   2.9299786e+05
   2.9321948e+05
   2.9339960e+05
   2.9364788e+05
   2.9387498e+05
   2.9433988e+05
   2.9490582e+05
   2.9579117e+05
   2.9639030e+05
   2.9664302e+05
   2.9688231e+05
   2.9733513e+05
   2.9780475e+05
   2.9810597e+05
   2.9846061e+05
   2.9965596e+05
   3.0046343e+05
   3.0200789e+05
   3.0242636e+05
   3.0428917e+05
   3.0489967e+05
   3.0538464e+05
   3.0574849e+05
   3.0604194e+05
   3.0658982e+05
   3.0821178e+05
   3.0888383e+05
   3.0916724e+05
   3.0966934e+05
   3.1084570e+05
   3.1145332e+05
   3.1595059e+05
   3.1643060e+05
   3.1663925e+05
   3.1725851e+05
   3.1768358e+05
   3.2090956e+05
   3.2132082e+05
   3.2187762e+05
   3.2214308e+05
   3.2289489e+05
   3.2313012e+05
   3.2555034e+05
   3.2712656e+05
   3.2742553e+05
   3.2787289e+05
   3.3364530e+05
   3.3389540e+05
   3.3451817e+05
   3.3504196e+05
   3.3643504e+05
   3.3667408e+05
   3.3814240e+05
   3.3856094e+05
   3.3967793e+05
   3.4015590e+05
   3.4036371e+05
   3.4057784e+05
   3.4068866e+05
   3.4093937e+05
   3.4105277e+05
   3.4127973e+05
   3.4154264e+05
   3.4171807e+05
   3.4185472e+05
   3.4205807e+05
   3.4226978e+05
   3.4243645e+05
   3.4263769e+05
   3.4278294e+05
   3.4307805e+05
   3.4322024e+05
   3.4341849e+05
   3.4359745e+05
   3.4374444e+05
   3.4394116e+05
   3.4417148e+05
   3.4445723e+05
   3.4461639e+05
   3.4476617e+05
   3.4490119e+05
   3.4503398e+05
   3.4524177e+05
   3.4540541e+05
   3.4555251e+05
   3.4574488e+05
   3.4587336e+05
   3.4611595e+05
   3.4629865e+05
   3.4659288e+05
   3.4688299e+05
   3.4724434e+05
   3.4770364e+05
   3.5185940e+05
   3.5236089e+05
   3.5262198e+05
   3.5306176e+05
   3.5365025e+05
   3.5599213e+05
   3.5626702e+05
   3.5707064e+05
   3.5732526e+05
   3.5751899e+05
   3.5768422e+05
   3.5796757e+05
   3.5820126e+05
   3.5839739e+05
   3.5860132e+05
   3.5918202e+05
   3.5940584e+05
   3.5961022e+05
   3.5987504e+05
   3.6051398e+05
   3.6089902e+05
   3.6152962e+05
   3.6177728e+05
   3.6229079e+05
   3.6263925e+05
   3.6289807e+05
   3.6311924e+05
   3.6360290e+05
   3.6423345e+05
   3.6451348e+05
   3.6507848e+05
   3.6714439e+05
   3.6735796e+05
   3.6777284e+05
   3.6835156e+05
   3.6891681e+05
   3.6927465e+05
   3.6954226e+05
   3.6981216e+05
   3.7111373e+05
   3.7138625e+05
   3.7160733e+05
   3.7241979e+05
   3.7315826e+05
   3.7349562e+05
   3.8863228e+05
   3.8894754e+05
   3.8930598e+05
   3.8964356e+05
   3.9041575e+05
   3.9114753e+05
   3.9161492e+05
   3.9185155e+05
   3.9223587e+05
   3.9258462e+05
   3.9287594e+05
   4.0028254e+05
   4.0071871e+05
   4.0093371e+05
   4.0124746e+05
   4.0146339e+05
   4.0176303e+05
   4.0215386e+05
   4.0246517e+05
   4.0274618e+05
   4.0307391e+05
   4.0333315e+05
   4.0350901e+05
   4.0376025e+05
   4.0425939e+05
   4.0446807e+05
   4.0491500e+05
   4.0522857e+05
   4.0546965e+05
   4.0588367e+05
   4.0650213e+05
   4.0780065e+05
   4.0805349e+05
   4.0828352e+05
   4.0848093e+05
   4.0867061e+05
   4.0885350e+05
   4.0906369e+05
   4.0949549e+05
   4.0971674e+05
   4.0996727e+05
   4.1039096e+05
   4.1053389e+05
   4.1077405e+05
   4.1098144e+05
   4.1114655e+05
   4.1134682e+05
   4.1155723e+05
   4.1186647e+05
   4.1211880e+05
   4.1236013e+05
   4.1248540e+05
   4.1264717e+05
   4.1280509e+05
   4.1305771e+05
   4.1319228e+05
   4.1341668e+05
   4.1354535e+05
   4.1374434e+05
   4.1394876e+05
   4.1448969e+05
   4.1478231e+05
   4.1519751e+05
   4.1558639e+05
   4.1588237e+05
   4.1616629e+05
   4.1637048e+05
   4.1658164e+05
   4.1703280e+05
   4.1726021e+05
   4.1756607e+05
   4.1788144e+05
   4.1804236e+05
   4.1835578e+05
   4.1860270e+05
   4.1871802e+05
   4.1915275e+05
   4.1949223e+05
   4.1976193e+05
   4.2033956e+05
   4.2068204e+05
   4.2236455e+05
   4.2296900e+05
   4.2333711e+05
   4.2378684e+05
   4.2408832e+05
   4.2514039e+05
   4.2553688e+05
   4.2749959e+05
   4.2799247e+05
   4.2929725e+05
   4.2963033e+05
   4.3074644e+05
   4.3121041e+05
   4.3177005e+05
   4.3244434e+05
   4.3378339e+05
   4.3407510e+05
   4.3628090e+05
   4.3705492e+05
   4.3730729e+05
   4.3773548e+05
   4.3812126e+05
   4.3857826e+05
   4.3998034e+05
   4.4027732e+05
   4.4074546e+05
   4.4201349e+05
   4.4221452e+05
   4.4248185e+05
   4.4386630e+05
   4.4414452e+05
   4.4549759e+05
   4.4585149e+05
   4.4624972e+05
   4.4681917e+05
   4.4731627e+05
   4.4767817e+05
   4.4790486e+05
   4.4837324e+05
   4.4881894e+05
   4.5106451e+05
   4.5195893e+05
   4.5229809e+05
   4.5300497e+05
   4.5333312e+05
   4.5700028e+05
   4.5737108e+05
   4.5801887e+05
   4.5942263e+05
   4.6027247e+05
   4.6060336e+05
   4.6081223e+05
   4.6093546e+05
   4.6116047e+05
   4.6133449e+05
   4.6309133e+05
   4.6342377e+05
   4.6375138e+05
   4.6399145e+05
   4.6418905e+05
   4.6432098e+05
   4.6449297e+05
   4.6473829e+05
   4.6493836e+05
   4.6519088e+05
   4.6545748e+05
   4.6572281e+05
   4.6606620e+05
   4.6629988e+05
   4.6670304e+05
   4.6750605e+05
   4.6768970e+05
   4.6797028e+05
   4.6811121e+05
   4.6849693e+05
   4.6870929e+05
   4.6891591e+05
   4.6904327e+05
   4.6925610e+05
   4.6943070e+05
   4.6986491e+05
   4.7004639e+05
   4.7027392e+05
   4.7050802e+05
   4.7091787e+05
   4.7108768e+05
   4.7129284e+05
   4.7147937e+05
   4.7167865e+05
   4.7186539e+05
   4.7208001e+05
   4.7235548e+05
   4.7251433e+05
   4.7278610e+05
   4.7306189e+05
   4.7327241e+05
   4.7345947e+05
   4.7368620e+05
   4.7385481e+05
   4.7437496e+05
   4.7468114e+05
   4.7522427e+05
   4.7572067e+05
   4.7610027e+05
   4.7629745e+05
   4.7729823e+05
   4.7984128e+05
   4.8117401e+05
   4.8212986e+05
   4.8266318e+05
   4.8329962e+05
   4.8349258e+05
   4.8403166e+05
   4.8457863e+05
   4.8483924e+05
   4.8522474e+05
   4.8574737e+05
   4.8687874e+05
   4.8733224e+05
   4.8775367e+05
   4.8823484e+05
   4.8908676e+05
   4.8947375e+05
   4.9037215e+05
   4.9169913e+05
   4.9222145e+05
   4.9288201e+05
   4.9322777e+05
   4.9523036e+05
   4.9571912e+05
   4.9599180e+05
   4.9647204e+05
   4.9679183e+05
   4.9737623e+05
   4.9800092e+05
   4.9831712e+05
   5.1332258e+05
   5.1427575e+05
   5.1451809e+05
   5.1489340e+05
   5.1517046e+05
   5.1562004e+05
   5.1766646e+05
   5.1797451e+05
   5.1822656e+05
   5.1888769e+05
   5.1914295e+05
   5.2014334e+05
   5.2032226e+05
   5.2050914e+05
   5.2067562e+05
   5.2096666e+05
   5.2112801e+05
   5.2136839e+05
   5.2148646e+05
   5.2168884e+05
   5.2200728e+05
   5.2221806e+05
   5.2242978e+05
   5.2261305e+05
   5.2275671e+05
   5.2309458e+05
   5.2339898e+05
   5.2355210e+05
   5.2390905e+05
   5.2408945e+05
   5.2432813e+05
   5.2458625e+05
   5.2471931e+05
   5.2492440e+05
   5.2517171e+05
   5.2535844e+05
   5.2552971e+05
   5.2573517e+05
   5.2591105e+05
   5.2611110e+05
   5.2631564e+05
   5.2645760e+05
   5.2666476e+05
   5.2686090e+05
   5.2735029e+05
   5.2753960e+05
   5.2789758e+05
   5.2817569e+05
   5.2838225e+05
   5.2860282e+05
   5.2894615e+05
   5.2989930e+05
   5.3014028e+05
   5.3048420e+05
   5.3069505e+05
   5.3146787e+05
   5.3181026e+05
   5.3245806e+05
   5.3273417e+05
   5.3321914e+05
   5.3357916e+05
   5.3376888e+05
   5.3456348e+05
   5.3472178e+05
   5.3490886e+05
   5.3524511e+05
   5.3570036e+05
   5.3590691e+05
   5.3607637e+05
   5.3632354e+05
   5.3660467e+05
   5.3689670e+05
   5.3710584e+05
   5.3725913e+05
   5.3752267e+05
   5.3771556e+05
   5.3804354e+05
   5.3823597e+05
   5.3843932e+05
   5.3865290e+05
   5.3893979e+05
   5.3917189e+05
   5.3935877e+05
   5.3953348e+05
   5.3969205e+05
   5.3991094e+05
   5.4034861e+05
   5.4082159e+05
   5.4121709e+05
   5.4199692e+05
   5.4241654e+05
   5.4289725e+05
   5.4346858e+05
   5.4423636e+05
   5.4504608e+05
   5.4542351e+05
   5.4585437e+05
   5.4611527e+05
   5.5425156e+05
   5.5450364e+05
   5.5527567e+05
   5.5565747e+05
   5.5619428e+05
   5.5648729e+05
   5.5668534e+05
   5.5700882e+05
   5.6257534e+05
   5.7169406e+05
   5.7247971e+05
   5.7282790e+05
   5.7355747e+05
   5.7393443e+05
   5.7435872e+05
   5.7503585e+05
   5.7542403e+05
   5.7693744e+05
   5.7738811e+05
   5.7816342e+05
   5.8018422e+05
   5.8043392e+05
   5.8066232e+05
   5.8084762e+05
   5.8110574e+05
   5.8162078e+05
   5.8217778e+05
   5.8266036e+05
   5.8302306e+05
   5.8327247e+05
   5.8346077e+05
   5.8364693e+05
   5.8393724e+05
   5.8409317e+05
   5.8437197e+05
   5.8459297e+05
   5.8480357e+05
   5.8546620e+05
   5.8587098e+05
   5.8695787e+05
   5.8778561e+05
   5.8801425e+05
   5.8820245e+05
   5.8835604e+05
   5.8856952e+05
   5.8879861e+05
   5.8895415e+05
   5.8911806e+05
   5.8927150e+05
   5.8948657e+05
   5.9003149e+05
   5.9019868e+05
   5.9038851e+05
   5.9058468e+05
   5.9078209e+05
   5.9094776e+05
   5.9126938e+05
   5.9143595e+05
   5.9166808e+05
   5.9191347e+05
   5.9217502e+05
   5.9234392e+05
   5.9285641e+05
   5.9328314e+05
   5.9367328e+05
   5.9392362e+05
   5.9435331e+05
   5.9454002e+05
   5.9480874e+05
   5.9529465e+05
   5.9544731e+05
   5.9570922e+05
   5.9585956e+05
   5.9605563e+05
   5.9625289e+05
   5.9645474e+05
   5.9666480e+05
   5.9685565e+05
   5.9706864e+05
   5.9723689e+05
   5.9735639e+05
   5.9754335e+05
   5.9774660e+05
   5.9810198e+05
   5.9836041e+05
   5.9856751e+05
   5.9879789e+05
   5.9897568e+05
   5.9925441e+05
   5.9941516e+05
   5.9961935e+05
   5.9978323e+05
   6.0034508e+05
   6.0105589e+05
   6.0130868e+05
   6.1860968e+05
   6.1899036e+05
   6.1959354e+05
   6.1983918e+05
   6.2056464e+05
   6.2089073e+05
   6.2114014e+05
   6.2238039e+05
   6.2264403e+05
   6.2322878e+05
   6.2387548e+05
   6.2792701e+05
   6.2910953e+05
   6.2974329e+05
   6.3006292e+05
   6.3098936e+05
   6.3295478e+05
   6.3339584e+05
   6.3383142e+05
   6.3498663e+05
   6.3542725e+05
   6.3789871e+05
   6.3807192e+05
   6.3844698e+05
   6.3875687e+05
   6.3971121e+05
   6.4010274e+05
   6.4180089e+05
   6.4424869e+05
   6.4442277e+05
   6.4513276e+05
   6.4577502e+05
   6.4639059e+05
   6.4707055e+05
   6.4852520e+05
   6.4910627e+05
   6.4961477e+05
   6.5022777e+05
   6.5061331e+05
   6.5092779e+05
   6.5230812e+05
   6.5399287e+05
   6.5445220e+05
   6.5476375e+05
   6.5512103e+05
   6.5537540e+05
   6.5587920e+05
   6.5634036e+05
   6.6094576e+05
   6.6182323e+05
   6.6258869e+05
   6.6285912e+05
   6.6331882e+05
   6.6395662e+05
   6.6452408e+05
   6.6821609e+05
   6.6937779e+05
   6.7003687e+05
   6.7094014e+05
   6.7129019e+05
   6.7169161e+05
   6.7193101e+05
   6.7227508e+05
   6.7252828e+05
   6.7292417e+05
   6.7472846e+05
   6.7500103e+05
   6.7551380e+05
   6.7596908e+05
   6.7640361e+05
   6.7676999e+05
   6.7753365e+05
   6.7793379e+05
   6.8349110e+05
   6.8538254e+05
   6.8575622e+05
   6.8641356e+05
   6.8689151e+05
   6.8724488e+05
   6.8759991e+05
   6.8813243e+05
   6.8844932e+05
   6.9013064e+05
   6.9041259e+05
   6.9088742e+05
   6.9175809e+05
   6.9553803e+05
   6.9586444e+05
   6.9641487e+05
   6.9701799e+05
   6.9739601e+05
   6.9773559e+05
   6.9808008e+05
   6.9874827e+05
   7.0060062e+05
   7.0095241e+05
   7.0153814e+05
   7.0210212e+05
   7.0368581e+05
   7.0385046e+05
   7.0474354e+05
   7.0584983e+05
   7.0693537e+05
   7.0720324e+05
   7.0748239e+05
   7.0777774e+05
   7.2077557e+05
   7.2139312e+05
   7.2460994e+05
   7.2566926e+05
   7.2659551e+05
   7.2989594e+05
   7.3018033e+05
   7.3043931e+05
   7.3175634e+05
   7.3830201e+05
   7.3878211e+05
   7.3910765e+05
   7.3964757e+05
   7.5082676e+05
   7.5168574e+05
   7.5209769e+05
   7.5239556e+05
   7.5269368e+05
   7.5288997e+05
   7.5355945e+05
   7.5385961e+05
   7.5455462e+05
   7.5519349e+05
   7.5580299e+05
   7.5626427e+05
   7.5651550e+05
   7.5676674e+05
   7.5743296e+05
   7.5763173e+05
   7.5797401e+05
   7.5821898e+05
   7.5928351e+05
   7.5978834e+05
   7.6002971e+05
   7.6024925e+05
   7.6051788e+05
   7.6076772e+05
   7.6102638e+05
   7.6150535e+05
   7.6225510e+05
   7.6251110e+05
   7.6306318e+05
   7.6347869e+05
   7.6374937e+05
   7.6402962e+05
   7.6439977e+05
   7.6473398e+05
   7.6501616e+05
   7.6525845e+05
   7.6548701e+05
   7.6593851e+05
   7.6624357e+05
   7.6650697e+05
   7.6671581e+05
   7.6687703e+05
   7.6757454e+05
   7.6779941e+05
   7.6827314e+05
   7.6848385e+05
   7.6864234e+05
   7.6894954e+05
   7.6914309e+05
   7.6932775e+05
   7.6955342e+05
   7.6981107e+05
   7.7013826e+05
   7.7036289e+05
   7.7060884e+05
   7.7090790e+05
   7.7113098e+05
   7.7132780e+05
   7.7169367e+05
   7.7183388e+05
   7.7209775e+05
   7.7230690e+05
   7.7256798e+05
   7.7281440e+05
   7.7320921e+05
   7.7349950e+05
   7.7379309e+05
   7.7658129e+05
   7.7732590e+05
   7.7757076e+05
   7.7776686e+05
   7.7794450e+05
   7.7828562e+05
   7.7841520e+05
   7.7858758e+05
   7.7881872e+05
   7.7897415e+05
   7.7932279e+05
   7.7953259e+05
   7.7976021e+05
   7.7995788e+05
   7.8067732e+05
   7.8086645e+05
   7.8157750e+05
   8.1477114e+05
   8.1762031e+05
   8.1878929e+05
   8.1917420e+05
   8.2015598e+05
   8.2031773e+05
   8.2052858e+05
   8.2075467e+05
   8.2129128e+05
   8.2154383e+05
   8.2166849e+05
   8.2180993e+05
   8.2202495e+05
   8.2215868e+05
   8.2240706e+05
   8.2269304e+05
   8.2290738e+05
   8.2312503e+05
   8.2332199e+05
   8.2349305e+05
   8.2371268e+05
   8.2396768e+05
   8.2413021e+05
   8.2431805e+05
   8.2475456e+05
   8.2491922e+05
   8.2511362e+05
   8.2547483e+05
   8.2558931e+05
   8.2574401e+05
   8.2589932e+05
   8.2650256e+05
   8.2680773e+05
   8.2713356e+05
   8.2741578e+05
   8.2755806e+05
   8.2771120e+05
   8.2815862e+05
   8.2828327e+05
   8.2863727e+05
   8.2881517e+05
   8.2895167e+05
   8.2916637e+05
   8.2952716e+05
   8.2977764e+05
   8.2992886e+05
   8.3003319e+05
   8.3034427e+05
   8.3060027e+05
   8.3082378e+05
   8.3182917e+05
   8.3215643e+05
   8.3264017e+05
   8.3284669e+05
   8.3302583e+05
   8.3314576e+05
   8.3327281e+05
   8.3366892e+05
   8.3377386e+05
   8.3417023e+05
   8.3434208e+05
   8.3448947e+05
   8.3519371e+05
   8.3541468e+05
   8.3568003e+05
   8.3590449e+05
   8.3607980e+05
   8.3628748e+05
   8.3646813e+05
   8.3750423e+05
   8.3772081e+05
   8.3782885e+05
   8.3800324e+05
   8.3816981e+05
   8.3834029e+05
   8.3853045e+05
   8.3871727e+05
   8.3895315e+05
   8.3908314e+05
   8.3920538e+05
   8.3961350e+05
   8.3973572e+05
   8.3988036e+05
   8.4076348e+05
   8.4095900e+05
   8.4118931e+05
   8.4186633e+05
   8.4228090e+05
   8.4269437e+05
   8.4334269e+05
   8.4451812e+05
   8.4526837e+05
   8.4540895e+05
   8.4559975e+05
   8.4628943e+05
   8.4668916e+05
   8.4711755e+05
   8.4758148e+05
   8.5026984e+05
   8.5060911e+05
   8.5219033e+05
   8.5268179e+05
   8.5292114e+05
   8.5307929e+05
   8.5343677e+05
   8.5382621e+05
   8.5420742e+05
   8.5470075e+05
   8.5570918e+05
   8.5589097e+05
   8.5611295e+05
   8.5958384e+05
   8.6131223e+05
   8.6194523e+05
   8.6239290e+05
   8.6269023e+05
   8.6357977e+05
   8.6432856e+05
   8.6484962e+05
   8.6555948e+05
   8.6575640e+05
   8.6744567e+05
   8.6772954e+05
   8.6806008e+05
   8.6868783e+05
   8.6902399e+05
   8.6961142e+05
   8.7014963e+05
   8.7058532e+05
   8.7080701e+05
   8.7276689e+05
   8.7328941e+05
   8.7741382e+05
   8.7822822e+05
   8.7863810e+05
   8.7909928e+05
   8.7936026e+05
   8.7963031e+05
   8.7982608e+05
   8.8018078e+05
   8.8033217e+05
   8.8053019e+05
   8.8071124e+05
   8.8099162e+05
   8.8137411e+05
   8.8162466e+05
   8.8179797e+05
   8.8192977e+05
   8.8226474e+05
   8.8246329e+05
   8.8260716e+05
   8.8278450e+05
   8.8291883e+05
   8.8309737e+05
   8.8343718e+05
   8.8368904e+05
   8.8398766e+05
   8.8411585e+05
   8.8422881e+05
   8.8446296e+05
   8.8459949e+05
   8.8475747e+05
   8.8501815e+05
   8.8518153e+05
   8.8540426e+05
   8.8559597e+05
   8.8570482e+05
   8.8586178e+05
   8.8598885e+05
   8.8625478e+05
   8.8638090e+05
   8.8656067e+05
   8.8670991e+05
   8.8686733e+05
   8.8745168e+05
   8.8757285e+05
   8.8776075e+05
   8.8799653e+05
   8.8811505e+05
   8.8826949e+05
   8.8849177e+05
   8.8858626e+05
   8.8927693e+05
   8.8945448e+05
   8.8957907e+05
   8.8987947e+05
   8.9000973e+05
   8.9040120e+05
   8.9105462e+05
   8.9122682e+05
   8.9138529e+05
   8.9152931e+05
   8.9169502e+05
   8.9190867e+05
   8.9206381e+05
   8.9227830e+05
   8.9243732e+05
   8.9262916e+05
   8.9283170e+05
   8.9310581e+05
   8.9331980e+05
   8.9349595e+05
   8.9364962e+05
   8.9376607e+05
   8.9464177e+05
   8.9481679e+05
   8.9496666e+05
   8.9506210e+05
   8.9538203e+05
   8.9554247e+05
   8.9572706e+05
   8.9594034e+05
   8.9623330e+05
   8.9681664e+05
   8.9697786e+05
   8.9708011e+05
   8.9726171e+05
   8.9738296e+05
   8.9763012e+05
   8.9774559e+05
   8.9787583e+05
   8.9809231e+05
   8.9825004e+05
   8.9863856e+05
   8.9887256e+05
   8.9909932e+05
   8.9949489e+05
   8.9967447e+05
   8.9982152e+05
   9.0026655e+05
   9.0085650e+05
   9.0105649e+05
   9.0123465e+05
   9.0163998e+05
   9.0218586e+05
   9.0270067e+05
   9.0335064e+05
   9.0618997e+05
   9.1044295e+05
   9.1087673e+05
   9.1117961e+05
   9.1149244e+05
   9.1212227e+05
   9.1256642e+05
   9.1290525e+05
   9.1310992e+05
   9.1353515e+05
   9.1478621e+05
   9.1499516e+05
   9.3998314e+05
   9.4011414e+05
   9.4028818e+05
   9.4048051e+05
   9.4068632e+05
   9.4079674e+05
   9.4264824e+05
   9.4280806e+05
   9.4292612e+05
   9.4306627e+05
   9.4362460e+05
   9.4508085e+05
   9.4518214e+05
   9.4534406e+05
   9.4557796e+05
   9.4572589e+05
   9.4607489e+05
   9.4619962e+05
   9.4639251e+05
   9.4656902e+05
   9.4678591e+05
   9.4699563e+05
   9.4726672e+05
   9.4754550e+05
   9.4765573e+05
   9.4789345e+05
   9.4810917e+05
   9.4823034e+05
   9.4835346e+05
   9.4847282e+05
   9.4861264e+05
   9.4877648e+05
   9.4892489e+05
   9.4910560e+05
   9.4923414e+05
   9.4934652e+05
   9.4951086e+05
   9.4974727e+05
   9.4990854e+05
   9.5006209e+05
   9.5025743e+05
   9.5038769e+05
   9.5052941e+05
   9.5071737e+05
   9.5088693e+05
   9.5104589e+05
   9.5122683e+05
   9.5153501e+05
   9.5185654e+05
   9.5205971e+05
   9.5234320e+05
   9.5245779e+05
   9.5260497e+05
   9.5290215e+05
   9.5305453e+05
   9.5315650e+05
   9.5334045e+05
   9.5342692e+05
   9.5362439e+05
   9.5377020e+05
   9.5393674e+05
   9.5416160e+05
   9.5429853e+05
   9.5449864e+05
   9.5463026e+05
   9.5478986e+05
   9.5490553e+05
   9.5512263e+05
   9.5528316e+05
   9.5551854e+05
   9.5586128e+05
   9.5599700e+05
   9.5613710e+05
   9.5635237e+05
   9.5651956e+05
   9.5678975e+05
   9.5695778e+05
   9.5710102e+05
   9.5731774e+05
   9.5742353e+05
   9.5767114e+05
   9.5795013e+05
   9.5804960e+05
   9.5826913e+05
   9.5989794e+05
   9.6168032e+05
   9.6539076e+05
   9.6577445e+05
   9.6607183e+05
   9.6636329e+05
   9.6714774e+05
   9.6864568e+05
   9.8106472e+05
   9.8173263e+05
   9.8220716e+05
   9.8265209e+05
   9.8282973e+05
   9.8318559e+05
   9.8441481e+05
   9.8486374e+05
   9.9152153e+05
   9.9188337e+05
   9.9237285e+05
   9.9273328e+05
   9.9328572e+05
   9.9438808e+05
   9.9552587e+05
   9.9723033e+05
   9.9757093e+05
   9.9797309e+05
   9.9838275e+05
   9.9876350e+05
   9.9910410e+05
   1.0003264e+06
   1.0004897e+06
   1.0006225e+06
   1.0007963e+06
   1.0009243e+06
   1.0010623e+06
   1.0011716e+06
   1.0013401e+06
   1.0014723e+06
   1.0015899e+06
   1.0017845e+06
   1.0019146e+06
   1.0021462e+06
   1.0022684e+06
   1.0024037e+06
   1.0025339e+06
   1.0026785e+06
   1.0031378e+06
   1.0033507e+06
   1.0035186e+06
   1.0036285e+06
   1.0037269e+06
   1.0038287e+06
   1.0039623e+06
   1.0040879e+06
   1.0042545e+06
   1.0045426e+06
   1.0046796e+06
   1.0049649e+06
   1.0051060e+06
   1.0052754e+06
   1.0054596e+06
   1.0055670e+06
   1.0057056e+06
   1.0059442e+06
   1.0060800e+06
   1.0062674e+06
   1.0064045e+06
   1.0065320e+06
   1.0067507e+06
   1.0069110e+06
   1.0073792e+06
   1.0075035e+06
   1.0079270e+06
   1.0081087e+06
   1.0082751e+06
   1.0083936e+06
   1.0086899e+06
   1.0088244e+06
   1.0089421e+06
   1.0090901e+06
   1.0091950e+06
   1.0092946e+06
   1.0093943e+06
   1.0095230e+06
   1.0096488e+06
   1.0099122e+06
   1.0100131e+06
   1.0102057e+06
   1.0103717e+06
   1.0105176e+06
   1.0106610e+06
   1.0108062e+06
   1.0109360e+06
   1.0111224e+06
   1.0115273e+06
   1.0116755e+06
   1.0117961e+06
   1.0120765e+06
   1.0122295e+06
   1.0123458e+06
   1.0125656e+06
   1.0128000e+06
   1.0129497e+06
   1.0130805e+06
   1.0132668e+06
   1.0134460e+06
   1.0135867e+06
   1.0137474e+06
   1.0138819e+06
   1.0139944e+06
   1.0144299e+06
   1.0145822e+06
   1.0147827e+06
   1.0148984e+06
   1.0151380e+06
   1.0152444e+06
   1.0156898e+06
   1.0159784e+06
   1.0160793e+06
   1.0163197e+06
   1.0165265e+06
   1.0166782e+06
   1.0168808e+06
   1.0170458e+06
   1.0172242e+06
   1.0173665e+06
   1.0175701e+06
   1.0181591e+06
   1.0182589e+06
   1.0190516e+06
   1.0192321e+06
   1.0193693e+06
   1.0196289e+06
   1.0198062e+06
   1.0199373e+06
   1.0202408e+06
   1.0206603e+06
   1.0209109e+06
   1.0210595e+06
   1.0213343e+06
   1.0214697e+06
   1.0218529e+06
   1.0239103e+06
   1.0252328e+06
   1.0256534e+06
   1.0261361e+06
   1.0265695e+06
   1.0268812e+06
   1.0273700e+06
   1.0281301e+06
   1.0285806e+06
   1.0290338e+06
   1.0293970e+06
   1.0296633e+06
   1.0300167e+06
   1.0305799e+06
   1.0312723e+06
   1.0315857e+06
   1.0317922e+06
   1.0324090e+06
   1.0330395e+06
   1.0332509e+06
   1.0350545e+06
   1.0355395e+06
   1.0366095e+06
   1.0368879e+06
   1.0374013e+06
   1.0377455e+06
   1.0381187e+06
   1.0382885e+06
   1.0385017e+06
   1.0390734e+06
   1.0397683e+06
   1.0400614e+06
   1.0403497e+06
   1.0420101e+06
   1.0427587e+06
   1.0430464e+06
   1.0435475e+06
   1.0464787e+06
   1.0469823e+06
   1.0473597e+06
   1.0521561e+06
   1.0526476e+06
   1.0532040e+06
   1.0534901e+06
   1.0543500e+06
   1.0547335e+06
   1.0558877e+06
   1.0562351e+06
   1.0565641e+06
   1.0567956e+06
   1.0602206e+06
   1.0604014e+06
   1.0604948e+06
   1.0606618e+06
   1.0607544e+06
   1.0608882e+06
   1.0610080e+06
   1.0610798e+06
   1.0612597e+06
   1.0615103e+06
   1.0617261e+06
   1.0618599e+06
   1.0621505e+06
   1.0623755e+06
   1.0625414e+06
   1.0626491e+06
   1.0628124e+06
   1.0630061e+06
   1.0632957e+06
   1.0634852e+06
   1.0636189e+06
   1.0637365e+06
   1.0639488e+06
   1.0641789e+06
   1.0644268e+06
   1.0645399e+06
   1.0647075e+06
   1.0648535e+06
   1.0649810e+06
   1.0652335e+06
   1.0653697e+06
   1.0655362e+06
   1.0656535e+06
   1.0658718e+06
   1.0660346e+06
   1.0661569e+06
   1.0663216e+06
   1.0664599e+06
   1.0666711e+06
   1.0667709e+06
   1.0672185e+06
   1.0673369e+06
   1.0675361e+06
   1.0676679e+06
   1.0678289e+06
   1.0680088e+06
   1.0681147e+06
   1.0683257e+06
   1.0685092e+06
   1.0686285e+06
   1.0687863e+06
   1.0688904e+06
   1.0690136e+06
   1.0691679e+06
   1.0693622e+06
   1.0694838e+06
   1.0696146e+06
   1.0697308e+06
   1.0700462e+06
   1.0702326e+06
   1.0703600e+06
   1.0705662e+06
   1.0707190e+06
   1.0708700e+06
   1.0710261e+06
   1.0711512e+06
   1.0713472e+06
   1.0714514e+06
   1.0716527e+06
   1.0717645e+06
   1.0718854e+06
   1.0723100e+06
   1.0724699e+06
   1.0725990e+06
   1.0727016e+06
   1.0728640e+06
   1.0730102e+06
   1.0731810e+06
   1.0732923e+06
   1.0735882e+06
   1.0737778e+06
   1.0738761e+06
   1.0741703e+06
   1.0743060e+06
   1.0744742e+06
   1.0746574e+06
   1.0749882e+06
   1.0751370e+06
   1.0752798e+06
   1.0754529e+06
   1.0758406e+06
   1.0759766e+06
   1.0761690e+06
   1.0765457e+06
   1.0767110e+06
   1.0768407e+06
   1.0769837e+06
   1.0771507e+06
   1.0772948e+06
   1.0774341e+06
   1.0775558e+06
   1.0778796e+06
   1.0781247e+06
   1.0782358e+06
   1.0784128e+06
   1.0788259e+06
   1.0790456e+06
   1.0791710e+06
   1.0793089e+06
   1.0794817e+06
   1.0797108e+06
   1.0798855e+06
   1.0802472e+06
   1.0809963e+06
   1.0811688e+06
   1.0814681e+06
   1.0818383e+06
   1.0823066e+06
   1.0827797e+06
   1.0831555e+06
   1.0881134e+06
   1.0885355e+06
   1.0887174e+06
   1.0895067e+06
   1.0901578e+06
   1.0916456e+06
   1.0919049e+06
   1.0922308e+06
   1.0925995e+06
   1.0928878e+06
   1.0936444e+06
   1.0940738e+06
   1.0943131e+06
   1.0944965e+06
   1.0947649e+06
   1.0950614e+06
   1.0957835e+06
   1.0967793e+06
   1.0969724e+06
   1.0975070e+06
   1.1049889e+06
   1.1054203e+06
   1.1062673e+06
   1.1065082e+06
   1.1067371e+06
   1.1070489e+06
   1.1081339e+06
   1.1097483e+06
   1.1099657e+06
   1.1120251e+06
   1.1123292e+06
   1.1141839e+06
   1.1145099e+06
   1.1165839e+06
   1.1169796e+06
   1.1172391e+06
   1.1193917e+06
   1.1201349e+06
   1.1202927e+06
   1.1203991e+06
   1.1205189e+06
   1.1206773e+06
   1.1209290e+06
   1.1210380e+06
   1.1212095e+06
   1.1213316e+06
   1.1214368e+06
   1.1216023e+06
   1.1217808e+06
   1.1218923e+06
   1.1220006e+06
   1.1220966e+06
   1.1221919e+06
   1.1223721e+06
   1.1224936e+06
   1.1225909e+06
   1.1227178e+06
   1.1228524e+06
   1.1229439e+06
   1.1230690e+06
   1.1231601e+06
   1.1233874e+06
   1.1235872e+06
   1.1237727e+06
   1.1239126e+06
   1.1241058e+06
   1.1242170e+06
   1.1243401e+06
   1.1245800e+06
   1.1247139e+06
   1.1248492e+06
   1.1250023e+06
   1.1251250e+06
   1.1252112e+06
   1.1253439e+06
   1.1255053e+06
   1.1256457e+06
   1.1257325e+06
   1.1258395e+06
   1.1259740e+06
   1.1260745e+06
   1.1262100e+06
   1.1263408e+06
   1.1264510e+06
   1.1265898e+06
   1.1267120e+06
   1.1268155e+06
   1.1269624e+06
   1.1273168e+06
   1.1274871e+06
   1.1276228e+06
   1.1277940e+06
   1.1280370e+06
   1.1281453e+06
   1.1282834e+06
   1.1284109e+06
   1.1285212e+06
   1.1287380e+06
   1.1288659e+06
   1.1290513e+06
   1.1291468e+06
   1.1292680e+06
   1.1293800e+06
   1.1295119e+06
   1.1296528e+06
   1.1297498e+06
   1.1298386e+06
   1.1299788e+06
   1.1301082e+06
   1.1303015e+06
   1.1304283e+06
   1.1305460e+06
   1.1306544e+06
   1.1308339e+06
   1.1309518e+06
   1.1311246e+06
   1.1312645e+06
   1.1314196e+06
   1.1315475e+06
   1.1316662e+06
   1.1317990e+06
   1.1319152e+06
   1.1320353e+06
   1.1321371e+06
   1.1322678e+06
   1.1323880e+06
   1.1325240e+06
   1.1327038e+06
   1.1327976e+06
   1.1329081e+06
   1.1330590e+06
   1.1331489e+06
   1.1332460e+06
   1.1333993e+06
   1.1335517e+06
   1.1337929e+06
   1.1341839e+06
   1.1343186e+06
   1.1344616e+06
   1.1345714e+06
   1.1346945e+06
   1.1348424e+06
   1.1349338e+06
   1.1350398e+06
   1.1351818e+06
   1.1353501e+06
   1.1354591e+06
   1.1356926e+06
   1.1358419e+06
   1.1359345e+06
   1.1360929e+06
   1.1362604e+06
   1.1363924e+06
   1.1366135e+06
   1.1368257e+06
   1.1370344e+06
   1.1371643e+06
   1.1373059e+06
   1.1374070e+06
   1.1378304e+06
   1.1379660e+06
   1.1381656e+06
   1.1383621e+06
   1.1384844e+06
   1.1386230e+06
   1.1388463e+06
   1.1390006e+06
   1.1392096e+06
   1.1393564e+06
   1.1394860e+06
   1.1396034e+06
   1.1397609e+06
   1.1403636e+06
   1.1432495e+06
   1.1434926e+06
   1.1447485e+06
   1.1450249e+06
   1.1467137e+06
   1.1470117e+06
   1.1487738e+06
   1.1489920e+06
   1.1497520e+06
   1.1504338e+06
   1.1563701e+06
   1.1570899e+06
   1.1575722e+06
   1.1579024e+06
   1.1587578e+06
   1.1589653e+06
   1.1602039e+06
   1.1607617e+06
   1.1617039e+06
   1.1622835e+06
   1.1626049e+06
   1.1628401e+06
   1.1801166e+06
   1.1802616e+06
   1.1804076e+06
   1.1805040e+06
   1.1806702e+06
   1.1808019e+06
   1.1808960e+06
   1.1809895e+06
   1.1810916e+06
   1.1812226e+06
   1.1813149e+06
   1.1814273e+06
   1.1815433e+06
   1.1816712e+06
   1.1818360e+06
   1.1820004e+06
   1.1821650e+06
   1.1822758e+06
   1.1823920e+06
   1.1825382e+06
   1.1827393e+06
   1.1828521e+06
   1.1829987e+06
   1.1830943e+06
   1.1832624e+06
   1.1834276e+06
   1.1835589e+06
   1.1836942e+06
   1.1837980e+06
   1.1839423e+06
   1.1840267e+06
   1.1842234e+06
   1.1843066e+06
   1.1844297e+06
   1.1846063e+06
   1.1847327e+06
   1.1848684e+06
   1.1849880e+06
   1.1851534e+06
   1.1852858e+06
   1.1854073e+06
   1.1855526e+06
   1.1856606e+06
   1.1857717e+06
   1.1858638e+06
   1.1859481e+06
   1.1860625e+06
   1.1861911e+06
   1.1862967e+06
   1.1864608e+06
   1.1866283e+06
   1.1867734e+06
   1.1869571e+06
   1.1871752e+06
   1.1873020e+06
   1.1874910e+06
   1.1876179e+06
   1.1877189e+06
   1.1878506e+06
   1.1879937e+06
   1.1881599e+06
   1.1883468e+06
   1.1884610e+06
   1.1885886e+06
   1.1887133e+06
   1.1888280e+06
   1.1889581e+06
   1.1890922e+06
   1.1892148e+06
   1.1894033e+06
   1.1895820e+06
   1.1897388e+06
   1.1898562e+06
   1.1899780e+06
   1.1900877e+06
   1.1902204e+06
   1.1903139e+06
   1.1904645e+06
   1.1906319e+06
   1.1907435e+06
   1.1908787e+06
   1.1910551e+06
   1.1912451e+06
   1.1913539e+06
   1.1915580e+06
   1.1917354e+06
   1.1918730e+06
   1.1920207e+06
   1.1921447e+06
   1.1922395e+06
   1.1924687e+06
   1.1925796e+06
   1.1927008e+06
   1.1927914e+06
   1.1928955e+06
   1.1930941e+06
   1.1932830e+06
   1.1933705e+06
   1.1935114e+06
   1.1936386e+06
   1.1937805e+06
   1.1938706e+06
   1.1939975e+06
   1.1942842e+06
   1.1943906e+06
   1.1944819e+06
   1.1946036e+06
   1.1947232e+06
   1.1949385e+06
   1.1951870e+06
   1.1953938e+06
   1.1955600e+06
   1.1957595e+06
   1.1959640e+06
   1.1961191e+06
   1.1962202e+06
   1.1963420e+06
   1.1964970e+06
   1.1966331e+06
   1.1967404e+06
   1.1968806e+06
   1.1970450e+06
   1.1971801e+06
   1.1973286e+06
   1.1976221e+06
   1.1977334e+06
   1.1979227e+06
   1.1982592e+06
   1.1983754e+06
   1.1985334e+06
   1.1986487e+06
   1.1988395e+06
   1.1990391e+06
   1.1992117e+06
   1.1993978e+06
   1.1995147e+06
   1.1996295e+06
   1.1997819e+06
   1.1999316e+06
   1.2007129e+06
   1.2013351e+06
   1.2016045e+06
   1.2037065e+06
   1.2051248e+06
   1.2056006e+06
   1.2074103e+06
   1.2076374e+06
   1.2081233e+06
   1.2083749e+06
   1.2152714e+06
   1.2154193e+06
   1.2165908e+06
   1.2168876e+06
   1.2171903e+06
   1.2253267e+06
   1.2256076e+06
   1.2260006e+06
   1.2265665e+06
   1.2268626e+06
   1.2271223e+06
   1.2276996e+06
   1.2283375e+06
   1.2284931e+06
   1.2401521e+06
   1.2402534e+06
   1.2403867e+06
   1.2405361e+06
   1.2406980e+06
   1.2407998e+06
   1.2409930e+06
   1.2411074e+06
   1.2412468e+06
   1.2413584e+06
   1.2414966e+06
   1.2416839e+06
   1.2417947e+06
   1.2419085e+06
   1.2420432e+06
   1.2421477e+06
   1.2422398e+06
   1.2423767e+06
   1.2425171e+06
   1.2427045e+06
   1.2428245e+06
   1.2429333e+06
   1.2430308e+06
   1.2431398e+06
   1.2432387e+06
   1.2433623e+06
   1.2435200e+06
   1.2436936e+06
   1.2437914e+06
   1.2439219e+06
   1.2440584e+06
   1.2441699e+06
   1.2444029e+06
   1.2445155e+06
   1.2446311e+06
   1.2447372e+06
   1.2448697e+06
   1.2449751e+06
   1.2450849e+06
   1.2451784e+06
   1.2452923e+06
   1.2454664e+06
   1.2456130e+06
   1.2457101e+06
   1.2458202e+06
   1.2459171e+06
   1.2460389e+06
   1.2461625e+06
   1.2462927e+06
   1.2464622e+06
   1.2465944e+06
   1.2467141e+06
   1.2468137e+06
   1.2469833e+06
   1.2471944e+06
   1.2474497e+06
   1.2475330e+06
   1.2476939e+06
   1.2478680e+06
   1.2479490e+06
   1.2480841e+06
   1.2481817e+06
   1.2482899e+06
   1.2484063e+06
   1.2485575e+06
   1.2488007e+06
   1.2489093e+06
   1.2490460e+06
   1.2491523e+06
   1.2492296e+06
   1.2493450e+06
   1.2494805e+06
   1.2495761e+06
   1.2496715e+06
   1.2497858e+06
   1.2499089e+06
   1.2500208e+06
   1.2501053e+06
   1.2502048e+06
   1.2503023e+06
   1.2503928e+06
   1.2505323e+06
   1.2507205e+06
   1.2508999e+06
   1.2510155e+06
   1.2511377e+06
   1.2513554e+06
   1.2514314e+06
   1.2515734e+06
   1.2516849e+06
   1.2517991e+06
   1.2518990e+06
   1.2520774e+06
   1.2523228e+06
   1.2524539e+06
   1.2525737e+06
   1.2528105e+06
   1.2529108e+06
   1.2531205e+06
   1.2532089e+06
   1.2533050e+06
   1.2534199e+06
   1.2536173e+06
   1.2537570e+06
   1.2538373e+06
   1.2539586e+06
   1.2542718e+06
   1.2544057e+06
   1.2545742e+06
   1.2546987e+06
   1.2548071e+06
   1.2549480e+06
   1.2550479e+06
   1.2551907e+06
   1.2554421e+06
   1.2556049e+06
   1.2557102e+06
   1.2558171e+06
   1.2558958e+06
   1.2561290e+06
   1.2562627e+06
   1.2563645e+06
   1.2565217e+06
   1.2566332e+06
   1.2567765e+06
   1.2569873e+06
   1.2571226e+06
   1.2572507e+06
   1.2573602e+06
   1.2574660e+06
   1.2575838e+06
   1.2576793e+06
   1.2578943e+06
   1.2580183e+06
   1.2583831e+06
   1.2585222e+06
   1.2586609e+06
   1.2588028e+06
   1.2588986e+06
   1.2590152e+06
   1.2591386e+06
   1.2592355e+06
   1.2593904e+06
   1.2596801e+06
   1.2598031e+06
   1.2801251e+06
   1.2804525e+06
   1.2810020e+06
   1.3001366e+06
   1.3002331e+06
   1.3003232e+06
   1.3004166e+06
   1.3005389e+06
   1.3006423e+06
   1.3007682e+06
   1.3008595e+06
   1.3010187e+06
   1.3012309e+06
   1.3013297e+06
   1.3015019e+06
   1.3016148e+06
   1.3017405e+06
   1.3018899e+06
   1.3020383e+06
   1.3021900e+06
   1.3022905e+06
   1.3023828e+06
   1.3024796e+06
   1.3026484e+06
   1.3028007e+06
   1.3029372e+06
   1.3030883e+06
   1.3031917e+06
   1.3033884e+06
   1.3035097e+06
   1.3036213e+06
   1.3038565e+06
   1.3039973e+06
   1.3041090e+06
   1.3042130e+06
   1.3044004e+06
   1.3045188e+06
   1.3045952e+06
   1.3047238e+06
   1.3048265e+06
   1.3049846e+06
   1.3051147e+06
   1.3052159e+06
   1.3053621e+06
   1.3054723e+06
   1.3056434e+06
   1.3057164e+06
   1.3058315e+06
   1.3060290e+06
   1.3061651e+06
   1.3062608e+06
   1.3063908e+06
   1.3065295e+06
   1.3066631e+06
   1.3067461e+06
   1.3068298e+06
   1.3069374e+06
   1.3071417e+06
   1.3072340e+06
   1.3073277e+06
   1.3074362e+06
   1.3075659e+06
   1.3077136e+06
   1.3078440e+06
   1.3079741e+06
   1.3081283e+06
   1.3082271e+06
   1.3083683e+06
   1.3084709e+06
   1.3087629e+06
   1.3088636e+06
   1.3090076e+06
   1.3091665e+06
   1.3093099e+06
   1.3094919e+06
   1.3095684e+06
   1.3096638e+06
   1.3097607e+06
   1.3099254e+06
   1.3100305e+06
   1.3101632e+06
   1.3102996e+06
   1.3104300e+06
   1.3105197e+06
   1.3106667e+06
   1.3107657e+06
   1.3108598e+06
   1.3109773e+06
   1.3111407e+06
   1.3112814e+06
   1.3114355e+06
   1.3115206e+06
   1.3116158e+06
   1.3117238e+06
   1.3118584e+06
   1.3120215e+06
   1.3121209e+06
   1.3122909e+06
   1.3123968e+06
   1.3124856e+06
   1.3126227e+06
   1.3128102e+06
   1.3129405e+06
   1.3130567e+06
   1.3131583e+06
   1.3133217e+06
   1.3134341e+06
   1.3135925e+06
   1.3136974e+06
   1.3141893e+06
   1.3142897e+06
   1.3144447e+06
   1.3145744e+06
   1.3147056e+06
   1.3148587e+06
   1.3150232e+06
   1.3151378e+06
   1.3153034e+06
   1.3154670e+06
   1.3155909e+06
   1.3156891e+06
   1.3157845e+06
   1.3158726e+06
   1.3160255e+06
   1.3161873e+06
   1.3163657e+06
   1.3164816e+06
   1.3167008e+06
   1.3168042e+06
   1.3170570e+06
   1.3171395e+06
   1.3173402e+06
   1.3174292e+06
   1.3175773e+06
   1.3176639e+06
   1.3178451e+06
   1.3179704e+06
   1.3181150e+06
   1.3182207e+06
   1.3183205e+06
   1.3184051e+06
   1.3185104e+06
   1.3186419e+06
   1.3187529e+06
   1.3188805e+06
   1.3190332e+06
   1.3191467e+06
   1.3192815e+06
   1.3195019e+06
   1.3195993e+06
   1.3197940e+06
   1.3198721e+06
   1.3199611e+06
   1.3203276e+06
   1.3217098e+06
   1.3219391e+06
   1.3223849e+06
   1.3232710e+06
   1.3269659e+06
   1.3277168e+06
   1.3279907e+06
   1.3283167e+06
   1.3286030e+06
   1.3298115e+06
   1.3306341e+06
   1.3310297e+06
   1.3320926e+06
   1.3393949e+06
   1.3396476e+06
   1.3409554e+06
   1.3417086e+06
   1.3420326e+06
   1.3427699e+06
   1.3432143e+06
   1.3437955e+06
   1.3445660e+06
   1.3458078e+06
   1.3463230e+06
   1.3466104e+06
   1.3472972e+06
   1.3478269e+06
   1.3487796e+06
   1.3542070e+06
   1.3554955e+06
   1.3557396e+06
   1.3559768e+06
   1.3562632e+06
   1.3584461e+06
   1.3588574e+06
   1.3600910e+06
   1.3601834e+06
   1.3603166e+06
   1.3605243e+06
   1.3606342e+06
   1.3607452e+06
   1.3608364e+06
   1.3609736e+06
   1.3610591e+06
   1.3611733e+06
   1.3612697e+06
   1.3613823e+06
   1.3615053e+06
   1.3616069e+06
   1.3617262e+06
   1.3618203e+06
   1.3619470e+06
   1.3620416e+06
   1.3621429e+06
   1.3622634e+06
   1.3623941e+06
   1.3625069e+06
   1.3626000e+06
   1.3626986e+06
   1.3628711e+06
   1.3629827e+06
   1.3631048e+06
   1.3631948e+06
   1.3633440e+06
   1.3634412e+06
   1.3636076e+06
   1.3637013e+06
   1.3640144e+06
   1.3641188e+06
   1.3642257e+06
   1.3643111e+06
   1.3643959e+06
   1.3645207e+06
   1.3646460e+06
   1.3647833e+06
   1.3648784e+06
   1.3650213e+06
   1.3651129e+06
   1.3652357e+06
   1.3653578e+06
   1.3654525e+06
   1.3655704e+06
   1.3657114e+06
   1.3658417e+06
   1.3659542e+06
   1.3660841e+06
   1.3661735e+06
   1.3662961e+06
   1.3664090e+06
   1.3665202e+06
   1.3666378e+06
   1.3667396e+06
   1.3668563e+06
   1.3669429e+06
   1.3672221e+06
   1.3673436e+06
   1.3674805e+06
   1.3676291e+06
   1.3678077e+06
   1.3679546e+06
   1.3680641e+06
   1.3681520e+06
   1.3682640e+06
   1.3683901e+06
   1.3685041e+06
   1.3686015e+06
   1.3686926e+06
   1.3687974e+06
   1.3689986e+06
   1.3690857e+06
   1.3692196e+06
   1.3693190e+06
   1.3694592e+06
   1.3695775e+06
   1.3697466e+06
   1.3698550e+06
   1.3699344e+06
   1.3700660e+06
   1.3701848e+06
   1.3703040e+06
   1.3703965e+06
   1.3705313e+06
   1.3706538e+06
   1.3707623e+06
   1.3708746e+06
   1.3709679e+06
   1.3711159e+06
   1.3712525e+06
   1.3713698e+06
   1.3714797e+06
   1.3715846e+06
   1.3716855e+06
   1.3717838e+06
   1.3718815e+06
   1.3719952e+06
   1.3721257e+06
   1.3722632e+06
   1.3723945e+06
   1.3724973e+06
   1.3725808e+06
   1.3726975e+06
   1.3727931e+06
   1.3729089e+06
   1.3730236e+06
   1.3731641e+06
   1.3732619e+06
   1.3733542e+06
   1.3734724e+06
   1.3736107e+06
   1.3737343e+06
   1.3739542e+06
   1.3741814e+06
   1.3742706e+06
   1.3744081e+06
   1.3745464e+06
   1.3746444e+06
   1.3747607e+06
   1.3748788e+06
   1.3749765e+06
   1.3750576e+06
   1.3752222e+06
   1.3753244e+06
   1.3754480e+06
   1.3755605e+06
   1.3756793e+06
   1.3757661e+06
   1.3759108e+06
   1.3760730e+06
   1.3761765e+06
   1.3762751e+06
   1.3764008e+06
   1.3765623e+06
   1.3767025e+06
   1.3768196e+06
   1.3770464e+06
   1.3771748e+06
   1.3773068e+06
   1.3774106e+06
   1.3775630e+06
   1.3776839e+06
   1.3777921e+06
   1.3778998e+06
   1.3780922e+06
   1.3782832e+06
   1.3783908e+06
   1.3784854e+06
   1.3786085e+06
   1.3787411e+06
   1.3788602e+06
   1.3789632e+06
   1.3791114e+06
   1.3792284e+06
   1.3793129e+06
   1.3794310e+06
   1.3795270e+06
   1.3796285e+06
   1.3797326e+06
   1.3798272e+06
   1.3799310e+06
   1.3805268e+06
   1.3810042e+06
   1.3829160e+06
   1.3832285e+06
   1.3897927e+06
   1.3905058e+06
   1.3921262e+06
   1.3924933e+06
   1.3928157e+06
   1.3932575e+06
   1.3935008e+06
   1.3949278e+06
   1.3954261e+06
   1.3959138e+06
   1.3961553e+06
   1.3964466e+06
   1.3966078e+06
   1.3976941e+06
   1.3979506e+06
   1.3997775e+06
   1.4000076e+06
   1.4005122e+06
   1.4023298e+06
   1.4026009e+06
   1.4030508e+06
   1.4035084e+06
   1.4038290e+06
   1.4048570e+06
   1.4059010e+06
   1.4064740e+06
   1.4068481e+06
   1.4073480e+06
   1.4074846e+06
   1.4083907e+06
   1.4119223e+06
   1.4122063e+06
   1.4124888e+06
   1.4128117e+06
   1.4130779e+06
   1.4136035e+06
   1.4146161e+06
   1.4147920e+06
   1.4152312e+06
   1.4154844e+06
   1.4156940e+06
   1.4159870e+06
   1.4163256e+06
   1.4173081e+06
   1.4178478e+06
   1.4188800e+06
   1.4193074e+06
   1.4195434e+06
   1.4200921e+06
   1.4201962e+06
   1.4203075e+06
   1.4204054e+06
   1.4204923e+06
   1.4205955e+06
   1.4207204e+06
   1.4208031e+06
   1.4209102e+06
   1.4209872e+06
   1.4211073e+06
   1.4212670e+06
   1.4213549e+06
   1.4214479e+06
   1.4215179e+06
   1.4215925e+06
   1.4216842e+06
   1.4217716e+06
   1.4219622e+06
   1.4220617e+06
   1.4221693e+06
   1.4224131e+06
   1.4224911e+06
   1.4225970e+06
   1.4226933e+06
   1.4227888e+06
   1.4228755e+06
   1.4230173e+06
   1.4231271e+06
   1.4233042e+06
   1.4233912e+06
   1.4235364e+06
   1.4236508e+06
   1.4237344e+06
   1.4238432e+06
   1.4239391e+06
   1.4240604e+06
   1.4241687e+06
   1.4242675e+06
   1.4244284e+06
   1.4245055e+06
   1.4246045e+06
   1.4247160e+06
   1.4247987e+06
   1.4248932e+06
   1.4249774e+06
   1.4250991e+06
   1.4251934e+06
   1.4252866e+06
   1.4253921e+06
   1.4255151e+06
   1.4257249e+06
   1.4258026e+06
   1.4259365e+06
   1.4260262e+06
   1.4261114e+06
   1.4262307e+06
   1.4263799e+06
   1.4264647e+06
   1.4266663e+06
   1.4267492e+06
   1.4268401e+06
   1.4269321e+06
   1.4272169e+06
   1.4273161e+06
   1.4273954e+06
   1.4275308e+06
   1.4276366e+06
   1.4277929e+06
   1.4279560e+06
   1.4280570e+06
   1.4281796e+06
   1.4282763e+06
   1.4283899e+06
   1.4285328e+06
   1.4286227e+06
   1.4287506e+06
   1.4288667e+06
   1.4290639e+06
   1.4291431e+06
   1.4292479e+06
   1.4293839e+06
   1.4294947e+06
   1.4296016e+06
   1.4296860e+06
   1.4298192e+06
   1.4299405e+06
   1.4300484e+06
   1.4301622e+06
   1.4302739e+06
   1.4303774e+06
   1.4305305e+06
   1.4306384e+06
   1.4308302e+06
   1.4310687e+06
   1.4312005e+06
   1.4312832e+06
   1.4314161e+06
   1.4315163e+06
   1.4315987e+06
   1.4317361e+06
   1.4318830e+06
   1.4319864e+06
   1.4321027e+06
   1.4322139e+06
   1.4323462e+06
   1.4324515e+06
   1.4326124e+06
   1.4327147e+06
   1.4328211e+06
   1.4329822e+06
   1.4331401e+06
   1.4332271e+06
   1.4333075e+06
   1.4334153e+06
   1.4335453e+06
   1.4336518e+06
   1.4337269e+06
   1.4338204e+06
   1.4339362e+06
   1.4342094e+06
   1.4343800e+06
   1.4344629e+06
   1.4346281e+06
   1.4347502e+06
   1.4348427e+06
   1.4349600e+06
   1.4350733e+06
   1.4351534e+06
   1.4352754e+06
   1.4353798e+06
   1.4354890e+06
   1.4356033e+06
   1.4356848e+06
   1.4357900e+06
   1.4358742e+06
   1.4359477e+06
   1.4361665e+06
   1.4362632e+06
   1.4363602e+06
   1.4364412e+06
   1.4365398e+06
   1.4366792e+06
   1.4368125e+06
   1.4369222e+06
   1.4370413e+06
   1.4371822e+06
   1.4372935e+06
   1.4374034e+06
   1.4375217e+06
   1.4375866e+06
   1.4376949e+06
   1.4377978e+06
   1.4379502e+06
   1.4380189e+06
   1.4381238e+06
   1.4382223e+06
   1.4383916e+06
   1.4384815e+06
   1.4385725e+06
   1.4387129e+06
   1.4388033e+06
   1.4389130e+06
   1.4390281e+06
   1.4391127e+06
   1.4392225e+06
   1.4393159e+06
   1.4394414e+06
   1.4395674e+06
   1.4396611e+06
   1.4397601e+06
   1.4398776e+06
   1.4399771e+06
   1.4420678e+06
   1.4423499e+06
   1.4433663e+06
   1.4438970e+06
   1.4441997e+06
   1.4444481e+06
   1.4462320e+06
   1.4464805e+06
   1.4467177e+06
   1.4484557e+06
   1.4486700e+06
   1.4488028e+06
   1.4490671e+06
   1.4495051e+06
   1.4497230e+06
   1.4498721e+06
   1.4501495e+06
   1.4536313e+06
   1.4545058e+06
   1.4548082e+06
   1.4551475e+06
   1.4560341e+06
   1.4570190e+06
   1.4571920e+06
   1.4576363e+06
   1.4579658e+06
   1.4583342e+06
   1.4602605e+06
   1.4604827e+06
   1.4608425e+06
   1.4610455e+06
   1.4613304e+06
   1.4620142e+06
   1.4629244e+06
   1.4634729e+06
   1.4639607e+06
   1.4643042e+06
   1.4644869e+06
   1.4651041e+06
   1.4664881e+06
   1.4669650e+06
   1.4672654e+06
   1.4698701e+06
   1.4701863e+06
   1.4710527e+06
   1.4712764e+06
   1.4801186e+06
   1.4802002e+06
   1.4803089e+06
   1.4804140e+06
   1.4805187e+06
   1.4806075e+06
   1.4807188e+06
   1.4808196e+06
   1.4809189e+06
   1.4810239e+06
   1.4811364e+06
   1.4812452e+06
   1.4813142e+06
   1.4814546e+06
   1.4815449e+06
   1.4816647e+06
   1.4817631e+06
   1.4818766e+06
   1.4819766e+06
   1.4821059e+06
   1.4822307e+06
   1.4823145e+06
   1.4824044e+06
   1.4824863e+06
   1.4825640e+06
   1.4826707e+06
   1.4827817e+06
   1.4829136e+06
   1.4829831e+06
   1.4830668e+06
   1.4831570e+06
   1.4832609e+06
   1.4833586e+06
   1.4834787e+06
   1.4835502e+06
   1.4836430e+06
   1.4837942e+06
   1.4838772e+06
   1.4839595e+06
   1.4840603e+06
   1.4841505e+06
   1.4842516e+06
   1.4843422e+06
   1.4844978e+06
   1.4845723e+06
   1.4846977e+06
   1.4848414e+06
   1.4849597e+06
   1.4850679e+06
   1.4851860e+06
   1.4852718e+06
   1.4853551e+06
   1.4854256e+06
   1.4855055e+06
   1.4855975e+06
   1.4856944e+06
   1.4858174e+06
   1.4859390e+06
   1.4860303e+06
   1.4861105e+06
   1.4861895e+06
   1.4862971e+06
   1.4864186e+06
   1.4865561e+06
   1.4866633e+06
   1.4867523e+06
   1.4868363e+06
   1.4869522e+06
   1.4871467e+06
   1.4872634e+06
   1.4873838e+06
   1.4874693e+06
   1.4875586e+06
   1.4876478e+06
   1.4877426e+06
   1.4878691e+06
   1.4879547e+06
   1.4881951e+06
   1.4883444e+06
   1.4884621e+06
   1.4885904e+06
   1.4887343e+06
   1.4888130e+06
   1.4889020e+06
   1.4889889e+06
   1.4890867e+06
   1.4891978e+06
   1.4892936e+06
   1.4894296e+06
   1.4896666e+06
   1.4898103e+06
   1.4899289e+06
   1.4900592e+06
   1.4901410e+06
   1.4902212e+06
   1.4903245e+06
   1.4904103e+06
   1.4905051e+06
   1.4906095e+06
   1.4907037e+06
   1.4908181e+06
   1.4909254e+06
   1.4910595e+06
   1.4911568e+06
   1.4912899e+06
   1.4913641e+06
   1.4914709e+06
   1.4916360e+06
   1.4917165e+06
   1.4918043e+06
   1.4918867e+06
   1.4919708e+06
   1.4921401e+06
   1.4922338e+06
   1.4923886e+06
   1.4924992e+06
   1.4926107e+06
   1.4927167e+06
   1.4929189e+06
   1.4929912e+06
   1.4931560e+06
   1.4932407e+06
   1.4933664e+06
   1.4934878e+06
   1.4936093e+06
   1.4937154e+06
   1.4937960e+06
   1.4938875e+06
   1.4941127e+06
   1.4942082e+06
   1.4943338e+06
   1.4944438e+06
   1.4945573e+06
   1.4946664e+06
   1.4947754e+06
   1.4948836e+06
   1.4949871e+06
   1.4950888e+06
   1.4951858e+06
   1.4952706e+06
   1.4954089e+06
   1.4955050e+06
   1.4955872e+06
   1.4956737e+06
   1.4957566e+06
   1.4958418e+06
   1.4959861e+06
   1.4960753e+06
   1.4962416e+06
   1.4963417e+06
   1.4964409e+06
   1.4965556e+06
   1.4966821e+06
   1.4967584e+06
   1.4968392e+06
   1.4969336e+06
   1.4970415e+06
   1.4972476e+06
   1.4973617e+06
   1.4974622e+06
   1.4976296e+06
   1.4977171e+06
   1.4977983e+06
   1.4979524e+06
   1.4980494e+06
   1.4981982e+06
   1.4982986e+06
   1.4984102e+06
   1.4985068e+06
   1.4986092e+06
   1.4987088e+06
   1.4988089e+06
   1.4989283e+06
   1.4990284e+06
   1.4990967e+06
   1.4991971e+06
   1.4992818e+06
   1.4993552e+06
   1.4994306e+06
   1.4995310e+06
   1.4996613e+06
   1.4997649e+06
   1.4998440e+06
   1.4999472e+06
   1.5007296e+06
   1.5401042e+06
   1.5401899e+06
   1.5403075e+06
   1.5404218e+06
   1.5405360e+06
   1.5406441e+06
   1.5407609e+06
   1.5408510e+06
   1.5409519e+06
   1.5410186e+06
   1.5410978e+06
   1.5412015e+06
   1.5413768e+06
   1.5414515e+06
   1.5415330e+06
   1.5416465e+06
   1.5417347e+06
   1.5418173e+06
   1.5419148e+06
   1.5420319e+06
   1.5421080e+06
   1.5422308e+06
   1.5423405e+06
   1.5424524e+06
   1.5425702e+06
   1.5427331e+06
   1.5428546e+06
   1.5429363e+06
   1.5430553e+06
   1.5431516e+06
   1.5432426e+06
   1.5433995e+06
   1.5435448e+06
   1.5436462e+06
   1.5437225e+06
   1.5438126e+06
   1.5439055e+06
   1.5439701e+06
   1.5441071e+06
   1.5441865e+06
   1.5443050e+06
   1.5444184e+06
   1.5445274e+06
   1.5446161e+06
   1.5447094e+06
   1.5447997e+06
   1.5448758e+06
   1.5449489e+06
   1.5450378e+06
   1.5451326e+06
   1.5452403e+06
   1.5453270e+06
   1.5454220e+06
   1.5455058e+06
   1.5456044e+06
   1.5457018e+06
   1.5458086e+06
   1.5458987e+06
   1.5459817e+06
   1.5460686e+06
   1.5461645e+06
   1.5462380e+06
   1.5463317e+06
   1.5464251e+06
   1.5464985e+06
   1.5465756e+06
   1.5466780e+06
   1.5467781e+06
   1.5468578e+06
   1.5469363e+06
   1.5471294e+06
   1.5472460e+06
   1.5473394e+06
   1.5474481e+06
   1.5475229e+06
   1.5475954e+06
   1.5476669e+06
   1.5477452e+06
   1.5478470e+06
   1.5479456e+06
   1.5480742e+06
   1.5481980e+06
   1.5483103e+06
   1.5484013e+06
   1.5484802e+06
   1.5485851e+06
   1.5487251e+06
   1.5488186e+06
   1.5489008e+06
   1.5490212e+06
   1.5491100e+06
   1.5492958e+06
   1.5494037e+06
   1.5495038e+06
   1.5496235e+06
   1.5497194e+06
   1.5498050e+06
   1.5499130e+06
   1.5499989e+06
   1.5500761e+06
   1.5501950e+06
   1.5502628e+06
   1.5503460e+06
   1.5504300e+06
   1.5505246e+06
   1.5506055e+06
   1.5507387e+06
   1.5508705e+06
   1.5509739e+06
   1.5510889e+06
   1.5512049e+06
   1.5513258e+06
   1.5514136e+06
   1.5514889e+06
   1.5516929e+06
   1.5517767e+06
   1.5518944e+06
   1.5520030e+06
   1.5521322e+06
   1.5522445e+06
   1.5523489e+06
   1.5524297e+06
   1.5525029e+06
   1.5525932e+06
   1.5527313e+06
   1.5528184e+06
   1.5529012e+06
   1.5530063e+06
   1.5531102e+06
   1.5531878e+06
   1.5532547e+06
   1.5533226e+06
   1.5534356e+06
   1.5535336e+06
   1.5536304e+06
   1.5537408e+06
   1.5538082e+06
   1.5538895e+06
   1.5541080e+06
   1.5541919e+06
   1.5543022e+06
   1.5544169e+06
   1.5545501e+06
   1.5546402e+06
   1.5547426e+06
   1.5548546e+06
   1.5549369e+06
   1.5550263e+06
   1.5551445e+06
   1.5552321e+06
   1.5553331e+06
   1.5554154e+06
   1.5555180e+06
   1.5556019e+06
   1.5557157e+06
   1.5557901e+06
   1.5559104e+06
   1.5559811e+06
   1.5560779e+06
   1.5561555e+06
   1.5562481e+06
   1.5563467e+06
   1.5564300e+06
   1.5565165e+06
   1.5566503e+06
   1.5567207e+06
   1.5568157e+06
   1.5569308e+06
   1.5570035e+06
   1.5570834e+06
   1.5571834e+06
   1.5573159e+06
   1.5574030e+06
   1.5575226e+06
   1.5576251e+06
   1.5577144e+06
   1.5578509e+06
   1.5579415e+06
   1.5580233e+06
   1.5580997e+06
   1.5582589e+06
   1.5583532e+06
   1.5584666e+06
   1.5585626e+06
   1.5586394e+06
   1.5587610e+06
   1.5588684e+06
   1.5590579e+06
   1.5591452e+06
   1.5592511e+06
   1.5593564e+06
   1.5595015e+06
   1.5596184e+06
   1.5597922e+06
   1.5598934e+06
   1.5599996e+06
   1.5603604e+06
   1.5605796e+06
   1.5609597e+06
   1.5613939e+06
   1.5616159e+06
   1.5619031e+06
   1.5625387e+06
   1.5834846e+06
   1.5844379e+06
   1.5849087e+06
   1.5850726e+06
   1.5873891e+06
   1.5876301e+06
   1.5878290e+06
   1.5883617e+06
   1.5891316e+06
   1.5898166e+06
   1.5916539e+06
   1.5918911e+06
   1.5920952e+06
   1.5964377e+06
   1.5967609e+06
   1.5969164e+06
   1.5971713e+06
   1.5974698e+06
   1.5977790e+06
   1.5989332e+06
   1.5991915e+06
   1.5994935e+06
   1.6001167e+06
   1.6002222e+06
   1.6003028e+06
   1.6004139e+06
   1.6005103e+06
   1.6006106e+06
   1.6006817e+06
   1.6007570e+06
   1.6009100e+06
   1.6009992e+06
   1.6010978e+06
   1.6012219e+06
   1.6013114e+06
   1.6014009e+06
   1.6014786e+06
   1.6015686e+06
   1.6016443e+06
   1.6017440e+06
   1.6018457e+06
   1.6019333e+06
   1.6020061e+06
   1.6020981e+06
   1.6021937e+06
   1.6023143e+06
   1.6023913e+06
   1.6024797e+06
   1.6025632e+06
   1.6026454e+06
   1.6027290e+06
   1.6028274e+06
   1.6029803e+06
   1.6030505e+06
   1.6031655e+06
   1.6032552e+06
   1.6033367e+06
   1.6034629e+06
   1.6035840e+06
   1.6036655e+06
   1.6037376e+06
   1.6038386e+06
   1.6039215e+06
   1.6040068e+06
   1.6040791e+06
   1.6041653e+06
   1.6042708e+06
   1.6043377e+06
   1.6044464e+06
   1.6045293e+06
   1.6046144e+06
   1.6046937e+06
   1.6047798e+06
   1.6049094e+06
   1.6050379e+06
   1.6051189e+06
   1.6052440e+06
   1.6053388e+06
   1.6054164e+06
   1.6054786e+06
   1.6055589e+06
   1.6056798e+06
   1.6057614e+06
   1.6058517e+06
   1.6059419e+06
   1.6060517e+06
   1.6061227e+06
   1.6061926e+06
   1.6062588e+06
   1.6063568e+06
   1.6064639e+06
   1.6065334e+06
   1.6066178e+06
   1.6067092e+06
   1.6068093e+06
   1.6068910e+06
   1.6069970e+06
   1.6071805e+06
   1.6072828e+06
   1.6074007e+06
   1.6075106e+06
   1.6076112e+06
   1.6077114e+06
   1.6077973e+06
   1.6078686e+06
   1.6079507e+06
   1.6080331e+06
   1.6081562e+06
   1.6082512e+06
   1.6083825e+06
   1.6084988e+06
   1.6085794e+06
   1.6086576e+06
   1.6087551e+06
   1.6088387e+06
   1.6089332e+06
   1.6090329e+06
   1.6091370e+06
   1.6092632e+06
   1.6093760e+06
   1.6094724e+06
   1.6096140e+06
   1.6097111e+06
   1.6098161e+06
   1.6099284e+06
   1.6100181e+06
   1.6101251e+06
   1.6101995e+06
   1.6102895e+06
   1.6103553e+06
   1.6104346e+06
   1.6105139e+06
   1.6105965e+06
   1.6107251e+06
   1.6108131e+06
   1.6108902e+06
   1.6109761e+06
   1.6110725e+06
   1.6111591e+06
   1.6112545e+06
   1.6113550e+06
   1.6114463e+06
   1.6115669e+06
   1.6116641e+06
   1.6117363e+06
   1.6118300e+06
   1.6119322e+06
   1.6120034e+06
   1.6121074e+06
   1.6122279e+06
   1.6123594e+06
   1.6124763e+06
   1.6125799e+06
   1.6126725e+06
   1.6129718e+06
   1.6130495e+06
   1.6131419e+06
   1.6132376e+06
   1.6133360e+06
   1.6134223e+06
   1.6135135e+06
   1.6136030e+06
   1.6137017e+06
   1.6137956e+06
   1.6138997e+06
   1.6141384e+06
   1.6142367e+06
   1.6143117e+06
   1.6144023e+06
   1.6145225e+06
   1.6145979e+06
   1.6146817e+06
   1.6148570e+06
   1.6149498e+06
   1.6150368e+06
   1.6151125e+06
   1.6152063e+06
   1.6152987e+06
   1.6153875e+06
   1.6154797e+06
   1.6155638e+06
   1.6156746e+06
   1.6157783e+06
   1.6159085e+06
   1.6159740e+06
   1.6160812e+06
   1.6161606e+06
   1.6162404e+06
   1.6163238e+06
   1.6164165e+06
   1.6165324e+06
   1.6166196e+06
   1.6167468e+06
   1.6168400e+06
   1.6169852e+06
   1.6170812e+06
   1.6171556e+06
   1.6172376e+06
   1.6173349e+06
   1.6174451e+06
   1.6175210e+06
   1.6176291e+06
   1.6177268e+06
   1.6178220e+06
   1.6179430e+06
   1.6180525e+06
   1.6182191e+06
   1.6183023e+06
   1.6184744e+06
   1.6185426e+06
   1.6186277e+06
   1.6187102e+06
   1.6188089e+06
   1.6189053e+06
   1.6190347e+06
   1.6191405e+06
   1.6192897e+06
   1.6193840e+06
   1.6194962e+06
   1.6195900e+06
   1.6196812e+06
   1.6198156e+06
   1.6198910e+06
   1.6199765e+06
   1.6202132e+06
   1.6209053e+06
   1.6224021e+06
   1.6227636e+06
   1.6232318e+06
   1.6234250e+06
   1.6242585e+06
   1.6246565e+06
   1.6253465e+06
   1.6261113e+06
   1.6264534e+06
   1.6267598e+06
   1.6270985e+06
   1.6273168e+06
   1.6275966e+06
   1.6278701e+06
   1.6304722e+06
   1.6307691e+06
   1.6311804e+06
   1.6318741e+06
   1.6323156e+06
   1.6325071e+06
   1.6329863e+06
   1.6339482e+06
   1.6365095e+06
   1.6378633e+06
   1.6384412e+06
   1.6396026e+06
   1.6399759e+06
   1.6401496e+06
   1.6404873e+06
   1.6412771e+06
   1.6415057e+06
   1.6426907e+06
   1.6428739e+06
   1.6434131e+06
   1.6440393e+06
   1.6447359e+06
   1.6451796e+06
   1.6455424e+06
   1.6457465e+06
   1.6462415e+06
   1.6465814e+06
   1.6468159e+06
   1.6555101e+06
   1.6559018e+06
   1.6565035e+06
   1.6567987e+06
   1.6577348e+06
   1.6579278e+06
   1.6581757e+06
   1.6583897e+06
   1.6587982e+06
   1.6591543e+06
   1.6598080e+06
   1.6601236e+06
   1.6602158e+06
   1.6602908e+06
   1.6603728e+06
   1.6604630e+06
   1.6605484e+06
   1.6606632e+06
   1.6607384e+06
   1.6608443e+06
   1.6609536e+06
   1.6610352e+06
   1.6611235e+06
   1.6612203e+06
   1.6613160e+06
   1.6614142e+06
   1.6614952e+06
   1.6615975e+06
   1.6616851e+06
   1.6617743e+06
   1.6618584e+06
   1.6619679e+06
   1.6620924e+06
   1.6621921e+06
   1.6622825e+06
   1.6623675e+06
   1.6624416e+06
   1.6625141e+06
   1.6626037e+06
   1.6626868e+06
   1.6627823e+06
   1.6628534e+06
   1.6629336e+06
   1.6630185e+06
   1.6630936e+06
   1.6631621e+06
   1.6632361e+06
   1.6633170e+06
   1.6634089e+06
   1.6635580e+06
   1.6636664e+06
   1.6637545e+06
   1.6638430e+06
   1.6639380e+06
   1.6640170e+06
   1.6640861e+06
   1.6641596e+06
   1.6642531e+06
   1.6643409e+06
   1.6644296e+06
   1.6645194e+06
   1.6646147e+06
   1.6646891e+06
   1.6647760e+06
   1.6648399e+06
   1.6649472e+06
   1.6650287e+06
   1.6651083e+06
   1.6651754e+06
   1.6653008e+06
   1.6653811e+06
   1.6654650e+06
   1.6655955e+06
   1.6656790e+06
   1.6657638e+06
   1.6658393e+06
   1.6659745e+06
   1.6660483e+06
   1.6661445e+06
   1.6662210e+06
   1.6663471e+06
   1.6665058e+06
   1.6666471e+06
   1.6667489e+06
   1.6668180e+06
   1.6669283e+06
   1.6671017e+06
   1.6671852e+06
   1.6672641e+06
   1.6673604e+06
   1.6674567e+06
   1.6675580e+06
   1.6676267e+06
   1.6677018e+06
   1.6677850e+06
   1.6678671e+06
   1.6679384e+06
   1.6680073e+06
   1.6681041e+06
   1.6681909e+06
   1.6682929e+06
   1.6683714e+06
   1.6684689e+06
   1.6685739e+06
   1.6686647e+06
   1.6687366e+06
   1.6688112e+06
   1.6689233e+06
   1.6690030e+06
   1.6690899e+06
   1.6691696e+06
   1.6692496e+06
   1.6693303e+06
   1.6694534e+06
   1.6695474e+06
   1.6696387e+06
   1.6697166e+06
   1.6698434e+06
   1.6699294e+06
   1.6700017e+06
   1.6700998e+06
   1.6701872e+06
   1.6702802e+06
   1.6704009e+06
   1.6704795e+06
   1.6706012e+06
   1.6706941e+06
   1.6708408e+06
   1.6709537e+06
   1.6710579e+06
   1.6711322e+06
   1.6712142e+06
   1.6713334e+06
   1.6714183e+06
   1.6715022e+06
   1.6715865e+06
   1.6716953e+06
   1.6717963e+06
   1.6718879e+06
   1.6719663e+06
   1.6720728e+06
   1.6721526e+06
   1.6722684e+06
   1.6723690e+06
   1.6724511e+06
   1.6725574e+06
   1.6726454e+06
   1.6727876e+06
   1.6729187e+06
   1.6730119e+06
   1.6731180e+06
   1.6732105e+06
   1.6732803e+06
   1.6733599e+06
   1.6735332e+06
   1.6735999e+06
   1.6736941e+06
   1.6738134e+06
   1.6739218e+06
   1.6741053e+06
   1.6742216e+06
   1.6743080e+06
   1.6743927e+06
   1.6744749e+06
   1.6745836e+06
   1.6746666e+06
   1.6748060e+06
   1.6748800e+06
   1.6749797e+06
   1.6750563e+06
   1.6751838e+06
   1.6752622e+06
   1.6753350e+06
   1.6754416e+06
   1.6755280e+06
   1.6756378e+06
   1.6757247e+06
   1.6757974e+06
   1.6758682e+06
   1.6759426e+06
   1.6760545e+06
   1.6761279e+06
   1.6762196e+06
   1.6762996e+06
   1.6763937e+06
   1.6765133e+06
   1.6766100e+06
   1.6766983e+06
   1.6767854e+06
   1.6768840e+06
   1.6769965e+06
   1.6770878e+06
   1.6772558e+06
   1.6773488e+06
   1.6774419e+06
   1.6775973e+06
   1.6776959e+06
   1.6777726e+06
   1.6779401e+06
   1.6780389e+06
   1.6781048e+06
   1.6781733e+06
   1.6782835e+06
   1.6783623e+06
   1.6785220e+06
   1.6786201e+06
   1.6786971e+06
   1.6787852e+06
   1.6788603e+06
   1.6789303e+06
   1.6790234e+06
   1.6791232e+06
   1.6792264e+06
   1.6793534e+06
   1.6794434e+06
   1.6795148e+06
   1.6795946e+06
   1.6796844e+06
   1.6798008e+06
   1.6798818e+06
   1.6799817e+06
   1.6803227e+06
   1.6807452e+06
   1.6812160e+06
   1.6817737e+06
   1.6829161e+06
   1.6837290e+06
   1.6843752e+06
   1.6961596e+06
   1.6966364e+06
   1.6969000e+06
   1.6987861e+06
   1.6991803e+06
   1.6993371e+06
   1.6995124e+06
   1.6997773e+06
   1.7000319e+06
   1.7004698e+06
   1.7008312e+06
   1.7012585e+06
   1.7200667e+06
   1.7201443e+06
   1.7202061e+06
   1.7203081e+06
   1.7203985e+06
   1.7204863e+06
   1.7205836e+06
   1.7206877e+06
   1.7207723e+06
   1.7208924e+06
   1.7209738e+06
   1.7210374e+06
   1.7211303e+06
   1.7212163e+06
   1.7213305e+06
   1.7214190e+06
   1.7214926e+06
   1.7215778e+06
   1.7216508e+06
   1.7217234e+06
   1.7217998e+06
   1.7218966e+06
   1.7219821e+06
   1.7220741e+06
   1.7221647e+06
   1.7222651e+06
   1.7223356e+06
   1.7224218e+06
   1.7225130e+06
   1.7226317e+06
   1.7227528e+06
   1.7228267e+06
   1.7229424e+06
   1.7230315e+06
   1.7231329e+06
   1.7232518e+06
   1.7233457e+06
   1.7234473e+06
   1.7235385e+06
   1.7236193e+06
   1.7237179e+06
   1.7237854e+06
   1.7238687e+06
   1.7239636e+06
   1.7240301e+06
   1.7241115e+06
   1.7241766e+06
   1.7242690e+06
   1.7243562e+06
   1.7244538e+06
   1.7245366e+06
   1.7246282e+06
   1.7247065e+06
   1.7248219e+06
   1.7248996e+06
   1.7249811e+06
   1.7250866e+06
   1.7251590e+06
   1.7252461e+06
   1.7253315e+06
   1.7254465e+06
   1.7255980e+06
   1.7256630e+06
   1.7257811e+06
   1.7258767e+06
   1.7259643e+06
   1.7260293e+06
   1.7261145e+06
   1.7262099e+06
   1.7262999e+06
   1.7263743e+06
   1.7264482e+06
   1.7265373e+06
   1.7266483e+06
   1.7267540e+06
   1.7268611e+06
   1.7269326e+06
   1.7271087e+06
   1.7272154e+06
   1.7272942e+06
   1.7273989e+06
   1.7274764e+06
   1.7275859e+06
   1.7276838e+06
   1.7277842e+06
   1.7278743e+06
   1.7279427e+06
   1.7280068e+06
   1.7281188e+06
   1.7282085e+06
   1.7282958e+06
   1.7283830e+06
   1.7284684e+06
   1.7285659e+06
   1.7286823e+06
   1.7287827e+06
   1.7288751e+06
   1.7289489e+06
   1.7290338e+06
   1.7291486e+06
   1.7293008e+06
   1.7293794e+06
   1.7294765e+06
   1.7295862e+06
   1.7296607e+06
   1.7297437e+06
   1.7298119e+06
   1.7299077e+06
   1.7300251e+06
   1.7300913e+06
   1.7301687e+06
   1.7302897e+06
   1.7303799e+06
   1.7304591e+06
   1.7305443e+06
   1.7306470e+06
   1.7307157e+06
   1.7307878e+06
   1.7308848e+06
   1.7310227e+06
   1.7311347e+06
   1.7312343e+06
   1.7312948e+06
   1.7313994e+06
   1.7314829e+06
   1.7315739e+06
   1.7316724e+06
   1.7317929e+06
   1.7318915e+06
   1.7319788e+06
   1.7321114e+06
   1.7322029e+06
   1.7322857e+06
   1.7323650e+06
   1.7324705e+06
   1.7325585e+06
   1.7326484e+06
   1.7327253e+06
   1.7328119e+06
   1.7328792e+06
   1.7329466e+06
   1.7330263e+06
   1.7331133e+06
   1.7331807e+06
   1.7332605e+06
   1.7333246e+06
   1.7334083e+06
   1.7334953e+06
   1.7335909e+06
   1.7336988e+06
   1.7337575e+06
   1.7338221e+06
   1.7339033e+06
   1.7339742e+06
   1.7341674e+06
   1.7342370e+06
   1.7343075e+06
   1.7344074e+06
   1.7345025e+06
   1.7345952e+06
   1.7346807e+06
   1.7347655e+06
   1.7348566e+06
   1.7349452e+06
   1.7350711e+06
   1.7352077e+06
   1.7353098e+06
   1.7353919e+06
   1.7354876e+06
   1.7355849e+06
   1.7356833e+06
   1.7357705e+06
   1.7358361e+06
   1.7359251e+06
   1.7361135e+06
   1.7361858e+06
   1.7362730e+06
   1.7363548e+06
   1.7364269e+06
   1.7365162e+06
   1.7366158e+06
   1.7367394e+06
   1.7368377e+06
   1.7369377e+06
   1.7370364e+06
   1.7371935e+06
   1.7372668e+06
   1.7373672e+06
   1.7374674e+06
   1.7375476e+06
   1.7376393e+06
   1.7377241e+06
   1.7378194e+06
   1.7379085e+06
   1.7379959e+06
   1.7380714e+06
   1.7381512e+06
   1.7382494e+06
   1.7383297e+06
   1.7384146e+06
   1.7385065e+06
   1.7386055e+06
   1.7386884e+06
   1.7387705e+06
   1.7388835e+06
   1.7389925e+06
   1.7390600e+06
   1.7391373e+06
   1.7392160e+06
   1.7393029e+06
   1.7393988e+06
   1.7395071e+06
   1.7396557e+06
   1.7397265e+06
   1.7398164e+06
   1.7399225e+06
   1.7403419e+06
   1.7408173e+06
   1.7416013e+06
   1.7424368e+06
   1.7428363e+06
   1.7431349e+06
   1.7436172e+06
   1.7447868e+06
   1.7450680e+06
   1.7459696e+06
   1.7470556e+06
   1.7473206e+06
   1.7481626e+06
   1.7485882e+06
   1.7488871e+06
   1.7490952e+06
   1.7494176e+06
   1.7505533e+06
   1.7510143e+06
   1.7511673e+06
   1.7513624e+06
   1.7517442e+06
   1.7527758e+06
   1.7531321e+06
   1.7538325e+06
   1.7547587e+06
   1.7551783e+06
   1.7564662e+06
   1.7566579e+06
   1.7568586e+06
   1.7572250e+06
   1.7580360e+06
   1.7582715e+06
   1.7585591e+06
   1.7588549e+06
   1.7590884e+06
   1.7593465e+06
   1.7595154e+06
   1.7597371e+06
   1.7601744e+06
   1.7604660e+06
   1.7611260e+06
   1.7613430e+06
   1.7618569e+06
   1.7627504e+06
   1.7633836e+06
   1.7637656e+06
   1.7643041e+06
   1.7653775e+06
   1.7657157e+06
   1.7662463e+06
   1.7672337e+06
   1.7674651e+06
   1.7678101e+06
   1.7683288e+06
   1.7686860e+06
   1.7700181e+06
   1.7703093e+06
   1.7717567e+06
   1.7723010e+06
   1.7732063e+06
   1.7734721e+06
   1.7800820e+06
   1.7801588e+06
   1.7802536e+06
   1.7803511e+06
   1.7804517e+06
   1.7805379e+06
   1.7806292e+06
   1.7807140e+06
   1.7807943e+06
   1.7808882e+06
   1.7809756e+06
   1.7810344e+06
   1.7811125e+06
   1.7811778e+06
   1.7812693e+06
   1.7813857e+06
   1.7814499e+06
   1.7815200e+06
   1.7815907e+06
   1.7816879e+06
   1.7817715e+06
   1.7818770e+06
   1.7819568e+06
   1.7820496e+06
   1.7821435e+06
   1.7822293e+06
   1.7823326e+06
   1.7824294e+06
   1.7824988e+06
   1.7825828e+06
   1.7826784e+06
   1.7827775e+06
   1.7828670e+06
   1.7829237e+06
   1.7830095e+06
   1.7830767e+06
   1.7831385e+06
   1.7832126e+06
   1.7832978e+06
   1.7833924e+06
   1.7834570e+06
   1.7835492e+06
   1.7836297e+06
   1.7837443e+06
   1.7838239e+06
   1.7839130e+06
   1.7839934e+06
   1.7840625e+06
   1.7841297e+06
   1.7842080e+06
   1.7842996e+06
   1.7843856e+06
   1.7844560e+06
   1.7845523e+06
   1.7846310e+06
   1.7847147e+06
   1.7848271e+06
   1.7848894e+06
   1.7849593e+06
   1.7850512e+06
   1.7851066e+06
   1.7851799e+06
   1.7852767e+06
   1.7853663e+06
   1.7854590e+06
   1.7855266e+06
   1.7856223e+06
   1.7857435e+06
   1.7858015e+06
   1.7858928e+06
   1.7859660e+06
   1.7860253e+06
   1.7861039e+06
   1.7861744e+06
   1.7862847e+06
   1.7863871e+06
   1.7864464e+06
   1.7865206e+06
   1.7865979e+06
   1.7866691e+06
   1.7867405e+06
   1.7868162e+06
   1.7868952e+06
   1.7869820e+06
   1.7871473e+06
   1.7872145e+06
   1.7872850e+06
   1.7873709e+06
   1.7874462e+06
   1.7875200e+06
   1.7876018e+06
   1.7876760e+06
   1.7877541e+06
   1.7878345e+06
   1.7879090e+06
   1.7879819e+06
   1.7880559e+06
   1.7881328e+06
   1.7882416e+06
   1.7883201e+06
   1.7883926e+06
   1.7884715e+06
   1.7885477e+06
   1.7886870e+06
   1.7887544e+06
   1.7888429e+06
   1.7889203e+06
   1.7890327e+06
   1.7891267e+06
   1.7892257e+06
   1.7893196e+06
   1.7894163e+06
   1.7894846e+06
   1.7895736e+06
   1.7896505e+06
   1.7897411e+06
   1.7898341e+06
   1.7899157e+06
   1.7900148e+06
   1.7901042e+06
   1.7901964e+06
   1.7902793e+06
   1.7903344e+06
   1.7904227e+06
   1.7905720e+06
   1.7906339e+06
   1.7907120e+06
   1.7907877e+06
   1.7908696e+06
   1.7909956e+06
   1.7910991e+06
   1.7911636e+06
   1.7912339e+06
   1.7913322e+06
   1.7914456e+06
   1.7915373e+06
   1.7916364e+06
   1.7917012e+06
   1.7917938e+06
   1.7918706e+06
   1.7919523e+06
   1.7920236e+06
   1.7921460e+06
   1.7922267e+06
   1.7922982e+06
   1.7924606e+06
   1.7925586e+06
   1.7926295e+06
   1.7927013e+06
   1.7927953e+06
   1.7928794e+06
   1.7929505e+06
   1.7930261e+06
   1.7931161e+06
   1.7932378e+06
   1.7933476e+06
   1.7934388e+06
   1.7935165e+06
   1.7935794e+06
   1.7936604e+06
   1.7937372e+06
   1.7938230e+06
   1.7939093e+06
   1.7939973e+06
   1.7941349e+06
   1.7942344e+06
   1.7943008e+06
   1.7943810e+06
   1.7944511e+06
   1.7945267e+06
   1.7945918e+06
   1.7946763e+06
   1.7947708e+06
   1.7948947e+06
   1.7949844e+06
   1.7950834e+06
   1.7952013e+06
   1.7952741e+06
   1.7953785e+06
   1.7954963e+06
   1.7955716e+06
   1.7956656e+06
   1.7957593e+06
   1.7958565e+06
   1.7959292e+06
   1.7960480e+06
   1.7961503e+06
   1.7962194e+06
   1.7963102e+06
   1.7964152e+06
   1.7965061e+06
   1.7965769e+06
   1.7966933e+06
   1.7967750e+06
   1.7968634e+06
   1.7969341e+06
   1.7970366e+06
   1.7971401e+06
   1.7972304e+06
   1.7973108e+06
   1.7973955e+06
   1.7974981e+06
   1.7975747e+06
   1.7976559e+06
   1.7977266e+06
   1.7977914e+06
   1.7978856e+06
   1.7979898e+06
   1.7980622e+06
   1.7981394e+06
   1.7982428e+06
   1.7983179e+06
   1.7984071e+06
   1.7985053e+06
   1.7986055e+06
   1.7986896e+06
   1.7987723e+06
   1.7988542e+06
   1.7989260e+06
   1.7990182e+06
   1.7991001e+06
   1.7991833e+06
   1.7992658e+06
   1.7993517e+06
   1.7994583e+06
   1.7995381e+06
   1.7996344e+06
   1.7996985e+06
   1.7997696e+06
   1.7998713e+06
   1.7999509e+06
   1.8012990e+06
   1.8016463e+06
   1.8020265e+06
   1.8023767e+06
   1.8025183e+06
   1.8028037e+06
   1.8035605e+06
   1.8038571e+06
   1.8048646e+06
   1.8092731e+06
   1.8103113e+06
   1.8105949e+06
   1.8112247e+06
   1.8326059e+06
   1.8328627e+06
   1.8333219e+06
   1.8353057e+06
   1.8355752e+06
   1.8375123e+06
   1.8378701e+06
   1.8380436e+06
   1.8384460e+06
   1.8388968e+06
   1.8391729e+06
   1.8396622e+06
   1.8400737e+06
   1.8401679e+06
   1.8402312e+06
   1.8402985e+06
   1.8403802e+06
   1.8404581e+06
   1.8405591e+06
   1.8406193e+06
   1.8406906e+06
   1.8407744e+06
   1.8408450e+06
   1.8409166e+06
   1.8409988e+06
   1.8410700e+06
   1.8411565e+06
   1.8412225e+06
   1.8412929e+06
   1.8413797e+06
   1.8414788e+06
   1.8415551e+06
   1.8416282e+06
   1.8416975e+06
   1.8417747e+06
   1.8418552e+06
   1.8419251e+06
   1.8419874e+06
   1.8420809e+06
   1.8421644e+06
   1.8422472e+06
   1.8423135e+06
   1.8423854e+06
   1.8424599e+06
   1.8425196e+06
   1.8425842e+06
   1.8426455e+06
   1.8427329e+06
   1.8428184e+06
   1.8428845e+06
   1.8429499e+06
   1.8430339e+06
   1.8430924e+06
   1.8431873e+06
   1.8432959e+06
   1.8433807e+06
   1.8434480e+06
   1.8435358e+06
   1.8436326e+06
   1.8437092e+06
   1.8438063e+06
   1.8438843e+06
   1.8439722e+06
   1.8440497e+06
   1.8441243e+06
   1.8442028e+06
   1.8442669e+06
   1.8443364e+06
   1.8444225e+06
   1.8445004e+06
   1.8445695e+06
   1.8446474e+06
   1.8447142e+06
   1.8447789e+06
   1.8448598e+06
   1.8449306e+06
   1.8450059e+06
   1.8450834e+06
   1.8451552e+06
   1.8452392e+06
   1.8453209e+06
   1.8454253e+06
   1.8455003e+06
   1.8455704e+06
   1.8456549e+06
   1.8457362e+06
   1.8458123e+06
   1.8458772e+06
   1.8459572e+06
   1.8460307e+06
   1.8461023e+06
   1.8461837e+06
   1.8462841e+06
   1.8463559e+06
   1.8464477e+06
   1.8465032e+06
   1.8465612e+06
   1.8466377e+06
   1.8467129e+06
   1.8467869e+06
   1.8468718e+06
   1.8469470e+06
   1.8470752e+06
   1.8471608e+06
   1.8472499e+06
   1.8473209e+06
   1.8473854e+06
   1.8474644e+06
   1.8475434e+06
   1.8476186e+06
   1.8477210e+06
   1.8478421e+06
   1.8479176e+06
   1.8479910e+06
   1.8480644e+06
   1.8481572e+06
   1.8482450e+06
   1.8483268e+06
   1.8483882e+06
   1.8484683e+06
   1.8485419e+06
   1.8486357e+06
   1.8487025e+06
   1.8487864e+06
   1.8488514e+06
   1.8489247e+06
   1.8490034e+06
   1.8490932e+06
   1.8491776e+06
   1.8492654e+06
   1.8493262e+06
   1.8493992e+06
   1.8494764e+06
   1.8495549e+06
   1.8496352e+06
   1.8497285e+06
   1.8498012e+06
   1.8499067e+06
   1.8499794e+06
   1.8500644e+06
   1.8501571e+06
   1.8502405e+06
   1.8503032e+06
   1.8503670e+06
   1.8504309e+06
   1.8505299e+06
   1.8505931e+06
   1.8506697e+06
   1.8507572e+06
   1.8508762e+06
   1.8509668e+06
   1.8510316e+06
   1.8510875e+06
   1.8511499e+06
   1.8512549e+06
   1.8513401e+06
   1.8514316e+06
   1.8515069e+06
   1.8515722e+06
   1.8516397e+06
   1.8517099e+06
   1.8517800e+06
   1.8518676e+06
   1.8519514e+06
   1.8520346e+06
   1.8521084e+06
   1.8521727e+06
   1.8522659e+06
   1.8523338e+06
   1.8524187e+06
   1.8525094e+06
   1.8526031e+06
   1.8526876e+06
   1.8527614e+06
   1.8528189e+06
   1.8529322e+06
   1.8530026e+06
   1.8530800e+06
   1.8531934e+06
   1.8532722e+06
   1.8533374e+06
   1.8534165e+06
   1.8535080e+06
   1.8536056e+06
   1.8536933e+06
   1.8537971e+06
   1.8538755e+06
   1.8539594e+06
   1.8541255e+06
   1.8542052e+06
   1.8542727e+06
   1.8543483e+06
   1.8544193e+06
   1.8544919e+06
   1.8545511e+06
   1.8546237e+06
   1.8546858e+06
   1.8547674e+06
   1.8548503e+06
   1.8549293e+06
   1.8550132e+06
   1.8550928e+06
   1.8551658e+06
   1.8552373e+06
   1.8553011e+06
   1.8553917e+06
   1.8554543e+06
   1.8555563e+06
   1.8556193e+06
   1.8556966e+06
   1.8557618e+06
   1.8558440e+06
   1.8559362e+06
   1.8560166e+06
   1.8561016e+06
   1.8562391e+06
   1.8563594e+06
   1.8564663e+06
   1.8565380e+06
   1.8566051e+06
   1.8566696e+06
   1.8567485e+06
   1.8568176e+06
   1.8569108e+06
   1.8569878e+06
   1.8570709e+06
   1.8571591e+06
   1.8572691e+06
   1.8573568e+06
   1.8574530e+06
   1.8575293e+06
   1.8576075e+06
   1.8576789e+06
   1.8577811e+06
   1.8578612e+06
   1.8579678e+06
   1.8580531e+06
   1.8581244e+06
   1.8582192e+06
   1.8582998e+06
   1.8583700e+06
   1.8584691e+06
   1.8586024e+06
   1.8586745e+06
   1.8587470e+06
   1.8588255e+06
   1.8589547e+06
   1.8590235e+06
   1.8591182e+06
   1.8592223e+06
   1.8593076e+06
   1.8593757e+06
   1.8594358e+06
   1.8595086e+06
   1.8595803e+06
   1.8596736e+06
   1.8597690e+06
   1.8598584e+06
   1.8599640e+06
   1.8615818e+06
   1.8697973e+06
   1.8703099e+06
   1.8706896e+06
   1.8713094e+06
   1.8716409e+06
   1.8719571e+06
   1.8723300e+06
   1.8725001e+06
   1.8728010e+06
   1.8731706e+06
   1.8736399e+06
   1.8739158e+06
   1.8740922e+06
   1.8746185e+06
   1.8749978e+06
   1.8762395e+06
   1.8764358e+06
   1.8772101e+06
   1.8790707e+06
   1.8795014e+06
   1.8797651e+06
   1.8804267e+06
   1.8808767e+06
   1.8834260e+06
   1.8836625e+06
   1.8839132e+06
   1.8842928e+06
   1.8846832e+06
   1.8851871e+06
   1.8866324e+06
   1.8884043e+06
   1.8888715e+06
   1.8891059e+06
   1.8894502e+06
   1.8896052e+06
   1.8898021e+06
   1.8902455e+06
   1.8931227e+06
   1.8934396e+06
   1.8940751e+06
   1.8949155e+06
   1.8963111e+06
   1.8967371e+06
   1.8971908e+06
   1.8981583e+06
   1.8999273e+06
   1.9000783e+06
   1.9001380e+06
   1.9002070e+06
   1.9002721e+06
   1.9003444e+06
   1.9004432e+06
   1.9005006e+06
   1.9005783e+06
   1.9006469e+06
   1.9007004e+06
   1.9007825e+06
   1.9008642e+06
   1.9009459e+06
   1.9010153e+06
   1.9010879e+06
   1.9011426e+06
   1.9012079e+06
   1.9013218e+06
   1.9013841e+06
   1.9014584e+06
   1.9015481e+06
   1.9016086e+06
   1.9016859e+06
   1.9017593e+06
   1.9018396e+06
   1.9019007e+06
   1.9019654e+06
   1.9020371e+06
   1.9021007e+06
   1.9021652e+06
   1.9022373e+06
   1.9023155e+06
   1.9023788e+06
   1.9024610e+06
   1.9025143e+06
   1.9025753e+06
   1.9026385e+06
   1.9026991e+06
   1.9027710e+06
   1.9028316e+06
   1.9028918e+06
   1.9029453e+06
   1.9030176e+06
   1.9030762e+06
   1.9031421e+06
   1.9031968e+06
   1.9032653e+06
   1.9033372e+06
   1.9034066e+06
   1.9034782e+06
   1.9035484e+06
   1.9036132e+06
   1.9036675e+06
   1.9037338e+06
   1.9037954e+06
   1.9038714e+06
   1.9039423e+06
   1.9040032e+06
   1.9040681e+06
   1.9041469e+06
   1.9042099e+06
   1.9042826e+06
   1.9043435e+06
   1.9044013e+06
   1.9044638e+06
   1.9045250e+06
   1.9045777e+06
   1.9046622e+06
   1.9047551e+06
   1.9048194e+06
   1.9048899e+06
   1.9049476e+06
   1.9050130e+06
   1.9050762e+06
   1.9051613e+06
   1.9052371e+06
   1.9053101e+06
   1.9053720e+06
   1.9054371e+06
   1.9055128e+06
   1.9055842e+06
   1.9056663e+06
   1.9057243e+06
   1.9058128e+06
   1.9058711e+06
   1.9059429e+06
   1.9060153e+06
   1.9061063e+06
   1.9061888e+06
   1.9062459e+06
   1.9063112e+06
   1.9063839e+06
   1.9064718e+06
   1.9065344e+06
   1.9065998e+06
   1.9066643e+06
   1.9067258e+06
   1.9067961e+06
   1.9068714e+06
   1.9069467e+06
   1.9071036e+06
   1.9071793e+06
   1.9072643e+06
   1.9073428e+06
   1.9074118e+06
   1.9074728e+06
   1.9075338e+06
   1.9075868e+06
   1.9076392e+06
   1.9077129e+06
   1.9077730e+06
   1.9078411e+06
   1.9079200e+06
   1.9080066e+06
   1.9080896e+06
   1.9081820e+06
   1.9082509e+06
   1.9083084e+06
   1.9083781e+06
   1.9084696e+06
   1.9085406e+06
   1.9086145e+06
   1.9087146e+06
   1.9087973e+06
   1.9088796e+06
   1.9089392e+06
   1.9090068e+06
   1.9090783e+06
   1.9091504e+06
   1.9092308e+06
   1.9092998e+06
   1.9093756e+06
   1.9094333e+06
   1.9094997e+06
   1.9095618e+06
   1.9096403e+06
   1.9096978e+06
   1.9097631e+06
   1.9098277e+06
   1.9098964e+06
   1.9099560e+06
   1.9100327e+06
   1.9101055e+06
   1.9101737e+06
   1.9102559e+06
   1.9103235e+06
   1.9103878e+06
   1.9104870e+06
   1.9105683e+06
   1.9106481e+06
   1.9107380e+06
   1.9108063e+06
   1.9108761e+06
   1.9109596e+06
   1.9110248e+06
   1.9111262e+06
   1.9112201e+06
   1.9113049e+06
   1.9113615e+06
   1.9114203e+06
   1.9115012e+06
   1.9115641e+06
   1.9116312e+06
   1.9116846e+06
   1.9117569e+06
   1.9118438e+06
   1.9119202e+06
   1.9120077e+06
   1.9120762e+06
   1.9121913e+06
   1.9122743e+06
   1.9123446e+06
   1.9124164e+06
   1.9125058e+06
   1.9125147e+06
   1.9125757e+06
   1.9125913e+06
   1.9126457e+06
   1.9126655e+06
   1.9126991e+06
   1.9127344e+06
   1.9127673e+06
   1.9128391e+06
   1.9128544e+06
   1.9129096e+06
   1.9129194e+06
   1.9129756e+06
   1.9129818e+06
   1.9130308e+06
   1.9130538e+06
   1.9131078e+06
   1.9131241e+06
   1.9131747e+06
   1.9131897e+06
   1.9132451e+06
   1.9132694e+06
   1.9133244e+06
   1.9133659e+06
   1.9133864e+06
   1.9134528e+06
   1.9134651e+06
   1.9135155e+06
   1.9135415e+06
   1.9135981e+06
   1.9136070e+06
   1.9136769e+06
   1.9136957e+06
   1.9137589e+06
   1.9137609e+06
   1.9138184e+06
   1.9138457e+06
   1.9138855e+06
   1.9139387e+06
   1.9139570e+06
   1.9140917e+06
   1.9141317e+06
   1.9141896e+06
   1.9142208e+06
   1.9142522e+06
   1.9143126e+06
   1.9143220e+06
   1.9143831e+06
   1.9144047e+06
   1.9144689e+06
   1.9144905e+06
   1.9145459e+06
   1.9145788e+06
   1.9146263e+06
   1.9146634e+06
   1.9147020e+06
   1.9147515e+06
   1.9147828e+06
   1.9148207e+06
   1.9148827e+06
   1.9148877e+06
   1.9149397e+06
   1.9149734e+06
   1.9150002e+06
   1.9150371e+06
   1.9150801e+06
   1.9151417e+06
   1.9151539e+06
   1.9152165e+06
   1.9152239e+06
   1.9152839e+06
   1.9152884e+06
   1.9153537e+06
   1.9153721e+06
   1.9154130e+06
   1.9154375e+06
   1.9154976e+06
   1.9155071e+06
   1.9155719e+06
   1.9156143e+06
   1.9156360e+06
   1.9156807e+06
   1.9156989e+06
   1.9157688e+06
   1.9157792e+06
   1.9158347e+06
   1.9158476e+06
   1.9159117e+06
   1.9159162e+06
   1.9159797e+06
   1.9159831e+06
   1.9160465e+06
   1.9160711e+06
   1.9161076e+06
   1.9161374e+06
   1.9161806e+06
   1.9162081e+06
   1.9162336e+06
   1.9162742e+06
   1.9163268e+06
   1.9163455e+06
   1.9163911e+06
   1.9164151e+06
   1.9164540e+06
   1.9164881e+06
   1.9165257e+06
   1.9165602e+06
   1.9166102e+06
   1.9166290e+06
   1.9166864e+06
   1.9167178e+06
   1.9167646e+06
   1.9167991e+06
   1.9168316e+06
   1.9168586e+06
   1.9169004e+06
   1.9169303e+06
   1.9169668e+06
   1.9170238e+06
   1.9170406e+06
   1.9170999e+06
   1.9171021e+06
   1.9171712e+06
   1.9171753e+06
   1.9172516e+06
   1.9172584e+06
   1.9173263e+06
   1.9173322e+06
   1.9174062e+06
   1.9174143e+06
   1.9174844e+06
   1.9174861e+06
   1.9175645e+06
   1.9175746e+06
   1.9176433e+06
   1.9176542e+06
   1.9177201e+06
   1.9177369e+06
   1.9177988e+06
   1.9178017e+06
   1.9178688e+06
   1.9178735e+06
   1.9179519e+06
   1.9179671e+06
   1.9180300e+06
   1.9180429e+06
   1.9180867e+06
   1.9181539e+06
   1.9181600e+06
   1.9182228e+06
   1.9182543e+06
   1.9183290e+06
   1.9183331e+06
   1.9184073e+06
   1.9184171e+06
   1.9184909e+06
   1.9185022e+06
   1.9185616e+06
   1.9185773e+06
   1.9186301e+06
   1.9186468e+06
   1.9187108e+06
   1.9187367e+06
   1.9187762e+06
   1.9188187e+06
   1.9188487e+06
   1.9188829e+06
   1.9189232e+06
   1.9189542e+06
   1.9189934e+06
   1.9190538e+06
   1.9190659e+06
   1.9191298e+06
   1.9191405e+06
   1.9192059e+06
   1.9192103e+06
   1.9192655e+06
   1.9192736e+06
   1.9193286e+06
   1.9193704e+06
   1.9193932e+06
   1.9194614e+06
   1.9194807e+06
   1.9195400e+06
   1.9195467e+06
   1.9196160e+06
   1.9196319e+06
   1.9196971e+06
   1.9196975e+06
   1.9197598e+06
   1.9197831e+06
   1.9198534e+06
   1.9198589e+06
   1.9199367e+06
   1.9199408e+06
