   3.0661427e+02
   5.8258799e+02
   2.4637744e+03
   7.9247574e+03
   1.0217424e+04
   1.1258861e+04
   1.3083447e+04
   1.4016740e+04
   1.6251349e+04
   1.6516914e+04
   1.6797586e+04
   1.7163587e+04
   2.0695135e+04
   2.1536760e+04
   2.2974947e+04
   2.5786666e+04
   2.7752594e+04
   2.8287597e+04
   3.0168945e+04
   3.0520690e+04
   3.0791267e+04
   3.1034805e+04
   3.1432550e+04
   3.1655005e+04
   3.3014096e+04
   3.3781188e+04
   3.4554593e+04
   3.4944108e+04
   3.5442169e+04
   3.5889626e+04
   3.6146045e+04
   3.6448447e+04
   3.7165197e+04
   4.0186833e+04
   4.0458823e+04
   4.0614548e+04
   4.0795163e+04
   4.0817539e+04
   4.0960834e+04
   4.1172563e+04
   4.1384171e+04
   4.1526625e+04
   4.1666045e+04
   4.1831064e+04
   4.2019769e+04
   4.2211776e+04
   4.2390083e+04
   4.2537877e+04
   4.2668107e+04
   4.2876926e+04
   4.3022852e+04
   4.3164767e+04
   4.3289025e+04
   4.3454875e+04
   4.3625333e+04
   4.3776575e+04
   4.3930643e+04
   4.4077684e+04
   4.4264213e+04
   4.4503058e+04
   4.4693090e+04
   4.4884312e+04
   4.5028612e+04
   4.5203081e+04
   4.5343294e+04
   4.5567629e+04
   4.5712326e+04
   4.5839849e+04
   4.6003054e+04
   4.6122081e+04
   4.6354986e+04
   4.6507202e+04
   4.6729395e+04
   4.6863926e+04
   4.7748328e+04
   4.7971508e+04
   4.8119248e+04
   4.8321339e+04
   4.8473587e+04
   4.8681071e+04
   4.8879665e+04
   4.9093074e+04
   4.9275961e+04
   4.9475852e+04
   4.9642297e+04
   4.9822891e+04
   5.0007874e+04
   5.0182877e+04
   5.0581056e+04
   5.0870323e+04
   5.1023822e+04
   5.1331056e+04
   5.1563217e+04
   5.1798228e+04
   5.1945642e+04
   5.2103312e+04
   5.2307773e+04
   5.2528335e+04
   5.2684412e+04
   5.2858313e+04
   5.3063867e+04
   5.3277851e+04
   5.3439913e+04
   5.3670528e+04
   5.3815222e+04
   5.4224309e+04
   5.4393794e+04
   5.4540447e+04
   5.4765839e+04
   5.4880204e+04
   5.5087442e+04
   5.5249212e+04
   5.5436556e+04
   5.5614016e+04
   5.5761686e+04
   5.5923592e+04
   5.6080633e+04
   5.6286503e+04
   5.6427642e+04
   5.6549980e+04
   5.6686107e+04
   5.6823209e+04
   5.7147553e+04
   5.7380490e+04
   5.7498631e+04
   5.7688252e+04
   5.7820520e+04
   5.7959026e+04
   5.8738873e+04
   5.8873058e+04
   5.9063109e+04
   5.9204726e+04
   5.9451674e+04
   5.9611061e+04
   5.9722658e+04
   5.9860776e+04
   6.0681401e+04
   6.1884872e+04
   6.2323267e+04
   6.2661468e+04
   6.4265318e+04
   6.4683946e+04
   6.5493537e+04
   7.1527301e+04
   7.1937854e+04
   7.2975367e+04
   9.1954624e+04
   9.2172973e+04
   9.2369076e+04
   9.2782544e+04
   9.3816757e+04
   9.4074041e+04
   9.5124645e+04
   9.5846569e+04
   9.9325038e+04
   9.9891151e+04
   1.0043210e+05
   1.0061602e+05
   1.0087002e+05
   1.0120734e+05
   1.0140401e+05
   1.0212894e+05
   1.0241401e+05
   1.0261874e+05
   1.0288377e+05
   1.0305679e+05
   1.0327975e+05
   1.0344326e+05
   1.0378687e+05
   1.0420879e+05
   1.0438769e+05
   1.0469791e+05
   1.0510986e+05
   1.0532925e+05
   1.0553905e+05
   1.0576784e+05
   1.0595858e+05
   1.0630401e+05
   1.0648740e+05
   1.0680951e+05
   1.0696367e+05
   1.0731485e+05
   1.0748432e+05
   1.0804495e+05
   1.0821509e+05
   1.0902937e+05
   1.0920815e+05
   1.0936211e+05
   1.0958253e+05
   1.0974064e+05
   1.0988403e+05
   1.1015407e+05
   1.1034779e+05
   1.1071732e+05
   1.1092895e+05
   1.1116399e+05
   1.1139764e+05
   1.1153086e+05
   1.1182160e+05
   1.1197384e+05
   1.1220897e+05
   1.1245121e+05
   1.1273764e+05
   1.1319890e+05
   1.1348961e+05
   1.1376455e+05
   1.1395739e+05
   1.1488508e+05
   1.1539263e+05
   1.1632408e+05
   1.1697184e+05
   1.2039710e+05
   1.2085669e+05
   1.2142492e+05
   1.2181070e+05
   1.2258607e+05
   1.2298498e+05
   1.2322446e+05
   1.2359043e+05
   1.2401016e+05
   1.2453025e+05
   1.2524884e+05
   1.2613783e+05
   1.2654595e+05
   1.2866545e+05
   1.2897190e+05
   1.2933186e+05
   1.3033970e+05
   1.3055949e+05
   1.3132506e+05
   1.3197691e+05
   1.3235790e+05
   1.3286710e+05
   1.3313241e+05
   1.3614742e+05
   1.3675831e+05
   1.3734990e+05
   1.3797512e+05
   1.3852845e+05
   1.3897725e+05
   1.3957444e+05
   1.3990584e+05
   1.4155270e+05
   1.4295095e+05
   1.4388361e+05
   1.4433788e+05
   1.4568613e+05
   1.4611175e+05
   1.4650540e+05
   1.4669719e+05
   1.4706042e+05
   1.4747560e+05
   1.4772580e+05
   1.4834857e+05
   1.4954606e+05
   1.4975122e+05
   1.5052663e+05
   1.5089106e+05
   1.6025610e+05
   1.6050356e+05
   1.6070683e+05
   1.6116655e+05
   1.6155955e+05
   1.6182385e+05
   1.6207106e+05
   1.6233465e+05
   1.6260696e+05
   1.6288739e+05
   1.6310405e+05
   1.6331098e+05
   1.6350798e+05
   1.6378324e+05
   1.6398890e+05
   1.6412429e+05
   1.6436918e+05
   1.6464860e+05
   1.6486962e+05
   1.6510092e+05
   1.6544323e+05
   1.6563695e+05
   1.6588022e+05
   1.6616679e+05
   1.6637168e+05
   1.6657795e+05
   1.6692810e+05
   1.6735030e+05
   1.6751238e+05
   1.6764274e+05
   1.6780079e+05
   1.6797876e+05
   1.6816811e+05
   1.6831733e+05
   1.6846052e+05
   1.6865822e+05
   1.6881808e+05
   1.6901264e+05
   1.6936919e+05
   1.6957846e+05
   1.6973850e+05
   1.7004580e+05
   1.7020464e+05
   1.7037702e+05
   1.7055970e+05
   1.7080949e+05
   1.7094051e+05
   1.7111375e+05
   1.7132962e+05
   1.7157686e+05
   1.7174164e+05
   1.7190631e+05
   1.7203776e+05
   1.7218400e+05
   1.7238476e+05
   1.7283831e+05
   1.7304612e+05
   1.7317902e+05
   1.7333135e+05
   1.7351260e+05
   1.7379310e+05
   1.7396270e+05
   1.7432260e+05
   1.7447086e+05
   1.7462238e+05
   1.7482408e+05
   1.7500830e+05
   1.7520237e+05
   1.7539190e+05
   1.7562422e+05
   1.7575318e+05
   1.7589789e+05
   1.7606411e+05
   1.7625965e+05
   1.7640313e+05
   1.7655205e+05
   1.7673850e+05
   1.7692923e+05
   1.7714549e+05
   1.7736554e+05
   1.7747857e+05
   1.7762812e+05
   1.7778991e+05
   1.7793234e+05
   1.7809142e+05
   1.7824701e+05
   1.7842517e+05
   1.7861073e+05
   1.7873750e+05
   1.7891765e+05
   1.7907416e+05
   1.7921042e+05
   1.7935629e+05
   1.7951524e+05
   1.7964891e+05
   1.7980066e+05
   1.7994609e+05
   1.8063091e+05
   1.8102621e+05
   1.8192276e+05
   1.8265962e+05
   1.8317780e+05
   1.8346097e+05
   1.8451305e+05
   1.8487350e+05
   1.8549669e+05
   1.8582489e+05
   1.8733060e+05
   1.8772748e+05
   1.8814022e+05
   1.8853453e+05
   1.8991481e+05
   1.9030393e+05
   1.9076251e+05
   1.9437452e+05
   1.9505459e+05
   1.9759192e+05
   1.9850567e+05
   2.0032663e+05
   2.0071914e+05
   2.0114044e+05
   2.0151875e+05
   2.0189284e+05
   2.0248697e+05
   2.0280121e+05
   2.0312628e+05
   2.0363750e+05
   2.0401925e+05
   2.0445823e+05
   2.0464580e+05
   2.0492954e+05
   2.0517720e+05
   2.0546077e+05
   2.0639579e+05
   2.0674673e+05
   2.0780422e+05
   2.0945532e+05
   2.1176176e+05
   2.1206188e+05
   2.1267591e+05
   2.1313149e+05
   2.1361358e+05
   2.1436713e+05
   2.1999483e+05
   2.2032009e+05
   2.2049367e+05
   2.2110299e+05
   2.2127238e+05
   2.2154895e+05
   2.2177381e+05
   2.2205842e+05
   2.2242985e+05
   2.2266481e+05
   2.2285451e+05
   2.2312241e+05
   2.2338503e+05
   2.2357907e+05
   2.2384023e+05
   2.2431101e+05
   2.2465493e+05
   2.2524413e+05
   2.2559252e+05
   2.2580232e+05
   2.2634475e+05
   2.2652829e+05
   2.2677424e+05
   2.2726839e+05
   2.2760673e+05
   2.2792300e+05
   2.2814159e+05
   2.2839894e+05
   2.2860667e+05
   2.2904535e+05
   2.2957701e+05
   2.3022622e+05
   2.3053265e+05
   2.8047393e+05
   2.8099085e+05
   2.8191172e+05
   2.8227246e+05
   2.8302587e+05
   2.8330165e+05
   2.8361740e+05
   2.8379624e+05
   2.8431535e+05
   2.8474330e+05
   2.8514029e+05
   2.8553469e+05
   2.8587666e+05
   2.8621425e+05
   2.8831329e+05
   2.8877436e+05
   2.8901084e+05
   2.8919727e+05
   2.8943174e+05
   2.8961290e+05
   2.8981846e+05
   2.9015274e+05
   2.9048606e+05
   2.9070176e+05
   2.9098206e+05
   2.9120933e+05
   2.9184318e+05
   2.9200143e+05
   2.9233475e+05
   2.9251026e+05
   2.9275668e+05
   2.9302319e+05
   2.9324429e+05
   2.9345687e+05
   2.9367083e+05
   2.9396632e+05
   2.9433487e+05
   2.9449867e+05
   2.9497764e+05
   2.9534191e+05
   2.9546625e+05
   2.9567988e+05
   2.9587548e+05
   2.9609330e+05
   2.9627304e+05
   2.9644706e+05
   2.9674287e+05
   2.9697504e+05
   2.9789875e+05
   2.9809714e+05
   2.9835196e+05
   2.9862894e+05
   2.9892398e+05
   2.9915343e+05
   2.9942554e+05
   2.9957643e+05
   3.0242760e+05
   3.1166202e+05
   3.1402487e+05
   3.1451327e+05
   3.1479146e+05
   3.1540134e+05
   3.1591370e+05
   3.1621773e+05
   3.1700745e+05
   3.1901619e+05
   3.1956674e+05
   3.1997439e+05
   3.2025762e+05
   3.2075415e+05
   3.2106792e+05
   3.2216713e+05
   3.2295638e+05
   3.2329429e+05
   3.2367913e+05
   3.2443235e+05
   3.2587822e+05
   3.2645132e+05
   3.4035112e+05
   3.4048990e+05
   3.4065168e+05
   3.4091922e+05
   3.4123113e+05
   3.4146245e+05
   3.4160966e+05
   3.4177453e+05
   3.4195820e+05
   3.4216351e+05
   3.4243846e+05
   3.4262614e+05
   3.4285748e+05
   3.4328345e+05
   3.4340637e+05
   3.4379493e+05
   3.4396690e+05
   3.4417165e+05
   3.4438367e+05
   3.4461362e+05
   3.4486076e+05
   3.4504225e+05
   3.4522373e+05
   3.4550980e+05
   3.4566138e+05
   3.4588945e+05
   3.4610386e+05
   3.4638742e+05
   3.4667677e+05
   3.4688255e+05
   3.4758297e+05
   3.4838922e+05
   3.4892132e+05
   3.4927999e+05
   3.4972230e+05
   3.5021416e+05
   3.5039053e+05
   3.5313275e+05
   3.5343982e+05
   3.5368632e+05
   3.5472882e+05
   3.5498448e+05
   3.5544935e+05
   3.5584590e+05
   3.5636106e+05
   3.5679844e+05
   3.5704848e+05
   3.5736100e+05
   3.5777857e+05
   3.5798168e+05
   3.5958032e+05
   3.6028388e+05
   3.6070542e+05
   3.6113516e+05
   3.6137439e+05
   3.6205940e+05
   3.6250288e+05
   3.6290924e+05
   3.6346475e+05
   3.6387650e+05
   3.6633232e+05
   3.6659998e+05
   3.6689674e+05
   3.6737187e+05
   3.6821934e+05
   3.6889951e+05
   3.6930154e+05
   3.7103430e+05
   3.7192380e+05
   3.7254040e+05
   3.7293807e+05
   3.7336575e+05
   3.7518084e+05
   3.7572413e+05
   3.7617103e+05
   3.7651702e+05
   3.7689988e+05
   3.7786880e+05
   3.7868370e+05
   3.7894355e+05
   3.8083207e+05
   3.8121642e+05
   3.8152317e+05
   3.8198051e+05
   3.8265046e+05
   3.8296170e+05
   3.8330944e+05
   3.8360487e+05
   3.8641633e+05
   3.8697681e+05
   3.8755042e+05
   3.8809025e+05
   3.8847749e+05
   3.8904146e+05
   3.8943798e+05
   3.9010106e+05
   3.9051063e+05
   3.9197056e+05
   3.9265630e+05
   3.9359531e+05
   3.9477198e+05
   3.9533621e+05
   3.9593251e+05
   3.9649395e+05
   3.9676944e+05
   3.9723067e+05
   3.9746868e+05
   3.9768804e+05
   3.9794055e+05
   3.9947620e+05
   3.9996422e+05
   4.0090089e+05
   4.0111725e+05
   4.0134071e+05
   4.0165092e+05
   4.0199905e+05
   4.0220650e+05
   4.0244174e+05
   4.0267797e+05
   4.0317729e+05
   4.0334185e+05
   4.0414376e+05
   4.0435569e+05
   4.0473503e+05
   4.0497490e+05
   4.0538873e+05
   4.0575563e+05
   4.0608994e+05
   4.0625567e+05
   4.0658892e+05
   4.0682089e+05
   4.0733675e+05
   4.0776916e+05
   4.0796045e+05
   4.0816967e+05
   4.0831080e+05
   4.0851436e+05
   4.0872857e+05
   4.0892754e+05
   4.0908838e+05
   4.0960422e+05
   4.0978338e+05
   4.1003354e+05
   4.1030328e+05
   4.1042653e+05
   4.1063666e+05
   4.1081653e+05
   4.1098793e+05
   4.1116254e+05
   4.1135678e+05
   4.1149444e+05
   4.1179165e+05
   4.1208011e+05
   4.1231175e+05
   4.1245816e+05
   4.1291226e+05
   4.1311148e+05
   4.1326086e+05
   4.1345509e+05
   4.1361402e+05
   4.1380713e+05
   4.1399046e+05
   4.1459096e+05
   4.1494745e+05
   4.1532637e+05
   4.1559571e+05
   4.1587297e+05
   4.1604518e+05
   4.1735172e+05
   4.1851197e+05
   4.1900052e+05
   4.1936146e+05
   4.1970523e+05
   4.2116630e+05
   4.2498762e+05
   4.2821371e+05
   4.2879820e+05
   4.2937830e+05
   4.3068220e+05
   4.3134318e+05
   4.3160703e+05
   4.3205321e+05
   4.3246376e+05
   4.3322722e+05
   4.3394903e+05
   4.3433992e+05
   4.3476061e+05
   4.3500832e+05
   4.3576160e+05
   4.3611076e+05
   4.3681664e+05
   4.3760826e+05
   4.3833562e+05
   4.3874580e+05
   4.3905127e+05
   4.4025534e+05
   4.4073411e+05
   4.4106244e+05
   4.4197675e+05
   4.4264602e+05
   4.4297209e+05
   4.4388641e+05
   4.4434784e+05
   4.4461839e+05
   4.4547702e+05
   4.4602474e+05
   4.4634289e+05
   4.4653212e+05
   4.4684470e+05
   4.4893239e+05
   4.4952133e+05
   4.4979219e+05
   4.5015022e+05
   4.5059338e+05
   4.5123830e+05
   4.5260263e+05
   4.5294493e+05
   4.5322972e+05
   4.5382855e+05
   4.5409234e+05
   4.5433579e+05
   4.5472843e+05
   4.5517715e+05
   4.5596579e+05
   4.5648748e+05
   4.6040747e+05
   4.6052121e+05
   4.6074900e+05
   4.6093970e+05
   4.6118345e+05
   4.6141773e+05
   4.6155389e+05
   4.6172788e+05
   4.6187708e+05
   4.6201583e+05
   4.6226199e+05
   4.6242411e+05
   4.6263065e+05
   4.6312585e+05
   4.6335470e+05
   4.6349526e+05
   4.6385380e+05
   4.6398850e+05
   4.6420190e+05
   4.6436121e+05
   4.6449400e+05
   4.6465433e+05
   4.6493543e+05
   4.6519746e+05
   4.6534238e+05
   4.6549585e+05
   4.6574397e+05
   4.6599576e+05
   4.6627440e+05
   4.6660124e+05
   4.6677127e+05
   4.6694051e+05
   4.6740642e+05
   4.6781696e+05
   4.6795039e+05
   4.6815031e+05
   4.6835474e+05
   4.6852748e+05
   4.6870294e+05
   4.6888525e+05
   4.6910848e+05
   4.6927226e+05
   4.6947374e+05
   4.6969870e+05
   4.6991277e+05
   4.7003827e+05
   4.7019122e+05
   4.7050665e+05
   4.7069585e+05
   4.7083247e+05
   4.7096141e+05
   4.7115796e+05
   4.7139941e+05
   4.7161417e+05
   4.7177636e+05
   4.7190203e+05
   4.7208186e+05
   4.7225292e+05
   4.7249608e+05
   4.7261412e+05
   4.7275461e+05
   4.7290783e+05
   4.7309662e+05
   4.7329120e+05
   4.7343567e+05
   4.7355658e+05
   4.7372594e+05
   4.7391884e+05
   4.7443000e+05
   4.7481916e+05
   4.7574789e+05
   4.7605420e+05
   4.7718442e+05
   4.7778157e+05
   4.7857590e+05
   4.7977525e+05
   4.8026884e+05
   4.8083769e+05
   4.8144501e+05
   4.8176232e+05
   4.8200931e+05
   4.8251939e+05
   4.8289998e+05
   4.8561576e+05
   4.8612212e+05
   4.8861690e+05
   4.8929585e+05
   4.9013266e+05
   4.9049319e+05
   4.9128194e+05
   4.9199892e+05
   4.9225777e+05
   4.9288296e+05
   4.9316134e+05
   4.9414020e+05
   4.9501661e+05
   4.9601371e+05
   4.9641690e+05
   4.9689201e+05
   4.9752874e+05
   4.9857253e+05
   4.9963593e+05
   4.9982617e+05
   5.0803670e+05
   5.0881136e+05
   5.0918988e+05
   5.0947984e+05
   5.0971649e+05
   5.1044585e+05
   5.1096716e+05
   5.1163560e+05
   5.1207146e+05
   5.1236972e+05
   5.1273962e+05
   5.1307809e+05
   5.1780504e+05
   5.1815081e+05
   5.1834122e+05
   5.2017977e+05
   5.2045619e+05
   5.2063497e+05
   5.2115268e+05
   5.2133040e+05
   5.2175215e+05
   5.2208706e+05
   5.2227046e+05
   5.2256928e+05
   5.2274157e+05
   5.2300324e+05
   5.2318590e+05
   5.2349269e+05
   5.2371864e+05
   5.2399771e+05
   5.2431986e+05
   5.2455813e+05
   5.2942358e+05
   5.2960485e+05
   5.2976811e+05
   5.2997583e+05
   5.3013365e+05
   5.3029817e+05
   5.3048224e+05
   5.3062733e+05
   5.3086896e+05
   5.3108455e+05
   5.3134930e+05
   5.3159200e+05
   5.3211479e+05
   5.3226874e+05
   5.3244601e+05
   5.3270534e+05
   5.3289238e+05
   5.3312380e+05
   5.3335605e+05
   5.3354221e+05
   5.3366504e+05
   5.3379518e+05
   5.3395702e+05
   5.3427388e+05
   5.3463385e+05
   5.3481644e+05
   5.3513098e+05
   5.3531316e+05
   5.3549232e+05
   5.3583135e+05
   5.3599457e+05
   5.3617144e+05
   5.3632362e+05
   5.3681467e+05
   5.3697399e+05
   5.3713433e+05
   5.3728951e+05
   5.3743412e+05
   5.3765912e+05
   5.3788087e+05
   5.3805877e+05
   5.3833927e+05
   5.3861128e+05
   5.3881271e+05
   5.3903425e+05
   5.3920866e+05
   5.3947739e+05
   5.3965022e+05
   5.3977743e+05
   5.3988191e+05
   5.4099617e+05
   5.4161429e+05
   5.4183297e+05
   5.4353615e+05
   5.4826972e+05
   5.4856284e+05
   5.4938970e+05
   5.5293151e+05
   5.5344429e+05
   5.5385441e+05
   5.5446424e+05
   5.5483452e+05
   5.5525659e+05
   5.5565867e+05
   5.5600883e+05
   5.5627957e+05
   5.5698744e+05
   5.5772765e+05
   5.5812230e+05
   5.5857106e+05
   5.5892552e+05
   5.6063251e+05
   5.6173269e+05
   5.6210469e+05
   5.6243540e+05
   5.6314126e+05
   5.6360314e+05
   5.6383986e+05
   5.6456573e+05
   5.6479214e+05
   5.6524510e+05
   5.6572605e+05
   5.6613391e+05
   5.6782955e+05
   5.7031782e+05
   5.7077689e+05
   5.7109305e+05
   5.7182881e+05
   5.7225616e+05
   5.7277861e+05
   5.7344202e+05
   5.7567961e+05
   5.7724970e+05
   5.7752247e+05
   5.8020055e+05
   5.8037781e+05
   5.8081873e+05
   5.8106500e+05
   5.8122767e+05
   5.8150034e+05
   5.8174230e+05
   5.8205745e+05
   5.8221690e+05
   5.8237126e+05
   5.8259537e+05
   5.8287401e+05
   5.8310412e+05
   5.8331307e+05
   5.8351491e+05
   5.8376797e+05
   5.8394562e+05
   5.8417074e+05
   5.8438829e+05
   5.8463006e+05
   5.8481737e+05
   5.8506194e+05
   5.8550285e+05
   5.8581470e+05
   5.8625609e+05
   5.8643266e+05
   5.8670240e+05
   5.8685393e+05
   5.8720353e+05
   5.8737173e+05
   5.8761015e+05
   5.8803695e+05
   5.8821582e+05
   5.8837491e+05
   5.8860691e+05
   5.8878763e+05
   5.8892913e+05
   5.8924048e+05
   5.8938833e+05
   5.8955257e+05
   5.8978095e+05
   5.9000588e+05
   5.9014867e+05
   5.9031006e+05
   5.9048103e+05
   5.9068495e+05
   5.9092899e+05
   5.9113049e+05
   5.9128897e+05
   5.9144640e+05
   5.9161984e+05
   5.9181250e+05
   5.9198718e+05
   5.9239184e+05
   5.9256681e+05
   5.9280746e+05
   5.9298702e+05
   5.9327639e+05
   5.9353257e+05
   5.9375580e+05
   5.9393055e+05
   5.9425386e+05
   5.9449402e+05
   5.9477000e+05
   5.9493114e+05
   5.9514130e+05
   5.9542805e+05
   5.9572931e+05
   5.9601561e+05
   5.9627238e+05
   5.9678785e+05
   5.9696456e+05
   5.9717646e+05
   5.9731497e+05
   5.9749086e+05
   5.9771727e+05
   5.9798999e+05
   5.9835245e+05
   5.9873402e+05
   5.9910428e+05
   5.9929064e+05
   5.9968720e+05
   6.0081577e+05
   6.0130370e+05
   6.0160837e+05
   6.0193343e+05
   6.0228598e+05
   6.0294803e+05
   6.0400011e+05
   6.0494189e+05
   6.0557978e+05
   6.0585334e+05
   6.0629734e+05
   6.0690210e+05
   6.0719044e+05
   6.0751630e+05
   6.0812438e+05
   6.0897260e+05
   6.0932363e+05
   6.1269130e+05
   6.1335911e+05
   6.1371471e+05
   6.1449721e+05
   6.1493287e+05
   6.1543136e+05
   6.1592499e+05
   6.1631382e+05
   6.1673960e+05
   6.1918574e+05
   6.1957017e+05
   6.1994982e+05
   6.2152444e+05
   6.2961944e+05
   6.2987249e+05
   6.3027635e+05
   6.3080594e+05
   6.3493842e+05
   6.3540583e+05
   6.3629791e+05
   6.3655827e+05
   6.3716102e+05
   6.3750022e+05
   6.3777830e+05
   6.3827374e+05
   6.3868095e+05
   6.3897940e+05
   6.3976976e+05
   6.4018858e+05
   6.4047085e+05
   6.4260191e+05
   6.4332052e+05
   6.4356085e+05
   6.4378942e+05
   6.4410433e+05
   6.4449096e+05
   6.4746157e+05
   6.4825049e+05
   6.4909023e+05
   6.4950886e+05
   6.4987119e+05
   6.5033393e+05
   6.5074669e+05
   6.5101755e+05
   6.5120778e+05
   6.5157009e+05
   6.5329034e+05
   6.5375696e+05
   6.5415314e+05
   6.5510098e+05
   6.5566342e+05
   6.5635530e+05
   6.5845028e+05
   6.5868263e+05
   6.6040769e+05
   6.6070412e+05
   6.6095076e+05
   6.6144120e+05
   6.6182034e+05
   6.6228750e+05
   6.6369103e+05
   6.6404763e+05
   6.6439151e+05
   6.6540771e+05
   6.6827570e+05
   6.7024332e+05
   6.7058493e+05
   6.7088120e+05
   6.7231215e+05
   6.7286999e+05
   6.8069679e+05
   6.8106819e+05
   6.8146121e+05
   6.9235207e+05
   6.9271530e+05
   6.9382902e+05
   6.9439006e+05
   6.9479021e+05
   6.9527730e+05
   6.9590588e+05
   6.9677363e+05
   6.9831917e+05
   6.9861897e+05
   6.9888017e+05
   6.9922880e+05
   6.9963934e+05
   7.0716665e+05
   7.0792749e+05
   7.0859038e+05
   7.1160413e+05
   7.1253623e+05
   7.1281868e+05
   7.1369877e+05
   7.1455416e+05
   7.1508108e+05
   7.1555143e+05
   7.1600665e+05
   7.1659546e+05
   7.1686624e+05
   7.1736646e+05
   7.1781896e+05
   7.1817101e+05
   7.1881018e+05
   7.1991532e+05
   7.2042347e+05
   7.2107377e+05
   7.2124891e+05
   7.2153994e+05
   7.2208815e+05
   7.2340610e+05
   7.2362660e+05
   7.2401996e+05
   7.2591566e+05
   7.2612173e+05
   7.2639657e+05
   7.2657966e+05
   7.3149611e+05
   7.3172728e+05
   7.3255090e+05
   7.3275518e+05
   7.3327407e+05
   7.3381315e+05
   7.3405407e+05
   7.3493652e+05
   7.3538034e+05
   7.3554312e+05
   7.3610338e+05
   7.3652697e+05
   7.3712538e+05
   7.3803868e+05
   7.3826239e+05
   7.3850070e+05
   7.4943440e+05
   7.4960895e+05
   7.5014520e+05
   7.5038374e+05
   7.5056243e+05
   7.5106409e+05
   7.5164997e+05
   7.5721127e+05
   7.5829820e+05
   7.5866626e+05
   7.5889467e+05
   7.5935090e+05
   7.6001353e+05
   7.6023227e+05
   7.6048306e+05
   7.6073700e+05
   7.6104329e+05
   7.6119848e+05
   7.6165964e+05
   7.6190109e+05
   7.6206659e+05
   7.6229414e+05
   7.6266655e+05
   7.6281428e+05
   7.6303815e+05
   7.6326493e+05
   7.6401173e+05
   7.6428721e+05
   7.6465705e+05
   7.6481651e+05
   7.6502906e+05
   7.6522089e+05
   7.6546396e+05
   7.6565083e+05
   7.6634025e+05
   7.6647341e+05
   7.6671144e+05
   7.6694741e+05
   7.6756335e+05
   7.6782968e+05
   7.6810638e+05
   7.6821778e+05
   7.6842074e+05
   7.6872662e+05
   7.6934502e+05
   7.6956485e+05
   7.7046542e+05
   7.7060274e+05
   7.7075158e+05
   7.7106226e+05
   7.7124746e+05
   7.7136557e+05
   7.7155385e+05
   7.7172521e+05
   7.7197018e+05
   7.7252524e+05
   7.7268154e+05
   7.7284702e+05
   7.7312635e+05
   7.7336229e+05
   7.7358547e+05
   7.7370185e+05
   7.7396608e+05
   7.7443909e+05
   7.7472080e+05
   7.7499262e+05
   7.7527252e+05
   7.7565519e+05
   7.7589687e+05
   7.7604577e+05
   7.7622698e+05
   7.7655367e+05
   7.7673536e+05
   7.7694423e+05
   7.7716730e+05
   7.7728383e+05
   7.7740986e+05
   7.7767284e+05
   7.7785873e+05
   7.7887498e+05
   7.7907903e+05
   7.7945454e+05
   7.7963868e+05
   7.8055033e+05
   7.8090953e+05
   7.8165894e+05
   7.8187628e+05
   7.8366856e+05
   7.8734928e+05
   7.8962828e+05
   7.8986705e+05
   7.9058868e+05
   7.9180331e+05
   7.9206379e+05
   7.9279804e+05
   7.9357353e+05
   7.9376053e+05
   7.9842450e+05
   7.9864794e+05
   8.0035460e+05
   8.0096065e+05
   8.0123491e+05
   8.0156919e+05
   8.0223466e+05
   8.0252635e+05
   8.0282241e+05
   8.0315137e+05
   8.0348544e+05
   8.0360544e+05
   8.0396380e+05
   8.0440538e+05
   8.0479350e+05
   8.0507710e+05
   8.0660067e+05
   8.0681503e+05
   8.0710995e+05
   8.0727595e+05
   8.1024704e+05
   8.1081686e+05
   8.1122405e+05
   8.1149181e+05
   8.1180284e+05
   8.2015859e+05
   8.2036996e+05
   8.2049535e+05
   8.2066017e+05
   8.2091352e+05
   8.2109582e+05
   8.2125778e+05
   8.2138738e+05
   8.2158353e+05
   8.2198776e+05
   8.2212818e+05
   8.2227126e+05
   8.2242241e+05
   8.2272978e+05
   8.2285753e+05
   8.2304329e+05
   8.2318114e+05
   8.2347729e+05
   8.2365517e+05
   8.2385800e+05
   8.2397992e+05
   8.2429157e+05
   8.2442986e+05
   8.2458888e+05
   8.2471438e+05
   8.2495257e+05
   8.2515389e+05
   8.2529015e+05
   8.2578110e+05
   8.2600861e+05
   8.2620343e+05
   8.2634588e+05
   8.2646927e+05
   8.2659110e+05
   8.2671116e+05
   8.2687412e+05
   8.2743552e+05
   8.2756526e+05
   8.2771586e+05
   8.2793459e+05
   8.2809196e+05
   8.2836701e+05
   8.2868908e+05
   8.2885341e+05
   8.2897876e+05
   8.2914451e+05
   8.2936025e+05
   8.2955046e+05
   8.2976345e+05
   8.2988982e+05
   8.3010235e+05
   8.3034163e+05
   8.3058886e+05
   8.3079409e+05
   8.3097617e+05
   8.3119713e+05
   8.3148174e+05
   8.3173313e+05
   8.3186851e+05
   8.3203211e+05
   8.3229094e+05
   8.3244833e+05
   8.3259836e+05
   8.3279435e+05
   8.3296138e+05
   8.3330345e+05
   8.3344009e+05
   8.3363221e+05
   8.3389409e+05
   8.3423973e+05
   8.3440985e+05
   8.3456855e+05
   8.3481962e+05
   8.3504913e+05
   8.3525721e+05
   8.3593195e+05
   8.3634505e+05
   8.3654191e+05
   8.3675143e+05
   8.3712950e+05
   8.3730780e+05
   8.3774814e+05
   8.3790323e+05
   8.3806390e+05
   8.3825694e+05
   8.3850860e+05
   8.3875714e+05
   8.3891353e+05
   8.3910812e+05
   8.3941394e+05
   8.3989426e+05
   8.4022860e+05
   8.4038333e+05
   8.4094858e+05
   8.4113470e+05
   8.4170974e+05
   8.4228747e+05
   8.4320456e+05
   8.4390019e+05
   8.4419825e+05
   8.4465459e+05
   8.4494326e+05
   8.4573149e+05
   8.4672951e+05
   8.4703300e+05
   8.4807400e+05
   8.4886096e+05
   8.4916095e+05
   8.4957138e+05
   8.5092429e+05
   8.5305968e+05
   8.5352816e+05
   8.5422594e+05
   8.5534283e+05
   8.5587434e+05
   8.5654120e+05
   8.5688007e+05
   8.5716077e+05
   8.5734027e+05
   8.5777988e+05
   8.5809084e+05
   8.6415396e+05
   8.6433499e+05
   8.6901057e+05
   8.6931064e+05
   8.6984663e+05
   8.7023311e+05
   8.7106454e+05
   8.7175727e+05
   8.7213697e+05
   8.7265793e+05
   8.7442832e+05
   8.7472913e+05
   8.7531893e+05
   8.7562892e+05
   8.7590905e+05
   8.7675725e+05
   8.7943731e+05
   8.7971142e+05
   8.7999865e+05
   8.8015400e+05
   8.8038773e+05
   8.8069614e+05
   8.8085056e+05
   8.8097240e+05
   8.8105198e+05
   8.8124247e+05
   8.8139645e+05
   8.8166463e+05
   8.8176041e+05
   8.8186657e+05
   8.8196662e+05
   8.8214058e+05
   8.8228043e+05
   8.8243025e+05
   8.8261417e+05
   8.8272716e+05
   8.8306187e+05
   8.8317054e+05
   8.8329421e+05
   8.8343147e+05
   8.8398582e+05
   8.8408526e+05
   8.8431788e+05
   8.8444178e+05
   8.8463914e+05
   8.8501297e+05
   8.8514202e+05
   8.8535500e+05
   8.8574211e+05
   8.8606081e+05
   8.8618810e+05
   8.8644998e+05
   8.8658420e+05
   8.8691386e+05
   8.8729292e+05
   8.8747604e+05
   8.8761042e+05
   8.8781780e+05
   8.8861344e+05
   8.8885453e+05
   8.8923693e+05
   8.8939472e+05
   8.8952901e+05
   8.8994847e+05
   8.9012146e+05
   8.9036136e+05
   8.9092246e+05
   8.9107135e+05
   8.9124342e+05
   8.9161152e+05
   8.9193358e+05
   8.9236537e+05
   8.9253792e+05
   8.9268548e+05
   8.9293620e+05
   8.9329628e+05
   8.9346579e+05
   8.9361776e+05
   8.9393845e+05
   8.9444544e+05
   8.9458492e+05
   8.9473494e+05
   8.9489309e+05
   8.9517734e+05
   8.9553805e+05
   8.9600877e+05
   8.9618656e+05
   8.9632070e+05
   8.9652937e+05
   8.9707520e+05
   8.9772805e+05
   8.9800056e+05
   8.9814449e+05
   8.9825867e+05
   8.9839786e+05
   8.9855006e+05
   8.9869374e+05
   8.9885942e+05
   8.9908878e+05
   8.9930285e+05
   8.9944572e+05
   8.9969984e+05
   8.9985644e+05
   9.0041569e+05
   9.0258423e+05
   9.0305774e+05
   9.0330459e+05
   9.0426995e+05
   9.0472878e+05
   9.0554903e+05
   9.0695604e+05
   9.0749140e+05
   9.0885933e+05
   9.0910763e+05
   9.0929177e+05
   9.0975710e+05
   9.1050787e+05
   9.1109629e+05
   9.1187627e+05
   9.1290178e+05
   9.1343191e+05
   9.1376399e+05
   9.1396493e+05
   9.1431908e+05
   9.4011774e+05
   9.4030821e+05
   9.4049031e+05
   9.4061339e+05
   9.4085510e+05
   9.4113703e+05
   9.4133528e+05
   9.4144726e+05
   9.4160443e+05
   9.4174031e+05
   9.4185912e+05
   9.4215016e+05
   9.4260550e+05
   9.4273500e+05
   9.4284071e+05
   9.4297414e+05
   9.4308194e+05
   9.4318180e+05
   9.4329903e+05
   9.4340456e+05
   9.4406196e+05
   9.4421194e+05
   9.4432733e+05
   9.4448860e+05
   9.4465129e+05
   9.4475489e+05
   9.4483883e+05
   9.4503044e+05
   9.4515721e+05
   9.4532157e+05
   9.4571850e+05
   9.4600133e+05
   9.4620072e+05
   9.4634752e+05
   9.4656583e+05
   9.4680618e+05
   9.4694501e+05
   9.4732428e+05
   9.4746284e+05
   9.4759454e+05
   9.4771722e+05
   9.4786082e+05
   9.4798468e+05
   9.4836784e+05
   9.4847081e+05
   9.4857487e+05
   9.4874608e+05
   9.4887820e+05
   9.4944781e+05
   9.4958372e+05
   9.4975735e+05
   9.4991382e+05
   9.5007554e+05
   9.5034850e+05
   9.5049208e+05
   9.5075836e+05
   9.5095380e+05
   9.5108810e+05
   9.5138779e+05
   9.5159752e+05
   9.5173963e+05
   9.5189527e+05
   9.5208858e+05
   9.5224493e+05
   9.5244282e+05
   9.5260099e+05
   9.5273838e+05
   9.5289271e+05
   9.5317077e+05
   9.5346802e+05
   9.5363527e+05
   9.5382148e+05
   9.5424690e+05
   9.5473215e+05
   9.5540239e+05
   9.5555424e+05
   9.5578976e+05
   9.5603727e+05
   9.5620170e+05
   9.5632884e+05
   9.5644929e+05
   9.5668046e+05
   9.5681492e+05
   9.5698494e+05
   9.5715213e+05
   9.5728149e+05
   9.5752043e+05
   9.5781080e+05
   9.5799217e+05
   9.5814232e+05
   9.5826401e+05
   9.5843774e+05
   9.5855266e+05
   9.5868813e+05
   9.5879488e+05
   9.5896445e+05
   9.5920903e+05
   9.5937527e+05
   9.5953424e+05
   9.6025370e+05
   9.6052255e+05
   9.6093172e+05
   9.6120739e+05
   9.6148071e+05
   9.6336979e+05
   9.6359153e+05
   9.6393301e+05
   9.6433839e+05
   9.6454100e+05
   9.6475409e+05
   9.6513442e+05
   9.6598568e+05
   9.6685655e+05
   9.9172744e+05
   9.9194755e+05
   9.9263103e+05
   9.9288180e+05
   9.9391929e+05
   9.9419158e+05
   9.9470754e+05
   9.9540853e+05
   1.0001665e+06
   1.0003253e+06
   1.0004165e+06
   1.0006275e+06
   1.0009802e+06
   1.0012076e+06
   1.0013493e+06
   1.0017122e+06
   1.0019276e+06
   1.0020776e+06
   1.0023880e+06
   1.0025502e+06
   1.0026844e+06
   1.0028440e+06
   1.0029768e+06
   1.0031766e+06
   1.0032958e+06
   1.0034338e+06
   1.0035560e+06
   1.0036902e+06
   1.0038601e+06
   1.0040470e+06
   1.0042067e+06
   1.0045252e+06
   1.0047063e+06
   1.0048522e+06
   1.0050186e+06
   1.0052194e+06
   1.0053254e+06
   1.0055105e+06
   1.0056669e+06
   1.0057991e+06
   1.0059386e+06
   1.0060947e+06
   1.0062176e+06
   1.0064226e+06
   1.0065658e+06
   1.0066707e+06
   1.0068615e+06
   1.0075356e+06
   1.0076182e+06
   1.0077738e+06
   1.0078745e+06
   1.0080956e+06
   1.0089469e+06
   1.0091082e+06
   1.0092954e+06
   1.0095156e+06
   1.0098146e+06
   1.0099981e+06
   1.0101802e+06
   1.0106412e+06
   1.0108051e+06
   1.0109830e+06
   1.0111776e+06
   1.0117716e+06
   1.0119695e+06
   1.0120755e+06
   1.0122804e+06
   1.0124624e+06
   1.0126153e+06
   1.0127599e+06
   1.0129349e+06
   1.0131664e+06
   1.0133519e+06
   1.0135963e+06
   1.0137513e+06
   1.0139431e+06
   1.0153050e+06
   1.0154755e+06
   1.0156165e+06
   1.0157476e+06
   1.0160237e+06
   1.0161793e+06
   1.0164656e+06
   1.0165579e+06
   1.0167349e+06
   1.0168675e+06
   1.0170325e+06
   1.0172017e+06
   1.0174337e+06
   1.0175957e+06
   1.0179564e+06
   1.0182349e+06
   1.0183491e+06
   1.0188859e+06
   1.0189973e+06
   1.0192458e+06
   1.0193839e+06
   1.0195353e+06
   1.0197535e+06
   1.0198746e+06
   1.0203687e+06
   1.0205848e+06
   1.0210105e+06
   1.0213883e+06
   1.0218252e+06
   1.0231788e+06
   1.0237455e+06
   1.0261617e+06
   1.0271116e+06
   1.0273476e+06
   1.0277015e+06
   1.0280871e+06
   1.0284343e+06
   1.0289018e+06
   1.0311689e+06
   1.0318980e+06
   1.0323753e+06
   1.0334907e+06
   1.0344236e+06
   1.0348070e+06
   1.0366763e+06
   1.0368471e+06
   1.0404182e+06
   1.0412270e+06
   1.0416746e+06
   1.0420956e+06
   1.0422593e+06
   1.0439121e+06
   1.0444172e+06
   1.0446457e+06
   1.0455254e+06
   1.0461619e+06
   1.0470568e+06
   1.0473680e+06
   1.0477149e+06
   1.0480471e+06
   1.0482774e+06
   1.0495782e+06
   1.0504088e+06
   1.0511673e+06
   1.0514143e+06
   1.0515714e+06
   1.0601388e+06
   1.0602864e+06
   1.0604982e+06
   1.0607007e+06
   1.0608066e+06
   1.0609342e+06
   1.0610860e+06
   1.0612310e+06
   1.0613474e+06
   1.0615046e+06
   1.0617207e+06
   1.0619008e+06
   1.0620237e+06
   1.0621746e+06
   1.0623215e+06
   1.0625477e+06
   1.0627516e+06
   1.0629456e+06
   1.0630556e+06
   1.0632012e+06
   1.0642336e+06
   1.0643875e+06
   1.0645406e+06
   1.0646964e+06
   1.0650301e+06
   1.0651825e+06
   1.0653969e+06
   1.0656226e+06
   1.0657857e+06
   1.0659430e+06
   1.0661285e+06
   1.0662870e+06
   1.0664143e+06
   1.0665437e+06
   1.0667439e+06
   1.0668635e+06
   1.0671912e+06
   1.0673781e+06
   1.0675554e+06
   1.0678190e+06
   1.0680109e+06
   1.0681246e+06
   1.0682533e+06
   1.0683834e+06
   1.0685093e+06
   1.0686431e+06
   1.0688168e+06
   1.0690844e+06
   1.0691993e+06
   1.0693376e+06
   1.0694772e+06
   1.0697038e+06
   1.0697758e+06
   1.0699098e+06
   1.0700396e+06
   1.0701584e+06
   1.0703454e+06
   1.0704655e+06
   1.0705928e+06
   1.0707295e+06
   1.0708603e+06
   1.0709954e+06
   1.0711075e+06
   1.0712461e+06
   1.0714849e+06
   1.0716873e+06
   1.0718364e+06
   1.0723051e+06
   1.0723968e+06
   1.0725290e+06
   1.0726755e+06
   1.0728357e+06
   1.0729645e+06
   1.0731566e+06
   1.0733261e+06
   1.0735560e+06
   1.0737007e+06
   1.0738300e+06
   1.0748919e+06
   1.0750713e+06
   1.0752199e+06
   1.0754313e+06
   1.0756385e+06
   1.0757784e+06
   1.0760287e+06
   1.0763100e+06
   1.0765435e+06
   1.0767494e+06
   1.0768802e+06
   1.0771876e+06
   1.0774041e+06
   1.0775238e+06
   1.0776204e+06
   1.0778693e+06
   1.0781060e+06
   1.0783424e+06
   1.0788714e+06
   1.0790455e+06
   1.0791847e+06
   1.0792911e+06
   1.0794480e+06
   1.0795488e+06
   1.0797847e+06
   1.0799246e+06
   1.0805751e+06
   1.0807604e+06
   1.0811947e+06
   1.0814228e+06
   1.0820654e+06
   1.0830243e+06
   1.0833453e+06
   1.0844947e+06
   1.0848398e+06
   1.0859988e+06
   1.0862626e+06
   1.0864560e+06
   1.0868339e+06
   1.0871649e+06
   1.0877877e+06
   1.0881670e+06
   1.0891407e+06
   1.0894209e+06
   1.0898397e+06
   1.0902962e+06
   1.0905265e+06
   1.0908274e+06
   1.0911071e+06
   1.0914995e+06
   1.0927152e+06
   1.0931659e+06
   1.0940171e+06
   1.0945227e+06
   1.0948380e+06
   1.0950826e+06
   1.0955464e+06
   1.0963583e+06
   1.0969566e+06
   1.0998289e+06
   1.1019197e+06
   1.1021780e+06
   1.1027409e+06
   1.1029324e+06
   1.1090888e+06
   1.1094944e+06
   1.1101700e+06
   1.1104352e+06
   1.1106202e+06
   1.1139141e+06
   1.1158835e+06
   1.1164555e+06
   1.1182409e+06
   1.1185631e+06
   1.1187835e+06
   1.1189790e+06
   1.1198454e+06
   1.1201538e+06
   1.1202791e+06
   1.1203771e+06
   1.1204922e+06
   1.1205938e+06
   1.1207281e+06
   1.1208405e+06
   1.1211556e+06
   1.1212730e+06
   1.1214799e+06
   1.1216100e+06
   1.1219173e+06
   1.1220183e+06
   1.1221459e+06
   1.1223284e+06
   1.1224563e+06
   1.1225684e+06
   1.1227010e+06
   1.1228470e+06
   1.1229638e+06
   1.1231371e+06
   1.1232760e+06
   1.1235531e+06
   1.1236643e+06
   1.1237467e+06
   1.1238928e+06
   1.1239994e+06
   1.1240850e+06
   1.1242807e+06
   1.1243864e+06
   1.1245490e+06
   1.1246732e+06
   1.1247646e+06
   1.1248955e+06
   1.1250801e+06
   1.1252229e+06
   1.1253275e+06
   1.1255332e+06
   1.1256696e+06
   1.1258281e+06
   1.1260958e+06
   1.1261961e+06
   1.1263620e+06
   1.1265188e+06
   1.1267668e+06
   1.1269016e+06
   1.1271674e+06
   1.1273229e+06
   1.1274137e+06
   1.1275416e+06
   1.1277357e+06
   1.1279215e+06
   1.1281152e+06
   1.1283135e+06
   1.1285453e+06
   1.1286874e+06
   1.1288646e+06
   1.1289978e+06
   1.1291449e+06
   1.1293034e+06
   1.1294175e+06
   1.1295854e+06
   1.1297328e+06
   1.1298389e+06
   1.1299964e+06
   1.1300889e+06
   1.1302387e+06
   1.1303761e+06
   1.1304870e+06
   1.1306332e+06
   1.1307414e+06
   1.1308834e+06
   1.1310257e+06
   1.1311982e+06
   1.1313001e+06
   1.1314264e+06
   1.1315516e+06
   1.1317058e+06
   1.1318193e+06
   1.1319484e+06
   1.1320816e+06
   1.1322330e+06
   1.1323538e+06
   1.1324536e+06
   1.1325480e+06
   1.1328334e+06
   1.1329310e+06
   1.1331190e+06
   1.1332402e+06
   1.1334189e+06
   1.1336357e+06
   1.1338038e+06
   1.1339350e+06
   1.1341564e+06
   1.1343104e+06
   1.1344873e+06
   1.1346745e+06
   1.1348158e+06
   1.1349389e+06
   1.1351262e+06
   1.1353596e+06
   1.1354742e+06
   1.1356495e+06
   1.1357555e+06
   1.1358732e+06
   1.1361186e+06
   1.1363661e+06
   1.1364957e+06
   1.1366764e+06
   1.1368989e+06
   1.1370544e+06
   1.1372570e+06
   1.1374934e+06
   1.1380178e+06
   1.1381305e+06
   1.1382362e+06
   1.1384338e+06
   1.1385487e+06
   1.1387061e+06
   1.1388488e+06
   1.1390162e+06
   1.1393745e+06
   1.1395537e+06
   1.1396920e+06
   1.1397860e+06
   1.1398997e+06
   1.1399998e+06
   1.1418374e+06
   1.1432885e+06
   1.1437388e+06
   1.1441748e+06
   1.1444030e+06
   1.1447353e+06
   1.1451259e+06
   1.1800874e+06
   1.1802254e+06
   1.1803218e+06
   1.1804274e+06
   1.1805315e+06
   1.1806272e+06
   1.1807082e+06
   1.1808726e+06
   1.1810968e+06
   1.1812193e+06
   1.1813525e+06
   1.1814723e+06
   1.1816310e+06
   1.1817485e+06
   1.1819303e+06
   1.1820680e+06
   1.1822095e+06
   1.1823104e+06
   1.1824779e+06
   1.1826075e+06
   1.1828823e+06
   1.1829891e+06
   1.1832644e+06
   1.1833766e+06
   1.1835600e+06
   1.1836472e+06
   1.1837758e+06
   1.1839244e+06
   1.1840508e+06
   1.1841503e+06
   1.1843020e+06
   1.1844095e+06
   1.1845711e+06
   1.1846956e+06
   1.1848114e+06
   1.1849245e+06
   1.1850276e+06
   1.1851360e+06
   1.1852903e+06
   1.1854159e+06
   1.1855598e+06
   1.1856892e+06
   1.1858207e+06
   1.1861450e+06
   1.1862517e+06
   1.1864382e+06
   1.1865728e+06
   1.1867320e+06
   1.1868647e+06
   1.1869883e+06
   1.1872790e+06
   1.1873654e+06
   1.1874841e+06
   1.1876173e+06
   1.1883879e+06
   1.1886291e+06
   1.1888197e+06
   1.1890647e+06
   1.1891805e+06
   1.1892898e+06
   1.1895245e+06
   1.1896066e+06
   1.1898116e+06
   1.1899452e+06
   1.1901225e+06
   1.1902829e+06
   1.1903862e+06
   1.1905518e+06
   1.1906696e+06
   1.1907607e+06
   1.1908581e+06
   1.1909968e+06
   1.1911244e+06
   1.1913027e+06
   1.1914585e+06
   1.1916208e+06
   1.1917443e+06
   1.1919283e+06
   1.1922598e+06
   1.1925645e+06
   1.1927249e+06
   1.1929377e+06
   1.1931245e+06
   1.1932547e+06
   1.1933498e+06
   1.1934665e+06
   1.1936090e+06
   1.1936885e+06
   1.1938326e+06
   1.1939601e+06
   1.1942776e+06
   1.1943894e+06
   1.1944904e+06
   1.1945877e+06
   1.1947444e+06
   1.1948547e+06
   1.1950182e+06
   1.1951927e+06
   1.1953104e+06
   1.1954309e+06
   1.1955518e+06
   1.1957439e+06
   1.1958911e+06
   1.1960134e+06
   1.1961131e+06
   1.1962648e+06
   1.1963678e+06
   1.1964871e+06
   1.1966103e+06
   1.1967120e+06
   1.1969170e+06
   1.1970811e+06
   1.1972350e+06
   1.1973349e+06
   1.1974198e+06
   1.1975379e+06
   1.1976534e+06
   1.1978006e+06
   1.1979291e+06
   1.1981072e+06
   1.1982662e+06
   1.1984083e+06
   1.1985364e+06
   1.1987802e+06
   1.1989446e+06
   1.1991282e+06
   1.1992803e+06
   1.1994326e+06
   1.1996604e+06
   1.1997643e+06
   1.1999868e+06
   1.2002093e+06
   1.2003860e+06
   1.2010501e+06
   1.2014877e+06
   1.2017320e+06
   1.2026366e+06
   1.2028754e+06
   1.2033003e+06
   1.2037452e+06
   1.2043867e+06
   1.2050148e+06
   1.2054148e+06
   1.2057851e+06
   1.2061879e+06
   1.2067964e+06
   1.2072197e+06
   1.2091845e+06
   1.2096182e+06
   1.2099671e+06
   1.2103789e+06
   1.2107373e+06
   1.2114847e+06
   1.2120602e+06
   1.2123053e+06
   1.2126386e+06
   1.2130919e+06
   1.2137166e+06
   1.2139496e+06
   1.2143030e+06
   1.2150246e+06
   1.2158360e+06
   1.2160979e+06
   1.2192376e+06
   1.2194932e+06
   1.2197711e+06
   1.2205101e+06
   1.2208378e+06
   1.2211325e+06
   1.2227051e+06
   1.2231494e+06
   1.2236499e+06
   1.2242809e+06
   1.2244770e+06
   1.2248736e+06
   1.2260029e+06
   1.2262041e+06
   1.2276076e+06
   1.2327445e+06
   1.2328827e+06
   1.2334301e+06
   1.2343691e+06
   1.2346965e+06
   1.2351069e+06
   1.2363717e+06
   1.2368772e+06
   1.2371945e+06
   1.2379584e+06
   1.2391406e+06
   1.2397034e+06
   1.2401416e+06
   1.2402658e+06
   1.2403698e+06
   1.2404629e+06
   1.2405576e+06
   1.2407086e+06
   1.2409179e+06
   1.2410811e+06
   1.2412008e+06
   1.2413145e+06
   1.2414971e+06
   1.2416098e+06
   1.2416989e+06
   1.2417901e+06
   1.2419071e+06
   1.2420074e+06
   1.2421458e+06
   1.2422641e+06
   1.2423809e+06
   1.2424645e+06
   1.2425762e+06
   1.2427000e+06
   1.2429889e+06
   1.2431295e+06
   1.2432295e+06
   1.2433435e+06
   1.2434789e+06
   1.2435815e+06
   1.2438228e+06
   1.2439275e+06
   1.2440408e+06
   1.2441964e+06
   1.2443088e+06
   1.2444145e+06
   1.2445249e+06
   1.2447094e+06
   1.2447915e+06
   1.2448762e+06
   1.2450237e+06
   1.2451160e+06
   1.2452292e+06
   1.2453382e+06
   1.2455206e+06
   1.2457289e+06
   1.2458326e+06
   1.2459696e+06
   1.2461335e+06
   1.2462463e+06
   1.2463415e+06
   1.2464426e+06
   1.2466151e+06
   1.2467631e+06
   1.2468608e+06
   1.2469420e+06
   1.2473172e+06
   1.2474746e+06
   1.2475889e+06
   1.2476936e+06
   1.2477981e+06
   1.2479254e+06
   1.2480894e+06
   1.2482605e+06
   1.2483542e+06
   1.2485746e+06
   1.2487301e+06
   1.2488311e+06
   1.2490307e+06
   1.2491280e+06
   1.2492337e+06
   1.2493498e+06
   1.2494874e+06
   1.2496666e+06
   1.2498409e+06
   1.2499481e+06
   1.2500499e+06
   1.2501598e+06
   1.2505443e+06
   1.2506994e+06
   1.2508130e+06
   1.2509017e+06
   1.2509799e+06
   1.2511114e+06
   1.2512461e+06
   1.2514380e+06
   1.2515105e+06
   1.2516457e+06
   1.2517595e+06
   1.2518591e+06
   1.2519850e+06
   1.2521919e+06
   1.2524141e+06
   1.2526161e+06
   1.2527549e+06
   1.2529024e+06
   1.2530250e+06
   1.2531981e+06
   1.2534062e+06
   1.2535166e+06
   1.2536474e+06
   1.2537558e+06
   1.2538790e+06
   1.2541952e+06
   1.2543256e+06
   1.2544562e+06
   1.2545706e+06
   1.2547523e+06
   1.2549673e+06
   1.2550786e+06
   1.2551786e+06
   1.2553871e+06
   1.2555112e+06
   1.2556591e+06
   1.2557834e+06
   1.2559141e+06
   1.2560348e+06
   1.2562025e+06
   1.2563231e+06
   1.2564807e+06
   1.2566064e+06
   1.2567208e+06
   1.2568755e+06
   1.2570011e+06
   1.2570992e+06
   1.2572222e+06
   1.2573731e+06
   1.2576662e+06
   1.2581022e+06
   1.2581900e+06
   1.2583370e+06
   1.2585248e+06
   1.2586939e+06
   1.2587873e+06
   1.2589528e+06
   1.2590735e+06
   1.2592160e+06
   1.2593472e+06
   1.2594547e+06
   1.2595804e+06
   1.2597790e+06
   1.2598883e+06
   1.2599768e+06
   1.2603080e+06
   1.2604608e+06
   1.2607376e+06
   1.2609661e+06
   1.2613121e+06
   1.2627864e+06
   1.2629295e+06
   1.2632625e+06
   1.2634332e+06
   1.2637714e+06
   1.2640369e+06
   1.2647706e+06
   1.2650242e+06
   1.2652235e+06
   1.2653938e+06
   1.2656618e+06
   1.2659808e+06
   1.2665769e+06
   1.2670372e+06
   1.2674174e+06
   1.2681381e+06
   1.2689762e+06
   1.2694003e+06
   1.2700920e+06
   1.2706568e+06
   1.2711980e+06
   1.2713820e+06
   1.2715749e+06
   1.2724572e+06
   1.2727054e+06
   1.2729974e+06
   1.2735034e+06
   1.2737637e+06
   1.2747146e+06
   1.2751521e+06
   1.2758216e+06
   1.2774812e+06
   1.2807974e+06
   1.2809474e+06
   1.2812229e+06
   1.2815845e+06
   1.2821662e+06
   1.2827256e+06
   1.2842932e+06
   1.2850677e+06
   1.2855115e+06
   1.2859088e+06
   1.2861172e+06
   1.2868259e+06
   1.2874858e+06
   1.2882407e+06
   1.2885478e+06
   1.2888610e+06
   1.2892666e+06
   1.2894815e+06
   1.2898930e+06
   1.2901541e+06
   1.2912822e+06
   1.2915607e+06
   1.2920426e+06
   1.2962045e+06
   1.2974328e+06
   1.2977222e+06
   1.2981827e+06
   1.2986113e+06
   1.2989339e+06
   1.2998539e+06
   1.3001106e+06
   1.3002069e+06
   1.3002889e+06
   1.3004106e+06
   1.3005533e+06
   1.3006564e+06
   1.3007671e+06
   1.3009039e+06
   1.3009824e+06
   1.3011172e+06
   1.3012101e+06
   1.3013213e+06
   1.3014332e+06
   1.3015750e+06
   1.3016599e+06
   1.3018143e+06
   1.3019415e+06
   1.3020773e+06
   1.3021835e+06
   1.3023073e+06
   1.3024692e+06
   1.3025681e+06
   1.3027564e+06
   1.3029080e+06
   1.3030200e+06
   1.3031611e+06
   1.3032717e+06
   1.3033807e+06
   1.3034973e+06
   1.3036507e+06
   1.3037305e+06
   1.3039385e+06
   1.3040256e+06
   1.3041700e+06
   1.3042628e+06
   1.3043651e+06
   1.3044890e+06
   1.3045882e+06
   1.3047510e+06
   1.3048849e+06
   1.3049851e+06
   1.3050861e+06
   1.3051941e+06
   1.3053666e+06
   1.3054611e+06
   1.3055385e+06
   1.3056721e+06
   1.3057730e+06
   1.3058790e+06
   1.3059942e+06
   1.3061097e+06
   1.3062479e+06
   1.3063536e+06
   1.3064307e+06
   1.3065559e+06
   1.3066339e+06
   1.3067056e+06
   1.3068039e+06
   1.3069099e+06
   1.3071478e+06
   1.3072711e+06
   1.3073650e+06
   1.3075752e+06
   1.3077050e+06
   1.3078091e+06
   1.3079472e+06
   1.3080865e+06
   1.3081915e+06
   1.3083003e+06
   1.3084386e+06
   1.3085926e+06
   1.3087003e+06
   1.3088414e+06
   1.3089349e+06
   1.3090874e+06
   1.3092014e+06
   1.3093026e+06
   1.3097631e+06
   1.3099041e+06
   1.3100355e+06
   1.3101900e+06
   1.3103327e+06
   1.3104681e+06
   1.3105893e+06
   1.3107113e+06
   1.3107980e+06
   1.3109248e+06
   1.3110209e+06
   1.3111658e+06
   1.3112826e+06
   1.3114087e+06
   1.3115090e+06
   1.3116797e+06
   1.3117756e+06
   1.3118705e+06
   1.3119972e+06
   1.3121611e+06
   1.3123313e+06
   1.3124408e+06
   1.3126645e+06
   1.3128027e+06
   1.3130003e+06
   1.3131421e+06
   1.3132604e+06
   1.3133811e+06
   1.3135153e+06
   1.3136239e+06
   1.3137620e+06
   1.3138934e+06
   1.3141363e+06
   1.3143291e+06
   1.3144118e+06
   1.3145131e+06
   1.3146448e+06
   1.3147820e+06
   1.3149045e+06
   1.3150125e+06
   1.3151668e+06
   1.3174396e+06
   1.3175138e+06
   1.3176224e+06
   1.3177727e+06
   1.3179012e+06
   1.3179903e+06
   1.3181844e+06
   1.3183075e+06
   1.3183916e+06
   1.3186085e+06
   1.3186900e+06
   1.3188558e+06
   1.3189724e+06
   1.3190862e+06
   1.3192251e+06
   1.3193228e+06
   1.3194722e+06
   1.3197015e+06
   1.3197954e+06
   1.3199550e+06
   1.3203237e+06
   1.3223038e+06
   1.3227569e+06
   1.3233011e+06
   1.3237134e+06
   1.3248790e+06
   1.3255094e+06
   1.3274815e+06
   1.3279041e+06
   1.3282651e+06
   1.3285970e+06
   1.3287497e+06
   1.3290903e+06
   1.3292569e+06
   1.3314243e+06
   1.3332407e+06
   1.3334024e+06
   1.3340865e+06
   1.3346580e+06
   1.3349117e+06
   1.3359477e+06
   1.3366014e+06
   1.3369207e+06
   1.3374595e+06
   1.3379575e+06
   1.3383368e+06
   1.3386815e+06
   1.3403378e+06
   1.3411346e+06
   1.3415308e+06
   1.3416830e+06
   1.3419252e+06
   1.3421369e+06
   1.3422845e+06
   1.3439907e+06
   1.3444249e+06
   1.3446157e+06
   1.3489962e+06
   1.3503630e+06
   1.3506684e+06
   1.3509933e+06
   1.3601055e+06
   1.3601936e+06
   1.3602950e+06
   1.3604230e+06
   1.3605588e+06
   1.3606926e+06
   1.3607997e+06
   1.3608926e+06
   1.3610522e+06
   1.3611758e+06
   1.3612686e+06
   1.3613644e+06
   1.3615026e+06
   1.3616238e+06
   1.3617658e+06
   1.3618935e+06
   1.3620796e+06
   1.3622096e+06
   1.3623253e+06
   1.3624441e+06
   1.3625471e+06
   1.3626464e+06
   1.3627409e+06
   1.3628297e+06
   1.3629209e+06
   1.3630330e+06
   1.3631672e+06
   1.3632506e+06
   1.3633551e+06
   1.3634405e+06
   1.3635633e+06
   1.3636319e+06
   1.3637278e+06
   1.3638035e+06
   1.3639147e+06
   1.3640014e+06
   1.3641122e+06
   1.3641980e+06
   1.3642892e+06
   1.3644197e+06
   1.3645148e+06
   1.3646854e+06
   1.3647948e+06
   1.3649491e+06
   1.3650584e+06
   1.3651532e+06
   1.3652644e+06
   1.3653555e+06
   1.3654501e+06
   1.3655398e+06
   1.3656466e+06
   1.3657540e+06
   1.3658474e+06
   1.3659873e+06
   1.3661155e+06
   1.3662352e+06
   1.3663883e+06
   1.3664849e+06
   1.3666465e+06
   1.3667280e+06
   1.3668354e+06
   1.3669416e+06
   1.3671955e+06
   1.3672992e+06
   1.3673916e+06
   1.3675110e+06
   1.3676472e+06
   1.3677622e+06
   1.3678945e+06
   1.3679921e+06
   1.3680836e+06
   1.3682026e+06
   1.3683317e+06
   1.3684522e+06
   1.3685749e+06
   1.3686947e+06
   1.3688181e+06
   1.3689344e+06
   1.3690664e+06
   1.3692065e+06
   1.3692977e+06
   1.3693942e+06
   1.3695124e+06
   1.3696592e+06
   1.3697702e+06
   1.3698631e+06
   1.3699507e+06
   1.3700560e+06
   1.3701551e+06
   1.3702540e+06
   1.3703624e+06
   1.3704906e+06
   1.3705903e+06
   1.3707907e+06
   1.3709875e+06
   1.3710809e+06
   1.3711956e+06
   1.3713378e+06
   1.3714983e+06
   1.3716109e+06
   1.3717741e+06
   1.3718940e+06
   1.3720787e+06
   1.3721877e+06
   1.3723101e+06
   1.3724401e+06
   1.3725871e+06
   1.3727342e+06
   1.3728362e+06
   1.3729498e+06
   1.3730379e+06
   1.3731819e+06
   1.3732813e+06
   1.3733920e+06
   1.3736111e+06
   1.3737159e+06
   1.3738728e+06
   1.3739696e+06
   1.3742628e+06
   1.3744033e+06
   1.3745137e+06
   1.3747004e+06
   1.3748278e+06
   1.3749112e+06
   1.3750829e+06
   1.3752046e+06
   1.3753763e+06
   1.3754875e+06
   1.3755982e+06
   1.3757086e+06
   1.3758323e+06
   1.3759223e+06
   1.3760484e+06
   1.3762288e+06
   1.3763588e+06
   1.3764841e+06
   1.3765787e+06
   1.3767222e+06
   1.3768340e+06
   1.3770405e+06
   1.3771492e+06
   1.3772575e+06
   1.3773535e+06
   1.3774576e+06
   1.3775704e+06
   1.3777631e+06
   1.3778781e+06
   1.3779738e+06
   1.3780534e+06
   1.3781896e+06
   1.3783695e+06
   1.3784701e+06
   1.3785863e+06
   1.3786783e+06
   1.3788018e+06
   1.3788991e+06
   1.3789837e+06
   1.3790870e+06
   1.3792125e+06
   1.3793700e+06
   1.3794548e+06
   1.3795575e+06
   1.3796864e+06
   1.3798334e+06
   1.3802112e+06
   1.3804439e+06
   1.3807304e+06
   1.3817759e+06
   1.3827097e+06
   1.3830851e+06
   1.3834717e+06
   1.3838852e+06
   1.3843746e+06
   1.3847094e+06
   1.3851855e+06
   1.3856012e+06
   1.3867265e+06
   1.3884829e+06
   1.3896187e+06
   1.3899632e+06
   1.3907186e+06
   1.3910113e+06
   1.3912546e+06
   1.3917544e+06
   1.3921302e+06
   1.3924037e+06
   1.3928154e+06
   1.3965638e+06
   1.3968461e+06
   1.3976602e+06
   1.3982451e+06
   1.3996426e+06
   1.4000301e+06
   1.4009448e+06
   1.4023730e+06
   1.4027008e+06
   1.4074335e+06
   1.4084695e+06
   1.4087267e+06
   1.4090548e+06
   1.4092880e+06
   1.4101748e+06
   1.4113602e+06
   1.4118615e+06
   1.4121276e+06
   1.4126271e+06
   1.4132043e+06
   1.4133507e+06
   1.4135644e+06
   1.4140827e+06
   1.4144104e+06
   1.4146106e+06
   1.4155057e+06
   1.4156799e+06
   1.4163272e+06
   1.4165440e+06
   1.4169212e+06
   1.4200867e+06
   1.4201910e+06
   1.4203012e+06
   1.4203885e+06
   1.4205049e+06
   1.4206199e+06
   1.4206994e+06
   1.4207780e+06
   1.4209197e+06
   1.4210107e+06
   1.4211081e+06
   1.4212170e+06
   1.4213118e+06
   1.4214459e+06
   1.4215337e+06
   1.4216233e+06
   1.4217504e+06
   1.4218311e+06
   1.4219247e+06
   1.4220106e+06
   1.4221007e+06
   1.4222151e+06
   1.4223263e+06
   1.4224472e+06
   1.4225658e+06
   1.4226613e+06
   1.4227680e+06
   1.4228526e+06
   1.4229564e+06
   1.4230590e+06
   1.4231374e+06
   1.4232396e+06
   1.4233468e+06
   1.4234721e+06
   1.4235542e+06
   1.4236251e+06
   1.4237335e+06
   1.4238323e+06
   1.4240402e+06
   1.4241395e+06
   1.4242269e+06
   1.4243215e+06
   1.4245007e+06
   1.4246377e+06
   1.4247613e+06
   1.4248800e+06
   1.4249562e+06
   1.4250307e+06
   1.4251034e+06
   1.4253186e+06
   1.4254138e+06
   1.4255194e+06
   1.4256265e+06
   1.4257522e+06
   1.4258511e+06
   1.4259383e+06
   1.4260269e+06
   1.4261211e+06
   1.4262262e+06
   1.4263256e+06
   1.4264004e+06
   1.4265180e+06
   1.4266166e+06
   1.4267333e+06
   1.4268210e+06
   1.4269628e+06
   1.4271204e+06
   1.4273460e+06
   1.4274633e+06
   1.4275496e+06
   1.4276558e+06
   1.4277742e+06
   1.4278586e+06
   1.4279742e+06
   1.4280841e+06
   1.4283206e+06
   1.4284539e+06
   1.4285875e+06
   1.4286790e+06
   1.4287644e+06
   1.4289080e+06
   1.4290033e+06
   1.4291081e+06
   1.4292044e+06
   1.4293180e+06
   1.4295405e+06
   1.4296458e+06
   1.4297965e+06
   1.4299094e+06
   1.4300005e+06
   1.4301140e+06
   1.4302445e+06
   1.4304061e+06
   1.4305027e+06
   1.4305945e+06
   1.4306910e+06
   1.4307663e+06
   1.4308895e+06
   1.4309859e+06
   1.4311479e+06
   1.4313595e+06
   1.4314585e+06
   1.4315900e+06
   1.4317193e+06
   1.4318160e+06
   1.4319077e+06
   1.4320150e+06
   1.4321672e+06
   1.4322698e+06
   1.4324619e+06
   1.4325442e+06
   1.4326418e+06
   1.4327686e+06
   1.4328476e+06
   1.4329325e+06
   1.4330231e+06
   1.4331247e+06
   1.4332145e+06
   1.4333176e+06
   1.4334536e+06
   1.4335877e+06
   1.4337009e+06
   1.4338127e+06
   1.4338940e+06
   1.4339816e+06
   1.4342916e+06
   1.4343851e+06
   1.4344804e+06
   1.4345653e+06
   1.4346606e+06
   1.4347912e+06
   1.4349063e+06
   1.4350661e+06
   1.4352984e+06
   1.4353980e+06
   1.4355076e+06
   1.4357806e+06
   1.4359171e+06
   1.4360224e+06
   1.4361349e+06
   1.4362304e+06
   1.4363567e+06
   1.4364713e+06
   1.4365779e+06
   1.4367997e+06
   1.4369369e+06
   1.4370374e+06
   1.4371605e+06
   1.4372459e+06
   1.4373605e+06
   1.4375244e+06
   1.4377157e+06
   1.4378100e+06
   1.4379303e+06
   1.4380393e+06
   1.4381332e+06
   1.4382530e+06
   1.4383718e+06
   1.4384706e+06
   1.4385691e+06
   1.4386836e+06
   1.4387679e+06
   1.4389178e+06
   1.4391791e+06
   1.4392548e+06
   1.4393373e+06
   1.4394849e+06
   1.4395853e+06
   1.4397058e+06
   1.4398781e+06
   1.4399798e+06
   1.4402931e+06
   1.4406994e+06
   1.4410001e+06
   1.4420347e+06
   1.4424338e+06
   1.4428259e+06
   1.4433149e+06
   1.4437707e+06
   1.4440095e+06
   1.4442334e+06
   1.4460527e+06
   1.4462844e+06
   1.4465372e+06
   1.4469042e+06
   1.4488378e+06
   1.4500776e+06
   1.4512039e+06
   1.4517881e+06
   1.4520849e+06
   1.4526782e+06
   1.4530083e+06
   1.4533672e+06
   1.4537933e+06
   1.4552578e+06
   1.4559302e+06
   1.4569962e+06
   1.4577333e+06
   1.4580587e+06
   1.4584100e+06
   1.4586218e+06
   1.4606198e+06
   1.4608334e+06
   1.4619142e+06
   1.4636743e+06
   1.4699658e+06
   1.4701662e+06
   1.4704280e+06
   1.4726785e+06
   1.4733148e+06
   1.4782653e+06
   1.4785681e+06
   1.4791719e+06
   1.4793407e+06
   1.4800914e+06
   1.4801897e+06
   1.4802855e+06
   1.4804296e+06
   1.4805600e+06
   1.4806675e+06
   1.4807483e+06
   1.4808476e+06
   1.4809513e+06
   1.4810491e+06
   1.4811443e+06
   1.4812218e+06
   1.4813002e+06
   1.4814043e+06
   1.4815214e+06
   1.4816056e+06
   1.4817109e+06
   1.4818437e+06
   1.4819378e+06
   1.4820110e+06
   1.4821432e+06
   1.4822423e+06
   1.4823125e+06
   1.4824856e+06
   1.4826034e+06
   1.4826946e+06
   1.4827974e+06
   1.4828860e+06
   1.4829742e+06
   1.4830971e+06
   1.4832026e+06
   1.4832750e+06
   1.4833519e+06
   1.4834461e+06
   1.4835193e+06
   1.4836416e+06
   1.4837308e+06
   1.4838420e+06
   1.4839533e+06
   1.4840943e+06
   1.4841799e+06
   1.4842976e+06
   1.4844069e+06
   1.4844990e+06
   1.4845883e+06
   1.4847063e+06
   1.4848118e+06
   1.4849068e+06
   1.4850170e+06
   1.4851094e+06
   1.4852211e+06
   1.4853403e+06
   1.4854308e+06
   1.4855527e+06
   1.4856299e+06
   1.4857649e+06
   1.4858414e+06
   1.4860450e+06
   1.4861197e+06
   1.4862273e+06
   1.4863791e+06
   1.4864759e+06
   1.4865431e+06
   1.4866826e+06
   1.4867596e+06
   1.4868590e+06
   1.4869409e+06
   1.4871512e+06
   1.4872744e+06
   1.4873820e+06
   1.4874656e+06
   1.4876021e+06
   1.4877022e+06
   1.4877881e+06
   1.4879177e+06
   1.4879910e+06
   1.4881115e+06
   1.4882741e+06
   1.4883614e+06
   1.4884593e+06
   1.4885407e+06
   1.4886263e+06
   1.4887207e+06
   1.4889921e+06
   1.4891290e+06
   1.4892342e+06
   1.4893267e+06
   1.4894241e+06
   1.4895555e+06
   1.4896721e+06
   1.4897972e+06
   1.4898758e+06
   1.4900327e+06
   1.4900986e+06
   1.4901878e+06
   1.4903129e+06
   1.4904604e+06
   1.4905489e+06
   1.4906264e+06
   1.4907100e+06
   1.4907994e+06
   1.4908789e+06
   1.4909578e+06
   1.4910989e+06
   1.4912638e+06
   1.4913458e+06
   1.4914448e+06
   1.4915511e+06
   1.4916424e+06
   1.4917127e+06
   1.4918401e+06
   1.4919280e+06
   1.4920079e+06
   1.4920889e+06
   1.4922101e+06
   1.4923168e+06
   1.4924227e+06
   1.4925042e+06
   1.4926471e+06
   1.4927416e+06
   1.4928488e+06
   1.4929486e+06
   1.4930650e+06
   1.4932525e+06
   1.4933521e+06
   1.4934806e+06
   1.4935750e+06
   1.4936632e+06
   1.4937753e+06
   1.4938813e+06
   1.4939539e+06
   1.4942211e+06
   1.4943265e+06
   1.4944283e+06
   1.4946014e+06
   1.4947178e+06
   1.4948448e+06
   1.4949203e+06
   1.4950358e+06
   1.4951551e+06
   1.4952775e+06
   1.4953582e+06
   1.4954693e+06
   1.4955928e+06
   1.4957401e+06
   1.4958872e+06
   1.4959904e+06
   1.4961097e+06
   1.4962130e+06
   1.4963018e+06
   1.4964274e+06
   1.4965334e+06
   1.4966299e+06
   1.4967128e+06
   1.4968358e+06
   1.4969373e+06
   1.4970379e+06
   1.4971707e+06
   1.4972990e+06
   1.4973667e+06
   1.4974706e+06
   1.4975574e+06
   1.4976674e+06
   1.4977713e+06
   1.4978853e+06
   1.4979821e+06
   1.4980854e+06
   1.4981825e+06
   1.4982973e+06
   1.4984028e+06
   1.4985050e+06
   1.4986248e+06
   1.4987247e+06
   1.4988648e+06
   1.4989591e+06
   1.4990502e+06
   1.4991447e+06
   1.4992796e+06
   1.4994175e+06
   1.4995027e+06
   1.4995854e+06
   1.4996742e+06
   1.4998035e+06
   1.4998999e+06
   1.4999799e+06
   1.5004130e+06
   1.5006654e+06
   1.5080940e+06
   1.5089833e+06
   1.5097032e+06
   1.5105144e+06
   1.5106571e+06
   1.5111018e+06
   1.5115975e+06
   1.5122065e+06
   1.5127430e+06
   1.5400830e+06
   1.5401636e+06
   1.5402697e+06
   1.5403656e+06
   1.5404517e+06
   1.5405446e+06
   1.5406400e+06
   1.5407320e+06
   1.5408200e+06
   1.5409384e+06
   1.5410388e+06
   1.5411109e+06
   1.5411916e+06
   1.5412937e+06
   1.5413664e+06
   1.5414445e+06
   1.5415121e+06
   1.5416216e+06
   1.5417325e+06
   1.5418296e+06
   1.5418972e+06
   1.5420217e+06
   1.5421118e+06
   1.5422583e+06
   1.5423581e+06
   1.5424320e+06
   1.5425173e+06
   1.5426052e+06
   1.5427004e+06
   1.5428462e+06
   1.5429333e+06
   1.5430281e+06
   1.5431293e+06
   1.5432080e+06
   1.5433045e+06
   1.5434017e+06
   1.5434863e+06
   1.5435818e+06
   1.5436885e+06
   1.5437770e+06
   1.5438642e+06
   1.5439777e+06
   1.5440889e+06
   1.5441917e+06
   1.5443092e+06
   1.5444168e+06
   1.5445004e+06
   1.5445958e+06
   1.5446574e+06
   1.5447539e+06
   1.5448261e+06
   1.5449078e+06
   1.5449976e+06
   1.5451434e+06
   1.5452863e+06
   1.5453695e+06
   1.5454442e+06
   1.5455540e+06
   1.5456277e+06
   1.5457413e+06
   1.5458274e+06
   1.5459195e+06
   1.5460399e+06
   1.5461132e+06
   1.5462519e+06
   1.5463819e+06
   1.5464552e+06
   1.5465396e+06
   1.5466734e+06
   1.5467655e+06
   1.5468306e+06
   1.5469008e+06
   1.5469822e+06
   1.5472321e+06
   1.5473254e+06
   1.5475057e+06
   1.5476156e+06
   1.5477517e+06
   1.5478483e+06
   1.5479466e+06
   1.5480357e+06
   1.5481590e+06
   1.5482546e+06
   1.5483284e+06
   1.5484235e+06
   1.5485125e+06
   1.5486553e+06
   1.5487448e+06
   1.5488321e+06
   1.5489176e+06
   1.5490047e+06
   1.5490969e+06
   1.5492171e+06
   1.5493224e+06
   1.5494158e+06
   1.5495201e+06
   1.5496263e+06
   1.5497285e+06
   1.5498356e+06
   1.5499176e+06
   1.5500155e+06
   1.5500943e+06
   1.5501997e+06
   1.5502905e+06
   1.5503685e+06
   1.5504474e+06
   1.5505557e+06
   1.5506538e+06
   1.5507348e+06
   1.5508145e+06
   1.5509323e+06
   1.5510335e+06
   1.5511180e+06
   1.5512115e+06
   1.5512971e+06
   1.5513657e+06
   1.5514729e+06
   1.5516141e+06
   1.5517009e+06
   1.5518058e+06
   1.5519337e+06
   1.5520622e+06
   1.5521863e+06
   1.5523164e+06
   1.5524179e+06
   1.5525066e+06
   1.5526299e+06
   1.5527267e+06
   1.5528506e+06
   1.5529223e+06
   1.5530302e+06
   1.5531331e+06
   1.5531995e+06
   1.5533440e+06
   1.5534315e+06
   1.5535544e+06
   1.5536471e+06
   1.5537297e+06
   1.5538379e+06
   1.5539338e+06
   1.5541249e+06
   1.5541986e+06
   1.5542604e+06
   1.5543678e+06
   1.5544604e+06
   1.5545554e+06
   1.5546543e+06
   1.5547534e+06
   1.5548408e+06
   1.5549223e+06
   1.5550204e+06
   1.5551361e+06
   1.5552289e+06
   1.5553592e+06
   1.5554568e+06
   1.5555445e+06
   1.5556266e+06
   1.5557315e+06
   1.5558098e+06
   1.5558988e+06
   1.5560152e+06
   1.5561232e+06
   1.5562589e+06
   1.5564205e+06
   1.5565092e+06
   1.5566058e+06
   1.5566919e+06
   1.5568122e+06
   1.5569205e+06
   1.5570070e+06
   1.5572170e+06
   1.5573357e+06
   1.5574262e+06
   1.5575323e+06
   1.5576710e+06
   1.5577776e+06
   1.5578770e+06
   1.5579666e+06
   1.5581106e+06
   1.5582266e+06
   1.5583198e+06
   1.5584215e+06
   1.5585212e+06
   1.5586852e+06
   1.5587978e+06
   1.5588943e+06
   1.5589652e+06
   1.5590689e+06
   1.5591919e+06
   1.5593302e+06
   1.5594181e+06
   1.5595433e+06
   1.5596968e+06
   1.5597885e+06
   1.5599061e+06
   1.5618382e+06
   1.5621545e+06
   1.5630031e+06
   1.5637419e+06
   1.5642420e+06
   1.5646037e+06
   1.5650921e+06
   1.5655288e+06
   1.5661931e+06
   1.5663474e+06
   1.5674787e+06
   1.5678014e+06
   1.5686020e+06
   1.5690614e+06
   1.5692678e+06
   1.5698965e+06
   1.5705360e+06
   1.5714717e+06
   1.5720319e+06
   1.5724741e+06
   1.5743751e+06
   1.5747269e+06
   1.5749551e+06
   1.5753207e+06
   1.5758209e+06
   1.5770712e+06
   1.5774819e+06
   1.5778636e+06
   1.5785696e+06
   1.5788108e+06
   1.5792909e+06
   1.5802021e+06
   1.5804487e+06
   1.5807838e+06
   1.5812581e+06
   1.5814540e+06
   1.5819849e+06
   1.5822694e+06
   1.5824421e+06
   1.5828018e+06
   1.5830305e+06
   1.5835129e+06
   1.5840961e+06
   1.5845615e+06
   1.5855422e+06
   1.5859958e+06
   1.5864984e+06
   1.5868039e+06
   1.5872670e+06
   1.5876556e+06
   1.5882873e+06
   1.5888438e+06
   1.5894010e+06
   1.5898671e+06
   1.5906122e+06
   1.5915224e+06
   1.5921090e+06
   1.5924673e+06
   1.5927143e+06
   1.5933788e+06
   1.5936418e+06
   1.5938086e+06
   1.5944134e+06
   1.5947963e+06
   1.5961250e+06
   1.5964884e+06
   1.5968389e+06
   1.5983465e+06
   1.5992818e+06
   1.6000894e+06
   1.6001579e+06
   1.6002406e+06
   1.6003248e+06
   1.6003995e+06
   1.6004695e+06
   1.6006026e+06
   1.6006657e+06
   1.6007595e+06
   1.6008715e+06
   1.6009462e+06
   1.6010623e+06
   1.6011335e+06
   1.6012384e+06
   1.6013558e+06
   1.6014346e+06
   1.6015391e+06
   1.6016449e+06
   1.6017703e+06
   1.6018569e+06
   1.6019380e+06
   1.6020324e+06
   1.6021131e+06
   1.6022317e+06
   1.6023270e+06
   1.6024159e+06
   1.6025266e+06
   1.6026381e+06
   1.6027309e+06
   1.6028490e+06
   1.6029261e+06
   1.6030060e+06
   1.6030978e+06
   1.6032110e+06
   1.6032748e+06
   1.6033688e+06
   1.6035027e+06
   1.6036281e+06
   1.6037250e+06
   1.6038212e+06
   1.6039223e+06
   1.6040009e+06
   1.6041217e+06
   1.6042204e+06
   1.6043420e+06
   1.6044490e+06
   1.6045444e+06
   1.6046781e+06
   1.6047482e+06
   1.6048293e+06
   1.6049126e+06
   1.6050603e+06
   1.6051481e+06
   1.6052531e+06
   1.6053758e+06
   1.6054759e+06
   1.6055878e+06
   1.6056684e+06
   1.6057515e+06
   1.6058568e+06
   1.6059405e+06
   1.6060275e+06
   1.6061416e+06
   1.6062463e+06
   1.6063321e+06
   1.6064468e+06
   1.6066707e+06
   1.6067411e+06
   1.6068417e+06
   1.6069197e+06
   1.6069809e+06
   1.6071472e+06
   1.6072576e+06
   1.6073750e+06
   1.6074535e+06
   1.6075524e+06
   1.6076409e+06
   1.6077101e+06
   1.6077926e+06
   1.6079181e+06
   1.6080039e+06
   1.6081504e+06
   1.6082508e+06
   1.6083475e+06
   1.6084432e+06
   1.6085557e+06
   1.6087022e+06
   1.6088136e+06
   1.6088850e+06
   1.6089593e+06
   1.6090281e+06
   1.6091064e+06
   1.6091757e+06
   1.6092711e+06
   1.6093915e+06
   1.6095192e+06
   1.6096036e+06
   1.6096985e+06
   1.6098399e+06
   1.6099306e+06
   1.6100349e+06
   1.6101295e+06
   1.6102745e+06
   1.6103503e+06
   1.6104495e+06
   1.6105232e+06
   1.6106918e+06
   1.6108169e+06
   1.6109256e+06
   1.6110202e+06
   1.6111167e+06
   1.6112316e+06
   1.6113455e+06
   1.6114614e+06
   1.6115740e+06
   1.6116667e+06
   1.6117622e+06
   1.6118693e+06
   1.6119596e+06
   1.6120447e+06
   1.6122070e+06
   1.6123088e+06
   1.6124104e+06
   1.6124952e+06
   1.6125902e+06
   1.6126936e+06
   1.6127757e+06
   1.6128841e+06
   1.6130303e+06
   1.6130973e+06
   1.6132019e+06
   1.6132846e+06
   1.6133975e+06
   1.6134885e+06
   1.6136229e+06
   1.6137170e+06
   1.6138075e+06
   1.6138873e+06
   1.6139775e+06
   1.6141552e+06
   1.6142598e+06
   1.6143973e+06
   1.6145030e+06
   1.6145948e+06
   1.6146738e+06
   1.6147609e+06
   1.6148542e+06
   1.6149367e+06
   1.6150094e+06
   1.6151401e+06
   1.6152184e+06
   1.6153139e+06
   1.6154163e+06
   1.6155350e+06
   1.6156116e+06
   1.6156986e+06
   1.6159025e+06
   1.6160602e+06
   1.6161369e+06
   1.6162420e+06
   1.6163775e+06
   1.6164704e+06
   1.6165745e+06
   1.6166509e+06
   1.6167838e+06
   1.6168713e+06
   1.6169595e+06
   1.6170355e+06
   1.6171168e+06
   1.6172197e+06
   1.6173204e+06
   1.6173990e+06
   1.6175049e+06
   1.6176119e+06
   1.6176813e+06
   1.6177677e+06
   1.6178619e+06
   1.6179489e+06
   1.6180471e+06
   1.6181515e+06
   1.6183114e+06
   1.6183845e+06
   1.6184937e+06
   1.6185797e+06
   1.6186667e+06
   1.6187588e+06
   1.6188837e+06
   1.6190288e+06
   1.6191153e+06
   1.6192044e+06
   1.6193140e+06
   1.6194215e+06
   1.6195283e+06
   1.6196429e+06
   1.6197229e+06
   1.6198264e+06
   1.6199128e+06
   1.6202275e+06
   1.6208921e+06
   1.6211180e+06
   1.6214247e+06
   1.6216434e+06
   1.6218489e+06
   1.6236026e+06
   1.6238755e+06
   1.6245467e+06
   1.6246867e+06
   1.6254285e+06
   1.6257035e+06
   1.6266281e+06
   1.6269675e+06
   1.6272648e+06
   1.6275760e+06
   1.6277709e+06
   1.6547119e+06
   1.6561569e+06
   1.6565479e+06
   1.6600767e+06
   1.6601575e+06
   1.6602669e+06
   1.6603422e+06
   1.6604994e+06
   1.6606249e+06
   1.6607022e+06
   1.6607774e+06
   1.6608413e+06
   1.6609263e+06
   1.6610501e+06
   1.6611207e+06
   1.6611849e+06
   1.6612595e+06
   1.6613230e+06
   1.6614135e+06
   1.6615368e+06
   1.6616426e+06
   1.6617166e+06
   1.6618279e+06
   1.6619327e+06
   1.6620330e+06
   1.6621281e+06
   1.6622116e+06
   1.6622812e+06
   1.6623650e+06
   1.6624624e+06
   1.6625521e+06
   1.6626543e+06
   1.6627248e+06
   1.6628518e+06
   1.6629495e+06
   1.6630163e+06
   1.6631368e+06
   1.6632221e+06
   1.6633073e+06
   1.6634005e+06
   1.6634903e+06
   1.6635875e+06
   1.6637039e+06
   1.6638371e+06
   1.6639148e+06
   1.6640064e+06
   1.6640931e+06
   1.6641905e+06
   1.6642861e+06
   1.6643834e+06
   1.6644895e+06
   1.6645590e+06
   1.6646611e+06
   1.6647473e+06
   1.6648245e+06
   1.6649141e+06
   1.6650048e+06
   1.6650873e+06
   1.6652201e+06
   1.6653218e+06
   1.6654590e+06
   1.6655409e+06
   1.6656254e+06
   1.6657103e+06
   1.6658992e+06
   1.6659828e+06
   1.6660932e+06
   1.6661641e+06
   1.6662730e+06
   1.6663579e+06
   1.6664454e+06
   1.6665561e+06
   1.6666293e+06
   1.6667478e+06
   1.6668809e+06
   1.6669570e+06
   1.6671486e+06
   1.6672234e+06
   1.6673147e+06
   1.6674059e+06
   1.6674985e+06
   1.6675997e+06
   1.6677077e+06
   1.6677953e+06
   1.6678913e+06
   1.6679735e+06
   1.6680615e+06
   1.6681709e+06
   1.6682796e+06
   1.6683542e+06
   1.6684428e+06
   1.6685228e+06
   1.6686118e+06
   1.6687282e+06
   1.6687930e+06
   1.6688603e+06
   1.6689441e+06
   1.6690102e+06
   1.6691136e+06
   1.6691840e+06
   1.6692575e+06
   1.6693411e+06
   1.6694355e+06
   1.6695060e+06
   1.6695822e+06
   1.6696679e+06
   1.6697745e+06
   1.6698655e+06
   1.6699509e+06
   1.6700497e+06
   1.6701154e+06
   1.6702169e+06
   1.6703014e+06
   1.6704088e+06
   1.6705602e+06
   1.6706785e+06
   1.6707961e+06
   1.6709064e+06
   1.6710747e+06
   1.6711482e+06
   1.6712630e+06
   1.6713678e+06
   1.6714458e+06
   1.6715504e+06
   1.6717162e+06
   1.6717844e+06
   1.6718625e+06
   1.6719443e+06
   1.6720554e+06
   1.6721242e+06
   1.6722606e+06
   1.6723455e+06
   1.6724293e+06
   1.6725376e+06
   1.6726096e+06
   1.6727012e+06
   1.6728332e+06
   1.6729283e+06
   1.6729882e+06
   1.6730845e+06
   1.6731764e+06
   1.6732680e+06
   1.6733537e+06
   1.6734561e+06
   1.6735423e+06
   1.6736417e+06
   1.6737401e+06
   1.6738247e+06
   1.6739336e+06
   1.6740756e+06
   1.6741661e+06
   1.6742637e+06
   1.6743515e+06
   1.6744528e+06
   1.6745718e+06
   1.6746746e+06
   1.6747704e+06
   1.6748863e+06
   1.6749733e+06
   1.6750545e+06
   1.6751238e+06
   1.6752436e+06
   1.6753368e+06
   1.6754300e+06
   1.6755116e+06
   1.6756256e+06
   1.6757382e+06
   1.6758260e+06
   1.6759199e+06
   1.6760086e+06
   1.6760888e+06
   1.6761599e+06
   1.6762524e+06
   1.6763356e+06
   1.6764137e+06
   1.6764926e+06
   1.6765691e+06
   1.6767164e+06
   1.6768159e+06
   1.6768922e+06
   1.6770076e+06
   1.6771312e+06
   1.6772317e+06
   1.6773379e+06
   1.6774647e+06
   1.6775545e+06
   1.6776598e+06
   1.6777698e+06
   1.6778626e+06
   1.6779338e+06
   1.6780025e+06
   1.6780984e+06
   1.6782041e+06
   1.6782907e+06
   1.6784049e+06
   1.6785079e+06
   1.6786031e+06
   1.6787082e+06
   1.6787819e+06
   1.6788922e+06
   1.6789670e+06
   1.6790656e+06
   1.6791489e+06
   1.6792593e+06
   1.6793925e+06
   1.6794909e+06
   1.6796164e+06
   1.6797222e+06
   1.6797964e+06
   1.6799089e+06
   1.6799999e+06
   1.6804715e+06
   1.6807992e+06
   1.6831766e+06
   1.6916457e+06
   1.6918876e+06
   1.6924676e+06
   1.6931006e+06
   1.6933985e+06
   1.6938122e+06
   1.6940429e+06
   1.6942503e+06
   1.6952576e+06
   1.6963037e+06
   1.6965436e+06
   1.6968581e+06
   1.6972618e+06
   1.6976443e+06
   1.6989151e+06
   1.7006675e+06
   1.7031578e+06
   1.7200806e+06
   1.7201596e+06
   1.7203069e+06
   1.7203745e+06
   1.7204673e+06
   1.7205755e+06
   1.7206501e+06
   1.7207324e+06
   1.7208226e+06
   1.7209066e+06
   1.7209848e+06
   1.7210691e+06
   1.7211519e+06
   1.7212221e+06
   1.7213106e+06
   1.7213781e+06
   1.7215070e+06
   1.7215786e+06
   1.7216554e+06
   1.7217355e+06
   1.7218290e+06
   1.7218967e+06
   1.7219844e+06
   1.7220769e+06
   1.7221614e+06
   1.7223266e+06
   1.7224059e+06
   1.7224875e+06
   1.7225637e+06
   1.7226418e+06
   1.7227396e+06
   1.7228097e+06
   1.7228880e+06
   1.7229507e+06
   1.7230365e+06
   1.7231057e+06
   1.7231781e+06
   1.7232622e+06
   1.7233635e+06
   1.7234749e+06
   1.7235551e+06
   1.7236375e+06
   1.7237629e+06
   1.7238720e+06
   1.7239421e+06
   1.7240429e+06
   1.7241428e+06
   1.7242528e+06
   1.7243869e+06
   1.7244627e+06
   1.7245519e+06
   1.7246340e+06
   1.7246982e+06
   1.7247886e+06
   1.7248623e+06
   1.7249527e+06
   1.7251131e+06
   1.7251984e+06
   1.7252922e+06
   1.7253772e+06
   1.7254580e+06
   1.7255314e+06
   1.7255912e+06
   1.7256627e+06
   1.7257513e+06
   1.7258230e+06
   1.7258970e+06
   1.7259838e+06
   1.7260580e+06
   1.7261550e+06
   1.7262247e+06
   1.7262964e+06
   1.7264002e+06
   1.7264902e+06
   1.7265566e+06
   1.7266263e+06
   1.7267582e+06
   1.7268337e+06
   1.7269266e+06
   1.7271174e+06
   1.7272001e+06
   1.7273023e+06
   1.7273785e+06
   1.7275204e+06
   1.7276010e+06
   1.7276852e+06
   1.7277554e+06
   1.7278463e+06
   1.7279299e+06
   1.7280349e+06
   1.7281356e+06
   1.7282306e+06
   1.7283644e+06
   1.7284627e+06
   1.7285400e+06
   1.7286570e+06
   1.7287464e+06
   1.7288302e+06
   1.7289476e+06
   1.7290284e+06
   1.7291233e+06
   1.7292200e+06
   1.7293487e+06
   1.7294343e+06
   1.7295197e+06
   1.7296345e+06
   1.7297151e+06
   1.7298017e+06
   1.7298657e+06
   1.7299795e+06
   1.7301315e+06
   1.7302178e+06
   1.7302892e+06
   1.7303653e+06
   1.7304808e+06
   1.7305775e+06
   1.7306597e+06
   1.7307400e+06
   1.7308821e+06
   1.7309544e+06
   1.7310456e+06
   1.7311231e+06
   1.7311947e+06
   1.7313006e+06
   1.7314053e+06
   1.7314868e+06
   1.7315594e+06
   1.7316383e+06
   1.7317361e+06
   1.7318079e+06
   1.7318838e+06
   1.7319864e+06
   1.7321038e+06
   1.7322272e+06
   1.7323176e+06
   1.7324100e+06
   1.7324908e+06
   1.7325892e+06
   1.7326866e+06
   1.7327962e+06
   1.7329066e+06
   1.7329755e+06
   1.7330503e+06
   1.7331361e+06
   1.7332619e+06
   1.7333359e+06
   1.7334103e+06
   1.7335214e+06
   1.7336159e+06
   1.7336788e+06
   1.7337894e+06
   1.7338782e+06
   1.7339668e+06
   1.7341568e+06
   1.7342525e+06
   1.7343659e+06
   1.7344430e+06
   1.7345240e+06
   1.7345886e+06
   1.7346831e+06
   1.7347678e+06
   1.7348663e+06
   1.7349382e+06
   1.7350276e+06
   1.7351207e+06
   1.7351824e+06
   1.7352667e+06
   1.7353368e+06
   1.7354313e+06
   1.7355218e+06
   1.7356008e+06
   1.7357183e+06
   1.7358038e+06
   1.7358927e+06
   1.7359852e+06
   1.7361053e+06
   1.7361904e+06
   1.7362605e+06
   1.7363780e+06
   1.7364629e+06
   1.7365506e+06
   1.7366296e+06
   1.7366890e+06
   1.7367818e+06
   1.7368465e+06
   1.7369630e+06
   1.7370516e+06
   1.7371338e+06
   1.7372379e+06
   1.7373059e+06
   1.7373744e+06
   1.7374516e+06
   1.7375278e+06
   1.7376167e+06
   1.7377220e+06
   1.7378213e+06
   1.7379283e+06
   1.7380198e+06
   1.7381007e+06
   1.7382010e+06
   1.7382783e+06
   1.7384010e+06
   1.7384853e+06
   1.7386177e+06
   1.7386969e+06
   1.7387915e+06
   1.7388713e+06
   1.7389524e+06
   1.7390764e+06
   1.7391709e+06
   1.7392715e+06
   1.7393598e+06
   1.7394457e+06
   1.7395569e+06
   1.7396792e+06
   1.7397829e+06
   1.7398826e+06
   1.7402001e+06
   1.7407665e+06
   1.7415568e+06
   1.7420694e+06
   1.7422882e+06
   1.7426333e+06
   1.7451206e+06
   1.7462981e+06
   1.7492653e+06
   1.7495747e+06
   1.7500388e+06
   1.7503424e+06
   1.7505576e+06
   1.7508725e+06
   1.7546696e+06
   1.7566742e+06
   1.7571368e+06
   1.7577591e+06
   1.7596210e+06
   1.7599751e+06
   1.7601781e+06
   1.7603127e+06
   1.7606124e+06
   1.7616443e+06
   1.7638964e+06
   1.7641771e+06
   1.7644357e+06
   1.7647239e+06
   1.7650088e+06
   1.7654560e+06
   1.7660799e+06
   1.7663410e+06
   1.7668782e+06
   1.7677277e+06
   1.7682862e+06
   1.7685283e+06
   1.7696391e+06
   1.7702388e+06
   1.7704056e+06
   1.7706610e+06
   1.7713013e+06
   1.7717824e+06
   1.7744038e+06
   1.7747773e+06
   1.7751327e+06
   1.7764098e+06
   1.7777456e+06
   1.7780908e+06
   1.7784692e+06
   1.7788319e+06
   1.7800798e+06
   1.7801468e+06
   1.7802445e+06
   1.7803087e+06
   1.7803921e+06
   1.7804976e+06
   1.7805566e+06
   1.7806364e+06
   1.7806952e+06
   1.7807701e+06
   1.7808489e+06
   1.7809196e+06
   1.7809996e+06
   1.7810929e+06
   1.7811657e+06
   1.7812713e+06
   1.7813508e+06
   1.7814175e+06
   1.7814927e+06
   1.7815627e+06
   1.7816425e+06
   1.7817169e+06
   1.7818041e+06
   1.7818954e+06
   1.7819812e+06
   1.7820546e+06
   1.7821601e+06
   1.7822666e+06
   1.7823365e+06
   1.7824305e+06
   1.7824989e+06
   1.7825693e+06
   1.7826509e+06
   1.7827671e+06
   1.7828665e+06
   1.7829305e+06
   1.7829984e+06
   1.7831097e+06
   1.7831771e+06
   1.7832603e+06
   1.7833411e+06
   1.7834176e+06
   1.7835157e+06
   1.7835942e+06
   1.7836522e+06
   1.7837261e+06
   1.7838028e+06
   1.7839274e+06
   1.7840256e+06
   1.7841032e+06
   1.7841684e+06
   1.7842222e+06
   1.7843036e+06
   1.7843822e+06
   1.7844901e+06
   1.7845462e+06
   1.7846413e+06
   1.7847191e+06
   1.7847787e+06
   1.7848870e+06
   1.7849695e+06
   1.7850433e+06
   1.7851134e+06
   1.7851965e+06
   1.7852887e+06
   1.7853612e+06
   1.7854459e+06
   1.7855316e+06
   1.7856302e+06
   1.7856928e+06
   1.7857848e+06
   1.7858642e+06
   1.7859433e+06
   1.7860068e+06
   1.7861214e+06
   1.7861812e+06
   1.7863305e+06
   1.7864089e+06
   1.7864877e+06
   1.7865548e+06
   1.7866527e+06
   1.7867881e+06
   1.7868818e+06
   1.7869488e+06
   1.7871321e+06
   1.7872304e+06
   1.7873035e+06
   1.7874058e+06
   1.7874768e+06
   1.7875420e+06
   1.7876246e+06
   1.7877053e+06
   1.7877829e+06
   1.7878635e+06
   1.7879382e+06
   1.7880276e+06
   1.7881258e+06
   1.7882025e+06
   1.7883014e+06
   1.7883708e+06
   1.7884527e+06
   1.7885388e+06
   1.7886537e+06
   1.7888129e+06
   1.7888870e+06
   1.7889817e+06
   1.7890532e+06
   1.7891420e+06
   1.7892125e+06
   1.7892870e+06
   1.7893548e+06
   1.7894313e+06
   1.7895217e+06
   1.7896032e+06
   1.7896732e+06
   1.7897825e+06
   1.7898830e+06
   1.7899547e+06
   1.7900304e+06
   1.7901031e+06
   1.7901726e+06
   1.7902655e+06
   1.7903336e+06
   1.7904039e+06
   1.7905115e+06
   1.7905918e+06
   1.7906888e+06
   1.7908038e+06
   1.7908986e+06
   1.7909642e+06
   1.7910401e+06
   1.7911335e+06
   1.7912053e+06
   1.7912966e+06
   1.7914094e+06
   1.7914997e+06
   1.7915749e+06
   1.7916642e+06
   1.7917414e+06
   1.7918318e+06
   1.7919336e+06
   1.7920121e+06
   1.7921113e+06
   1.7921867e+06
   1.7923497e+06
   1.7924286e+06
   1.7926127e+06
   1.7926816e+06
   1.7927668e+06
   1.7928601e+06
   1.7929436e+06
   1.7930180e+06
   1.7931012e+06
   1.7931830e+06
   1.7932587e+06
   1.7933631e+06
   1.7934485e+06
   1.7935131e+06
   1.7935942e+06
   1.7936608e+06
   1.7937480e+06
   1.7938345e+06
   1.7939299e+06
   1.7939991e+06
   1.7941869e+06
   1.7942854e+06
   1.7943859e+06
   1.7945009e+06
   1.7945837e+06
   1.7946653e+06
   1.7947306e+06
   1.7947995e+06
   1.7948822e+06
   1.7949630e+06
   1.7950558e+06
   1.7951340e+06
   1.7952652e+06
   1.7953477e+06
   1.7954359e+06
   1.7955130e+06
   1.7956266e+06
   1.7957224e+06
   1.7958414e+06
   1.7959274e+06
   1.7960165e+06
   1.7960923e+06
   1.7961839e+06
   1.7962539e+06
   1.7963472e+06
   1.7964124e+06
   1.7965453e+06
   1.7966302e+06
   1.7967502e+06
   1.7968309e+06
   1.7969300e+06
   1.7970368e+06
   1.7971113e+06
   1.7971817e+06
   1.7972790e+06
   1.7973790e+06
   1.7974671e+06
   1.7975532e+06
   1.7976479e+06
   1.7977190e+06
   1.7977962e+06
   1.7979191e+06
   1.7979905e+06
   1.7980764e+06
   1.7981417e+06
   1.7982158e+06
   1.7983252e+06
   1.7984305e+06
   1.7985090e+06
   1.7985867e+06
   1.7987977e+06
   1.7988832e+06
   1.7989661e+06
   1.7990483e+06
   1.7991324e+06
   1.7992073e+06
   1.7992843e+06
   1.7993597e+06
   1.7994861e+06
   1.7995943e+06
   1.7996946e+06
   1.7997835e+06
   1.7998763e+06
   1.7999830e+06
   1.8008833e+06
   1.8011666e+06
   1.8089807e+06
   1.8092875e+06
   1.8204605e+06
   1.8208168e+06
   1.8216725e+06
   1.8218897e+06
   1.8222572e+06
   1.8228790e+06
   1.8233399e+06
   1.8236887e+06
   1.8239590e+06
   1.8242100e+06
   1.8247051e+06
   1.8248944e+06
   1.8268477e+06
   1.8271432e+06
   1.8286989e+06
   1.8293395e+06
   1.8301942e+06
   1.8324281e+06
   1.8353873e+06
   1.8373213e+06
   1.8379552e+06
   1.8385714e+06
   1.8389404e+06
   1.8392869e+06
   1.8395751e+06
   1.8400645e+06
   1.8401375e+06
   1.8402106e+06
   1.8402793e+06
   1.8403913e+06
   1.8404682e+06
   1.8405468e+06
   1.8406206e+06
   1.8407310e+06
   1.8408076e+06
   1.8408826e+06
   1.8409534e+06
   1.8410348e+06
   1.8411121e+06
   1.8411889e+06
   1.8413120e+06
   1.8414051e+06
   1.8414755e+06
   1.8415545e+06
   1.8416425e+06
   1.8417402e+06
   1.8418079e+06
   1.8418900e+06
   1.8419596e+06
   1.8420309e+06
   1.8421259e+06
   1.8422221e+06
   1.8422985e+06
   1.8423772e+06
   1.8424516e+06
   1.8425275e+06
   1.8426019e+06
   1.8426733e+06
   1.8427587e+06
   1.8428160e+06
   1.8428975e+06
   1.8429643e+06
   1.8430478e+06
   1.8431165e+06
   1.8431949e+06
   1.8432669e+06
   1.8433481e+06
   1.8434264e+06
   1.8435277e+06
   1.8435987e+06
   1.8436859e+06
   1.8437456e+06
   1.8438084e+06
   1.8438649e+06
   1.8439339e+06
   1.8440272e+06
   1.8441011e+06
   1.8441723e+06
   1.8442234e+06
   1.8442853e+06
   1.8443641e+06
   1.8444254e+06
   1.8444817e+06
   1.8445619e+06
   1.8446376e+06
   1.8447413e+06
   1.8448158e+06
   1.8448929e+06
   1.8449519e+06
   1.8450194e+06
   1.8450909e+06
   1.8451612e+06
   1.8452328e+06
   1.8452947e+06
   1.8453709e+06
   1.8454703e+06
   1.8455345e+06
   1.8455922e+06
   1.8456913e+06
   1.8457719e+06
   1.8458602e+06
   1.8459364e+06
   1.8460131e+06
   1.8461102e+06
   1.8461955e+06
   1.8462683e+06
   1.8463411e+06
   1.8464057e+06
   1.8465078e+06
   1.8465900e+06
   1.8466561e+06
   1.8467207e+06
   1.8468040e+06
   1.8468720e+06
   1.8470888e+06
   1.8471629e+06
   1.8472441e+06
   1.8473088e+06
   1.8473872e+06
   1.8474616e+06
   1.8475314e+06
   1.8476087e+06
   1.8476804e+06
   1.8477410e+06
   1.8478189e+06
   1.8479045e+06
   1.8479868e+06
   1.8480569e+06
   1.8481248e+06
   1.8481998e+06
   1.8482876e+06
   1.8483586e+06
   1.8484437e+06
   1.8485356e+06
   1.8486153e+06
   1.8486728e+06
   1.8487651e+06
   1.8488514e+06
   1.8489149e+06
   1.8489887e+06
   1.8490793e+06
   1.8491500e+06
   1.8492068e+06
   1.8492899e+06
   1.8493829e+06
   1.8494526e+06
   1.8495353e+06
   1.8496076e+06
   1.8496949e+06
   1.8497899e+06
   1.8498918e+06
   1.8499642e+06
   1.8500273e+06
   1.8500881e+06
   1.8501684e+06
   1.8502538e+06
   1.8503349e+06
   1.8504104e+06
   1.8505334e+06
   1.8505983e+06
   1.8506876e+06
   1.8507819e+06
   1.8508603e+06
   1.8509456e+06
   1.8510186e+06
   1.8510870e+06
   1.8511574e+06
   1.8512221e+06
   1.8512965e+06
   1.8513953e+06
   1.8514732e+06
   1.8515580e+06
   1.8516262e+06
   1.8517004e+06
   1.8517788e+06
   1.8518817e+06
   1.8519998e+06
   1.8520690e+06
   1.8522083e+06
   1.8522756e+06
   1.8523407e+06
   1.8524408e+06
   1.8525289e+06
   1.8526126e+06
   1.8526859e+06
   1.8527603e+06
   1.8528372e+06
   1.8529091e+06
   1.8530131e+06
   1.8530900e+06
   1.8531525e+06
   1.8532437e+06
   1.8533175e+06
   1.8533872e+06
   1.8534620e+06
   1.8535530e+06
   1.8536354e+06
   1.8537332e+06
   1.8538067e+06
   1.8538711e+06
   1.8539709e+06
   1.8541148e+06
   1.8541762e+06
   1.8542407e+06
   1.8542973e+06
   1.8543633e+06
   1.8544797e+06
   1.8545526e+06
   1.8546424e+06
   1.8547049e+06
   1.8547719e+06
   1.8548453e+06
   1.8549324e+06
   1.8550081e+06
   1.8550833e+06
   1.8551563e+06
   1.8552557e+06
   1.8553718e+06
   1.8554586e+06
   1.8555383e+06
   1.8556322e+06
   1.8557041e+06
   1.8557902e+06
   1.8558715e+06
   1.8559576e+06
   1.8560247e+06
   1.8560965e+06
   1.8561665e+06
   1.8562389e+06
   1.8563104e+06
   1.8563934e+06
   1.8564788e+06
   1.8565601e+06
   1.8566285e+06
   1.8567675e+06
   1.8568456e+06
   1.8569562e+06
   1.8570517e+06
   1.8571233e+06
   1.8571871e+06
   1.8572658e+06
   1.8573476e+06
   1.8574431e+06
   1.8575210e+06
   1.8576109e+06
   1.8577251e+06
   1.8577904e+06
   1.8578856e+06
   1.8579602e+06
   1.8580428e+06
   1.8581271e+06
   1.8582398e+06
   1.8583406e+06
   1.8584145e+06
   1.8584795e+06
   1.8585672e+06
   1.8586338e+06
   1.8587133e+06
   1.8587892e+06
   1.8588719e+06
   1.8589573e+06
   1.8590250e+06
   1.8591078e+06
   1.8591737e+06
   1.8592494e+06
   1.8593421e+06
   1.8594123e+06
   1.8595049e+06
   1.8595922e+06
   1.8596643e+06
   1.8597270e+06
   1.8598024e+06
   1.8598773e+06
   1.8599631e+06
   1.8605479e+06
   1.8635939e+06
   1.8637862e+06
   1.8641147e+06
   1.8642437e+06
   1.8648468e+06
   1.8650433e+06
   1.8652948e+06
   1.8656609e+06
   1.8680580e+06
   1.8718616e+06
   1.8769244e+06
   1.8777668e+06
   1.8783422e+06
   1.8788523e+06
   1.8791771e+06
   1.8794437e+06
   1.8800024e+06
   1.8803527e+06
   1.8808129e+06
   1.8811459e+06
   1.8816089e+06
   1.8836628e+06
   1.8838443e+06
   1.8841537e+06
   1.8843266e+06
   1.8846286e+06
   1.8849961e+06
   1.8854106e+06
   1.8858181e+06
   1.8862387e+06
   1.8875084e+06
   1.8882237e+06
   1.8887329e+06
   1.8894736e+06
   1.8900484e+06
   1.8904677e+06
   1.8916548e+06
   1.8920710e+06
   1.9000700e+06
   1.9001423e+06
   1.9002185e+06
   1.9002923e+06
   1.9003666e+06
   1.9004415e+06
   1.9005241e+06
   1.9005965e+06
   1.9006770e+06
   1.9007413e+06
   1.9008311e+06
   1.9008914e+06
   1.9009529e+06
   1.9010243e+06
   1.9010791e+06
   1.9011374e+06
   1.9012261e+06
   1.9012889e+06
   1.9013577e+06
   1.9014195e+06
   1.9014800e+06
   1.9015478e+06
   1.9016077e+06
   1.9016839e+06
   1.9017772e+06
   1.9018287e+06
   1.9018997e+06
   1.9019639e+06
   1.9020317e+06
   1.9021160e+06
   1.9021856e+06
   1.9022518e+06
   1.9023151e+06
   1.9023793e+06
   1.9024746e+06
   1.9025528e+06
   1.9026225e+06
   1.9026799e+06
   1.9027604e+06
   1.9028299e+06
   1.9029179e+06
   1.9029876e+06
   1.9030510e+06
   1.9031217e+06
   1.9032045e+06
   1.9032595e+06
   1.9033247e+06
   1.9033857e+06
   1.9034631e+06
   1.9035345e+06
   1.9036003e+06
   1.9036628e+06
   1.9037330e+06
   1.9038108e+06
   1.9038626e+06
   1.9039248e+06
   1.9040014e+06
   1.9040597e+06
   1.9041347e+06
   1.9042170e+06
   1.9042806e+06
   1.9043666e+06
   1.9044336e+06
   1.9045015e+06
   1.9045602e+06
   1.9046238e+06
   1.9046862e+06
   1.9047492e+06
   1.9048231e+06
   1.9048862e+06
   1.9049475e+06
   1.9050123e+06
   1.9050832e+06
   1.9051415e+06
   1.9052131e+06
   1.9053134e+06
   1.9053882e+06
   1.9054625e+06
   1.9055278e+06
   1.9056093e+06
   1.9056776e+06
   1.9057477e+06
   1.9058051e+06
   1.9058733e+06
   1.9059700e+06
   1.9060255e+06
   1.9060877e+06
   1.9061474e+06
   1.9062272e+06
   1.9063107e+06
   1.9063745e+06
   1.9064462e+06
   1.9065214e+06
   1.9066042e+06
   1.9066670e+06
   1.9067418e+06
   1.9068175e+06
   1.9069010e+06
   1.9069741e+06
   1.9071120e+06
   1.9071856e+06
   1.9072506e+06
   1.9073207e+06
   1.9073987e+06
   1.9074674e+06
   1.9075498e+06
   1.9076442e+06
   1.9077252e+06
   1.9077992e+06
   1.9078975e+06
   1.9079813e+06
   1.9080473e+06
   1.9081220e+06
   1.9082212e+06
   1.9082980e+06
   1.9083763e+06
   1.9084342e+06
   1.9085186e+06
   1.9085859e+06
   1.9086554e+06
   1.9087222e+06
   1.9087954e+06
   1.9088688e+06
   1.9089770e+06
   1.9090384e+06
   1.9091058e+06
   1.9091990e+06
   1.9092606e+06
   1.9093217e+06
   1.9093829e+06
   1.9094622e+06
   1.9095388e+06
   1.9096295e+06
   1.9097037e+06
   1.9097806e+06
   1.9098496e+06
   1.9099178e+06
   1.9100377e+06
   1.9101166e+06
   1.9101837e+06
   1.9102691e+06
   1.9103376e+06
   1.9104041e+06
   1.9104714e+06
   1.9105326e+06
   1.9106157e+06
   1.9106921e+06
   1.9107583e+06
   1.9108349e+06
   1.9109016e+06
   1.9109749e+06
   1.9110734e+06
   1.9111360e+06
   1.9112141e+06
   1.9113034e+06
   1.9113841e+06
   1.9114584e+06
   1.9115445e+06
   1.9116206e+06
   1.9116976e+06
   1.9117548e+06
   1.9118153e+06
   1.9118878e+06
   1.9119869e+06
   1.9120598e+06
   1.9121212e+06
   1.9122104e+06
   1.9122962e+06
   1.9123752e+06
   1.9124431e+06
   1.9125065e+06
   1.9125633e+06
   1.9126265e+06
   1.9126995e+06
   1.9127597e+06
   1.9128405e+06
   1.9129211e+06
   1.9129905e+06
   1.9130733e+06
   1.9131609e+06
   1.9132338e+06
   1.9133055e+06
   1.9133713e+06
   1.9134349e+06
   1.9134887e+06
   1.9135637e+06
   1.9136391e+06
   1.9137047e+06
   1.9137942e+06
   1.9138515e+06
   1.9139325e+06
   1.9140803e+06
   1.9141513e+06
   1.9142200e+06
   1.9143016e+06
   1.9143705e+06
   1.9144841e+06
   1.9145711e+06
   1.9146656e+06
   1.9147314e+06
   1.9148437e+06
   1.9149105e+06
   1.9149997e+06
   1.9151091e+06
   1.9151954e+06
   1.9153031e+06
   1.9153935e+06
   1.9154712e+06
   1.9155602e+06
   1.9156333e+06
   1.9157369e+06
   1.9158085e+06
   1.9158875e+06
   1.9159653e+06
   1.9160301e+06
   1.9161025e+06
   1.9161935e+06
   1.9162607e+06
   1.9163317e+06
   1.9164071e+06
   1.9165031e+06
   1.9165668e+06
   1.9166353e+06
   1.9167416e+06
   1.9168059e+06
   1.9168841e+06
   1.9169522e+06
   1.9170349e+06
   1.9171090e+06
   1.9172063e+06
   1.9172727e+06
   1.9173447e+06
   1.9174138e+06
   1.9174726e+06
   1.9175461e+06
   1.9176208e+06
   1.9176901e+06
   1.9177680e+06
   1.9178362e+06
   1.9179164e+06
   1.9180098e+06
   1.9180789e+06
   1.9181573e+06
   1.9182372e+06
   1.9183148e+06
   1.9184038e+06
   1.9184825e+06
   1.9185581e+06
   1.9185778e+06
   1.9185786e+06
   1.9185884e+06
   1.9186247e+06
   1.9186395e+06
   1.9186456e+06
   1.9186530e+06
   1.9186591e+06
   1.9186647e+06
   1.9187042e+06
   1.9187175e+06
   1.9187263e+06
   1.9187368e+06
   1.9187396e+06
   1.9187425e+06
   1.9187844e+06
   1.9187869e+06
   1.9187983e+06
   1.9188111e+06
   1.9188145e+06
   1.9188153e+06
   1.9188324e+06
   1.9188597e+06
   1.9188685e+06
   1.9188791e+06
   1.9188828e+06
   1.9188866e+06
   1.9188868e+06
   1.9188952e+06
   1.9189502e+06
   1.9189508e+06
   1.9189530e+06
   1.9189536e+06
   1.9189733e+06
   1.9189782e+06
   1.9189834e+06
   1.9190152e+06
   1.9190186e+06
   1.9190344e+06
   1.9190416e+06
   1.9190436e+06
   1.9190673e+06
   1.9190695e+06
   1.9190856e+06
   1.9190932e+06
   1.9191118e+06
   1.9191239e+06
   1.9191328e+06
   1.9191399e+06
   1.9191502e+06
   1.9191510e+06
   1.9191641e+06
   1.9192123e+06
   1.9192127e+06
   1.9192164e+06
   1.9192242e+06
   1.9192256e+06
   1.9192282e+06
   1.9192610e+06
   1.9192754e+06
   1.9192950e+06
   1.9192971e+06
   1.9192987e+06
   1.9193016e+06
   1.9193189e+06
   1.9193231e+06
   1.9193315e+06
   1.9193594e+06
   1.9193689e+06
   1.9193760e+06
   1.9193808e+06
   1.9193921e+06
   1.9193986e+06
   1.9194063e+06
   1.9194237e+06
   1.9194381e+06
   1.9194560e+06
   1.9194651e+06
   1.9194697e+06
   1.9194710e+06
   1.9194875e+06
   1.9194980e+06
   1.9195047e+06
   1.9195345e+06
   1.9195376e+06
   1.9195393e+06
   1.9195412e+06
   1.9195490e+06
   1.9195628e+06
   1.9195788e+06
   1.9195972e+06
   1.9196227e+06
   1.9196285e+06
   1.9196314e+06
   1.9196455e+06
   1.9196462e+06
   1.9196549e+06
   1.9196584e+06
   1.9196897e+06
   1.9197094e+06
   1.9197108e+06
   1.9197147e+06
   1.9197309e+06
   1.9197337e+06
   1.9197419e+06
   1.9197614e+06
   1.9197737e+06
   1.9197897e+06
   1.9197908e+06
   1.9197931e+06
   1.9197999e+06
   1.9198118e+06
   1.9198416e+06
   1.9198519e+06
   1.9198548e+06
   1.9198633e+06
   1.9198706e+06
   1.9198741e+06
   1.9199001e+06
   1.9199119e+06
   1.9199138e+06
   1.9199185e+06
   1.9199391e+06
   1.9199490e+06
   1.9199595e+06
   1.9199753e+06
   1.9199916e+06
