   6.9126943e+02
   1.2957037e+03
   1.9117135e+03
   2.5114096e+03
   3.7196144e+03
   4.9333089e+03
   5.5424921e+03
   1.1809853e+04
   1.2457987e+04
   1.3163762e+04
   1.3920898e+04
   1.4741705e+04
   1.5346871e+04
   1.5919855e+04
   1.6576076e+04
   1.7054772e+04
   1.8469327e+04
   1.9126675e+04
   2.0005599e+04
   2.0402871e+04
   2.1409773e+04
   2.2344078e+04
   2.3012281e+04
   2.3423536e+04
   2.4032162e+04
   2.5185354e+04
   2.5711875e+04
   2.6246281e+04
   2.7163191e+04
   2.7591093e+04
   2.8191766e+04
   2.8533153e+04
   3.0852385e+04
   3.1392336e+04
   3.2121119e+04
   3.3321164e+04
   3.3882651e+04
   3.4305131e+04
   3.4983875e+04
   3.5525907e+04
   3.6079272e+04
   3.6765983e+04
   3.7406230e+04
   3.7982742e+04
   3.8758563e+04
   4.0050996e+04
   4.0346862e+04
   4.0915206e+04
   4.1337995e+04
   4.1738074e+04
   4.2824283e+04
   4.3710580e+04
   4.4272033e+04
   4.5068137e+04
   4.5695995e+04
   4.6073101e+04
   4.7439773e+04
   4.8202596e+04
   4.8633713e+04
   4.9123115e+04
   4.9642678e+04
   5.0095505e+04
   5.0727722e+04
   5.1296570e+04
   5.1851504e+04
   5.2362561e+04
   5.2845038e+04
   5.3195344e+04
   5.4356842e+04
   5.5233737e+04
   5.6442312e+04
   5.7449222e+04
   5.8443550e+04
   5.9451487e+04
   5.9952870e+04
   1.0049703e+05
   1.0194834e+05
   1.0264580e+05
   1.0357559e+05
   1.0431721e+05
   1.0484437e+05
   1.0542002e+05
   1.0598870e+05
   1.0689729e+05
   1.0771601e+05
   1.0835612e+05
   1.1023525e+05
   1.1077603e+05
   1.1151568e+05
   1.1223354e+05
   1.1306261e+05
   1.1383211e+05
   1.1490819e+05
   1.1533780e+05
   1.1588219e+05
   1.1631468e+05
   1.1712763e+05
   1.1771285e+05
   1.1852776e+05
   1.1938836e+05
   1.6061284e+05
   1.6154518e+05
   1.6216464e+05
   1.6280399e+05
   1.6336759e+05
   1.6388737e+05
   1.6472440e+05
   1.6541173e+05
   1.6583519e+05
   1.6646429e+05
   1.6763704e+05
   1.6816174e+05
   1.6864374e+05
   1.6941154e+05
   1.6979223e+05
   1.7074525e+05
   1.7126890e+05
   1.7175831e+05
   1.7457691e+05
   1.7537136e+05
   1.7580040e+05
   1.7642576e+05
   1.7779437e+05
   1.7819912e+05
   1.7916690e+05
   2.2037711e+05
   2.2090660e+05
   2.2131560e+05
   2.2181753e+05
   2.2235828e+05
   2.2276461e+05
   2.2356723e+05
   2.2415174e+05
   2.2533306e+05
   2.2596424e+05
   2.2634312e+05
   2.2735750e+05
   2.2777649e+05
   2.2830046e+05
   2.2897393e+05
   2.2957849e+05
   2.3022446e+05
   2.3071267e+05
   2.3125059e+05
   2.3181059e+05
   2.3340557e+05
   2.3470998e+05
   2.3578558e+05
   2.3617839e+05
   2.3654832e+05
   2.3767854e+05
   2.3839702e+05
   2.3866008e+05
   2.3970386e+05
   2.8073114e+05
   2.8113409e+05
   2.8168567e+05
   2.8204593e+05
   2.8258435e+05
   2.8321667e+05
   2.8362709e+05
   2.8425436e+05
   2.8467668e+05
   2.8522780e+05
   2.8618217e+05
   2.8659793e+05
   2.8768673e+05
   2.8849971e+05
   2.8923578e+05
   2.8993418e+05
   2.9042954e+05
   2.9166540e+05
   2.9202411e+05
   2.9261665e+05
   2.9315291e+05
   2.9353323e+05
   2.9387934e+05
   2.9460292e+05
   2.9564347e+05
   2.9610893e+05
   2.9668602e+05
   2.9730844e+05
   2.9807242e+05
   2.9860470e+05
   3.4136502e+05
   3.4192375e+05
   3.4245624e+05
   3.4294596e+05
   3.4364191e+05
   3.4462495e+05
   3.4531053e+05
   3.4585795e+05
   3.4644927e+05
   3.4686563e+05
   3.4776666e+05
   3.4830095e+05
   3.4864923e+05
   3.4933196e+05
   3.5133658e+05
   3.5189682e+05
   3.5243299e+05
   3.5297363e+05
   3.5332874e+05
   3.5373890e+05
   3.5444624e+05
   3.5542878e+05
   3.5703580e+05
   3.5803701e+05
   3.5854698e+05
   3.5899294e+05
   3.5947738e+05
   3.5993765e+05
   4.0128957e+05
   4.0211631e+05
   4.0258789e+05
   4.0328316e+05
   4.0374565e+05
   4.0435622e+05
   4.0532888e+05
   4.0613044e+05
   4.0743042e+05
   4.0816210e+05
   4.0871501e+05
   4.0925136e+05
   4.0956066e+05
   4.0999028e+05
   4.1091917e+05
   4.1161051e+05
   4.1246045e+05
   4.1318084e+05
   4.1380758e+05
   4.1459343e+05
   4.1492561e+05
   4.1564243e+05
   4.1608441e+05
   4.1721338e+05
   4.1812267e+05
   4.1855249e+05
   4.1953058e+05
   4.1989506e+05
   4.6050289e+05
   4.6153889e+05
   4.6219381e+05
   4.6286868e+05
   4.6344978e+05
   4.6397025e+05
   4.6442974e+05
   4.6498357e+05
   4.6558494e+05
   4.6630683e+05
   4.6756824e+05
   4.6812732e+05
   4.6860221e+05
   4.6912119e+05
   4.6958101e+05
   4.6995535e+05
   4.7044681e+05
   4.7098800e+05
   4.7131499e+05
   4.7474432e+05
   4.7537154e+05
   4.7727042e+05
   4.7802700e+05
   4.7860359e+05
   5.2046224e+05
   5.2082721e+05
   5.2126169e+05
   5.2184419e+05
   5.2249813e+05
   5.2309317e+05
   5.2387405e+05
   5.2446349e+05
   5.2504117e+05
   5.2578720e+05
   5.2621820e+05
   5.2755632e+05
   5.2826726e+05
   5.2867779e+05
   5.2950928e+05
   5.3011485e+05
   5.3056277e+05
   5.3100693e+05
   5.3142961e+05
   5.3202352e+05
   5.3269834e+05
   5.3353090e+05
   5.3477633e+05
   5.3527118e+05
   5.3611502e+05
   5.3654117e+05
   5.3702314e+05
   5.3740626e+05
   5.3785693e+05
   5.3814138e+05
   5.3892905e+05
   5.3928160e+05
   5.3980470e+05
   5.8036401e+05
   5.8081061e+05
   5.8125019e+05
   5.8163386e+05
   5.8211218e+05
   5.8408192e+05
   5.8527288e+05
   5.8620886e+05
   5.8786062e+05
   5.8837748e+05
   5.8887857e+05
   5.8924062e+05
   5.8971337e+05
   5.9095803e+05
   5.9144864e+05
   5.9315964e+05
   5.9359774e+05
   5.9435829e+05
   5.9491567e+05
   5.9560770e+05
   5.9602069e+05
   5.9720899e+05
   5.9765416e+05
   5.9827764e+05
   5.9872406e+05
   5.9921210e+05
   5.9972556e+05
   6.0055051e+05
   6.0197318e+05
   6.0287008e+05
   6.0357607e+05
   6.0407414e+05
   6.0518808e+05
   6.0591511e+05
   6.0661984e+05
   6.0749182e+05
   6.0817157e+05
   6.0879800e+05
   6.0948024e+05
   6.1024135e+05
   6.1061351e+05
   6.1112397e+05
   6.1177363e+05
   6.1241406e+05
   6.1379663e+05
   6.1477895e+05
   6.1550960e+05
   6.1639800e+05
   6.1709401e+05
   6.1764824e+05
   6.1806234e+05
   6.1863867e+05
   6.1917180e+05
   6.1955761e+05
   6.1995475e+05
   6.2122854e+05
   6.2186195e+05
   6.2328681e+05
   6.2396513e+05
   6.2461528e+05
   6.2515407e+05
   6.2601847e+05
   6.2686181e+05
   6.2751097e+05
   6.2841810e+05
   6.2922816e+05
   6.2980885e+05
   6.3066952e+05
   6.3260346e+05
   6.3330241e+05
   6.3372069e+05
   6.3414902e+05
   6.3480413e+05
   6.3587520e+05
   6.3629480e+05
   6.3691141e+05
   6.3767733e+05
   6.4031730e+05
   6.4090168e+05
   6.4255586e+05
   6.4471919e+05
   6.4514270e+05
   6.4601902e+05
   6.4644908e+05
   6.4837588e+05
   6.4944487e+05
   6.5002169e+05
   6.5090750e+05
   6.5177168e+05
   6.5318605e+05
   6.5393797e+05
   6.5466352e+05
   6.5516498e+05
   6.5574823e+05
   6.5635201e+05
   6.5714825e+05
   6.5788242e+05
   6.5859294e+05
   6.5961660e+05
   6.6057285e+05
   6.6123716e+05
   6.6214564e+05
   6.6284181e+05
   6.6323984e+05
   6.6412818e+05
   6.6463283e+05
   6.6573014e+05
   6.6631549e+05
   6.6703573e+05
   6.6779142e+05
   6.6858935e+05
   6.6906384e+05
   6.6987353e+05
   6.7032108e+05
   6.7085925e+05
   6.7143500e+05
   6.7210187e+05
   6.7316668e+05
   6.7360986e+05
   6.7435154e+05
   6.7471381e+05
   6.7738195e+05
   6.7816854e+05
   6.7891750e+05
   6.7980711e+05
   6.8840530e+05
   6.8943705e+05
   6.9097030e+05
   6.9301219e+05
   6.9376303e+05
   6.9428711e+05
   6.9519755e+05
   6.9568759e+05
   6.9629410e+05
   6.9731747e+05
   6.9846320e+05
   6.9939104e+05
   6.9994768e+05
   7.0072439e+05
   7.0184395e+05
   7.0286894e+05
   7.0338837e+05
   7.0429146e+05
   7.0483238e+05
   7.0535394e+05
   7.0626906e+05
   7.0703712e+05
   7.0762874e+05
   7.0806679e+05
   7.0875260e+05
   7.0951643e+05
   7.1016010e+05
   7.1117820e+05
   7.1191741e+05
   7.1270732e+05
   7.1331854e+05
   7.1380710e+05
   7.1476509e+05
   7.1510588e+05
   7.1548008e+05
   7.1628044e+05
   7.1679282e+05
   7.1731347e+05
   7.1822551e+05
   7.1870737e+05
   7.3613486e+05
   7.3700350e+05
   7.3743267e+05
   7.3812359e+05
   7.3884085e+05
   7.3979114e+05
   7.4061254e+05
   7.4138138e+05
   7.4243088e+05
   7.4315008e+05
   7.4360104e+05
   7.4450280e+05
   7.4514554e+05
   7.4575110e+05
   7.4634321e+05
   7.4671844e+05
   7.4758290e+05
   7.4888970e+05
   7.4966147e+05
   7.5022755e+05
   7.5106975e+05
   7.5191228e+05
   7.5233367e+05
   7.5373830e+05
   7.5483505e+05
   7.5574105e+05
   7.5628100e+05
   7.5687979e+05
   7.5726058e+05
   7.5786137e+05
   7.5847624e+05
   7.5933900e+05
   7.5975659e+05
   7.6059506e+05
   7.6105993e+05
   7.6162372e+05
   7.6213917e+05
   7.6260622e+05
   7.6295342e+05
   7.6345297e+05
   7.6383295e+05
   7.6446989e+05
   7.6497641e+05
   7.6607267e+05
   7.6651148e+05
   7.6688928e+05
   7.6869121e+05
   7.6915110e+05
   7.6948125e+05
   7.7005383e+05
   7.7052468e+05
   7.7279727e+05
   7.7320893e+05
   7.7351635e+05
   7.7390109e+05
   7.7575738e+05
   7.7616901e+05
   7.7678181e+05
   7.7722690e+05
   7.7779798e+05
   7.7822905e+05
   7.7942467e+05
   7.7994923e+05
   8.2082035e+05
   8.2147915e+05
   8.2194231e+05
   8.2263596e+05
   8.2370237e+05
   8.2466620e+05
   8.2518881e+05
   8.2582523e+05
   8.2648748e+05
   8.2791615e+05
   8.2837554e+05
   8.2927406e+05
   8.3000021e+05
   8.3129169e+05
   8.3172222e+05
   8.3227069e+05
   8.3254201e+05
   8.3302566e+05
   8.3356799e+05
   8.3449389e+05
   8.3500510e+05
   8.3538349e+05
   8.3574200e+05
   8.3616724e+05
   8.3662892e+05
   8.3701481e+05
   8.3737870e+05
   8.3781076e+05
   8.3817846e+05
   8.3872288e+05
   8.3912960e+05
   8.3971801e+05
   8.8070972e+05
   8.8132199e+05
   8.8194910e+05
   8.8246425e+05
   8.8282853e+05
   8.8326134e+05
   8.8397902e+05
   8.8460950e+05
   8.8509322e+05
   8.8589742e+05
   8.8655443e+05
   8.8743328e+05
   8.8801790e+05
   8.8873360e+05
   8.8921723e+05
   8.8957104e+05
   8.9050012e+05
   8.9124072e+05
   8.9174580e+05
   8.9216432e+05
   8.9278328e+05
   8.9486274e+05
   8.9565035e+05
   8.9608849e+05
   8.9648627e+05
   8.9687897e+05
   8.9726027e+05
   8.9775129e+05
   8.9902649e+05
   8.9980192e+05
   9.4063967e+05
   9.4095290e+05
   9.4167607e+05
   9.4208113e+05
   9.4346704e+05
   9.4405997e+05
   9.4463541e+05
   9.4511659e+05
   9.4555374e+05
   9.4621737e+05
   9.4688314e+05
   9.4747139e+05
   9.4840849e+05
   9.4927813e+05
   9.4976967e+05
   9.5028084e+05
   9.5084916e+05
   9.5150337e+05
   9.5210488e+05
   9.5272051e+05
   9.5324145e+05
   9.5373857e+05
   9.5462133e+05
   9.5520606e+05
   9.5648539e+05
   9.5687675e+05
   9.5732102e+05
   9.5833969e+05
   9.5890017e+05
   9.5941012e+05
   9.5986678e+05
   1.0021221e+06
   1.0025011e+06
   1.0029692e+06
   1.0035063e+06
   1.0041178e+06
   1.0051365e+06
   1.0055632e+06
   1.0060342e+06
   1.0066662e+06
   1.0087086e+06
   1.0094251e+06
   1.0099813e+06
   1.0103922e+06
   1.0122143e+06
   1.0125552e+06
   1.0134710e+06
   1.0143197e+06
   1.0148569e+06
   1.0154503e+06
   1.0159826e+06
   1.0166103e+06
   1.0169307e+06
   1.0171899e+06
   1.0177961e+06
   1.0181543e+06
   1.0190696e+06
   1.0195686e+06
   1.0605630e+06
   1.0610171e+06
   1.0617511e+06
   1.0625520e+06
   1.0632572e+06
   1.0638122e+06
   1.0642217e+06
   1.0649791e+06
   1.0654875e+06
   1.0658552e+06
   1.0669727e+06
   1.0679085e+06
   1.0684481e+06
   1.0689661e+06
   1.0697792e+06
   1.0703247e+06
   1.0713122e+06
   1.0717393e+06
   1.0723166e+06
   1.0730611e+06
   1.0737808e+06
   1.0745198e+06
   1.0754283e+06
   1.0761681e+06
   1.0765330e+06
   1.0768558e+06
   1.0774701e+06
   1.0780171e+06
   1.0785860e+06
   1.0792740e+06
   1.0797419e+06
   1.1205045e+06
   1.1213231e+06
   1.1216842e+06
   1.1225319e+06
   1.1237766e+06
   1.1245724e+06
   1.1250371e+06
   1.1254220e+06
   1.1258482e+06
   1.1262965e+06
   1.1274310e+06
   1.1280494e+06
   1.1284469e+06
   1.1289050e+06
   1.1292852e+06
   1.1297606e+06
   1.1304559e+06
   1.1314062e+06
   1.1319027e+06
   1.1325610e+06
   1.1330575e+06
   1.1335798e+06
   1.1351185e+06
   1.1355050e+06
   1.1362721e+06
   1.1367728e+06
   1.1373351e+06
   1.1378519e+06
   1.1383609e+06
   1.1387915e+06
   1.1394489e+06
   1.1808274e+06
   1.1814737e+06
   1.1818946e+06
   1.1825235e+06
   1.1831422e+06
   1.1837501e+06
   1.1843033e+06
   1.1848089e+06
   1.1854086e+06
   1.1861925e+06
   1.1865433e+06
   1.1869254e+06
   1.1875904e+06
   1.1882957e+06
   1.1887787e+06
   1.1892279e+06
   1.1897444e+06
   1.1904661e+06
   1.1912565e+06
   1.1919754e+06
   1.1928326e+06
   1.1937583e+06
   1.1944306e+06
   1.1948310e+06
   1.1953241e+06
   1.1957120e+06
   1.1959911e+06
   1.1967055e+06
   1.1973898e+06
   1.1979029e+06
   1.1982607e+06
   1.1987669e+06
   1.1992460e+06
   1.1996082e+06
   1.2423207e+06
   1.2427928e+06
   1.2435075e+06
   1.2454881e+06
   1.2461077e+06
   1.2474537e+06
   1.2481043e+06
   1.2485243e+06
   1.2489713e+06
   1.2495861e+06
   1.2500897e+06
   1.2506145e+06
   1.2509953e+06
   1.2514673e+06
   1.2518821e+06
   1.2521975e+06
   1.2528157e+06
   1.2531756e+06
   1.2536143e+06
   1.2543590e+06
   1.2550114e+06
   1.2554163e+06
   1.2557864e+06
   1.2565860e+06
   1.2588709e+06
   1.2593103e+06
   1.3005980e+06
   1.3011077e+06
   1.3019756e+06
   1.3026485e+06
   1.3031203e+06
   1.3037332e+06
   1.3042058e+06
   1.3047736e+06
   1.3052349e+06
   1.3057420e+06
   1.3066808e+06
   1.3075475e+06
   1.3080103e+06
   1.3091779e+06
   1.3096454e+06
   1.3105928e+06
   1.3109770e+06
   1.3113774e+06
   1.3119908e+06
   1.3123066e+06
   1.3129335e+06
   1.3133107e+06
   1.3137859e+06
   1.3150694e+06
   1.3158795e+06
   1.3163643e+06
   1.3169144e+06
   1.3176059e+06
   1.3180821e+06
   1.3186567e+06
   1.3189847e+06
   1.3196373e+06
   1.3604996e+06
   1.3608446e+06
   1.3618032e+06
   1.3635472e+06
   1.3640075e+06
   1.3647496e+06
   1.3652810e+06
   1.3656758e+06
   1.3661148e+06
   1.3666895e+06
   1.3676689e+06
   1.3679587e+06
   1.3686496e+06
   1.3691358e+06
   1.3696015e+06
   1.3701532e+06
   1.3709513e+06
   1.3714124e+06
   1.3717434e+06
   1.3722094e+06
   1.3727092e+06
   1.3733673e+06
   1.3739779e+06
   1.3746708e+06
   1.3750462e+06
   1.3756624e+06
   1.3760727e+06
   1.3766744e+06
   1.3770586e+06
   1.3777140e+06
   1.3781489e+06
   1.3789444e+06
   1.3793798e+06
   1.3799222e+06
   1.4215675e+06
   1.4219242e+06
   1.4228909e+06
   1.4233450e+06
   1.4264468e+06
   1.4274898e+06
   1.4282847e+06
   1.4286482e+06
   1.4289521e+06
   1.4296244e+06
   1.4301131e+06
   1.4305927e+06
   1.4310302e+06
   1.4314495e+06
   1.4325076e+06
   1.4329661e+06
   1.4334823e+06
   1.4338702e+06
   1.4346051e+06
   1.4353748e+06
   1.4358707e+06
   1.4364381e+06
   1.4376712e+06
   1.4388852e+06
   1.4392491e+06
   1.4397458e+06
   1.4811354e+06
   1.4818188e+06
   1.4823171e+06
   1.4829064e+06
   1.4837271e+06
   1.4841677e+06
   1.4846874e+06
   1.4858643e+06
   1.4864278e+06
   1.4873289e+06
   1.4880154e+06
   1.4884930e+06
   1.4890304e+06
   1.4894290e+06
   1.4897464e+06
   1.4915761e+06
   1.4920611e+06
   1.4924471e+06
   1.4930449e+06
   1.4937833e+06
   1.4947536e+06
   1.4951473e+06
   1.4955361e+06
   1.4958648e+06
   1.4966917e+06
   1.4972924e+06
   1.4978106e+06
   1.4985583e+06
   1.4990277e+06
   1.4994253e+06
   1.4999206e+06
   1.5413211e+06
   1.5418645e+06
   1.5424707e+06
   1.5430276e+06
   1.5435639e+06
   1.5442196e+06
   1.5449540e+06
   1.5454715e+06
   1.5458638e+06
   1.5462441e+06
   1.5465651e+06
   1.5474108e+06
   1.5477332e+06
   1.5484302e+06
   1.5492306e+06
   1.5499086e+06
   1.5507175e+06
   1.5510110e+06
   1.5518640e+06
   1.5523132e+06
   1.5533741e+06
   1.5537836e+06
   1.5543689e+06
   1.5550558e+06
   1.5560918e+06
   1.5564163e+06
   1.5568746e+06
   1.5578603e+06
   1.5596861e+06
   1.6004714e+06
   1.6061781e+06
   1.6074964e+06
   1.6084940e+06
   1.6094505e+06
   1.6096945e+06
   1.6104040e+06
   1.6109032e+06
   1.6113769e+06
   1.6118376e+06
   1.6125941e+06
   1.6133867e+06
   1.6138170e+06
   1.6144659e+06
   1.6150200e+06
   1.6157062e+06
   1.6162345e+06
   1.6166078e+06
   1.6170199e+06
   1.6178195e+06
   1.6183450e+06
   1.6188168e+06
   1.6191551e+06
   1.6198562e+06
   1.6607857e+06
   1.6613974e+06
   1.6623504e+06
   1.6628369e+06
   1.6633230e+06
   1.6637859e+06
   1.6645386e+06
   1.6651112e+06
   1.6655964e+06
   1.6659432e+06
   1.6662965e+06
   1.6667175e+06
   1.6676549e+06
   1.6680775e+06
   1.6689364e+06
   1.6694009e+06
   1.6699035e+06
   1.6702849e+06
   1.6707627e+06
   1.6712731e+06
   1.6717545e+06
   1.6721881e+06
   1.6725504e+06
   1.6729960e+06
   1.6733872e+06
   1.6743413e+06
   1.6751647e+06
   1.6757389e+06
   1.6764139e+06
   1.6771300e+06
   1.6778676e+06
   1.6781316e+06
   1.6788740e+06
   1.6792632e+06
   1.6798595e+06
   1.7206830e+06
   1.7211836e+06
   1.7216793e+06
   1.7220353e+06
   1.7225028e+06
   1.7228189e+06
   1.7234885e+06
   1.7238025e+06
   1.7253449e+06
   1.7257704e+06
   1.7261345e+06
   1.7265770e+06
   1.7276417e+06
   1.7284544e+06
   1.7304632e+06
   1.7308948e+06
   1.7323863e+06
   1.7329235e+06
   1.7333085e+06
   1.7344193e+06
   1.7347713e+06
   1.7353532e+06
   1.7357238e+06
   1.7361212e+06
   1.7366054e+06
   1.7371466e+06
   1.7379010e+06
   1.7382836e+06
   1.7389057e+06
   1.7395283e+06
   1.7802777e+06
   1.7807020e+06
   1.7811591e+06
   1.7817090e+06
   1.7821669e+06
   1.7827687e+06
   1.7834801e+06
   1.7843395e+06
   1.7851816e+06
   1.7856571e+06
   1.7860131e+06
   1.7867991e+06
   1.7874786e+06
   1.7882543e+06
   1.7886257e+06
   1.7900036e+06
   1.7907952e+06
   1.7918627e+06
   1.7928658e+06
   1.7944398e+06
   1.7950111e+06
   1.7955233e+06
   1.7958193e+06
   1.7966756e+06
   1.7971395e+06
   1.7979177e+06
   1.7987461e+06
   1.7994125e+06
   1.7999607e+06
   1.8414278e+06
   1.8419267e+06
   1.8423382e+06
   1.8427980e+06
   1.8433188e+06
   1.8440033e+06
   1.8445726e+06
   1.8451313e+06
   1.8458722e+06
   1.8474512e+06
   1.8479511e+06
   1.8483303e+06
   1.8487362e+06
   1.8491811e+06
   1.8496585e+06
   1.8507492e+06
   1.8512361e+06
   1.8522377e+06
   1.8528215e+06
   1.8533067e+06
   1.8536730e+06
   1.8544883e+06
   1.8552490e+06
   1.8556741e+06
   1.8562720e+06
   1.8571356e+06
   1.8575889e+06
   1.8581247e+06
   1.8586068e+06
   1.8590444e+06
   1.8594451e+06
   1.9005371e+06
   1.9010182e+06
   1.9015837e+06
   1.9024232e+06
   1.9030993e+06
   1.9035744e+06
   1.9039486e+06
   1.9044165e+06
   1.9047904e+06
   1.9053052e+06
   1.9057751e+06
   1.9061909e+06
   1.9066188e+06
   1.9074779e+06
   1.9081102e+06
   1.9087386e+06
   1.9090956e+06
   1.9145342e+06
   1.9153523e+06
   1.9157879e+06
   1.9165679e+06
   1.9169566e+06
   1.9174058e+06
   1.9185825e+06
   1.9191328e+06
   6.0676009e+04
   6.1241605e+04
   6.1928747e+04
   6.2429545e+04
   6.3255398e+04
   6.3777274e+04
   6.4268912e+04
   6.4868983e+04
   6.5996055e+04
   6.6439242e+04
   8.0841966e+04
   8.1815501e+04
   8.2197300e+04
   8.3155574e+04
   8.4832737e+04
   8.5356104e+04
   8.6077699e+04
   8.6735468e+04
   8.7366743e+04
   8.8188573e+04
   8.9939915e+04
   9.0576467e+04
   9.1166377e+04
   9.1979976e+04
   9.2644150e+04
   9.4395582e+04
   9.4965486e+04
   9.5475726e+04
   9.6148866e+04
   9.6969859e+04
   9.7429474e+04
   9.7877527e+04
   9.8420319e+04
   9.8954902e+04
   9.9531335e+04
   1.2064967e+05
   1.2151144e+05
   1.2212849e+05
   1.2254804e+05
   1.2423815e+05
   1.2519330e+05
   1.2628950e+05
   1.2689585e+05
   1.2744125e+05
   1.2823793e+05
   1.2980827e+05
   1.3043247e+05
   1.3110452e+05
   1.3165808e+05
   1.3200612e+05
   1.3300639e+05
   1.3350464e+05
   1.3414568e+05
   1.3457554e+05
   1.3549523e+05
   1.3599588e+05
   1.3670959e+05
   1.3788926e+05
   1.3874724e+05
   1.3967072e+05
   1.4046141e+05
   1.4187617e+05
   1.4274118e+05
   1.4363252e+05
   1.4473803e+05
   1.4558778e+05
   1.4606604e+05
   1.4672309e+05
   1.4851428e+05
   1.4929941e+05
   1.5021226e+05
   1.5068957e+05
   1.5131308e+05
   1.5231510e+05
   1.5390834e+05
   1.5432889e+05
   1.5529650e+05
   1.5578393e+05
   1.5625713e+05
   1.5712998e+05
   1.5776001e+05
   1.5884509e+05
   1.8053799e+05
   1.8118761e+05
   1.8192074e+05
   1.8264705e+05
   1.8349495e+05
   1.8449375e+05
   1.8488376e+05
   1.8536749e+05
   1.8577612e+05
   1.8623562e+05
   1.8697278e+05
   1.8800120e+05
   1.8858330e+05
   1.8910120e+05
   1.8965732e+05
   1.9010146e+05
   1.9098275e+05
   1.9166287e+05
   1.9230989e+05
   1.9422566e+05
   1.9460543e+05
   1.9522509e+05
   1.9604365e+05
   1.9686353e+05
   1.9789836e+05
   1.9834193e+05
   1.9901018e+05
   2.0014545e+05
   2.0119666e+05
   2.0169944e+05
   2.0232253e+05
   2.0300673e+05
   2.0345904e+05
   2.0427536e+05
   2.0538870e+05
   2.0577172e+05
   2.0630459e+05
   2.1103843e+05
   2.1172930e+05
   2.1236819e+05
   2.1324387e+05
   2.1420925e+05
   2.1483020e+05
   2.1530020e+05
   2.1567311e+05
   2.1667439e+05
   2.1726985e+05
   2.1833456e+05
   2.1975032e+05
   2.4047256e+05
   2.4102227e+05
   2.4173084e+05
   2.4268251e+05
   2.4320507e+05
   2.4361989e+05
   2.4431946e+05
   2.4488761e+05
   2.4649693e+05
   2.4697667e+05
   2.4763737e+05
   2.4843654e+05
   2.4934283e+05
   2.5075638e+05
   2.5125625e+05
   2.5245018e+05
   2.5280291e+05
   2.5500646e+05
   2.5757950e+05
   2.5880117e+05
   2.5961234e+05
   2.6025879e+05
   2.6105746e+05
   2.6148156e+05
   2.6185979e+05
   2.6237177e+05
   2.6316664e+05
   2.6404559e+05
   2.6458735e+05
   2.6562984e+05
   2.6608725e+05
   2.7684857e+05
   2.7725400e+05
   2.7920351e+05
   2.7990125e+05
   3.0062572e+05
   3.0166109e+05
   3.0225452e+05
   3.0465952e+05
   3.0632646e+05
   3.0749676e+05
   3.0810267e+05
   3.0878170e+05
   3.0935798e+05
   3.1033601e+05
   3.1092531e+05
   3.1147332e+05
   3.2578453e+05
   3.2727509e+05
   3.2808026e+05
   3.2934183e+05
   3.3082676e+05
   3.3126485e+05
   3.3174918e+05
   3.3236677e+05
   3.3281101e+05
   3.3361429e+05
   3.3512123e+05
   3.3570892e+05
   3.3656859e+05
   3.3749955e+05
   3.3831385e+05
   3.3926670e+05
   3.3986234e+05
   3.6090909e+05
   3.6297943e+05
   3.6436732e+05
   3.7013138e+05
   3.7079989e+05
   3.7141361e+05
   3.7196394e+05
   3.7251299e+05
   3.7309268e+05
   3.7418524e+05
   3.7480343e+05
   3.7538477e+05
   3.7592869e+05
   3.7744613e+05
   3.7795263e+05
   3.7849542e+05
   3.7922606e+05
   3.7976824e+05
   3.8122551e+05
   3.8166638e+05
   3.8205268e+05
   3.8265904e+05
   3.8331495e+05
   3.8394510e+05
   3.8465109e+05
   3.8503006e+05
   3.8593455e+05
   3.8648697e+05
   3.8749842e+05
   3.8847041e+05
   3.8924951e+05
   3.9701713e+05
   3.9785453e+05
   3.9925708e+05
   3.9963451e+05
   4.2048293e+05
   4.2128442e+05
   4.2215827e+05
   4.2296566e+05
   4.2399522e+05
   4.2460663e+05
   4.2521031e+05
   4.2580298e+05
   4.3396011e+05
   4.3430800e+05
   4.3528885e+05
   4.3569103e+05
   4.3628314e+05
   4.3842313e+05
   4.3969350e+05
   4.4062756e+05
   4.4194037e+05
   4.4391165e+05
   4.4439425e+05
   4.4590585e+05
   4.4676612e+05
   4.4734145e+05
   4.4790200e+05
   4.4889583e+05
   4.4970557e+05
   4.5063774e+05
   4.5110303e+05
   4.5170779e+05
   4.5247754e+05
   4.5301624e+05
   4.5336538e+05
   4.5434920e+05
   4.5606391e+05
   4.5691623e+05
   4.5763069e+05
   4.5843459e+05
   4.5889877e+05
   4.5988068e+05
   4.8098609e+05
   4.8148871e+05
   4.8201612e+05
   4.9051007e+05
   4.9105774e+05
   4.9918974e+05
   4.9964474e+05
   5.0019815e+05
   5.0115286e+05
   5.0146607e+05
   5.0228510e+05
   5.0315156e+05
   5.0373158e+05
   5.0501969e+05
   5.0624043e+05
   5.0718820e+05
   5.1112900e+05
   5.1189579e+05
   5.1316128e+05
   5.1435449e+05
   5.1469233e+05
   5.1525315e+05
   5.1646426e+05
   5.1693387e+05
   5.1750284e+05
   5.1787874e+05
   5.1868050e+05
   5.1940737e+05
   5.1989254e+05
   5.4075474e+05
   5.4145068e+05
   5.4237769e+05
   5.4296676e+05
   5.4380833e+05
   5.4433258e+05
   5.4503641e+05
   5.4575339e+05
   5.4626869e+05
   5.4738328e+05
   5.4798634e+05
   5.4868988e+05
   5.4942074e+05
   5.4993450e+05
   5.5171257e+05
   5.5236793e+05
   5.5285359e+05
   5.5338194e+05
   5.5391002e+05
   5.5458754e+05
   5.5606087e+05
   5.5640710e+05
   5.5773264e+05
   5.5863700e+05
   5.6006706e+05
   5.6065489e+05
   5.6138503e+05
   5.6332562e+05
   5.6416255e+05
   5.6482194e+05
   5.6534384e+05
   5.6598930e+05
   5.6679198e+05
   5.6743111e+05
   5.6783998e+05
   5.6863215e+05
   5.6962825e+05
   5.7020019e+05
   5.7100842e+05
   5.7154997e+05
   5.7269389e+05
   5.7361955e+05
   5.7430665e+05
   5.7472620e+05
   5.7522099e+05
   5.7558125e+05
   5.7677731e+05
   5.7742889e+05
   5.7783529e+05
   5.7926189e+05
   5.7971605e+05
   7.8082906e+05
   7.8148940e+05
   7.8237995e+05
   7.8301013e+05
   7.8348008e+05
   7.8388997e+05
   7.8671216e+05
   7.8768561e+05
   7.8821218e+05
   7.8878032e+05
   7.9135289e+05
   7.9304976e+05
   7.9483542e+05
   7.9523850e+05
   7.9628185e+05
   7.9714140e+05
   7.9777693e+05
   7.9831817e+05
   7.9925898e+05
   8.0003464e+05
   8.0052413e+05
   8.0101580e+05
   8.0245770e+05
   8.0301468e+05
   8.0460841e+05
   8.0506277e+05
   8.0546489e+05
   8.0722578e+05
   8.0797351e+05
   8.0846827e+05
   8.0930583e+05
   8.0988280e+05
   8.1062309e+05
   8.1109871e+05
   8.1241449e+05
   8.1307869e+05
   8.1360994e+05
   8.1408762e+05
   8.1452609e+05
   8.1679870e+05
   8.1762218e+05
   8.1874501e+05
   8.1987455e+05
   8.4075414e+05
   8.4125139e+05
   8.4174266e+05
   8.4300344e+05
   8.4434898e+05
   8.4605158e+05
   8.4662735e+05
   8.4749781e+05
   8.4791192e+05
   8.4871791e+05
   8.5054618e+05
   8.5118431e+05
   8.5189750e+05
   8.5238183e+05
   8.5300320e+05
   8.5378268e+05
   8.5463676e+05
   8.5527853e+05
   8.5609492e+05
   8.5644695e+05
   8.5697059e+05
   8.5756426e+05
   8.5856216e+05
   8.5940209e+05
   8.6224295e+05
   8.6374998e+05
   8.6442682e+05
   8.6834863e+05
   8.6907825e+05
   8.6959528e+05
   8.7015085e+05
   8.7072576e+05
   8.7111856e+05
   8.7166448e+05
   8.7222299e+05
   8.7261657e+05
   8.7323992e+05
   8.7392850e+05
   8.7450105e+05
   8.7502031e+05
   8.7641662e+05
   8.7738603e+05
   8.7811664e+05
   8.7859082e+05
   8.7991324e+05
   9.0080730e+05
   9.0132679e+05
   9.0185527e+05
   9.0275455e+05
   9.0313990e+05
   9.0375389e+05
   9.0428899e+05
   9.0478429e+05
   9.0547479e+05
   9.0614257e+05
   9.0669971e+05
   9.0758696e+05
   9.0812441e+05
   9.0886452e+05
   9.0947288e+05
   9.0998907e+05
   9.1044554e+05
   9.1086355e+05
   9.1154860e+05
   9.1285673e+05
   9.1350483e+05
   9.1389849e+05
   9.1438373e+05
   9.1483732e+05
   9.1576738e+05
   9.1651729e+05
   9.1704380e+05
   9.1743254e+05
   9.1782283e+05
   9.1851591e+05
   9.1947916e+05
   9.2010396e+05
   9.2041611e+05
   9.2096750e+05
   9.2204721e+05
   9.2272261e+05
   9.2406218e+05
   9.2461893e+05
   9.2739793e+05
   9.2802746e+05
   9.2857555e+05
   9.2921810e+05
   9.2973764e+05
   9.3035305e+05
   9.3133397e+05
   9.3205119e+05
   9.3272939e+05
   9.3310360e+05
   9.3400919e+05
   9.3440221e+05
   9.3491676e+05
   9.3541748e+05
   9.3616423e+05
   9.3720023e+05
   9.3782424e+05
   9.3855171e+05
   9.3922136e+05
   9.3957361e+05
   9.6107577e+05
   9.6190253e+05
   9.6310612e+05
   9.6391641e+05
   9.6458734e+05
   9.6564345e+05
   9.6605283e+05
   9.6666761e+05
   9.6722582e+05
   9.6768117e+05
   9.6806826e+05
   9.6895098e+05
   9.6980414e+05
   9.7082524e+05
   9.7136062e+05
   9.7181052e+05
   9.7234783e+05
   9.7278793e+05
   9.7322490e+05
   9.7372319e+05
   9.7472903e+05
   9.7512728e+05
   9.7593466e+05
   9.7663202e+05
   9.7738541e+05
   9.7827041e+05
   9.7879086e+05
   9.7959335e+05
   9.8038041e+05
   9.8107092e+05
   9.8171592e+05
   9.8228486e+05
   9.8275991e+05
   9.8340046e+05
   9.8402137e+05
   9.8450662e+05
   9.8487723e+05
   9.8541692e+05
   9.8621849e+05
   9.8688184e+05
   9.8731933e+05
   9.8820986e+05
   9.8888649e+05
   9.8973152e+05
   9.9120392e+05
   9.9207970e+05
   9.9271010e+05
   9.9312524e+05
   9.9370652e+05
   9.9536957e+05
   9.9592068e+05
   9.9670763e+05
   9.9762806e+05
   9.9862005e+05
   9.9915652e+05
   1.0203813e+06
   1.0211623e+06
   1.0216822e+06
   1.0221355e+06
   1.0227757e+06
   1.0233317e+06
   1.0240448e+06
   1.0247354e+06
   1.0255769e+06
   1.0260780e+06
   1.0275101e+06
   1.0280947e+06
   1.0287273e+06
   1.0295709e+06
   1.0301223e+06
   1.0310643e+06
   1.0316730e+06
   1.0322428e+06
   1.0331158e+06
   1.0336800e+06
   1.0342767e+06
   1.0348344e+06
   1.0361001e+06
   1.0366769e+06
   1.0372074e+06
   1.0375825e+06
   1.0383956e+06
   1.0391250e+06
   1.0396183e+06
   1.0402491e+06
   1.0405679e+06
   1.0412544e+06
   1.0419546e+06
   1.0423475e+06
   1.0429299e+06
   1.0436009e+06
   1.0440055e+06
   1.0446130e+06
   1.0452224e+06
   1.0456019e+06
   1.0464193e+06
   1.0478526e+06
   1.0497586e+06
   1.0504424e+06
   1.0513336e+06
   1.0519953e+06
   1.0528411e+06
   1.0532561e+06
   1.0536623e+06
   1.0541116e+06
   1.0546005e+06
   1.0551896e+06
   1.0556623e+06
   1.0563109e+06
   1.0567602e+06
   1.0575669e+06
   1.0584899e+06
   1.0591617e+06
   1.0596457e+06
   1.0807688e+06
   1.0817001e+06
   1.0822670e+06
   1.0827310e+06
   1.0831699e+06
   1.0909124e+06
   1.0914050e+06
   1.0918931e+06
   1.0923596e+06
   1.0929005e+06
   1.0938324e+06
   1.0944190e+06
   1.0950452e+06
   1.0958546e+06
   1.0965019e+06
   1.0983476e+06
   1.0989041e+06
   1.0994533e+06
   1.0998113e+06
   1.1003471e+06
   1.1011029e+06
   1.1016683e+06
   1.1022099e+06
   1.1033400e+06
   1.1037333e+06
   1.1043707e+06
   1.1126096e+06
   1.1137730e+06
   1.1141693e+06
   1.1147558e+06
   1.1150450e+06
   1.1157331e+06
   1.1162977e+06
   1.1167413e+06
   1.1171691e+06
   1.1187994e+06
   1.1193814e+06
   1.1410492e+06
   1.1413971e+06
   1.1421638e+06
   1.1427545e+06
   1.1431706e+06
   1.1436214e+06
   1.1443272e+06
   1.1448259e+06
   1.1452526e+06
   1.1457827e+06
   1.1464003e+06
   1.1469718e+06
   1.1482080e+06
   1.1486698e+06
   1.1491721e+06
   1.1496373e+06
   1.1504824e+06
   1.1510251e+06
   1.1514200e+06
   1.1519429e+06
   1.1524363e+06
   1.1527963e+06
   1.1533310e+06
   1.1545428e+06
   1.1552645e+06
   1.1569400e+06
   1.1576486e+06
   1.1581373e+06
   1.1588926e+06
   1.1594542e+06
   1.1602048e+06
   1.1607220e+06
   1.1613806e+06
   1.1620013e+06
   1.1625708e+06
   1.1631835e+06
   1.1638787e+06
   1.1646142e+06
   1.1654134e+06
   1.1659087e+06
   1.1667114e+06
   1.1672674e+06
   1.1679964e+06
   1.1683204e+06
   1.1690662e+06
   1.1698368e+06
   1.2008080e+06
   1.2017133e+06
   1.2020857e+06
   1.2026767e+06
   1.2033458e+06
   1.2043901e+06
   1.2050759e+06
   1.2057399e+06
   1.2063244e+06
   1.2067120e+06
   1.2077482e+06
   1.2083243e+06
   1.2087122e+06
   1.2097044e+06
   1.2105482e+06
   1.2111088e+06
   1.2120571e+06
   1.2128929e+06
   1.2135168e+06
   1.2142042e+06
   1.2145401e+06
   1.2149908e+06
   1.2155373e+06
   1.2160974e+06
   1.2166164e+06
   1.2171595e+06
   1.2178557e+06
   1.2190110e+06
   1.2195156e+06
   1.2206939e+06
   1.2222683e+06
   1.2229599e+06
   1.2236830e+06
   1.2245598e+06
   1.2253695e+06
   1.2261744e+06
   1.2268221e+06
   1.2277089e+06
   1.2282570e+06
   1.2286385e+06
   1.2294531e+06
   1.2300591e+06
   1.2310708e+06
   1.2320797e+06
   1.2329656e+06
   1.2333887e+06
   1.2344802e+06
   1.2351080e+06
   1.2359687e+06
   1.2368938e+06
   1.2372861e+06
   1.2376759e+06
   1.2384109e+06
   1.2393121e+06
   1.2605263e+06
   1.2614696e+06
   1.2625503e+06
   1.2630741e+06
   1.2634015e+06
   1.2639937e+06
   1.2649015e+06
   1.2653887e+06
   1.2664779e+06
   1.2670499e+06
   1.2678185e+06
   1.2683037e+06
   1.2691574e+06
   1.2696085e+06
   1.2702518e+06
   1.2708887e+06
   1.2715880e+06
   1.2720911e+06
   1.2726948e+06
   1.2733182e+06
   1.2740437e+06
   1.2747609e+06
   1.2753394e+06
   1.2760666e+06
   1.2764439e+06
   1.2769102e+06
   1.2775737e+06
   1.2784749e+06
   1.2791702e+06
   1.2798595e+06
   1.2802772e+06
   1.2806842e+06
   1.2813944e+06
   1.2819443e+06
   1.2824283e+06
   1.2828912e+06
   1.2834185e+06
   1.2840895e+06
   1.2847100e+06
   1.2850933e+06
   1.2855524e+06
   1.2859059e+06
   1.2864908e+06
   1.2869958e+06
   1.2873074e+06
   1.2878034e+06
   1.2885546e+06
   1.2896511e+06
   1.2901346e+06
   1.2906825e+06
   1.2913064e+06
   1.2917401e+06
   1.2922406e+06
   1.2928790e+06
   1.2934768e+06
   1.2939002e+06
   1.2951744e+06
   1.2963448e+06
   1.2970940e+06
   1.2977589e+06
   1.2981834e+06
   1.2986922e+06
   1.2992173e+06
   1.2998254e+06
   1.3205900e+06
   1.3209067e+06
   1.3216010e+06
   1.3219867e+06
   1.3225123e+06
   1.3228964e+06
   1.3233764e+06
   1.3239776e+06
   1.3268878e+06
   1.3273992e+06
   1.3277980e+06
   1.3285752e+06
   1.3299684e+06
   1.3306087e+06
   1.3314242e+06
   1.3324412e+06
   1.3334532e+06
   1.3340257e+06
   1.3344436e+06
   1.3352713e+06
   1.3358636e+06
   1.3364634e+06
   1.3369683e+06
   1.3377580e+06
   1.3382393e+06
   1.3386825e+06
   1.3392372e+06
   1.3396750e+06
   1.3402318e+06
   1.3407831e+06
   1.3415309e+06
   1.3435834e+06
   1.3444976e+06
   1.3449555e+06
   1.3456687e+06
   1.3461096e+06
   1.3470562e+06
   1.3474825e+06
   1.3508812e+06
   1.3517681e+06
   1.3522735e+06
   1.3529043e+06
   1.3532862e+06
   1.3538629e+06
   1.3544686e+06
   1.3553605e+06
   1.3557696e+06
   1.3561571e+06
   1.3571368e+06
   1.3579807e+06
   1.3584908e+06
   1.3588543e+06
   1.3596020e+06
   1.3805006e+06
   1.3809798e+06
   1.3821422e+06
   1.3826598e+06
   1.3831125e+06
   1.3844485e+06
   1.3848331e+06
   1.3857853e+06
   1.3863377e+06
   1.3869471e+06
   1.3876405e+06
   1.3881997e+06
   1.3892481e+06
   1.3899207e+06
   1.3902963e+06
   1.3909599e+06
   1.3914138e+06
   1.3923387e+06
   1.3928701e+06
   1.3935678e+06
   1.3941406e+06
   1.3948916e+06
   1.3954073e+06
   1.3958827e+06
   1.3962663e+06
   1.3969583e+06
   1.3977810e+06
   1.3982659e+06
   1.3990562e+06
   1.3994305e+06
   1.3998950e+06
   1.4009373e+06
   1.4020337e+06
   1.4027498e+06
   1.4033215e+06
   1.4041857e+06
   1.4053758e+06
   1.4062315e+06
   1.4068406e+06
   1.4077154e+06
   1.4087634e+06
   1.4093552e+06
   1.4098127e+06
   1.4103249e+06
   1.4107057e+06
   1.4113038e+06
   1.4117137e+06
   1.4123769e+06
   1.4128064e+06
   1.4141430e+06
   1.4145468e+06
   1.4150564e+06
   1.4157490e+06
   1.4162708e+06
   1.4191075e+06
   1.4194198e+06
   1.4404891e+06
   1.4408991e+06
   1.4415088e+06
   1.4420026e+06
   1.4428326e+06
   1.4432058e+06
   1.4443852e+06
   1.4451080e+06
   1.4455850e+06
   1.4463716e+06
   1.4483396e+06
   1.4488466e+06
   1.4494141e+06
   1.4501849e+06
   1.4510101e+06
   1.4515119e+06
   1.4519496e+06
   1.4525214e+06
   1.4562585e+06
   1.4571253e+06
   1.4586454e+06
   1.4592149e+06
   1.4598025e+06
   1.4604249e+06
   1.4609392e+06
   1.4615971e+06
   1.4621804e+06
   1.4627383e+06
   1.4632392e+06
   1.4642765e+06
   1.4648750e+06
   1.4653060e+06
   1.4658988e+06
   1.4662680e+06
   1.4667489e+06
   1.4672154e+06
   1.4680362e+06
   1.4686488e+06
   1.4694852e+06
   1.4702444e+06
   1.4708357e+06
   1.4714049e+06
   1.4720701e+06
   1.4728867e+06
   1.4734181e+06
   1.4742180e+06
   1.4749723e+06
   1.4754025e+06
   1.4760622e+06
   1.4764839e+06
   1.4769353e+06
   1.4773125e+06
   1.4778007e+06
   1.4783271e+06
   1.4796549e+06
   1.5007532e+06
   1.5012962e+06
   1.5019004e+06
   1.5023069e+06
   1.5028859e+06
   1.5033331e+06
   1.5039258e+06
   1.5043308e+06
   1.5055235e+06
   1.5060726e+06
   1.5065232e+06
   1.5070945e+06
   1.5075370e+06
   1.5083146e+06
   1.5090943e+06
   1.5109375e+06
   1.5116119e+06
   1.5120504e+06
   1.5126001e+06
   1.5175472e+06
   1.5179738e+06
   1.5187335e+06
   1.5193188e+06
   1.5201296e+06
   1.5205788e+06
   1.5212566e+06
   1.5219564e+06
   1.5228338e+06
   1.5234093e+06
   1.5239288e+06
   1.5243243e+06
   1.5251547e+06
   1.5257693e+06
   1.5263470e+06
   1.5268313e+06
   1.5274706e+06
   1.5279785e+06
   1.5297215e+06
   1.5302860e+06
   1.5307571e+06
   1.5317048e+06
   1.5323344e+06
   1.5328308e+06
   1.5335014e+06
   1.5338753e+06
   1.5346422e+06
   1.5350585e+06
   1.5357362e+06
   1.5363900e+06
   1.5371448e+06
   1.5377804e+06
   1.5393340e+06
   1.5397235e+06
   1.5604565e+06
   1.5611376e+06
   1.5615045e+06
   1.5635806e+06
   1.5641196e+06
   1.5645468e+06
   1.5656119e+06
   1.5664755e+06
   1.5673269e+06
   1.5677346e+06
   1.5686239e+06
   1.5692030e+06
   1.5697790e+06
   1.5703082e+06
   1.5710063e+06
   1.5719281e+06
   1.5725989e+06
   1.5734106e+06
   1.5738432e+06
   1.5750156e+06
   1.5754716e+06
   1.5761745e+06
   1.5770486e+06
   1.5775493e+06
   1.5782192e+06
   1.5790239e+06
   1.5795945e+06
   1.5807468e+06
   1.5811880e+06
   1.5816005e+06
   1.5829132e+06
   1.5833503e+06
   1.5836598e+06
   1.5840586e+06
   1.5844154e+06
   1.5868796e+06
   1.5877335e+06
   1.5880543e+06
   1.5888364e+06
   1.5893724e+06
   1.5900835e+06
   1.5912611e+06
   1.5918611e+06
   1.5923789e+06
   1.5933695e+06
   1.5941851e+06
   1.5953262e+06
   1.5958598e+06
   1.5963596e+06
   1.5968431e+06
   1.5974485e+06
   1.5983767e+06
   1.5988880e+06
   1.5995051e+06
   1.5999510e+06
   1.6205952e+06
   1.6209482e+06
   1.6225478e+06
   1.6230394e+06
   1.6236560e+06
   1.6240458e+06
   1.6245046e+06
   1.6249101e+06
   1.6254636e+06
   1.6266132e+06
   1.6271795e+06
   1.6280686e+06
   1.6287799e+06
   1.6291821e+06
   1.6298429e+06
   1.6307073e+06
   1.6316115e+06
   1.6347307e+06
   1.6352837e+06
   1.6358606e+06
   1.6362945e+06
   1.6369664e+06
   1.6378652e+06
   1.6387788e+06
   1.6394153e+06
   1.6400694e+06
   1.6407300e+06
   1.6421105e+06
   1.6430260e+06
   1.6442530e+06
   1.6449433e+06
   1.6455175e+06
   1.6463461e+06
   1.6468005e+06
   1.6480223e+06
   1.6484989e+06
   1.6489352e+06
   1.6496450e+06
   1.6502220e+06
   1.6510490e+06
   1.6515374e+06
   1.6519748e+06
   1.6525228e+06
   1.6529880e+06
   1.6536689e+06
   1.6543287e+06
   1.6552442e+06
   1.6558608e+06
   1.6564064e+06
   1.6571081e+06
   1.6575229e+06
   1.6581155e+06
   1.6593884e+06
   1.6803730e+06
   1.6813753e+06
   1.6820407e+06
   1.7403697e+06
   1.7408755e+06
   1.7414354e+06
   1.7419901e+06
   1.7426524e+06
   1.7432667e+06
   1.7439177e+06
   1.7447447e+06
   1.7459252e+06
   1.7470465e+06
   1.7476797e+06
   1.7482150e+06
   1.7485729e+06
   1.7491212e+06
   1.7495920e+06
   1.7500529e+06
   1.7507215e+06
   1.7512357e+06
   1.7518585e+06
   1.7527533e+06
   1.7536079e+06
   1.7549535e+06
   1.7558156e+06
   1.7562485e+06
   1.7578633e+06
   1.7587643e+06
   1.7591403e+06
   1.7596088e+06
   1.7614393e+06
   1.7619853e+06
   1.7624373e+06
   1.7629568e+06
   1.7635228e+06
   1.7640548e+06
   1.7645771e+06
   1.7652257e+06
   1.7659948e+06
   1.7664456e+06
   1.7670354e+06
   1.7675642e+06
   1.7679208e+06
   1.7690602e+06
   1.7696649e+06
   1.7706913e+06
   1.7744422e+06
   1.7752226e+06
   1.7756624e+06
   1.7762706e+06
   1.7767892e+06
   1.7776722e+06
   1.7780058e+06
   1.7784097e+06
   1.7789200e+06
   1.7799610e+06
   1.8005073e+06
   1.8009719e+06
   1.8014012e+06
   1.8018873e+06
   1.8024389e+06
   1.8030344e+06
   1.8037168e+06
   1.8042627e+06
   1.8063450e+06
   1.8068043e+06
   1.8072152e+06
   1.8077888e+06
   1.8084200e+06
   1.8091643e+06
   1.8096982e+06
   1.8103564e+06
   1.8108676e+06
   1.8134799e+06
   1.8138186e+06
   1.8144462e+06
   1.8149015e+06
   1.8155690e+06
   1.8160190e+06
   1.8166036e+06
   1.8170674e+06
   1.8176398e+06
   1.8186529e+06
   1.8192724e+06
   1.8201980e+06
   1.8207344e+06
   1.8214405e+06
   1.8217714e+06
   1.8223951e+06
   1.8229692e+06
   1.8241405e+06
   1.8247847e+06
   1.8255816e+06
   1.8261326e+06
   1.8266821e+06
   1.8273495e+06
   1.8277735e+06
   1.8284895e+06
   1.8292637e+06
   1.8300498e+06
   1.8314840e+06
   1.8321833e+06
   1.8330467e+06
   1.8344177e+06
   1.8348494e+06
   1.8353200e+06
   1.8371985e+06
   1.8376809e+06
   1.8383762e+06
   1.8392163e+06
   1.8397291e+06
   1.8605015e+06
   1.8610033e+06
   1.8617169e+06
   1.8622644e+06
   1.8628326e+06
   1.8636496e+06
   1.8643742e+06
   1.8656521e+06
   1.8660978e+06
   1.8666478e+06
   1.8671909e+06
   1.8676138e+06
   1.8681412e+06
   1.8688539e+06
   1.8694692e+06
   1.8699314e+06
   1.8703626e+06
   1.8708635e+06
   1.8712669e+06
   1.8719031e+06
   1.8725098e+06
   1.8734162e+06
   1.8742230e+06
   1.8745714e+06
   1.8749620e+06
   1.8756017e+06
   1.8766093e+06
   1.8771539e+06
   1.8802717e+06
   1.8808242e+06
   1.8814214e+06
   1.8821499e+06
   1.8829735e+06
   1.8836148e+06
   1.8844072e+06
   1.8850060e+06
   1.8859501e+06
   1.8866108e+06
   1.8871145e+06
   1.8878140e+06
   1.8884551e+06
   1.8889180e+06
   1.8894983e+06
   1.8901910e+06
   1.8909328e+06
   1.8914860e+06
   1.8920407e+06
   1.8924153e+06
   1.8958937e+06
   1.8964586e+06
   1.8971855e+06
   1.8977847e+06
   1.8987099e+06
   1.8993567e+06
   1.8350568e+06
   1.8356687e+06
   1.8363737e+06
   1.8371447e+06
   1.8376052e+06
   1.8381349e+06
   1.8389180e+06
   1.8604319e+06
   1.8609929e+06
   1.8616341e+06
   1.8633469e+06
   1.8642798e+06
   1.8650358e+06
   1.8662501e+06
   1.8668369e+06
   1.8673531e+06
   1.8680484e+06
   1.8692971e+06
   1.8702929e+06
   1.8707270e+06
   1.8712637e+06
   1.8720934e+06
   1.8733231e+06
   1.8740145e+06
   1.8744494e+06
   1.8748518e+06
   1.8769483e+06
   1.8775354e+06
   1.8783976e+06
   1.8787672e+06
   1.8804200e+06
   1.8810791e+06
   1.8820729e+06
   1.8829907e+06
   1.8836318e+06
   1.8839873e+06
   1.8846220e+06
   1.8851804e+06
   1.8858650e+06
   1.8864563e+06
   1.8871144e+06
   1.8891197e+06
   1.8898923e+06
   1.8903487e+06
   1.8908498e+06
   1.8913325e+06
   1.8926102e+06
   1.8932043e+06
   1.8941836e+06
   1.8947926e+06
   1.8953351e+06
   1.8960136e+06
   1.8965523e+06
   1.8971466e+06
   1.8976633e+06
   1.8987999e+06
   1.8993008e+06
   1.8998456e+06
   1.8984045e+06
   1.8988930e+06
   1.8994733e+06
   1.8999550e+06
   1.8310442e+06
   1.8318476e+06
   1.8325816e+06
   1.8333375e+06
   1.8338361e+06
   1.8344196e+06
   1.8349361e+06
   1.8355740e+06
   1.8363258e+06
   1.8368367e+06
   1.8376293e+06
   1.8385448e+06
   1.8388642e+06
   1.8398678e+06
   1.8611900e+06
   1.8625870e+06
   1.8635375e+06
   1.8643552e+06
   1.8652223e+06
   1.8655836e+06
   1.8690604e+06
   1.8700273e+06
   1.8704027e+06
   1.8713129e+06
   1.8719966e+06
   1.8726477e+06
   1.8731513e+06
   1.8739430e+06
   1.8743814e+06
   1.8752380e+06
   1.8813787e+06
   1.8818452e+06
   1.8826158e+06
   1.8831801e+06
   1.8837052e+06
   1.8842857e+06
   1.8851245e+06
   1.8855328e+06
   1.8863976e+06
   1.8869906e+06
   1.8876518e+06
   1.8895294e+06
   1.8922695e+06
   1.8954610e+06
   1.8959075e+06
   1.8965547e+06
   1.8970282e+06
   1.8977583e+06
   1.8982270e+06
   1.8985058e+06
   1.8993890e+06
   1.8959729e+06
   1.8968253e+06
   1.8973276e+06
   1.8978008e+06
   1.8986747e+06
   1.8993709e+06
   1.8992515e+06
   1.8997598e+06
   1.8870653e+06
   1.8876197e+06
   1.8880588e+06
   1.8890768e+06
   1.8895794e+06
   1.8904704e+06
   1.8909453e+06
   1.8915717e+06
   1.8920655e+06
   1.8925208e+06
   1.8935567e+06
   1.8942214e+06
   1.8948751e+06
   1.8952941e+06
   1.8958586e+06
   1.8968779e+06
   1.8976112e+06
   1.8980781e+06
   1.8990786e+06
   1.8999642e+06
   1.8929295e+06
   1.8933550e+06
   1.8941007e+06
   1.8949676e+06
   1.8955801e+06
   1.8964951e+06
   1.8971269e+06
   1.8977853e+06
   1.8985355e+06
   1.8991428e+06
   1.8999029e+06
