   3.0122320e+02
   1.1168066e+03
   1.5866153e+03
   2.4910460e+03
   3.3925038e+03
   4.5674589e+03
   5.7788756e+03
   7.3587523e+03
   7.6736495e+03
   8.5390867e+03
   8.8545958e+03
   9.1861892e+03
   9.5175159e+03
   9.8079718e+03
   1.0349895e+04
   1.0871207e+04
   1.1414762e+04
   1.2789801e+04
   1.3113276e+04
   1.8118274e+04
   1.8462021e+04
   1.9350215e+04
   2.0544050e+04
   2.1838026e+04
   2.2246926e+04
   2.9174372e+04
   3.1724437e+04
   3.1980567e+04
   3.3613042e+04
   3.4033599e+04
   3.4299936e+04
   4.0217201e+04
   4.0419642e+04
   4.0581422e+04
   4.0715314e+04
   4.0881773e+04
   4.0896606e+04
   4.1095062e+04
   4.1385676e+04
   4.1657693e+04
   4.1879848e+04
   4.2106719e+04
   4.2258658e+04
   4.2512296e+04
   4.2755532e+04
   4.2983116e+04
   4.3139953e+04
   4.3300135e+04
   4.3476524e+04
   4.3685102e+04
   4.3840234e+04
   4.4021968e+04
   4.4354738e+04
   4.4659874e+04
   4.5060406e+04
   4.5264723e+04
   4.5381030e+04
   4.5548976e+04
   4.5711327e+04
   4.5931442e+04
   4.6117580e+04
   4.6274546e+04
   4.6499792e+04
   4.6744182e+04
   4.6951114e+04
   4.7210138e+04
   4.7361781e+04
   4.7587104e+04
   4.7724204e+04
   4.7896627e+04
   4.8258715e+04
   4.8449985e+04
   4.8624545e+04
   4.8780996e+04
   4.8927895e+04
   4.9107336e+04
   4.9285202e+04
   4.9515778e+04
   4.9783609e+04
   4.9929962e+04
   5.0055037e+04
   5.0199431e+04
   5.0366045e+04
   5.0543340e+04
   5.0723258e+04
   5.0924596e+04
   5.1095461e+04
   5.1300399e+04
   5.1485332e+04
   5.1658316e+04
   5.1973623e+04
   5.2179296e+04
   5.2347006e+04
   5.2587360e+04
   5.2722273e+04
   5.2917423e+04
   5.3192594e+04
   5.3367601e+04
   5.3576347e+04
   5.3791229e+04
   5.3970715e+04
   5.5017170e+04
   5.6243853e+04
   5.6968939e+04
   5.8185606e+04
   5.8737734e+04
   5.8924964e+04
   5.9830294e+04
   6.0261411e+04
   6.0651611e+04
   6.1237837e+04
   6.1729436e+04
   6.3889548e+04
   7.0766867e+04
   7.6679770e+04
   7.7530740e+04
   7.7846331e+04
   7.8267374e+04
   7.9510013e+04
   8.0047362e+04
   8.0438936e+04
   8.0892048e+04
   8.1821087e+04
   8.2120155e+04
   8.2449896e+04
   8.3461963e+04
   8.5913938e+04
   8.6905796e+04
   8.7223868e+04
   8.8395824e+04
   8.8758536e+04
   8.9320477e+04
   9.4067186e+04
   9.4910670e+04
   9.5537822e+04
   9.5926486e+04
   9.6461525e+04
   9.7292685e+04
   9.7780364e+04
   9.8395145e+04
   9.8766886e+04
   1.0019602e+05
   1.0034263e+05
   1.0052513e+05
   1.0071927e+05
   1.0088362e+05
   1.0113013e+05
   1.0133584e+05
   1.0173110e+05
   1.0191442e+05
   1.0229000e+05
   1.0243233e+05
   1.0266014e+05
   1.0289172e+05
   1.0304243e+05
   1.0330339e+05
   1.0345494e+05
   1.0362747e+05
   1.0398161e+05
   1.0419193e+05
   1.0447089e+05
   1.0471530e+05
   1.0494160e+05
   1.0531320e+05
   1.0590285e+05
   1.0630244e+05
   1.0665010e+05
   1.0694734e+05
   1.0733754e+05
   1.0825336e+05
   1.0860011e+05
   1.0891875e+05
   1.0917902e+05
   1.0953364e+05
   1.0977776e+05
   1.1001674e+05
   1.1032664e+05
   1.1076946e+05
   1.1130449e+05
   1.1178568e+05
   1.1204048e+05
   1.1225790e+05
   1.1250088e+05
   1.1275105e+05
   1.1313618e+05
   1.1326336e+05
   1.1353054e+05
   1.1508779e+05
   1.1523766e+05
   1.1542569e+05
   1.1570822e+05
   1.1591090e+05
   1.1621913e+05
   1.1640740e+05
   1.1658335e+05
   1.1695102e+05
   1.1713720e+05
   1.1733375e+05
   1.1769225e+05
   1.1786302e+05
   1.1807888e+05
   1.1831563e+05
   1.1847267e+05
   1.1867783e+05
   1.1887362e+05
   1.1921274e+05
   1.1942150e+05
   1.1959596e+05
   1.1981931e+05
   1.2034049e+05
   1.2066849e+05
   1.2156607e+05
   1.2238832e+05
   1.2293667e+05
   1.2366743e+05
   1.2456822e+05
   1.2501840e+05
   1.2532719e+05
   1.2561198e+05
   1.2625345e+05
   1.2958314e+05
   1.3186122e+05
   1.3691102e+05
   1.3904351e+05
   1.3936600e+05
   1.4266164e+05
   1.4357286e+05
   1.4421287e+05
   1.4882106e+05
   1.4937537e+05
   1.4990942e+05
   1.5024057e+05
   1.5073139e+05
   1.6029874e+05
   1.6071633e+05
   1.6114893e+05
   1.6138541e+05
   1.6189565e+05
   1.6218829e+05
   1.6262964e+05
   1.6309533e+05
   1.6362754e+05
   1.6391988e+05
   1.8051027e+05
   1.8081855e+05
   1.8177585e+05
   1.8200131e+05
   1.8255461e+05
   1.8296101e+05
   1.8337728e+05
   1.8387295e+05
   1.8443603e+05
   1.8473869e+05
   1.8540270e+05
   1.8573324e+05
   1.8646217e+05
   1.8772470e+05
   1.8824751e+05
   1.8864330e+05
   1.8896203e+05
   1.8939313e+05
   1.9285254e+05
   1.9445980e+05
   2.1524266e+05
   2.1615704e+05
   2.1651529e+05
   2.1705254e+05
   2.1743344e+05
   2.1766047e+05
   2.1817771e+05
   2.1859075e+05
   2.2036769e+05
   2.2069990e+05
   2.2097217e+05
   2.2115425e+05
   2.2127875e+05
   2.2148158e+05
   2.2189819e+05
   2.2232297e+05
   2.2250471e+05
   2.2270010e+05
   2.2293021e+05
   2.2315912e+05
   2.2331925e+05
   2.2360131e+05
   2.2377295e+05
   2.2402832e+05
   2.2424606e+05
   2.2445598e+05
   2.2464845e+05
   2.2483686e+05
   2.2499428e+05
   2.2517268e+05
   2.2540461e+05
   2.2563421e+05
   2.2600132e+05
   2.2624807e+05
   2.2640335e+05
   2.2651194e+05
   2.2674635e+05
   2.2774461e+05
   2.2792251e+05
   2.2807745e+05
   2.2835600e+05
   2.2853810e+05
   2.2881257e+05
   2.2898584e+05
   2.2919310e+05
   2.2940267e+05
   2.2962174e+05
   2.2980297e+05
   2.2996114e+05
   2.3017434e+05
   2.3037515e+05
   2.3055688e+05
   2.3077361e+05
   2.3095133e+05
   2.3116928e+05
   2.3143808e+05
   2.3172478e+05
   2.3234223e+05
   2.3250005e+05
   2.3271723e+05
   2.3286133e+05
   2.3309242e+05
   2.3336189e+05
   2.3354910e+05
   2.3379048e+05
   2.3440796e+05
   2.3461433e+05
   2.3493329e+05
   2.3515486e+05
   2.3540400e+05
   2.3583538e+05
   2.3601280e+05
   2.3627755e+05
   2.3698632e+05
   2.3730869e+05
   2.3765785e+05
   2.3814051e+05
   2.3911488e+05
   2.3936635e+05
   2.3980580e+05
   2.4026912e+05
   2.4118975e+05
   2.4256891e+05
   2.4304663e+05
   2.4361245e+05
   2.4523169e+05
   2.4555806e+05
   2.4585165e+05
   2.4624263e+05
   2.4670489e+05
   2.4819848e+05
   2.4856501e+05
   2.4926698e+05
   2.4982547e+05
   2.5030515e+05
   2.5059070e+05
   2.5102203e+05
   2.5196017e+05
   2.5271044e+05
   2.5307823e+05
   2.5347633e+05
   2.5367194e+05
   2.5403159e+05
   2.5512888e+05
   2.5540869e+05
   2.5675685e+05
   2.5721260e+05
   2.5859026e+05
   2.5903528e+05
   2.5954230e+05
   2.5997816e+05
   2.6059140e+05
   2.6097874e+05
   2.6127909e+05
   2.6357661e+05
   2.6646803e+05
   2.6689573e+05
   2.6774713e+05
   2.7001873e+05
   2.7069042e+05
   2.7102320e+05
   2.7178639e+05
   2.7215923e+05
   2.7366184e+05
   2.7400417e+05
   2.7456100e+05
   2.7477777e+05
   2.7708129e+05
   2.8013530e+05
   2.8031037e+05
   2.8045706e+05
   2.8061883e+05
   2.8078785e+05
   2.8099279e+05
   2.8114937e+05
   2.8127659e+05
   2.8143723e+05
   2.8155990e+05
   2.8175012e+05
   2.8198026e+05
   2.8216215e+05
   2.8234115e+05
   2.8249326e+05
   2.8267203e+05
   2.8286262e+05
   2.8306206e+05
   2.8320901e+05
   2.8339356e+05
   2.8350311e+05
   2.8383685e+05
   2.8406678e+05
   2.8417749e+05
   2.8432097e+05
   2.8452293e+05
   2.8465701e+05
   2.8480812e+05
   2.8501490e+05
   2.8521928e+05
   2.8538297e+05
   2.8552540e+05
   2.8571785e+05
   2.8594819e+05
   2.8611816e+05
   2.8640951e+05
   2.8655875e+05
   2.8676413e+05
   2.8696402e+05
   2.8729188e+05
   2.8748040e+05
   2.8780042e+05
   2.8798669e+05
   2.8826477e+05
   2.8838969e+05
   2.8862485e+05
   2.8878952e+05
   2.8899577e+05
   2.8910108e+05
   2.8922337e+05
   2.8937829e+05
   2.8958545e+05
   2.8973516e+05
   2.8998221e+05
   2.9015564e+05
   2.9030728e+05
   2.9050583e+05
   2.9072259e+05
   2.9091004e+05
   2.9110569e+05
   2.9127938e+05
   2.9152080e+05
   2.9170995e+05
   2.9201007e+05
   2.9212893e+05
   2.9230169e+05
   2.9256673e+05
   2.9278024e+05
   2.9310659e+05
   2.9331966e+05
   2.9345577e+05
   2.9377863e+05
   2.9396053e+05
   2.9441004e+05
   2.9473612e+05
   2.9493988e+05
   2.9511027e+05
   2.9533597e+05
   2.9551579e+05
   2.9565671e+05
   2.9580072e+05
   2.9598912e+05
   2.9614319e+05
   2.9637232e+05
   2.9658578e+05
   2.9685561e+05
   2.9708731e+05
   2.9720529e+05
   2.9737364e+05
   2.9761534e+05
   2.9782770e+05
   2.9798262e+05
   2.9822374e+05
   2.9839477e+05
   2.9863397e+05
   2.9880574e+05
   2.9903219e+05
   2.9923847e+05
   2.9937841e+05
   2.9964343e+05
   3.0046299e+05
   3.0108959e+05
   3.0147456e+05
   3.0181540e+05
   3.0210210e+05
   3.0241034e+05
   3.3562468e+05
   3.3629361e+05
   3.3679853e+05
   3.4024278e+05
   3.4045516e+05
   3.4064880e+05
   3.4092839e+05
   3.4108331e+05
   3.4147058e+05
   3.4171285e+05
   3.4190981e+05
   3.4204234e+05
   3.4254988e+05
   3.4298814e+05
   3.4316300e+05
   3.4329888e+05
   3.4350888e+05
   3.4370453e+05
   3.4391299e+05
   3.4407333e+05
   3.4439224e+05
   3.4454849e+05
   3.4482611e+05
   3.4513279e+05
   3.4545707e+05
   3.4571860e+05
   3.4597578e+05
   3.4616444e+05
   3.4640810e+05
   3.4660421e+05
   3.4688608e+05
   3.4732427e+05
   3.4762871e+05
   3.4858520e+05
   3.4882556e+05
   3.4922324e+05
   3.4952764e+05
   3.4973197e+05
   3.5026609e+05
   3.5050028e+05
   3.5081601e+05
   3.5133214e+05
   3.5159119e+05
   3.5190215e+05
   3.5209441e+05
   3.5256386e+05
   3.5293866e+05
   3.5333397e+05
   3.5365828e+05
   3.5399343e+05
   3.5452525e+05
   3.5479263e+05
   3.5509304e+05
   3.5533288e+05
   3.5606131e+05
   3.5631979e+05
   3.5654460e+05
   3.5675490e+05
   3.5698519e+05
   3.5720633e+05
   3.5772382e+05
   3.5865840e+05
   3.5979049e+05
   3.6030059e+05
   3.6263394e+05
   3.6355109e+05
   3.6401387e+05
   3.7004218e+05
   3.7038109e+05
   3.7056988e+05
   3.7099192e+05
   3.7131505e+05
   3.7193376e+05
   3.7246550e+05
   3.7268446e+05
   3.7313965e+05
   3.7394454e+05
   3.7439781e+05
   3.7485854e+05
   3.7779209e+05
   3.7819228e+05
   3.7860359e+05
   3.7900838e+05
   3.7957969e+05
   3.8033360e+05
   3.8149401e+05
   3.8237999e+05
   3.8324284e+05
   3.8392124e+05
   3.8439858e+05
   3.8469999e+05
   3.8515483e+05
   3.8536756e+05
   3.8590514e+05
   3.8633098e+05
   3.8717885e+05
   3.8907322e+05
   3.9001779e+05
   3.9065449e+05
   3.9115620e+05
   3.9166451e+05
   4.0023215e+05
   4.0037850e+05
   4.0074582e+05
   4.0101685e+05
   4.0119265e+05
   4.0137716e+05
   4.0157230e+05
   4.0175153e+05
   4.0204752e+05
   4.0223956e+05
   4.0247939e+05
   4.0261436e+05
   4.0287807e+05
   4.0306673e+05
   4.0330077e+05
   4.0349021e+05
   4.0371696e+05
   4.0392655e+05
   4.0420818e+05
   4.0436775e+05
   4.0455393e+05
   4.0472022e+05
   4.0493576e+05
   4.0523566e+05
   4.0565454e+05
   4.0576973e+05
   4.0593880e+05
   4.0620003e+05
   4.0637191e+05
   4.0653088e+05
   4.0837099e+05
   4.0863687e+05
   4.0883085e+05
   4.0902597e+05
   4.0936742e+05
   4.1013164e+05
   4.1030552e+05
   4.1063152e+05
   4.1149030e+05
   4.1191886e+05
   4.1218192e+05
   4.1258560e+05
   4.1293849e+05
   4.1313557e+05
   4.1344656e+05
   4.1363828e+05
   4.1383644e+05
   4.1443585e+05
   4.1457443e+05
   4.1471529e+05
   4.1490747e+05
   4.1505532e+05
   4.1532429e+05
   4.1554917e+05
   4.1568632e+05
   4.1591039e+05
   4.1611483e+05
   4.1625192e+05
   4.1650301e+05
   4.1666100e+05
   4.1688384e+05
   4.1706240e+05
   4.1745846e+05
   4.1765604e+05
   4.1780666e+05
   4.1801323e+05
   4.1819161e+05
   4.1836570e+05
   4.1853686e+05
   4.1873458e+05
   4.1888970e+05
   4.1910836e+05
   4.1932985e+05
   4.1953105e+05
   4.1978471e+05
   4.2047503e+05
   4.2074528e+05
   4.2171932e+05
   4.2240157e+05
   4.2266819e+05
   4.2298796e+05
   4.2340141e+05
   4.2442941e+05
   4.2506843e+05
   4.2914198e+05
   4.3085949e+05
   4.3201851e+05
   4.3351955e+05
   4.3374456e+05
   4.3406198e+05
   4.3483944e+05
   4.3509781e+05
   4.3582096e+05
   4.3659227e+05
   4.3839484e+05
   4.4064526e+05
   4.4103720e+05
   4.4509795e+05
   4.4544893e+05
   4.4593542e+05
   4.4630645e+05
   4.4666084e+05
   4.4697822e+05
   4.4817708e+05
   4.5312847e+05
   4.5585191e+05
   4.5618574e+05
   4.5681242e+05
   4.5724054e+05
   4.5787882e+05
   4.5841653e+05
   4.5897252e+05
   4.7073879e+05
   4.7131589e+05
   4.7233933e+05
   4.7252160e+05
   4.7293225e+05
   4.7327471e+05
   4.7366993e+05
   4.7426753e+05
   4.7449058e+05
   4.7465436e+05
   4.7481366e+05
   4.7495189e+05
   4.7509959e+05
   4.7523797e+05
   4.7535974e+05
   4.7549315e+05
   4.7561239e+05
   4.7577168e+05
   4.7594538e+05
   4.7611325e+05
   4.7624973e+05
   4.7640078e+05
   4.7651159e+05
   4.7665376e+05
   4.7680330e+05
   4.7690567e+05
   4.7704041e+05
   4.7716683e+05
   4.7729414e+05
   4.7738744e+05
   4.7750088e+05
   4.7764076e+05
   4.7776921e+05
   4.7812914e+05
   4.7828376e+05
   4.7846099e+05
   4.7863628e+05
   4.7877354e+05
   4.7893509e+05
   4.7908147e+05
   4.7920100e+05
   4.7937682e+05
   4.7951245e+05
   4.7967425e+05
   4.7982337e+05
   4.7997484e+05
   4.8073526e+05
   4.8106574e+05
   4.8163108e+05
   4.8245043e+05
   4.8302141e+05
   4.8372693e+05
   4.8406543e+05
   4.8431480e+05
   4.8460798e+05
   4.8484023e+05
   4.8594769e+05
   4.8710014e+05
   4.8730623e+05
   4.8839614e+05
   4.8869537e+05
   4.8892661e+05
   4.8980944e+05
   4.9047987e+05
   4.9077513e+05
   4.9152056e+05
   4.9206247e+05
   4.9256470e+05
   4.9295991e+05
   4.9392762e+05
   4.9461803e+05
   4.9488278e+05
   5.0226318e+05
   5.0288625e+05
   5.0552044e+05
   5.0605366e+05
   5.0669669e+05
   5.0751442e+05
   5.0821729e+05
   5.0859396e+05
   5.0892762e+05
   5.0937353e+05
   5.0985874e+05
   5.1014826e+05
   5.1135667e+05
   5.1160944e+05
   5.1200658e+05
   5.1280541e+05
   5.1310792e+05
   5.1347005e+05
   5.1382831e+05
   5.1401649e+05
   5.2037232e+05
   5.2089613e+05
   5.2125087e+05
   5.2153510e+05
   5.2178578e+05
   5.2199737e+05
   5.2258564e+05
   5.2284605e+05
   5.2343432e+05
   5.2371984e+05
   5.2416183e+05
   5.2431664e+05
   5.2502480e+05
   5.2552565e+05
   5.2627511e+05
   5.2646050e+05
   5.2694117e+05
   5.2771860e+05
   5.2793336e+05
   5.2810515e+05
   5.2827703e+05
   5.2846875e+05
   5.2882010e+05
   5.2897001e+05
   5.2916780e+05
   5.2940409e+05
   5.2963471e+05
   5.2997614e+05
   5.3018918e+05
   5.3053291e+05
   5.3087782e+05
   5.3125606e+05
   5.3144834e+05
   5.3160280e+05
   5.3175556e+05
   5.3192935e+05
   5.3224126e+05
   5.3251547e+05
   5.3266824e+05
   5.3284051e+05
   5.3300046e+05
   5.3323392e+05
   5.3338109e+05
   5.3357611e+05
   5.3394450e+05
   5.3452634e+05
   5.3468121e+05
   5.3481914e+05
   5.3502948e+05
   5.3518209e+05
   5.3530183e+05
   5.3545944e+05
   5.3561856e+05
   5.3574842e+05
   5.3587191e+05
   5.3609556e+05
   5.3624476e+05
   5.3657137e+05
   5.3679024e+05
   5.3705971e+05
   5.3726954e+05
   5.3738455e+05
   5.3753816e+05
   5.3769919e+05
   5.3786230e+05
   5.3804985e+05
   5.3828021e+05
   5.3841675e+05
   5.3861883e+05
   5.3880438e+05
   5.3899936e+05
   5.3912170e+05
   5.3933891e+05
   5.3950904e+05
   5.3980600e+05
   5.4094351e+05
   5.4209280e+05
   5.4236993e+05
   5.4282843e+05
   5.4489233e+05
   5.4522060e+05
   5.4622181e+05
   5.4649973e+05
   5.4713516e+05
   5.4755492e+05
   5.8456702e+05
   5.9169479e+05
   5.9184544e+05
   5.9209282e+05
   5.9240284e+05
   5.9261584e+05
   5.9287004e+05
   5.9309576e+05
   5.9320820e+05
   5.9332831e+05
   5.9348649e+05
   5.9370055e+05
   5.9399815e+05
   5.9444156e+05
   5.9485028e+05
   5.9504281e+05
   5.9525253e+05
   5.9559322e+05
   5.9582824e+05
   5.9602534e+05
   5.9621804e+05
   5.9638829e+05
   5.9658014e+05
   5.9693951e+05
   5.9713235e+05
   5.9765547e+05
   5.9800423e+05
   5.9858417e+05
   5.9903947e+05
   5.9927812e+05
   5.9949769e+05
   5.9970449e+05
   5.9992650e+05
   6.0047403e+05
   6.0074256e+05
   6.0171024e+05
   6.0208347e+05
   6.0303720e+05
   6.0432371e+05
   6.0481950e+05
   6.0565626e+05
   6.0627518e+05
   6.0667664e+05
   6.0701399e+05
   6.0848689e+05
   6.0889863e+05
   6.0925070e+05
   6.0974301e+05
   6.1076688e+05
   6.1166178e+05
   6.1218448e+05
   6.1246777e+05
   6.1277529e+05
   6.1304694e+05
   6.1498548e+05
   6.1542350e+05
   6.1565090e+05
   6.1649372e+05
   6.1680406e+05
   6.1728679e+05
   6.1773009e+05
   6.1818280e+05
   6.1840486e+05
   6.1916128e+05
   6.2104780e+05
   6.2182811e+05
   6.2283255e+05
   6.2362884e+05
   6.2391744e+05
   6.2413936e+05
   6.2525837e+05
   6.2612370e+05
   6.2680959e+05
   6.2712398e+05
   6.2731302e+05
   6.2779885e+05
   6.2817300e+05
   6.3503315e+05
   6.3537437e+05
   6.3596727e+05
   6.3629942e+05
   6.3678165e+05
   6.3707042e+05
   6.3742628e+05
   6.3894829e+05
   6.3931608e+05
   6.3983792e+05
   6.4053544e+05
   6.4144464e+05
   6.4174456e+05
   6.4277446e+05
   6.4347727e+05
   6.4457030e+05
   6.4538300e+05
   6.4892124e+05
   6.5685101e+05
   6.5754125e+05
   6.5804775e+05
   6.5822211e+05
   6.5978039e+05
   6.6004246e+05
   6.6163094e+05
   6.6225975e+05
   6.6268489e+05
   6.6310397e+05
   6.6333858e+05
   6.6368343e+05
   6.6415612e+05
   6.6782603e+05
   6.6804880e+05
   6.6833984e+05
   6.6878786e+05
   6.6918157e+05
   6.6975227e+05
   6.8468384e+05
   6.8495546e+05
   6.8781723e+05
   7.2029282e+05
   7.2302736e+05
   7.2335544e+05
   7.2575034e+05
   7.2615142e+05
   7.2655714e+05
   7.2754612e+05
   7.2792583e+05
   7.2813656e+05
   7.2856300e+05
   7.2892241e+05
   7.2915944e+05
   7.2933172e+05
   7.2977980e+05
   7.3017363e+05
   7.3064164e+05
   7.3221639e+05
   7.3243702e+05
   7.3470836e+05
   7.3510360e+05
   7.3528257e+05
   7.3554021e+05
   7.3596659e+05
   7.3613161e+05
   7.3679557e+05
   7.4980788e+05
   7.5813077e+05
   7.5893635e+05
   7.5950169e+05
   7.6023434e+05
   7.6043297e+05
   7.6306150e+05
   7.6576764e+05
   7.6622924e+05
   7.6661546e+05
   7.6687820e+05
   7.6826279e+05
   7.6844204e+05
   7.6867045e+05
   7.6885510e+05
   7.6908865e+05
   7.6925641e+05
   7.6939602e+05
   7.6951432e+05
   7.6967483e+05
   7.7008491e+05
   7.7019359e+05
   7.7066166e+05
   7.7106614e+05
   7.7118843e+05
   7.7158105e+05
   7.7172628e+05
   7.7195523e+05
   7.7220901e+05
   7.7236463e+05
   7.7265445e+05
   7.7331934e+05
   7.8118190e+05
   7.8156622e+05
   7.8178793e+05
   7.8351483e+05
   7.8378017e+05
   7.8408791e+05
   7.8530492e+05
   7.8555306e+05
   7.8581521e+05
   7.8624219e+05
   7.8646951e+05
   7.8686323e+05
   8.0283349e+05
   8.0326560e+05
   8.0367829e+05
   8.0381184e+05
   8.2016021e+05
   8.2043469e+05
   8.2102894e+05
   8.2119388e+05
   8.2140037e+05
   8.2152982e+05
   8.2167357e+05
   8.2188701e+05
   8.2209327e+05
   8.2232432e+05
   8.2264438e+05
   8.2275982e+05
   8.2291933e+05
   8.2306519e+05
   8.2321237e+05
   8.2405312e+05
   8.2621840e+05
   8.2635944e+05
   8.2650158e+05
   8.2663021e+05
   8.2679064e+05
   8.2726240e+05
   8.2746858e+05
   8.2759753e+05
   8.2780234e+05
   8.2809548e+05
   8.2823265e+05
   8.2844457e+05
   8.2856758e+05
   8.2873049e+05
   8.2889427e+05
   8.2913668e+05
   8.2936979e+05
   8.2983430e+05
   8.3187128e+05
   8.3208176e+05
   8.3224491e+05
   8.3256161e+05
   8.3278069e+05
   8.3290259e+05
   8.3303159e+05
   8.3325033e+05
   8.3337641e+05
   8.3357824e+05
   8.3382027e+05
   8.3398997e+05
   8.3435702e+05
   8.3466137e+05
   8.3503732e+05
   8.3519790e+05
   8.3536314e+05
   8.3550700e+05
   8.3562706e+05
   8.3581556e+05
   8.3610910e+05
   8.3626344e+05
   8.3663525e+05
   8.3674249e+05
   8.3779211e+05
   8.3798711e+05
   8.3821010e+05
   8.3850120e+05
   8.3867334e+05
   8.3897001e+05
   8.3922627e+05
   8.3940897e+05
   8.3964049e+05
   8.3978603e+05
   8.4047897e+05
   8.4101774e+05
   8.4138229e+05
   8.4171388e+05
   8.4227928e+05
   8.4304570e+05
   8.4361354e+05
   8.4395541e+05
   8.4462919e+05
   8.4541775e+05
   8.4694566e+05
   8.4817520e+05
   8.4870929e+05
   8.7090774e+05
   8.7135709e+05
   8.7183516e+05
   8.7220649e+05
   8.7239544e+05
   8.7273695e+05
   8.7303635e+05
   8.7344707e+05
   8.7425928e+05
   8.7778216e+05
   8.7919449e+05
   8.7958052e+05
   8.8037446e+05
   8.8056005e+05
   8.8073443e+05
   8.8091942e+05
   8.8110082e+05
   8.8124534e+05
   8.8139601e+05
   8.8165206e+05
   8.8179419e+05
   8.8190130e+05
   8.8206883e+05
   8.8221683e+05
   8.8238183e+05
   8.8258026e+05
   8.8268926e+05
   8.8281249e+05
   8.8309342e+05
   8.8327083e+05
   8.8349117e+05
   8.8380020e+05
   8.8799328e+05
   8.8819804e+05
   8.8839528e+05
   8.8857886e+05
   8.8882200e+05
   8.8895299e+05
   8.8925671e+05
   8.8938377e+05
   8.8960656e+05
   8.8972837e+05
   8.8982760e+05
   8.9004161e+05
   8.9017368e+05
   8.9028784e+05
   8.9060219e+05
   8.9089159e+05
   8.9105928e+05
   8.9119995e+05
   8.9132730e+05
   8.9151780e+05
   8.9165252e+05
   8.9179953e+05
   8.9191958e+05
   8.9204958e+05
   8.9234552e+05
   8.9252027e+05
   8.9267469e+05
   8.9280011e+05
   8.9310216e+05
   8.9322955e+05
   8.9335645e+05
   8.9351300e+05
   8.9376167e+05
   8.9390851e+05
   8.9437547e+05
   8.9459694e+05
   8.9485201e+05
   8.9506662e+05
   8.9529976e+05
   8.9545105e+05
   8.9561525e+05
   8.9925823e+05
   8.9940254e+05
   8.9966909e+05
   9.0099190e+05
   9.0126290e+05
   9.0327259e+05
   9.0482337e+05
   9.0505094e+05
   9.0555565e+05
   9.0584749e+05
   9.0804718e+05
   9.0861968e+05
   9.0885300e+05
   9.0921419e+05
   9.0944186e+05
   9.0988429e+05
   9.1020777e+05
   9.1088881e+05
   9.1194119e+05
   9.1492862e+05
   9.1573450e+05
   9.1635324e+05
   9.1682158e+05
   9.1704824e+05
   9.1755922e+05
   9.1788079e+05
   9.1871277e+05
   9.1984234e+05
   9.2103578e+05
   9.2279393e+05
   9.2373708e+05
   9.2386924e+05
   9.2768116e+05
   9.2782393e+05
   9.2838915e+05
   9.3217642e+05
   9.3254212e+05
   9.3597958e+05
   9.3632074e+05
   9.3654992e+05
   9.3738231e+05
   9.3765632e+05
   9.3854304e+05
   9.3875778e+05
   9.3891954e+05
   9.3954254e+05
   9.4011574e+05
   9.4030074e+05
   9.4043076e+05
   9.4069034e+05
   9.4082255e+05
   9.4100503e+05
   9.4112106e+05
   9.4127167e+05
   9.4141417e+05
   9.4159653e+05
   9.4180121e+05
   9.4192134e+05
   9.4206186e+05
   9.4224193e+05
   9.4246465e+05
   9.4269713e+05
   9.4294701e+05
   9.4313762e+05
   9.4333660e+05
   9.4358713e+05
   9.4373316e+05
   9.4394033e+05
   9.4406986e+05
   9.4428430e+05
   9.4439162e+05
   9.4454688e+05
   9.4472827e+05
   9.4486118e+05
   9.4498997e+05
   9.4510364e+05
   9.4527020e+05
   9.4550429e+05
   9.4575074e+05
   9.4591077e+05
   9.4612612e+05
   9.4634388e+05
   9.4647825e+05
   9.4660586e+05
   9.4681055e+05
   9.4693177e+05
   9.4723153e+05
   9.4746362e+05
   9.4764562e+05
   9.4776231e+05
   9.4787206e+05
   9.4813056e+05
   9.4823473e+05
   9.4854238e+05
   9.4873066e+05
   9.4903877e+05
   9.4920205e+05
   9.4953831e+05
   9.4964451e+05
   9.4974564e+05
   9.4996914e+05
   9.5008955e+05
   9.5027001e+05
   9.5050665e+05
   9.5059333e+05
   9.5071772e+05
   9.5100286e+05
   9.5119423e+05
   9.5136528e+05
   9.5147490e+05
   9.5157192e+05
   9.5169307e+05
   9.5182612e+05
   9.5210142e+05
   9.5221881e+05
   9.5248585e+05
   9.5268599e+05
   9.5289352e+05
   9.5302635e+05
   9.5319158e+05
   9.5335534e+05
   9.5353937e+05
   9.5364437e+05
   9.5396090e+05
   9.5437093e+05
   9.5455917e+05
   9.5470682e+05
   9.5486805e+05
   9.5502502e+05
   9.5539484e+05
   9.5551672e+05
   9.5578384e+05
   9.5602676e+05
   9.5616002e+05
   9.5654606e+05
   9.5669589e+05
   9.5682132e+05
   9.5708153e+05
   9.5720948e+05
   9.5734684e+05
   9.5750695e+05
   9.5769921e+05
   9.5793997e+05
   9.5808782e+05
   9.5824491e+05
   9.5841686e+05
   9.5857785e+05
   9.5880500e+05
   9.5903740e+05
   9.5929217e+05
   9.5971946e+05
   9.5990997e+05
   9.6040399e+05
   9.6079184e+05
   9.6130606e+05
   9.6164138e+05
   9.6217326e+05
   9.6391364e+05
   9.6419214e+05
   9.6504592e+05
   9.6538530e+05
   9.6577593e+05
   9.6608265e+05
   9.6656204e+05
   9.6707635e+05
   9.6737440e+05
   9.6834845e+05
   9.6990869e+05
   9.7021410e+05
   9.7094731e+05
   9.7284915e+05
   9.7319279e+05
   9.7344054e+05
   9.7369751e+05
   9.7409074e+05
   9.7428714e+05
   9.7583793e+05
   9.7645305e+05
   9.7694802e+05
   9.7782763e+05
   9.7941128e+05
   9.8026549e+05
   9.8161357e+05
   9.8188690e+05
   9.8244594e+05
   9.8298790e+05
   9.8569913e+05
   9.8617306e+05
   9.8664251e+05
   9.8708353e+05
   9.8729832e+05
   9.8749211e+05
   9.8784714e+05
   9.8894866e+05
   9.8916795e+05
   9.8944530e+05
   9.9201648e+05
   9.9230220e+05
   9.9288013e+05
   9.9468389e+05
   9.9499137e+05
   9.9666712e+05
   9.9713422e+05
   9.9741262e+05
   9.9986136e+05
   1.0001471e+06
   1.0003712e+06
   1.0005383e+06
   1.0007050e+06
   1.0008709e+06
   1.0009899e+06
   1.0010919e+06
   1.0012867e+06
   1.0015774e+06
   1.0016933e+06
   1.0018154e+06
   1.0019664e+06
   1.0021270e+06
   1.0024082e+06
   1.0025609e+06
   1.0037475e+06
   1.0042620e+06
   1.0044050e+06
   1.0050298e+06
   1.0051596e+06
   1.0052858e+06
   1.0054053e+06
   1.0055267e+06
   1.0057954e+06
   1.0059180e+06
   1.0060859e+06
   1.0062074e+06
   1.0066271e+06
   1.0068381e+06
   1.0069645e+06
   1.0072463e+06
   1.0073911e+06
   1.0075385e+06
   1.0077897e+06
   1.0079174e+06
   1.0080505e+06
   1.0081666e+06
   1.0084509e+06
   1.0086245e+06
   1.0087414e+06
   1.0090582e+06
   1.0091978e+06
   1.0092804e+06
   1.0094730e+06
   1.0095912e+06
   1.0097968e+06
   1.0100534e+06
   1.0103213e+06
   1.0104842e+06
   1.0107218e+06
   1.0109183e+06
   1.0112314e+06
   1.0113400e+06
   1.0114800e+06
   1.0117184e+06
   1.0119021e+06
   1.0120637e+06
   1.0122934e+06
   1.0124891e+06
   1.0125802e+06
   1.0127513e+06
   1.0129315e+06
   1.0130422e+06
   1.0132783e+06
   1.0134437e+06
   1.0136043e+06
   1.0138066e+06
   1.0139473e+06
   1.0142294e+06
   1.0143689e+06
   1.0149080e+06
   1.0152156e+06
   1.0153591e+06
   1.0155400e+06
   1.0157400e+06
   1.0159333e+06
   1.0161130e+06
   1.0162556e+06
   1.0178184e+06
   1.0180086e+06
   1.0183570e+06
   1.0184906e+06
   1.0187274e+06
   1.0189403e+06
   1.0191310e+06
   1.0193958e+06
   1.0195314e+06
   1.0196304e+06
   1.0197592e+06
   1.0205958e+06
   1.0245108e+06
   1.0249402e+06
   1.0251275e+06
   1.0254169e+06
   1.0257037e+06
   1.0262484e+06
   1.0264987e+06
   1.0266736e+06
   1.0268723e+06
   1.0272413e+06
   1.0274897e+06
   1.0286069e+06
   1.0288887e+06
   1.0313983e+06
   1.0318587e+06
   1.0322101e+06
   1.0325812e+06
   1.0333281e+06
   1.0335553e+06
   1.0338713e+06
   1.0340625e+06
   1.0342402e+06
   1.0344906e+06
   1.0361767e+06
   1.0368395e+06
   1.0497040e+06
   1.0499270e+06
   1.0501065e+06
   1.0532043e+06
   1.0533910e+06
   1.0537413e+06
   1.0539479e+06
   1.0543723e+06
   1.0565859e+06
   1.0567562e+06
   1.0577236e+06
   1.0579816e+06
   1.0584315e+06
   1.0586891e+06
   1.0592244e+06
   1.0594660e+06
   1.0601462e+06
   1.0605499e+06
   1.0607675e+06
   1.0609278e+06
   1.0610922e+06
   1.0612712e+06
   1.0614092e+06
   1.0615317e+06
   1.0616634e+06
   1.0619272e+06
   1.0620814e+06
   1.0621796e+06
   1.0623021e+06
   1.0624676e+06
   1.0626614e+06
   1.0627991e+06
   1.0630204e+06
   1.0634629e+06
   1.0636328e+06
   1.0637769e+06
   1.0640595e+06
   1.0641806e+06
   1.0643300e+06
   1.0645193e+06
   1.0647191e+06
   1.0648447e+06
   1.0651043e+06
   1.0652208e+06
   1.0654038e+06
   1.0656607e+06
   1.0657600e+06
   1.0658898e+06
   1.0660627e+06
   1.0661753e+06
   1.0663054e+06
   1.0664374e+06
   1.0665427e+06
   1.0666859e+06
   1.0667660e+06
   1.0669154e+06
   1.0671654e+06
   1.0673184e+06
   1.0675198e+06
   1.0676955e+06
   1.0678551e+06
   1.0681189e+06
   1.0683349e+06
   1.0684665e+06
   1.0687155e+06
   1.0688949e+06
   1.0691563e+06
   1.0692740e+06
   1.0694205e+06
   1.0695335e+06
   1.0696740e+06
   1.0698576e+06
   1.0700174e+06
   1.0703017e+06
   1.0704970e+06
   1.0706459e+06
   1.0708329e+06
   1.0709944e+06
   1.0711287e+06
   1.0713751e+06
   1.0715093e+06
   1.0716602e+06
   1.0717755e+06
   1.0719341e+06
   1.0720474e+06
   1.0722385e+06
   1.0723620e+06
   1.0725170e+06
   1.0726614e+06
   1.0728310e+06
   1.0730040e+06
   1.0731761e+06
   1.0734056e+06
   1.0734951e+06
   1.0735786e+06
   1.0736966e+06
   1.0738513e+06
   1.0742206e+06
   1.0743854e+06
   1.0745443e+06
   1.0746989e+06
   1.0748360e+06
   1.0749817e+06
   1.0751404e+06
   1.0752368e+06
   1.0755231e+06
   1.0756217e+06
   1.0757367e+06
   1.0758532e+06
   1.0759817e+06
   1.0760995e+06
   1.0762072e+06
   1.0764888e+06
   1.0766104e+06
   1.0767419e+06
   1.0771873e+06
   1.0773360e+06
   1.0774836e+06
   1.0777766e+06
   1.0778841e+06
   1.0779773e+06
   1.0780929e+06
   1.0782326e+06
   1.0784361e+06
   1.0786932e+06
   1.0787934e+06
   1.0789479e+06
   1.0792088e+06
   1.0794268e+06
   1.0795727e+06
   1.0796469e+06
   1.0797943e+06
   1.0799553e+06
   1.0801969e+06
   1.0806504e+06
   1.0809717e+06
   1.0818531e+06
   1.0820860e+06
   1.0823891e+06
   1.0831287e+06
   1.0837021e+06
   1.0868003e+06
   1.0870231e+06
   1.0876473e+06
   1.0878734e+06
   1.0883632e+06
   1.0889222e+06
   1.0894717e+06
   1.0897380e+06
   1.0902232e+06
   1.0913304e+06
   1.0914973e+06
   1.0919685e+06
   1.0923932e+06
   1.0927771e+06
   1.0931034e+06
   1.0935789e+06
   1.0938465e+06
   1.0940716e+06
   1.0943223e+06
   1.0946313e+06
   1.0955365e+06
   1.0967876e+06
   1.0970207e+06
   1.1015075e+06
   1.1018495e+06
   1.1023680e+06
   1.1026183e+06
   1.1028292e+06
   1.1031448e+06
   1.1043988e+06
   1.1047082e+06
   1.1048623e+06
   1.1062828e+06
   1.1066457e+06
   1.1068901e+06
   1.1072513e+06
   1.1109581e+06
   1.1116059e+06
   1.1119502e+06
   1.1128409e+06
   1.1157082e+06
   1.1160249e+06
   1.1162911e+06
   1.1169006e+06
   1.1176942e+06
   1.1182694e+06
   1.1187057e+06
   1.1201573e+06
   1.1202568e+06
   1.1204702e+06
   1.1207604e+06
   1.1214477e+06
   1.1215657e+06
   1.1216778e+06
   1.1218166e+06
   1.1220534e+06
   1.1221796e+06
   1.1223319e+06
   1.1225076e+06
   1.1225926e+06
   1.1227305e+06
   1.1228478e+06
   1.1229587e+06
   1.1230932e+06
   1.1232544e+06
   1.1233572e+06
   1.1234648e+06
   1.1235646e+06
   1.1236461e+06
   1.1238123e+06
   1.1239247e+06
   1.1240418e+06
   1.1242057e+06
   1.1243600e+06
   1.1244838e+06
   1.1246131e+06
   1.1247611e+06
   1.1248779e+06
   1.1251077e+06
   1.1261757e+06
   1.1262858e+06
   1.1264165e+06
   1.1267496e+06
   1.1269293e+06
   1.1272623e+06
   1.1273810e+06
   1.1275143e+06
   1.1276586e+06
   1.1278413e+06
   1.1281328e+06
   1.1282686e+06
   1.1283939e+06
   1.1289176e+06
   1.1290419e+06
   1.1291606e+06
   1.1292861e+06
   1.1294322e+06
   1.1295328e+06
   1.1298275e+06
   1.1300068e+06
   1.1304005e+06
   1.1306120e+06
   1.1307328e+06
   1.1308597e+06
   1.1309879e+06
   1.1310971e+06
   1.1312620e+06
   1.1313735e+06
   1.1315018e+06
   1.1316248e+06
   1.1317683e+06
   1.1319503e+06
   1.1321639e+06
   1.1323775e+06
   1.1326414e+06
   1.1328381e+06
   1.1331035e+06
   1.1332632e+06
   1.1334328e+06
   1.1335547e+06
   1.1337980e+06
   1.1341279e+06
   1.1342507e+06
   1.1344027e+06
   1.1345022e+06
   1.1346181e+06
   1.1347656e+06
   1.1349185e+06
   1.1351157e+06
   1.1352439e+06
   1.1354574e+06
   1.1355630e+06
   1.1357239e+06
   1.1358307e+06
   1.1360056e+06
   1.1361074e+06
   1.1362140e+06
   1.1363756e+06
   1.1365563e+06
   1.1367254e+06
   1.1368559e+06
   1.1370954e+06
   1.1374294e+06
   1.1375849e+06
   1.1377579e+06
   1.1379159e+06
   1.1380798e+06
   1.1383930e+06
   1.1386075e+06
   1.1389390e+06
   1.1391302e+06
   1.1392510e+06
   1.1394017e+06
   1.1395183e+06
   1.1397079e+06
   1.1398313e+06
   1.1408080e+06
   1.1411354e+06
   1.1432823e+06
   1.1436834e+06
   1.1439141e+06
   1.1446318e+06
   1.1473769e+06
   1.1478753e+06
   1.1480952e+06
   1.1483216e+06
   1.1485971e+06
   1.1490112e+06
   1.1493335e+06
   1.1495579e+06
   1.1501774e+06
   1.1506285e+06
   1.1510718e+06
   1.1520183e+06
   1.1522127e+06
   1.1525337e+06
   1.1528400e+06
   1.1556186e+06
   1.1562411e+06
   1.1569393e+06
   1.1574006e+06
   1.1576872e+06
   1.1584060e+06
   1.1593566e+06
   1.1596609e+06
   1.1641488e+06
   1.1670780e+06
   1.1674851e+06
   1.1705996e+06
   1.1709091e+06
   1.1722714e+06
   1.1724813e+06
   1.1728833e+06
   1.1801068e+06
   1.1802270e+06
   1.1805123e+06
   1.1806076e+06
   1.1807559e+06
   1.1808841e+06
   1.1810280e+06
   1.1811391e+06
   1.1813076e+06
   1.1814278e+06
   1.1815273e+06
   1.1816426e+06
   1.1817227e+06
   1.1818212e+06
   1.1819395e+06
   1.1820496e+06
   1.1821519e+06
   1.1822349e+06
   1.1823565e+06
   1.1825308e+06
   1.1826365e+06
   1.1827789e+06
   1.1828538e+06
   1.1829735e+06
   1.1830840e+06
   1.1832401e+06
   1.1833239e+06
   1.1834300e+06
   1.1836324e+06
   1.1838533e+06
   1.1839710e+06
   1.1842367e+06
   1.1843924e+06
   1.1845445e+06
   1.1847133e+06
   1.1852337e+06
   1.1854103e+06
   1.1856351e+06
   1.1858738e+06
   1.1860329e+06
   1.1862322e+06
   1.1863732e+06
   1.1864688e+06
   1.1865707e+06
   1.1866971e+06
   1.1868053e+06
   1.1869880e+06
   1.1872375e+06
   1.1874382e+06
   1.1875600e+06
   1.1877122e+06
   1.1878121e+06
   1.1879299e+06
   1.1880366e+06
   1.1881416e+06
   1.1882379e+06
   1.1883441e+06
   1.1885769e+06
   1.1887330e+06
   1.1888309e+06
   1.1890565e+06
   1.1891569e+06
   1.1893120e+06
   1.1894194e+06
   1.1895322e+06
   1.1896520e+06
   1.1897652e+06
   1.1900329e+06
   1.1901470e+06
   1.1903226e+06
   1.1904664e+06
   1.1906069e+06
   1.1907129e+06
   1.1908455e+06
   1.1909848e+06
   1.1911641e+06
   1.1912845e+06
   1.1913908e+06
   1.1915645e+06
   1.1917190e+06
   1.1918787e+06
   1.1919790e+06
   1.1921499e+06
   1.1922623e+06
   1.1924199e+06
   1.1925478e+06
   1.1928738e+06
   1.1930246e+06
   1.1931237e+06
   1.1932514e+06
   1.1933686e+06
   1.1935585e+06
   1.1936573e+06
   1.1938772e+06
   1.1941839e+06
   1.1943983e+06
   1.1944927e+06
   1.1946179e+06
   1.1947736e+06
   1.1948682e+06
   1.1950648e+06
   1.1952045e+06
   1.1953069e+06
   1.1954209e+06
   1.1956285e+06
   1.1957342e+06
   1.1958573e+06
   1.1959369e+06
   1.1960752e+06
   1.1962359e+06
   1.1963984e+06
   1.1965088e+06
   1.1966284e+06
   1.1967375e+06
   1.1968648e+06
   1.1969852e+06
   1.1971620e+06
   1.1973143e+06
   1.1974830e+06
   1.1976814e+06
   1.1978576e+06
   1.1980052e+06
   1.1981361e+06
   1.1982526e+06
   1.1984627e+06
   1.1985966e+06
   1.1986951e+06
   1.1988163e+06
   1.1989833e+06
   1.1990870e+06
   1.1992292e+06
   1.1993844e+06
   1.1994716e+06
   1.1996908e+06
   1.1998460e+06
   1.2004012e+06
   1.2015039e+06
   1.2020916e+06
   1.2027625e+06
   1.2031322e+06
   1.2033364e+06
   1.2035963e+06
   1.2039885e+06
   1.2043068e+06
   1.2045088e+06
   1.2049664e+06
   1.2052039e+06
   1.2101959e+06
   1.2104581e+06
   1.2109287e+06
   1.2124764e+06
   1.2148741e+06
   1.2151984e+06
   1.2155162e+06
   1.2156656e+06
   1.2159409e+06
   1.2164466e+06
   1.2173424e+06
   1.2179222e+06
   1.2181829e+06
   1.2183692e+06
   1.2187238e+06
   1.2194564e+06
   1.2196425e+06
   1.2205419e+06
   1.2228651e+06
   1.2231554e+06
   1.2259898e+06
   1.2261854e+06
   1.2266251e+06
   1.2269196e+06
   1.2271638e+06
   1.2275760e+06
   1.2312148e+06
   1.2320371e+06
   1.2323928e+06
   1.2400991e+06
   1.2402043e+06
   1.2403184e+06
   1.2404078e+06
   1.2405392e+06
   1.2406153e+06
   1.2407828e+06
   1.2410067e+06
   1.2411281e+06
   1.2412075e+06
   1.2413516e+06
   1.2415081e+06
   1.2416231e+06
   1.2417774e+06
   1.2419171e+06
   1.2421638e+06
   1.2422439e+06
   1.2423712e+06
   1.2425032e+06
   1.2425853e+06
   1.2426911e+06
   1.2428394e+06
   1.2429611e+06
   1.2430559e+06
   1.2431299e+06
   1.2432378e+06
   1.2433634e+06
   1.2434678e+06
   1.2435571e+06
   1.2436567e+06
   1.2437659e+06
   1.2439112e+06
   1.2441801e+06
   1.2443125e+06
   1.2444580e+06
   1.2445985e+06
   1.2446822e+06
   1.2448508e+06
   1.2449370e+06
   1.2450257e+06
   1.2451888e+06
   1.2453257e+06
   1.2454034e+06
   1.2454905e+06
   1.2456337e+06
   1.2457765e+06
   1.2458484e+06
   1.2459871e+06
   1.2461497e+06
   1.2463107e+06
   1.2465042e+06
   1.2466295e+06
   1.2467397e+06
   1.2468567e+06
   1.2471975e+06
   1.2473063e+06
   1.2474383e+06
   1.2475652e+06
   1.2477267e+06
   1.2478135e+06
   1.2481081e+06
   1.2482622e+06
   1.2485762e+06
   1.2488566e+06
   1.2489782e+06
   1.2490889e+06
   1.2492090e+06
   1.2493166e+06
   1.2494923e+06
   1.2496289e+06
   1.2497680e+06
   1.2499042e+06
   1.2500115e+06
   1.2501391e+06
   1.2502484e+06
   1.2503606e+06
   1.2504402e+06
   1.2505400e+06
   1.2506309e+06
   1.2508772e+06
   1.2512381e+06
   1.2513501e+06
   1.2515599e+06
   1.2517030e+06
   1.2518743e+06
   1.2519812e+06
   1.2521236e+06
   1.2522494e+06
   1.2523638e+06
   1.2525035e+06
   1.2526372e+06
   1.2528090e+06
   1.2529690e+06
   1.2530557e+06
   1.2531753e+06
   1.2532661e+06
   1.2533606e+06
   1.2535222e+06
   1.2536569e+06
   1.2537530e+06
   1.2538899e+06
   1.2541549e+06
   1.2544095e+06
   1.2545388e+06
   1.2546927e+06
   1.2548128e+06
   1.2549850e+06
   1.2551086e+06
   1.2552603e+06
   1.2553893e+06
   1.2555715e+06
   1.2556742e+06
   1.2557859e+06
   1.2560057e+06
   1.2561627e+06
   1.2562705e+06
   1.2565973e+06
   1.2567086e+06
   1.2568164e+06
   1.2569810e+06
   1.2570707e+06
   1.2571705e+06
   1.2573024e+06
   1.2574070e+06
   1.2575352e+06
   1.2576579e+06
   1.2579011e+06
   1.2580283e+06
   1.2581800e+06
   1.2582625e+06
   1.2583774e+06
   1.2585246e+06
   1.2586559e+06
   1.2589867e+06
   1.2591212e+06
   1.2592712e+06
   1.2593889e+06
   1.2595121e+06
   1.2595990e+06
   1.2597061e+06
   1.2599168e+06
   1.2604068e+06
   1.2607196e+06
   1.2611460e+06
   1.2614003e+06
   1.2647401e+06
   1.2649406e+06
   1.2654169e+06
   1.2657542e+06
   1.2660091e+06
   1.2666322e+06
   1.2673228e+06
   1.2675888e+06
   1.2685408e+06
   1.2691658e+06
   1.2694031e+06
   1.2697322e+06
   1.2698507e+06
   1.2701234e+06
   1.3001166e+06
   1.3002121e+06
   1.3003026e+06
   1.3004320e+06
   1.3007270e+06
   1.3009981e+06
   1.3011346e+06
   1.3012420e+06
   1.3014723e+06
   1.3016740e+06
   1.3017902e+06
   1.3019319e+06
   1.3020590e+06
   1.3021601e+06
   1.3022422e+06
   1.3024072e+06
   1.3025336e+06
   1.3026617e+06
   1.3027741e+06
   1.3029295e+06
   1.3030191e+06
   1.3031107e+06
   1.3031960e+06
   1.3033216e+06
   1.3034010e+06
   1.3035180e+06
   1.3036476e+06
   1.3037644e+06
   1.3039339e+06
   1.3040477e+06
   1.3041479e+06
   1.3043496e+06
   1.3044682e+06
   1.3045836e+06
   1.3046896e+06
   1.3047859e+06
   1.3048863e+06
   1.3050274e+06
   1.3051399e+06
   1.3052461e+06
   1.3053686e+06
   1.3054652e+06
   1.3056191e+06
   1.3057868e+06
   1.3059154e+06
   1.3060247e+06
   1.3061464e+06
   1.3062771e+06
   1.3067348e+06
   1.3068283e+06
   1.3069641e+06
   1.3072266e+06
   1.3075991e+06
   1.3077407e+06
   1.3079051e+06
   1.3080397e+06
   1.3085758e+06
   1.3087130e+06
   1.3088507e+06
   1.3089772e+06
   1.3090934e+06
   1.3092481e+06
   1.3093603e+06
   1.3094856e+06
   1.3096233e+06
   1.3097686e+06
   1.3099462e+06
   1.3101115e+06
   1.3102360e+06
   1.3105497e+06
   1.3106987e+06
   1.3108068e+06
   1.3109056e+06
   1.3110382e+06
   1.3111835e+06
   1.3113185e+06
   1.3113965e+06
   1.3115597e+06
   1.3116805e+06
   1.3117961e+06
   1.3119419e+06
   1.3121168e+06
   1.3123017e+06
   1.3124303e+06
   1.3125511e+06
   1.3126932e+06
   1.3128135e+06
   1.3129561e+06
   1.3130523e+06
   1.3131705e+06
   1.3133698e+06
   1.3134997e+06
   1.3136243e+06
   1.3137635e+06
   1.3139152e+06
   1.3141987e+06
   1.3144338e+06
   1.3145512e+06
   1.3146345e+06
   1.3147653e+06
   1.3148926e+06
   1.3150489e+06
   1.3151527e+06
   1.3152668e+06
   1.3153786e+06
   1.3155169e+06
   1.3157488e+06
   1.3158552e+06
   1.3159454e+06
   1.3160848e+06
   1.3162262e+06
   1.3163510e+06
   1.3164553e+06
   1.3166026e+06
   1.3167197e+06
   1.3204419e+06
   1.3206922e+06
   1.3209530e+06
   1.3211208e+06
   1.3220531e+06
   1.3223587e+06
   1.3241444e+06
   1.3243823e+06
   1.3247026e+06
   1.3255937e+06
   1.3261218e+06
   1.3522047e+06
   1.3523976e+06
   1.3527957e+06
   1.3531912e+06
   1.3534620e+06
   1.3536959e+06
   1.3544940e+06
   1.3555464e+06
   1.3601299e+06
   1.3602438e+06
   1.3603811e+06
   1.3605155e+06
   1.3606520e+06
   1.3607549e+06
   1.3609064e+06
   1.3610479e+06
   1.3611238e+06
   1.3612363e+06
   1.3613338e+06
   1.3614173e+06
   1.3615098e+06
   1.3616319e+06
   1.3617580e+06
   1.3618813e+06
   1.3619919e+06
   1.3621009e+06
   1.3622052e+06
   1.3623308e+06
   1.3624384e+06
   1.3625456e+06
   1.3626731e+06
   1.3627821e+06
   1.3629069e+06
   1.3629877e+06
   1.3631055e+06
   1.3632097e+06
   1.3633194e+06
   1.3634060e+06
   1.3635010e+06
   1.3635943e+06
   1.3637417e+06
   1.3639148e+06
   1.3640423e+06
   1.3641614e+06
   1.3642771e+06
   1.3644376e+06
   1.3645299e+06
   1.3646257e+06
   1.3647568e+06
   1.3649098e+06
   1.3650703e+06
   1.3651914e+06
   1.3652744e+06
   1.3653886e+06
   1.3655405e+06
   1.3656687e+06
   1.3658190e+06
   1.3659490e+06
   1.3660410e+06
   1.3661707e+06
   1.3663686e+06
   1.3664635e+06
   1.3665502e+06
   1.3666461e+06
   1.3668356e+06
   1.3669196e+06
   1.3672769e+06
   1.3673844e+06
   1.3674978e+06
   1.3676029e+06
   1.3678505e+06
   1.3679508e+06
   1.3680730e+06
   1.3682269e+06
   1.3683094e+06
   1.3684016e+06
   1.3686250e+06
   1.3687476e+06
   1.3688564e+06
   1.3690599e+06
   1.3691396e+06
   1.3692195e+06
   1.3693594e+06
   1.3694610e+06
   1.3695882e+06
   1.3697127e+06
   1.3698472e+06
   1.3699648e+06
   1.3701172e+06
   1.3701946e+06
   1.3702917e+06
   1.3705783e+06
   1.3707003e+06
   1.3708315e+06
   1.3709340e+06
   1.3710349e+06
   1.3711493e+06
   1.3712679e+06
   1.3713568e+06
   1.3716296e+06
   1.3717764e+06
   1.3719957e+06
   1.3721070e+06
   1.3722179e+06
   1.3723727e+06
   1.3724500e+06
   1.3725494e+06
   1.3727547e+06
   1.3728318e+06
   1.3729102e+06
   1.3730353e+06
   1.3731585e+06
   1.3732734e+06
   1.3733669e+06
   1.3734890e+06
   1.3736155e+06
   1.3737115e+06
   1.3738987e+06
   1.3739979e+06
   1.3742034e+06
   1.3743194e+06
   1.3744280e+06
   1.3747167e+06
   1.3748285e+06
   1.3749253e+06
   1.3750452e+06
   1.3751496e+06
   1.3752646e+06
   1.3753723e+06
   1.3754526e+06
   1.3760053e+06
   1.3762278e+06
   1.3763195e+06
   1.3764804e+06
   1.3766126e+06
   1.3767123e+06
   1.3768169e+06
   1.3769168e+06
   1.3770288e+06
   1.3771704e+06
   1.3773022e+06
   1.3774194e+06
   1.3775260e+06
   1.3776332e+06
   1.3777200e+06
   1.3778591e+06
   1.3779501e+06
   1.3780588e+06
   1.3781721e+06
   1.3783305e+06
   1.3785346e+06
   1.3786433e+06
   1.3787495e+06
   1.3789056e+06
   1.3790190e+06
   1.3791269e+06
   1.3792335e+06
   1.3793591e+06
   1.3794921e+06
   1.3795930e+06
   1.3796952e+06
   1.3799152e+06
   1.3820717e+06
   1.3823651e+06
   1.3834049e+06
   1.3873751e+06
   1.3879220e+06
   1.3891376e+06
   1.3896975e+06
   1.3900212e+06
   1.3903592e+06
   1.3906903e+06
   1.3910262e+06
   1.3913085e+06
   1.3916096e+06
   1.3919787e+06
   1.3922699e+06
   1.3929510e+06
   1.3930674e+06
   1.3934989e+06
   1.3937802e+06
   1.3956030e+06
   1.3959618e+06
   1.3967953e+06
   1.4033406e+06
   1.4040591e+06
   1.4042660e+06
   1.4045091e+06
   1.4047256e+06
   1.4049626e+06
   1.4200719e+06
   1.4201548e+06
   1.4202550e+06
   1.4203908e+06
   1.4204989e+06
   1.4206020e+06
   1.4207001e+06
   1.4207774e+06
   1.4208706e+06
   1.4210184e+06
   1.4211212e+06
   1.4212666e+06
   1.4213905e+06
   1.4215165e+06
   1.4216328e+06
   1.4217577e+06
   1.4218611e+06
   1.4220064e+06
   1.4221598e+06
   1.4222970e+06
   1.4223784e+06
   1.4224738e+06
   1.4225693e+06
   1.4226657e+06
   1.4227694e+06
   1.4228936e+06
   1.4229630e+06
   1.4230446e+06
   1.4231282e+06
   1.4232238e+06
   1.4233026e+06
   1.4233934e+06
   1.4234677e+06
   1.4235702e+06
   1.4237001e+06
   1.4237624e+06
   1.4238459e+06
   1.4239872e+06
   1.4240867e+06
   1.4242048e+06
   1.4243053e+06
   1.4244389e+06
   1.4245192e+06
   1.4246283e+06
   1.4247480e+06
   1.4248873e+06
   1.4249903e+06
   1.4251035e+06
   1.4251856e+06
   1.4252780e+06
   1.4253728e+06
   1.4255168e+06
   1.4256517e+06
   1.4257633e+06
   1.4258782e+06
   1.4259909e+06
   1.4261012e+06
   1.4261844e+06
   1.4262606e+06
   1.4263854e+06
   1.4264626e+06
   1.4265377e+06
   1.4266252e+06
   1.4267095e+06
   1.4267978e+06
   1.4269074e+06
   1.4269858e+06
   1.4272500e+06
   1.4273552e+06
   1.4274761e+06
   1.4275896e+06
   1.4277210e+06
   1.4278438e+06
   1.4279267e+06
   1.4280507e+06
   1.4281797e+06
   1.4284524e+06
   1.4285657e+06
   1.4287266e+06
   1.4288258e+06
   1.4289391e+06
   1.4290656e+06
   1.4291596e+06
   1.4292715e+06
   1.4293805e+06
   1.4294982e+06
   1.4296180e+06
   1.4297501e+06
   1.4298733e+06
   1.4299473e+06
   1.4300758e+06
   1.4301744e+06
   1.4304073e+06
   1.4305872e+06
   1.4307288e+06
   1.4308078e+06
   1.4309361e+06
   1.4310280e+06
   1.4311277e+06
   1.4312285e+06
   1.4313197e+06
   1.4314284e+06
   1.4315575e+06
   1.4317509e+06
   1.4318744e+06
   1.4319728e+06
   1.4321447e+06
   1.4323344e+06
   1.4324651e+06
   1.4325813e+06
   1.4327108e+06
   1.4328478e+06
   1.4329415e+06
   1.4330938e+06
   1.4332091e+06
   1.4333135e+06
   1.4334673e+06
   1.4335741e+06
   1.4336912e+06
   1.4337944e+06
   1.4339425e+06
   1.4341411e+06
   1.4342391e+06
   1.4343916e+06
   1.4344876e+06
   1.4345894e+06
   1.4347612e+06
   1.4349039e+06
   1.4349856e+06
   1.4351118e+06
   1.4352285e+06
   1.4353265e+06
   1.4354388e+06
   1.4355436e+06
   1.4357390e+06
   1.4359141e+06
   1.4361046e+06
   1.4362814e+06
   1.4365012e+06
   1.4366015e+06
   1.4367113e+06
   1.4367961e+06
   1.4369143e+06
   1.4370176e+06
   1.4371682e+06
   1.4372747e+06
   1.4373727e+06
   1.4374934e+06
   1.4375974e+06
   1.4377140e+06
   1.4378344e+06
   1.4379888e+06
   1.4381067e+06
   1.4382008e+06
   1.4382971e+06
   1.4384526e+06
   1.4385411e+06
   1.4386546e+06
   1.4387904e+06
   1.4389154e+06
   1.4390100e+06
   1.4391309e+06
   1.4392553e+06
   1.4393589e+06
   1.4394415e+06
   1.4395498e+06
   1.4396525e+06
   1.4397598e+06
   1.4399044e+06
   1.4401873e+06
   1.4408977e+06
   1.4411080e+06
   1.4592218e+06
   1.4593904e+06
   1.4598422e+06
   1.4601049e+06
   1.4604100e+06
   1.4610447e+06
   1.4625516e+06
   1.4631254e+06
   1.4634453e+06
   1.4635970e+06
   1.4641039e+06
   1.4644768e+06
   1.4652275e+06
   1.4654675e+06
   1.4660224e+06
   1.4665190e+06
   1.4680860e+06
   1.4683545e+06
   1.4685861e+06
   1.4700267e+06
   1.4718413e+06
   1.4739799e+06
   1.4741774e+06
   1.4752788e+06
   1.4757820e+06
   1.4761318e+06
   1.4771586e+06
   1.4773310e+06
   1.4777898e+06
   1.4780128e+06
   1.4784726e+06
   1.4793207e+06
   1.4795655e+06
   1.4797376e+06
   1.4800754e+06
   1.4801917e+06
   1.4802904e+06
   1.4803790e+06
   1.4804797e+06
   1.4805845e+06
   1.4806758e+06
   1.4808252e+06
   1.4809071e+06
   1.4809967e+06
   1.4811104e+06
   1.4812068e+06
   1.4812763e+06
   1.4813807e+06
   1.4814936e+06
   1.4815655e+06
   1.4816762e+06
   1.4817858e+06
   1.4818722e+06
   1.4819768e+06
   1.4821437e+06
   1.4822302e+06
   1.4823495e+06
   1.4824525e+06
   1.4825483e+06
   1.4826621e+06
   1.4827894e+06
   1.4828810e+06
   1.4829674e+06
   1.4830662e+06
   1.4831691e+06
   1.4832844e+06
   1.4833927e+06
   1.4834596e+06
   1.4835844e+06
   1.4836571e+06
   1.4837489e+06
   1.4838537e+06
   1.4839445e+06
   1.4840789e+06
   1.4842647e+06
   1.4843682e+06
   1.4844801e+06
   1.4845549e+06
   1.4846965e+06
   1.4847813e+06
   1.4848823e+06
   1.4849973e+06
   1.4851097e+06
   1.4851933e+06
   1.4852738e+06
   1.4853655e+06
   1.4854481e+06
   1.4855292e+06
   1.4856512e+06
   1.4857489e+06
   1.4858389e+06
   1.4859768e+06
   1.4860534e+06
   1.4861594e+06
   1.4862756e+06
   1.4863999e+06
   1.4864922e+06
   1.4866163e+06
   1.4866980e+06
   1.4867735e+06
   1.4868729e+06
   1.4869609e+06
   1.4871667e+06
   1.4872682e+06
   1.4873536e+06
   1.4874629e+06
   1.4875589e+06
   1.4876815e+06
   1.4878131e+06
   1.4878928e+06
   1.4880060e+06
   1.4881304e+06
   1.4882178e+06
   1.4883651e+06
   1.4884529e+06
   1.4885846e+06
   1.4886699e+06
   1.4888306e+06
   1.4889193e+06
   1.4890146e+06
   1.4891016e+06
   1.4892344e+06
   1.4893360e+06
   1.4894991e+06
   1.4896219e+06
   1.4897095e+06
   1.4898046e+06
   1.4898954e+06
   1.4899773e+06
   1.4900919e+06
   1.4902236e+06
   1.4903086e+06
   1.4904293e+06
   1.4905117e+06
   1.4906920e+06
   1.4907886e+06
   1.4908929e+06
   1.4909854e+06
   1.4910893e+06
   1.4912014e+06
   1.4913215e+06
   1.4914116e+06
   1.4915420e+06
   1.4916379e+06
   1.4917480e+06
   1.4918424e+06
   1.4919320e+06
   1.4920610e+06
   1.4921945e+06
   1.4922837e+06
   1.4923860e+06
   1.4925096e+06
   1.4925967e+06
   1.4926910e+06
   1.4927734e+06
   1.4929001e+06
   1.4930138e+06
   1.4930796e+06
   1.4931694e+06
   1.4932507e+06
   1.4933803e+06
   1.4934996e+06
   1.4935953e+06
   1.4936896e+06
   1.4938365e+06
   1.4939720e+06
   1.4941405e+06
   1.4942189e+06
   1.4943203e+06
   1.4944290e+06
   1.4945448e+06
   1.4946628e+06
   1.4947872e+06
   1.4948916e+06
   1.4949934e+06
   1.4951116e+06
   1.4952097e+06
   1.4952873e+06
   1.4953874e+06
   1.4954707e+06
   1.4955383e+06
   1.4956255e+06
   1.4957766e+06
   1.4958774e+06
   1.4959788e+06
   1.4960539e+06
   1.4961829e+06
   1.4962833e+06
   1.4963928e+06
   1.4964775e+06
   1.4965658e+06
   1.4966699e+06
   1.4967780e+06
   1.4968543e+06
   1.4969620e+06
   1.4970812e+06
   1.4971791e+06
   1.4972647e+06
   1.4974242e+06
   1.4975455e+06
   1.4976211e+06
   1.4977177e+06
   1.4978194e+06
   1.4979172e+06
   1.4980498e+06
   1.4981708e+06
   1.4982955e+06
   1.4984157e+06
   1.4985078e+06
   1.4985935e+06
   1.4986813e+06
   1.4988078e+06
   1.4989266e+06
   1.4990215e+06
   1.4991108e+06
   1.4992102e+06
   1.4993035e+06
   1.4994185e+06
   1.4994984e+06
   1.4996108e+06
   1.4996894e+06
   1.4997784e+06
   1.4998936e+06
   1.5009529e+06
   1.5016226e+06
   1.5018742e+06
   1.5123511e+06
   1.5137397e+06
   1.5139555e+06
   1.5142436e+06
   1.5222130e+06
   1.5401146e+06
   1.5402022e+06
   1.5403285e+06
   1.5403939e+06
   1.5404792e+06
   1.5405831e+06
   1.5406634e+06
   1.5407360e+06
   1.5408324e+06
   1.5409283e+06
   1.5410216e+06
   1.5411036e+06
   1.5411800e+06
   1.5412600e+06
   1.5413746e+06
   1.5414693e+06
   1.5415602e+06
   1.5416344e+06
   1.5417134e+06
   1.5418134e+06
   1.5419342e+06
   1.5420410e+06
   1.5421289e+06
   1.5422608e+06
   1.5423360e+06
   1.5424207e+06
   1.5425052e+06
   1.5425969e+06
   1.5427061e+06
   1.5427797e+06
   1.5428720e+06
   1.5429553e+06
   1.5430505e+06
   1.5431372e+06
   1.5432278e+06
   1.5434058e+06
   1.5434969e+06
   1.5436038e+06
   1.5436932e+06
   1.5437763e+06
   1.5438920e+06
   1.5439785e+06
   1.5440342e+06
   1.5441080e+06
   1.5442183e+06
   1.5443161e+06
   1.5444349e+06
   1.5445157e+06
   1.5446979e+06
   1.5447834e+06
   1.5449658e+06
   1.5450739e+06
   1.5451699e+06
   1.5452453e+06
   1.5453737e+06
   1.5454514e+06
   1.5455695e+06
   1.5456546e+06
   1.5457509e+06
   1.5458605e+06
   1.5459431e+06
   1.5460511e+06
   1.5461206e+06
   1.5461966e+06
   1.5463390e+06
   1.5464457e+06
   1.5465358e+06
   1.5466423e+06
   1.5467423e+06
   1.5468488e+06
   1.5469393e+06
   1.5471511e+06
   1.5472615e+06
   1.5473494e+06
   1.5474495e+06
   1.5475874e+06
   1.5477200e+06
   1.5478296e+06
   1.5479238e+06
   1.5480440e+06
   1.5481484e+06
   1.5482565e+06
   1.5483906e+06
   1.5484822e+06
   1.5485687e+06
   1.5486679e+06
   1.5487301e+06
   1.5488363e+06
   1.5489197e+06
   1.5490586e+06
   1.5491613e+06
   1.5492307e+06
   1.5493142e+06
   1.5493971e+06
   1.5494995e+06
   1.5495762e+06
   1.5496567e+06
   1.5497482e+06
   1.5498685e+06
   1.5499934e+06
   1.5500747e+06
   1.5501567e+06
   1.5502316e+06
   1.5503489e+06
   1.5504513e+06
   1.5505238e+06
   1.5506030e+06
   1.5506914e+06
   1.5507881e+06
   1.5509255e+06
   1.5510180e+06
   1.5511464e+06
   1.5512486e+06
   1.5513635e+06
   1.5514541e+06
   1.5515477e+06
   1.5516545e+06
   1.5517589e+06
   1.5518984e+06
   1.5519797e+06
   1.5520787e+06
   1.5521598e+06
   1.5522753e+06
   1.5523854e+06
   1.5525080e+06
   1.5526216e+06
   1.5527130e+06
   1.5528685e+06
   1.5529687e+06
   1.5530678e+06
   1.5531815e+06
   1.5532760e+06
   1.5533684e+06
   1.5534788e+06
   1.5535790e+06
   1.5536704e+06
   1.5537845e+06
   1.5538754e+06
   1.5539540e+06
   1.5541670e+06
   1.5542466e+06
   1.5543692e+06
   1.5544569e+06
   1.5545390e+06
   1.5546218e+06
   1.5547164e+06
   1.5548133e+06
   1.5548913e+06
   1.5549973e+06
   1.5550785e+06
   1.5551852e+06
   1.5553137e+06
   1.5553941e+06
   1.5554857e+06
   1.5555653e+06
   1.5556361e+06
   1.5557625e+06
   1.5558621e+06
   1.5559593e+06
   1.5560381e+06
   1.5561232e+06
   1.5562080e+06
   1.5563406e+06
   1.5565212e+06
   1.5566360e+06
   1.5567300e+06
   1.5568375e+06
   1.5569830e+06
   1.5570882e+06
   1.5571861e+06
   1.5572989e+06
   1.5574669e+06
   1.5575804e+06
   1.5576676e+06
   1.5577698e+06
   1.5578668e+06
   1.5579536e+06
   1.5580512e+06
   1.5581569e+06
   1.5582392e+06
   1.5583524e+06
   1.5584678e+06
   1.5585800e+06
   1.5586943e+06
   1.5588369e+06
   1.5589159e+06
   1.5590101e+06
   1.5591248e+06
   1.5592282e+06
   1.5592965e+06
   1.5594198e+06
   1.5595218e+06
   1.5596078e+06
   1.5597394e+06
   1.5598351e+06
   1.5599335e+06
   1.5602998e+06
   1.5621040e+06
   1.5623395e+06
   1.5626674e+06
   1.5638450e+06
   1.5648291e+06
   1.5650953e+06
   1.5654675e+06
   1.5656475e+06
   1.5661272e+06
   1.5666012e+06
   1.5671718e+06
   1.5676524e+06
   1.5679470e+06
   1.5681312e+06
   1.5746017e+06
   1.5747864e+06
   1.5749838e+06
   1.5753727e+06
   1.5758809e+06
   1.5762575e+06
   1.5765029e+06
   1.5767285e+06
   1.5771220e+06
   1.5774893e+06
   1.5790903e+06
   1.5803870e+06
   1.5806852e+06
   1.5815475e+06
   1.5816995e+06
   1.5818948e+06
   1.5821830e+06
   1.5831063e+06
   1.5841291e+06
   1.5848343e+06
   1.5850661e+06
   1.5853062e+06
   1.5860144e+06
   1.5864802e+06
   1.5868189e+06
   1.5872479e+06
   1.5879094e+06
   1.5882252e+06
   1.5886425e+06
   1.5893875e+06
   1.5901083e+06
   1.5906373e+06
   1.5981064e+06
   1.5993214e+06
   1.5996974e+06
   1.5999629e+06
   1.6000673e+06
   1.6001560e+06
   1.6002488e+06
   1.6003279e+06
   1.6004105e+06
   1.6005358e+06
   1.6006325e+06
   1.6007311e+06
   1.6008286e+06
   1.6009067e+06
   1.6010093e+06
   1.6010937e+06
   1.6011769e+06
   1.6012627e+06
   1.6013469e+06
   1.6014356e+06
   1.6015147e+06
   1.6015942e+06
   1.6017097e+06
   1.6017786e+06
   1.6018869e+06
   1.6020105e+06
   1.6021038e+06
   1.6022037e+06
   1.6022866e+06
   1.6023665e+06
   1.6024692e+06
   1.6025484e+06
   1.6026290e+06
   1.6027281e+06
   1.6028486e+06
   1.6029546e+06
   1.6030276e+06
   1.6031356e+06
   1.6032225e+06
   1.6032856e+06
   1.6033776e+06
   1.6034547e+06
   1.6035474e+06
   1.6036273e+06
   1.6037260e+06
   1.6038097e+06
   1.6038949e+06
   1.6040211e+06
   1.6041046e+06
   1.6042052e+06
   1.6043250e+06
   1.6044272e+06
   1.6045205e+06
   1.6046110e+06
   1.6046946e+06
   1.6047576e+06
   1.6048380e+06
   1.6049200e+06
   1.6050015e+06
   1.6050651e+06
   1.6051488e+06
   1.6052058e+06
   1.6052982e+06
   1.6054271e+06
   1.6055064e+06
   1.6055814e+06
   1.6056777e+06
   1.6058088e+06
   1.6058977e+06
   1.6060073e+06
   1.6061107e+06
   1.6062352e+06
   1.6063265e+06
   1.6064230e+06
   1.6064990e+06
   1.6066069e+06
   1.6067047e+06
   1.6068259e+06
   1.6069223e+06
   1.6070898e+06
   1.6072274e+06
   1.6073128e+06
   1.6074169e+06
   1.6074976e+06
   1.6076017e+06
   1.6076778e+06
   1.6077667e+06
   1.6078593e+06
   1.6079371e+06
   1.6080331e+06
   1.6081337e+06
   1.6082937e+06
   1.6083965e+06
   1.6084833e+06
   1.6086063e+06
   1.6086692e+06
   1.6087481e+06
   1.6088352e+06
   1.6089389e+06
   1.6090540e+06
   1.6091299e+06
   1.6092014e+06
   1.6092789e+06
   1.6093990e+06
   1.6095288e+06
   1.6096263e+06
   1.6097424e+06
   1.6098202e+06
   1.6099069e+06
   1.6099881e+06
   1.6101728e+06
   1.6102829e+06
   1.6103585e+06
   1.6104501e+06
   1.6105244e+06
   1.6106261e+06
   1.6107780e+06
   1.6109193e+06
   1.6110060e+06
   1.6111060e+06
   1.6111823e+06
   1.6112571e+06
   1.6114064e+06
   1.6115101e+06
   1.6115932e+06
   1.6116817e+06
   1.6117747e+06
   1.6118837e+06
   1.6119806e+06
   1.6120678e+06
   1.6121704e+06
   1.6122620e+06
   1.6123875e+06
   1.6125056e+06
   1.6126036e+06
   1.6126759e+06
   1.6128152e+06
   1.6129108e+06
   1.6129832e+06
   1.6130595e+06
   1.6131614e+06
   1.6132587e+06
   1.6133621e+06
   1.6134828e+06
   1.6136088e+06
   1.6136990e+06
   1.6137756e+06
   1.6138329e+06
   1.6139063e+06
   1.6139931e+06
   1.6141899e+06
   1.6142968e+06
   1.6143775e+06
   1.6144631e+06
   1.6145352e+06
   1.6146200e+06
   1.6147130e+06
   1.6148480e+06
   1.6149456e+06
   1.6150950e+06
   1.6151876e+06
   1.6152723e+06
   1.6154013e+06
   1.6155152e+06
   1.6156198e+06
   1.6157117e+06
   1.6157777e+06
   1.6159146e+06
   1.6160198e+06
   1.6160988e+06
   1.6161764e+06
   1.6162729e+06
   1.6163854e+06
   1.6164924e+06
   1.6166262e+06
   1.6167832e+06
   1.6168855e+06
   1.6169859e+06
   1.6171034e+06
   1.6172284e+06
   1.6173285e+06
   1.6174378e+06
   1.6175162e+06
   1.6176224e+06
   1.6177288e+06
   1.6178020e+06
   1.6179418e+06
   1.6180249e+06
   1.6181353e+06
   1.6182581e+06
   1.6184089e+06
   1.6184977e+06
   1.6186397e+06
   1.6187211e+06
   1.6188308e+06
   1.6189329e+06
   1.6190315e+06
   1.6191040e+06
   1.6191945e+06
   1.6192957e+06
   1.6193751e+06
   1.6194857e+06
   1.6195800e+06
   1.6196635e+06
   1.6197625e+06
   1.6198725e+06
   1.6199773e+06
   1.6202970e+06
   1.6216647e+06
   1.6221777e+06
   1.6226258e+06
   1.6238966e+06
   1.6244924e+06
   1.6246897e+06
   1.6269773e+06
   1.6337740e+06
   1.6339198e+06
   1.6344689e+06
   1.6352610e+06
   1.6375738e+06
   1.6378948e+06
   1.6405399e+06
   1.6407817e+06
   1.6412010e+06
   1.6415049e+06
   1.6430077e+06
   1.6434089e+06
   1.6446938e+06
   1.6450587e+06
   1.6454756e+06
   1.6467531e+06
   1.6482124e+06
   1.6483960e+06
   1.6490206e+06
   1.6495833e+06
   1.6500724e+06
   1.6502107e+06
   1.6505679e+06
   1.6509448e+06
   1.6512287e+06
   1.6570090e+06
   1.6575481e+06
   1.6578617e+06
   1.6581264e+06
   1.6583787e+06
   1.6594678e+06
   1.6601130e+06
   1.6602069e+06
   1.6602748e+06
   1.6603685e+06
   1.6604602e+06
   1.6605927e+06
   1.6607145e+06
   1.6607977e+06
   1.6608667e+06
   1.6609401e+06
   1.6610443e+06
   1.6611487e+06
   1.6612431e+06
   1.6613854e+06
   1.6614762e+06
   1.6615643e+06
   1.6616536e+06
   1.6617263e+06
   1.6618217e+06
   1.6619171e+06
   1.6620132e+06
   1.6621115e+06
   1.6621778e+06
   1.6622656e+06
   1.6623650e+06
   1.6624828e+06
   1.6625540e+06
   1.6626659e+06
   1.6627532e+06
   1.6628262e+06
   1.6629302e+06
   1.6630410e+06
   1.6631279e+06
   1.6632214e+06
   1.6633348e+06
   1.6634155e+06
   1.6634954e+06
   1.6635889e+06
   1.6636753e+06
   1.6637661e+06
   1.6638607e+06
   1.6639731e+06
   1.6640436e+06
   1.6641267e+06
   1.6641909e+06
   1.6642885e+06
   1.6643860e+06
   1.6644923e+06
   1.6645666e+06
   1.6646632e+06
   1.6647466e+06
   1.6648217e+06
   1.6649365e+06
   1.6650159e+06
   1.6651561e+06
   1.6652672e+06
   1.6653546e+06
   1.6654468e+06
   1.6655247e+06
   1.6656199e+06
   1.6657172e+06
   1.6658055e+06
   1.6658983e+06
   1.6659912e+06
   1.6660776e+06
   1.6661655e+06
   1.6662873e+06
   1.6663616e+06
   1.6664480e+06
   1.6665505e+06
   1.6666540e+06
   1.6667252e+06
   1.6668231e+06
   1.6671109e+06
   1.6671943e+06
   1.6672731e+06
   1.6673538e+06
   1.6674356e+06
   1.6675457e+06
   1.6676591e+06
   1.6677509e+06
   1.6678745e+06
   1.6679761e+06
   1.6680408e+06
   1.6681337e+06
   1.6682098e+06
   1.6682923e+06
   1.6683695e+06
   1.6684525e+06
   1.6685582e+06
   1.6686496e+06
   1.6687274e+06
   1.6688113e+06
   1.6689220e+06
   1.6690178e+06
   1.6691398e+06
   1.6692075e+06
   1.6692837e+06
   1.6693692e+06
   1.6694672e+06
   1.6695668e+06
   1.6696505e+06
   1.6697546e+06
   1.6698612e+06
   1.6699624e+06
   1.6700630e+06
   1.6701763e+06
   1.6702640e+06
   1.6703951e+06
   1.6704956e+06
   1.6705937e+06
   1.6706632e+06
   1.6707824e+06
   1.6708597e+06
   1.6709283e+06
   1.6710329e+06
   1.6711040e+06
   1.6712003e+06
   1.6712897e+06
   1.6713643e+06
   1.6714431e+06
   1.6715172e+06
   1.6715930e+06
   1.6716743e+06
   1.6717786e+06
   1.6718924e+06
   1.6719776e+06
   1.6720720e+06
   1.6721886e+06
   1.6722688e+06
   1.6723590e+06
   1.6724365e+06
   1.6725354e+06
   1.6726127e+06
   1.6727163e+06
   1.6728251e+06
   1.6729183e+06
   1.6730054e+06
   1.6730891e+06
   1.6731956e+06
   1.6732767e+06
   1.6733827e+06
   1.6734829e+06
   1.6735553e+06
   1.6736334e+06
   1.6737261e+06
   1.6738218e+06
   1.6739133e+06
   1.6739839e+06
   1.6741840e+06
   1.6742733e+06
   1.6743783e+06
   1.6745047e+06
   1.6745882e+06
   1.6746991e+06
   1.6747701e+06
   1.6748708e+06
   1.6749914e+06
   1.6751132e+06
   1.6751952e+06
   1.6752623e+06
   1.6753351e+06
   1.6754265e+06
   1.6755212e+06
   1.6756156e+06
   1.6757173e+06
   1.6757979e+06
   1.6758711e+06
   1.6759530e+06
   1.6760510e+06
   1.6761524e+06
   1.6762472e+06
   1.6763251e+06
   1.6764042e+06
   1.6764741e+06
   1.6765653e+06
   1.6766247e+06
   1.6767126e+06
   1.6768037e+06
   1.6768937e+06
   1.6770132e+06
   1.6771143e+06
   1.6772303e+06
   1.6773354e+06
   1.6774343e+06
   1.6774965e+06
   1.6776031e+06
   1.6776792e+06
   1.6777915e+06
   1.6778971e+06
   1.6779885e+06
   1.6781173e+06
   1.6782063e+06
   1.6783342e+06
   1.6784164e+06
   1.6785327e+06
   1.6786419e+06
   1.6787717e+06
   1.6788756e+06
   1.6789624e+06
   1.6790466e+06
   1.6792081e+06
   1.6793019e+06
   1.6794217e+06
   1.6795006e+06
   1.6795947e+06
   1.6796893e+06
   1.6797888e+06
   1.6798751e+06
   1.6799531e+06
   1.6802108e+06
   1.6805576e+06
   1.6810422e+06
   1.6814160e+06
   1.6825976e+06
   1.6838979e+06
   1.6861597e+06
   1.6873613e+06
   1.6882249e+06
   1.6884257e+06
   1.6891058e+06
   1.6896064e+06
   1.6900056e+06
   1.6902949e+06
   1.6906215e+06
   1.6911500e+06
   1.6913963e+06
   1.6929907e+06
   1.6935177e+06
   1.6939560e+06
   1.6947082e+06
   1.6949230e+06
   1.6950612e+06
   1.6958804e+06
   1.6964048e+06
   1.6969554e+06
   1.6973783e+06
   1.6976453e+06
   1.7010570e+06
   1.7033864e+06
   1.7035689e+06
   1.7040467e+06
   1.7043586e+06
   1.7046476e+06
   1.7048701e+06
   1.7050960e+06
   1.7052605e+06
   1.7055766e+06
   1.7061204e+06
   1.7062716e+06
   1.7079708e+06
   1.7085959e+06
   1.7090503e+06
   1.7092964e+06
   1.7107190e+06
   1.7111813e+06
   1.7114012e+06
   1.7116556e+06
   1.7119809e+06
   1.7121796e+06
   1.7130876e+06
   1.7133583e+06
   1.7136617e+06
   1.7139137e+06
   1.7141888e+06
   1.7144500e+06
   1.7148511e+06
   1.7151839e+06
   1.7159686e+06
   1.7200941e+06
   1.7201763e+06
   1.7202558e+06
   1.7203475e+06
   1.7204458e+06
   1.7205141e+06
   1.7206385e+06
   1.7207144e+06
   1.7207912e+06
   1.7208722e+06
   1.7209333e+06
   1.7210189e+06
   1.7211099e+06
   1.7212016e+06
   1.7212821e+06
   1.7213704e+06
   1.7214334e+06
   1.7215016e+06
   1.7215936e+06
   1.7216667e+06
   1.7217684e+06
   1.7218681e+06
   1.7219511e+06
   1.7220601e+06
   1.7221461e+06
   1.7222333e+06
   1.7223221e+06
   1.7224091e+06
   1.7224978e+06
   1.7225731e+06
   1.7227006e+06
   1.7227915e+06
   1.7228607e+06
   1.7229337e+06
   1.7230025e+06
   1.7230729e+06
   1.7231680e+06
   1.7232356e+06
   1.7233153e+06
   1.7234603e+06
   1.7235704e+06
   1.7236577e+06
   1.7237191e+06
   1.7238101e+06
   1.7239092e+06
   1.7239853e+06
   1.7240452e+06
   1.7241573e+06
   1.7242609e+06
   1.7243441e+06
   1.7244393e+06
   1.7245095e+06
   1.7245906e+06
   1.7246532e+06
   1.7247271e+06
   1.7247832e+06
   1.7248783e+06
   1.7249510e+06
   1.7250266e+06
   1.7251194e+06
   1.7252160e+06
   1.7252869e+06
   1.7253783e+06
   1.7254628e+06
   1.7255442e+06
   1.7256156e+06
   1.7256928e+06
   1.7257590e+06
   1.7258378e+06
   1.7259479e+06
   1.7260111e+06
   1.7260889e+06
   1.7261900e+06
   1.7262956e+06
   1.7263754e+06
   1.7265022e+06
   1.7266038e+06
   1.7266745e+06
   1.7267749e+06
   1.7268671e+06
   1.7269444e+06
   1.7271042e+06
   1.7271742e+06
   1.7273049e+06
   1.7273843e+06
   1.7274681e+06
   1.7275343e+06
   1.7276169e+06
   1.7276977e+06
   1.7277808e+06
   1.7278759e+06
   1.7279461e+06
   1.7280463e+06
   1.7281349e+06
   1.7282222e+06
   1.7283087e+06
   1.7283793e+06
   1.7284532e+06
   1.7285369e+06
   1.7286153e+06
   1.7287082e+06
   1.7288019e+06
   1.7288912e+06
   1.7290015e+06
   1.7290752e+06
   1.7291803e+06
   1.7292874e+06
   1.7293726e+06
   1.7294608e+06
   1.7295263e+06
   1.7296093e+06
   1.7296999e+06
   1.7297814e+06
   1.7298712e+06
   1.7299493e+06
   1.7300384e+06
   1.7301132e+06
   1.7301997e+06
   1.7303467e+06
   1.7304207e+06
   1.7304903e+06
   1.7305736e+06
   1.7307053e+06
   1.7308064e+06
   1.7308946e+06
   1.7309893e+06
   1.7310643e+06
   1.7311323e+06
   1.7312664e+06
   1.7313536e+06
   1.7314186e+06
   1.7315238e+06
   1.7316185e+06
   1.7317349e+06
   1.7318111e+06
   1.7318988e+06
   1.7319758e+06
   1.7320557e+06
   1.7321445e+06
   1.7322570e+06
   1.7323427e+06
   1.7324457e+06
   1.7325208e+06
   1.7326047e+06
   1.7327276e+06
   1.7328254e+06
   1.7329356e+06
   1.7330163e+06
   1.7331047e+06
   1.7332028e+06
   1.7332850e+06
   1.7333676e+06
   1.7334853e+06
   1.7335829e+06
   1.7336612e+06
   1.7337449e+06
   1.7338426e+06
   1.7339453e+06
   1.7341409e+06
   1.7342239e+06
   1.7343376e+06
   1.7344447e+06
   1.7345356e+06
   1.7346263e+06
   1.7347434e+06
   1.7348185e+06
   1.7348930e+06
   1.7349647e+06
   1.7350612e+06
   1.7351480e+06
   1.7352280e+06
   1.7353248e+06
   1.7354207e+06
   1.7355360e+06
   1.7356093e+06
   1.7356751e+06
   1.7357520e+06
   1.7358424e+06
   1.7359315e+06
   1.7359992e+06
   1.7361083e+06
   1.7362484e+06
   1.7363409e+06
   1.7364486e+06
   1.7365453e+06
   1.7366465e+06
   1.7367422e+06
   1.7368347e+06
   1.7369440e+06
   1.7370296e+06
   1.7371252e+06
   1.7372366e+06
   1.7373106e+06
   1.7374448e+06
   1.7375509e+06
   1.7376636e+06
   1.7377545e+06
   1.7378528e+06
   1.7379416e+06
   1.7380124e+06
   1.7381100e+06
   1.7382235e+06
   1.7383098e+06
   1.7384003e+06
   1.7384763e+06
   1.7385650e+06
   1.7386495e+06
   1.7387218e+06
   1.7387958e+06
   1.7389060e+06
   1.7389924e+06
   1.7390681e+06
   1.7391820e+06
   1.7392547e+06
   1.7393660e+06
   1.7394485e+06
   1.7395316e+06
   1.7396226e+06
   1.7397106e+06
   1.7397858e+06
   1.7399250e+06
   1.7409829e+06
   1.7515120e+06
   1.7518848e+06
   1.7521126e+06
   1.7529002e+06
   1.7531130e+06
   1.7533078e+06
   1.7538948e+06
   1.7542004e+06
   1.7546540e+06
   1.7549933e+06
   1.7569030e+06
   1.7571476e+06
   1.7573808e+06
   1.7581522e+06
   1.7606466e+06
   1.7618620e+06
   1.7624107e+06
   1.7660031e+06
   1.7662070e+06
   1.7800913e+06
   1.7801758e+06
   1.7802849e+06
   1.7803803e+06
   1.7804676e+06
   1.7805362e+06
   1.7806126e+06
   1.7807044e+06
   1.7807812e+06
   1.7808479e+06
   1.7809558e+06
   1.7810588e+06
   1.7811319e+06
   1.7811949e+06
   1.7812719e+06
   1.7813753e+06
   1.7814343e+06
   1.7815100e+06
   1.7815857e+06
   1.7816752e+06
   1.7817609e+06
   1.7818303e+06
   1.7819308e+06
   1.7820265e+06
   1.7820818e+06
   1.7821783e+06
   1.7822656e+06
   1.7823478e+06
   1.7824296e+06
   1.7825201e+06
   1.7825901e+06
   1.7826753e+06
   1.7827896e+06
   1.7828535e+06
   1.7829340e+06
   1.7830176e+06
   1.7830752e+06
   1.7831416e+06
   1.7832241e+06
   1.7833167e+06
   1.7833906e+06
   1.7834786e+06
   1.7835502e+06
   1.7836446e+06
   1.7837172e+06
   1.7837834e+06
   1.7838627e+06
   1.7839248e+06
   1.7839993e+06
   1.7840793e+06
   1.7841506e+06
   1.7842366e+06
   1.7842991e+06
   1.7843790e+06
   1.7844746e+06
   1.7845442e+06
   1.7846075e+06
   1.7847215e+06
   1.7847987e+06
   1.7848933e+06
   1.7849637e+06
   1.7850258e+06
   1.7851013e+06
   1.7851644e+06
   1.7852495e+06
   1.7853202e+06
   1.7853864e+06
   1.7854805e+06
   1.7855435e+06
   1.7856187e+06
   1.7856850e+06
   1.7857967e+06
   1.7858965e+06
   1.7859810e+06
   1.7860888e+06
   1.7861625e+06
   1.7862318e+06
   1.7863178e+06
   1.7864153e+06
   1.7864884e+06
   1.7865840e+06
   1.7866777e+06
   1.7867702e+06
   1.7868464e+06
   1.7869291e+06
   1.7870803e+06
   1.7871604e+06
   1.7872287e+06
   1.7873233e+06
   1.7873814e+06
   1.7874639e+06
   1.7875462e+06
   1.7876091e+06
   1.7876740e+06
   1.7877638e+06
   1.7878441e+06
   1.7879129e+06
   1.7879908e+06
   1.7880664e+06
   1.7881592e+06
   1.7882632e+06
   1.7883524e+06
   1.7884246e+06
   1.7885057e+06
   1.7885746e+06
   1.7886638e+06
   1.7887745e+06
   1.7888560e+06
   1.7889568e+06
   1.7890358e+06
   1.7891047e+06
   1.7891766e+06
   1.7892502e+06
   1.7893312e+06
   1.7894189e+06
   1.7895143e+06
   1.7896011e+06
   1.7896787e+06
   1.7897372e+06
   1.7898246e+06
   1.7899223e+06
   1.7900033e+06
   1.7900803e+06
   1.7901541e+06
   1.7902288e+06
   1.7903043e+06
   1.7903976e+06
   1.7904523e+06
   1.7905553e+06
   1.7906193e+06
   1.7907017e+06
   1.7908034e+06
   1.7908776e+06
   1.7910073e+06
   1.7910858e+06
   1.7911689e+06
   1.7912516e+06
   1.7913321e+06
   1.7914413e+06
   1.7915145e+06
   1.7916016e+06
   1.7916956e+06
   1.7918070e+06
   1.7919058e+06
   1.7920185e+06
   1.7920923e+06
   1.7921695e+06
   1.7922547e+06
   1.7923242e+06
   1.7924010e+06
   1.7924698e+06
   1.7925658e+06
   1.7926247e+06
   1.7926952e+06
   1.7927611e+06
   1.7928545e+06
   1.7929396e+06
   1.7930602e+06
   1.7931578e+06
   1.7932374e+06
   1.7933264e+06
   1.7934122e+06
   1.7935257e+06
   1.7936078e+06
   1.7936926e+06
   1.7937965e+06
   1.7938975e+06
   1.7939878e+06
   1.7941518e+06
   1.7942712e+06
   1.7943644e+06
   1.7944734e+06
   1.7945718e+06
   1.7946491e+06
   1.7947220e+06
   1.7948275e+06
   1.7949113e+06
   1.7949869e+06
   1.7950808e+06
   1.7951707e+06
   1.7953065e+06
   1.7953786e+06
   1.7954999e+06
   1.7955662e+06
   1.7956485e+06
   1.7957555e+06
   1.7958710e+06
   1.7959453e+06
   1.7960566e+06
   1.7961659e+06
   1.7962510e+06
   1.7963449e+06
   1.7964318e+06
   1.7965139e+06
   1.7965889e+06
   1.7966628e+06
   1.7967289e+06
   1.7968408e+06
   1.7969151e+06
   1.7969936e+06
   1.7970912e+06
   1.7971714e+06
   1.7972524e+06
   1.7973490e+06
   1.7974388e+06
   1.7975223e+06
   1.7976196e+06
   1.7977232e+06
   1.7977885e+06
   1.7978591e+06
   1.7979393e+06
   1.7980329e+06
   1.7981071e+06
   1.7981759e+06
   1.7982557e+06
   1.7983427e+06
   1.7984152e+06
   1.7985154e+06
   1.7985907e+06
   1.7986822e+06
   1.7987386e+06
   1.7988315e+06
   1.7989176e+06
   1.7989941e+06
   1.7990780e+06
   1.7991879e+06
   1.7992698e+06
   1.7993509e+06
   1.7994304e+06
   1.7995058e+06
   1.7995861e+06
   1.7996733e+06
   1.7998534e+06
   1.7999605e+06
   1.8004183e+06
   1.8025490e+06
   1.8027540e+06
   1.8047971e+06
   1.8052862e+06
   1.8071787e+06
   1.8075081e+06
   1.8081119e+06
   1.8084260e+06
   1.8093801e+06
   1.8095997e+06
   1.8100056e+06
   1.8293718e+06
   1.8308445e+06
   1.8325962e+06
   1.8333243e+06
   1.8335147e+06
   1.8339008e+06
   1.8342566e+06
   1.8346382e+06
   1.8362182e+06
   1.8364064e+06
   1.8366207e+06
   1.8370076e+06
   1.8372326e+06
   1.8373866e+06
   1.8375579e+06
   1.8378280e+06
   1.8390470e+06
   1.8400600e+06
   1.8401596e+06
   1.8402237e+06
   1.8402947e+06
   1.8403490e+06
   1.8404476e+06
   1.8405224e+06
   1.8406083e+06
   1.8406785e+06
   1.8407353e+06
   1.8408062e+06
   1.8408763e+06
   1.8409420e+06
   1.8410155e+06
   1.8410808e+06
   1.8411527e+06
   1.8412342e+06
   1.8413152e+06
   1.8414302e+06
   1.8414975e+06
   1.8415752e+06
   1.8416563e+06
   1.8417269e+06
   1.8418045e+06
   1.8418873e+06
   1.8419685e+06
   1.8420996e+06
   1.8421716e+06
   1.8422562e+06
   1.8423657e+06
   1.8424375e+06
   1.8425149e+06
   1.8425937e+06
   1.8426549e+06
   1.8427538e+06
   1.8428216e+06
   1.8428941e+06
   1.8429809e+06
   1.8430384e+06
   1.8431313e+06
   1.8431956e+06
   1.8432596e+06
   1.8433287e+06
   1.8434243e+06
   1.8434754e+06
   1.8435418e+06
   1.8436182e+06
   1.8436852e+06
   1.8437646e+06
   1.8438311e+06
   1.8439210e+06
   1.8439961e+06
   1.8440718e+06
   1.8441338e+06
   1.8442075e+06
   1.8442790e+06
   1.8443586e+06
   1.8444220e+06
   1.8445035e+06
   1.8445722e+06
   1.8446463e+06
   1.8447208e+06
   1.8447914e+06
   1.8449033e+06
   1.8449788e+06
   1.8450466e+06
   1.8451317e+06
   1.8451994e+06
   1.8453253e+06
   1.8454168e+06
   1.8454887e+06
   1.8455641e+06
   1.8456634e+06
   1.8457322e+06
   1.8458071e+06
   1.8459001e+06
   1.8459848e+06
   1.8460624e+06
   1.8461379e+06
   1.8462017e+06
   1.8462870e+06
   1.8463522e+06
   1.8464150e+06
   1.8464722e+06
   1.8465526e+06
   1.8466357e+06
   1.8467070e+06
   1.8467822e+06
   1.8468696e+06
   1.8469771e+06
   1.8471252e+06
   1.8471932e+06
   1.8472820e+06
   1.8473571e+06
   1.8474323e+06
   1.8475198e+06
   1.8476092e+06
   1.8476776e+06
   1.8477601e+06
   1.8478365e+06
   1.8479122e+06
   1.8479971e+06
   1.8480987e+06
   1.8481727e+06
   1.8482542e+06
   1.8483185e+06
   1.8483943e+06
   1.8484660e+06
   1.8485329e+06
   1.8486304e+06
   1.8487510e+06
   1.8488807e+06
   1.8489504e+06
   1.8490304e+06
   1.8491193e+06
   1.8492418e+06
   1.8493216e+06
   1.8493878e+06
   1.8494468e+06
   1.8495418e+06
   1.8496383e+06
   1.8497084e+06
   1.8498129e+06
   1.8498880e+06
   1.8499619e+06
   1.8500245e+06
   1.8501051e+06
   1.8501764e+06
   1.8502463e+06
   1.8503449e+06
   1.8504273e+06
   1.8505180e+06
   1.8506078e+06
   1.8507253e+06
   1.8507968e+06
   1.8508673e+06
   1.8509565e+06
   1.8510339e+06
   1.8511280e+06
   1.8512020e+06
   1.8512665e+06
   1.8513316e+06
   1.8514309e+06
   1.8515068e+06
   1.8515729e+06
   1.8516419e+06
   1.8517090e+06
   1.8517797e+06
   1.8518497e+06
   1.8519359e+06
   1.8520115e+06
   1.8520740e+06
   1.8521754e+06
   1.8522489e+06
   1.8523285e+06
   1.8524301e+06
   1.8525217e+06
   1.8525855e+06
   1.8526609e+06
   1.8527563e+06
   1.8528367e+06
   1.8529149e+06
   1.8529892e+06
   1.8530538e+06
   1.8531462e+06
   1.8532441e+06
   1.8533130e+06
   1.8534026e+06
   1.8534950e+06
   1.8535815e+06
   1.8536572e+06
   1.8537129e+06
   1.8537714e+06
   1.8538384e+06
   1.8539124e+06
   1.8539946e+06
   1.8541430e+06
   1.8542316e+06
   1.8543084e+06
   1.8544061e+06
   1.8544805e+06
   1.8545448e+06
   1.8546470e+06
   1.8547270e+06
   1.8547830e+06
   1.8548747e+06
   1.8549443e+06
   1.8550210e+06
   1.8550941e+06
   1.8551939e+06
   1.8552698e+06
   1.8553676e+06
   1.8554519e+06
   1.8555177e+06
   1.8555796e+06
   1.8556707e+06
   1.8557491e+06
   1.8558219e+06
   1.8559115e+06
   1.8559976e+06
   1.8561110e+06
   1.8562099e+06
   1.8562688e+06
   1.8563531e+06
   1.8564284e+06
   1.8565036e+06
   1.8565970e+06
   1.8566644e+06
   1.8567534e+06
   1.8568413e+06
   1.8569298e+06
   1.8570071e+06
   1.8570840e+06
   1.8571530e+06
   1.8572218e+06
   1.8572862e+06
   1.8573603e+06
   1.8574456e+06
   1.8575102e+06
   1.8576100e+06
   1.8576879e+06
   1.8577675e+06
   1.8578431e+06
   1.8579298e+06
   1.8580186e+06
   1.8580937e+06
   1.8581808e+06
   1.8582560e+06
   1.8583371e+06
   1.8584083e+06
   1.8585001e+06
   1.8585747e+06
   1.8586709e+06
   1.8587387e+06
   1.8588123e+06
   1.8588896e+06
   1.8589647e+06
   1.8590402e+06
   1.8591593e+06
   1.8592406e+06
   1.8593316e+06
   1.8594229e+06
   1.8594983e+06
   1.8595632e+06
   1.8596319e+06
   1.8597025e+06
   1.8598183e+06
   1.8598913e+06
   1.8599545e+06
   1.8605899e+06
   1.8610123e+06
   1.8637403e+06
   1.8640340e+06
   1.8642585e+06
   1.8645184e+06
   1.8649001e+06
   1.8652390e+06
   1.8657547e+06
   1.8660970e+06
   1.8665500e+06
   1.8668944e+06
   1.8670460e+06
   1.8699597e+06
   1.8703877e+06
   1.8705756e+06
   1.8724698e+06
   1.8729328e+06
   1.8751794e+06
   1.8778895e+06
   1.8781379e+06
   1.8783245e+06
   1.8819633e+06
   1.8825308e+06
   1.8866267e+06
   1.8875105e+06
   1.8879787e+06
   1.8881415e+06
   1.8905695e+06
   1.8912669e+06
   1.8921807e+06
   1.8928758e+06
   1.8933842e+06
   1.8941354e+06
   1.8944113e+06
   1.8948561e+06
   1.8952136e+06
   1.8964095e+06
   1.8976761e+06
   1.8985584e+06
   1.8998049e+06
   1.9000607e+06
   1.9001210e+06
   1.9001763e+06
   1.9002282e+06
   1.9002593e+06
   1.9002952e+06
   1.9003247e+06
   1.9003603e+06
   1.9003915e+06
   1.9004386e+06
   1.9004665e+06
   1.9005014e+06
   1.9005261e+06
   1.9005714e+06
   1.9006034e+06
   1.9006342e+06
   1.9006602e+06
   1.9007100e+06
   1.9007265e+06
   1.9007866e+06
   1.9007895e+06
   1.9008590e+06
   1.9008664e+06
   1.9009150e+06
   1.9009322e+06
   1.9009801e+06
   1.9009978e+06
   1.9010431e+06
   1.9010611e+06
   1.9011185e+06
   1.9011283e+06
   1.9011800e+06
   1.9011980e+06
   1.9012550e+06
   1.9012747e+06
   1.9013134e+06
   1.9013325e+06
   1.9013868e+06
   1.9013900e+06
   1.9014602e+06
   1.9014642e+06
   1.9015254e+06
   1.9015288e+06
   1.9015870e+06
   1.9015879e+06
   1.9016490e+06
   1.9016771e+06
   1.9017319e+06
   1.9017464e+06
   1.9018013e+06
   1.9018271e+06
   1.9018612e+06
   1.9018942e+06
   1.9019290e+06
   1.9019765e+06
   1.9019970e+06
   1.9020254e+06
   1.9020544e+06
   1.9020887e+06
   1.9021207e+06
   1.9021639e+06
   1.9021808e+06
   1.9022334e+06
   1.9022478e+06
   1.9023036e+06
   1.9023209e+06
   1.9023724e+06
   1.9023913e+06
   1.9024351e+06
   1.9024577e+06
   1.9024918e+06
   1.9025299e+06
   1.9025543e+06
   1.9025878e+06
   1.9026246e+06
   1.9026595e+06
   1.9026946e+06
   1.9027319e+06
   1.9027600e+06
   1.9028027e+06
   1.9028241e+06
   1.9028712e+06
   1.9028880e+06
   1.9029296e+06
   1.9029582e+06
   1.9029926e+06
   1.9030594e+06
   1.9030608e+06
   1.9031362e+06
   1.9031479e+06
   1.9031930e+06
   1.9032024e+06
   1.9032505e+06
   1.9032744e+06
   1.9033224e+06
   1.9033389e+06
   1.9033874e+06
   1.9034151e+06
   1.9034549e+06
   1.9034737e+06
   1.9035350e+06
   1.9035616e+06
   1.9035977e+06
   1.9036361e+06
   1.9036630e+06
   1.9037101e+06
   1.9037411e+06
   1.9037834e+06
   1.9038103e+06
   1.9038566e+06
   1.9038836e+06
   1.9039239e+06
   1.9039740e+06
   1.9040139e+06
   1.9040437e+06
   1.9040814e+06
   1.9041063e+06
   1.9041415e+06
   1.9041809e+06
   1.9042090e+06
   1.9042364e+06
   1.9042773e+06
   1.9043322e+06
   1.9043871e+06
   1.9044008e+06
   1.9044709e+06
   1.9044714e+06
   1.9045397e+06
   1.9045491e+06
   1.9046118e+06
   1.9046290e+06
   1.9046802e+06
   1.9047206e+06
   1.9047385e+06
   1.9047878e+06
   1.9048047e+06
   1.9048466e+06
   1.9048691e+06
   1.9049061e+06
   1.9049349e+06
   1.9049647e+06
   1.9049982e+06
   1.9050376e+06
   1.9050573e+06
   1.9051172e+06
   1.9051224e+06
   1.9051834e+06
   1.9051963e+06
   1.9052416e+06
   1.9052746e+06
   1.9053000e+06
   1.9053410e+06
   1.9053568e+06
   1.9054042e+06
   1.9054415e+06
   1.9054597e+06
   1.9055076e+06
   1.9055369e+06
   1.9055893e+06
   1.9055985e+06
   1.9056491e+06
   1.9056712e+06
   1.9057056e+06
   1.9057439e+06
   1.9057731e+06
   1.9057977e+06
   1.9058422e+06
   1.9058738e+06
   1.9059160e+06
   1.9059490e+06
   1.9059752e+06
   1.9060106e+06
   1.9060401e+06
   1.9060761e+06
   1.9060998e+06
   1.9061446e+06
   1.9061655e+06
   1.9062029e+06
   1.9062360e+06
   1.9062838e+06
   1.9062903e+06
   1.9063506e+06
   1.9063521e+06
   1.9064172e+06
   1.9064203e+06
   1.9064845e+06
   1.9065144e+06
   1.9065663e+06
   1.9065828e+06
   1.9066340e+06
   1.9066445e+06
   1.9067102e+06
   1.9067269e+06
   1.9067841e+06
   1.9067946e+06
   1.9068431e+06
   1.9068649e+06
   1.9069082e+06
   1.9069190e+06
   1.9069792e+06
   1.9069823e+06
   1.9071124e+06
   1.9071238e+06
   1.9071778e+06
   1.9072140e+06
   1.9072647e+06
   1.9072951e+06
   1.9073289e+06
   1.9073745e+06
   1.9074231e+06
   1.9074447e+06
   1.9074854e+06
   1.9075186e+06
   1.9075462e+06
   1.9075910e+06
   1.9076236e+06
   1.9076589e+06
   1.9077119e+06
   1.9077348e+06
   1.9077817e+06
   1.9078056e+06
   1.9078497e+06
   1.9078755e+06
   1.9079125e+06
   1.9079531e+06
   1.9079966e+06
   1.9080251e+06
   1.9080545e+06
   1.9080973e+06
   1.9081378e+06
   1.9081705e+06
   1.9081971e+06
   1.9082262e+06
   1.9082886e+06
   1.9082925e+06
   1.9083472e+06
   1.9083677e+06
   1.9084274e+06
   1.9084531e+06
   1.9085005e+06
   1.9085198e+06
   1.9085803e+06
   1.9085864e+06
   1.9086527e+06
   1.9086605e+06
   1.9087215e+06
   1.9087321e+06
   1.9087868e+06
   1.9088103e+06
   1.9088625e+06
   1.9088812e+06
   1.9089415e+06
   1.9089455e+06
   1.9090189e+06
   1.9090437e+06
   1.9090952e+06
   1.9091233e+06
   1.9091743e+06
   1.9092163e+06
   1.9092409e+06
   1.9092816e+06
   1.9093122e+06
   1.9093394e+06
   1.9093800e+06
   1.9094038e+06
   1.9094417e+06
   1.9094735e+06
   1.9095111e+06
   1.9095428e+06
   1.9095826e+06
   1.9096351e+06
   1.9096457e+06
   1.9096994e+06
   1.9097097e+06
   1.9097712e+06
   1.9097843e+06
   1.9098475e+06
   1.9098475e+06
   1.9099091e+06
   1.9099250e+06
   1.9099738e+06
   1.9099825e+06
   1.9100409e+06
   1.9100493e+06
   1.9101073e+06
   1.9101242e+06
   1.9101764e+06
   1.9102046e+06
   1.9102545e+06
   1.9102851e+06
   1.9103200e+06
   1.9103482e+06
   1.9103962e+06
   1.9104272e+06
   1.9104706e+06
   1.9104919e+06
   1.9105281e+06
   1.9105654e+06
   1.9105980e+06
   1.9106750e+06
   1.9106906e+06
   1.9107426e+06
   1.9107734e+06
   1.9108182e+06
   1.9108549e+06
   1.9108956e+06
   1.9109208e+06
   1.9109768e+06
   1.9110188e+06
   1.9110584e+06
   1.9110861e+06
   1.9111302e+06
   1.9111566e+06
   1.9112012e+06
   1.9112225e+06
   1.9112706e+06
   1.9113063e+06
   1.9113774e+06
   1.9113776e+06
   1.9114419e+06
   1.9114554e+06
   1.9115209e+06
   1.9115391e+06
   1.9116046e+06
   1.9116054e+06
   1.9116670e+06
   1.9116897e+06
   1.9117444e+06
   1.9117580e+06
   1.9118148e+06
   1.9118250e+06
   1.9118877e+06
   1.9119113e+06
   1.9119599e+06
   1.9119968e+06
   1.9120282e+06
   1.9120702e+06
   1.9121131e+06
   1.9121413e+06
   1.9121756e+06
   1.9122055e+06
   1.9122520e+06
   1.9122601e+06
   1.9123249e+06
   1.9123295e+06
   1.9123932e+06
   1.9124158e+06
   1.9124751e+06
   1.9124812e+06
   1.9125422e+06
   1.9125496e+06
   1.9126196e+06
   1.9126246e+06
   1.9127016e+06
   1.9127129e+06
   1.9127572e+06
   1.9127994e+06
   1.9128228e+06
   1.9128622e+06
   1.9128899e+06
   1.9129221e+06
   1.9129879e+06
   1.9130018e+06
   1.9130480e+06
   1.9130570e+06
   1.9131205e+06
   1.9131310e+06
   1.9131926e+06
   1.9132129e+06
   1.9132693e+06
   1.9132927e+06
   1.9133397e+06
   1.9133716e+06
   1.9133919e+06
   1.9134499e+06
   1.9134742e+06
   1.9135290e+06
   1.9135599e+06
   1.9136152e+06
   1.9136412e+06
   1.9136874e+06
   1.9137086e+06
   1.9137512e+06
   1.9137833e+06
   1.9138254e+06
   1.9138547e+06
   1.9139210e+06
   1.9139295e+06
   1.9139979e+06
   1.9139986e+06
   1.9141348e+06
   1.9141697e+06
   1.9142262e+06
   1.9142320e+06
   1.9143104e+06
   1.9143147e+06
   1.9143869e+06
   1.9144022e+06
   1.9144606e+06
   1.9144712e+06
   1.9145351e+06
   1.9145454e+06
   1.9146074e+06
   1.9146384e+06
   1.9146983e+06
   1.9147047e+06
   1.9147640e+06
   1.9148259e+06
   1.9148702e+06
   1.9149022e+06
   1.9149655e+06
   1.9149702e+06
   1.9150442e+06
   1.9150720e+06
   1.9151064e+06
   1.9151662e+06
   1.9151775e+06
   1.9152461e+06
   1.9152543e+06
   1.9153252e+06
   1.9153464e+06
   1.9153954e+06
   1.9154110e+06
   1.9154639e+06
   1.9154946e+06
   1.9155415e+06
   1.9155566e+06
   1.9156049e+06
   1.9156339e+06
   1.9156684e+06
   1.9156915e+06
   1.9157476e+06
   1.9157635e+06
   1.9158273e+06
   1.9158456e+06
   1.9159004e+06
   1.9159114e+06
   1.9159726e+06
   1.9159793e+06
   1.9160452e+06
   1.9160616e+06
   1.9161266e+06
   1.9161471e+06
   1.9162104e+06
   1.9162205e+06
   1.9162921e+06
   1.9163217e+06
   1.9163668e+06
   1.9163958e+06
   1.9164509e+06
   1.9164616e+06
   1.9165279e+06
   1.9165306e+06
   1.9166134e+06
   1.9166528e+06
   1.9166778e+06
   1.9167388e+06
   1.9167527e+06
   1.9168262e+06
   1.9168517e+06
   1.9168888e+06
   1.9169102e+06
   1.9169631e+06
   1.9169905e+06
   1.9170524e+06
   1.9170610e+06
   1.9171250e+06
   1.9171255e+06
   1.9171956e+06
   1.9171987e+06
   1.9172639e+06
   1.9172813e+06
   1.9173453e+06
   1.9173544e+06
   1.9174080e+06
   1.9174147e+06
   1.9174794e+06
   1.9174840e+06
   1.9175488e+06
   1.9175572e+06
   1.9175578e+06
   1.9175626e+06
   1.9175935e+06
   1.9176113e+06
   1.9176223e+06
   1.9176329e+06
   1.9176339e+06
   1.9176661e+06
   1.9176830e+06
   1.9176964e+06
   1.9177107e+06
   1.9177169e+06
   1.9177208e+06
   1.9177274e+06
   1.9177581e+06
   1.9177706e+06
   1.9177933e+06
   1.9177935e+06
   1.9177947e+06
   1.9178139e+06
   1.9178307e+06
   1.9178377e+06
   1.9178660e+06
   1.9178832e+06
   1.9178871e+06
   1.9178927e+06
   1.9178949e+06
   1.9179029e+06
   1.9179371e+06
   1.9179492e+06
   1.9179668e+06
   1.9179715e+06
   1.9179887e+06
   1.9180074e+06
   1.9180088e+06
   1.9180309e+06
   1.9180410e+06
   1.9180532e+06
   1.9180604e+06
   1.9180800e+06
   1.9180845e+06
   1.9180872e+06
   1.9181045e+06
   1.9181173e+06
   1.9181419e+06
   1.9181670e+06
   1.9181912e+06
   1.9181973e+06
   1.9181988e+06
   1.9182034e+06
   1.9182415e+06
   1.9182615e+06
   1.9182634e+06
   1.9182679e+06
   1.9182772e+06
   1.9182950e+06
   1.9183275e+06
   1.9183362e+06
   1.9183444e+06
   1.9183638e+06
   1.9183659e+06
   1.9183910e+06
   1.9184078e+06
   1.9184263e+06
   1.9184298e+06
   1.9184439e+06
   1.9184482e+06
   1.9184701e+06
   1.9185023e+06
   1.9185024e+06
   1.9185167e+06
   1.9185264e+06
   1.9185288e+06
   1.9185480e+06
   1.9185647e+06
   1.9185906e+06
   1.9185909e+06
   1.9185972e+06
   1.9186166e+06
   1.9186193e+06
   1.9186461e+06
   1.9186463e+06
   1.9186703e+06
   1.9186754e+06
   1.9187053e+06
   1.9187180e+06
   1.9187264e+06
   1.9187444e+06
   1.9187543e+06
   1.9187643e+06
   1.9187796e+06
   1.9187849e+06
   1.9188151e+06
   1.9188215e+06
   1.9188299e+06
   1.9188463e+06
   1.9188607e+06
   1.9188668e+06
   1.9188883e+06
   1.9188909e+06
   1.9189070e+06
   1.9189263e+06
   1.9189339e+06
   1.9189405e+06
   1.9189536e+06
   1.9189564e+06
   1.9189828e+06
   1.9189942e+06
   1.9190026e+06
   1.9190156e+06
   1.9190266e+06
   1.9190289e+06
   1.9190532e+06
   1.9190542e+06
   1.9190833e+06
   1.9190935e+06
   1.9190977e+06
   1.9191025e+06
   1.9191482e+06
   1.9191516e+06
   1.9191571e+06
   1.9191649e+06
   1.9191711e+06
   1.9191861e+06
   1.9192162e+06
   1.9192341e+06
   1.9192447e+06
   1.9192467e+06
   1.9192566e+06
   1.9192679e+06
   1.9192734e+06
   1.9193037e+06
   1.9193135e+06
   1.9193296e+06
   1.9193408e+06
   1.9193444e+06
   1.9193474e+06
   1.9193878e+06
   1.9193950e+06
   1.9193975e+06
   1.9194048e+06
   1.9194077e+06
   1.9194621e+06
   1.9194645e+06
   1.9194730e+06
   1.9194749e+06
   1.9194774e+06
   1.9194910e+06
   1.9195300e+06
   1.9195348e+06
   1.9195387e+06
   1.9195569e+06
   1.9195602e+06
   1.9195738e+06
   1.9195918e+06
   1.9196005e+06
   1.9196076e+06
   1.9196279e+06
   1.9196369e+06
   1.9196396e+06
   1.9196675e+06
   1.9196850e+06
   1.9196856e+06
   1.9196969e+06
   1.9197045e+06
   1.9197149e+06
   1.9197336e+06
   1.9197621e+06
   1.9197716e+06
   1.9197717e+06
   1.9197848e+06
   1.9198169e+06
   1.9198396e+06
   1.9198433e+06
   1.9198458e+06
   1.9198464e+06
   1.9198481e+06
   1.9198781e+06
   1.9199073e+06
   1.9199079e+06
   1.9199121e+06
   1.9199405e+06
   1.9199522e+06
   1.9199596e+06
   1.9199749e+06
   1.9199940e+06
