   2.8915267e+03
   6.4447117e+03
   1.1713084e+04
   1.3801279e+04
   1.6071535e+04
   1.8557407e+04
   2.0840201e+04
   2.2592373e+04
   2.4195074e+04
   2.5781498e+04
   2.7788208e+04
   3.0820465e+04
   3.4241380e+04
   3.8370971e+04
   4.0474860e+04
   4.0198827e+04
   4.1475865e+04
   4.2919879e+04
   4.4970247e+04
   4.6540942e+04
   4.6897275e+04
   4.8343540e+04
   4.9930388e+04
   5.3428773e+04
   5.4396319e+04
   5.7456884e+04
   1.0009370e+05
   1.0275983e+05
   1.0399883e+05
   1.0805019e+05
   1.1006892e+05
   1.1250176e+05
   1.1474332e+05
   1.1671386e+05
   1.1887224e+05
   1.6002767e+05
   1.6918116e+05
   1.7149609e+05
   1.7521154e+05
   1.7676650e+05
   1.7954441e+05
   2.2015301e+05
   2.1356068e+05
   2.1564485e+05
   2.1758439e+05
   2.1954786e+05
   2.2113645e+05
   2.2396552e+05
   2.2607293e+05
   2.2727831e+05
   2.3121798e+05
   2.3300299e+05
   2.3656272e+05
   2.3917053e+05
   2.8008141e+05
   2.7918468e+05
   2.8104398e+05
   2.8313430e+05
   2.8473774e+05
   2.8781463e+05
   2.8915763e+05
   2.9087747e+05
   2.9483036e+05
   2.9708001e+05
   2.9870232e+05
   3.4023748e+05
   3.4173339e+05
   3.4397245e+05
   3.4570802e+05
   3.4689231e+05
   3.4777846e+05
   3.5065580e+05
   3.5303023e+05
   3.5463846e+05
   3.5688930e+05
   3.5863293e+05
   4.0018338e+05
   4.0159268e+05
   4.0287921e+05
   4.0484736e+05
   4.0993730e+05
   4.1182168e+05
   4.1299114e+05
   4.1528315e+05
   4.1650270e+05
   4.1837520e+05
   4.6002278e+05
   4.6000387e+05
   4.6159449e+05
   4.6389942e+05
   4.6605650e+05
   4.6825802e+05
   4.7093255e+05
   4.7364493e+05
   4.7593484e+05
   4.7701865e+05
   4.7828419e+05
   4.7939025e+05
   5.2003733e+05
   5.2060936e+05
   5.2268531e+05
   5.2451323e+05
   5.2670003e+05
   5.2833262e+05
   5.3051995e+05
   5.3291867e+05
   5.3499758e+05
   5.3747077e+05
   5.3908454e+05
   5.8016216e+05
   5.8102607e+05
   5.8231352e+05
   5.8431753e+05
   5.8691195e+05
   5.8820721e+05
   5.8927864e+05
   5.9475095e+05
   5.9681226e+05
   5.9910339e+05
   6.0326267e+05
   6.0662871e+05
   6.0892998e+05
   6.1115286e+05
   6.1255426e+05
   6.1538296e+05
   6.1677204e+05
   6.2272412e+05
   6.2722257e+05
   6.3057183e+05
   6.3266189e+05
   6.3527416e+05
   6.3776397e+05
   6.4258979e+05
   6.5272316e+05
   6.5409790e+05
   6.5722379e+05
   6.6055490e+05
   6.6282863e+05
   6.6753064e+05
   6.7402663e+05
   6.7519556e+05
   6.7681727e+05
   6.8069194e+05
   6.8276908e+05
   6.8416529e+05
   6.8768667e+05
   6.9115975e+05
   7.0070827e+05
   7.0346642e+05
   7.0685383e+05
   7.2451067e+05
   7.2703756e+05
   7.2953506e+05
   7.4016143e+05
   7.4237633e+05
   7.4377550e+05
   7.4960505e+05
   7.5596704e+05
   7.5892013e+05
   7.6087919e+05
   7.6145473e+05
   7.6244332e+05
   7.6318669e+05
   7.6394392e+05
   7.6477274e+05
   7.6566658e+05
   7.6647208e+05
   7.6828732e+05
   7.6958035e+05
   7.7544953e+05
   7.7711011e+05
   7.7933267e+05
   8.2089892e+05
   8.2192876e+05
   8.2304564e+05
   8.2391802e+05
   8.2497516e+05
   8.2598754e+05
   8.2874404e+05
   8.3018009e+05
   8.3194611e+05
   8.3355654e+05
   8.3621473e+05
   8.3793130e+05
   8.8104769e+05
   8.8187684e+05
   8.8283826e+05
   8.8365579e+05
   8.8450015e+05
   8.8536268e+05
   8.8656767e+05
   8.8826067e+05
   8.9058180e+05
   8.9242000e+05
   8.9563495e+05
   8.9765905e+05
   9.4122098e+05
   9.4241101e+05
   9.4365281e+05
   9.4442464e+05
   9.4561918e+05
   9.4680427e+05
   9.4880164e+05
   9.5107023e+05
   9.5320511e+05
   9.5560235e+05
   1.0011686e+06
   1.0024054e+06
   1.0037821e+06
   1.0046460e+06
   1.0055418e+06
   1.0065246e+06
   1.0081235e+06
   1.0092888e+06
   1.0129732e+06
   1.0153789e+06
   1.0175960e+06
   1.0608612e+06
   1.0618381e+06
   1.0628925e+06
   1.0638888e+06
   1.0649995e+06
   1.0664678e+06
   1.0692522e+06
   1.0713800e+06
   1.0739237e+06
   1.0754638e+06
   1.0771058e+06
   1.0790204e+06
   1.1209457e+06
   1.1220987e+06
   1.1235330e+06
   1.1248622e+06
   1.1262361e+06
   1.1286385e+06
   1.1307198e+06
   1.1336274e+06
   1.1357531e+06
   1.1379949e+06
   1.1391398e+06
   1.1814499e+06
   1.1829874e+06
   1.1838517e+06
   1.1847080e+06
   1.1861034e+06
   1.1884075e+06
   1.1905726e+06
   1.1928046e+06
   1.1957611e+06
   1.1979462e+06
   1.1998515e+06
   1.2410746e+06
   1.2425831e+06
   1.2447714e+06
   1.2458273e+06
   1.2491959e+06
   1.2516918e+06
   1.2534729e+06
   1.2591601e+06
   1.3010115e+06
   1.3042986e+06
   1.3053131e+06
   1.3064214e+06
   1.3088185e+06
   1.3117086e+06
   1.3136308e+06
   1.3157081e+06
   1.3178641e+06
   1.3610260e+06
   1.3619248e+06
   1.3632896e+06
   1.3650449e+06
   1.3665907e+06
   1.3685401e+06
   1.3758286e+06
   1.3778834e+06
   1.4210178e+06
   1.4232026e+06
   1.4245899e+06
   1.4258047e+06
   1.4285333e+06
   1.4303303e+06
   1.4326516e+06
   1.4353614e+06
   1.4367492e+06
   1.4387419e+06
   1.4808547e+06
   1.4825497e+06
   1.4844643e+06
   1.4869136e+06
   1.4893813e+06
   1.4906092e+06
   1.4925894e+06
   1.4939908e+06
   1.4980349e+06
   1.4993496e+06
   1.5412551e+06
   1.5426072e+06
   1.5438095e+06
   1.5462772e+06
   1.5483362e+06
   1.5503628e+06
   1.5523161e+06
   1.5538307e+06
   1.5556489e+06
   1.5568823e+06
   1.6012433e+06
   1.6025914e+06
   1.6037484e+06
   1.6052691e+06
   1.6087298e+06
   1.6106085e+06
   1.6153452e+06
   1.6184979e+06
   1.6621667e+06
   1.6637909e+06
   1.6654459e+06
   1.6668328e+06
   1.6685299e+06
   1.6720016e+06
   1.6738341e+06
   1.6752015e+06
   1.6775497e+06
   1.6784801e+06
   1.7217514e+06
   1.7229326e+06
   1.7242404e+06
   1.7284973e+06
   1.7296315e+06
   1.7315893e+06
   1.7328729e+06
   1.7358415e+06
   1.7386272e+06
   1.7812332e+06
   1.7831574e+06
   1.7859215e+06
   1.7869338e+06
   1.7884839e+06
   1.7894868e+06
   1.7911369e+06
   1.7923600e+06
   1.7938864e+06
   1.7954758e+06
   1.7968439e+06
   1.7990992e+06
   1.8418499e+06
   1.8436093e+06
   1.8452217e+06
   1.8467161e+06
   1.8484678e+06
   1.8518056e+06
   1.8536412e+06
   1.8588262e+06
   1.9024491e+06
   1.9039665e+06
   1.9051587e+06
   1.9098328e+06
   1.9113464e+06
   1.9129287e+06
   1.9163503e+06
   1.9190659e+06
   6.3378376e+04
   7.2102808e+04
   7.8343426e+04
   8.0249974e+04
   8.2516082e+04
   8.4654924e+04
   8.9565056e+04
   9.0840783e+04
   9.2669160e+04
   9.4030485e+04
   9.5767743e+04
   9.8000203e+04
   1.2090044e+05
   1.2306764e+05
   1.2662786e+05
   1.2972580e+05
   1.3115757e+05
   1.3613378e+05
   1.3766723e+05
   1.4000665e+05
   1.5525119e+05
   1.8048250e+05
   1.8350034e+05
   1.8622927e+05
   2.0381458e+05
   2.0603527e+05
   2.0847635e+05
   2.1031398e+05
   2.1301274e+05
   2.1448759e+05
   2.4072950e+05
   2.4272248e+05
   2.4453753e+05
   2.4597711e+05
   2.4857099e+05
   2.5032630e+05
   2.5217410e+05
   3.0204198e+05
   3.0408668e+05
   3.0549597e+05
   3.1318848e+05
   3.1548431e+05
   3.1995949e+05
   3.2771898e+05
   3.3249636e+05
   3.3621270e+05
   3.6209080e+05
   3.6364678e+05
   3.6915835e+05
   3.7210016e+05
   3.7443584e+05
   3.7652820e+05
   3.7783657e+05
   3.7988231e+05
   3.8173096e+05
   3.8370709e+05
   3.8496258e+05
   3.8678310e+05
   3.8821493e+05
   3.9280283e+05
   3.9556834e+05
   4.2242246e+05
   4.3754563e+05
   4.4087522e+05
   4.4431997e+05
   4.4633871e+05
   4.4989788e+05
   4.5335041e+05
   4.5608747e+05
   4.5840712e+05
   4.8360490e+05
   4.8591381e+05
   4.9048258e+05
   5.1006367e+05
   5.1182232e+05
   5.1487650e+05
   5.1729821e+05
   5.4568960e+05
   5.4863678e+05
   5.5007538e+05
   7.8339596e+05
   7.8537187e+05
   7.8790526e+05
   7.9321426e+05
   7.9556424e+05
   7.9756277e+05
   8.0076966e+05
   8.0397472e+05
   8.0576275e+05
   8.0735581e+05
   8.0904847e+05
   8.1283062e+05
   8.1413018e+05
   8.1648279e+05
   8.4933893e+05
   8.5056870e+05
   8.5606374e+05
   8.6018942e+05
   8.6190987e+05
   8.6532499e+05
   8.7265141e+05
   8.7537918e+05
   8.7858342e+05
   9.0194213e+05
   9.0396919e+05
   9.1063204e+05
   9.1402527e+05
   9.1667290e+05
   9.1821774e+05
   9.2114443e+05
   9.2448733e+05
   9.2567452e+05
   9.2906855e+05
   9.3053782e+05
   9.3221014e+05
   9.3539316e+05
   9.3829441e+05
   9.6287012e+05
   9.6442882e+05
   9.6601754e+05
   9.6779393e+05
   9.6938563e+05
   9.7297727e+05
   9.7511895e+05
   9.7775835e+05
   9.8590387e+05
   9.8792216e+05
   9.9040275e+05
   9.9243089e+05
   9.9487345e+05
   9.9669296e+05
   9.9862925e+05
   1.0219832e+06
   1.0251014e+06
   1.0297408e+06
   1.0318399e+06
   1.0340227e+06
   1.0364306e+06
   1.0374776e+06
   1.0389541e+06
   1.0409756e+06
   1.0433630e+06
   1.0450123e+06
   1.0492400e+06
   1.0509369e+06
   1.0532910e+06
   1.0557299e+06
   1.0569997e+06
   1.0586381e+06
   1.0844915e+06
   1.0870255e+06
   1.0886796e+06
   1.0909132e+06
   1.0925254e+06
   1.0982801e+06
   1.1017915e+06
   1.1042483e+06
   1.1073303e+06
   1.1104772e+06
   1.1118150e+06
   1.1528478e+06
   1.1546928e+06
   1.1619419e+06
   1.1635157e+06
   1.1652988e+06
   1.1673708e+06
   1.1694587e+06
   1.1726841e+06
   1.1751726e+06
   1.2018965e+06
   1.2040048e+06
   1.2067354e+06
   1.2083254e+06
   1.2100307e+06
   1.2113634e+06
   1.2137874e+06
   1.2158060e+06
   1.2185788e+06
   1.2213804e+06
   1.2225709e+06
   1.2246339e+06
   1.2267383e+06
   1.2292897e+06
   1.2304868e+06
   1.2331120e+06
   1.2349695e+06
   1.2373991e+06
   1.2394870e+06
   1.2634397e+06
   1.2652422e+06
   1.2670732e+06
   1.2694448e+06
   1.2744455e+06
   1.2789026e+06
   1.2807699e+06
   1.2847944e+06
   1.2862273e+06
   1.2897134e+06
   1.2917069e+06
   1.2951306e+06
   1.2968472e+06
   1.2998760e+06
   1.3229475e+06
   1.3262047e+06
   1.3287545e+06
   1.3328868e+06
   1.3354837e+06
   1.3490909e+06
   1.3518499e+06
   1.3543175e+06
   1.3828729e+06
   1.3845207e+06
   1.3861737e+06
   1.3894194e+06
   1.3946960e+06
   1.4003902e+06
   1.4021654e+06
   1.4041635e+06
   1.4094569e+06
   1.4116753e+06
   1.4141524e+06
   1.4157042e+06
   1.4423524e+06
   1.4467119e+06
   1.4497041e+06
   1.4517911e+06
   1.4535960e+06
   1.4660887e+06
   1.4700652e+06
   1.4733295e+06
   1.4751805e+06
   1.4783844e+06
   1.5016672e+06
   1.5025790e+06
   1.5040304e+06
   1.5067243e+06
   1.5104264e+06
   1.5127217e+06
   1.5172025e+06
   1.5192756e+06
   1.5226342e+06
   1.5248012e+06
   1.5275335e+06
   1.5319480e+06
   1.5345775e+06
   1.5366082e+06
   1.5641439e+06
   1.5663077e+06
   1.5681706e+06
   1.5700463e+06
   1.5734383e+06
   1.5748836e+06
   1.5794055e+06
   1.5811908e+06
   1.5827038e+06
   1.5880643e+06
   1.5909279e+06
   1.5931120e+06
   1.5955914e+06
   1.5979003e+06
   1.6215481e+06
   1.6237611e+06
   1.6267569e+06
   1.6297312e+06
   1.6355676e+06
   1.6398024e+06
   1.6416325e+06
   1.6452973e+06
   1.6470337e+06
   1.6483397e+06
   1.6499983e+06
   1.6521639e+06
   1.6540505e+06
   1.6555100e+06
   1.6819923e+06
   1.6841437e+06
   1.6871721e+06
   1.6894277e+06
   1.6924205e+06
   1.6946975e+06
   1.7011705e+06
   1.7087194e+06
   1.7122341e+06
   1.7146968e+06
   1.7161449e+06
   1.7181437e+06
   1.7198232e+06
   1.7419826e+06
   1.7435133e+06
   1.7514205e+06
   1.7535390e+06
   1.7548542e+06
   1.7564445e+06
   1.7580125e+06
   1.7599607e+06
   1.7642702e+06
   1.7695445e+06
   1.7725067e+06
   1.7784385e+06
   1.7796977e+06
   1.8023588e+06
   1.8039017e+06
   1.8058675e+06
   1.8089796e+06
   1.8132749e+06
   1.8150024e+06
   1.8172685e+06
   1.8199517e+06
   1.8256647e+06
   1.8288536e+06
   1.8323600e+06
   1.8356860e+06
   1.8375515e+06
   1.8393909e+06
   1.8612817e+06
   1.8630853e+06
   1.8648616e+06
   1.8664071e+06
   1.8683781e+06
   1.8727210e+06
   1.8742250e+06
   1.8766577e+06
   1.8793085e+06
   1.8822170e+06
   1.8850435e+06
   1.8952618e+06
   1.8986988e+06
   3.5945343e+05
   3.5971360e+05
   3.5985486e+05
   4.1913522e+05
   4.1928743e+05
   4.1939026e+05
   4.1955654e+05
   4.1983594e+05
   4.1996657e+05
   4.7916641e+05
   4.7933867e+05
   4.7963003e+05
   4.7988911e+05
   5.3913209e+05
   5.3926885e+05
   5.3944275e+05
   5.3961313e+05
   5.3999889e+05
   5.9910779e+05
   5.9935689e+05
   5.9948660e+05
   5.9991727e+05
