   1.2056586e+03
   2.8531352e+03
   4.1892338e+03
   5.6717775e+03
   7.1552419e+03
   8.2329398e+03
   1.1610677e+04
   1.3117102e+04
   1.4716066e+04
   1.6127832e+04
   1.7686287e+04
   1.9733166e+04
   2.0640781e+04
   2.1716607e+04
   2.3889494e+04
   2.5234340e+04
   2.7573571e+04
   2.8468581e+04
   3.0653962e+04
   3.1694444e+04
   3.2810265e+04
   3.5176656e+04
   3.7112678e+04
   3.8490128e+04
   4.0224836e+04
   4.0687077e+04
   4.1808441e+04
   4.2774231e+04
   4.4901465e+04
   4.7477090e+04
   4.8650194e+04
   4.9595605e+04
   5.2843398e+04
   5.3904768e+04
   5.4995546e+04
   5.6833978e+04
   5.8003953e+04
   5.9104013e+04
   1.0076445e+05
   1.0206113e+05
   1.0377072e+05
   1.0656256e+05
   1.0760260e+05
   1.0855026e+05
   1.0935191e+05
   1.1072480e+05
   1.1173751e+05
   1.1303961e+05
   1.1562225e+05
   1.1651783e+05
   1.1849475e+05
   1.1920448e+05
   1.6073286e+05
   1.6187597e+05
   1.6315705e+05
   1.6413436e+05
   1.6546499e+05
   1.6657870e+05
   1.6819288e+05
   1.7191786e+05
   1.7292941e+05
   1.7413144e+05
   1.7549578e+05
   1.7669755e+05
   1.7832476e+05
   1.7933690e+05
   2.2004606e+05
   2.2070085e+05
   2.2165413e+05
   2.2262291e+05
   2.2336052e+05
   2.2467308e+05
   2.2608663e+05
   2.2687210e+05
   2.2727925e+05
   2.2872501e+05
   2.2978388e+05
   2.3095376e+05
   2.3233627e+05
   2.3361614e+05
   2.3472474e+05
   2.3584549e+05
   2.3731946e+05
   2.3842114e+05
   2.3960985e+05
   2.8011690e+05
   2.8078591e+05
   2.8199482e+05
   2.8387450e+05
   2.8533168e+05
   2.8764852e+05
   2.8951823e+05
   2.9058238e+05
   2.9158558e+05
   2.9306592e+05
   2.9557311e+05
   2.9717573e+05
   2.9901300e+05
   3.4011736e+05
   3.4088580e+05
   3.4250834e+05
   3.4372381e+05
   3.4475764e+05
   3.4605806e+05
   3.4714704e+05
   3.4771503e+05
   3.4845014e+05
   3.4943298e+05
   3.5040453e+05
   3.5137429e+05
   3.5287921e+05
   3.5393611e+05
   3.5472194e+05
   3.5592116e+05
   3.5700784e+05
   3.5854880e+05
   3.6001268e+05
   4.0152716e+05
   4.0282231e+05
   4.0422403e+05
   4.0554234e+05
   4.0840378e+05
   4.0920080e+05
   4.1043851e+05
   4.1189629e+05
   4.1331586e+05
   4.1417548e+05
   4.1425669e+05
   4.1542059e+05
   4.1638600e+05
   4.1754650e+05
   4.1896999e+05
   4.2005660e+05
   4.6008283e+05
   4.6101965e+05
   4.6290073e+05
   4.6439374e+05
   4.6535263e+05
   4.6636516e+05
   4.6791245e+05
   4.6941134e+05
   4.7097417e+05
   4.7209214e+05
   4.7306842e+05
   4.7405631e+05
   4.7524025e+05
   4.7623635e+05
   4.7753049e+05
   4.7882637e+05
   4.8013643e+05
   5.2011487e+05
   5.2094440e+05
   5.2191329e+05
   5.2297057e+05
   5.2384522e+05
   5.2484799e+05
   5.2625688e+05
   5.2782598e+05
   5.2897742e+05
   5.2992576e+05
   5.3174281e+05
   5.3283252e+05
   5.3532131e+05
   5.3615189e+05
   5.3743326e+05
   5.3894442e+05
   5.8019064e+05
   5.8071634e+05
   5.8186670e+05
   5.8284788e+05
   5.8384423e+05
   5.8479453e+05
   5.8620402e+05
   5.8830418e+05
   5.8991687e+05
   5.9103623e+05
   5.9287304e+05
   5.9562510e+05
   5.9686213e+05
   5.9848067e+05
   5.9982942e+05
   6.0141522e+05
   6.0267673e+05
   6.0451161e+05
   6.0653838e+05
   6.0747220e+05
   6.1075372e+05
   6.1182954e+05
   6.1319035e+05
   6.1462925e+05
   6.1585990e+05
   6.1694397e+05
   6.1906625e+05
   6.2010334e+05
   6.2395129e+05
   6.2555902e+05
   6.2712821e+05
   6.2884288e+05
   6.3026040e+05
   6.3151710e+05
   6.3279898e+05
   6.3470440e+05
   6.3558537e+05
   6.3749688e+05
   6.3868322e+05
   6.3970338e+05
   6.4066910e+05
   6.4254970e+05
   6.4457840e+05
   6.4548207e+05
   6.4657263e+05
   6.4833425e+05
   6.5006587e+05
   6.5152451e+05
   6.5258003e+05
   6.5413117e+05
   6.5541740e+05
   6.5666916e+05
   6.5793678e+05
   6.5898650e+05
   6.6052363e+05
   6.6247644e+05
   6.6375041e+05
   6.6608268e+05
   6.6721090e+05
   6.6994644e+05
   6.7162791e+05
   6.7382863e+05
   6.7558531e+05
   6.7890029e+05
   6.8068137e+05
   6.8208476e+05
   6.8328860e+05
   6.8520272e+05
   6.8697841e+05
   6.8963702e+05
   6.9178819e+05
   6.9330884e+05
   6.9451344e+05
   6.9643727e+05
   6.9769747e+05
   6.9903485e+05
   7.0078825e+05
   7.0207501e+05
   7.0361188e+05
   7.0519264e+05
   7.0654446e+05
   7.0919609e+05
   7.1110355e+05
   7.1380512e+05
   7.1609914e+05
   7.1809887e+05
   7.1975511e+05
   7.2312393e+05
   7.2472268e+05
   7.2715842e+05
   7.2866660e+05
   7.3189122e+05
   7.3371967e+05
   7.3602822e+05
   7.3801695e+05
   7.4118431e+05
   7.4254345e+05
   7.4404413e+05
   7.4541304e+05
   7.4745881e+05
   7.4891533e+05
   7.5311248e+05
   7.5675641e+05
   7.6118914e+05
   7.6223385e+05
   7.6334706e+05
   7.6427864e+05
   7.6500558e+05
   7.6580712e+05
   7.6666328e+05
   7.6898428e+05
   7.6989833e+05
   7.7103989e+05
   7.7231805e+05
   7.7358955e+05
   7.7845683e+05
   8.2101488e+05
   8.2187374e+05
   8.2248839e+05
   8.2328321e+05
   8.2395564e+05
   8.2495763e+05
   8.2560418e+05
   8.2636324e+05
   8.2843507e+05
   8.3064753e+05
   8.3218282e+05
   8.3713280e+05
   8.3836799e+05
   8.8093391e+05
   8.8181202e+05
   8.8287601e+05
   8.8352304e+05
   8.8464723e+05
   8.8548268e+05
   8.8642201e+05
   8.9162904e+05
   8.9321899e+05
   8.9564584e+05
   8.9784089e+05
   9.4114792e+05
   9.4176096e+05
   9.4268095e+05
   9.4373247e+05
   9.4477661e+05
   9.4573085e+05
   9.4671058e+05
   9.4878734e+05
   9.5040787e+05
   9.5190247e+05
   9.5555945e+05
   9.5692918e+05
   9.5897521e+05
   1.0007176e+06
   1.0015209e+06
   1.0023411e+06
   1.0034171e+06
   1.0050633e+06
   1.0060823e+06
   1.0069712e+06
   1.0090720e+06
   1.0107068e+06
   1.0126152e+06
   1.0158038e+06
   1.0172242e+06
   1.0187079e+06
   1.0607984e+06
   1.0614957e+06
   1.0623671e+06
   1.0634188e+06
   1.0643020e+06
   1.0653936e+06
   1.0660914e+06
   1.0668417e+06
   1.0681217e+06
   1.0702491e+06
   1.0713847e+06
   1.0770136e+06
   1.0786326e+06
   1.1209156e+06
   1.1219668e+06
   1.1229408e+06
   1.1237760e+06
   1.1246487e+06
   1.1253511e+06
   1.1260707e+06
   1.1287045e+06
   1.1297409e+06
   1.1309355e+06
   1.1326321e+06
   1.1352008e+06
   1.1366779e+06
   1.1379938e+06
   1.1810388e+06
   1.1820667e+06
   1.1833440e+06
   1.1842941e+06
   1.1852281e+06
   1.1860732e+06
   1.1883512e+06
   1.1903429e+06
   1.1915310e+06
   1.1931047e+06
   1.1955827e+06
   1.1973584e+06
   1.1989284e+06
   1.2408472e+06
   1.2419330e+06
   1.2427920e+06
   1.2436020e+06
   1.2450577e+06
   1.2460155e+06
   1.2467447e+06
   1.2486105e+06
   1.2501331e+06
   1.2522045e+06
   1.2534924e+06
   1.2557640e+06
   1.2589312e+06
   1.3009084e+06
   1.3016938e+06
   1.3025558e+06
   1.3036455e+06
   1.3045339e+06
   1.3054996e+06
   1.3065730e+06
   1.3092043e+06
   1.3104252e+06
   1.3122490e+06
   1.3137795e+06
   1.3163662e+06
   1.3177863e+06
   1.3189591e+06
   1.3608750e+06
   1.3623004e+06
   1.3633143e+06
   1.3640967e+06
   1.3649004e+06
   1.3660020e+06
   1.3666902e+06
   1.3686990e+06
   1.3703924e+06
   1.3713777e+06
   1.3734569e+06
   1.3762627e+06
   1.3781999e+06
   1.3794002e+06
   1.4208768e+06
   1.4220692e+06
   1.4228726e+06
   1.4237435e+06
   1.4245641e+06
   1.4255906e+06
   1.4268120e+06
   1.4310980e+06
   1.4324542e+06
   1.4359196e+06
   1.4380647e+06
   1.4807259e+06
   1.4818510e+06
   1.4831505e+06
   1.4841877e+06
   1.4854301e+06
   1.4864268e+06
   1.4892737e+06
   1.4907610e+06
   1.4919639e+06
   1.4938335e+06
   1.4955844e+06
   1.4979726e+06
   1.5409217e+06
   1.5417657e+06
   1.5428088e+06
   1.5436297e+06
   1.5443955e+06
   1.5453702e+06
   1.5465230e+06
   1.5483573e+06
   1.5501106e+06
   1.5515205e+06
   1.5529545e+06
   1.5554341e+06
   1.5568124e+06
   1.5579243e+06
   1.5597371e+06
   1.6009408e+06
   1.6017655e+06
   1.6027708e+06
   1.6039468e+06
   1.6048556e+06
   1.6057257e+06
   1.6067668e+06
   1.6088944e+06
   1.6113723e+06
   1.6127403e+06
   1.6138621e+06
   1.6157341e+06
   1.6171074e+06
   1.6186422e+06
   1.6609293e+06
   1.6620064e+06
   1.6631832e+06
   1.6643190e+06
   1.6650447e+06
   1.6660280e+06
   1.6667572e+06
   1.6681824e+06
   1.6697964e+06
   1.6721790e+06
   1.6734043e+06
   1.6760699e+06
   1.6771503e+06
   1.6784561e+06
   1.7211850e+06
   1.7228248e+06
   1.7248998e+06
   1.7257622e+06
   1.7266148e+06
   1.7285969e+06
   1.7297770e+06
   1.7323595e+06
   1.7386441e+06
   1.7810510e+06
   1.7818570e+06
   1.7827789e+06
   1.7839869e+06
   1.7849062e+06
   1.7857807e+06
   1.7886014e+06
   1.7898393e+06
   1.7957334e+06
   1.7971781e+06
   1.7997508e+06
   1.8410248e+06
   1.8419690e+06
   1.8428561e+06
   1.8438970e+06
   1.8448349e+06
   1.8459207e+06
   1.8469387e+06
   1.8484458e+06
   1.8503544e+06
   1.8518025e+06
   1.8533201e+06
   1.8556000e+06
   1.8569694e+06
   1.8580743e+06
   1.9011292e+06
   1.9020568e+06
   1.9028061e+06
   1.9041205e+06
   1.9051266e+06
   1.9061619e+06
   1.9087967e+06
   1.9104499e+06
   1.9115804e+06
   1.9139767e+06
   1.9155836e+06
   1.9170963e+06
   1.9186431e+06
   6.1073141e+04
   6.2303453e+04
   6.3739800e+04
   6.4942081e+04
   6.6395666e+04
   6.7646814e+04
   6.8583468e+04
   6.9928489e+04
   7.1679650e+04
   7.2708031e+04
   7.4100477e+04
   7.5788226e+04
   7.7061245e+04
   7.8105225e+04
   7.9424295e+04
   8.1818107e+04
   8.3189577e+04
   8.5185894e+04
   8.6441140e+04
   8.7552825e+04
   8.8547256e+04
   8.9998489e+04
   9.1300097e+04
   9.2905652e+04
   9.4912802e+04
   9.7299725e+04
   9.8328613e+04
   1.2047236e+05
   1.2188360e+05
   1.2268428e+05
   1.2364685e+05
   1.2462312e+05
   1.2563352e+05
   1.2710679e+05
   1.3010835e+05
   1.3152416e+05
   1.3569830e+05
   1.3720525e+05
   1.3843073e+05
   1.3966427e+05
   1.4064528e+05
   1.4138828e+05
   1.4277529e+05
   1.4422826e+05
   1.4561767e+05
   1.4671348e+05
   1.4834978e+05
   1.5052635e+05
   1.5238926e+05
   1.5356492e+05
   1.5483859e+05
   1.5625752e+05
   1.5733783e+05
   1.5827135e+05
   1.8232317e+05
   1.8466766e+05
   1.8598667e+05
   1.8760620e+05
   1.8906736e+05
   1.9109981e+05
   1.9263154e+05
   1.9388069e+05
   1.9523331e+05
   1.9687645e+05
   1.9899931e+05
   2.0104462e+05
   2.0279753e+05
   2.0466362e+05
   2.0600078e+05
   2.0762416e+05
   2.0889946e+05
   2.1068990e+05
   2.1220049e+05
   2.1383500e+05
   2.1521143e+05
   2.1647300e+05
   2.4042254e+05
   2.4295977e+05
   2.4408588e+05
   2.4522453e+05
   2.4755305e+05
   2.4897165e+05
   2.5013119e+05
   2.5139789e+05
   2.5257383e+05
   2.5393175e+05
   2.5512878e+05
   2.5686976e+05
   2.5903651e+05
   2.6018662e+05
   2.6143221e+05
   2.6272328e+05
   2.6382836e+05
   2.6510460e+05
   2.6660537e+05
   2.7017772e+05
   2.7159902e+05
   2.7302949e+05
   2.7453173e+05
   2.7571987e+05
   2.7731803e+05
   3.0059543e+05
   3.0368899e+05
   3.0490995e+05
   3.0680477e+05
   3.0797938e+05
   3.0946663e+05
   3.1041615e+05
   3.1814192e+05
   3.1946518e+05
   3.2084828e+05
   3.2225743e+05
   3.2391192e+05
   3.2530103e+05
   3.2663988e+05
   3.2775999e+05
   3.2968294e+05
   3.3210998e+05
   3.3320585e+05
   3.3541357e+05
   3.3749979e+05
   3.3835879e+05
   3.6274479e+05
   3.6398100e+05
   3.6558958e+05
   3.6701458e+05
   3.6874258e+05
   3.7186969e+05
   3.7314253e+05
   3.7508420e+05
   3.7657027e+05
   3.7795889e+05
   3.7926338e+05
   3.8053937e+05
   3.8204160e+05
   3.8350726e+05
   3.8485390e+05
   3.8607073e+05
   3.8846878e+05
   3.9203811e+05
   3.9337661e+05
   3.9524914e+05
   3.9646483e+05
   3.9768776e+05
   3.9886879e+05
   4.2101553e+05
   4.2189235e+05
   4.2324765e+05
   4.2540635e+05
   4.2646706e+05
   4.2768074e+05
   4.2914524e+05
   4.3040346e+05
   4.3181893e+05
   4.3341121e+05
   4.3512643e+05
   4.3671403e+05
   4.3835436e+05
   4.4004306e+05
   4.4139914e+05
   4.4321283e+05
   4.4543696e+05
   4.4631026e+05
   4.4762220e+05
   4.4989613e+05
   4.5108764e+05
   4.5218194e+05
   4.5374082e+05
   4.5509242e+05
   4.5636620e+05
   4.5760344e+05
   4.5877879e+05
   4.8228815e+05
   4.8353895e+05
   4.8460800e+05
   4.8574817e+05
   4.8732604e+05
   4.8865707e+05
   4.9002670e+05
   4.9107076e+05
   4.9253663e+05
   4.9580662e+05
   4.9794316e+05
   5.0077066e+05
   5.0163839e+05
   5.0296461e+05
   5.0433269e+05
   5.0516743e+05
   5.0648664e+05
   5.0906738e+05
   5.1152431e+05
   5.1384509e+05
   5.1528506e+05
   5.1673944e+05
   5.1792807e+05
   5.1951651e+05
   5.4224370e+05
   5.4378789e+05
   5.4499522e+05
   5.4658462e+05
   5.4796785e+05
   5.4925441e+05
   5.5190771e+05
   5.5324446e+05
   5.5517895e+05
   5.5675162e+05
   5.5786178e+05
   5.5892453e+05
   5.6157847e+05
   5.6319036e+05
   5.6484858e+05
   5.6735935e+05
   5.6923486e+05
   5.7081529e+05
   5.7181821e+05
   5.7301015e+05
   5.7438992e+05
   5.7551347e+05
   5.7674220e+05
   5.7772048e+05
   5.7951873e+05
   7.8129661e+05
   7.8374747e+05
   7.8532281e+05
   7.8688604e+05
   7.8877252e+05
   7.9036850e+05
   7.9170238e+05
   7.9392227e+05
   7.9682495e+05
   7.9883774e+05
   8.0162067e+05
   8.0356301e+05
   8.0523146e+05
   8.0880603e+05
   8.0985275e+05
   8.1398311e+05
   8.1610216e+05
   8.1910661e+05
   8.4141109e+05
   8.4290456e+05
   8.4466293e+05
   8.4629970e+05
   8.4847206e+05
   8.5025129e+05
   8.5201931e+05
   8.5458732e+05
   8.5744011e+05
   8.5875680e+05
   8.5983455e+05
   8.6131756e+05
   8.6428344e+05
   8.7452545e+05
   8.7610861e+05
   8.7737392e+05
   8.7963299e+05
   9.0196050e+05
   9.0428765e+05
   9.0521918e+05
   9.0695390e+05
   9.1298641e+05
   9.1451035e+05
   9.1945343e+05
   9.2110299e+05
   9.2407176e+05
   9.2636309e+05
   9.2799189e+05
   9.2992001e+05
   9.3128409e+05
   9.3384319e+05
   9.3673038e+05
   9.3766285e+05
   9.3954554e+05
   9.6180022e+05
   9.6344130e+05
   9.6626821e+05
   9.6838413e+05
   9.7041072e+05
   9.7367546e+05
   9.7551407e+05
   9.7714064e+05
   9.7854398e+05
   9.7961349e+05
   9.8133342e+05
   9.8363369e+05
   9.8531740e+05
   9.8670996e+05
   9.8776651e+05
   9.8932808e+05
   9.9123402e+05
   9.9290045e+05
   9.9550260e+05
   1.0225410e+06
   1.0269597e+06
   1.0282116e+06
   1.0304146e+06
   1.0326506e+06
   1.0349436e+06
   1.0364919e+06
   1.0406432e+06
   1.0426520e+06
   1.0498172e+06
   1.0509949e+06
   1.0525531e+06
   1.0544744e+06
   1.0563549e+06
   1.0592298e+06
   1.0824863e+06
   1.0841037e+06
   1.0853183e+06
   1.0873850e+06
   1.0901663e+06
   1.0918566e+06
   1.0945364e+06
   1.0984836e+06
   1.0998229e+06
   1.1010445e+06
   1.1027903e+06
   1.1061481e+06
   1.1076910e+06
   1.1096787e+06
   1.1113372e+06
   1.1135802e+06
   1.1145749e+06
   1.1176152e+06
   1.1189737e+06
   1.1416391e+06
   1.1430194e+06
   1.1448490e+06
   1.1470866e+06
   1.1490174e+06
   1.1513930e+06
   1.1545983e+06
   1.1560689e+06
   1.1571372e+06
   1.1591706e+06
   1.1617636e+06
   1.1648056e+06
   1.1669463e+06
   1.1687374e+06
   1.1707740e+06
   1.1778042e+06
   1.2032049e+06
   1.2050089e+06
   1.2077396e+06
   1.2104575e+06
   1.2162154e+06
   1.2179642e+06
   1.2207866e+06
   1.2236431e+06
   1.2251920e+06
   1.2269099e+06
   1.2296083e+06
   1.2313172e+06
   1.2330505e+06
   1.2357315e+06
   1.2379580e+06
   1.2395280e+06
   1.2620206e+06
   1.2639121e+06
   1.2663597e+06
   1.2686047e+06
   1.2701184e+06
   1.2722329e+06
   1.2740979e+06
   1.2759539e+06
   1.2778616e+06
   1.2795999e+06
   1.2866701e+06
   1.2888372e+06
   1.2910625e+06
   1.2927613e+06
   1.2943555e+06
   1.2970174e+06
   1.2987874e+06
   1.3210962e+06
   1.3227305e+06
   1.3242581e+06
   1.3439419e+06
   1.3457364e+06
   1.3540794e+06
   1.3554199e+06
   1.3572022e+06
   1.3591621e+06
   1.3819982e+06
   1.3830114e+06
   1.3863744e+06
   1.3879124e+06
   1.3894306e+06
   1.3909910e+06
   1.3928280e+06
   1.3944036e+06
   1.3966693e+06
   1.3985192e+06
   1.4000711e+06
   1.4062431e+06
   1.4078735e+06
   1.4104704e+06
   1.4118016e+06
   1.4413586e+06
   1.4438420e+06
   1.4449037e+06
   1.4467063e+06
   1.4532665e+06
   1.4554895e+06
   1.4606917e+06
   1.4626423e+06
   1.4643104e+06
   1.4680644e+06
   1.4696395e+06
   1.4732418e+06
   1.4754395e+06
   1.4773049e+06
   1.4785842e+06
   1.5184290e+06
   1.5232669e+06
   1.5256226e+06
   1.5273858e+06
   1.5300791e+06
   1.5310044e+06
   1.5362450e+06
   1.5379932e+06
   1.5398331e+06
   1.5620969e+06
   1.5646258e+06
   1.5669159e+06
   1.5686576e+06
   1.5699124e+06
   1.5723596e+06
   1.5769746e+06
   1.5791418e+06
   1.5815667e+06
   1.5836288e+06
   1.5869568e+06
   1.5891252e+06
   1.5930122e+06
   1.5945755e+06
   1.5957415e+06
   1.5989565e+06
   1.6224366e+06
   1.6248625e+06
   1.6273425e+06
   1.6303682e+06
   1.6339682e+06
   1.6381476e+06
   1.6430339e+06
   1.6447098e+06
   1.6471477e+06
   1.6483316e+06
   1.6501323e+06
   1.6519593e+06
   1.6539457e+06
   1.6552161e+06
   1.6598859e+06
   1.6818509e+06
   1.6845632e+06
   1.6859436e+06
   1.6882085e+06
   1.6904385e+06
   1.6952575e+06
   1.6964775e+06
   1.6975585e+06
   1.7012755e+06
   1.7025702e+06
   1.7041117e+06
   1.7075455e+06
   1.7100183e+06
   1.7118884e+06
   1.7152113e+06
   1.7180459e+06
   1.7432387e+06
   1.7452076e+06
   1.7478782e+06
   1.7498475e+06
   1.7531106e+06
   1.8012060e+06
   1.8048001e+06
   1.8079004e+06
   1.8103807e+06
   1.8133329e+06
   1.8145499e+06
   1.8169518e+06
   1.8283726e+06
   1.8310624e+06
   1.8345892e+06
   1.8387882e+06
   1.8616423e+06
   1.8633477e+06
   1.8666180e+06
   1.8685915e+06
   1.8703642e+06
   1.8733081e+06
   1.8751618e+06
   1.8773455e+06
   1.8793641e+06
   1.8854368e+06
   1.8907264e+06
   1.8931487e+06
   1.8943419e+06
   3.5917003e+05
   3.5929350e+05
   3.5949885e+05
   3.5963159e+05
   3.5974932e+05
   3.5984014e+05
   4.1914079e+05
   4.1927702e+05
   4.1949000e+05
   4.1964452e+05
   4.1978880e+05
   4.1991451e+05
   4.7924971e+05
   4.7937216e+05
   4.7954015e+05
   4.7969032e+05
   4.7984583e+05
   5.3912949e+05
   5.3929100e+05
   5.3969506e+05
   5.3987624e+05
   5.9915648e+05
   5.9935883e+05
   5.9959308e+05
   5.9977558e+05
   3.5984123e+05
   3.5996255e+05
   4.1928553e+05
   4.1949317e+05
   4.1971715e+05
   4.1984366e+05
   4.1999712e+05
   4.7912870e+05
   4.7924145e+05
   4.7942571e+05
   4.7953418e+05
   4.7971057e+05
   4.7996255e+05
   5.9936749e+05
   5.9952159e+05
   5.9972903e+05
   5.9985228e+05
   5.3933427e+05
   5.3953566e+05
   5.3977531e+05
   5.3993885e+05
   5.9914420e+05
   5.9954492e+05
   5.9979422e+05
   1.8928826e+06
   1.8942390e+06
   1.8961736e+06
   1.8995111e+06
   3.5926419e+05
   3.5969880e+05
   3.5993653e+05
   4.1929970e+05
   4.1953891e+05
   4.7910097e+05
   4.7925317e+05
   4.7961356e+05
   4.7975688e+05
   5.3925883e+05
   5.3935921e+05
   5.3956794e+05
   5.3991441e+05
   5.9912800e+05
   5.9953181e+05
   5.9968573e+05
   5.9986410e+05
