   5.4052943e+02
   8.5784073e+02
   2.0855339e+03
   2.5483749e+03
   3.2964764e+03
   3.8420623e+03
   4.3940156e+03
   4.8338467e+03
   5.2228060e+03
   5.5183170e+03
   5.9086301e+03
   6.3292801e+03
   6.8495251e+03
   7.4522279e+03
   7.8509912e+03
   8.2052606e+03
   8.7037442e+03
   9.1830166e+03
   9.5567565e+03
   9.8355803e+03
   1.0306488e+04
   1.0905375e+04
   1.1384181e+04
   1.1836808e+04
   1.2202080e+04
   1.2713036e+04
   1.3095652e+04
   1.3456751e+04
   1.4072293e+04
   1.4651372e+04
   1.5337418e+04
   1.5643202e+04
   1.6786345e+04
   1.7253439e+04
   1.7826637e+04
   1.8356450e+04
   1.8930303e+04
   1.9326321e+04
   1.9851808e+04
   2.0218343e+04
   2.0883741e+04
   2.1336234e+04
   2.1895127e+04
   2.2604174e+04
   2.3084874e+04
   2.4379944e+04
   2.4717466e+04
   2.5832338e+04
   2.6387714e+04
   2.6793933e+04
   2.7120912e+04
   2.7703998e+04
   2.8068257e+04
   2.8503300e+04
   2.8927083e+04
   2.9592239e+04
   3.0049419e+04
   3.0497880e+04
   3.1024253e+04
   3.1434114e+04
   3.1861744e+04
   3.2268825e+04
   3.2668739e+04
   3.2929870e+04
   3.3398128e+04
   3.3741027e+04
   3.4148069e+04
   3.4614275e+04
   3.5107663e+04
   3.5483524e+04
   3.5805815e+04
   3.7090811e+04
   3.7505722e+04
   3.8005046e+04
   3.8967379e+04
   3.9269722e+04
   3.9675119e+04
   4.0071857e+04
   4.0037425e+04
   4.0476340e+04
   4.0919581e+04
   4.1322594e+04
   4.1632123e+04
   4.2293270e+04
   4.2668543e+04
   4.3180056e+04
   4.3520944e+04
   4.3919022e+04
   4.4190514e+04
   4.4655017e+04
   4.5068025e+04
   4.5400301e+04
   4.6175520e+04
   4.6680098e+04
   4.7009700e+04
   4.7393178e+04
   4.7732440e+04
   4.8207198e+04
   4.8760270e+04
   4.9581618e+04
   4.9982252e+04
   5.0534724e+04
   5.0989340e+04
   5.1552923e+04
   5.1981737e+04
   5.2406941e+04
   5.2959364e+04
   5.3437602e+04
   5.3920906e+04
   5.4324538e+04
   5.4665358e+04
   5.4954284e+04
   5.5241924e+04
   5.5854335e+04
   5.6692039e+04
   5.7123398e+04
   5.7476735e+04
   5.7800346e+04
   5.8207634e+04
   5.8678121e+04
   5.9271390e+04
   5.9584130e+04
   5.9916282e+04
   1.0018665e+05
   1.0055180e+05
   1.0099591e+05
   1.0136596e+05
   1.0172792e+05
   1.0223813e+05
   1.0259113e+05
   1.0290679e+05
   1.0327089e+05
   1.0358032e+05
   1.0402683e+05
   1.0440323e+05
   1.0483119e+05
   1.0507792e+05
   1.0537169e+05
   1.0564906e+05
   1.0599272e+05
   1.0659845e+05
   1.0688567e+05
   1.0722658e+05
   1.0765530e+05
   1.0802482e+05
   1.0853510e+05
   1.0889522e+05
   1.0926398e+05
   1.1039670e+05
   1.1077486e+05
   1.1128056e+05
   1.1157305e+05
   1.1193433e+05
   1.1220697e+05
   1.1276341e+05
   1.1326495e+05
   1.1367878e+05
   1.1422944e+05
   1.1469931e+05
   1.1516480e+05
   1.1547522e+05
   1.1677253e+05
   1.1726486e+05
   1.1762465e+05
   1.1828685e+05
   1.1900427e+05
   1.1945498e+05
   1.1986828e+05
   1.6016621e+05
   1.6058562e+05
   1.6093164e+05
   1.6144344e+05
   1.6179648e+05
   1.6243720e+05
   1.6284096e+05
   1.6316157e+05
   1.6357219e+05
   1.6429689e+05
   1.6514617e+05
   1.6549437e+05
   1.6579329e+05
   1.6613459e+05
   1.6655277e+05
   1.6689879e+05
   1.6697552e+05
   1.6734817e+05
   1.6763870e+05
   1.6799523e+05
   1.6868865e+05
   1.6895885e+05
   1.6963159e+05
   1.7004617e+05
   1.7051727e+05
   1.7096997e+05
   1.7137404e+05
   1.7176065e+05
   1.7225324e+05
   1.7267825e+05
   1.7367890e+05
   1.7408891e+05
   1.7487020e+05
   1.7542100e+05
   1.7574813e+05
   1.7632157e+05
   1.7664089e+05
   1.7699559e+05
   1.7743245e+05
   1.7778280e+05
   1.7812845e+05
   1.7860660e+05
   1.7919523e+05
   1.7959790e+05
   2.2035360e+05
   2.2089396e+05
   2.2118389e+05
   2.2169441e+05
   2.2200970e+05
   2.2295511e+05
   2.2331416e+05
   2.2370245e+05
   2.2423622e+05
   2.2456175e+05
   2.2486463e+05
   2.2528787e+05
   2.2608572e+05
   2.2647458e+05
   2.2760078e+05
   2.2789719e+05
   2.2830864e+05
   2.2877117e+05
   2.2915103e+05
   2.2948403e+05
   2.2987433e+05
   2.3014586e+05
   2.3045738e+05
   2.3092407e+05
   2.3160292e+05
   2.3199441e+05
   2.3229775e+05
   2.3274754e+05
   2.3320894e+05
   2.3365533e+05
   2.3429130e+05
   2.3484656e+05
   2.3531138e+05
   2.3590395e+05
   2.3639991e+05
   2.3691017e+05
   2.3722281e+05
   2.3805083e+05
   2.3855145e+05
   2.3892243e+05
   2.3932990e+05
   2.3981860e+05
   2.8039486e+05
   2.8097159e+05
   2.8161990e+05
   2.8196603e+05
   2.8234239e+05
   2.8263426e+05
   2.8293516e+05
   2.8333834e+05
   2.8378312e+05
   2.8422779e+05
   2.8464178e+05
   2.8492255e+05
   2.8532356e+05
   2.8569885e+05
   2.8607898e+05
   2.8655151e+05
   2.8691854e+05
   2.8727140e+05
   2.8767553e+05
   2.8797318e+05
   2.8833116e+05
   2.8878452e+05
   2.8955916e+05
   2.9011025e+05
   2.9059595e+05
   2.9109951e+05
   2.9175510e+05
   2.9225687e+05
   2.9286874e+05
   2.9342514e+05
   2.9380041e+05
   2.9401894e+05
   2.9453425e+05
   2.9485795e+05
   2.9557453e+05
   2.9606716e+05
   2.9666621e+05
   2.9706181e+05
   2.9738398e+05
   2.9772729e+05
   2.9821413e+05
   2.9874230e+05
   2.9909232e+05
   3.4027051e+05
   3.4054415e+05
   3.4084949e+05
   3.4111758e+05
   3.4146857e+05
   3.4190819e+05
   3.4233467e+05
   3.4277319e+05
   3.4304744e+05
   3.4341255e+05
   3.4379210e+05
   3.4444971e+05
   3.4488493e+05
   3.4530116e+05
   3.4607135e+05
   3.4632654e+05
   3.4664956e+05
   3.4724365e+05
   3.4778637e+05
   3.4825698e+05
   3.4883385e+05
   3.4965960e+05
   3.5011746e+05
   3.5076660e+05
   3.5111570e+05
   3.5140368e+05
   3.5189233e+05
   3.5292405e+05
   3.5339486e+05
   3.5397794e+05
   3.5420360e+05
   3.5455518e+05
   3.5502130e+05
   3.5537387e+05
   3.5580519e+05
   3.5620202e+05
   3.5661706e+05
   3.5693580e+05
   3.5728724e+05
   3.5770168e+05
   3.5804604e+05
   3.5840531e+05
   3.5892515e+05
   3.5929484e+05
   3.5956498e+05
   3.5994310e+05
   4.0020683e+05
   4.0052233e+05
   4.0081855e+05
   4.0109790e+05
   4.0141493e+05
   4.0170885e+05
   4.0207302e+05
   4.0258094e+05
   4.0310727e+05
   4.0339685e+05
   4.0374465e+05
   4.0406305e+05
   4.0438095e+05
   4.0467049e+05
   4.0495763e+05
   4.0534932e+05
   4.0566915e+05
   4.0603084e+05
   4.0634992e+05
   4.0661761e+05
   4.0754851e+05
   4.0794863e+05
   4.0830968e+05
   4.0870905e+05
   4.0909228e+05
   4.0966174e+05
   4.1077842e+05
   4.1115845e+05
   4.1174020e+05
   4.1223533e+05
   4.1262330e+05
   4.1306671e+05
   4.1366652e+05
   4.1419194e+05
   4.1451711e+05
   4.1490618e+05
   4.1546504e+05
   4.1584850e+05
   4.1626248e+05
   4.1662439e+05
   4.1686345e+05
   4.1725799e+05
   4.1765611e+05
   4.1793443e+05
   4.1855923e+05
   4.1883335e+05
   4.1915108e+05
   4.1949095e+05
   4.1984462e+05
   4.6014976e+05
   4.6067096e+05
   4.6095848e+05
   4.6131210e+05
   4.6220308e+05
   4.6249263e+05
   4.6291767e+05
   4.6321577e+05
   4.6351622e+05
   4.6399030e+05
   4.6426092e+05
   4.6463904e+05
   4.6494195e+05
   4.6524265e+05
   4.6557859e+05
   4.6598488e+05
   4.6623569e+05
   4.6654993e+05
   4.6682397e+05
   4.6712983e+05
   4.6750734e+05
   4.6782911e+05
   4.6816148e+05
   4.6859486e+05
   4.6906271e+05
   4.6939182e+05
   4.6986012e+05
   4.7045232e+05
   4.7078307e+05
   4.7118071e+05
   4.7175495e+05
   4.7215426e+05
   4.7249430e+05
   4.7286626e+05
   4.7333891e+05
   4.7383280e+05
   4.7425306e+05
   4.7466594e+05
   4.7500573e+05
   4.7530416e+05
   4.7560263e+05
   4.7596077e+05
   4.7638038e+05
   4.7675801e+05
   4.7704250e+05
   4.7731894e+05
   4.7782825e+05
   4.7816011e+05
   4.7857553e+05
   4.7989896e+05
   5.2015097e+05
   5.2050767e+05
   5.2081705e+05
   5.2112027e+05
   5.2156079e+05
   5.2180857e+05
   5.2210982e+05
   5.2256943e+05
   5.2287949e+05
   5.2315162e+05
   5.2345890e+05
   5.2372127e+05
   5.2398833e+05
   5.2441908e+05
   5.2472828e+05
   5.2496866e+05
   5.2526204e+05
   5.2551681e+05
   5.2590893e+05
   5.2625360e+05
   5.2665939e+05
   5.2692169e+05
   5.2723752e+05
   5.2752638e+05
   5.2789945e+05
   5.2835964e+05
   5.2887463e+05
   5.2921602e+05
   5.2971251e+05
   5.3014589e+05
   5.3051533e+05
   5.3095523e+05
   5.3146817e+05
   5.3203147e+05
   5.3269483e+05
   5.3301063e+05
   5.3329747e+05
   5.3357400e+05
   5.3397713e+05
   5.3422574e+05
   5.3456680e+05
   5.3487926e+05
   5.3525171e+05
   5.3566991e+05
   5.3606374e+05
   5.3645561e+05
   5.3674149e+05
   5.3708170e+05
   5.3733791e+05
   5.3765429e+05
   5.3806629e+05
   5.3837597e+05
   5.3883296e+05
   5.3912893e+05
   5.3948432e+05
   5.3988884e+05
   5.8051321e+05
   5.8091424e+05
   5.8115258e+05
   5.8141712e+05
   5.8177700e+05
   5.8210538e+05
   5.8242427e+05
   5.8269248e+05
   5.8299102e+05
   5.8329989e+05
   5.8363180e+05
   5.8401896e+05
   5.8426730e+05
   5.8459503e+05
   5.8502778e+05
   5.8530508e+05
   5.8555276e+05
   5.8593175e+05
   5.8630974e+05
   5.8671318e+05
   5.8699905e+05
   5.8722196e+05
   5.8766628e+05
   5.8800158e+05
   5.8838283e+05
   5.8877429e+05
   5.8920395e+05
   5.8966727e+05
   5.9010832e+05
   5.9036035e+05
   5.9064771e+05
   5.9102464e+05
   5.9147019e+05
   5.9214671e+05
   5.9255223e+05
   5.9308222e+05
   5.9339713e+05
   5.9397155e+05
   5.9410142e+05
   5.9453866e+05
   5.9482154e+05
   5.9527494e+05
   5.9568486e+05
   5.9625854e+05
   5.9689101e+05
   5.9733906e+05
   5.9777634e+05
   5.9818075e+05
   5.9863785e+05
   5.9893191e+05
   5.9957464e+05
   6.0045661e+05
   6.0085420e+05
   6.0137158e+05
   6.0185167e+05
   6.0233724e+05
   6.0338653e+05
   6.0392838e+05
   6.0481099e+05
   6.0555253e+05
   6.0619490e+05
   6.0668483e+05
   6.0778350e+05
   6.0869483e+05
   6.1002743e+05
   6.1041985e+05
   6.1080989e+05
   6.1125560e+05
   6.1244394e+05
   6.1309653e+05
   6.1360656e+05
   6.1458403e+05
   6.1508410e+05
   6.1539271e+05
   6.1594290e+05
   6.1645384e+05
   6.1672703e+05
   6.1736989e+05
   6.1772289e+05
   6.1835827e+05
   6.1897213e+05
   6.1988100e+05
   6.2026388e+05
   6.2069582e+05
   6.2103517e+05
   6.2155642e+05
   6.2203436e+05
   6.2234267e+05
   6.2271344e+05
   6.2317537e+05
   6.2359753e+05
   6.2397485e+05
   6.2435310e+05
   6.2512023e+05
   6.2620037e+05
   6.2677859e+05
   6.2713265e+05
   6.2771881e+05
   6.2816172e+05
   6.2855513e+05
   6.2897925e+05
   6.2931383e+05
   6.2993638e+05
   6.3042433e+05
   6.3082303e+05
   6.3131283e+05
   6.3171368e+05
   6.3211725e+05
   6.3283529e+05
   6.3322775e+05
   6.3368257e+05
   6.3424826e+05
   6.3462645e+05
   6.3519255e+05
   6.3580907e+05
   6.3633711e+05
   6.3676550e+05
   6.3728436e+05
   6.3763425e+05
   6.3805744e+05
   6.3854718e+05
   6.3942007e+05
   6.3984937e+05
   6.4021177e+05
   6.4076310e+05
   6.4137402e+05
   6.4185882e+05
   6.4218619e+05
   6.4253628e+05
   6.4299573e+05
   6.4340978e+05
   6.4395262e+05
   6.4451383e+05
   6.4492852e+05
   6.4556074e+05
   6.4590654e+05
   6.4655508e+05
   6.4712050e+05
   6.4744921e+05
   6.4803566e+05
   6.4840001e+05
   6.4898701e+05
   6.4939475e+05
   6.4990363e+05
   6.5080963e+05
   6.5128648e+05
   6.5171171e+05
   6.5206221e+05
   6.5250705e+05
   6.5308999e+05
   6.5344892e+05
   6.5382088e+05
   6.5428014e+05
   6.5540996e+05
   6.5594064e+05
   6.5640348e+05
   6.5737644e+05
   6.5784983e+05
   6.5821324e+05
   6.5860787e+05
   6.5891977e+05
   6.5924708e+05
   6.5969198e+05
   6.6013048e+05
   6.6055479e+05
   6.6100723e+05
   6.6133594e+05
   6.6187178e+05
   6.6229450e+05
   6.6302169e+05
   6.6339426e+05
   6.6369963e+05
   6.6401278e+05
   6.6454143e+05
   6.6497640e+05
   6.6531785e+05
   6.6577321e+05
   6.6623362e+05
   6.6664794e+05
   6.6708874e+05
   6.6774000e+05
   6.6844578e+05
   6.6912524e+05
   6.6949599e+05
   6.6990150e+05
   6.7029178e+05
   6.7076539e+05
   6.7125366e+05
   6.7181673e+05
   6.7227175e+05
   6.7284499e+05
   6.7324583e+05
   6.7376718e+05
   6.7420839e+05
   6.7488802e+05
   6.7533940e+05
   6.7578039e+05
   6.7685362e+05
   6.7718489e+05
   6.7760542e+05
   6.7823859e+05
   6.7870732e+05
   6.7938567e+05
   6.8001567e+05
   6.8057160e+05
   6.8109254e+05
   6.8158498e+05
   6.8202054e+05
   6.8255728e+05
   6.8292257e+05
   6.8355086e+05
   6.8400600e+05
   6.8446192e+05
   6.8476556e+05
   6.8520000e+05
   6.8565667e+05
   6.8610744e+05
   6.8647147e+05
   6.8693593e+05
   6.8738749e+05
   6.8782300e+05
   6.8828417e+05
   6.8906752e+05
   6.8938301e+05
   6.8985050e+05
   6.9067723e+05
   6.9102258e+05
   6.9140002e+05
   6.9186372e+05
   6.9216090e+05
   6.9267231e+05
   6.9301162e+05
   6.9351516e+05
   6.9397046e+05
   6.9470757e+05
   6.9565011e+05
   6.9604012e+05
   6.9684257e+05
   6.9718836e+05
   6.9765496e+05
   6.9838124e+05
   6.9878869e+05
   6.9919061e+05
   6.9950351e+05
   7.0000107e+05
   7.0047625e+05
   7.0112381e+05
   7.0194410e+05
   7.0236930e+05
   7.0284922e+05
   7.0322376e+05
   7.0379030e+05
   7.0419744e+05
   7.0468144e+05
   7.0507914e+05
   7.0538099e+05
   7.0590514e+05
   7.0649190e+05
   7.0708592e+05
   7.0769645e+05
   7.0823615e+05
   7.0866157e+05
   7.0932617e+05
   7.0974630e+05
   7.1023226e+05
   7.1063376e+05
   7.1099677e+05
   7.1138095e+05
   7.1188580e+05
   7.1221045e+05
   7.1320819e+05
   7.1408922e+05
   7.1454041e+05
   7.1481420e+05
   7.1531410e+05
   7.1575688e+05
   7.1607565e+05
   7.1666521e+05
   7.1710648e+05
   7.1747580e+05
   7.1782509e+05
   7.1831949e+05
   7.1886410e+05
   7.1934443e+05
   7.1992092e+05
   7.2051545e+05
   7.2178700e+05
   7.2226965e+05
   7.2267585e+05
   7.2357180e+05
   7.2407410e+05
   7.2504239e+05
   7.2581287e+05
   7.2683594e+05
   7.3041958e+05
   7.3144749e+05
   7.3190694e+05
   7.3244217e+05
   7.3372546e+05
   7.3457273e+05
   7.3510443e+05
   7.3569750e+05
   7.3622098e+05
   7.3741826e+05
   7.3816985e+05
   7.3893763e+05
   7.4019655e+05
   7.4078834e+05
   7.4156619e+05
   7.4207421e+05
   7.4274655e+05
   7.4333846e+05
   7.4387262e+05
   7.4439442e+05
   7.4492219e+05
   7.4570806e+05
   7.4634594e+05
   7.4702959e+05
   7.4767532e+05
   7.4807698e+05
   7.4856787e+05
   7.4891149e+05
   7.4981856e+05
   7.5042212e+05
   7.5097273e+05
   7.5177915e+05
   7.5215300e+05
   7.5256957e+05
   7.5404260e+05
   7.5493683e+05
   7.5582876e+05
   7.5723699e+05
   7.5780230e+05
   7.5814693e+05
   7.5908924e+05
   7.5979738e+05
   7.6043330e+05
   7.6087624e+05
   7.6119188e+05
   7.6150164e+05
   7.6192739e+05
   7.6235399e+05
   7.6271227e+05
   7.6311838e+05
   7.6350846e+05
   7.6403572e+05
   7.6438901e+05
   7.6467656e+05
   7.6499623e+05
   7.6532175e+05
   7.6571339e+05
   7.6612148e+05
   7.6654544e+05
   7.6692795e+05
   7.6742881e+05
   7.6794208e+05
   7.6843676e+05
   7.6881372e+05
   7.6923237e+05
   7.6968066e+05
   7.7019316e+05
   7.7073346e+05
   7.7117190e+05
   7.7170423e+05
   7.7234877e+05
   7.7278803e+05
   7.7340408e+05
   7.7390865e+05
   7.7472723e+05
   7.7542889e+05
   7.7588644e+05
   7.7642857e+05
   7.7694119e+05
   7.7770806e+05
   7.7827117e+05
   7.7895314e+05
   7.7956766e+05
   7.7993220e+05
   8.2033383e+05
   8.2073096e+05
   8.2106657e+05
   8.2145148e+05
   8.2207837e+05
   8.2244490e+05
   8.2328092e+05
   8.2370723e+05
   8.2409024e+05
   8.2449528e+05
   8.2481952e+05
   8.2530418e+05
   8.2573956e+05
   8.2608806e+05
   8.2748402e+05
   8.2808758e+05
   8.2853927e+05
   8.2895917e+05
   8.3089384e+05
   8.3136767e+05
   8.3206698e+05
   8.3262168e+05
   8.3342894e+05
   8.3395818e+05
   8.3458102e+05
   8.3519628e+05
   8.3559567e+05
   8.3826316e+05
   8.3889602e+05
   8.3929979e+05
   8.3976065e+05
   8.8028700e+05
   8.8061143e+05
   8.8155169e+05
   8.8197086e+05
   8.8226284e+05
   8.8261838e+05
   8.8303711e+05
   8.8343390e+05
   8.8374966e+05
   8.8443628e+05
   8.8469926e+05
   8.8505089e+05
   8.8539645e+05
   8.8600782e+05
   8.8645290e+05
   8.8667785e+05
   8.8746926e+05
   8.8828932e+05
   8.8906524e+05
   8.8951359e+05
   8.8986085e+05
   8.9100567e+05
   8.9153277e+05
   8.9213094e+05
   8.9275697e+05
   8.9321657e+05
   8.9384282e+05
   8.9454339e+05
   8.9495307e+05
   8.9578489e+05
   8.9615882e+05
   8.9662790e+05
   8.9728164e+05
   8.9775787e+05
   8.9817537e+05
   8.9894308e+05
   8.9930408e+05
   8.9963299e+05
   9.4044414e+05
   9.4071938e+05
   9.4098318e+05
   9.4134238e+05
   9.4169462e+05
   9.4201096e+05
   9.4233632e+05
   9.4268801e+05
   9.4303291e+05
   9.4365000e+05
   9.4407713e+05
   9.4447463e+05
   9.4486120e+05
   9.4515947e+05
   9.4551195e+05
   9.4602630e+05
   9.4640194e+05
   9.4686481e+05
   9.4800843e+05
   9.4838337e+05
   9.4896496e+05
   9.4942722e+05
   9.5008495e+05
   9.5065094e+05
   9.5139959e+05
   9.5200145e+05
   9.5258263e+05
   9.5354034e+05
   9.5393340e+05
   9.5466198e+05
   9.5529224e+05
   9.5573200e+05
   9.5625586e+05
   9.5674811e+05
   9.5724477e+05
   9.5784820e+05
   9.5852838e+05
   9.5901394e+05
   9.5957842e+05
   1.0003678e+06
   1.0008232e+06
   1.0012366e+06
   1.0016624e+06
   1.0021870e+06
   1.0024375e+06
   1.0027948e+06
   1.0032873e+06
   1.0037077e+06
   1.0039823e+06
   1.0043763e+06
   1.0047415e+06
   1.0051198e+06
   1.0054664e+06
   1.0060695e+06
   1.0063489e+06
   1.0066400e+06
   1.0073607e+06
   1.0077633e+06
   1.0082244e+06
   1.0087868e+06
   1.0092663e+06
   1.0097944e+06
   1.0101929e+06
   1.0105994e+06
   1.0110018e+06
   1.0115698e+06
   1.0118881e+06
   1.0124790e+06
   1.0129614e+06
   1.0136456e+06
   1.0154249e+06
   1.0160235e+06
   1.0164444e+06
   1.0169234e+06
   1.0175949e+06
   1.0183125e+06
   1.0188416e+06
   1.0194372e+06
   1.0603158e+06
   1.0606798e+06
   1.0613753e+06
   1.0618060e+06
   1.0621868e+06
   1.0625668e+06
   1.0629436e+06
   1.0633827e+06
   1.0636921e+06
   1.0641969e+06
   1.0645052e+06
   1.0648669e+06
   1.0652564e+06
   1.0655813e+06
   1.0659168e+06
   1.0666426e+06
   1.0669118e+06
   1.0674499e+06
   1.0678500e+06
   1.0687189e+06
   1.0694683e+06
   1.0698626e+06
   1.0701994e+06
   1.0706488e+06
   1.0710465e+06
   1.0714392e+06
   1.0719721e+06
   1.0727242e+06
   1.0732731e+06
   1.0746808e+06
   1.0752540e+06
   1.0756878e+06
   1.0763953e+06
   1.0770110e+06
   1.0774317e+06
   1.0779154e+06
   1.0784814e+06
   1.0790819e+06
   1.0796092e+06
   1.1202620e+06
   1.1207115e+06
   1.1211287e+06
   1.1214699e+06
   1.1217847e+06
   1.1221791e+06
   1.1225806e+06
   1.1229756e+06
   1.1234310e+06
   1.1238781e+06
   1.1241786e+06
   1.1245986e+06
   1.1249451e+06
   1.1252720e+06
   1.1257111e+06
   1.1259555e+06
   1.1263726e+06
   1.1267336e+06
   1.1280081e+06
   1.1285338e+06
   1.1291305e+06
   1.1295037e+06
   1.1299896e+06
   1.1302754e+06
   1.1308026e+06
   1.1313624e+06
   1.1319110e+06
   1.1330935e+06
   1.1335686e+06
   1.1344491e+06
   1.1350053e+06
   1.1359924e+06
   1.1364855e+06
   1.1368869e+06
   1.1373693e+06
   1.1377887e+06
   1.1384594e+06
   1.1803909e+06
   1.1807200e+06
   1.1812652e+06
   1.1815717e+06
   1.1819626e+06
   1.1823615e+06
   1.1826915e+06
   1.1831625e+06
   1.1836133e+06
   1.1838640e+06
   1.1841549e+06
   1.1846751e+06
   1.1851304e+06
   1.1855441e+06
   1.1859002e+06
   1.1864341e+06
   1.1867409e+06
   1.1876616e+06
   1.1881593e+06
   1.1892619e+06
   1.1898581e+06
   1.1912018e+06
   1.1918356e+06
   1.1921588e+06
   1.1927932e+06
   1.1931021e+06
   1.1935409e+06
   1.1938510e+06
   1.1944733e+06
   1.1950557e+06
   1.1955344e+06
   1.1961848e+06
   1.1967923e+06
   1.1972559e+06
   1.1978567e+06
   1.1984944e+06
   1.1991651e+06
   1.1996465e+06
   1.2404092e+06
   1.2407492e+06
   1.2415348e+06
   1.2419489e+06
   1.2423595e+06
   1.2428384e+06
   1.2431698e+06
   1.2434938e+06
   1.2438581e+06
   1.2441975e+06
   1.2446695e+06
   1.2449747e+06
   1.2453074e+06
   1.2458652e+06
   1.2464411e+06
   1.2555794e+06
   1.2560050e+06
   1.2569146e+06
   1.2574650e+06
   1.2579799e+06
   1.2587894e+06
   1.2594936e+06
   1.2599022e+06
   1.3003567e+06
   1.3008366e+06
   1.3014972e+06
   1.3019791e+06
   1.3023488e+06
   1.3031391e+06
   1.3033851e+06
   1.3037795e+06
   1.3044095e+06
   1.3048330e+06
   1.3052411e+06
   1.3056886e+06
   1.3061752e+06
   1.3066926e+06
   1.3075727e+06
   1.3082972e+06
   1.3089466e+06
   1.3093022e+06
   1.3101320e+06
   1.3109385e+06
   1.3113354e+06
   1.3117906e+06
   1.3125701e+06
   1.3135133e+06
   1.3145829e+06
   1.3152122e+06
   1.3157251e+06
   1.3160722e+06
   1.3164634e+06
   1.3168682e+06
   1.3177527e+06
   1.3181383e+06
   1.3184860e+06
   1.3188256e+06
   1.3194396e+06
   1.3603809e+06
   1.3607276e+06
   1.3610182e+06
   1.3617819e+06
   1.3621221e+06
   1.3627144e+06
   1.3631979e+06
   1.3637492e+06
   1.3642297e+06
   1.3646327e+06
   1.3651082e+06
   1.3655440e+06
   1.3658954e+06
   1.3662571e+06
   1.3665886e+06
   1.3678321e+06
   1.3683310e+06
   1.3692332e+06
   1.3703304e+06
   1.3708982e+06
   1.3713065e+06
   1.3718122e+06
   1.3727484e+06
   1.3730964e+06
   1.3734714e+06
   1.3743878e+06
   1.3748274e+06
   1.3752286e+06
   1.3758123e+06
   1.3763397e+06
   1.3768173e+06
   1.3772952e+06
   1.3776702e+06
   1.3781643e+06
   1.3785819e+06
   1.3790226e+06
   1.3794134e+06
   1.3799539e+06
   1.4210852e+06
   1.4213860e+06
   1.4217348e+06
   1.4222346e+06
   1.4226944e+06
   1.4232296e+06
   1.4240262e+06
   1.4244775e+06
   1.4248024e+06
   1.4253900e+06
   1.4257304e+06
   1.4261564e+06
   1.4267121e+06
   1.4276278e+06
   1.4284971e+06
   1.4292907e+06
   1.4309863e+06
   1.4314448e+06
   1.4317952e+06
   1.4324212e+06
   1.4327724e+06
   1.4331824e+06
   1.4336877e+06
   1.4345298e+06
   1.4351130e+06
   1.4358498e+06
   1.4364972e+06
   1.4376153e+06
   1.4381446e+06
   1.4387950e+06
   1.4396809e+06
   1.4803474e+06
   1.4809395e+06
   1.4814106e+06
   1.4817523e+06
   1.4822374e+06
   1.4835343e+06
   1.4838918e+06
   1.4842621e+06
   1.4847239e+06
   1.4850945e+06
   1.4855750e+06
   1.4860418e+06
   1.4864831e+06
   1.4874120e+06
   1.4878010e+06
   1.4880867e+06
   1.4886133e+06
   1.4890813e+06
   1.4899649e+06
   1.4903549e+06
   1.4907885e+06
   1.4913567e+06
   1.4919390e+06
   1.4929950e+06
   1.4937376e+06
   1.4944897e+06
   1.4949597e+06
   1.4955172e+06
   1.4959034e+06
   1.4963354e+06
   1.4968260e+06
   1.4974169e+06
   1.4979526e+06
   1.4984260e+06
   1.4988913e+06
   1.4998995e+06
   1.5405369e+06
   1.5411770e+06
   1.5418214e+06
   1.5422244e+06
   1.5426277e+06
   1.5430649e+06
   1.5436125e+06
   1.5441259e+06
   1.5449697e+06
   1.5456023e+06
   1.5459091e+06
   1.5466011e+06
   1.5479290e+06
   1.5484120e+06
   1.5504905e+06
   1.5509492e+06
   1.5514271e+06
   1.5517535e+06
   1.5522620e+06
   1.5526985e+06
   1.5532765e+06
   1.5544147e+06
   1.5554215e+06
   1.5564674e+06
   1.5571051e+06
   1.5573905e+06
   1.5578493e+06
   1.5583490e+06
   1.5588763e+06
   1.5594292e+06
   1.5599130e+06
   1.6004453e+06
   1.6010137e+06
   1.6016296e+06
   1.6021975e+06
   1.6027581e+06
   1.6032782e+06
   1.6038007e+06
   1.6043838e+06
   1.6050670e+06
   1.6055081e+06
   1.6065064e+06
   1.6077199e+06
   1.6084801e+06
   1.6090056e+06
   1.6096536e+06
   1.6102375e+06
   1.6106164e+06
   1.6110555e+06
   1.6119429e+06
   1.6122207e+06
   1.6126211e+06
   1.6130341e+06
   1.6136348e+06
   1.6148018e+06
   1.6152360e+06
   1.6158844e+06
   1.6164561e+06
   1.6170506e+06
   1.6178648e+06
   1.6187569e+06
   1.6191448e+06
   1.6197145e+06
   1.6606796e+06
   1.6611434e+06
   1.6615954e+06
   1.6620256e+06
   1.6624665e+06
   1.6635347e+06
   1.6639320e+06
   1.6644917e+06
   1.6649315e+06
   1.6654169e+06
   1.6660296e+06
   1.6665560e+06
   1.6676232e+06
   1.6680771e+06
   1.6685615e+06
   1.6690177e+06
   1.6696737e+06
   1.6718631e+06
   1.6724335e+06
   1.6729775e+06
   1.6737711e+06
   1.6745390e+06
   1.6753253e+06
   1.6757646e+06
   1.6767458e+06
   1.6774178e+06
   1.6778478e+06
   1.6784368e+06
   1.6789824e+06
   1.6796984e+06
   1.7204570e+06
   1.7209526e+06
   1.7213042e+06
   1.7218071e+06
   1.7222897e+06
   1.7230725e+06
   1.7234444e+06
   1.7238719e+06
   1.7244213e+06
   1.7251217e+06
   1.7260730e+06
   1.7264775e+06
   1.7274110e+06
   1.7279427e+06
   1.7287038e+06
   1.7290649e+06
   1.7296977e+06
   1.7302471e+06
   1.7352773e+06
   1.7358424e+06
   1.7362373e+06
   1.7368407e+06
   1.7374669e+06
   1.7382230e+06
   1.7388722e+06
   1.7393941e+06
   1.7398062e+06
   1.7804007e+06
   1.7810631e+06
   1.7826505e+06
   1.7830957e+06
   1.7837133e+06
   1.7842648e+06
   1.7848535e+06
   1.7857704e+06
   1.7868819e+06
   1.7874993e+06
   1.7882375e+06
   1.7889948e+06
   1.7898411e+06
   1.7901709e+06
   1.7914701e+06
   1.7923134e+06
   1.7930014e+06
   1.7938145e+06
   1.8405595e+06
   1.8409145e+06
   1.8416305e+06
   1.8421974e+06
   1.8426184e+06
   1.8433490e+06
   1.8439182e+06
   1.8453810e+06
   1.8459954e+06
   1.8469042e+06
   1.8474768e+06
   1.8479439e+06
   1.8486163e+06
   1.8489912e+06
   1.8494243e+06
   1.8498326e+06
   1.8502089e+06
   1.8506886e+06
   1.8514529e+06
   1.8519983e+06
   1.8524038e+06
   1.8528956e+06
   1.8535483e+06
   1.8539928e+06
   1.8545182e+06
   1.8551402e+06
   1.8566966e+06
   1.8575676e+06
   1.8589159e+06
   1.8594245e+06
   1.8597557e+06
   1.9034203e+06
   1.9040785e+06
   1.9047428e+06
   1.9053474e+06
   1.9057785e+06
   1.9063606e+06
   1.9068647e+06
   1.9074614e+06
   1.9078700e+06
   1.9083026e+06
   1.9089558e+06
   1.9094428e+06
   1.9100509e+06
   1.9109224e+06
   1.9114418e+06
   1.9124436e+06
   1.9128625e+06
   1.9136558e+06
   1.9145375e+06
   1.9156836e+06
   1.9164349e+06
   1.9168285e+06
   1.9173415e+06
   1.9180132e+06
   1.9186648e+06
   1.9193593e+06
   1.9198490e+06
   6.0319848e+04
   6.0841638e+04
   6.1173048e+04
   6.1661602e+04
   6.1961473e+04
   6.2340974e+04
   6.2719966e+04
   6.3171277e+04
   6.3557763e+04
   6.4198807e+04
   6.4589069e+04
   6.4913386e+04
   6.5474772e+04
   6.6165684e+04
   6.6567889e+04
   6.7167584e+04
   6.8160317e+04
   6.8546181e+04
   6.8993045e+04
   6.9411428e+04
   6.9816684e+04
   7.0596664e+04
   7.0986523e+04
   7.1327979e+04
   7.1811136e+04
   7.2224176e+04
   7.2914665e+04
   7.3401068e+04
   7.4363719e+04
   7.4703245e+04
   7.5090368e+04
   7.5671232e+04
   7.6251955e+04
   7.6617507e+04
   7.7088317e+04
   7.7455183e+04
   7.7887045e+04
   7.8291721e+04
   7.9119829e+04
   7.9441403e+04
   8.0002957e+04
   8.0419507e+04
   8.0738240e+04
   8.1173178e+04
   8.1610526e+04
   8.1934038e+04
   8.2463523e+04
   8.2888279e+04
   8.3264774e+04
   8.3745803e+04
   8.4022558e+04
   8.5038825e+04
   8.5474015e+04
   8.5834750e+04
   8.6764894e+04
   8.7426258e+04
   8.7973140e+04
   8.8403909e+04
   8.9022639e+04
   8.9455653e+04
   8.9758974e+04
   9.0129327e+04
   9.0542327e+04
   9.0895487e+04
   9.1343981e+04
   9.1954094e+04
   9.2356285e+04
   9.2769825e+04
   9.3402813e+04
   9.3862248e+04
   9.4482273e+04
   9.4925216e+04
   9.5688683e+04
   9.6057131e+04
   9.6440754e+04
   9.6800227e+04
   9.7047481e+04
   9.7495576e+04
   9.7956547e+04
   9.8482832e+04
   9.8753952e+04
   9.9220807e+04
   9.9523460e+04
   9.9981923e+04
   1.2047195e+05
   1.2085867e+05
   1.2148010e+05
   1.2188478e+05
   1.2232127e+05
   1.2262947e+05
   1.2342270e+05
   1.2382629e+05
   1.2436295e+05
   1.2472107e+05
   1.2500290e+05
   1.2533261e+05
   1.2571617e+05
   1.2606595e+05
   1.2654948e+05
   1.2730341e+05
   1.2764392e+05
   1.2811241e+05
   1.2842728e+05
   1.2871366e+05
   1.2910595e+05
   1.2950170e+05
   1.3000674e+05
   1.3054662e+05
   1.3102561e+05
   1.3153276e+05
   1.3204020e+05
   1.3250465e+05
   1.3282837e+05
   1.3319573e+05
   1.3359935e+05
   1.3430001e+05
   1.3464402e+05
   1.3529477e+05
   1.3572292e+05
   1.3626533e+05
   1.3667756e+05
   1.3711204e+05
   1.3767445e+05
   1.3831995e+05
   1.3873216e+05
   1.3916680e+05
   1.3943694e+05
   1.3987343e+05
   1.4024633e+05
   1.4080582e+05
   1.4138111e+05
   1.4172259e+05
   1.4216531e+05
   1.4262633e+05
   1.4299866e+05
   1.4342168e+05
   1.4382943e+05
   1.4417516e+05
   1.4482505e+05
   1.4640057e+05
   1.4689523e+05
   1.4736257e+05
   1.4834396e+05
   1.4873437e+05
   1.4907700e+05
   1.4957741e+05
   1.5006941e+05
   1.5072384e+05
   1.5109956e+05
   1.5201577e+05
   1.5270351e+05
   1.5321369e+05
   1.5367027e+05
   1.5444176e+05
   1.5489661e+05
   1.5545676e+05
   1.5579994e+05
   1.5625989e+05
   1.5679072e+05
   1.5713791e+05
   1.5773524e+05
   1.5825384e+05
   1.5905436e+05
   1.5943636e+05
   1.5978614e+05
   1.8052047e+05
   1.8096754e+05
   1.8171409e+05
   1.8209935e+05
   1.8248545e+05
   1.8321424e+05
   1.8356783e+05
   1.8387478e+05
   1.8441198e+05
   1.8472343e+05
   1.8517175e+05
   1.8550744e+05
   1.8580899e+05
   1.8617881e+05
   1.8661997e+05
   1.8698664e+05
   1.8733784e+05
   1.8787378e+05
   1.8847934e+05
   1.8881427e+05
   1.8932642e+05
   1.8976610e+05
   1.9019457e+05
   1.9059031e+05
   1.9114287e+05
   1.9175554e+05
   1.9233478e+05
   1.9287894e+05
   1.9370076e+05
   1.9407975e+05
   1.9444434e+05
   1.9481127e+05
   1.9524928e+05
   1.9561288e+05
   1.9599759e+05
   1.9646577e+05
   1.9687954e+05
   1.9752874e+05
   1.9784368e+05
   1.9824685e+05
   1.9907275e+05
   1.9939588e+05
   1.9986202e+05
   2.0031098e+05
   2.0092521e+05
   2.0152288e+05
   2.0182857e+05
   2.0218072e+05
   2.0248172e+05
   2.0310243e+05
   2.0371528e+05
   2.0457205e+05
   2.0500187e+05
   2.0540576e+05
   2.0582904e+05
   2.0614426e+05
   2.0652432e+05
   2.0705003e+05
   2.0751293e+05
   2.0792355e+05
   2.0825744e+05
   2.0877753e+05
   2.0909601e+05
   2.0942433e+05
   2.1005023e+05
   2.1040904e+05
   2.1082254e+05
   2.1124979e+05
   2.1185686e+05
   2.1221200e+05
   2.1287462e+05
   2.1324428e+05
   2.1377596e+05
   2.1416176e+05
   2.1446903e+05
   2.1483383e+05
   2.1526925e+05
   2.1568417e+05
   2.1604017e+05
   2.1661003e+05
   2.1717999e+05
   2.1759234e+05
   2.1816675e+05
   2.1850972e+05
   2.1908595e+05
   2.1953938e+05
   2.1991066e+05
   2.4047996e+05
   2.4091997e+05
   2.4121252e+05
   2.4171054e+05
   2.4214378e+05
   2.4252046e+05
   2.4293002e+05
   2.4334552e+05
   2.4407335e+05
   2.4452810e+05
   2.4489332e+05
   2.4531097e+05
   2.4568434e+05
   2.4607412e+05
   2.4667051e+05
   2.4700614e+05
   2.4737509e+05
   2.4785850e+05
   2.4816558e+05
   2.4893516e+05
   2.4937709e+05
   2.4996503e+05
   2.5057901e+05
   2.5147402e+05
   2.5177398e+05
   2.5220586e+05
   2.5263530e+05
   2.5303552e+05
   2.5335853e+05
   2.5379100e+05
   2.5425174e+05
   2.5464799e+05
   2.5515462e+05
   2.5551362e+05
   2.5658264e+05
   2.5696914e+05
   2.5751455e+05
   2.5784497e+05
   2.5852510e+05
   2.5953697e+05
   2.5991145e+05
   2.6044027e+05
   2.6087437e+05
   2.6129557e+05
   2.6199324e+05
   2.6255962e+05
   2.6294468e+05
   2.6335148e+05
   2.6373586e+05
   2.6427697e+05
   2.6471868e+05
   2.6510143e+05
   2.6546820e+05
   2.6624458e+05
   2.6661471e+05
   2.6699808e+05
   2.6753066e+05
   2.6797696e+05
   2.6830855e+05
   2.6916111e+05
   2.6970418e+05
   2.7011611e+05
   2.7060270e+05
   2.7105374e+05
   2.7249587e+05
   2.7281292e+05
   2.7356069e+05
   2.7403706e+05
   2.7448564e+05
   2.7478785e+05
   2.7549004e+05
   2.7584269e+05
   2.7624329e+05
   2.7685111e+05
   2.7727923e+05
   2.7764107e+05
   2.7803747e+05
   2.7885656e+05
   2.7926399e+05
   2.7980299e+05
   3.0046351e+05
   3.0092702e+05
   3.0133620e+05
   3.0170518e+05
   3.0204883e+05
   3.0257476e+05
   3.0296627e+05
   3.0350654e+05
   3.0385523e+05
   3.0430530e+05
   3.0469246e+05
   3.0505443e+05
   3.0548975e+05
   3.0613533e+05
   3.0656123e+05
   3.0694289e+05
   3.0736056e+05
   3.0803676e+05
   3.0849179e+05
   3.0897342e+05
   3.0953655e+05
   3.1000529e+05
   3.1049372e+05
   3.1096898e+05
   3.1134312e+05
   3.1165617e+05
   3.1211395e+05
   3.1260346e+05
   3.1310280e+05
   3.1374322e+05
   3.1421007e+05
   3.1475726e+05
   3.1526069e+05
   3.1589461e+05
   3.1657552e+05
   3.1698093e+05
   3.1746694e+05
   3.1809366e+05
   3.1843120e+05
   3.1874889e+05
   3.1906766e+05
   3.1941769e+05
   3.1985756e+05
   3.2042286e+05
   3.2078146e+05
   3.2133379e+05
   3.2187272e+05
   3.2242834e+05
   3.2279594e+05
   3.2315105e+05
   3.2359099e+05
   3.2409001e+05
   3.2451684e+05
   3.2507285e+05
   3.2546622e+05
   3.2621732e+05
   3.2691670e+05
   3.2738485e+05
   3.2793926e+05
   3.2861899e+05
   3.2892998e+05
   3.2933307e+05
   3.2968100e+05
   3.3018990e+05
   3.3059965e+05
   3.3089125e+05
   3.3126888e+05
   3.3165207e+05
   3.3226467e+05
   3.3255546e+05
   3.3340744e+05
   3.3378577e+05
   3.3414513e+05
   3.3457212e+05
   3.3500599e+05
   3.3558096e+05
   3.3610648e+05
   3.3650594e+05
   3.3692217e+05
   3.3723946e+05
   3.3764792e+05
   3.3819262e+05
   3.3863780e+05
   3.3936552e+05
   3.3973387e+05
   3.6043535e+05
   3.6086984e+05
   3.6140530e+05
   3.6176888e+05
   3.6217123e+05
   3.6258355e+05
   3.6355686e+05
   3.6410030e+05
   3.6463416e+05
   3.6533079e+05
   3.6577010e+05
   3.6617417e+05
   3.6688544e+05
   3.6738550e+05
   3.6787533e+05
   3.6822171e+05
   3.6875451e+05
   3.6933078e+05
   3.7005618e+05
   3.7080829e+05
   3.7121812e+05
   3.7180846e+05
   3.7218617e+05
   3.7325010e+05
   3.7366090e+05
   3.7400441e+05
   3.7442913e+05
   3.7482147e+05
   3.7518048e+05
   3.7586958e+05
   3.7631047e+05
   3.7690936e+05
   3.7729114e+05
   3.7755980e+05
   3.7798807e+05
   3.7848015e+05
   3.7894241e+05
   3.7933686e+05
   3.8000376e+05
   3.8068714e+05
   3.8112689e+05
   3.8149637e+05
   3.8188724e+05
   3.8233218e+05
   3.8276692e+05
   3.8314775e+05
   3.8363324e+05
   3.8400105e+05
   3.8446217e+05
   3.8487902e+05
   3.8534867e+05
   3.8596898e+05
   3.8657926e+05
   3.8717743e+05
   3.8759160e+05
   3.8803322e+05
   3.8840589e+05
   3.8896853e+05
   3.8929330e+05
   3.8972790e+05
   3.9011588e+05
   3.9062817e+05
   3.9098471e+05
   3.9143022e+05
   3.9187024e+05
   3.9241741e+05
   3.9290994e+05
   3.9329915e+05
   3.9366580e+05
   3.9398622e+05
   3.9458931e+05
   3.9581389e+05
   3.9640484e+05
   3.9672875e+05
   3.9763871e+05
   3.9805569e+05
   3.9852475e+05
   3.9881079e+05
   3.9934022e+05
   3.9982259e+05
   4.2037439e+05
   4.2093841e+05
   4.2171343e+05
   4.2213176e+05
   4.2256186e+05
   4.2303291e+05
   4.2343746e+05
   4.2395589e+05
   4.2512480e+05
   4.2548196e+05
   4.2594150e+05
   4.2636418e+05
   4.2674106e+05
   4.2730850e+05
   4.2769048e+05
   4.2801878e+05
   4.2854761e+05
   4.2902080e+05
   4.2933954e+05
   4.3031710e+05
   4.3208048e+05
   4.3261840e+05
   4.3299299e+05
   4.3354355e+05
   4.3443710e+05
   4.3483689e+05
   4.3523189e+05
   4.3561743e+05
   4.3608318e+05
   4.3644393e+05
   4.3681984e+05
   4.3718523e+05
   4.3760675e+05
   4.3805209e+05
   4.3873604e+05
   4.3906399e+05
   4.3943302e+05
   4.3984147e+05
   4.4020988e+05
   4.4108174e+05
   4.4153921e+05
   4.4200960e+05
   4.4243015e+05
   4.4285673e+05
   4.4343317e+05
   4.4398208e+05
   4.4433673e+05
   4.4505529e+05
   4.4563402e+05
   4.4609460e+05
   4.4656345e+05
   4.4687669e+05
   4.4735512e+05
   4.4770069e+05
   4.4809131e+05
   4.4887440e+05
   4.4966910e+05
   4.5008922e+05
   4.5043136e+05
   4.5071979e+05
   4.5134960e+05
   4.5183571e+05
   4.5222944e+05
   4.5265033e+05
   4.5298975e+05
   4.5353935e+05
   4.5387175e+05
   4.5424038e+05
   4.5488999e+05
   4.5521039e+05
   4.5565425e+05
   4.5603819e+05
   4.5638423e+05
   4.5688614e+05
   4.5732394e+05
   4.5767463e+05
   4.5812640e+05
   4.5845422e+05
   4.5879793e+05
   4.5920868e+05
   4.5979003e+05
   4.8059564e+05
   4.8103685e+05
   4.8159801e+05
   4.8217055e+05
   4.8266162e+05
   4.8307063e+05
   4.8358525e+05
   4.8413247e+05
   4.8458886e+05
   4.8512153e+05
   4.8558597e+05
   4.8600073e+05
   4.8678860e+05
   4.8739733e+05
   4.8792684e+05
   4.8868024e+05
   4.8910603e+05
   4.8956818e+05
   4.9002187e+05
   4.9051580e+05
   4.9088894e+05
   4.9141826e+05
   4.9194223e+05
   4.9263433e+05
   4.9306913e+05
   4.9359136e+05
   4.9407235e+05
   4.9441002e+05
   4.9493393e+05
   4.9530150e+05
   4.9563407e+05
   4.9651191e+05
   4.9691740e+05
   4.9796224e+05
   4.9850996e+05
   4.9892390e+05
   4.9932321e+05
   4.9978128e+05
   5.0017146e+05
   5.0055962e+05
   5.0087559e+05
   5.0143120e+05
   5.0188121e+05
   5.0233961e+05
   5.0303760e+05
   5.0340473e+05
   5.0388235e+05
   5.0426234e+05
   5.0479959e+05
   5.0523788e+05
   5.0565271e+05
   5.0609146e+05
   5.0657479e+05
   5.0696749e+05
   5.0762836e+05
   5.0810255e+05
   5.0862832e+05
   5.0901880e+05
   5.0968520e+05
   5.1034604e+05
   5.1094043e+05
   5.1142938e+05
   5.1223195e+05
   5.1289148e+05
   5.1345074e+05
   5.1389164e+05
   5.1448175e+05
   5.1489079e+05
   5.1535918e+05
   5.1575620e+05
   5.1612011e+05
   5.1660157e+05
   5.1714620e+05
   5.1753000e+05
   5.1794103e+05
   5.1830199e+05
   5.1862231e+05
   5.1917994e+05
   5.1975504e+05
   5.4038820e+05
   5.4109937e+05
   5.4145712e+05
   5.4172552e+05
   5.4226235e+05
   5.4278675e+05
   5.4336516e+05
   5.4405422e+05
   5.4451659e+05
   5.4497158e+05
   5.4532273e+05
   5.4570073e+05
   5.4646815e+05
   5.4686348e+05
   5.4767808e+05
   5.4808661e+05
   5.4850649e+05
   5.4909503e+05
   5.4941334e+05
   5.4981102e+05
   5.5023518e+05
   5.5069574e+05
   5.5143514e+05
   5.5225323e+05
   5.5266506e+05
   5.5308348e+05
   5.5350193e+05
   5.5435861e+05
   5.5477144e+05
   5.5519514e+05
   5.5561660e+05
   5.5598581e+05
   5.5634780e+05
   5.5689420e+05
   5.5750720e+05
   5.5819804e+05
   5.5874152e+05
   5.5919463e+05
   5.5958687e+05
   5.5999755e+05
   5.6066345e+05
   5.6105443e+05
   5.6140970e+05
   5.6164677e+05
   5.6200050e+05
   5.6245894e+05
   5.6292726e+05
   5.6375428e+05
   5.6420018e+05
   5.6463724e+05
   5.6493362e+05
   5.6543188e+05
   5.6576138e+05
   5.6613816e+05
   5.6655391e+05
   5.6707130e+05
   5.6753094e+05
   5.6783781e+05
   5.6859087e+05
   5.6891773e+05
   5.6942540e+05
   5.7002624e+05
   5.7045850e+05
   5.7085849e+05
   5.7142972e+05
   5.7203290e+05
   5.7244895e+05
   5.7382846e+05
   5.7415743e+05
   5.7462579e+05
   5.7498441e+05
   5.7644563e+05
   5.7702633e+05
   5.7742835e+05
   5.7797592e+05
   5.7833040e+05
   5.7886687e+05
   5.7957262e+05
   7.8078885e+05
   7.8155194e+05
   7.8192480e+05
   7.8242590e+05
   7.8340121e+05
   7.8380901e+05
   7.8475006e+05
   7.8516507e+05
   7.8566766e+05
   7.8617289e+05
   7.8687530e+05
   7.8763740e+05
   7.8804948e+05
   7.8896668e+05
   7.8953071e+05
   7.9036117e+05
   7.9140118e+05
   7.9184027e+05
   7.9228180e+05
   7.9310365e+05
   7.9387569e+05
   7.9454210e+05
   7.9502434e+05
   7.9672821e+05
   7.9713239e+05
   7.9810727e+05
   7.9887303e+05
   7.9940490e+05
   7.9982686e+05
   8.0036930e+05
   8.0104095e+05
   8.0167338e+05
   8.0244390e+05
   8.0286012e+05
   8.0528336e+05
   8.0573931e+05
   8.0615837e+05
   8.0702846e+05
   8.0766698e+05
   8.0856654e+05
   8.0910167e+05
   8.1089002e+05
   8.1147185e+05
   8.1187665e+05
   8.1302076e+05
   8.1384251e+05
   8.1421354e+05
   8.1495849e+05
   8.1594567e+05
   8.1650966e+05
   8.1729090e+05
   8.1764992e+05
   8.1882053e+05
   8.1943992e+05
   8.4041249e+05
   8.4080924e+05
   8.4151988e+05
   8.4201497e+05
   8.4248463e+05
   8.4329935e+05
   8.4380034e+05
   8.4522693e+05
   8.4573538e+05
   8.4613032e+05
   8.4706731e+05
   8.4878097e+05
   8.4968481e+05
   8.5029339e+05
   8.5084955e+05
   8.5173224e+05
   8.5257781e+05
   8.5300738e+05
   8.5344684e+05
   8.5400479e+05
   8.5678630e+05
   8.5731740e+05
   8.5812629e+05
   8.5860655e+05
   8.5895784e+05
   8.5968771e+05
   8.6007462e+05
   8.6060682e+05
   8.6144454e+05
   8.6199067e+05
   8.6319207e+05
   8.6381900e+05
   8.6416934e+05
   8.6450718e+05
   8.6494567e+05
   8.6538906e+05
   8.6590293e+05
   8.6653529e+05
   8.6708922e+05
   8.6828470e+05
   8.6868411e+05
   8.6916284e+05
   8.6969145e+05
   8.7020923e+05
   8.7181257e+05
   8.7285673e+05
   8.7382463e+05
   8.7429076e+05
   8.7499023e+05
   8.7549625e+05
   8.7590881e+05
   8.7646647e+05
   8.7693468e+05
   8.7767494e+05
   8.7829589e+05
   8.7968151e+05
   9.0056240e+05
   9.0138915e+05
   9.0197147e+05
   9.0310548e+05
   9.0381966e+05
   9.0461931e+05
   9.0506987e+05
   9.0575116e+05
   9.0612730e+05
   9.0699911e+05
   9.0778940e+05
   9.0821915e+05
   9.0957737e+05
   9.1053087e+05
   9.1120371e+05
   9.1190743e+05
   9.1240653e+05
   9.1286147e+05
   9.1367490e+05
   9.1415815e+05
   9.1523008e+05
   9.1580418e+05
   9.1708840e+05
   9.1757973e+05
   9.1899880e+05
   9.1993278e+05
   9.2030808e+05
   9.2101025e+05
   9.2159592e+05
   9.2206218e+05
   9.2242616e+05
   9.2421169e+05
   9.2494028e+05
   9.2571451e+05
   9.2663319e+05
   9.2766979e+05
   9.2825583e+05
   9.2907128e+05
   9.2950175e+05
   9.3006794e+05
   9.3066659e+05
   9.3136345e+05
   9.3195175e+05
   9.3286419e+05
   9.3352274e+05
   9.3400596e+05
   9.3585901e+05
   9.3649787e+05
   9.3727663e+05
   9.3776502e+05
   9.3845138e+05
   9.3900292e+05
   9.3957799e+05
   9.3999683e+05
   9.6067354e+05
   9.6113192e+05
   9.6202608e+05
   9.6312428e+05
   9.6388105e+05
   9.6425574e+05
   9.6475168e+05
   9.6513072e+05
   9.6588860e+05
   9.6649203e+05
   9.6707752e+05
   9.6821929e+05
   9.6863706e+05
   9.6935312e+05
   9.6984935e+05
   9.7034855e+05
   9.7133069e+05
   9.7186259e+05
   9.7273359e+05
   9.7326068e+05
   9.7387316e+05
   9.7440307e+05
   9.7476517e+05
   9.7539049e+05
   9.7624630e+05
   9.7708155e+05
   9.7802355e+05
   9.7854325e+05
   9.7987043e+05
   9.8041177e+05
   9.8109166e+05
   9.8170284e+05
   9.8223358e+05
   9.8388596e+05
   9.8470790e+05
   9.8522379e+05
   9.8618977e+05
   9.8668306e+05
   9.8747914e+05
   9.8813234e+05
   9.8869362e+05
   9.8927006e+05
   9.8964027e+05
   9.9179542e+05
   9.9243561e+05
   9.9295711e+05
   9.9372244e+05
   9.9450862e+05
   9.9501995e+05
   9.9571770e+05
   9.9672554e+05
   9.9737025e+05
   9.9772121e+05
   9.9829478e+05
   9.9874293e+05
   9.9919354e+05
   9.9961011e+05
   1.0205261e+06
   1.0208857e+06
   1.0214862e+06
   1.0222359e+06
   1.0227267e+06
   1.0232885e+06
   1.0243098e+06
   1.0248495e+06
   1.0256640e+06
   1.0264268e+06
   1.0273546e+06
   1.0280558e+06
   1.0290227e+06
   1.0296713e+06
   1.0300701e+06
   1.0305691e+06
   1.0323104e+06
   1.0328853e+06
   1.0332924e+06
   1.0337032e+06
   1.0348331e+06
   1.0355260e+06
   1.0361637e+06
   1.0367061e+06
   1.0373933e+06
   1.0380885e+06
   1.0390290e+06
   1.0460850e+06
   1.0467464e+06
   1.0477627e+06
   1.0485164e+06
   1.0506045e+06
   1.0514502e+06
   1.0518602e+06
   1.0534486e+06
   1.0538409e+06
   1.0544689e+06
   1.0549685e+06
   1.0554142e+06
   1.0560661e+06
   1.0565550e+06
   1.0573599e+06
   1.0578523e+06
   1.0586769e+06
   1.0592778e+06
   1.0599857e+06
   1.0806844e+06
   1.0813437e+06
   1.0819401e+06
   1.0824977e+06
   1.0828378e+06
   1.0832991e+06
   1.0840151e+06
   1.0848096e+06
   1.0853568e+06
   1.0856924e+06
   1.0862690e+06
   1.0867334e+06
   1.0870912e+06
   1.0882327e+06
   1.0888158e+06
   1.0893116e+06
   1.0902485e+06
   1.0909891e+06
   1.0915145e+06
   1.0919020e+06
   1.0929394e+06
   1.0933096e+06
   1.0938804e+06
   1.0944893e+06
   1.0951979e+06
   1.0955523e+06
   1.0960288e+06
   1.0964289e+06
   1.0972310e+06
   1.0977106e+06
   1.0991993e+06
   1.1006054e+06
   1.1017726e+06
   1.1025497e+06
   1.1040693e+06
   1.1046307e+06
   1.1055451e+06
   1.1062069e+06
   1.1067836e+06
   1.1074112e+06
   1.1078045e+06
   1.1085619e+06
   1.1091001e+06
   1.1094802e+06
   1.1115911e+06
   1.1121488e+06
   1.1125016e+06
   1.1132369e+06
   1.1137155e+06
   1.1144281e+06
   1.1151075e+06
   1.1156289e+06
   1.1164210e+06
   1.1173073e+06
   1.1178284e+06
   1.1182903e+06
   1.1190233e+06
   1.1195277e+06
   1.1405369e+06
   1.1413290e+06
   1.1423935e+06
   1.1428446e+06
   1.1432980e+06
   1.1437653e+06
   1.1442899e+06
   1.1447819e+06
   1.1460743e+06
   1.1467099e+06
   1.1473324e+06
   1.1477387e+06
   1.1491332e+06
   1.1495097e+06
   1.1507499e+06
   1.1512187e+06
   1.1529478e+06
   1.1538865e+06
   1.1547755e+06
   1.1553926e+06
   1.1559665e+06
   1.1562807e+06
   1.1566032e+06
   1.1575513e+06
   1.1581786e+06
   1.1593995e+06
   1.1598307e+06
   1.1604977e+06
   1.1614936e+06
   1.1619607e+06
   1.1623534e+06
   1.1628248e+06
   1.1633446e+06
   1.1637728e+06
   1.1642498e+06
   1.1649329e+06
   1.1653466e+06
   1.1658673e+06
   1.1663169e+06
   1.1668967e+06
   1.1673856e+06
   1.1681159e+06
   1.1686505e+06
   1.1693899e+06
   1.1702422e+06
   1.1712671e+06
   1.1719273e+06
   1.1729076e+06
   1.1733514e+06
   1.1739951e+06
   1.1756280e+06
   1.1761000e+06
   1.1768257e+06
   1.1776881e+06
   1.1781380e+06
   1.1788020e+06
   1.1795149e+06
   1.1799166e+06
   1.2005507e+06
   1.2011581e+06
   1.2015558e+06
   1.2022720e+06
   1.2027808e+06
   1.2041024e+06
   1.2046521e+06
   1.2051943e+06
   1.2056301e+06
   1.2062476e+06
   1.2067587e+06
   1.2073130e+06
   1.2077691e+06
   1.2084560e+06
   1.2095473e+06
   1.2101532e+06
   1.2107905e+06
   1.2115039e+06
   1.2122751e+06
   1.2126496e+06
   1.2133314e+06
   1.2139667e+06
   1.2144330e+06
   1.2148951e+06
   1.2155641e+06
   1.2162140e+06
   1.2166180e+06
   1.2172391e+06
   1.2177585e+06
   1.2182821e+06
   1.2189123e+06
   1.2205116e+06
   1.2210142e+06
   1.2218540e+06
   1.2224081e+06
   1.2236785e+06
   1.2244366e+06
   1.2248554e+06
   1.2252374e+06
   1.2263294e+06
   1.2276403e+06
   1.2280473e+06
   1.2293870e+06
   1.2299474e+06
   1.2303153e+06
   1.2307679e+06
   1.2316011e+06
   1.2325645e+06
   1.2329853e+06
   1.2337091e+06
   1.2340059e+06
   1.2346090e+06
   1.2351553e+06
   1.2356920e+06
   1.2360786e+06
   1.2371212e+06
   1.2375940e+06
   1.2383821e+06
   1.2388081e+06
   1.2392753e+06
   1.2395995e+06
   1.2606218e+06
   1.2615334e+06
   1.2620418e+06
   1.2625780e+06
   1.2632901e+06
   1.2637691e+06
   1.2643895e+06
   1.2650061e+06
   1.2657336e+06
   1.2663836e+06
   1.2671395e+06
   1.2676663e+06
   1.2681933e+06
   1.2689807e+06
   1.2696675e+06
   1.2704414e+06
   1.2713519e+06
   1.2717621e+06
   1.2730444e+06
   1.2736988e+06
   1.2749948e+06
   1.2754536e+06
   1.2760113e+06
   1.2764797e+06
   1.2768339e+06
   1.2776127e+06
   1.2779513e+06
   1.2788449e+06
   1.2793716e+06
   1.2799209e+06
   1.2805371e+06
   1.2810513e+06
   1.2837763e+06
   1.2846075e+06
   1.2850354e+06
   1.2855828e+06
   1.2860970e+06
   1.2865999e+06
   1.2869715e+06
   1.2875506e+06
   1.2881343e+06
   1.2901324e+06
   1.2907846e+06
   1.2915519e+06
   1.2922477e+06
   1.2930572e+06
   1.2937140e+06
   1.2950630e+06
   1.2959154e+06
   1.2965419e+06
   1.2972576e+06
   1.2976674e+06
   1.2985800e+06
   1.2989686e+06
   1.2995252e+06
   1.3204351e+06
   1.3209314e+06
   1.3216368e+06
   1.3233068e+06
   1.3255310e+06
   1.3260166e+06
   1.3267675e+06
   1.3276239e+06
   1.3284213e+06
   1.3289762e+06
   1.3298261e+06
   1.3303454e+06
   1.3314196e+06
   1.3318247e+06
   1.3326707e+06
   1.3331800e+06
   1.3338921e+06
   1.3343166e+06
   1.3353878e+06
   1.3357679e+06
   1.3367231e+06
   1.3379680e+06
   1.3387865e+06
   1.3394962e+06
   1.3400027e+06
   1.3405207e+06
   1.3411950e+06
   1.3428678e+06
   1.3437069e+06
   1.3443303e+06
   1.3448996e+06
   1.3461438e+06
   1.3471746e+06
   1.3479619e+06
   1.3490868e+06
   1.3495670e+06
   1.3500869e+06
   1.3503603e+06
   1.3512521e+06
   1.3523631e+06
   1.3534118e+06
   1.3539709e+06
   1.3596965e+06
   1.3811698e+06
   1.3819801e+06
   1.3825463e+06
   1.3831100e+06
   1.3835698e+06
   1.3843511e+06
   1.3847719e+06
   1.3857399e+06
   1.3864500e+06
   1.3869217e+06
   1.3873561e+06
   1.3881758e+06
   1.3889848e+06
   1.3893989e+06
   1.3941854e+06
   1.3946545e+06
   1.3956716e+06
   1.3974715e+06
   1.3984794e+06
   1.3989822e+06
   1.3996767e+06
   1.4004968e+06
   1.4017160e+06
   1.4022200e+06
   1.4027833e+06
   1.4032463e+06
   1.4040260e+06
   1.4084559e+06
   1.4089853e+06
   1.4103796e+06
   1.4109551e+06
   1.4116369e+06
   1.4126335e+06
   1.4136547e+06
   1.4140763e+06
   1.4146378e+06
   1.4153941e+06
   1.4174627e+06
   1.4183312e+06
   1.4188149e+06
   1.4192940e+06
   1.4197433e+06
   1.4407796e+06
   1.4412089e+06
   1.4418969e+06
   1.4423376e+06
   1.4439789e+06
   1.4445229e+06
   1.4451452e+06
   1.4458226e+06
   1.4464189e+06
   1.4478310e+06
   1.4482673e+06
   1.4491380e+06
   1.4495160e+06
   1.4502645e+06
   1.4508624e+06
   1.4514290e+06
   1.4524027e+06
   1.4529190e+06
   1.4534106e+06
   1.4537886e+06
   1.4543408e+06
   1.4547522e+06
   1.4559227e+06
   1.4563764e+06
   1.4569336e+06
   1.4575544e+06
   1.4580758e+06
   1.4591108e+06
   1.4596498e+06
   1.4604493e+06
   1.4609552e+06
   1.4617069e+06
   1.4725176e+06
   1.4730580e+06
   1.4736338e+06
   1.4752121e+06
   1.4759280e+06
   1.4766678e+06
   1.4770218e+06
   1.4776180e+06
   1.4784751e+06
   1.4788928e+06
   1.4794886e+06
   1.5007983e+06
   1.5014533e+06
   1.5024382e+06
   1.5036750e+06
   1.5045870e+06
   1.5051085e+06
   1.5055067e+06
   1.5059621e+06
   1.5066662e+06
   1.5072389e+06
   1.5076101e+06
   1.5100743e+06
   1.5105631e+06
   1.5115990e+06
   1.5121470e+06
   1.5128292e+06
   1.5133515e+06
   1.5141004e+06
   1.5145550e+06
   1.5155323e+06
   1.5161141e+06
   1.5165208e+06
   1.5171243e+06
   1.5176651e+06
   1.5180751e+06
   1.5185235e+06
   1.5191708e+06
   1.5198300e+06
   1.5204438e+06
   1.5209721e+06
   1.5214384e+06
   1.5222798e+06
   1.5228477e+06
   1.5235747e+06
   1.5240324e+06
   1.5245906e+06
   1.5255784e+06
   1.5265325e+06
   1.5273123e+06
   1.5291165e+06
   1.5295240e+06
   1.5300847e+06
   1.5312432e+06
   1.5316605e+06
   1.5321628e+06
   1.5328787e+06
   1.5351127e+06
   1.5357543e+06
   1.5361933e+06
   1.5367401e+06
   1.5372795e+06
   1.5379365e+06
   1.5384109e+06
   1.5390849e+06
   1.5606642e+06
   1.5619865e+06
   1.5623942e+06
   1.5633212e+06
   1.5637789e+06
   1.5642980e+06
   1.5647923e+06
   1.5652901e+06
   1.5657746e+06
   1.5663328e+06
   1.5669717e+06
   1.5675641e+06
   1.5682195e+06
   1.5686882e+06
   1.5735099e+06
   1.5742414e+06
   1.5747865e+06
   1.5752549e+06
   1.5761700e+06
   1.5766894e+06
   1.5774878e+06
   1.5779147e+06
   1.5784895e+06
   1.5791250e+06
   1.5798508e+06
   1.5810733e+06
   1.5821199e+06
   1.5827307e+06
   1.5835369e+06
   1.5841428e+06
   1.5851411e+06
   1.5860727e+06
   1.5865668e+06
   1.5870457e+06
   1.5880763e+06
   1.5884901e+06
   1.5892196e+06
   1.5896690e+06
   1.5903902e+06
   1.5919646e+06
   1.5925577e+06
   1.5932262e+06
   1.5939165e+06
   1.5948191e+06
   1.5956769e+06
   1.5968681e+06
   1.5972232e+06
   1.5979325e+06
   1.5985007e+06
   1.5989246e+06
   1.5997695e+06
   1.6208508e+06
   1.6213217e+06
   1.6225974e+06
   1.6233025e+06
   1.6236003e+06
   1.6241148e+06
   1.6249565e+06
   1.6253345e+06
   1.6258530e+06
   1.6262731e+06
   1.6268352e+06
   1.6274829e+06
   1.6283300e+06
   1.6287881e+06
   1.6294803e+06
   1.6301613e+06
   1.6308785e+06
   1.6315884e+06
   1.6352579e+06
   1.6356413e+06
   1.6362362e+06
   1.6374846e+06
   1.6379986e+06
   1.6389494e+06
   1.6402600e+06
   1.6407240e+06
   1.6413702e+06
   1.6418857e+06
   1.6429498e+06
   1.6434433e+06
   1.6438643e+06
   1.6446394e+06
   1.6455656e+06
   1.6461475e+06
   1.6469081e+06
   1.6476253e+06
   1.6480509e+06
   1.6487303e+06
   1.6492142e+06
   1.6503438e+06
   1.6511873e+06
   1.6515871e+06
   1.6521996e+06
   1.6529330e+06
   1.6533731e+06
   1.6547129e+06
   1.6557118e+06
   1.6562448e+06
   1.6567236e+06
   1.6571916e+06
   1.6577002e+06
   1.6582758e+06
   1.6594996e+06
   1.6804316e+06
   1.6813379e+06
   1.6819491e+06
   1.6826359e+06
   1.6830831e+06
   1.6838963e+06
   1.6842263e+06
   1.6847040e+06
   1.6855235e+06
   1.6861984e+06
   1.6870194e+06
   1.6875311e+06
   1.6883997e+06
   1.6888339e+06
   1.6894677e+06
   1.6900026e+06
   1.6911439e+06
   1.6916485e+06
   1.6922904e+06
   1.6926529e+06
   1.6933409e+06
   1.6944275e+06
   1.6951952e+06
   1.6957219e+06
   1.6962976e+06
   1.6968010e+06
   1.6972801e+06
   1.6978944e+06
   1.6983784e+06
   1.6994908e+06
   1.7004836e+06
   1.7011550e+06
   1.7017326e+06
   1.7029702e+06
   1.7042790e+06
   1.7050286e+06
   1.7054262e+06
   1.7059076e+06
   1.7065016e+06
   1.7070969e+06
   1.7078225e+06
   1.7085669e+06
   1.7092162e+06
   1.7098501e+06
   1.7102918e+06
   1.7107030e+06
   1.7113504e+06
   1.7120071e+06
   1.7126206e+06
   1.7132551e+06
   1.7140843e+06
   1.7148207e+06
   1.7153803e+06
   1.7163769e+06
   1.7168620e+06
   1.7174521e+06
   1.7189747e+06
   1.7198482e+06
   1.7404547e+06
   1.7409725e+06
   1.7417023e+06
   1.7424538e+06
   1.7431942e+06
   1.7435514e+06
   1.7438779e+06
   1.7445243e+06
   1.7452322e+06
   1.7459398e+06
   1.7467076e+06
   1.7472540e+06
   1.7477728e+06
   1.7483852e+06
   1.7489850e+06
   1.7493393e+06
   1.7499008e+06
   1.7502301e+06
   1.7508554e+06
   1.7514505e+06
   1.7518775e+06
   1.7523992e+06
   1.7533362e+06
   1.7538832e+06
   1.7544501e+06
   1.7559437e+06
   1.7564214e+06
   1.7612870e+06
   1.7624624e+06
   1.7630352e+06
   1.7644803e+06
   1.7651140e+06
   1.7654581e+06
   1.7663025e+06
   1.7672096e+06
   1.7678307e+06
   1.7684492e+06
   1.7692609e+06
   1.7697768e+06
   1.7705176e+06
   1.7710848e+06
   1.7718417e+06
   1.7725024e+06
   1.7729517e+06
   1.7736307e+06
   1.7740589e+06
   1.7744892e+06
   1.7750559e+06
   1.7755209e+06
   1.7760368e+06
   1.7772484e+06
   1.7782237e+06
   1.7791557e+06
   1.7796144e+06
   1.8009682e+06
   1.8017156e+06
   1.8023971e+06
   1.8032378e+06
   1.8037298e+06
   1.8043905e+06
   1.8048604e+06
   1.8053355e+06
   1.8061017e+06
   1.8067506e+06
   1.8073735e+06
   1.8079819e+06
   1.8088296e+06
   1.8098935e+06
   1.8106707e+06
   1.8110888e+06
   1.8115658e+06
   1.8119724e+06
   1.8127972e+06
   1.8139598e+06
   1.8144834e+06
   1.8156806e+06
   1.8164149e+06
   1.8169819e+06
   1.8176663e+06
   1.8182739e+06
   1.8188593e+06
   1.8193670e+06
   1.8197767e+06
   1.8204520e+06
   1.8216108e+06
   1.8220754e+06
   1.8230240e+06
   1.8235795e+06
   1.8240524e+06
   1.8250550e+06
   1.8259017e+06
   1.8265961e+06
   1.8274020e+06
   1.8286560e+06
   1.8292291e+06
   1.8298233e+06
   1.8304202e+06
   1.8307190e+06
   1.8314135e+06
   1.8320084e+06
   1.8334580e+06
   1.8340581e+06
   1.8345827e+06
   1.8349983e+06
   1.8370663e+06
   1.8375462e+06
   1.8380972e+06
   1.8389679e+06
   1.8603727e+06
   1.8610926e+06
   1.8621498e+06
   1.8629572e+06
   1.8644591e+06
   1.8678360e+06
   1.8686606e+06
   1.8692076e+06
   1.8698209e+06
   1.8702269e+06
   1.8706504e+06
   1.8714355e+06
   1.8730981e+06
   1.8735093e+06
   1.8743172e+06
   1.8752461e+06
   1.8758617e+06
   1.8763171e+06
   1.8771693e+06
   1.8778667e+06
   1.8784366e+06
   1.8791306e+06
   1.8801590e+06
   1.8808821e+06
   1.8817819e+06
   1.8823020e+06
   1.8829965e+06
   1.8833631e+06
   1.8838005e+06
   1.8844129e+06
   1.8853958e+06
   1.8859255e+06
   1.8862863e+06
   1.8876422e+06
   1.8880360e+06
   1.8888942e+06
   1.8893296e+06
   1.8902094e+06
   1.8907180e+06
   1.8913289e+06
   1.8922540e+06
   1.8934949e+06
   1.8940203e+06
   1.8946331e+06
   1.8951274e+06
   1.8957139e+06
   1.8983865e+06
   1.8988535e+06
   1.8995528e+06
   1.8376763e+06
   1.8382239e+06
   1.8386635e+06
   1.8393562e+06
   1.8605398e+06
   1.8609554e+06
   1.8640707e+06
   1.8647659e+06
   1.8658202e+06
   1.8662317e+06
   1.8668252e+06
   1.8672624e+06
   1.8677315e+06
   1.8685265e+06
   1.8689446e+06
   1.8702398e+06
   1.8705838e+06
   1.8711193e+06
   1.8717929e+06
   1.8725478e+06
   1.8729742e+06
   1.8735226e+06
   1.8741210e+06
   1.8744385e+06
   1.8750353e+06
   1.8763075e+06
   1.8766699e+06
   1.8770360e+06
   1.8775413e+06
   1.8780457e+06
   1.8785519e+06
   1.8808540e+06
   1.8818601e+06
   1.8826243e+06
   1.8831007e+06
   1.8834758e+06
   1.8839210e+06
   1.8847424e+06
   1.8852931e+06
   1.8857855e+06
   1.8864510e+06
   1.8871751e+06
   1.8875430e+06
   1.8879769e+06
   1.8894303e+06
   1.8900108e+06
   1.8913229e+06
   1.8922356e+06
   1.8928438e+06
   1.8944812e+06
   1.8954863e+06
   1.8960797e+06
   1.8965892e+06
   1.8973614e+06
   1.8980533e+06
   1.8985445e+06
   1.8999216e+06
