   6.6726524e+02
   1.8851341e+03
   2.3769018e+03
   3.1877937e+03
   3.9600556e+03
   4.7903668e+03
   6.4690364e+03
   6.9320948e+03
   7.8469548e+03
   8.5588868e+03
   9.0954193e+03
   1.2288127e+04
   1.2893480e+04
   1.3596250e+04
   1.4133796e+04
   1.5203740e+04
   1.5880410e+04
   1.6430739e+04
   1.7178986e+04
   1.8306161e+04
   1.8730955e+04
   1.9413386e+04
   1.9903648e+04
   2.0585641e+04
   2.1347898e+04
   2.1763623e+04
   2.2818556e+04
   2.3573116e+04
   2.3984702e+04
   2.4332893e+04
   2.4790074e+04
   2.5454437e+04
   2.6119702e+04
   2.6828371e+04
   2.7430098e+04
   2.8757852e+04
   2.9202218e+04
   2.9931564e+04
   3.0693856e+04
   3.1404854e+04
   3.2172172e+04
   3.2832082e+04
   3.3625779e+04
   3.4709366e+04
   3.5511751e+04
   3.5923543e+04
   3.6492150e+04
   3.8646199e+04
   3.9501559e+04
   4.0545904e+04
   4.1273980e+04
   4.1888282e+04
   4.3074216e+04
   4.3546889e+04
   4.4759409e+04
   4.5262994e+04
   4.5638984e+04
   4.5993588e+04
   4.6412232e+04
   4.6950295e+04
   4.7426756e+04
   4.8551057e+04
   4.9240524e+04
   5.0434448e+04
   5.0803248e+04
   5.1309666e+04
   5.1612844e+04
   5.2224851e+04
   5.2769133e+04
   5.3677673e+04
   5.4405451e+04
   5.5769138e+04
   5.7222451e+04
   5.8085438e+04
   5.9588105e+04
   1.0064804e+05
   1.0147942e+05
   1.0208158e+05
   1.0269567e+05
   1.0337339e+05
   1.0473570e+05
   1.0539754e+05
   1.0592423e+05
   1.0664509e+05
   1.0800921e+05
   1.0840324e+05
   1.0880896e+05
   1.0936679e+05
   1.1031012e+05
   1.1059780e+05
   1.1097710e+05
   1.1169995e+05
   1.1210391e+05
   1.1282088e+05
   1.1356737e+05
   1.1476548e+05
   1.1537135e+05
   1.1602061e+05
   1.1660807e+05
   1.1746094e+05
   1.1795169e+05
   1.1859694e+05
   1.1893660e+05
   1.6035182e+05
   1.6073091e+05
   1.6167352e+05
   1.6207598e+05
   1.6269041e+05
   1.6397523e+05
   1.6437250e+05
   1.6534507e+05
   1.6591469e+05
   1.6661393e+05
   1.6743825e+05
   1.6887607e+05
   1.6937703e+05
   1.6984731e+05
   1.7081357e+05
   1.7142669e+05
   1.7192019e+05
   1.7227794e+05
   1.7334225e+05
   1.7380280e+05
   1.7461353e+05
   1.7496731e+05
   1.7594201e+05
   1.7683938e+05
   1.7807259e+05
   1.7867500e+05
   1.7905250e+05
   1.7969482e+05
   2.2260356e+05
   2.2289309e+05
   2.2379844e+05
   2.2442436e+05
   2.2486656e+05
   2.2593227e+05
   2.2668195e+05
   2.2746836e+05
   2.2801386e+05
   2.2870021e+05
   2.2926519e+05
   2.2986203e+05
   2.3030292e+05
   2.3081644e+05
   2.3150669e+05
   2.3192810e+05
   2.3288782e+05
   2.3384707e+05
   2.3491991e+05
   2.3552098e+05
   2.8049675e+05
   2.8101703e+05
   2.8134905e+05
   2.8191449e+05
   2.8243474e+05
   2.8294795e+05
   2.8356489e+05
   2.8418778e+05
   2.8468944e+05
   2.8517004e+05
   2.8558154e+05
   2.8590759e+05
   2.8638154e+05
   2.8676549e+05
   2.8811975e+05
   2.8896991e+05
   2.8969556e+05
   2.9036219e+05
   2.9089742e+05
   2.9214213e+05
   2.9259974e+05
   2.9331917e+05
   2.9384505e+05
   2.9430288e+05
   2.9491964e+05
   2.9546791e+05
   2.9585509e+05
   2.9641414e+05
   2.9720418e+05
   2.9854886e+05
   2.9925262e+05
   3.4056199e+05
   3.4179606e+05
   3.4229479e+05
   3.4324645e+05
   3.4372526e+05
   3.4485708e+05
   3.4530700e+05
   3.4589654e+05
   3.4673899e+05
   3.4769826e+05
   3.4864779e+05
   3.4913492e+05
   3.4965229e+05
   3.5004904e+05
   3.5193311e+05
   3.5254821e+05
   3.5522283e+05
   3.5594867e+05
   3.5645134e+05
   3.5684633e+05
   3.5729569e+05
   3.5787968e+05
   3.5825524e+05
   3.5863650e+05
   3.5896570e+05
   3.5998915e+05
   4.0075347e+05
   4.0123368e+05
   4.0177640e+05
   4.0229599e+05
   4.0271337e+05
   4.0325406e+05
   4.0377673e+05
   4.0415729e+05
   4.0511296e+05
   4.0568584e+05
   4.0631830e+05
   4.0683734e+05
   4.0787802e+05
   4.0858555e+05
   4.0902916e+05
   4.0964781e+05
   4.1017976e+05
   4.1061045e+05
   4.1144182e+05
   4.1208387e+05
   4.1253099e+05
   4.1297069e+05
   4.1333567e+05
   4.1399911e+05
   4.1454856e+05
   4.1519047e+05
   4.1590447e+05
   4.1699766e+05
   4.1744983e+05
   4.1793866e+05
   4.1880304e+05
   4.1928008e+05
   4.1965192e+05
   4.6060896e+05
   4.6099373e+05
   4.6193992e+05
   4.6252817e+05
   4.6283477e+05
   4.6324112e+05
   4.6362588e+05
   4.6426209e+05
   4.6474411e+05
   4.6745913e+05
   4.6863037e+05
   4.6954829e+05
   4.7007751e+05
   4.7056417e+05
   4.7126839e+05
   4.7169552e+05
   4.7208663e+05
   4.7288522e+05
   4.7349829e+05
   4.7480080e+05
   4.7527735e+05
   4.7670478e+05
   4.7921776e+05
   4.7979097e+05
   5.2051499e+05
   5.2085948e+05
   5.2121253e+05
   5.2185286e+05
   5.2243537e+05
   5.2289484e+05
   5.2323405e+05
   5.2381323e+05
   5.2424708e+05
   5.2485372e+05
   5.2537626e+05
   5.2599020e+05
   5.2655390e+05
   5.2781857e+05
   5.2851706e+05
   5.2893995e+05
   5.2988530e+05
   5.3028116e+05
   5.3080829e+05
   5.3230978e+05
   5.3325858e+05
   5.3456348e+05
   5.3534658e+05
   5.3584742e+05
   5.3646534e+05
   5.3678385e+05
   5.3763960e+05
   5.3814623e+05
   5.3855290e+05
   5.3898549e+05
   5.3967981e+05
   5.3998537e+05
   5.8080612e+05
   5.8125047e+05
   5.8191437e+05
   5.8239756e+05
   5.8311335e+05
   5.8365431e+05
   5.8412636e+05
   5.8466302e+05
   5.8566475e+05
   5.8613008e+05
   5.8749064e+05
   5.8847309e+05
   5.8981948e+05
   5.9044161e+05
   5.9089488e+05
   5.9156047e+05
   5.9199326e+05
   5.9248829e+05
   5.9300037e+05
   5.9355256e+05
   5.9438690e+05
   5.9515397e+05
   5.9549836e+05
   5.9600099e+05
   5.9651449e+05
   5.9686832e+05
   5.9761727e+05
   5.9817422e+05
   5.9861516e+05
   5.9918721e+05
   5.9974343e+05
   6.0066482e+05
   6.0125423e+05
   6.0198861e+05
   6.0264486e+05
   6.0341481e+05
   6.0454063e+05
   6.0529116e+05
   6.0607989e+05
   6.0672261e+05
   6.0756711e+05
   6.1020615e+05
   6.1075439e+05
   6.1149268e+05
   6.1205200e+05
   6.1244216e+05
   6.1298519e+05
   6.1413833e+05
   6.1490645e+05
   6.1529902e+05
   6.1587286e+05
   6.1653148e+05
   6.1773408e+05
   6.1825977e+05
   6.1929285e+05
   6.1975211e+05
   6.2020143e+05
   6.2126766e+05
   6.2497303e+05
   6.2535675e+05
   6.2638179e+05
   6.2809563e+05
   6.2878077e+05
   6.2920198e+05
   6.2964138e+05
   6.3043208e+05
   6.3310772e+05
   6.3416881e+05
   6.3484109e+05
   6.3534698e+05
   6.3580794e+05
   6.3632864e+05
   6.3675453e+05
   6.3756117e+05
   6.3792251e+05
   6.3851535e+05
   6.3915393e+05
   6.3985203e+05
   6.4046976e+05
   6.4094272e+05
   6.4199915e+05
   6.4344601e+05
   6.4413278e+05
   6.4466620e+05
   6.4522641e+05
   6.4619834e+05
   6.4720477e+05
   6.4818909e+05
   6.4863026e+05
   6.4901778e+05
   6.4954182e+05
   6.5003921e+05
   6.5063608e+05
   6.5141955e+05
   6.5225995e+05
   6.5614604e+05
   6.5668940e+05
   6.5748189e+05
   6.5898849e+05
   6.5947537e+05
   6.6088880e+05
   6.6142732e+05
   6.6235661e+05
   6.6299100e+05
   6.6383545e+05
   6.6531314e+05
   6.6623255e+05
   6.6677158e+05
   6.6754151e+05
   6.6802895e+05
   6.6896472e+05
   6.6968019e+05
   6.7021297e+05
   6.7069122e+05
   6.7148380e+05
   6.7225277e+05
   6.7259690e+05
   6.7328899e+05
   6.7402536e+05
   6.7450535e+05
   6.7560850e+05
   6.7653139e+05
   6.7757496e+05
   6.7853169e+05
   6.9946648e+05
   7.0113799e+05
   7.0190159e+05
   7.0269810e+05
   7.0451891e+05
   7.0496575e+05
   7.0590612e+05
   7.0644297e+05
   7.0730771e+05
   7.0794543e+05
   7.0870696e+05
   7.0986447e+05
   7.1027237e+05
   7.1083949e+05
   7.1206146e+05
   7.1283332e+05
   7.1394099e+05
   7.1441521e+05
   7.1549556e+05
   7.1617999e+05
   7.1704254e+05
   7.1758661e+05
   7.1846410e+05
   7.1933486e+05
   7.2077145e+05
   7.2122335e+05
   7.2264676e+05
   7.2303374e+05
   7.2348456e+05
   7.2415491e+05
   7.2487037e+05
   7.2533575e+05
   7.2572513e+05
   7.2625668e+05
   7.2672331e+05
   7.2713194e+05
   7.2772597e+05
   7.2853698e+05
   7.2967638e+05
   7.3006307e+05
   7.3064086e+05
   7.3134818e+05
   7.3201769e+05
   7.3267246e+05
   7.3305441e+05
   7.3426535e+05
   7.3509431e+05
   7.3605966e+05
   7.3656194e+05
   7.3700799e+05
   7.3787896e+05
   7.3854591e+05
   7.4008911e+05
   7.4052047e+05
   7.4098864e+05
   7.4148578e+05
   7.4196164e+05
   7.4275173e+05
   7.4350404e+05
   7.4392596e+05
   7.4444230e+05
   7.4501346e+05
   7.4560128e+05
   7.4602598e+05
   7.4660670e+05
   7.4712598e+05
   7.4772739e+05
   7.4853568e+05
   7.4981436e+05
   7.5027271e+05
   7.5082232e+05
   7.5127629e+05
   7.5166712e+05
   7.5249625e+05
   7.5302304e+05
   7.5352800e+05
   7.5407753e+05
   7.5559632e+05
   7.5614846e+05
   7.5714638e+05
   7.5765219e+05
   7.5875538e+05
   7.5930767e+05
   7.6124427e+05
   7.6188368e+05
   7.6221233e+05
   7.6260185e+05
   7.6366624e+05
   7.6469240e+05
   7.6528055e+05
   7.6584188e+05
   7.6686006e+05
   7.6763734e+05
   7.6838207e+05
   7.6877305e+05
   7.6922902e+05
   7.6987366e+05
   7.7054202e+05
   7.7102054e+05
   7.7144106e+05
   7.7198848e+05
   7.7228502e+05
   7.7269877e+05
   7.7312633e+05
   7.7351388e+05
   7.7397357e+05
   7.7446321e+05
   7.7495382e+05
   7.7542253e+05
   7.7590572e+05
   7.7630407e+05
   7.7702882e+05
   7.7741956e+05
   7.7783313e+05
   7.7830063e+05
   7.7895956e+05
   7.7943171e+05
   8.2063019e+05
   8.2353024e+05
   8.2399547e+05
   8.2645559e+05
   8.2745886e+05
   8.2803625e+05
   8.2881447e+05
   8.3016415e+05
   8.3135437e+05
   8.3185171e+05
   8.3225563e+05
   8.3272970e+05
   8.3381963e+05
   8.3451161e+05
   8.3490834e+05
   8.3537805e+05
   8.3619779e+05
   8.3684161e+05
   8.3726912e+05
   8.3833477e+05
   8.3876636e+05
   8.3971586e+05
   8.8032935e+05
   8.8097007e+05
   8.8148130e+05
   8.8193039e+05
   8.8229619e+05
   8.8290505e+05
   8.8365894e+05
   8.8403732e+05
   8.8446772e+05
   8.8477714e+05
   8.8519493e+05
   8.8568725e+05
   8.8646249e+05
   8.8690796e+05
   8.8752429e+05
   8.8796386e+05
   8.8854833e+05
   8.8932153e+05
   8.8985456e+05
   8.9039898e+05
   8.9093029e+05
   8.9166159e+05
   8.9203894e+05
   8.9242687e+05
   8.9302645e+05
   8.9345127e+05
   8.9393513e+05
   8.9469076e+05
   8.9537350e+05
   8.9606311e+05
   8.9664499e+05
   8.9709457e+05
   8.9750942e+05
   8.9803266e+05
   8.9847443e+05
   8.9879310e+05
   9.4043797e+05
   9.4093165e+05
   9.4137399e+05
   9.4480673e+05
   9.4523496e+05
   9.4783184e+05
   9.4814643e+05
   9.4894839e+05
   9.4944956e+05
   9.4988016e+05
   9.5031960e+05
   9.5083216e+05
   9.5220582e+05
   9.5271999e+05
   9.5350100e+05
   9.5397864e+05
   9.5453159e+05
   9.5493999e+05
   9.5539744e+05
   9.5599894e+05
   9.5646758e+05
   9.5694556e+05
   9.5743656e+05
   9.5818766e+05
   9.5987200e+05
   1.0005870e+06
   1.0011435e+06
   1.0021680e+06
   1.0027542e+06
   1.0034374e+06
   1.0040068e+06
   1.0047709e+06
   1.0056867e+06
   1.0061642e+06
   1.0077026e+06
   1.0082947e+06
   1.0089966e+06
   1.0095140e+06
   1.0100224e+06
   1.0104895e+06
   1.0109447e+06
   1.0114085e+06
   1.0119046e+06
   1.0123615e+06
   1.0132664e+06
   1.0136439e+06
   1.0139939e+06
   1.0145521e+06
   1.0150299e+06
   1.0155343e+06
   1.0159697e+06
   1.0165668e+06
   1.0169549e+06
   1.0182072e+06
   1.0186563e+06
   1.0608201e+06
   1.0612671e+06
   1.0620972e+06
   1.0626454e+06
   1.0635787e+06
   1.0640489e+06
   1.0649912e+06
   1.0661284e+06
   1.0668618e+06
   1.0674875e+06
   1.0680631e+06
   1.0687688e+06
   1.0702522e+06
   1.0707148e+06
   1.0716854e+06
   1.0731377e+06
   1.0744761e+06
   1.0750327e+06
   1.0757716e+06
   1.0762276e+06
   1.0765932e+06
   1.0770586e+06
   1.0773814e+06
   1.0778194e+06
   1.0782444e+06
   1.0788126e+06
   1.0793263e+06
   1.0798982e+06
   1.1211342e+06
   1.1215247e+06
   1.1222174e+06
   1.1226670e+06
   1.1232487e+06
   1.1236463e+06
   1.1274466e+06
   1.1280534e+06
   1.1289488e+06
   1.1297821e+06
   1.1309186e+06
   1.1313311e+06
   1.1319112e+06
   1.1325598e+06
   1.1331868e+06
   1.1344884e+06
   1.1350281e+06
   1.1355264e+06
   1.1361819e+06
   1.1367438e+06
   1.1376107e+06
   1.1381487e+06
   1.1388421e+06
   1.1395620e+06
   1.1804381e+06
   1.1808243e+06
   1.1817981e+06
   1.1822076e+06
   1.1825992e+06
   1.1833162e+06
   1.1836967e+06
   1.1845483e+06
   1.1850521e+06
   1.1860727e+06
   1.1865745e+06
   1.1869527e+06
   1.1875015e+06
   1.1880143e+06
   1.1887666e+06
   1.1893864e+06
   1.1898608e+06
   1.1902524e+06
   1.1908252e+06
   1.1913989e+06
   1.1917909e+06
   1.1923332e+06
   1.1948286e+06
   1.1952262e+06
   1.1957769e+06
   1.1962757e+06
   1.1994471e+06
   1.2406635e+06
   1.2410627e+06
   1.2414983e+06
   1.2419287e+06
   1.2425280e+06
   1.2434295e+06
   1.2450087e+06
   1.2458548e+06
   1.2465019e+06
   1.2469392e+06
   1.2474086e+06
   1.2477354e+06
   1.2484133e+06
   1.2499640e+06
   1.2504311e+06
   1.2508970e+06
   1.2514323e+06
   1.2519533e+06
   1.2527945e+06
   1.2551861e+06
   1.2559100e+06
   1.2565939e+06
   1.2571507e+06
   1.2579900e+06
   1.2586114e+06
   1.3004206e+06
   1.3008385e+06
   1.3017181e+06
   1.3024362e+06
   1.3029263e+06
   1.3035864e+06
   1.3040478e+06
   1.3050675e+06
   1.3055694e+06
   1.3064756e+06
   1.3075574e+06
   1.3084369e+06
   1.3090436e+06
   1.3094884e+06
   1.3099761e+06
   1.3108775e+06
   1.3118628e+06
   1.3125985e+06
   1.3134882e+06
   1.3144260e+06
   1.3148857e+06
   1.3155932e+06
   1.3161732e+06
   1.3166890e+06
   1.3171468e+06
   1.3176695e+06
   1.3181713e+06
   1.3190081e+06
   1.3197198e+06
   1.3603824e+06
   1.3608858e+06
   1.3614048e+06
   1.3621811e+06
   1.3631570e+06
   1.3639144e+06
   1.3645314e+06
   1.3649555e+06
   1.3655870e+06
   1.3662120e+06
   1.3666323e+06
   1.3676065e+06
   1.3681019e+06
   1.3686170e+06
   1.3699734e+06
   1.3705388e+06
   1.3710083e+06
   1.3717079e+06
   1.3722154e+06
   1.3730103e+06
   1.3734725e+06
   1.3739041e+06
   1.3748158e+06
   1.3752670e+06
   1.3758680e+06
   1.3763390e+06
   1.3771030e+06
   1.3776727e+06
   1.3780022e+06
   1.3784239e+06
   1.3788885e+06
   1.3795804e+06
   1.4203360e+06
   1.4209701e+06
   1.4219309e+06
   1.4224169e+06
   1.4231793e+06
   1.4241045e+06
   1.4247224e+06
   1.4251440e+06
   1.4256593e+06
   1.4261084e+06
   1.4280257e+06
   1.4287890e+06
   1.4293469e+06
   1.4305849e+06
   1.4311085e+06
   1.4320466e+06
   1.4326155e+06
   1.4330512e+06
   1.4335248e+06
   1.4347524e+06
   1.4351618e+06
   1.4357397e+06
   1.4360967e+06
   1.4366417e+06
   1.4376068e+06
   1.4381354e+06
   1.4387135e+06
   1.4393642e+06
   1.4398777e+06
   1.4813833e+06
   1.4827367e+06
   1.4833227e+06
   1.4848658e+06
   1.4856544e+06
   1.4864808e+06
   1.4874365e+06
   1.4878723e+06
   1.4883269e+06
   1.4890239e+06
   1.4895139e+06
   1.4899705e+06
   1.4905163e+06
   1.4910800e+06
   1.4914274e+06
   1.4922947e+06
   1.4929700e+06
   1.4934171e+06
   1.4938708e+06
   1.4948806e+06
   1.4958584e+06
   1.4966235e+06
   1.4973692e+06
   1.4978913e+06
   1.4989460e+06
   1.4996091e+06
   1.5405893e+06
   1.5419528e+06
   1.5427514e+06
   1.5432366e+06
   1.5436409e+06
   1.5440902e+06
   1.5444550e+06
   1.5480533e+06
   1.5486666e+06
   1.5489267e+06
   1.5494168e+06
   1.5498201e+06
   1.5505103e+06
   1.5510221e+06
   1.5514956e+06
   1.5521464e+06
   1.5543854e+06
   1.5548306e+06
   1.5552077e+06
   1.5556643e+06
   1.5563163e+06
   1.5568224e+06
   1.5572993e+06
   1.5577282e+06
   1.5580664e+06
   1.5584965e+06
   1.5589928e+06
   1.5597350e+06
   1.6004719e+06
   1.6009299e+06
   1.6013737e+06
   1.6019248e+06
   1.6024136e+06
   1.6031966e+06
   1.6035753e+06
   1.6039356e+06
   1.6045053e+06
   1.6050680e+06
   1.6054607e+06
   1.6062728e+06
   1.6068858e+06
   1.6074270e+06
   1.6081093e+06
   1.6087581e+06
   1.6096413e+06
   1.6101625e+06
   1.6105845e+06
   1.6111105e+06
   1.6116630e+06
   1.6120280e+06
   1.6124464e+06
   1.6128918e+06
   1.6134220e+06
   1.6137651e+06
   1.6144819e+06
   1.6148849e+06
   1.6152201e+06
   1.6156369e+06
   1.6165427e+06
   1.6171467e+06
   1.6179596e+06
   1.6183671e+06
   1.6190757e+06
   1.6195588e+06
   1.6609828e+06
   1.6616023e+06
   1.6622085e+06
   1.6627147e+06
   1.6636500e+06
   1.6642282e+06
   1.6652640e+06
   1.6660206e+06
   1.6669915e+06
   1.6677329e+06
   1.6686812e+06
   1.6698798e+06
   1.6703065e+06
   1.6708013e+06
   1.6712379e+06
   1.6717134e+06
   1.6721139e+06
   1.6726012e+06
   1.6729242e+06
   1.6736719e+06
   1.6744559e+06
   1.6750419e+06
   1.6754039e+06
   1.6764862e+06
   1.6770948e+06
   1.6775339e+06
   1.6788723e+06
   1.7206673e+06
   1.7211449e+06
   1.7220398e+06
   1.7235371e+06
   1.7242565e+06
   1.7247591e+06
   1.7252855e+06
   1.7268189e+06
   1.7274119e+06
   1.7278206e+06
   1.7281521e+06
   1.7287792e+06
   1.7293104e+06
   1.7298802e+06
   1.7302867e+06
   1.7308274e+06
   1.7313133e+06
   1.7317646e+06
   1.7324525e+06
   1.7346069e+06
   1.7350468e+06
   1.7356550e+06
   1.7362213e+06
   1.7369850e+06
   1.7373902e+06
   1.7379108e+06
   1.7382819e+06
   1.7387390e+06
   1.7395677e+06
   1.7807694e+06
   1.7813308e+06
   1.7818019e+06
   1.7823710e+06
   1.7829109e+06
   1.7836367e+06
   1.7841144e+06
   1.7855734e+06
   1.7861263e+06
   1.7867944e+06
   1.7877500e+06
   1.7883706e+06
   1.7887566e+06
   1.7896697e+06
   1.7900310e+06
   1.7905179e+06
   1.7910167e+06
   1.7914600e+06
   1.7925146e+06
   1.7930127e+06
   1.7933152e+06
   1.7938929e+06
   1.7944291e+06
   1.7954186e+06
   1.7958699e+06
   1.7966099e+06
   1.7970179e+06
   1.7974916e+06
   1.7979073e+06
   1.7984331e+06
   1.7992117e+06
   1.7995191e+06
   1.8404197e+06
   1.8410481e+06
   1.8421606e+06
   1.8427417e+06
   1.8431150e+06
   1.8436967e+06
   1.8444520e+06
   1.8450637e+06
   1.8458563e+06
   1.8462595e+06
   1.8473663e+06
   1.8477344e+06
   1.8482865e+06
   1.8487091e+06
   1.8491133e+06
   1.8496903e+06
   1.8504304e+06
   1.8513480e+06
   1.8525930e+06
   1.8550379e+06
   1.8557730e+06
   1.8566272e+06
   1.8573916e+06
   1.8579570e+06
   1.8585567e+06
   1.8591025e+06
   1.8596698e+06
   1.9005302e+06
   1.9010529e+06
   1.9016623e+06
   1.9023329e+06
   1.9029901e+06
   1.9035008e+06
   1.9043343e+06
   1.9050551e+06
   1.9063870e+06
   1.9068765e+06
   1.9093912e+06
   1.9100063e+06
   1.9108024e+06
   1.9115608e+06
   1.9120696e+06
   1.9128954e+06
   1.9146381e+06
   1.9150436e+06
   1.9155272e+06
   1.9160842e+06
   1.9172081e+06
   1.9186899e+06
   1.9192023e+06
   1.9196728e+06
   6.0484931e+04
   6.1422803e+04
   6.2408617e+04
   6.3655416e+04
   6.4822268e+04
   6.5414630e+04
   6.6514383e+04
   6.7036407e+04
   6.7773524e+04
   6.8219961e+04
   6.8844468e+04
   6.9365160e+04
   6.9949702e+04
   7.0519955e+04
   7.1444421e+04
   7.2261585e+04
   7.3054518e+04
   7.4471793e+04
   7.5205581e+04
   7.5637566e+04
   7.6003622e+04
   7.6531361e+04
   7.7258071e+04
   7.7846242e+04
   7.8279551e+04
   7.9309178e+04
   7.9856390e+04
   8.0565781e+04
   8.1779715e+04
   8.2237193e+04
   8.2722945e+04
   8.3419823e+04
   8.4023032e+04
   8.5328990e+04
   8.6153683e+04
   8.7356744e+04
   8.7955550e+04
   8.9061877e+04
   8.9686524e+04
   9.0499888e+04
   9.1487990e+04
   9.2182096e+04
   9.2762242e+04
   9.3358356e+04
   9.3915373e+04
   9.4446977e+04
   9.5116500e+04
   9.5655478e+04
   9.6124752e+04
   9.6868657e+04
   9.7604572e+04
   9.8160233e+04
   9.9086692e+04
   9.9695851e+04
   1.2052176e+05
   1.2154548e+05
   1.2273318e+05
   1.2367151e+05
   1.2453966e+05
   1.2499569e+05
   1.2632522e+05
   1.2692216e+05
   1.2731431e+05
   1.2783708e+05
   1.2877304e+05
   1.8041568e+05
   1.8084944e+05
   1.8437614e+05
   1.8509581e+05
   1.8584610e+05
   1.8666034e+05
   1.8732493e+05
   1.8776144e+05
   1.8821699e+05
   1.8870205e+05
   1.9102066e+05
   1.9157871e+05
   1.9230653e+05
   1.9329482e+05
   1.9433806e+05
   1.9484718e+05
   1.9562395e+05
   1.9669693e+05
   1.9713096e+05
   1.9802538e+05
   2.0083817e+05
   2.0213098e+05
   2.0298271e+05
   2.0364034e+05
   2.0421189e+05
   2.0480714e+05
   2.0517927e+05
   2.0745511e+05
   2.0897414e+05
   2.4167365e+05
   2.4247323e+05
   2.4334579e+05
   2.4506869e+05
   2.4555293e+05
   2.4613396e+05
   2.4779112e+05
   2.4826735e+05
   2.4918595e+05
   2.5670291e+05
   2.5714580e+05
   2.5784843e+05
   2.5828713e+05
   2.5923712e+05
   2.6002310e+05
   2.6064606e+05
   2.6147348e+05
   2.6241749e+05
   2.6494704e+05
   2.6565783e+05
   2.6613232e+05
   2.6850056e+05
   2.6965195e+05
   2.7004570e+05
   2.7125057e+05
   2.7201092e+05
   2.7270558e+05
   2.7358864e+05
   2.7494176e+05
   2.7554575e+05
   2.7761953e+05
   2.7816485e+05
   2.7863146e+05
   2.7922098e+05
   3.0066232e+05
   3.0120466e+05
   3.0199781e+05
   3.0260151e+05
   3.0304549e+05
   3.0373924e+05
   3.0442938e+05
   3.0482092e+05
   3.0538162e+05
   3.0621866e+05
   3.0775993e+05
   3.0827271e+05
   3.0917762e+05
   3.1046048e+05
   3.1086474e+05
   3.1163741e+05
   3.1224917e+05
   3.1279870e+05
   3.1382042e+05
   3.1468336e+05
   3.1595762e+05
   3.1638274e+05
   3.1707237e+05
   3.1834569e+05
   3.1941061e+05
   3.2027981e+05
   3.2104422e+05
   3.2148811e+05
   3.2222021e+05
   3.2271718e+05
   3.2320431e+05
   3.2415337e+05
   3.2481465e+05
   3.2549208e+05
   3.2623104e+05
   3.2747003e+05
   3.2943463e+05
   3.3014966e+05
   3.3052878e+05
   3.3119592e+05
   3.3185334e+05
   3.3234507e+05
   3.3273741e+05
   3.3329303e+05
   3.3594302e+05
   3.3634809e+05
   3.3708102e+05
   3.3822844e+05
   3.3907178e+05
   3.3944607e+05
   3.6118351e+05
   3.6191424e+05
   3.6244964e+05
   3.6300623e+05
   3.6401988e+05
   3.8903845e+05
   3.8956187e+05
   3.9037784e+05
   3.9226493e+05
   3.9271433e+05
   3.9345473e+05
   3.9385041e+05
   3.9439128e+05
   3.9504489e+05
   3.9556868e+05
   3.9693293e+05
   3.9751754e+05
   3.9807952e+05
   3.9875076e+05
   3.9919102e+05
   4.2058117e+05
   4.2096483e+05
   4.2180002e+05
   4.2213218e+05
   4.2273615e+05
   4.2331404e+05
   4.2415984e+05
   4.2492980e+05
   4.2528769e+05
   4.2569054e+05
   4.2617197e+05
   4.2672834e+05
   4.2705814e+05
   4.2770742e+05
   4.2811980e+05
   4.2927291e+05
   4.3019463e+05
   4.3098532e+05
   4.3161827e+05
   4.3669143e+05
   4.3726658e+05
   4.3806728e+05
   4.3853246e+05
   4.3931922e+05
   4.3990369e+05
   4.4080738e+05
   4.4149653e+05
   4.4192691e+05
   4.4264612e+05
   4.4374218e+05
   4.4484371e+05
   4.4535804e+05
   4.4585937e+05
   4.4628684e+05
   4.4680092e+05
   4.4750163e+05
   4.4810648e+05
   4.4875365e+05
   4.4958240e+05
   4.5027971e+05
   4.5086727e+05
   4.5127660e+05
   4.5214717e+05
   4.5299520e+05
   4.5353633e+05
   4.5398462e+05
   4.5450352e+05
   4.5516390e+05
   4.5563596e+05
   4.5659443e+05
   4.5795631e+05
   4.5849268e+05
   4.5915467e+05
   4.5972651e+05
   4.8133341e+05
   4.8187420e+05
   4.8257793e+05
   4.8328145e+05
   4.8381446e+05
   4.8426672e+05
   4.8499508e+05
   4.8641019e+05
   4.8731725e+05
   4.8813812e+05
   4.8900533e+05
   4.8956463e+05
   4.9019603e+05
   4.9113732e+05
   4.9197659e+05
   4.9253964e+05
   4.9312926e+05
   4.9375921e+05
   4.9417927e+05
   4.9451750e+05
   4.9569769e+05
   4.9622705e+05
   4.9704984e+05
   4.9736420e+05
   4.9804126e+05
   4.9877697e+05
   4.9930355e+05
   4.9984170e+05
   5.0071061e+05
   5.0132083e+05
   5.0223469e+05
   5.0326182e+05
   5.0387140e+05
   5.0455564e+05
   5.0512240e+05
   5.0578990e+05
   5.1267394e+05
   5.1368349e+05
   5.1433740e+05
   5.1518466e+05
   5.1565040e+05
   5.1662878e+05
   5.1711871e+05
   5.1911817e+05
   5.1953562e+05
   5.4049342e+05
   5.4089447e+05
   5.4144778e+05
   5.4218522e+05
   5.4273705e+05
   5.4319411e+05
   5.4376458e+05
   5.4455675e+05
   5.4520049e+05
   5.4558558e+05
   5.4626128e+05
   5.4680758e+05
   5.4756096e+05
   5.4986701e+05
   5.5023170e+05
   5.5121085e+05
   5.5160990e+05
   5.5317325e+05
   5.5377099e+05
   5.5468897e+05
   5.5526222e+05
   5.5585546e+05
   5.5638237e+05
   5.5700758e+05
   5.5753729e+05
   5.5813833e+05
   5.5901444e+05
   5.5949169e+05
   5.6012764e+05
   5.6070669e+05
   5.7573629e+05
   5.7620724e+05
   5.7669431e+05
   5.7742934e+05
   5.7784053e+05
   5.7855282e+05
   5.7893451e+05
   5.7941610e+05
   7.8078974e+05
   7.8119097e+05
   7.8155464e+05
   7.8285530e+05
   7.8347367e+05
   7.8398105e+05
   7.8470318e+05
   7.8507609e+05
   7.8562417e+05
   7.8635166e+05
   7.8702366e+05
   7.8754259e+05
   7.8819300e+05
   7.8880919e+05
   7.8953735e+05
   7.9025543e+05
   7.9116397e+05
   7.9191110e+05
   7.9257358e+05
   7.9299823e+05
   7.9352255e+05
   7.9419647e+05
   7.9476503e+05
   7.9531818e+05
   7.9640496e+05
   7.9788292e+05
   7.9841010e+05
   7.9914519e+05
   7.9945292e+05
   8.0005873e+05
   8.0090432e+05
   8.0134892e+05
   8.0261558e+05
   8.0359770e+05
   8.0425184e+05
   8.0523545e+05
   8.0585809e+05
   8.0729792e+05
   8.0774897e+05
   8.0808416e+05
   8.0945449e+05
   8.1004538e+05
   8.1058200e+05
   8.1103444e+05
   8.1174815e+05
   8.1256132e+05
   8.1337702e+05
   8.1400341e+05
   8.1518167e+05
   8.1662571e+05
   8.1733161e+05
   8.4062010e+05
   8.4153475e+05
   8.4205698e+05
   8.4256442e+05
   8.4319607e+05
   8.4402065e+05
   8.4460934e+05
   8.4496593e+05
   8.4568117e+05
   8.4643783e+05
   8.4682806e+05
   8.4739620e+05
   8.4805464e+05
   8.4851281e+05
   8.4910029e+05
   8.4962292e+05
   8.5009771e+05
   8.5133241e+05
   8.5199730e+05
   8.5342588e+05
   8.5391683e+05
   8.5443744e+05
   8.5477480e+05
   8.5543747e+05
   8.5582564e+05
   8.5644311e+05
   8.5688116e+05
   8.5733222e+05
   8.5823117e+05
   8.5884861e+05
   8.5949073e+05
   8.6018140e+05
   8.6142158e+05
   8.6199385e+05
   8.6254880e+05
   8.6314207e+05
   8.6375582e+05
   8.6461107e+05
   8.6505400e+05
   8.6537991e+05
   8.6618709e+05
   8.6701319e+05
   8.6757957e+05
   8.6821917e+05
   8.6876546e+05
   8.6936293e+05
   8.6982983e+05
   8.7039276e+05
   8.7100566e+05
   8.7185506e+05
   8.7321259e+05
   8.7476740e+05
   8.7526776e+05
   8.7664453e+05
   8.7701299e+05
   8.7810424e+05
   8.7872506e+05
   8.7946390e+05
   9.0083216e+05
   9.0124060e+05
   9.0190265e+05
   9.0273967e+05
   9.0359306e+05
   9.0414205e+05
   9.0516444e+05
   9.0610383e+05
   9.0662228e+05
   9.0765631e+05
   9.0807519e+05
   9.0860485e+05
   9.0914647e+05
   9.0974326e+05
   9.1019517e+05
   9.1066625e+05
   9.1122598e+05
   9.1177223e+05
   9.1280662e+05
   9.1383026e+05
   9.1445921e+05
   9.1505199e+05
   9.1647665e+05
   9.1771908e+05
   9.1812736e+05
   9.1857935e+05
   9.1915067e+05
   9.1965803e+05
   9.1998242e+05
   9.2089379e+05
   9.2147695e+05
   9.2264432e+05
   9.2342205e+05
   9.2405723e+05
   9.2544218e+05
   9.2702526e+05
   9.2795288e+05
   9.2854319e+05
   9.2919356e+05
   9.2982844e+05
   9.3062645e+05
   9.3203778e+05
   9.3260752e+05
   9.3310769e+05
   9.3392124e+05
   9.3436029e+05
   9.3486349e+05
   9.3543637e+05
   9.3618550e+05
   9.3673511e+05
   9.3718527e+05
   9.3770009e+05
   9.3831611e+05
   9.3895623e+05
   9.3967216e+05
   9.6074737e+05
   9.6130037e+05
   9.6228137e+05
   9.6308510e+05
   9.6357521e+05
   9.6446396e+05
   9.6495437e+05
   9.6583913e+05
   9.6644169e+05
   9.6761609e+05
   9.6801753e+05
   9.7108865e+05
   9.7168068e+05
   9.7238627e+05
   9.7284019e+05
   9.7346025e+05
   9.7408072e+05
   9.7526312e+05
   9.7562112e+05
   9.7628414e+05
   9.7659223e+05
   9.7726893e+05
   9.7824407e+05
   9.7875228e+05
   9.7924188e+05
   9.7971592e+05
   9.8027441e+05
   9.8062132e+05
   9.8113539e+05
   9.8199643e+05
   9.8238825e+05
   9.8294369e+05
   9.8355336e+05
   9.8432631e+05
   9.8556439e+05
   9.8602681e+05
   9.8657436e+05
   9.8706947e+05
   9.8807358e+05
   9.8903133e+05
   9.8959029e+05
   9.9062516e+05
   9.9166269e+05
   9.9247526e+05
   9.9315758e+05
   9.9376290e+05
   9.9441408e+05
   9.9553549e+05
   9.9597912e+05
   9.9638630e+05
   9.9716449e+05
   9.9791369e+05
   9.9828966e+05
   9.9876667e+05
   9.9933248e+05
   1.0209131e+06
   1.0216409e+06
   1.0221479e+06
   1.0230332e+06
   1.0336438e+06
   1.0344057e+06
   1.0348387e+06
   1.0353149e+06
   1.0460507e+06
   1.0466240e+06
   1.0472933e+06
   1.0480515e+06
   1.0484609e+06
   1.0489474e+06
   1.0497135e+06
   1.0503176e+06
   1.0508747e+06
   1.0518177e+06
   1.0524329e+06
   1.0527979e+06
   1.0534461e+06
   1.0540677e+06
   1.0547323e+06
   1.0555369e+06
   1.0564812e+06
   1.0569984e+06
   1.0579324e+06
   1.0584051e+06
   1.0593081e+06
   1.0805407e+06
   1.0811933e+06
   1.0819049e+06
   1.0826034e+06
   1.0831459e+06
   1.0840316e+06
   1.0848805e+06
   1.0853870e+06
   1.0859509e+06
   1.0876581e+06
   1.0882405e+06
   1.0886796e+06
   1.0895922e+06
   1.0901554e+06
   1.0906962e+06
   1.0913249e+06
   1.0969327e+06
   1.0978131e+06
   1.0989502e+06
   1.0997278e+06
   1.1003230e+06
   1.1007881e+06
   1.1013069e+06
   1.1016906e+06
   1.1026035e+06
   1.1034268e+06
   1.1045260e+06
   1.1049971e+06
   1.1056194e+06
   1.1067242e+06
   1.1086375e+06
   1.1092716e+06
   1.1099843e+06
   1.1107833e+06
   1.1114419e+06
   1.1125107e+06
   1.1131710e+06
   1.1136729e+06
   1.1144853e+06
   1.1150122e+06
   1.1160119e+06
   1.1166791e+06
   1.1184891e+06
   1.1190649e+06
   1.1193987e+06
   1.1197868e+06
   1.1405957e+06
   1.1414478e+06
   1.1424951e+06
   1.1430894e+06
   1.1453086e+06
   1.1462912e+06
   1.1475048e+06
   1.1497144e+06
   1.1502176e+06
   1.1514830e+06
   1.1523251e+06
   1.1527802e+06
   1.1532383e+06
   1.1538071e+06
   1.1542587e+06
   1.1550644e+06
   1.1557620e+06
   1.1565895e+06
   1.1570612e+06
   1.1576586e+06
   1.1584956e+06
   1.1590433e+06
   1.1598684e+06
   1.1605400e+06
   1.1611492e+06
   1.1618235e+06
   1.1621646e+06
   1.1626148e+06
   1.1631767e+06
   1.1636519e+06
   1.1645104e+06
   1.1650834e+06
   1.1658647e+06
   1.1667436e+06
   1.1674179e+06
   1.1680521e+06
   1.1685256e+06
   1.1699836e+06
   1.1726928e+06
   1.1731841e+06
   1.1737063e+06
   1.1746059e+06
   1.1750277e+06
   1.1756725e+06
   1.1765187e+06
   1.1770998e+06
   1.1777006e+06
   1.1784417e+06
   1.1795158e+06
   1.1798651e+06
   1.2004698e+06
   1.2009765e+06
   1.2013876e+06
   1.2024218e+06
   1.2030919e+06
   1.2035696e+06
   1.2041887e+06
   1.2053616e+06
   1.2061028e+06
   1.2067077e+06
   1.2073779e+06
   1.2077091e+06
   1.2087462e+06
   1.2091150e+06
   1.2095720e+06
   1.2102385e+06
   1.2112774e+06
   1.2118496e+06
   1.2122981e+06
   1.2134364e+06
   1.2143657e+06
   1.2149556e+06
   1.2156261e+06
   1.2163990e+06
   1.2170228e+06
   1.2175258e+06
   1.2181643e+06
   1.2187117e+06
   1.2195246e+06
   1.2203112e+06
   1.2206875e+06
   1.2212307e+06
   1.2220646e+06
   1.2229212e+06
   1.2235659e+06
   1.2240843e+06
   1.2244697e+06
   1.2255438e+06
   1.2265804e+06
   1.2282961e+06
   1.2289685e+06
   1.2295699e+06
   1.2301676e+06
   1.2313056e+06
   1.2318265e+06
   1.2322270e+06
   1.2327697e+06
   1.2333793e+06
   1.2344537e+06
   1.2351369e+06
   1.2363910e+06
   1.2367972e+06
   1.2374277e+06
   1.2382755e+06
   1.2389742e+06
   1.2399839e+06
   1.2609937e+06
   1.2619018e+06
   1.2623432e+06
   1.2630639e+06
   1.2638722e+06
   1.2650591e+06
   1.2654080e+06
   1.2658907e+06
   1.2663079e+06
   1.2668822e+06
   1.2673431e+06
   1.2678397e+06
   1.2681841e+06
   1.2686422e+06
   1.2690913e+06
   1.2697859e+06
   1.2702438e+06
   1.2709361e+06
   1.2715802e+06
   1.2732624e+06
   1.2737463e+06
   1.2741339e+06
   1.2746907e+06
   1.2750650e+06
   1.2756471e+06
   1.2767022e+06
   1.2773700e+06
   1.2780050e+06
   1.2784783e+06
   1.2791639e+06
   1.2799577e+06
   1.2805466e+06
   1.2810646e+06
   1.2814445e+06
   1.2820361e+06
   1.2825174e+06
   1.2831080e+06
   1.2872922e+06
   1.2881771e+06
   1.2886906e+06
   1.2891663e+06
   1.2898388e+06
   1.2904463e+06
   1.2910863e+06
   1.2921334e+06
   1.2931694e+06
   1.2946557e+06
   1.2951133e+06
   1.2955912e+06
   1.2967067e+06
   1.2974124e+06
   1.2983895e+06
   1.2996440e+06
   1.3225230e+06
   1.3233575e+06
   1.3238431e+06
   1.3248812e+06
   1.3260359e+06
   1.3266444e+06
   1.3278721e+06
   1.3283088e+06
   1.3289069e+06
   1.3292649e+06
   1.3297453e+06
   1.3301846e+06
   1.3305607e+06
   1.3315634e+06
   1.3321843e+06
   1.3328955e+06
   1.3342161e+06
   1.3349704e+06
   1.3363678e+06
   1.3369287e+06
   1.3376738e+06
   1.3382977e+06
   1.3388763e+06
   1.3396581e+06
   1.3401186e+06
   1.3411706e+06
   1.3419085e+06
   1.3430687e+06
   1.3435799e+06
   1.3440820e+06
   1.3445585e+06
   1.3449673e+06
   1.3455527e+06
   1.3460975e+06
   1.3466594e+06
   1.3473641e+06
   1.3480920e+06
   1.3486386e+06
   1.3491062e+06
   1.3498750e+06
   1.3504566e+06
   1.3514140e+06
   1.3517835e+06
   1.3521938e+06
   1.3532429e+06
   1.3561474e+06
   1.3570663e+06
   1.3576956e+06
   1.3598446e+06
   1.3806445e+06
   1.3815765e+06
   1.3826113e+06
   1.3830941e+06
   1.3839847e+06
   1.3845401e+06
   1.3849984e+06
   1.3854635e+06
   1.3868606e+06
   1.3885421e+06
   1.3894860e+06
   1.3899780e+06
   1.3905070e+06
   1.3911173e+06
   1.3916785e+06
   1.3922214e+06
   1.3928289e+06
   1.3935134e+06
   1.3946146e+06
   1.3956569e+06
   1.3962986e+06
   1.3968301e+06
   1.3972790e+06
   1.3975913e+06
   1.3983255e+06
   1.3988587e+06
   1.3993420e+06
   1.3998270e+06
   1.4002928e+06
   1.4018442e+06
   1.4026139e+06
   1.4031138e+06
   1.4037718e+06
   1.4051869e+06
   1.4058567e+06
   1.4064687e+06
   1.4078136e+06
   1.4082513e+06
   1.4094895e+06
   1.4100458e+06
   1.4106147e+06
   1.4112778e+06
   1.4125128e+06
   1.4131284e+06
   1.4141757e+06
   1.4147065e+06
   1.4151890e+06
   1.4158181e+06
   1.4163899e+06
   1.4167449e+06
   1.4174484e+06
   1.4180276e+06
   1.4188848e+06
   1.4194668e+06
   1.4406221e+06
   1.4413747e+06
   1.4419191e+06
   1.4426010e+06
   1.4438276e+06
   1.4444157e+06
   1.4447630e+06
   1.4454108e+06
   1.4467738e+06
   1.4472238e+06
   1.4485896e+06
   1.4505387e+06
   1.4511189e+06
   1.4517698e+06
   1.4529696e+06
   1.4536082e+06
   1.4541754e+06
   1.4547414e+06
   1.4556763e+06
   1.4560777e+06
   1.4586826e+06
   1.4590176e+06
   1.4595614e+06
   1.4599711e+06
   1.4603412e+06
   1.4609195e+06
   1.4620115e+06
   1.4627135e+06
   1.4633172e+06
   1.4637949e+06
   1.4644579e+06
   1.4659077e+06
   1.4670075e+06
   1.4676902e+06
   1.4682137e+06
   1.4733318e+06
   1.4738524e+06
   1.4743775e+06
   1.4748491e+06
   1.4755856e+06
   1.4760643e+06
   1.4766312e+06
   1.4778133e+06
   1.4782546e+06
   1.4798467e+06
   1.5013945e+06
   1.5020862e+06
   1.5027786e+06
   1.5040930e+06
   1.5048222e+06
   1.5064797e+06
   1.5070804e+06
   1.5076321e+06
   1.5079657e+06
   1.5087011e+06
   1.5109588e+06
   1.5139014e+06
   1.5148761e+06
   1.5158334e+06
   1.5164000e+06
   1.5167400e+06
   1.5172686e+06
   1.5180829e+06
   1.5194237e+06
   1.5207295e+06
   1.5211879e+06
   1.5216301e+06
   1.5220736e+06
   1.5227286e+06
   1.5231873e+06
   1.5237247e+06
   1.5264008e+06
   1.5267993e+06
   1.5279684e+06
   1.5287011e+06
   1.5294339e+06
   1.5299402e+06
   1.5306474e+06
   1.5316752e+06
   1.5326340e+06
   1.5332085e+06
   1.5336488e+06
   1.5378762e+06
   1.5383264e+06
   1.5395329e+06
   1.5604535e+06
   1.5609775e+06
   1.5618043e+06
   1.5623874e+06
   1.5631064e+06
   1.5640380e+06
   1.5648155e+06
   1.5654468e+06
   1.5658680e+06
   1.5668096e+06
   1.5676213e+06
   1.5683958e+06
   1.5690139e+06
   1.5693783e+06
   1.5700500e+06
   1.5706186e+06
   1.5712383e+06
   1.5717702e+06
   1.5723979e+06
   1.5728834e+06
   1.5734135e+06
   1.5747889e+06
   1.5753774e+06
   1.5758863e+06
   1.5764963e+06
   1.5778854e+06
   1.5786663e+06
   1.5793545e+06
   1.5806072e+06
   1.5849867e+06
   1.5856447e+06
   1.5870038e+06
   1.5877228e+06
   1.5888719e+06
   1.5894762e+06
   1.5901382e+06
   1.5911237e+06
   1.5915476e+06
   1.5921956e+06
   1.5929624e+06
   1.5937974e+06
   1.5942028e+06
   1.5948651e+06
   1.5979479e+06
   1.5985727e+06
   1.5989570e+06
   1.5993721e+06
   1.6205533e+06
   1.6211426e+06
   1.6216122e+06
   1.6220202e+06
   1.6225515e+06
   1.6230833e+06
   1.6236275e+06
   1.6244750e+06
   1.6257472e+06
   1.6264788e+06
   1.6270342e+06
   1.6276346e+06
   1.6280731e+06
   1.6287241e+06
   1.6291912e+06
   1.6298946e+06
   1.6303894e+06
   1.6312243e+06
   1.6317136e+06
   1.6322312e+06
   1.6334489e+06
   1.6340377e+06
   1.6346761e+06
   1.6352112e+06
   1.6358185e+06
   1.6368306e+06
   1.6373635e+06
   1.6378142e+06
   1.6385670e+06
   1.6389037e+06
   1.6393502e+06
   1.6401135e+06
   1.6408666e+06
   1.6413842e+06
   1.6441185e+06
   1.6447000e+06
   1.6453856e+06
   1.6459989e+06
   1.6464375e+06
   1.6469173e+06
   1.6485579e+06
   1.6489689e+06
   1.6497072e+06
   1.6505960e+06
   1.6511923e+06
   1.6515645e+06
   1.6520969e+06
   1.6525816e+06
   1.6533148e+06
   1.6538637e+06
   1.6543017e+06
   1.6549277e+06
   1.6556895e+06
   1.6565225e+06
   1.6571197e+06
   1.6577809e+06
   1.6581871e+06
   1.6586523e+06
   1.6592758e+06
   1.6599034e+06
   1.6817055e+06
   1.6821045e+06
   1.6828742e+06
   1.6842761e+06
   1.6847661e+06
   1.6851880e+06
   1.6856076e+06
   1.6861572e+06
   1.6876850e+06
   1.6881386e+06
   1.6886691e+06
   1.6901377e+06
   1.6907691e+06
   1.6915099e+06
   1.6933251e+06
   1.6940737e+06
   1.6956448e+06
   1.6961650e+06
   1.6967904e+06
   1.6974370e+06
   1.6980629e+06
   1.6985597e+06
   1.6989716e+06
   1.7002594e+06
   1.7007398e+06
   1.7013926e+06
   1.7025579e+06
   1.7034057e+06
   1.7038495e+06
   1.7043233e+06
   1.7049913e+06
   1.7057097e+06
   1.7067741e+06
   1.7074735e+06
   1.7082401e+06
   1.7103847e+06
   1.7111668e+06
   1.7116073e+06
   1.7120400e+06
   1.7124963e+06
   1.7133608e+06
   1.7146447e+06
   1.7152263e+06
   1.7160529e+06
   1.7179000e+06
   1.7185345e+06
   1.7190926e+06
   1.7199875e+06
   1.7408431e+06
   1.7411928e+06
   1.7415610e+06
   1.7420955e+06
   1.7426132e+06
   1.7433672e+06
   1.7438905e+06
   1.7444116e+06
   1.7449121e+06
   1.7455218e+06
   1.7460348e+06
   1.7464779e+06
   1.7479213e+06
   1.7485857e+06
   1.7489908e+06
   1.7495917e+06
   1.7510941e+06
   1.7519146e+06
   1.7524910e+06
   1.7534285e+06
   1.7540849e+06
   1.7548572e+06
   1.7552165e+06
   1.7559310e+06
   1.7565006e+06
   1.7569767e+06
   1.7575216e+06
   1.7580366e+06
   1.7585416e+06
   1.7594118e+06
   1.7599338e+06
   1.7606546e+06
   1.7624842e+06
   1.7630986e+06
   1.7638802e+06
   1.7648816e+06
   1.7656139e+06
   1.7661204e+06
   1.7671466e+06
   1.7674933e+06
   1.7687281e+06
   1.7692582e+06
   1.7697508e+06
   1.7702374e+06
   1.7707260e+06
   1.7715321e+06
   1.7720525e+06
   1.7726045e+06
   1.7729578e+06
   1.7789278e+06
   1.7792876e+06
   1.7797556e+06
   1.8008464e+06
   1.8014964e+06
   1.8019673e+06
   1.8024918e+06
   1.8029890e+06
   1.8081794e+06
   1.8093153e+06
   1.8111247e+06
   1.8118307e+06
   1.8126426e+06
   1.8134215e+06
   1.8140710e+06
   1.8146242e+06
   1.8151210e+06
   1.8159947e+06
   1.8201489e+06
   1.8210787e+06
   1.8219923e+06
   1.8229609e+06
   1.8236956e+06
   1.8241400e+06
   1.8247320e+06
   1.8257898e+06
   1.8265964e+06
   1.8269923e+06
   1.8275957e+06
   1.8286337e+06
   1.8295800e+06
   1.8312313e+06
   1.8316348e+06
   1.8331888e+06
   1.8337099e+06
   1.8341731e+06
   1.8346218e+06
   1.8354854e+06
   1.8358882e+06
   1.8363554e+06
   1.8370064e+06
   1.8376612e+06
   1.8381284e+06
   1.8391304e+06
   1.8395879e+06
   1.8605277e+06
   1.8615172e+06
   1.8631683e+06
   1.8638224e+06
   1.8642604e+06
   1.8663010e+06
   1.8668635e+06
   1.8673642e+06
   1.8682449e+06
   1.8686739e+06
   1.8696197e+06
   1.8716356e+06
   1.8721330e+06
   1.8724979e+06
   1.8729671e+06
   1.8736640e+06
   1.8745905e+06
   1.8757295e+06
   1.8764082e+06
   1.8822537e+06
   1.8827759e+06
   1.8833227e+06
   1.8837661e+06
   1.8844325e+06
   1.8850480e+06
   1.8856244e+06
   1.8863237e+06
   1.8868630e+06
   1.8881333e+06
   1.8887812e+06
   1.8895728e+06
   1.8900782e+06
   1.8906492e+06
   1.8912356e+06
   1.8917174e+06
   1.8920858e+06
   1.8927564e+06
   1.8941055e+06
   1.8963195e+06
   1.8968947e+06
   1.8974378e+06
   1.8979195e+06
   1.8982869e+06
   1.8992374e+06
   1.8628326e+06
   1.8636496e+06
   1.8643742e+06
   1.8656521e+06
   1.8660978e+06
   1.8666478e+06
   1.8671909e+06
   1.8676138e+06
   1.8681412e+06
   1.8688539e+06
   1.8694692e+06
   1.8699314e+06
   1.8703626e+06
   1.8708635e+06
   1.8712669e+06
   1.8719031e+06
   1.8725098e+06
   1.8734162e+06
   1.8742230e+06
   1.8745714e+06
   1.8749620e+06
   1.8756017e+06
   1.8766093e+06
   1.8771539e+06
   1.8802717e+06
   1.8808242e+06
   1.8814214e+06
   1.8821499e+06
   1.8829735e+06
   1.8836148e+06
   1.8844072e+06
   1.8850060e+06
   1.8859501e+06
   1.8866108e+06
   1.8871145e+06
   1.8878140e+06
   1.8884551e+06
   1.8889180e+06
   1.8894983e+06
   1.8901910e+06
   1.8909328e+06
   1.8914860e+06
   1.8920407e+06
   1.8924153e+06
   1.8958937e+06
   1.8964586e+06
   1.8971855e+06
   1.8977847e+06
   1.8987099e+06
   1.8993567e+06
   1.8350568e+06
   1.8356687e+06
   1.8363737e+06
   1.8371447e+06
   1.8376052e+06
   1.8381349e+06
   1.8389180e+06
   1.8604319e+06
   1.8609929e+06
   1.8616341e+06
   1.8633469e+06
   1.8642798e+06
   1.8650358e+06
   1.8662501e+06
   1.8668369e+06
   1.8673531e+06
   1.8680484e+06
   1.8692971e+06
   1.8702929e+06
   1.8707270e+06
   1.8712637e+06
   1.8720934e+06
   1.8733231e+06
   1.8740145e+06
   1.8744494e+06
   1.8748518e+06
   1.8769483e+06
   1.8775354e+06
   1.8783976e+06
   1.8787672e+06
   1.8804200e+06
   1.8810791e+06
   1.8820729e+06
   1.8829907e+06
   1.8836318e+06
   1.8839873e+06
   1.8846220e+06
   1.8851804e+06
   1.8858650e+06
   1.8864563e+06
   1.8871144e+06
   1.8891197e+06
   1.8898923e+06
   1.8903487e+06
   1.8908498e+06
   1.8913325e+06
   1.8926102e+06
   1.8932043e+06
   1.8941836e+06
   1.8947926e+06
   1.8953351e+06
   1.8960136e+06
   1.8965523e+06
   1.8971466e+06
   1.8976633e+06
   1.8987999e+06
   1.8993008e+06
   1.8998456e+06
   1.8984045e+06
   1.8988930e+06
   1.8994733e+06
   1.8999550e+06
   1.8310442e+06
   1.8318476e+06
   1.8325816e+06
   1.8333375e+06
   1.8338361e+06
   1.8344196e+06
   1.8349361e+06
   1.8355740e+06
   1.8363258e+06
   1.8368367e+06
   1.8376293e+06
   1.8385448e+06
   1.8388642e+06
   1.8398678e+06
   1.8611900e+06
   1.8625870e+06
   1.8635375e+06
   1.8643552e+06
   1.8652223e+06
   1.8655836e+06
   1.8690604e+06
   1.8700273e+06
   1.8704027e+06
   1.8713129e+06
   1.8719966e+06
   1.8726477e+06
   1.8731513e+06
   1.8739430e+06
   1.8743814e+06
   1.8752380e+06
   1.8813787e+06
   1.8818452e+06
   1.8826158e+06
   1.8831801e+06
   1.8837052e+06
   1.8842857e+06
   1.8851245e+06
   1.8855328e+06
   1.8863976e+06
   1.8869906e+06
   1.8876518e+06
   1.8895294e+06
   1.8922695e+06
   1.8954610e+06
   1.8959075e+06
   1.8965547e+06
   1.8970282e+06
   1.8977583e+06
   1.8982270e+06
   1.8985058e+06
   1.8993890e+06
   1.8959729e+06
   1.8968253e+06
   1.8973276e+06
   1.8978008e+06
   1.8986747e+06
   1.8993709e+06
   1.8992515e+06
   1.8997598e+06
   1.8870653e+06
   1.8876197e+06
   1.8880588e+06
   1.8890768e+06
   1.8895794e+06
   1.8904704e+06
   1.8909453e+06
   1.8915717e+06
   1.8920655e+06
   1.8925208e+06
   1.8935567e+06
   1.8942214e+06
   1.8948751e+06
   1.8952941e+06
   1.8958586e+06
   1.8968779e+06
   1.8976112e+06
   1.8980781e+06
   1.8990786e+06
   1.8999642e+06
   1.8929295e+06
   1.8933550e+06
   1.8941007e+06
   1.8949676e+06
   1.8955801e+06
   1.8964951e+06
   1.8971269e+06
   1.8977853e+06
   1.8985355e+06
   1.8991428e+06
   1.8999029e+06
