   7.1378676e+02
   2.6158739e+03
   3.4085555e+03
   4.9917379e+03
   6.3703706e+03
   7.4688698e+03
   8.5804005e+03
   1.0590561e+04
   1.2086975e+04
   1.3794237e+04
   1.5762276e+04
   1.7090621e+04
   1.8288629e+04
   2.0796957e+04
   2.2050458e+04
   2.6241165e+04
   2.7667895e+04
   2.8701530e+04
   2.9747138e+04
   3.1251942e+04
   3.3335891e+04
   3.4837101e+04
   3.5813916e+04
   3.7348432e+04
   3.8419452e+04
   3.9654107e+04
   4.1012966e+04
   4.1075995e+04
   4.2974849e+04
   4.4320667e+04
   4.5938396e+04
   4.8147148e+04
   4.9623050e+04
   5.0704254e+04
   5.1669486e+04
   5.2670718e+04
   5.5024312e+04
   5.6697612e+04
   5.7748961e+04
   5.9269886e+04
   1.0103433e+05
   1.0242943e+05
   1.0345234e+05
   1.0489102e+05
   1.0602776e+05
   1.0829121e+05
   1.0977703e+05
   1.1088726e+05
   1.1198288e+05
   1.1315036e+05
   1.1521104e+05
   1.1628928e+05
   1.1753687e+05
   1.1873848e+05
   1.6102625e+05
   1.6211715e+05
   1.6287372e+05
   1.6367808e+05
   1.6538754e+05
   1.6847671e+05
   1.6953496e+05
   1.7070505e+05
   1.7206725e+05
   1.7384332e+05
   1.7512738e+05
   1.7651554e+05
   1.7819094e+05
   1.7916213e+05
   2.2102313e+05
   2.2211191e+05
   2.2297519e+05
   2.2438632e+05
   2.2528774e+05
   2.2669964e+05
   2.2859979e+05
   2.2957379e+05
   2.3067819e+05
   2.3180865e+05
   2.3265388e+05
   2.3359840e+05
   2.3476162e+05
   2.3593186e+05
   2.3700499e+05
   2.3819915e+05
   2.3928524e+05
   2.8093490e+05
   2.8297996e+05
   2.8393361e+05
   2.8510424e+05
   2.8587386e+05
   2.8679989e+05
   2.8824729e+05
   2.8932415e+05
   2.9040021e+05
   2.9192237e+05
   2.9303938e+05
   2.9541269e+05
   2.9615980e+05
   2.9736955e+05
   2.9837792e+05
   2.9936310e+05
   3.4108874e+05
   3.4238442e+05
   3.4391877e+05
   3.4566080e+05
   3.4654732e+05
   3.4789228e+05
   3.4902390e+05
   3.5039673e+05
   3.5243362e+05
   3.5690445e+05
   3.5803355e+05
   3.5951830e+05
   4.0153023e+05
   4.0280711e+05
   4.0398466e+05
   4.0574745e+05
   4.0876696e+05
   4.0987394e+05
   4.1137607e+05
   4.1224737e+05
   4.1354985e+05
   4.1498234e+05
   4.1638333e+05
   4.1740449e+05
   4.1847021e+05
   4.1945081e+05
   4.6093745e+05
   4.6222443e+05
   4.6368839e+05
   4.6494599e+05
   4.6605903e+05
   4.6696849e+05
   4.6823990e+05
   4.6970409e+05
   4.7077780e+05
   4.7214998e+05
   4.7294924e+05
   4.7555795e+05
   4.7686568e+05
   4.7783764e+05
   4.7943848e+05
   5.2096216e+05
   5.2206725e+05
   5.2383703e+05
   5.2517574e+05
   5.2661064e+05
   5.2825201e+05
   5.2917334e+05
   5.3063127e+05
   5.3182176e+05
   5.3310506e+05
   5.3553911e+05
   5.3638273e+05
   5.3800322e+05
   5.3910770e+05
   5.8105650e+05
   5.8186841e+05
   5.8294635e+05
   5.8377575e+05
   5.8468916e+05
   5.8588581e+05
   5.8677820e+05
   5.8818334e+05
   5.8900229e+05
   5.9002548e+05
   5.9130656e+05
   5.9247272e+05
   5.9550799e+05
   5.9702165e+05
   5.9824401e+05
   5.9927709e+05
   6.0132010e+05
   6.0253177e+05
   6.0366171e+05
   6.0490932e+05
   6.0614188e+05
   6.0774647e+05
   6.0922057e+05
   6.1123797e+05
   6.1260480e+05
   6.1416023e+05
   6.1547335e+05
   6.1674119e+05
   6.1804643e+05
   6.1891497e+05
   6.2006464e+05
   6.2153770e+05
   6.2312280e+05
   6.2437691e+05
   6.2661837e+05
   6.2821283e+05
   6.2942847e+05
   6.3057574e+05
   6.3180947e+05
   6.3380543e+05
   6.3510156e+05
   6.3639486e+05
   6.3730311e+05
   6.3928855e+05
   6.4045960e+05
   6.4164456e+05
   6.4308220e+05
   6.4415940e+05
   6.4554787e+05
   6.4825250e+05
   6.5060608e+05
   6.5195644e+05
   6.5357748e+05
   6.5473121e+05
   6.5596938e+05
   6.5725200e+05
   6.5888375e+05
   6.6077446e+05
   6.6174774e+05
   6.6297910e+05
   6.6400779e+05
   6.6559758e+05
   6.6712380e+05
   6.6847679e+05
   6.6982785e+05
   6.7094917e+05
   6.7380842e+05
   6.7518395e+05
   6.7662283e+05
   6.7935654e+05
   6.8127946e+05
   6.8254934e+05
   6.8365688e+05
   6.8517577e+05
   6.8834249e+05
   6.8936326e+05
   6.9075513e+05
   6.9183328e+05
   6.9384361e+05
   6.9523187e+05
   6.9637303e+05
   6.9797147e+05
   6.9953296e+05
   7.0077462e+05
   7.0219623e+05
   7.0354930e+05
   7.0517635e+05
   7.0609353e+05
   7.0769677e+05
   7.0948987e+05
   7.1174958e+05
   7.1391256e+05
   7.1535492e+05
   7.1687177e+05
   7.1863356e+05
   7.1984745e+05
   7.2132992e+05
   7.2327303e+05
   7.2489093e+05
   7.2734838e+05
   7.2932873e+05
   7.3230186e+05
   7.3349304e+05
   7.3490858e+05
   7.3653547e+05
   7.3791963e+05
   7.4144143e+05
   7.4913788e+05
   7.5312240e+05
   7.5507403e+05
   7.5672485e+05
   7.6099948e+05
   7.6326024e+05
   7.6442690e+05
   7.6819055e+05
   7.7025149e+05
   7.7142925e+05
   7.7307909e+05
   7.7592310e+05
   7.7753725e+05
   7.7875267e+05
   8.2166814e+05
   8.2340937e+05
   8.2647983e+05
   8.2817792e+05
   8.2954821e+05
   8.3277927e+05
   8.3535731e+05
   8.3707106e+05
   8.3926974e+05
   8.8188831e+05
   8.8303441e+05
   8.8421355e+05
   8.8652701e+05
   8.8831262e+05
   8.8938254e+05
   8.9121766e+05
   8.9255539e+05
   8.9399811e+05
   8.9577279e+05
   8.9778046e+05
   9.4109324e+05
   9.4271680e+05
   9.4613284e+05
   9.5365676e+05
   9.5502611e+05
   9.5771842e+05
   9.5930627e+05
   1.0022669e+06
   1.0038603e+06
   1.0053045e+06
   1.0066363e+06
   1.0157937e+06
   1.0173431e+06
   1.0186281e+06
   1.0199497e+06
   1.0615910e+06
   1.0639707e+06
   1.0668314e+06
   1.0684832e+06
   1.0710291e+06
   1.0729244e+06
   1.0753331e+06
   1.0780402e+06
   1.1211208e+06
   1.1222859e+06
   1.1243422e+06
   1.1255248e+06
   1.1291181e+06
   1.1326814e+06
   1.1367252e+06
   1.1382215e+06
   1.1395318e+06
   1.1814712e+06
   1.1827170e+06
   1.1846599e+06
   1.1863468e+06
   1.1891030e+06
   1.1905396e+06
   1.1926514e+06
   1.1959276e+06
   1.1971825e+06
   1.1981689e+06
   1.2418125e+06
   1.2431759e+06
   1.2444123e+06
   1.2464456e+06
   1.2514909e+06
   1.2566910e+06
   1.2580495e+06
   1.2599031e+06
   1.3014652e+06
   1.3023606e+06
   1.3041275e+06
   1.3060971e+06
   1.3083777e+06
   1.3095236e+06
   1.3109137e+06
   1.3123273e+06
   1.3138072e+06
   1.3159341e+06
   1.3184043e+06
   1.3196450e+06
   1.3616972e+06
   1.3629786e+06
   1.3643185e+06
   1.3658378e+06
   1.3680234e+06
   1.3707953e+06
   1.3723517e+06
   1.3758720e+06
   1.3780207e+06
   1.3791289e+06
   1.4221139e+06
   1.4236812e+06
   1.4267147e+06
   1.4286118e+06
   1.4301606e+06
   1.4331291e+06
   1.4359979e+06
   1.4385541e+06
   1.4822235e+06
   1.4836569e+06
   1.4848673e+06
   1.4864593e+06
   1.4902048e+06
   1.4918704e+06
   1.4930776e+06
   1.4953173e+06
   1.4961819e+06
   1.4971065e+06
   1.4984574e+06
   1.4998807e+06
   1.5411613e+06
   1.5424680e+06
   1.5437881e+06
   1.5453333e+06
   1.5466272e+06
   1.5489923e+06
   1.5510765e+06
   1.5522229e+06
   1.5553411e+06
   1.5571818e+06
   1.5583948e+06
   1.5596242e+06
   1.6014807e+06
   1.6029261e+06
   1.6044091e+06
   1.6058610e+06
   1.6083020e+06
   1.6090219e+06
   1.6103984e+06
   1.6114959e+06
   1.6136913e+06
   1.6152467e+06
   1.6179406e+06
   1.6198777e+06
   1.6611540e+06
   1.6620573e+06
   1.6648373e+06
   1.6659226e+06
   1.6669436e+06
   1.6698845e+06
   1.6722052e+06
   1.6738295e+06
   1.6756107e+06
   1.6770376e+06
   1.6794871e+06
   1.7214582e+06
   1.7227939e+06
   1.7240234e+06
   1.7252048e+06
   1.7266466e+06
   1.7296889e+06
   1.7308062e+06
   1.7326982e+06
   1.7355652e+06
   1.7380333e+06
   1.7812774e+06
   1.7826766e+06
   1.7836917e+06
   1.7849399e+06
   1.7860622e+06
   1.7882183e+06
   1.7900197e+06
   1.7912822e+06
   1.7935367e+06
   1.7957290e+06
   1.7973800e+06
   1.8413779e+06
   1.8423673e+06
   1.8432835e+06
   1.8446745e+06
   1.8460861e+06
   1.8492869e+06
   1.8502805e+06
   1.8519218e+06
   1.8534501e+06
   1.8552459e+06
   1.8569375e+06
   1.8590506e+06
   1.9016326e+06
   1.9031565e+06
   1.9046689e+06
   1.9057531e+06
   1.9066772e+06
   1.9089885e+06
   1.9104775e+06
   1.9115531e+06
   1.9131321e+06
   1.9151577e+06
   1.9170536e+06
   6.1301850e+04
   6.2427102e+04
   6.4366017e+04
   6.5841127e+04
   6.7504581e+04
   6.9527356e+04
   7.0748054e+04
   7.1947940e+04
   7.4221768e+04
   7.5753370e+04
   7.7970395e+04
   7.9709725e+04
   8.1114474e+04
   8.2064572e+04
   8.3317933e+04
   8.5111875e+04
   8.6099120e+04
   8.7622586e+04
   8.8980820e+04
   9.0257500e+04
   9.1913769e+04
   9.3455717e+04
   9.4309389e+04
   9.5203507e+04
   9.6285258e+04
   9.9807469e+04
   1.2144918e+05
   1.2241836e+05
   1.2384906e+05
   1.2492937e+05
   1.2673227e+05
   1.2789706e+05
   1.2928596e+05
   1.3055767e+05
   1.3201103e+05
   1.3317060e+05
   1.3456249e+05
   1.3625947e+05
   1.3808961e+05
   1.3972132e+05
   1.4155230e+05
   1.4316898e+05
   1.4469037e+05
   1.4683852e+05
   1.4833178e+05
   1.4947066e+05
   1.5099870e+05
   1.5207388e+05
   1.5309131e+05
   1.5434567e+05
   1.5567494e+05
   1.5702133e+05
   1.5871817e+05
   1.5966673e+05
   1.8186458e+05
   1.8328129e+05
   1.8469039e+05
   1.8642972e+05
   1.8817003e+05
   1.8956203e+05
   1.9067939e+05
   1.9177479e+05
   1.9344622e+05
   1.9627288e+05
   1.9844374e+05
   1.9960857e+05
   2.0073019e+05
   2.0214681e+05
   2.0492058e+05
   2.0694070e+05
   2.0947098e+05
   2.1064114e+05
   2.1201856e+05
   2.1501758e+05
   2.1634241e+05
   2.1764040e+05
   2.4119639e+05
   2.4284325e+05
   2.4610949e+05
   2.4799631e+05
   2.5068597e+05
   2.5199255e+05
   2.5414096e+05
   2.5526773e+05
   2.5630509e+05
   2.5712124e+05
   2.5871652e+05
   2.6065472e+05
   2.6165879e+05
   2.6311641e+05
   2.6425902e+05
   2.6577263e+05
   2.6736810e+05
   2.6862796e+05
   2.6965421e+05
   2.7180934e+05
   2.7328636e+05
   2.7627260e+05
   2.7737271e+05
   2.7868767e+05
   2.7964792e+05
   3.0139440e+05
   3.0469012e+05
   3.0678813e+05
   3.0859933e+05
   3.0993839e+05
   3.1231900e+05
   3.1375172e+05
   3.1555293e+05
   3.2143290e+05
   3.2388010e+05
   3.2472211e+05
   3.2634392e+05
   3.2730134e+05
   3.2898439e+05
   3.3125234e+05
   3.3274126e+05
   3.3442390e+05
   3.3569025e+05
   3.3784736e+05
   3.3904244e+05
   3.6146898e+05
   3.6300055e+05
   3.6452770e+05
   3.6570060e+05
   3.6718774e+05
   3.6859142e+05
   3.6991819e+05
   3.7104544e+05
   3.7227699e+05
   3.7388087e+05
   3.7503391e+05
   3.7732938e+05
   3.7870951e+05
   3.8062501e+05
   3.8238735e+05
   3.8575012e+05
   3.8798794e+05
   3.8943418e+05
   3.9541065e+05
   3.9713738e+05
   3.9817689e+05
   3.9941403e+05
   4.2104475e+05
   4.2317453e+05
   4.2509217e+05
   4.2715830e+05
   4.2931883e+05
   4.3111763e+05
   4.3247497e+05
   4.3377768e+05
   4.3503678e+05
   4.3728892e+05
   4.3862370e+05
   4.4205125e+05
   4.4356867e+05
   4.4555549e+05
   4.4749493e+05
   4.4906926e+05
   4.5037607e+05
   4.5195692e+05
   4.5287018e+05
   4.5420610e+05
   4.5636154e+05
   4.5800325e+05
   4.5962248e+05
   4.8119215e+05
   4.8272185e+05
   4.8434522e+05
   4.8636036e+05
   4.8767135e+05
   4.8893879e+05
   4.9033186e+05
   4.9168403e+05
   4.9315230e+05
   4.9460847e+05
   4.9584209e+05
   4.9947698e+05
   5.0148283e+05
   5.0290633e+05
   5.0459807e+05
   5.0592718e+05
   5.0719637e+05
   5.0865884e+05
   5.0989882e+05
   5.1111702e+05
   5.1316242e+05
   5.1447904e+05
   5.1545099e+05
   5.1688374e+05
   5.1793788e+05
   5.1936021e+05
   5.4236792e+05
   5.4419677e+05
   5.4610593e+05
   5.4704998e+05
   5.4826415e+05
   5.5097743e+05
   5.5291114e+05
   5.5409365e+05
   5.5516653e+05
   5.5648846e+05
   5.5859641e+05
   5.6028515e+05
   5.6120166e+05
   5.6358863e+05
   5.6686985e+05
   5.6873368e+05
   5.6979880e+05
   5.7217435e+05
   5.7369639e+05
   5.7482177e+05
   5.7695477e+05
   5.7831930e+05
   5.7983124e+05
   7.8275167e+05
   7.8428613e+05
   7.8756722e+05
   7.8893418e+05
   7.9091199e+05
   7.9260326e+05
   7.9480178e+05
   7.9588621e+05
   7.9807412e+05
   8.0115986e+05
   8.0260145e+05
   8.0370517e+05
   8.0614011e+05
   8.0761715e+05
   8.1126348e+05
   8.1311258e+05
   8.1557059e+05
   8.1749578e+05
   8.4235511e+05
   8.4469139e+05
   8.4603246e+05
   8.4749125e+05
   8.4904638e+05
   8.5199792e+05
   8.5581703e+05
   8.5727606e+05
   8.5827409e+05
   8.6020684e+05
   8.6614535e+05
   8.6907274e+05
   8.7089677e+05
   8.7279594e+05
   8.7465751e+05
   8.7754725e+05
   8.7883341e+05
   9.1115864e+05
   9.1755082e+05
   9.2687494e+05
   9.2842561e+05
   9.3166102e+05
   9.3380290e+05
   9.3562987e+05
   9.3751808e+05
   9.3998231e+05
   9.6163218e+05
   9.6332716e+05
   9.6612359e+05
   9.6758814e+05
   9.6885350e+05
   9.7089787e+05
   9.7288077e+05
   9.7803285e+05
   9.8185988e+05
   9.8358754e+05
   9.8499736e+05
   1.0230259e+06
   1.0248100e+06
   1.0268183e+06
   1.0286497e+06
   1.0299322e+06
   1.0328025e+06
   1.0347944e+06
   1.0365090e+06
   1.0385445e+06
   1.0408933e+06
   1.0422614e+06
   1.0438337e+06
   1.0490783e+06
   1.0515864e+06
   1.0534927e+06
   1.0559264e+06
   1.0580232e+06
   1.0816416e+06
   1.0829568e+06
   1.0846762e+06
   1.0861684e+06
   1.0885416e+06
   1.0899570e+06
   1.0916426e+06
   1.0940380e+06
   1.0966264e+06
   1.0984402e+06
   1.1010279e+06
   1.1042425e+06
   1.1056662e+06
   1.1074353e+06
   1.1101831e+06
   1.1126120e+06
   1.1144603e+06
   1.1192407e+06
   1.1417152e+06
   1.1439706e+06
   1.1450201e+06
   1.1470708e+06
   1.1486345e+06
   1.1519454e+06
   1.1541166e+06
   1.1559187e+06
   1.1590256e+06
   1.1604850e+06
   1.2011468e+06
   1.2036451e+06
   1.2054469e+06
   1.2077428e+06
   1.2090906e+06
   1.2105357e+06
   1.2129730e+06
   1.2145085e+06
   1.2176658e+06
   1.2193700e+06
   1.2235839e+06
   1.2256251e+06
   1.2274404e+06
   1.2292087e+06
   1.2319839e+06
   1.2355646e+06
   1.2372400e+06
   1.2385461e+06
   1.2396664e+06
   1.2796042e+06
   1.2811720e+06
   1.2836468e+06
   1.2866678e+06
   1.2891452e+06
   1.2914310e+06
   1.2940010e+06
   1.2965430e+06
   1.2982811e+06
   1.3213697e+06
   1.3247901e+06
   1.3277603e+06
   1.3316941e+06
   1.3357730e+06
   1.3371079e+06
   1.3390799e+06
   1.3412295e+06
   1.3430156e+06
   1.3446896e+06
   1.3459760e+06
   1.3480998e+06
   1.3545642e+06
   1.3563845e+06
   1.3579237e+06
   1.3594998e+06
   1.3823599e+06
   1.3844561e+06
   1.3870847e+06
   1.3903338e+06
   1.3923424e+06
   1.3937207e+06
   1.3956430e+06
   1.4000334e+06
   1.4029026e+06
   1.4051268e+06
   1.4066959e+06
   1.4110764e+06
   1.4128850e+06
   1.4146635e+06
   1.4168445e+06
   1.4184382e+06
   1.4419108e+06
   1.4430474e+06
   1.4451514e+06
   1.4465056e+06
   1.4483034e+06
   1.4505238e+06
   1.4520748e+06
   1.4535569e+06
   1.4551480e+06
   1.4596008e+06
   1.4622360e+06
   1.4682403e+06
   1.4720138e+06
   1.4736321e+06
   1.4748929e+06
   1.4770696e+06
   1.5041581e+06
   1.5056506e+06
   1.5094050e+06
   1.5107348e+06
   1.5139208e+06
   1.5156594e+06
   1.5173263e+06
   1.5198504e+06
   1.5228651e+06
   1.5239866e+06
   1.5274611e+06
   1.5288933e+06
   1.5302426e+06
   1.5320760e+06
   1.5619038e+06
   1.5693398e+06
   1.5719869e+06
   1.5729611e+06
   1.5742100e+06
   1.6218236e+06
   1.6240604e+06
   1.6264150e+06
   1.6281420e+06
   1.6297437e+06
   1.6308808e+06
   1.6325425e+06
   1.6359991e+06
   1.6371708e+06
   1.6392347e+06
   1.6418991e+06
   1.6441942e+06
   1.6462654e+06
   1.6478890e+06
   1.6499310e+06
   1.6514242e+06
   1.6530574e+06
   1.6546036e+06
   1.6559468e+06
   1.6576385e+06
   1.6597065e+06
   1.6813521e+06
   1.6856459e+06
   1.6873236e+06
   1.6886261e+06
   1.6901280e+06
   1.6923195e+06
   1.6947157e+06
   1.6962922e+06
   1.6980260e+06
   1.7000790e+06
   1.7031137e+06
   1.7059177e+06
   1.7153301e+06
   1.7176093e+06
   1.7190239e+06
   1.7414925e+06
   1.7438231e+06
   1.7460209e+06
   1.7481525e+06
   1.7505548e+06
   1.7519112e+06
   1.7531437e+06
   1.7542840e+06
   1.7555496e+06
   1.7611262e+06
   1.7627468e+06
   1.7641982e+06
   1.7692403e+06
   1.7706568e+06
   1.7718939e+06
   1.7734035e+06
   1.7751440e+06
   1.7768003e+06
   1.7784879e+06
   1.8024370e+06
   1.8039562e+06
   1.8059227e+06
   1.8086663e+06
   1.8101130e+06
   1.8115522e+06
   1.8132414e+06
   1.8164397e+06
   1.8174295e+06
   1.8351602e+06
   1.8367183e+06
   1.8387820e+06
   1.8626949e+06
   1.8638215e+06
   1.8665051e+06
   1.8680396e+06
   1.8695852e+06
   1.8709911e+06
   1.8728876e+06
   1.8739413e+06
   1.8752011e+06
   1.8765159e+06
   1.8778156e+06
   1.8795516e+06
   1.8811122e+06
   1.8826382e+06
   1.8855487e+06
   1.8871932e+06
   1.8902829e+06
   1.8953618e+06
   1.8979831e+06
   1.8301123e+06
   1.8320754e+06
   1.8337018e+06
   1.8361873e+06
   1.8610603e+06
   1.8627273e+06
   1.8662315e+06
   1.8682374e+06
   1.8700630e+06
   1.8721999e+06
   1.8736582e+06
   1.8749256e+06
   1.8760198e+06
   1.8778432e+06
   1.8798974e+06
   1.8818514e+06
   1.8834785e+06
   1.8852517e+06
   1.8879259e+06
   1.8911575e+06
   1.8944528e+06
   1.8977075e+06
   1.8997835e+06
   1.8893409e+06
   1.8912045e+06
   1.8931486e+06
   1.8948372e+06
   1.8956965e+06
   1.8971997e+06
   1.8986438e+06
