   4.5601989e+02
   1.2025798e+03
   1.5851797e+03
   2.1944383e+03
   2.9212224e+03
   3.6491384e+03
   4.2310306e+03
   4.6344941e+03
   6.1934448e+03
   7.0119306e+03
   7.7179566e+03
   8.2065596e+03
   8.7086163e+03
   9.3058857e+03
   9.7313726e+03
   1.0288499e+04
   1.0809424e+04
   1.1530343e+04
   1.2821982e+04
   1.6759002e+04
   1.7377864e+04
   1.7941909e+04
   1.8539026e+04
   1.9061376e+04
   1.9968558e+04
   2.0711459e+04
   2.3919899e+04
   2.4474067e+04
   2.5593983e+04
   2.6345695e+04
   2.6710325e+04
   2.9690938e+04
   3.0147533e+04
   3.1422288e+04
   3.2808949e+04
   3.3277749e+04
   3.9003141e+04
   4.0148633e+04
   4.0785870e+04
   4.1236680e+04
   4.1764396e+04
   4.2471455e+04
   4.2999413e+04
   4.3655083e+04
   4.4031540e+04
   4.4470548e+04
   4.5070479e+04
   4.5704545e+04
   4.6065754e+04
   4.6680234e+04
   4.7430592e+04
   4.9297598e+04
   4.9792145e+04
   5.0292748e+04
   5.1526940e+04
   5.2295644e+04
   5.2928042e+04
   5.3854869e+04
   5.4493310e+04
   5.5263222e+04
   5.5852613e+04
   5.6349366e+04
   5.6879191e+04
   5.7569578e+04
   5.8459848e+04
   5.9413945e+04
   1.0060654e+05
   1.0111421e+05
   1.0290437e+05
   1.0346471e+05
   1.0406637e+05
   1.0515941e+05
   1.0586606e+05
   1.0679492e+05
   1.0737902e+05
   1.0792506e+05
   1.0854542e+05
   1.0938902e+05
   1.1005148e+05
   1.1063733e+05
   1.1139328e+05
   1.1259270e+05
   1.1339808e+05
   1.1383154e+05
   1.1452330e+05
   1.1488531e+05
   1.1524804e+05
   1.1569450e+05
   1.1616973e+05
   1.1705452e+05
   1.1791505e+05
   1.1835723e+05
   1.1899963e+05
   1.1982303e+05
   1.6035959e+05
   1.6119895e+05
   1.6204089e+05
   1.6262279e+05
   1.6301404e+05
   1.6353152e+05
   1.6477392e+05
   1.6521107e+05
   1.6622447e+05
   1.6679735e+05
   1.6753693e+05
   1.6799001e+05
   1.6843035e+05
   1.6885169e+05
   1.6939616e+05
   1.6983100e+05
   1.7031615e+05
   1.7099747e+05
   1.7139582e+05
   1.7195047e+05
   1.7242902e+05
   1.7289024e+05
   1.7324263e+05
   1.7373867e+05
   1.7461040e+05
   1.7523657e+05
   1.7572205e+05
   1.7612957e+05
   1.7666583e+05
   1.7725753e+05
   1.7773787e+05
   1.7833979e+05
   1.7872191e+05
   1.7915971e+05
   1.7970127e+05
   2.2768362e+05
   2.2855955e+05
   2.2906979e+05
   2.2957689e+05
   2.3045732e+05
   2.3184505e+05
   2.3359730e+05
   2.3455242e+05
   2.3509878e+05
   2.3556422e+05
   2.3615559e+05
   2.3674603e+05
   2.3724260e+05
   2.3814967e+05
   2.3875275e+05
   2.3926943e+05
   2.3998395e+05
   2.8057879e+05
   2.8117306e+05
   2.8186060e+05
   2.8259886e+05
   2.8331242e+05
   2.8395710e+05
   2.8438407e+05
   2.8493365e+05
   2.8532395e+05
   2.8619862e+05
   2.8678740e+05
   2.8789943e+05
   2.8859950e+05
   2.8913869e+05
   2.8958170e+05
   2.9003803e+05
   2.9064658e+05
   2.9120608e+05
   2.9252576e+05
   2.9300129e+05
   2.9367879e+05
   2.9453951e+05
   2.9490047e+05
   2.9586604e+05
   3.4063743e+05
   3.4109443e+05
   3.4239486e+05
   3.4302798e+05
   3.4341739e+05
   3.4387716e+05
   3.4494850e+05
   3.4541985e+05
   3.4619013e+05
   3.4747746e+05
   3.4867124e+05
   3.4919855e+05
   3.5011319e+05
   3.5069338e+05
   3.5120771e+05
   3.5180831e+05
   3.5216132e+05
   3.5271040e+05
   3.5309365e+05
   3.5447434e+05
   3.5546293e+05
   3.5623376e+05
   3.5676057e+05
   3.5732389e+05
   3.5778895e+05
   3.5834479e+05
   3.5904182e+05
   4.0041779e+05
   4.0092068e+05
   4.0147705e+05
   4.0199126e+05
   4.0244131e+05
   4.0296153e+05
   4.0355164e+05
   4.0399689e+05
   4.0462304e+05
   4.0499101e+05
   4.0580870e+05
   4.0623452e+05
   4.0741498e+05
   4.0838397e+05
   4.0875526e+05
   4.0928009e+05
   4.0986951e+05
   4.1068665e+05
   4.1167771e+05
   4.1211114e+05
   4.1362405e+05
   4.1507369e+05
   4.1654919e+05
   4.1720316e+05
   4.1773122e+05
   4.1828745e+05
   4.1977043e+05
   4.6075325e+05
   4.6121890e+05
   4.6216252e+05
   4.6285802e+05
   4.6337067e+05
   4.6398210e+05
   4.6457039e+05
   4.6529969e+05
   4.6608950e+05
   4.6699412e+05
   4.6738386e+05
   4.6815891e+05
   4.6869008e+05
   4.7013661e+05
   4.7055919e+05
   4.7130207e+05
   4.7177688e+05
   4.7213004e+05
   4.7282497e+05
   4.7354520e+05
   4.7438475e+05
   4.7481873e+05
   4.7541235e+05
   4.7585133e+05
   4.7650481e+05
   4.7708304e+05
   4.7767264e+05
   4.7806359e+05
   4.7857896e+05
   4.7926471e+05
   5.2066345e+05
   5.2178285e+05
   5.2217766e+05
   5.2288497e+05
   5.2369531e+05
   5.2417947e+05
   5.2501905e+05
   5.2560790e+05
   5.2607912e+05
   5.2687286e+05
   5.2769391e+05
   5.2845848e+05
   5.2921135e+05
   5.3018057e+05
   5.3076328e+05
   5.3126750e+05
   5.3201495e+05
   5.3257991e+05
   5.3353129e+05
   5.3483273e+05
   5.3530736e+05
   5.3638910e+05
   5.3697412e+05
   5.3762781e+05
   5.3815341e+05
   5.3876798e+05
   5.3942090e+05
   5.8047359e+05
   5.8109242e+05
   5.8163402e+05
   5.8242893e+05
   5.8290321e+05
   5.8330745e+05
   5.8391852e+05
   5.8443303e+05
   5.8495629e+05
   5.8548870e+05
   5.8602848e+05
   5.8655067e+05
   5.8816696e+05
   5.8912466e+05
   5.8953260e+05
   5.9003645e+05
   5.9036151e+05
   5.9094516e+05
   5.9141156e+05
   5.9220718e+05
   5.9253029e+05
   5.9316109e+05
   5.9379978e+05
   5.9444726e+05
   5.9497004e+05
   5.9609678e+05
   5.9642804e+05
   5.9690119e+05
   5.9743272e+05
   5.9790183e+05
   5.9840528e+05
   5.9906292e+05
   5.9955336e+05
   6.0062455e+05
   6.0118861e+05
   6.0259815e+05
   6.0306239e+05
   6.0505520e+05
   6.0562710e+05
   6.0669148e+05
   6.0715255e+05
   6.0770713e+05
   6.0821548e+05
   6.0880886e+05
   6.0930738e+05
   6.1022187e+05
   6.1078748e+05
   6.1130643e+05
   6.1181441e+05
   6.1219957e+05
   6.1287073e+05
   6.1347673e+05
   6.1410615e+05
   6.1502512e+05
   6.1578228e+05
   6.1618157e+05
   6.1694449e+05
   6.1744457e+05
   6.1821171e+05
   6.1896695e+05
   6.2024853e+05
   6.2077656e+05
   6.2117935e+05
   6.2177802e+05
   6.2259500e+05
   6.2323690e+05
   6.2355049e+05
   6.2435766e+05
   6.2495363e+05
   6.2549744e+05
   6.2667847e+05
   6.2743717e+05
   6.2806024e+05
   6.2873618e+05
   6.2941575e+05
   6.3006599e+05
   6.3055670e+05
   6.3211957e+05
   6.3308305e+05
   6.3355684e+05
   6.3441154e+05
   6.3520333e+05
   6.3581133e+05
   6.3715582e+05
   6.3860115e+05
   6.3948270e+05
   6.4000319e+05
   6.4034838e+05
   6.4090891e+05
   6.4236194e+05
   6.4289200e+05
   6.4347744e+05
   6.4407289e+05
   6.4487654e+05
   6.4561653e+05
   6.4670725e+05
   6.4757429e+05
   6.4802251e+05
   6.4855855e+05
   6.4932178e+05
   6.4991912e+05
   6.5054838e+05
   6.5143513e+05
   6.5214808e+05
   6.5270826e+05
   6.5314455e+05
   6.5448764e+05
   6.5506046e+05
   6.5553327e+05
   6.5612336e+05
   6.5689432e+05
   6.5757424e+05
   6.5792681e+05
   6.5874258e+05
   6.5986352e+05
   6.6028836e+05
   6.6407482e+05
   6.6466844e+05
   6.6528149e+05
   6.6605862e+05
   6.6771376e+05
   6.6808886e+05
   6.6856796e+05
   6.6954866e+05
   6.7022707e+05
   6.7094631e+05
   6.7145582e+05
   6.7209806e+05
   6.7241578e+05
   6.7371851e+05
   6.7516386e+05
   6.7581168e+05
   6.7656701e+05
   6.7772956e+05
   6.7928146e+05
   6.8020604e+05
   6.8110688e+05
   6.8180898e+05
   6.8253256e+05
   6.8314730e+05
   6.8377607e+05
   6.8434593e+05
   6.8507952e+05
   6.8619316e+05
   6.8706350e+05
   6.8813552e+05
   6.8888755e+05
   6.9131140e+05
   6.9191430e+05
   6.9306309e+05
   6.9470381e+05
   6.9534438e+05
   6.9670891e+05
   6.9845021e+05
   6.9948104e+05
   7.0061785e+05
   7.0157227e+05
   7.0212862e+05
   7.0244141e+05
   7.0298624e+05
   7.0348414e+05
   7.0382728e+05
   7.0430856e+05
   7.0476067e+05
   7.0529997e+05
   7.0687751e+05
   7.0738101e+05
   7.0821348e+05
   7.0927075e+05
   7.1036425e+05
   7.1116314e+05
   7.1160017e+05
   7.1236276e+05
   7.1282166e+05
   7.1452300e+05
   7.1499162e+05
   7.1564288e+05
   7.1606783e+05
   7.1717649e+05
   7.1804518e+05
   7.1847360e+05
   7.1914089e+05
   7.1995245e+05
   7.2060854e+05
   7.2104098e+05
   7.2155477e+05
   7.2201014e+05
   7.2258213e+05
   7.2305498e+05
   7.2359466e+05
   7.2392614e+05
   7.2447123e+05
   7.2481013e+05
   7.2559890e+05
   7.2604644e+05
   7.2658305e+05
   7.2708001e+05
   7.2811564e+05
   7.2949521e+05
   7.3041267e+05
   7.3084413e+05
   7.3135548e+05
   7.3202609e+05
   7.3258429e+05
   7.3327500e+05
   7.3414861e+05
   7.4106388e+05
   7.4143805e+05
   7.4276420e+05
   7.4344634e+05
   7.4487037e+05
   7.4532640e+05
   7.4579179e+05
   7.4616238e+05
   7.4682902e+05
   7.4806464e+05
   7.4860623e+05
   7.4898642e+05
   7.4932313e+05
   7.4986823e+05
   7.5033584e+05
   7.5071781e+05
   7.5173911e+05
   7.5232295e+05
   7.5346134e+05
   7.5396007e+05
   7.5429232e+05
   7.5488580e+05
   7.5546551e+05
   7.5601831e+05
   7.5642218e+05
   7.5729751e+05
   7.5770186e+05
   7.5809868e+05
   7.5855696e+05
   7.5923065e+05
   7.5956527e+05
   7.6038196e+05
   7.6106873e+05
   7.6141008e+05
   7.6197765e+05
   7.6234596e+05
   7.6280274e+05
   7.6386781e+05
   7.6424591e+05
   7.6455637e+05
   7.6507490e+05
   7.6536947e+05
   7.6586557e+05
   7.6631209e+05
   7.6671945e+05
   7.6783662e+05
   7.6841536e+05
   7.6894206e+05
   7.6935974e+05
   7.6977284e+05
   7.7017596e+05
   7.7063073e+05
   7.7113987e+05
   7.7175117e+05
   7.7216647e+05
   7.7277066e+05
   7.7324370e+05
   7.7391746e+05
   7.7461265e+05
   7.7510568e+05
   7.7575285e+05
   7.7618168e+05
   7.7660866e+05
   7.7711485e+05
   7.7765465e+05
   7.7818800e+05
   7.7863874e+05
   7.7905161e+05
   7.7977225e+05
   8.2061009e+05
   8.2133902e+05
   8.2210352e+05
   8.2374253e+05
   8.2419339e+05
   8.2524973e+05
   8.2613050e+05
   8.2664763e+05
   8.2745042e+05
   8.2797646e+05
   8.2835191e+05
   8.2882038e+05
   8.2952144e+05
   8.2991429e+05
   8.3035954e+05
   8.3073560e+05
   8.3175501e+05
   8.3235663e+05
   8.3309621e+05
   8.3379631e+05
   8.3432917e+05
   8.3492841e+05
   8.3544498e+05
   8.3597617e+05
   8.3653410e+05
   8.3699521e+05
   8.3762289e+05
   8.3798205e+05
   8.3865834e+05
   8.3900402e+05
   8.3934527e+05
   8.3984561e+05
   8.8048094e+05
   8.8094503e+05
   8.8143570e+05
   8.8230356e+05
   8.8297844e+05
   8.8353729e+05
   8.8457536e+05
   8.8543808e+05
   8.8617653e+05
   8.8671714e+05
   8.8764499e+05
   8.8807390e+05
   8.8866611e+05
   8.8918163e+05
   8.8962978e+05
   8.9002101e+05
   8.9032470e+05
   8.9095263e+05
   8.9166579e+05
   8.9210249e+05
   8.9258691e+05
   8.9317436e+05
   8.9353088e+05
   8.9439978e+05
   8.9475340e+05
   8.9535740e+05
   8.9587993e+05
   8.9626756e+05
   8.9679386e+05
   8.9714862e+05
   8.9761456e+05
   8.9893108e+05
   8.9940834e+05
   8.9980974e+05
   9.4052911e+05
   9.4118761e+05
   9.4177772e+05
   9.4220754e+05
   9.4284002e+05
   9.4325511e+05
   9.4390424e+05
   9.4431181e+05
   9.4466905e+05
   9.4519860e+05
   9.4577388e+05
   9.4618480e+05
   9.4654253e+05
   9.4767048e+05
   9.4811934e+05
   9.4857187e+05
   9.4925952e+05
   9.4987950e+05
   9.5025482e+05
   9.5124156e+05
   9.5252468e+05
   9.5296875e+05
   9.5350795e+05
   9.5464184e+05
   9.5523290e+05
   9.5566929e+05
   9.5646291e+05
   9.5725805e+05
   9.5775902e+05
   9.5825221e+05
   9.5880461e+05
   9.5949228e+05
   9.5995578e+05
   1.0008528e+06
   1.0014396e+06
   1.0020236e+06
   1.0024257e+06
   1.0030789e+06
   1.0035199e+06
   1.0044529e+06
   1.0051167e+06
   1.0055109e+06
   1.0059654e+06
   1.0064636e+06
   1.0069075e+06
   1.0074848e+06
   1.0079448e+06
   1.0083951e+06
   1.0089140e+06
   1.0098246e+06
   1.0101339e+06
   1.0105900e+06
   1.0114646e+06
   1.0118219e+06
   1.0124498e+06
   1.0128625e+06
   1.0132294e+06
   1.0137624e+06
   1.0145581e+06
   1.0150190e+06
   1.0167140e+06
   1.0197127e+06
   1.0606420e+06
   1.0615043e+06
   1.0620725e+06
   1.0630553e+06
   1.0636481e+06
   1.0643908e+06
   1.0650200e+06
   1.0657210e+06
   1.0662543e+06
   1.0676133e+06
   1.0683889e+06
   1.0690078e+06
   1.0693789e+06
   1.0699210e+06
   1.0704463e+06
   1.0709802e+06
   1.0715309e+06
   1.0720702e+06
   1.0728705e+06
   1.0735794e+06
   1.0744766e+06
   1.0748712e+06
   1.0751830e+06
   1.0762017e+06
   1.0766331e+06
   1.0777458e+06
   1.0782077e+06
   1.0789080e+06
   1.0793230e+06
   1.0798340e+06
   1.1205483e+06
   1.1209578e+06
   1.1213655e+06
   1.1221593e+06
   1.1228183e+06
   1.1244343e+06
   1.1251467e+06
   1.1257424e+06
   1.1266621e+06
   1.1273352e+06
   1.1277952e+06
   1.1283570e+06
   1.1294877e+06
   1.1308436e+06
   1.1312333e+06
   1.1315987e+06
   1.1325564e+06
   1.1329257e+06
   1.1346276e+06
   1.1353314e+06
   1.1359564e+06
   1.1368587e+06
   1.1372779e+06
   1.1383035e+06
   1.1388429e+06
   1.1397860e+06
   1.1806804e+06
   1.1810200e+06
   1.1815958e+06
   1.1837158e+06
   1.1843430e+06
   1.1848428e+06
   1.1853313e+06
   1.1857386e+06
   1.1867496e+06
   1.1874649e+06
   1.1881573e+06
   1.1889176e+06
   1.1893118e+06
   1.1899419e+06
   1.1906564e+06
   1.1923268e+06
   1.1928287e+06
   1.1933635e+06
   1.1943993e+06
   1.1948290e+06
   1.1954322e+06
   1.1959720e+06
   1.1964812e+06
   1.1970001e+06
   1.1974422e+06
   1.1980717e+06
   1.1985568e+06
   1.1994020e+06
   1.1997579e+06
   1.2403518e+06
   1.2408477e+06
   1.2416175e+06
   1.2421220e+06
   1.2428806e+06
   1.2432575e+06
   1.2437073e+06
   1.2455325e+06
   1.2476077e+06
   1.2481628e+06
   1.2504685e+06
   1.2509808e+06
   1.2514876e+06
   1.2520205e+06
   1.2527163e+06
   1.2532490e+06
   1.2537185e+06
   1.2543315e+06
   1.2549810e+06
   1.2553816e+06
   1.2558378e+06
   1.2563712e+06
   1.2568137e+06
   1.2571936e+06
   1.2577290e+06
   1.2581423e+06
   1.2587266e+06
   1.3007935e+06
   1.3052545e+06
   1.3059658e+06
   1.3068746e+06
   1.3075480e+06
   1.3081302e+06
   1.3086554e+06
   1.3091654e+06
   1.3100476e+06
   1.3105117e+06
   1.3115637e+06
   1.3125640e+06
   1.3133614e+06
   1.3139860e+06
   1.3143486e+06
   1.3148105e+06
   1.3154277e+06
   1.3160081e+06
   1.3166535e+06
   1.3171925e+06
   1.3180351e+06
   1.3185157e+06
   1.3197281e+06
   1.3604229e+06
   1.3610122e+06
   1.3616017e+06
   1.3622980e+06
   1.3630436e+06
   1.3638959e+06
   1.3645710e+06
   1.3655031e+06
   1.3658961e+06
   1.3663957e+06
   1.3675695e+06
   1.3681785e+06
   1.3687979e+06
   1.3692821e+06
   1.3697400e+06
   1.3703195e+06
   1.3711050e+06
   1.3714665e+06
   1.3719307e+06
   1.3724861e+06
   1.3730804e+06
   1.3739323e+06
   1.3743882e+06
   1.3752306e+06
   1.3756741e+06
   1.3760912e+06
   1.3768155e+06
   1.3772555e+06
   1.3778033e+06
   1.3782833e+06
   1.3788394e+06
   1.3794698e+06
   1.4204813e+06
   1.4213059e+06
   1.4218017e+06
   1.4221798e+06
   1.4227736e+06
   1.4234042e+06
   1.4237681e+06
   1.4241275e+06
   1.4245813e+06
   1.4250827e+06
   1.4263330e+06
   1.4267410e+06
   1.4274094e+06
   1.4279999e+06
   1.4284924e+06
   1.4290174e+06
   1.4293313e+06
   1.4297634e+06
   1.4302264e+06
   1.4307470e+06
   1.4311282e+06
   1.4315224e+06
   1.4320604e+06
   1.4324891e+06
   1.4331633e+06
   1.4334682e+06
   1.4339147e+06
   1.4344722e+06
   1.4354683e+06
   1.4363482e+06
   1.4368989e+06
   1.4373127e+06
   1.4378991e+06
   1.4382511e+06
   1.4390017e+06
   1.4393269e+06
   1.4398091e+06
   1.4804520e+06
   1.4808775e+06
   1.4813942e+06
   1.4817777e+06
   1.4822192e+06
   1.4830400e+06
   1.4836187e+06
   1.4841235e+06
   1.4846095e+06
   1.4851431e+06
   1.4856015e+06
   1.4860081e+06
   1.4875417e+06
   1.4879148e+06
   1.4884331e+06
   1.4888935e+06
   1.4897998e+06
   1.4905191e+06
   1.4909419e+06
   1.4922855e+06
   1.4930339e+06
   1.4950275e+06
   1.4955561e+06
   1.4961624e+06
   1.4966541e+06
   1.4972585e+06
   1.4977724e+06
   1.4981515e+06
   1.4986119e+06
   1.5406079e+06
   1.5412731e+06
   1.5427246e+06
   1.5431953e+06
   1.5455933e+06
   1.5463167e+06
   1.5469192e+06
   1.5475037e+06
   1.5479884e+06
   1.5485274e+06
   1.5490314e+06
   1.5494928e+06
   1.5499714e+06
   1.5505442e+06
   1.5513673e+06
   1.5521183e+06
   1.5524854e+06
   1.5531026e+06
   1.5538539e+06
   1.5548471e+06
   1.5551869e+06
   1.5556212e+06
   1.5561002e+06
   1.5567012e+06
   1.5573380e+06
   1.5579563e+06
   1.5584273e+06
   1.5591148e+06
   1.5596876e+06
   1.6005321e+06
   1.6009845e+06
   1.6015219e+06
   1.6021803e+06
   1.6027843e+06
   1.6032381e+06
   1.6038251e+06
   1.6044241e+06
   1.6050995e+06
   1.6055185e+06
   1.6062112e+06
   1.6068637e+06
   1.6073202e+06
   1.6077447e+06
   1.6081687e+06
   1.6085646e+06
   1.6088457e+06
   1.6093300e+06
   1.6098212e+06
   1.6103890e+06
   1.6109345e+06
   1.6114029e+06
   1.6118934e+06
   1.6124072e+06
   1.6128489e+06
   1.6133731e+06
   1.6137353e+06
   1.6146087e+06
   1.6151890e+06
   1.6159657e+06
   1.6165009e+06
   1.6174676e+06
   1.6187267e+06
   1.6194025e+06
   1.6197663e+06
   1.6606689e+06
   1.6617115e+06
   1.6624251e+06
   1.6628984e+06
   1.6634748e+06
   1.6641538e+06
   1.6647065e+06
   1.6652962e+06
   1.6664847e+06
   1.6669521e+06
   1.6675737e+06
   1.6679156e+06
   1.6685022e+06
   1.6690768e+06
   1.6697881e+06
   1.6701310e+06
   1.6704943e+06
   1.6710233e+06
   1.6717421e+06
   1.6725535e+06
   1.6732963e+06
   1.6743332e+06
   1.6750503e+06
   1.6757007e+06
   1.6762579e+06
   1.6766319e+06
   1.6770530e+06
   1.6773972e+06
   1.6778058e+06
   1.6784366e+06
   1.6787925e+06
   1.6792905e+06
   1.6796954e+06
   1.7207301e+06
   1.7211716e+06
   1.7216743e+06
   1.7221380e+06
   1.7225765e+06
   1.7230907e+06
   1.7245392e+06
   1.7274179e+06
   1.7278870e+06
   1.7283004e+06
   1.7286505e+06
   1.7294785e+06
   1.7300702e+06
   1.7308472e+06
   1.7313562e+06
   1.7318888e+06
   1.7327241e+06
   1.7335723e+06
   1.7350620e+06
   1.7362873e+06
   1.7382629e+06
   1.7387126e+06
   1.7391121e+06
   1.7396112e+06
   1.7808546e+06
   1.7813534e+06
   1.7821867e+06
   1.7827541e+06
   1.7832016e+06
   1.7840617e+06
   1.7844594e+06
   1.7849151e+06
   1.7853086e+06
   1.7856121e+06
   1.7859781e+06
   1.7864987e+06
   1.7875356e+06
   1.7888994e+06
   1.7898147e+06
   1.7904390e+06
   1.7910259e+06
   1.7927658e+06
   1.7934574e+06
   1.7948071e+06
   1.7954648e+06
   1.7957745e+06
   1.7962323e+06
   1.7967903e+06
   1.7970846e+06
   1.7975679e+06
   1.7979210e+06
   1.7986580e+06
   1.7993842e+06
   1.8405560e+06
   1.8409167e+06
   1.8414523e+06
   1.8420704e+06
   1.8424703e+06
   1.8430121e+06
   1.8434004e+06
   1.8438981e+06
   1.8443918e+06
   1.8448175e+06
   1.8456046e+06
   1.8460280e+06
   1.8466087e+06
   1.8473916e+06
   1.8480147e+06
   1.8484718e+06
   1.8491036e+06
   1.8496124e+06
   1.8500834e+06
   1.8514171e+06
   1.8521664e+06
   1.8526219e+06
   1.8531810e+06
   1.8545003e+06
   1.8548942e+06
   1.8559382e+06
   1.8564653e+06
   1.8571115e+06
   1.8577339e+06
   1.8582570e+06
   1.8586411e+06
   1.8594996e+06
   1.9010290e+06
   1.9015382e+06
   1.9018829e+06
   1.9026392e+06
   1.9030062e+06
   1.9034751e+06
   1.9043225e+06
   1.9048110e+06
   1.9052680e+06
   1.9059652e+06
   1.9077188e+06
   1.9082731e+06
   1.9087129e+06
   1.9092007e+06
   1.9099126e+06
   1.9104139e+06
   1.9109958e+06
   1.9114058e+06
   1.9120425e+06
   1.9124256e+06
   1.9131087e+06
   1.9145492e+06
   1.9152844e+06
   1.9160407e+06
   1.9164977e+06
   1.9169329e+06
   1.9174775e+06
   1.9180592e+06
   1.9184686e+06
   1.9188690e+06
   1.9194588e+06
   6.0942946e+04
   6.1517614e+04
   6.2080591e+04
   6.2673826e+04
   6.3126124e+04
   6.3692379e+04
   6.4306571e+04
   6.4949775e+04
   6.5874593e+04
   6.6428361e+04
   6.6893503e+04
   6.7477596e+04
   6.8460626e+04
   6.9312846e+04
   7.0334209e+04
   7.1094843e+04
   7.1668446e+04
   7.2346827e+04
   7.3766437e+04
   7.4628544e+04
   7.5243078e+04
   7.6867720e+04
   7.8057999e+04
   7.8716721e+04
   7.9251697e+04
   8.0421633e+04
   8.0963183e+04
   8.1364123e+04
   8.2140779e+04
   8.3399245e+04
   8.3958914e+04
   8.5393100e+04
   9.8718545e+04
   9.9570140e+04
   1.2061747e+05
   1.2115420e+05
   1.2194754e+05
   1.2240388e+05
   1.2315857e+05
   1.2363965e+05
   1.2422437e+05
   1.2457556e+05
   1.2521818e+05
   1.2566249e+05
   1.2648991e+05
   1.2779723e+05
   1.2875601e+05
   1.3006043e+05
   1.3109729e+05
   1.3174675e+05
   1.3238688e+05
   1.3307087e+05
   1.3370782e+05
   1.3491135e+05
   1.3545776e+05
   1.3596601e+05
   1.3701244e+05
   1.3763664e+05
   1.3803423e+05
   1.3968022e+05
   1.4015720e+05
   1.4083662e+05
   1.4151760e+05
   1.4200009e+05
   1.4271824e+05
   1.4325191e+05
   1.4371031e+05
   1.4441755e+05
   1.4547233e+05
   1.4675344e+05
   1.4775153e+05
   1.4841157e+05
   1.4933882e+05
   1.4973282e+05
   1.5045391e+05
   1.5103876e+05
   1.5157783e+05
   1.5251741e+05
   1.5286330e+05
   1.5379868e+05
   1.5422872e+05
   1.5474855e+05
   1.5558089e+05
   1.5610086e+05
   1.5709080e+05
   1.5759563e+05
   1.5840622e+05
   1.8063865e+05
   1.8125197e+05
   1.8214846e+05
   1.8332865e+05
   1.8387201e+05
   1.8477680e+05
   1.8537556e+05
   1.8590105e+05
   1.8649783e+05
   1.8723206e+05
   1.8823721e+05
   1.8879127e+05
   1.8993552e+05
   1.9064532e+05
   1.9149754e+05
   1.9230565e+05
   1.9394164e+05
   1.9465230e+05
   1.9651488e+05
   1.9699103e+05
   1.9839777e+05
   1.9907311e+05
   1.9967225e+05
   2.0030951e+05
   2.0192606e+05
   2.0272237e+05
   2.0415121e+05
   2.0458553e+05
   2.0685546e+05
   2.0728355e+05
   2.0782017e+05
   2.0832928e+05
   2.0900349e+05
   2.0967082e+05
   2.1140302e+05
   2.1421722e+05
   2.1510376e+05
   2.1614612e+05
   2.1703754e+05
   2.1861127e+05
   2.1934876e+05
   2.4087989e+05
   2.4141206e+05
   2.4181896e+05
   2.4251820e+05
   2.4398187e+05
   2.4445507e+05
   2.4554130e+05
   2.4630919e+05
   2.4671119e+05
   2.4810400e+05
   2.4877820e+05
   2.4947658e+05
   2.5038473e+05
   2.5082337e+05
   2.5159749e+05
   2.5185592e+05
   2.5282560e+05
   2.5353085e+05
   2.5415055e+05
   2.5547287e+05
   2.5639186e+05
   2.5671268e+05
   2.5763477e+05
   2.5819308e+05
   2.5913648e+05
   2.6013529e+05
   2.6107179e+05
   2.6160370e+05
   2.6233026e+05
   2.6316467e+05
   2.6364044e+05
   2.6401237e+05
   2.6490787e+05
   2.6577793e+05
   2.6649793e+05
   2.6802542e+05
   2.6896788e+05
   2.6967489e+05
   2.7055095e+05
   2.7128834e+05
   2.7208548e+05
   2.7262437e+05
   2.7373651e+05
   2.7428999e+05
   2.7473667e+05
   2.7525194e+05
   2.7645671e+05
   2.7686052e+05
   2.7724998e+05
   2.7783650e+05
   2.7917691e+05
   2.7997987e+05
   3.0275631e+05
   3.0333721e+05
   3.0386776e+05
   3.0597623e+05
   3.0684247e+05
   3.0759674e+05
   3.0830494e+05
   3.1125279e+05
   3.1165685e+05
   3.1292783e+05
   3.1371408e+05
   3.1510941e+05
   3.1574529e+05
   3.1660638e+05
   3.1735966e+05
   3.1784771e+05
   3.1830074e+05
   3.1962756e+05
   3.2019037e+05
   3.2151885e+05
   3.2229492e+05
   3.2276187e+05
   3.2339027e+05
   3.2437029e+05
   3.2527077e+05
   3.2588808e+05
   3.2633257e+05
   3.2705553e+05
   3.2792097e+05
   3.2907616e+05
   3.2948555e+05
   3.3062554e+05
   3.3288775e+05
   3.3348992e+05
   3.3440291e+05
   3.3502908e+05
   3.3587671e+05
   3.3643106e+05
   3.3698995e+05
   3.3777030e+05
   3.3853227e+05
   3.3958955e+05
   3.3998363e+05
   3.6069109e+05
   3.6108234e+05
   3.6165750e+05
   3.6227598e+05
   3.6314211e+05
   3.6374317e+05
   3.6465809e+05
   3.6533784e+05
   3.6577760e+05
   3.6640330e+05
   3.6696918e+05
   3.6774410e+05
   3.6863546e+05
   3.6937366e+05
   3.6978748e+05
   3.7380873e+05
   3.7422563e+05
   3.7500009e+05
   3.7552916e+05
   3.7606037e+05
   3.7689355e+05
   3.7749265e+05
   3.7841737e+05
   3.7904074e+05
   3.7951039e+05
   3.8036163e+05
   3.8085489e+05
   3.8393003e+05
   3.8464452e+05
   3.8556882e+05
   3.8644186e+05
   3.8719295e+05
   3.8786152e+05
   3.8854023e+05
   3.8888092e+05
   3.8947896e+05
   3.9080661e+05
   3.9234883e+05
   3.9403146e+05
   3.9443470e+05
   3.9506088e+05
   3.9552782e+05
   3.9619140e+05
   3.9675472e+05
   3.9769768e+05
   3.9831695e+05
   4.2099273e+05
   4.2178685e+05
   4.2257849e+05
   4.2338081e+05
   4.2394374e+05
   4.2486494e+05
   4.2550417e+05
   4.2628390e+05
   4.2707913e+05
   4.2781332e+05
   4.2826409e+05
   4.2875491e+05
   4.2995440e+05
   4.3051938e+05
   4.3105149e+05
   4.3178822e+05
   4.3266262e+05
   4.3320065e+05
   4.3396967e+05
   4.3459579e+05
   4.3553875e+05
   4.3607510e+05
   4.3648968e+05
   4.3689230e+05
   4.3732372e+05
   4.3772220e+05
   4.3991246e+05
   4.4049588e+05
   4.4115932e+05
   4.4169140e+05
   4.4259278e+05
   4.4315547e+05
   4.4391045e+05
   4.4457298e+05
   4.4549195e+05
   4.4622538e+05
   4.4681481e+05
   4.4740843e+05
   4.5036939e+05
   4.5103494e+05
   4.5163983e+05
   4.5216913e+05
   4.5255093e+05
   4.5361500e+05
   4.5416009e+05
   4.5498241e+05
   4.5610239e+05
   4.5678990e+05
   4.5732568e+05
   4.5814114e+05
   4.5888068e+05
   4.5961559e+05
   4.8064159e+05
   4.8229437e+05
   4.8307335e+05
   4.8405527e+05
   4.8459217e+05
   4.8552830e+05
   4.8636582e+05
   4.8697973e+05
   4.8774818e+05
   4.8835477e+05
   4.8907847e+05
   4.8982563e+05
   4.9088858e+05
   4.9175168e+05
   4.9257990e+05
   4.9350863e+05
   4.9403010e+05
   4.9592950e+05
   4.9658181e+05
   4.9705325e+05
   4.9765536e+05
   4.9820598e+05
   4.9862874e+05
   4.9943385e+05
   5.0019246e+05
   5.0113183e+05
   5.0214964e+05
   5.0276003e+05
   5.0322092e+05
   5.0418828e+05
   5.0522654e+05
   5.0606602e+05
   5.0662001e+05
   5.0702660e+05
   5.0756653e+05
   5.0823840e+05
   5.0879421e+05
   5.0928944e+05
   5.0973906e+05
   5.1087453e+05
   5.1143989e+05
   5.1212817e+05
   5.1378258e+05
   5.1547625e+05
   5.1815901e+05
   5.1870561e+05
   5.4063563e+05
   5.4134658e+05
   5.4253173e+05
   5.4362962e+05
   5.4639210e+05
   5.4714843e+05
   5.4805459e+05
   5.4851929e+05
   5.4900667e+05
   5.4962999e+05
   5.5169626e+05
   5.5278468e+05
   5.5385554e+05
   5.5424774e+05
   5.5491792e+05
   5.5552394e+05
   5.5746164e+05
   5.5872403e+05
   5.5942028e+05
   5.5984178e+05
   5.6023294e+05
   5.6081658e+05
   5.6135671e+05
   5.6201820e+05
   5.6332788e+05
   5.6451252e+05
   5.6511429e+05
   5.6671954e+05
   5.6750110e+05
   5.6839017e+05
   5.7060491e+05
   5.7119285e+05
   5.7222520e+05
   5.7267368e+05
   5.7374333e+05
   5.7421685e+05
   5.7483603e+05
   5.7569680e+05
   5.7862257e+05
   5.7922473e+05
   5.7971086e+05
   7.8100460e+05
   7.8150441e+05
   7.8274865e+05
   7.8306267e+05
   7.8416792e+05
   7.8475184e+05
   7.8694270e+05
   7.8753768e+05
   7.8842404e+05
   7.8951738e+05
   7.9012538e+05
   7.9181458e+05
   7.9250810e+05
   7.9298330e+05
   7.9376870e+05
   7.9426666e+05
   7.9457331e+05
   7.9500176e+05
   7.9589570e+05
   7.9628324e+05
   7.9667710e+05
   7.9718185e+05
   7.9787952e+05
   7.9847185e+05
   7.9936647e+05
   7.9998499e+05
   8.0061745e+05
   8.0125746e+05
   8.0174434e+05
   8.0290717e+05
   8.0369766e+05
   8.0448211e+05
   8.0616606e+05
   8.0663137e+05
   8.0740498e+05
   8.0802253e+05
   8.1144779e+05
   8.1207644e+05
   8.1267377e+05
   8.1305345e+05
   8.1352217e+05
   8.1402501e+05
   8.1469002e+05
   8.1509583e+05
   8.1588179e+05
   8.1625770e+05
   8.1675104e+05
   8.1756561e+05
   8.1821617e+05
   8.1934781e+05
   8.1999873e+05
   8.4070990e+05
   8.4107819e+05
   8.4189620e+05
   8.4248277e+05
   8.4357675e+05
   8.4459376e+05
   8.4497347e+05
   8.4565170e+05
   8.4616288e+05
   8.4681072e+05
   8.4750268e+05
   8.4802023e+05
   8.4852107e+05
   8.4909582e+05
   8.5023548e+05
   8.5125356e+05
   8.5198738e+05
   8.5297831e+05
   8.5345543e+05
   8.5411784e+05
   8.5486563e+05
   8.5588771e+05
   8.5642811e+05
   8.5739771e+05
   8.5834745e+05
   8.5875519e+05
   8.5916472e+05
   8.5998673e+05
   8.6450341e+05
   8.6506215e+05
   8.6541094e+05
   8.6595631e+05
   8.6698334e+05
   8.6748887e+05
   8.6814100e+05
   8.6853612e+05
   8.6909841e+05
   8.6979902e+05
   8.7043414e+05
   8.7139381e+05
   8.7182208e+05
   8.7282627e+05
   8.7371542e+05
   8.7400703e+05
   8.7476612e+05
   8.7523766e+05
   8.7597378e+05
   8.7662649e+05
   8.7702196e+05
   8.7752945e+05
   8.7823933e+05
   8.7909259e+05
   8.7971860e+05
   9.0083931e+05
   9.0124497e+05
   9.0164228e+05
   9.0228275e+05
   9.0330402e+05
   9.0384347e+05
   9.0435044e+05
   9.0531271e+05
   9.0577911e+05
   9.0635153e+05
   9.0691334e+05
   9.0746162e+05
   9.0787573e+05
   9.0833089e+05
   9.0899788e+05
   9.0971953e+05
   9.1046468e+05
   9.1105995e+05
   9.1158973e+05
   9.1218672e+05
   9.1302014e+05
   9.1360057e+05
   9.1420813e+05
   9.1479432e+05
   9.1535048e+05
   9.1602444e+05
   9.1751076e+05
   9.1810163e+05
   9.1868600e+05
   9.1923976e+05
   9.2027107e+05
   9.2254181e+05
   9.2370855e+05
   9.2413871e+05
   9.2461169e+05
   9.2500867e+05
   9.2558178e+05
   9.2591174e+05
   9.2679075e+05
   9.2737956e+05
   9.2819522e+05
   9.2948198e+05
   9.2999310e+05
   9.3078472e+05
   9.3127976e+05
   9.3176689e+05
   9.3497632e+05
   9.3551992e+05
   9.3602567e+05
   9.3663333e+05
   9.3713031e+05
   9.3790088e+05
   9.3824043e+05
   9.3891739e+05
   9.3955683e+05
   9.6075164e+05
   9.6123003e+05
   9.6165225e+05
   9.6234766e+05
   9.6320939e+05
   9.6428775e+05
   9.6468366e+05
   9.6525074e+05
   9.6628456e+05
   9.6681736e+05
   9.6812166e+05
   9.6885718e+05
   9.6944765e+05
   9.6993517e+05
   9.7068599e+05
   9.7234656e+05
   9.7307915e+05
   9.7506675e+05
   9.7548619e+05
   9.7595124e+05
   9.7685945e+05
   9.7721059e+05
   9.7758154e+05
   9.7794231e+05
   9.7836468e+05
   9.7886023e+05
   9.7928309e+05
   9.8022235e+05
   9.8066775e+05
   9.8181517e+05
   9.8305339e+05
   9.8350895e+05
   9.8448455e+05
   9.8528964e+05
   9.8618381e+05
   9.8699509e+05
   9.8745739e+05
   9.8892085e+05
   9.8960115e+05
   9.8994822e+05
   9.9050595e+05
   9.9120281e+05
   9.9215998e+05
   9.9305375e+05
   9.9387367e+05
   9.9428730e+05
   9.9463647e+05
   9.9518298e+05
   9.9582822e+05
   9.9668102e+05
   9.9748468e+05
   9.9807520e+05
   9.9865308e+05
   9.9981335e+05
   1.0205332e+06
   1.0210642e+06
   1.0217711e+06
   1.0222791e+06
   1.0231028e+06
   1.0235065e+06
   1.0241972e+06
   1.0246223e+06
   1.0251148e+06
   1.0259553e+06
   1.0266953e+06
   1.0273872e+06
   1.0282187e+06
   1.0286036e+06
   1.0291349e+06
   1.0298272e+06
   1.0308326e+06
   1.0312801e+06
   1.0319276e+06
   1.0326390e+06
   1.0333704e+06
   1.0337665e+06
   1.0341862e+06
   1.0352884e+06
   1.0358434e+06
   1.0363349e+06
   1.0366805e+06
   1.0371824e+06
   1.0377504e+06
   1.0382615e+06
   1.0390312e+06
   1.0398640e+06
   1.0404687e+06
   1.0410772e+06
   1.0418055e+06
   1.0428391e+06
   1.0432565e+06
   1.0440229e+06
   1.0496627e+06
   1.0505816e+06
   1.0512960e+06
   1.0519008e+06
   1.0525975e+06
   1.0531247e+06
   1.0536183e+06
   1.0540938e+06
   1.0552894e+06
   1.0562090e+06
   1.0570108e+06
   1.0577251e+06
   1.0593247e+06
   1.0596878e+06
   1.0806612e+06
   1.0820556e+06
   1.0829466e+06
   1.0833109e+06
   1.0848303e+06
   1.0855375e+06
   1.0865281e+06
   1.0871096e+06
   1.0877354e+06
   1.0883120e+06
   1.0889965e+06
   1.0896511e+06
   1.0900758e+06
   1.0910407e+06
   1.0942208e+06
   1.0951424e+06
   1.0955923e+06
   1.0964597e+06
   1.0974374e+06
   1.0981892e+06
   1.0998690e+06
   1.1002743e+06
   1.1006510e+06
   1.1011728e+06
   1.1018291e+06
   1.1024606e+06
   1.1030236e+06
   1.1034349e+06
   1.1042887e+06
   1.1049118e+06
   1.1053869e+06
   1.1060852e+06
   1.1064313e+06
   1.1069218e+06
   1.1075137e+06
   1.1080294e+06
   1.1085026e+06
   1.1098813e+06
   1.1106603e+06
   1.1111534e+06
   1.1116911e+06
   1.1122033e+06
   1.1129820e+06
   1.1144897e+06
   1.1153614e+06
   1.1158737e+06
   1.1164334e+06
   1.1168349e+06
   1.1403711e+06
   1.1410737e+06
   1.1415944e+06
   1.1420533e+06
   1.1425906e+06
   1.1430730e+06
   1.1436547e+06
   1.1446184e+06
   1.1452991e+06
   1.1459091e+06
   1.1466288e+06
   1.1474507e+06
   1.1491915e+06
   1.1494829e+06
   1.1500775e+06
   1.1507254e+06
   1.1510995e+06
   1.1517388e+06
   1.1525512e+06
   1.1532938e+06
   1.1537569e+06
   1.1541059e+06
   1.1544717e+06
   1.1548575e+06
   1.1552499e+06
   1.1557996e+06
   1.1563522e+06
   1.1571230e+06
   1.1578023e+06
   1.1584237e+06
   1.1591466e+06
   1.1599885e+06
   1.1612657e+06
   1.1618879e+06
   1.1626000e+06
   1.1637681e+06
   1.1644340e+06
   1.1656917e+06
   1.1661613e+06
   1.1667548e+06
   1.1675619e+06
   1.1680934e+06
   1.1687914e+06
   1.1691325e+06
   1.1695820e+06
   1.1701437e+06
   1.1705967e+06
   1.1711667e+06
   1.1717844e+06
   1.1723963e+06
   1.1728404e+06
   1.1742461e+06
   1.1748795e+06
   1.1755932e+06
   1.1760602e+06
   1.1765970e+06
   1.1787934e+06
   1.1796825e+06
   1.2008089e+06
   1.2019042e+06
   1.2024384e+06
   1.2035042e+06
   1.2040001e+06
   1.2044763e+06
   1.2049880e+06
   1.2058849e+06
   1.2063847e+06
   1.2095456e+06
   1.2101862e+06
   1.2105665e+06
   1.2113565e+06
   1.2118180e+06
   1.2126858e+06
   1.2131595e+06
   1.2137364e+06
   1.2142208e+06
   1.2147941e+06
   1.2157572e+06
   1.2163669e+06
   1.2168848e+06
   1.2171873e+06
   1.2178820e+06
   1.2187851e+06
   1.2191502e+06
   1.2198257e+06
   1.2202109e+06
   1.2208147e+06
   1.2215799e+06
   1.2222756e+06
   1.2232976e+06
   1.2240538e+06
   1.2245035e+06
   1.2252677e+06
   1.2260040e+06
   1.2268551e+06
   1.2283817e+06
   1.2296625e+06
   1.2307111e+06
   1.2313776e+06
   1.2317087e+06
   1.2321931e+06
   1.2326271e+06
   1.2331491e+06
   1.2340828e+06
   1.2344741e+06
   1.2349119e+06
   1.2353829e+06
   1.2378385e+06
   1.2388339e+06
   1.2395868e+06
   1.2399163e+06
   1.2606108e+06
   1.2620562e+06
   1.2625112e+06
   1.2633601e+06
   1.2642559e+06
   1.2658593e+06
   1.2663888e+06
   1.2670291e+06
   1.2674880e+06
   1.2682922e+06
   1.2689699e+06
   1.2695624e+06
   1.2701458e+06
   1.2707895e+06
   1.2716429e+06
   1.2719803e+06
   1.2727434e+06
   1.2731423e+06
   1.2738529e+06
   1.2742436e+06
   1.2747471e+06
   1.2753998e+06
   1.2759348e+06
   1.2765392e+06
   1.2770589e+06
   1.2778669e+06
   1.2786699e+06
   1.2796330e+06
   1.2803550e+06
   1.2819003e+06
   1.2826544e+06
   1.2835676e+06
   1.2841459e+06
   1.2846658e+06
   1.2856183e+06
   1.2865799e+06
   1.2873404e+06
   1.2879227e+06
   1.2889669e+06
   1.2895577e+06
   1.2900625e+06
   1.2905712e+06
   1.2911880e+06
   1.2918707e+06
   1.2923381e+06
   1.2931271e+06
   1.2935844e+06
   1.2941860e+06
   1.2948103e+06
   1.2954549e+06
   1.2959295e+06
   1.2965464e+06
   1.2969640e+06
   1.2977158e+06
   1.2980819e+06
   1.2986782e+06
   1.2996025e+06
   1.3209742e+06
   1.3223183e+06
   1.3228104e+06
   1.3236056e+06
   1.3248535e+06
   1.3252363e+06
   1.3330961e+06
   1.3336465e+06
   1.3348367e+06
   1.3353869e+06
   1.3360375e+06
   1.3367479e+06
   1.3374520e+06
   1.3381546e+06
   1.3389160e+06
   1.3396207e+06
   1.3403095e+06
   1.3409340e+06
   1.3417044e+06
   1.3421683e+06
   1.3427355e+06
   1.3431080e+06
   1.3437456e+06
   1.3444100e+06
   1.3451865e+06
   1.3456243e+06
   1.3461983e+06
   1.3469759e+06
   1.3477287e+06
   1.3484084e+06
   1.3491577e+06
   1.3495146e+06
   1.3501528e+06
   1.3511300e+06
   1.3517427e+06
   1.3524335e+06
   1.3528426e+06
   1.3532623e+06
   1.3537824e+06
   1.3548876e+06
   1.3553897e+06
   1.3558533e+06
   1.3562351e+06
   1.3566626e+06
   1.3571580e+06
   1.3580217e+06
   1.3586446e+06
   1.3590373e+06
   1.3808783e+06
   1.3814321e+06
   1.3819283e+06
   1.3827608e+06
   1.3844973e+06
   1.3851108e+06
   1.3856601e+06
   1.3864268e+06
   1.3871649e+06
   1.3876081e+06
   1.3880689e+06
   1.3888634e+06
   1.3893832e+06
   1.3899075e+06
   1.3906023e+06
   1.3912461e+06
   1.3917234e+06
   1.3922003e+06
   1.3925327e+06
   1.3930513e+06
   1.3934961e+06
   1.3950861e+06
   1.3959373e+06
   1.3964800e+06
   1.3969443e+06
   1.3973173e+06
   1.3981793e+06
   1.3986758e+06
   1.3994589e+06
   1.4010035e+06
   1.4015859e+06
   1.4022675e+06
   1.4028297e+06
   1.4034472e+06
   1.4039734e+06
   1.4048918e+06
   1.4053273e+06
   1.4058956e+06
   1.4069504e+06
   1.4077107e+06
   1.4081473e+06
   1.4087430e+06
   1.4092133e+06
   1.4097147e+06
   1.4100842e+06
   1.4106814e+06
   1.4111592e+06
   1.4117882e+06
   1.4122821e+06
   1.4139478e+06
   1.4145958e+06
   1.4153248e+06
   1.4159506e+06
   1.4171259e+06
   1.4176823e+06
   1.4181780e+06
   1.4190264e+06
   1.4198337e+06
   1.4404550e+06
   1.4410800e+06
   1.4516862e+06
   1.4522759e+06
   1.4529076e+06
   1.4534881e+06
   1.4542405e+06
   1.4547296e+06
   1.4552631e+06
   1.4559720e+06
   1.4563862e+06
   1.4573765e+06
   1.4578468e+06
   1.4584406e+06
   1.4591767e+06
   1.4596563e+06
   1.4603308e+06
   1.4607315e+06
   1.4611446e+06
   1.4616310e+06
   1.4626611e+06
   1.4630845e+06
   1.4636173e+06
   1.4645522e+06
   1.4653193e+06
   1.4659796e+06
   1.4668099e+06
   1.4674286e+06
   1.4680414e+06
   1.4684485e+06
   1.4689573e+06
   1.4699874e+06
   1.4708104e+06
   1.4713987e+06
   1.4722021e+06
   1.4728203e+06
   1.4734569e+06
   1.4740052e+06
   1.4747639e+06
   1.4757952e+06
   1.4765834e+06
   1.4770810e+06
   1.4786577e+06
   1.4795467e+06
   1.5009178e+06
   1.5015368e+06
   1.5021503e+06
   1.5025766e+06
   1.5031426e+06
   1.5037136e+06
   1.5049015e+06
   1.5072070e+06
   1.5076115e+06
   1.5081068e+06
   1.5086275e+06
   1.5091896e+06
   1.5096877e+06
   1.5104201e+06
   1.5115223e+06
   1.5125351e+06
   1.5130703e+06
   1.5137469e+06
   1.5144622e+06
   1.5149143e+06
   1.5157224e+06
   1.5165664e+06
   1.5169732e+06
   1.5183128e+06
   1.5188679e+06
   1.5196490e+06
   1.5201311e+06
   1.5211549e+06
   1.5217503e+06
   1.5226010e+06
   1.5232437e+06
   1.5243177e+06
   1.5248983e+06
   1.5258151e+06
   1.5263279e+06
   1.5268177e+06
   1.5274126e+06
   1.5282047e+06
   1.5289242e+06
   1.5298194e+06
   1.5309511e+06
   1.5313840e+06
   1.5329601e+06
   1.5343213e+06
   1.5354402e+06
   1.5362323e+06
   1.5379190e+06
   1.5386986e+06
   1.5392965e+06
   1.5398533e+06
   1.5605491e+06
   1.5618925e+06
   1.5623874e+06
   1.5633087e+06
   1.5637262e+06
   1.5649516e+06
   1.5654991e+06
   1.5663217e+06
   1.5669166e+06
   1.5675973e+06
   1.5681012e+06
   1.5686499e+06
   1.5691318e+06
   1.5699417e+06
   1.5704323e+06
   1.5708829e+06
   1.5717909e+06
   1.5726208e+06
   1.5733681e+06
   1.5740380e+06
   1.5745083e+06
   1.5756513e+06
   1.5762359e+06
   1.5768891e+06
   1.5777950e+06
   1.5785430e+06
   1.5793932e+06
   1.5798396e+06
   1.5803739e+06
   1.5813973e+06
   1.5818158e+06
   1.5823748e+06
   1.5827203e+06
   1.5832365e+06
   1.5841095e+06
   1.5845967e+06
   1.5850458e+06
   1.5857876e+06
   1.5862327e+06
   1.5871737e+06
   1.5875542e+06
   1.5883344e+06
   1.5887651e+06
   1.5898312e+06
   1.5911123e+06
   1.5916385e+06
   1.5919699e+06
   1.5934403e+06
   1.5939047e+06
   1.5942721e+06
   1.5954920e+06
   1.5960495e+06
   1.5964413e+06
   1.5972921e+06
   1.5981388e+06
   1.5986640e+06
   1.5999757e+06
   1.6205000e+06
   1.6209972e+06
   1.6222611e+06
   1.6228441e+06
   1.6243770e+06
   1.6253322e+06
   1.6262798e+06
   1.6268222e+06
   1.6273598e+06
   1.6282691e+06
   1.6289222e+06
   1.6297281e+06
   1.6303749e+06
   1.6312286e+06
   1.6317151e+06
   1.6322242e+06
   1.6334368e+06
   1.6338927e+06
   1.6345630e+06
   1.6351474e+06
   1.6356800e+06
   1.6361716e+06
   1.6367921e+06
   1.6375854e+06
   1.6381518e+06
   1.6385698e+06
   1.6395654e+06
   1.6399656e+06
   1.6405549e+06
   1.6411732e+06
   1.6417028e+06
   1.6460198e+06
   1.6465561e+06
   1.6475645e+06
   1.6483125e+06
   1.6487338e+06
   1.6499432e+06
   1.6504484e+06
   1.6512393e+06
   1.6530057e+06
   1.6540322e+06
   1.6550126e+06
   1.6557502e+06
   1.6563504e+06
   1.6570940e+06
   1.6577620e+06
   1.6585314e+06
   1.6593862e+06
   1.6805965e+06
   1.6809988e+06
   1.6816555e+06
   1.6826693e+06
   1.6832022e+06
   1.6835423e+06
   1.6841080e+06
   1.6847203e+06
   1.6852610e+06
   1.6875740e+06
   1.6880279e+06
   1.6886295e+06
   1.6897401e+06
   1.6901858e+06
   1.6909673e+06
   1.6918145e+06
   1.6924065e+06
   1.6929436e+06
   1.6939786e+06
   1.6944610e+06
   1.6950463e+06
   1.6956273e+06
   1.6963199e+06
   1.6968816e+06
   1.6997834e+06
   1.7003819e+06
   1.7008421e+06
   1.7013790e+06
   1.7031251e+06
   1.7036243e+06
   1.7041122e+06
   1.7044808e+06
   1.7049618e+06
   1.7058768e+06
   1.7072833e+06
   1.7080429e+06
   1.7092190e+06
   1.7098664e+06
   1.7105812e+06
   1.7112379e+06
   1.7116427e+06
   1.7121804e+06
   1.7129675e+06
   1.7146781e+06
   1.7151893e+06
   1.7160350e+06
   1.7174559e+06
   1.7178686e+06
   1.7188445e+06
   1.7193133e+06
   1.7403725e+06
   1.7409834e+06
   1.7417087e+06
   1.7450106e+06
   1.7457634e+06
   1.7464276e+06
   1.7470292e+06
   1.7474862e+06
   1.7482991e+06
   1.7491235e+06
   1.7497364e+06
   1.7503595e+06
   1.7510110e+06
   1.7513752e+06
   1.7519194e+06
   1.7523406e+06
   1.7528719e+06
   1.7532546e+06
   1.7554561e+06
   1.7558181e+06
   1.7567385e+06
   1.7583077e+06
   1.7588164e+06
   1.7593680e+06
   1.7599120e+06
   1.7602598e+06
   1.7617741e+06
   1.7622842e+06
   1.7628014e+06
   1.7631984e+06
   1.7635895e+06
   1.7641232e+06
   1.7650587e+06
   1.7659224e+06
   1.7666506e+06
   1.7671725e+06
   1.7677127e+06
   1.7687843e+06
   1.7693666e+06
   1.7728812e+06
   1.7734283e+06
   1.7742001e+06
   1.7746445e+06
   1.7751821e+06
   1.7763327e+06
   1.7769280e+06
   1.7777115e+06
   1.7782608e+06
   1.7787876e+06
   1.8004966e+06
   1.8016311e+06
   1.8019846e+06
   1.8026222e+06
   1.8030263e+06
   1.8035159e+06
   1.8040914e+06
   1.8046090e+06
   1.8053431e+06
   1.8057509e+06
   1.8063002e+06
   1.8069277e+06
   1.8079454e+06
   1.8089199e+06
   1.8096825e+06
   1.8108615e+06
   1.8116815e+06
   1.8121697e+06
   1.8140442e+06
   1.8148601e+06
   1.8162666e+06
   1.8169413e+06
   1.8176499e+06
   1.8188962e+06
   1.8191984e+06
   1.8204872e+06
   1.8224731e+06
   1.8230750e+06
   1.8243704e+06
   1.8249954e+06
   1.8255173e+06
   1.8264149e+06
   1.8310442e+06
   1.8318476e+06
   1.8325816e+06
   1.8333375e+06
   1.8338361e+06
   1.8344196e+06
   1.8349361e+06
   1.8355740e+06
   1.8363258e+06
   1.8368367e+06
   1.8376293e+06
   1.8385448e+06
   1.8388642e+06
   1.8398678e+06
   1.8611900e+06
   1.8625870e+06
   1.8635375e+06
   1.8643552e+06
   1.8652223e+06
   1.8655836e+06
   1.8690604e+06
   1.8700273e+06
   1.8704027e+06
   1.8713129e+06
   1.8719966e+06
   1.8726477e+06
   1.8731513e+06
   1.8739430e+06
   1.8743814e+06
   1.8752380e+06
   1.8813787e+06
   1.8818452e+06
   1.8826158e+06
   1.8831801e+06
   1.8837052e+06
   1.8842857e+06
   1.8851245e+06
   1.8855328e+06
   1.8863976e+06
   1.8869906e+06
   1.8876518e+06
   1.8895294e+06
   1.8922695e+06
   1.8954610e+06
   1.8959075e+06
   1.8965547e+06
   1.8970282e+06
   1.8977583e+06
   1.8982270e+06
   1.8985058e+06
   1.8993890e+06
   1.8959729e+06
   1.8968253e+06
   1.8973276e+06
   1.8978008e+06
   1.8986747e+06
   1.8993709e+06
   1.8992515e+06
   1.8997598e+06
   1.8870653e+06
   1.8876197e+06
   1.8880588e+06
   1.8890768e+06
   1.8895794e+06
   1.8904704e+06
   1.8909453e+06
   1.8915717e+06
   1.8920655e+06
   1.8925208e+06
   1.8935567e+06
   1.8942214e+06
   1.8948751e+06
   1.8952941e+06
   1.8958586e+06
   1.8968779e+06
   1.8976112e+06
   1.8980781e+06
   1.8990786e+06
   1.8999642e+06
   1.8929295e+06
   1.8933550e+06
   1.8941007e+06
   1.8949676e+06
   1.8955801e+06
   1.8964951e+06
   1.8971269e+06
   1.8977853e+06
   1.8985355e+06
   1.8991428e+06
   1.8999029e+06
