   9.4096265e+02
   1.5523648e+03
   1.7667614e+03
   2.2224947e+03
   3.8924495e+03
   3.0943225e+04
   3.1557138e+04
   3.2194575e+04
   3.2710044e+04
   3.3216604e+04
   3.3720627e+04
   3.4333466e+04
   3.4711944e+04
   3.4940472e+04
   3.5390994e+04
   3.6272354e+04
   3.6777045e+04
   3.7249605e+04
   3.7711561e+04
   3.8316532e+04
   4.0204240e+04
   4.0415421e+04
   4.0825712e+04
   4.1295063e+04
   4.1618793e+04
   4.1789936e+04
   4.1996965e+04
   4.2371470e+04
   4.2545763e+04
   4.3018178e+04
   4.3311685e+04
   4.3575722e+04
   4.3846583e+04
   4.4107053e+04
   5.0830598e+04
   5.1069892e+04
   5.2049441e+04
   5.2287801e+04
   5.2491051e+04
   5.2694297e+04
   5.3115041e+04
   5.3316348e+04
   5.3474743e+04
   5.3680311e+04
   5.3894084e+04
   5.4615382e+04
   5.4783045e+04
   5.5002438e+04
   5.5161164e+04
   5.5464483e+04
   5.6389284e+04
   5.7664389e+04
   5.7920373e+04
   5.8198722e+04
   5.8404722e+04
   5.8898049e+04
   5.9327138e+04
   5.9726078e+04
   5.9955795e+04
   6.0576914e+04
   6.1591238e+04
   6.5979530e+04
   1.0015049e+05
   1.0031109e+05
   1.0052055e+05
   1.0069300e+05
   1.0082874e+05
   1.0100863e+05
   1.0116777e+05
   1.0130643e+05
   1.0141916e+05
   1.0161457e+05
   1.0186410e+05
   1.0200101e+05
   1.0232987e+05
   1.0253911e+05
   1.0274914e+05
   1.0291532e+05
   1.0304546e+05
   1.0326112e+05
   1.0337861e+05
   1.0353705e+05
   1.0369631e+05
   1.0383478e+05
   1.0396294e+05
   1.0424970e+05
   1.0443659e+05
   1.0466352e+05
   1.0490226e+05
   1.0506311e+05
   1.0520923e+05
   1.0537226e+05
   1.0547916e+05
   1.0570214e+05
   1.0585291e+05
   1.0596983e+05
   1.0615094e+05
   1.0629488e+05
   1.0646810e+05
   1.0660907e+05
   1.0674069e+05
   1.0695186e+05
   1.0734765e+05
   1.0751263e+05
   1.0772100e+05
   1.0799248e+05
   1.0824570e+05
   1.0860145e+05
   1.0880689e+05
   1.0907916e+05
   1.0940280e+05
   1.0967839e+05
   1.0985673e+05
   1.1001899e+05
   1.1018471e+05
   1.1051249e+05
   1.1111829e+05
   1.1128740e+05
   1.1150557e+05
   1.1178053e+05
   1.1211536e+05
   1.1239002e+05
   1.1270054e+05
   1.1290587e+05
   1.1306827e+05
   1.1323048e+05
   1.1359520e+05
   1.1390988e+05
   1.1434760e+05
   1.1459738e+05
   1.1475894e+05
   1.1495144e+05
   1.1517209e+05
   1.1532230e+05
   1.1558872e+05
   1.1580310e+05
   1.1593598e+05
   1.1618328e+05
   1.1640848e+05
   1.1667534e+05
   1.1682052e+05
   1.1703823e+05
   1.1727127e+05
   1.1748846e+05
   1.1770840e+05
   1.1790981e+05
   1.1803907e+05
   1.1822477e+05
   1.1850979e+05
   1.1870317e+05
   1.1887809e+05
   1.1901703e+05
   1.1921745e+05
   1.1944806e+05
   1.1959924e+05
   1.1973669e+05
   1.1998096e+05
   1.2049254e+05
   1.2090747e+05
   1.2176376e+05
   1.2204990e+05
   1.2242328e+05
   1.2277678e+05
   1.2337969e+05
   1.2407837e+05
   1.2447306e+05
   1.2480136e+05
   1.2510620e+05
   1.2542150e+05
   1.2578551e+05
   1.2622116e+05
   1.2697731e+05
   1.2749875e+05
   1.2787591e+05
   1.2841620e+05
   1.2966080e+05
   1.3018683e+05
   1.3126788e+05
   1.3171731e+05
   1.3219990e+05
   1.3240961e+05
   1.3301266e+05
   1.3354524e+05
   1.3399499e+05
   1.3435295e+05
   1.3471993e+05
   1.3510464e+05
   1.3596020e+05
   1.3705161e+05
   1.3743127e+05
   1.3783404e+05
   1.3873243e+05
   1.3920976e+05
   1.4076554e+05
   1.4118968e+05
   1.4263727e+05
   1.4304630e+05
   1.6056255e+05
   1.6179932e+05
   1.6241849e+05
   1.6356739e+05
   1.6382394e+05
   1.6475850e+05
   1.6512578e+05
   1.6560005e+05
   1.6590097e+05
   1.6618655e+05
   1.6670778e+05
   1.6774473e+05
   1.6791686e+05
   1.6807820e+05
   1.6824406e+05
   1.6837633e+05
   1.6857432e+05
   1.6878504e+05
   1.6891972e+05
   1.6907094e+05
   1.6923802e+05
   1.6940426e+05
   1.6956526e+05
   1.6983268e+05
   1.7004319e+05
   1.7021561e+05
   1.7039288e+05
   1.7064611e+05
   1.7082074e+05
   1.7095681e+05
   1.7109997e+05
   1.7125914e+05
   1.7139335e+05
   1.7161224e+05
   1.7196016e+05
   1.7214771e+05
   1.7226367e+05
   1.7243007e+05
   1.7256378e+05
   1.7273503e+05
   1.7290991e+05
   1.7306087e+05
   1.7321176e+05
   1.7335852e+05
   1.7351661e+05
   1.7373154e+05
   1.7389767e+05
   1.7398747e+05
   1.7464245e+05
   1.7493570e+05
   1.7519534e+05
   1.7590423e+05
   1.7621051e+05
   1.7647506e+05
   1.7688196e+05
   1.7797674e+05
   1.7832898e+05
   1.7863863e+05
   1.7932232e+05
   1.7953320e+05
   1.7971906e+05
   1.8308465e+05
   1.8354081e+05
   1.8583098e+05
   1.8647230e+05
   1.8685479e+05
   1.8746042e+05
   1.9723943e+05
   1.9753637e+05
   1.9912824e+05
   1.9981913e+05
   2.0246714e+05
   2.0307199e+05
   2.0370985e+05
   2.0393431e+05
   2.0569690e+05
   2.0621659e+05
   2.0776616e+05
   2.0825153e+05
   2.0863456e+05
   2.0929268e+05
   2.0971433e+05
   2.1456067e+05
   2.2036106e+05
   2.2069060e+05
   2.2102049e+05
   2.2123761e+05
   2.2140346e+05
   2.2171495e+05
   2.2197980e+05
   2.2215331e+05
   2.2252750e+05
   2.2270653e+05
   2.2295376e+05
   2.2332950e+05
   2.2362861e+05
   2.2414686e+05
   2.2432028e+05
   2.2449045e+05
   2.2490335e+05
   2.2514696e+05
   2.2546531e+05
   2.2570621e+05
   2.2604371e+05
   2.2628785e+05
   2.2649197e+05
   2.2675602e+05
   2.2753134e+05
   2.2769244e+05
   2.2788061e+05
   2.2802155e+05
   2.2827402e+05
   2.2852618e+05
   2.2869422e+05
   2.2886446e+05
   2.2902662e+05
   2.2925328e+05
   2.2942114e+05
   2.2963637e+05
   2.2986963e+05
   2.3011774e+05
   2.3029125e+05
   2.3042761e+05
   2.3060458e+05
   2.3074485e+05
   2.3098429e+05
   2.3113810e+05
   2.3129673e+05
   2.3147309e+05
   2.3165710e+05
   2.3184901e+05
   2.3197434e+05
   2.3212670e+05
   2.3242626e+05
   2.3270141e+05
   2.3289297e+05
   2.3319183e+05
   2.3338227e+05
   2.3357506e+05
   2.3374279e+05
   2.3394499e+05
   2.3432821e+05
   2.3454563e+05
   2.3493138e+05
   2.3522069e+05
   2.3558185e+05
   2.3591189e+05
   2.3897164e+05
   2.3937227e+05
   2.3963321e+05
   2.3981215e+05
   2.4189105e+05
   2.4236758e+05
   2.4289557e+05
   2.4402701e+05
   2.4544019e+05
   2.4578903e+05
   2.4754452e+05
   2.4789036e+05
   2.4807814e+05
   2.5018901e+05
   2.5057965e+05
   2.5184603e+05
   2.5244263e+05
   2.5311429e+05
   2.5366881e+05
   2.5418922e+05
   2.5598442e+05
   2.5624138e+05
   2.5692556e+05
   2.5717498e+05
   2.5741929e+05
   2.5804536e+05
   2.5863409e+05
   2.5888681e+05
   2.5931626e+05
   2.5972964e+05
   2.6110852e+05
   2.6152555e+05
   2.6192848e+05
   2.6221622e+05
   2.6271650e+05
   2.6467697e+05
   2.6682791e+05
   2.6733174e+05
   2.6797930e+05
   2.6827329e+05
   2.6920359e+05
   2.7204060e+05
   2.7231436e+05
   2.7399746e+05
   2.7482195e+05
   2.7614132e+05
   2.7669189e+05
   2.7723716e+05
   2.7759664e+05
   2.7798470e+05
   2.7828478e+05
   2.7883826e+05
   2.7926304e+05
   2.7998935e+05
   2.8021300e+05
   2.8041771e+05
   2.8064636e+05
   2.8082120e+05
   2.8096411e+05
   2.8139398e+05
   2.8163164e+05
   2.8181707e+05
   2.8213373e+05
   2.8235579e+05
   2.8258699e+05
   2.8303151e+05
   2.8324358e+05
   2.8339050e+05
   2.8365041e+05
   2.8406853e+05
   2.8435981e+05
   2.8469699e+05
   2.8528065e+05
   2.8548035e+05
   2.8573852e+05
   2.8592811e+05
   2.8667958e+05
   2.8692638e+05
   2.8739828e+05
   2.8778189e+05
   2.8882945e+05
   2.8914339e+05
   2.8970308e+05
   2.9006769e+05
   2.9132554e+05
   2.9180761e+05
   2.9196902e+05
   2.9225282e+05
   2.9246497e+05
   2.9262409e+05
   2.9287984e+05
   2.9308971e+05
   2.9332602e+05
   2.9378135e+05
   2.9424805e+05
   2.9442038e+05
   2.9459051e+05
   2.9479877e+05
   2.9496726e+05
   2.9516789e+05
   2.9531146e+05
   2.9548310e+05
   2.9567030e+05
   2.9579607e+05
   2.9596546e+05
   2.9613031e+05
   2.9632445e+05
   2.9663021e+05
   2.9679885e+05
   2.9695335e+05
   2.9709730e+05
   2.9723270e+05
   2.9737851e+05
   2.9756571e+05
   2.9786177e+05
   2.9813602e+05
   2.9837185e+05
   2.9860806e+05
   2.9877197e+05
   2.9892951e+05
   2.9907058e+05
   2.9922604e+05
   2.9941064e+05
   2.9963432e+05
   2.9978264e+05
   2.9995359e+05
   3.0033329e+05
   3.0079678e+05
   3.0110336e+05
   3.0144190e+05
   3.0209391e+05
   3.0239564e+05
   3.0281993e+05
   3.0591025e+05
   3.0616167e+05
   3.0712399e+05
   3.0770272e+05
   3.0817901e+05
   3.0881411e+05
   3.0900465e+05
   3.0939440e+05
   3.0985950e+05
   3.1050499e+05
   3.1140848e+05
   3.1200021e+05
   3.2276222e+05
   3.2325394e+05
   3.2353436e+05
   3.2433798e+05
   3.2499744e+05
   3.2561264e+05
   3.2606138e+05
   3.2657224e+05
   3.2719655e+05
   3.2787578e+05
   3.2830795e+05
   3.2873650e+05
   3.3039904e+05
   3.3086014e+05
   3.3157224e+05
   3.3197928e+05
   3.3218511e+05
   3.3285632e+05
   3.3412511e+05
   3.3512387e+05
   3.3586780e+05
   3.3811857e+05
   3.3852124e+05
   3.4016390e+05
   3.4032558e+05
   3.4053101e+05
   3.4069619e+05
   3.4083018e+05
   3.4096595e+05
   3.4135415e+05
   3.4151465e+05
   3.4164320e+05
   3.4189449e+05
   3.4212417e+05
   3.4233447e+05
   3.4247563e+05
   3.4263351e+05
   3.4278150e+05
   3.4293086e+05
   3.4304891e+05
   3.4322372e+05
   3.4334632e+05
   3.4377800e+05
   3.4391293e+05
   3.4414829e+05
   3.4429884e+05
   3.4448000e+05
   3.4490773e+05
   3.4516732e+05
   3.4532038e+05
   3.4544168e+05
   3.4555331e+05
   3.4574784e+05
   3.4593859e+05
   3.4613013e+05
   3.4631905e+05
   3.4650869e+05
   3.4664446e+05
   3.4675785e+05
   3.4691653e+05
   3.4732313e+05
   3.4748786e+05
   3.4762221e+05
   3.4786505e+05
   3.4811342e+05
   3.4845539e+05
   3.4878904e+05
   3.4892662e+05
   3.4918092e+05
   3.4934525e+05
   3.4957375e+05
   3.4980312e+05
   3.4993892e+05
   3.5011202e+05
   3.5043832e+05
   3.5074841e+05
   3.5091347e+05
   3.5108337e+05
   3.5124474e+05
   3.5147091e+05
   3.5162135e+05
   3.5177626e+05
   3.5198995e+05
   3.5220379e+05
   3.5245038e+05
   3.5269825e+05
   3.5298038e+05
   3.5314550e+05
   3.5332465e+05
   3.5347780e+05
   3.5377986e+05
   3.5428994e+05
   3.5441061e+05
   3.5465163e+05
   3.5479637e+05
   3.5494704e+05
   3.5507967e+05
   3.5524603e+05
   3.5537027e+05
   3.5552262e+05
   3.5569149e+05
   3.5587642e+05
   3.5602951e+05
   3.5616758e+05
   3.5628352e+05
   3.5654142e+05
   3.5670502e+05
   3.5689651e+05
   3.5701886e+05
   3.5724428e+05
   3.5738636e+05
   3.5753090e+05
   3.5768898e+05
   3.5784816e+05
   3.5799971e+05
   3.5820815e+05
   3.5846363e+05
   3.5862456e+05
   3.5877710e+05
   3.5894815e+05
   3.5909785e+05
   3.5919838e+05
   3.5932117e+05
   3.5954979e+05
   3.5967342e+05
   3.5981330e+05
   3.5994421e+05
   3.6097326e+05
   3.6268244e+05
   3.6309761e+05
   3.6437891e+05
   3.6541928e+05
   3.6581318e+05
   3.6621549e+05
   3.6724075e+05
   3.6773936e+05
   3.6827320e+05
   3.6918651e+05
   4.0058727e+05
   4.0110440e+05
   4.0236122e+05
   4.0346441e+05
   4.0406292e+05
   4.1580411e+05
   4.1638663e+05
   4.1655272e+05
   4.1723526e+05
   4.1766787e+05
   4.1787464e+05
   4.1809797e+05
   4.1889000e+05
   4.1907843e+05
   4.1981354e+05
   4.2117003e+05
   4.2581136e+05
   4.2605518e+05
   4.2646057e+05
   4.2747143e+05
   4.2800297e+05
   4.2864436e+05
   4.2906430e+05
   4.3022384e+05
   4.3065440e+05
   4.3089080e+05
   4.3165026e+05
   4.3200099e+05
   4.3283608e+05
   4.3339208e+05
   4.3382813e+05
   4.3410025e+05
   4.3507780e+05
   4.3543620e+05
   4.3566658e+05
   4.3652731e+05
   4.4684457e+05
   4.4816936e+05
   4.4900015e+05
   4.4948472e+05
   4.5006747e+05
   4.5279719e+05
   4.5321611e+05
   4.5365747e+05
   4.5550045e+05
   4.5698804e+05
   4.5887501e+05
   4.5909497e+05
   4.6029752e+05
   4.6061543e+05
   4.6134707e+05
   4.6170085e+05
   4.6188216e+05
   4.6214688e+05
   4.6239744e+05
   4.6617525e+05
   4.6644292e+05
   4.6683772e+05
   4.6724903e+05
   4.6750422e+05
   4.6764778e+05
   4.6781862e+05
   4.6801324e+05
   4.6828199e+05
   4.6845891e+05
   4.6864610e+05
   4.6879310e+05
   4.6910028e+05
   4.6923319e+05
   4.6944110e+05
   4.6966729e+05
   4.6986176e+05
   4.7008688e+05
   4.7031939e+05
   4.7052923e+05
   4.7071359e+05
   4.7096053e+05
   4.7113453e+05
   4.7151873e+05
   4.7174215e+05
   4.7194109e+05
   4.7213182e+05
   4.7237929e+05
   4.7255187e+05
   4.7273471e+05
   4.7294684e+05
   4.7316757e+05
   4.7339731e+05
   4.7358791e+05
   4.7379457e+05
   4.7396604e+05
   4.7471313e+05
   4.7495705e+05
   4.7573717e+05
   4.8028470e+05
   4.8089920e+05
   4.8128606e+05
   4.8652639e+05
   4.8700796e+05
   4.8752602e+05
   4.8804115e+05
   4.8841088e+05
   4.8880248e+05
   4.8909946e+05
   4.8930697e+05
   4.9618402e+05
   4.9696226e+05
   4.9855798e+05
   4.9890932e+05
   5.0014627e+05
   5.0037094e+05
   5.0080074e+05
   5.0107946e+05
   5.0182661e+05
   5.0208369e+05
   5.0268310e+05
   5.0303498e+05
   5.0342409e+05
   5.0663917e+05
   5.0843063e+05
   5.0912941e+05
   5.0993514e+05
   5.1030377e+05
   5.1070998e+05
   5.1120072e+05
   5.1155881e+05
   5.1210973e+05
   5.1272507e+05
   5.1292913e+05
   5.1458862e+05
   5.1527830e+05
   5.1658626e+05
   5.1695730e+05
   5.1741751e+05
   5.1775076e+05
   5.1802750e+05
   5.1825209e+05
   5.1848479e+05
   5.2124726e+05
   5.2238555e+05
   5.2274793e+05
   5.2333167e+05
   5.2653135e+05
   5.2740585e+05
   5.2767574e+05
   5.2821924e+05
   5.2847999e+05
   5.2881493e+05
   5.2907230e+05
   5.2939989e+05
   5.2968200e+05
   5.2990706e+05
   5.3080237e+05
   5.3117434e+05
   5.3137532e+05
   5.3162194e+05
   5.3189128e+05
   5.3248319e+05
   5.3273336e+05
   5.3289366e+05
   5.3356260e+05
   5.3376200e+05
   5.3440077e+05
   5.3470350e+05
   5.3494593e+05
   5.3535659e+05
   5.3555561e+05
   5.3615340e+05
   5.3658403e+05
   5.3687504e+05
   5.3721696e+05
   5.3779291e+05
   5.3823547e+05
   5.3851190e+05
   5.3914023e+05
   5.3942948e+05
   5.3998547e+05
   5.4063917e+05
   5.4161326e+05
   5.4217751e+05
   5.4328640e+05
   5.4375006e+05
   5.4412437e+05
   5.4629553e+05
   5.4676522e+05
   5.4787606e+05
   5.4824516e+05
   5.4887822e+05
   5.4922555e+05
   5.5088709e+05
   5.5647844e+05
   5.5704912e+05
   5.6321027e+05
   5.6450319e+05
   5.6490067e+05
   5.6531997e+05
   5.6580969e+05
   5.6675050e+05
   5.6722730e+05
   5.6765621e+05
   5.6803792e+05
   5.6827494e+05
   5.6928747e+05
   5.6971870e+05
   5.7073231e+05
   5.7112549e+05
   5.7221557e+05
   5.7283254e+05
   5.7333996e+05
   5.7358324e+05
   5.7484432e+05
   5.7742534e+05
   5.7771383e+05
   5.7791292e+05
   5.7875569e+05
   5.7928345e+05
   5.8028018e+05
   5.8045332e+05
   5.8067024e+05
   5.8091074e+05
   5.8122819e+05
   5.8141934e+05
   5.8164546e+05
   5.8222558e+05
   5.8247392e+05
   5.8264642e+05
   5.8281831e+05
   5.8331047e+05
   5.8364655e+05
   5.8386668e+05
   5.8406089e+05
   5.8427972e+05
   5.8443980e+05
   5.8466749e+05
   5.8507043e+05
   5.8547356e+05
   5.8565893e+05
   5.8600872e+05
   5.8638733e+05
   5.8673229e+05
   5.8691761e+05
   5.8761727e+05
   5.8880583e+05
   5.8903460e+05
   5.8934353e+05
   5.9001008e+05
   5.9027905e+05
   5.9048992e+05
   5.9070058e+05
   5.9136635e+05
   5.9255157e+05
   5.9280314e+05
   5.9297876e+05
   5.9323564e+05
   5.9357761e+05
   5.9383428e+05
   5.9426425e+05
   5.9513366e+05
   5.9539638e+05
   5.9563571e+05
   5.9586398e+05
   5.9610419e+05
   5.9663533e+05
   5.9692993e+05
   5.9824211e+05
   5.9878484e+05
   5.9913767e+05
   5.9933414e+05
   5.9952809e+05
   5.9971189e+05
   5.9994894e+05
   6.0067830e+05
   6.0117243e+05
   6.0154449e+05
   6.0253028e+05
   6.0272191e+05
   6.0381420e+05
   6.0437301e+05
   6.0483309e+05
   6.0545891e+05
   6.3102389e+05
   6.3180684e+05
   6.3211938e+05
   6.3256655e+05
   6.3297041e+05
   6.3335250e+05
   6.3401478e+05
   6.3450133e+05
   6.3531104e+05
   6.3558567e+05
   6.3623635e+05
   6.4543559e+05
   6.4568464e+05
   6.4671268e+05
   6.4733738e+05
   6.4810068e+05
   6.4896510e+05
   6.4956024e+05
   6.4978511e+05
   6.5028893e+05
   6.5069393e+05
   6.5103819e+05
   6.5137898e+05
   6.5173877e+05
   6.5236508e+05
   6.5287757e+05
   6.5332316e+05
   6.5371809e+05
   6.5422798e+05
   6.5455992e+05
   6.5583771e+05
   6.5854209e+05
   6.5895002e+05
   6.6032960e+05
   6.6116544e+05
   6.6163250e+05
   6.6459375e+05
   6.6478614e+05
   6.6538736e+05
   6.6556718e+05
   6.6584724e+05
   6.6645283e+05
   6.6667383e+05
   6.6704120e+05
   6.6752854e+05
   6.6810924e+05
   6.6850284e+05
   6.6889895e+05
   6.6951536e+05
   6.7025149e+05
   6.7058202e+05
   6.7121000e+05
   6.7188027e+05
   6.7226299e+05
   6.7263757e+05
   6.7303863e+05
   6.7351107e+05
   6.7536513e+05
   6.7704281e+05
   6.7896828e+05
   6.8408107e+05
   6.8516632e+05
   6.8553527e+05
   6.8582261e+05
   6.8683549e+05
   6.8798909e+05
   6.8842051e+05
   6.8893608e+05
   6.8928936e+05
   6.8972628e+05
   6.9013972e+05
   6.9064530e+05
   6.9331550e+05
   6.9429904e+05
   6.9631390e+05
   6.9660752e+05
   6.9699642e+05
   6.9764850e+05
   6.9806143e+05
   6.9853088e+05
   6.9889859e+05
   6.9934334e+05
   6.9960082e+05
   7.0053950e+05
   7.0106543e+05
   7.0237536e+05
   7.0717609e+05
   7.0783209e+05
   7.1128583e+05
   7.1197028e+05
   7.1276567e+05
   7.1312599e+05
   7.1368188e+05
   7.1400667e+05
   7.1448293e+05
   7.1479497e+05
   7.1520579e+05
   7.1547088e+05
   7.1600280e+05
   7.1879948e+05
   7.1921831e+05
   7.1962667e+05
   7.1979533e+05
   7.2036081e+05
   7.2279712e+05
   7.2323310e+05
   7.2347844e+05
   7.2389624e+05
   7.2417642e+05
   7.3719685e+05
   7.3755505e+05
   7.3834103e+05
   7.3902343e+05
   7.3940940e+05
   7.3969535e+05
   7.4102544e+05
   7.4204727e+05
   7.4261157e+05
   7.4287077e+05
   7.4309280e+05
   7.4415905e+05
   7.4503178e+05
   7.4554799e+05
   7.4632259e+05
   7.4657588e+05
   7.4771005e+05
   7.4808006e+05
   7.4860813e+05
   7.4887173e+05
   7.4947798e+05
   7.4980705e+05
   7.5004310e+05
   7.5031813e+05
   7.5076266e+05
   7.5108775e+05
   7.5125505e+05
   7.5204644e+05
   7.5231623e+05
   7.5267726e+05
   7.5340477e+05
   7.5409844e+05
   7.5530837e+05
   7.5566066e+05
   7.5583623e+05
   7.5625892e+05
   7.5668357e+05
   7.5748420e+05
   7.5785670e+05
   7.5916061e+05
   7.5977509e+05
   7.6016794e+05
   7.6043494e+05
   7.6087117e+05
   7.6105947e+05
   7.6133859e+05
   7.6175629e+05
   7.7127437e+05
   7.7167194e+05
   7.7191493e+05
   7.7205287e+05
   7.7354438e+05
   7.7371368e+05
   7.7457261e+05
   7.7478772e+05
   7.7555818e+05
   7.7584461e+05
   7.7667837e+05
   7.7681107e+05
   7.7699340e+05
   7.7713194e+05
   7.7763264e+05
   7.7782304e+05
   7.7799489e+05
   7.7816431e+05
   7.7852098e+05
   7.7874010e+05
   7.7889372e+05
   7.7907086e+05
   7.8027614e+05
   7.8051520e+05
   7.8083755e+05
   7.8113901e+05
   7.8707832e+05
   7.8817900e+05
   7.8937300e+05
   7.8972015e+05
   7.9039583e+05
   7.9123919e+05
   7.9147390e+05
   7.9194986e+05
   7.9235019e+05
   7.9271949e+05
   7.9446169e+05
   7.9472299e+05
   7.9560822e+05
   7.9590752e+05
   7.9637200e+05
   7.9655461e+05
   7.9693611e+05
   7.9745389e+05
   7.9812886e+05
   7.9831401e+05
   7.9873155e+05
   7.9945164e+05
   7.9977156e+05
   8.0181475e+05
   8.0259633e+05
   8.0301274e+05
   8.0397394e+05
   8.0454828e+05
   8.1524364e+05
   8.1543304e+05
   8.1561706e+05
   8.1684478e+05
   8.1735274e+05
   8.1762544e+05
   8.1800132e+05
   8.1839759e+05
   8.2010405e+05
   8.2026050e+05
   8.2042054e+05
   8.2054948e+05
   8.2077932e+05
   8.2094734e+05
   8.2115989e+05
   8.2133415e+05
   8.2153876e+05
   8.2170412e+05
   8.2185589e+05
   8.2269612e+05
   8.2291115e+05
   8.2307749e+05
   8.2321686e+05
   8.2334278e+05
   8.2351492e+05
   8.2397288e+05
   8.2409112e+05
   8.2426398e+05
   8.2451055e+05
   8.2465305e+05
   8.2505110e+05
   8.2517164e+05
   8.2539682e+05
   8.2562456e+05
   8.2591872e+05
   8.2606488e+05
   8.2623155e+05
   8.2639583e+05
   8.2689687e+05
   8.2753915e+05
   8.2774490e+05
   8.2792345e+05
   8.2814592e+05
   8.2860261e+05
   8.2886584e+05
   8.2926514e+05
   8.2973931e+05
   8.2986555e+05
   8.3011611e+05
   8.3033629e+05
   8.3048309e+05
   8.3061061e+05
   8.3135739e+05
   8.3151589e+05
   8.3199642e+05
   8.3246559e+05
   8.3265462e+05
   8.3281567e+05
   8.3428665e+05
   8.3441634e+05
   8.3476085e+05
   8.3518091e+05
   8.3537112e+05
   8.3565917e+05
   8.4074425e+05
   8.4109861e+05
   8.4154754e+05
   8.4279163e+05
   8.4394390e+05
   8.4455155e+05
   8.4492219e+05
   8.4542828e+05
   8.4567358e+05
   8.4661762e+05
   8.4682566e+05
   8.4749657e+05
   8.4783663e+05
   8.4866336e+05
   8.4890028e+05
   8.5138142e+05
   8.5264423e+05
   8.5292130e+05
   8.5316311e+05
   8.5426112e+05
   8.5484045e+05
   8.5799189e+05
   8.5898720e+05
   8.5925766e+05
   8.5978953e+05
   8.6013328e+05
   8.6068665e+05
   8.6090407e+05
   8.6122818e+05
   8.6197529e+05
   8.6232562e+05
   8.6283596e+05
   8.6351499e+05
   8.6382279e+05
   8.6405867e+05
   8.6474921e+05
   8.6615419e+05
   8.6639215e+05
   8.6670779e+05
   8.6727896e+05
   8.6831223e+05
   8.6858215e+05
   8.6907267e+05
   8.6935876e+05
   8.7276011e+05
   8.7298607e+05
   8.7323926e+05
   8.7351049e+05
   8.7695371e+05
   8.7820426e+05
   8.7850433e+05
   8.7881401e+05
   8.8013476e+05
   8.8025906e+05
   8.8061321e+05
   8.8075707e+05
   8.8096144e+05
   8.8107626e+05
   8.8129530e+05
   8.8143189e+05
   8.8157789e+05
   8.8174500e+05
   8.8191218e+05
   8.8207489e+05
   8.8218717e+05
   8.8237200e+05
   8.8252490e+05
   8.8272356e+05
   8.8296112e+05
   8.8310444e+05
   8.8324777e+05
   8.8339172e+05
   8.8361533e+05
   8.8387295e+05
   8.8406261e+05
   8.8427092e+05
   8.8460823e+05
   8.8476938e+05
   8.8490599e+05
   8.8513617e+05
   8.8534404e+05
   8.8552897e+05
   8.8565764e+05
   8.8576810e+05
   8.8586658e+05
   8.8628269e+05
   8.8645928e+05
   8.8667745e+05
   8.8687370e+05
   8.8748355e+05
   8.8761645e+05
   8.8790535e+05
   8.8809744e+05
   8.8823391e+05
   8.8851486e+05
   8.8864855e+05
   8.8877190e+05
   8.8896410e+05
   8.8919414e+05
   8.8936472e+05
   8.8948610e+05
   8.8969429e+05
   8.8988563e+05
   8.9006396e+05
   8.9020232e+05
   8.9038050e+05
   8.9067037e+05
   8.9079518e+05
   8.9112531e+05
   8.9129600e+05
   8.9151741e+05
   8.9180354e+05
   8.9192239e+05
   8.9203100e+05
   8.9222813e+05
   8.9241592e+05
   8.9262808e+05
   8.9275761e+05
   8.9295739e+05
   8.9326883e+05
   8.9337316e+05
   8.9358662e+05
   8.9377476e+05
   8.9434456e+05
   8.9454196e+05
   8.9478782e+05
   8.9512975e+05
   8.9540254e+05
   8.9559079e+05
   8.9572736e+05
   8.9589850e+05
   8.9634627e+05
   8.9648833e+05
   8.9677671e+05
   8.9704292e+05
   8.9725047e+05
   8.9739139e+05
   8.9759637e+05
   8.9777933e+05
   8.9793902e+05
   8.9836202e+05
   8.9871119e+05
   8.9888791e+05
   8.9944423e+05
   8.9960377e+05
   8.9972228e+05
   9.0227793e+05
   9.0268249e+05
   9.0290499e+05
   9.0312727e+05
   9.0383186e+05
   9.0442636e+05
   9.0549786e+05
   9.0644072e+05
   9.0776742e+05
   9.1007188e+05
   9.1054480e+05
   9.1128577e+05
   9.1270772e+05
   9.1308061e+05
   9.1344479e+05
   9.1386809e+05
   9.1420039e+05
   9.1565500e+05
   9.1625694e+05
   9.1754185e+05
   9.1794867e+05
   9.1812010e+05
   9.1853470e+05
   9.1871305e+05
   9.1894484e+05
   9.1922389e+05
   9.2022395e+05
   9.2046922e+05
   9.2083009e+05
   9.2129971e+05
   9.2207255e+05
   9.2255493e+05
   9.2295148e+05
   9.2321073e+05
   9.2342878e+05
   9.2386465e+05
   9.2475803e+05
   9.2573421e+05
   9.2599844e+05
   9.2632228e+05
   9.2706704e+05
   9.2722670e+05
   9.2768935e+05
   9.2788434e+05
   9.2825391e+05
   9.2873400e+05
   9.2894366e+05
   9.2956238e+05
   9.2974105e+05
   9.2994811e+05
   9.3068120e+05
   9.3300530e+05
   9.3331253e+05
   9.3364784e+05
   9.3391609e+05
   9.3669497e+05
   9.3723100e+05
   9.3810159e+05
   9.3835787e+05
   9.3857734e+05
   9.3883170e+05
   9.4017588e+05
   9.4033370e+05
   9.4046174e+05
   9.4061310e+05
   9.4075578e+05
   9.4088015e+05
   9.4098206e+05
   9.4120402e+05
   9.4133469e+05
   9.4146597e+05
   9.4157742e+05
   9.4168626e+05
   9.4185802e+05
   9.4204312e+05
   9.4216950e+05
   9.4234302e+05
   9.4253941e+05
   9.4282845e+05
   9.4296157e+05
   9.4307536e+05
   9.4324538e+05
   9.4338081e+05
   9.4350535e+05
   9.4363772e+05
   9.4381748e+05
   9.4401979e+05
   9.4418221e+05
   9.4614686e+05
   9.4635005e+05
   9.4649692e+05
   9.4679812e+05
   9.4719376e+05
   9.4754194e+05
   9.4772188e+05
   9.4781250e+05
   9.4796092e+05
   9.4866074e+05
   9.4882980e+05
   9.4902305e+05
   9.4913163e+05
   9.4927731e+05
   9.4954212e+05
   9.4977912e+05
   9.4993094e+05
   9.5013015e+05
   9.5045101e+05
   9.5115328e+05
   9.5133677e+05
   9.5159813e+05
   9.5172962e+05
   9.5189087e+05
   9.5201690e+05
   9.5219034e+05
   9.5233468e+05
   9.5248728e+05
   9.5260228e+05
   9.5279746e+05
   9.5291662e+05
   9.5301738e+05
   9.5328925e+05
   9.5361548e+05
   9.5426139e+05
   9.5445565e+05
   9.5464156e+05
   9.5476898e+05
   9.5491509e+05
   9.5505284e+05
   9.5516523e+05
   9.5527659e+05
   9.5538347e+05
   9.5554859e+05
   9.5566590e+05
   9.5581028e+05
   9.5594366e+05
   9.5607814e+05
   9.5619617e+05
   9.5635171e+05
   9.5648210e+05
   9.5866892e+05
   9.5879265e+05
   9.5893499e+05
   9.5909951e+05
   9.5929918e+05
   9.5964098e+05
   9.5978254e+05
   9.6127810e+05
   9.6256073e+05
   9.6371641e+05
   9.6412812e+05
   9.6431584e+05
   9.6456576e+05
   9.6480427e+05
   9.6528443e+05
   9.6558249e+05
   9.6601092e+05
   9.6652811e+05
   9.6664955e+05
   9.6841731e+05
   9.6866301e+05
   9.7019125e+05
   9.7059554e+05
   9.7183784e+05
   9.7229219e+05
   9.7360781e+05
   9.7427830e+05
   9.7463690e+05
   9.7493912e+05
   9.9825684e+05
   9.9847431e+05
   9.9876392e+05
   1.0001404e+06
   1.0002955e+06
   1.0004525e+06
   1.0005685e+06
   1.0007017e+06
   1.0008348e+06
   1.0009476e+06
   1.0010604e+06
   1.0012096e+06
   1.0013774e+06
   1.0015234e+06
   1.0018604e+06
   1.0019746e+06
   1.0022153e+06
   1.0023521e+06
   1.0024873e+06
   1.0026682e+06
   1.0028692e+06
   1.0029775e+06
   1.0031466e+06
   1.0033658e+06
   1.0035169e+06
   1.0037870e+06
   1.0040423e+06
   1.0041520e+06
   1.0042686e+06
   1.0043942e+06
   1.0045236e+06
   1.0046656e+06
   1.0048674e+06
   1.0051546e+06
   1.0053337e+06
   1.0055255e+06
   1.0057216e+06
   1.0061599e+06
   1.0063012e+06
   1.0064666e+06
   1.0065623e+06
   1.0066929e+06
   1.0068292e+06
   1.0069659e+06
   1.0072059e+06
   1.0073635e+06
   1.0075446e+06
   1.0076370e+06
   1.0078470e+06
   1.0080997e+06
   1.0082122e+06
   1.0083857e+06
   1.0085941e+06
   1.0087114e+06
   1.0088852e+06
   1.0090890e+06
   1.0092289e+06
   1.0094051e+06
   1.0094945e+06
   1.0096934e+06
   1.0098558e+06
   1.0099824e+06
   1.0101150e+06
   1.0105528e+06
   1.0106944e+06
   1.0107963e+06
   1.0109491e+06
   1.0110894e+06
   1.0112768e+06
   1.0115116e+06
   1.0117136e+06
   1.0118394e+06
   1.0119515e+06
   1.0120835e+06
   1.0122305e+06
   1.0124091e+06
   1.0125239e+06
   1.0126781e+06
   1.0128287e+06
   1.0130411e+06
   1.0132530e+06
   1.0133870e+06
   1.0135064e+06
   1.0136246e+06
   1.0137227e+06
   1.0138497e+06
   1.0139837e+06
   1.0146099e+06
   1.0149622e+06
   1.0151277e+06
   1.0152653e+06
   1.0154684e+06
   1.0157118e+06
   1.0158440e+06
   1.0159849e+06
   1.0162288e+06
   1.0163814e+06
   1.0164796e+06
   1.0166865e+06
   1.0168459e+06
   1.0170366e+06
   1.0172879e+06
   1.0175025e+06
   1.0178297e+06
   1.0179688e+06
   1.0180984e+06
   1.0183067e+06
   1.0184735e+06
   1.0186264e+06
   1.0187357e+06
   1.0189805e+06
   1.0191273e+06
   1.0192211e+06
   1.0194140e+06
   1.0195902e+06
   1.0197177e+06
   1.0198669e+06
   1.0204277e+06
   1.0234287e+06
   1.0237936e+06
   1.0249621e+06
   1.0253431e+06
   1.0261226e+06
   1.0264041e+06
   1.0269031e+06
   1.0275533e+06
   1.0278359e+06
   1.0282980e+06
   1.0287453e+06
   1.0297914e+06
   1.0300994e+06
   1.0307091e+06
   1.0310679e+06
   1.0316442e+06
   1.0321496e+06
   1.0325224e+06
   1.0349308e+06
   1.0355286e+06
   1.0357737e+06
   1.0361143e+06
   1.0363541e+06
   1.0370324e+06
   1.0381467e+06
   1.0384306e+06
   1.0405414e+06
   1.0420458e+06
   1.0422663e+06
   1.0429109e+06
   1.0433242e+06
   1.0440579e+06
   1.0526948e+06
   1.0532710e+06
   1.0537556e+06
   1.0553712e+06
   1.0558606e+06
   1.0564083e+06
   1.0567107e+06
   1.0568678e+06
   1.0580660e+06
   1.0584574e+06
   1.0597375e+06
   1.0601570e+06
   1.0602898e+06
   1.0603734e+06
   1.0605131e+06
   1.0606703e+06
   1.0608569e+06
   1.0609891e+06
   1.0611656e+06
   1.0613168e+06
   1.0614529e+06
   1.0616068e+06
   1.0617301e+06
   1.0618914e+06
   1.0620168e+06
   1.0621479e+06
   1.0622837e+06
   1.0624513e+06
   1.0625853e+06
   1.0628104e+06
   1.0630745e+06
   1.0632006e+06
   1.0634418e+06
   1.0635580e+06
   1.0636678e+06
   1.0638725e+06
   1.0640274e+06
   1.0641308e+06
   1.0644092e+06
   1.0645505e+06
   1.0647976e+06
   1.0649702e+06
   1.0650725e+06
   1.0652010e+06
   1.0652961e+06
   1.0659215e+06
   1.0660326e+06
   1.0662128e+06
   1.0663787e+06
   1.0665355e+06
   1.0666456e+06
   1.0667771e+06
   1.0668894e+06
   1.0671868e+06
   1.0672963e+06
   1.0673953e+06
   1.0675173e+06
   1.0678032e+06
   1.0679035e+06
   1.0681484e+06
   1.0682881e+06
   1.0683886e+06
   1.0685357e+06
   1.0687250e+06
   1.0688138e+06
   1.0689312e+06
   1.0690442e+06
   1.0691605e+06
   1.0693352e+06
   1.0694941e+06
   1.0696064e+06
   1.0700489e+06
   1.0702003e+06
   1.0702893e+06
   1.0704224e+06
   1.0705431e+06
   1.0706633e+06
   1.0707699e+06
   1.0709046e+06
   1.0710747e+06
   1.0712128e+06
   1.0713267e+06
   1.0714858e+06
   1.0717092e+06
   1.0721337e+06
   1.0722832e+06
   1.0724891e+06
   1.0726140e+06
   1.0728269e+06
   1.0729783e+06
   1.0731223e+06
   1.0732258e+06
   1.0733424e+06
   1.0734997e+06
   1.0736053e+06
   1.0737427e+06
   1.0739124e+06
   1.0742617e+06
   1.0744207e+06
   1.0745674e+06
   1.0748585e+06
   1.0750530e+06
   1.0751750e+06
   1.0753322e+06
   1.0755832e+06
   1.0757315e+06
   1.0758249e+06
   1.0760605e+06
   1.0761723e+06
   1.0762884e+06
   1.0765850e+06
   1.0767340e+06
   1.0769424e+06
   1.0770588e+06
   1.0772848e+06
   1.0774096e+06
   1.0796976e+06
   1.0799657e+06
   1.0802380e+06
   1.0805824e+06
   1.0808306e+06
   1.0811734e+06
   1.0817176e+06
   1.0824522e+06
   1.0828998e+06
   1.0853454e+06
   1.0858340e+06
   1.0862810e+06
   1.0870388e+06
   1.0874900e+06
   1.0881523e+06
   1.0883606e+06
   1.0888108e+06
   1.0890660e+06
   1.0893984e+06
   1.0899320e+06
   1.0901241e+06
   1.0904826e+06
   1.0909426e+06
   1.0920003e+06
   1.0927745e+06
   1.0930737e+06
   1.0940575e+06
   1.0951919e+06
   1.0966032e+06
   1.0969352e+06
   1.0971890e+06
   1.0975236e+06
   1.0978258e+06
   1.1003902e+06
   1.1008283e+06
   1.1011469e+06
   1.1014145e+06
   1.1022188e+06
   1.1033935e+06
   1.1036807e+06
   1.1038970e+06
   1.1047765e+06
   1.1051966e+06
   1.1056304e+06
   1.1058112e+06
   1.1061891e+06
   1.1064394e+06
   1.1066766e+06
   1.1068833e+06
   1.1076138e+06
   1.1081160e+06
   1.1085938e+06
   1.1088118e+06
   1.1089975e+06
   1.1113240e+06
   1.1117498e+06
   1.1121686e+06
   1.1125816e+06
   1.1128396e+06
   1.1131549e+06
   1.1137626e+06
   1.1153927e+06
   1.1158356e+06
   1.1177796e+06
   1.1185992e+06
   1.1189578e+06
   1.1191840e+06
   1.1201262e+06
   1.1202567e+06
   1.1205505e+06
   1.1206721e+06
   1.1207687e+06
   1.1208826e+06
   1.1210461e+06
   1.1211792e+06
   1.1212963e+06
   1.1213954e+06
   1.1215250e+06
   1.1216914e+06
   1.1218068e+06
   1.1219512e+06
   1.1220223e+06
   1.1221294e+06
   1.1222424e+06
   1.1227131e+06
   1.1228314e+06
   1.1229465e+06
   1.1230462e+06
   1.1231949e+06
   1.1233998e+06
   1.1236511e+06
   1.1241557e+06
   1.1243417e+06
   1.1244603e+06
   1.1250506e+06
   1.1251605e+06
   1.1253062e+06
   1.1255030e+06
   1.1256314e+06
   1.1257582e+06
   1.1258416e+06
   1.1259625e+06
   1.1260780e+06
   1.1261937e+06
   1.1262805e+06
   1.1264815e+06
   1.1266814e+06
   1.1267936e+06
   1.1269506e+06
   1.1273024e+06
   1.1274032e+06
   1.1275214e+06
   1.1276977e+06
   1.1278630e+06
   1.1279602e+06
   1.1280863e+06
   1.1282200e+06
   1.1283251e+06
   1.1284947e+06
   1.1285919e+06
   1.1286726e+06
   1.1288236e+06
   1.1289220e+06
   1.1290901e+06
   1.1292023e+06
   1.1293295e+06
   1.1294763e+06
   1.1296350e+06
   1.1297311e+06
   1.1299879e+06
   1.1301196e+06
   1.1302731e+06
   1.1303643e+06
   1.1304934e+06
   1.1305817e+06
   1.1308386e+06
   1.1309319e+06
   1.1310460e+06
   1.1313263e+06
   1.1314366e+06
   1.1315350e+06
   1.1316616e+06
   1.1317877e+06
   1.1319310e+06
   1.1320433e+06
   1.1321707e+06
   1.1323034e+06
   1.1324568e+06
   1.1326017e+06
   1.1327828e+06
   1.1329221e+06
   1.1331058e+06
   1.1332219e+06
   1.1334225e+06
   1.1335306e+06
   1.1336309e+06
   1.1337657e+06
   1.1338731e+06
   1.1339722e+06
   1.1342558e+06
   1.1343616e+06
   1.1344727e+06
   1.1345998e+06
   1.1347258e+06
   1.1348533e+06
   1.1349921e+06
   1.1350854e+06
   1.1353163e+06
   1.1355058e+06
   1.1356646e+06
   1.1357692e+06
   1.1359199e+06
   1.1360695e+06
   1.1361651e+06
   1.1364587e+06
   1.1366406e+06
   1.1368383e+06
   1.1369999e+06
   1.1371415e+06
   1.1372566e+06
   1.1375040e+06
   1.1376273e+06
   1.1378217e+06
   1.1379777e+06
   1.1382196e+06
   1.1383910e+06
   1.1385419e+06
   1.1386878e+06
   1.1390152e+06
   1.1391189e+06
   1.1393280e+06
   1.1394878e+06
   1.1396950e+06
   1.1398257e+06
   1.1399390e+06
   1.1405542e+06
   1.1412626e+06
   1.1418161e+06
   1.1422599e+06
   1.1426481e+06
   1.1434688e+06
   1.1437118e+06
   1.1439550e+06
   1.1679525e+06
   1.1685569e+06
   1.1695197e+06
   1.1700411e+06
   1.1704396e+06
   1.1707398e+06
   1.1709768e+06
   1.1711314e+06
   1.1718462e+06
   1.1721839e+06
   1.1724869e+06
   1.1728933e+06
   1.1731410e+06
   1.1747127e+06
   1.1773406e+06
   1.1779562e+06
   1.1800862e+06
   1.1802342e+06
   1.1803812e+06
   1.1804807e+06
   1.1806178e+06
   1.1807741e+06
   1.1808614e+06
   1.1810251e+06
   1.1811084e+06
   1.1812292e+06
   1.1813579e+06
   1.1814622e+06
   1.1815878e+06
   1.1816932e+06
   1.1818072e+06
   1.1819078e+06
   1.1820252e+06
   1.1821966e+06
   1.1822991e+06
   1.1825321e+06
   1.1826484e+06
   1.1827705e+06
   1.1828906e+06
   1.1830729e+06
   1.1832021e+06
   1.1833227e+06
   1.1835299e+06
   1.1837111e+06
   1.1838350e+06
   1.1839939e+06
   1.1840968e+06
   1.1843167e+06
   1.1845273e+06
   1.1846773e+06
   1.1847782e+06
   1.1849189e+06
   1.1850510e+06
   1.1852135e+06
   1.1854002e+06
   1.1855132e+06
   1.1856176e+06
   1.1857175e+06
   1.1858335e+06
   1.1860362e+06
   1.1861415e+06
   1.1862544e+06
   1.1864058e+06
   1.1865330e+06
   1.1866430e+06
   1.1867387e+06
   1.1868270e+06
   1.1869742e+06
   1.1871880e+06
   1.1872997e+06
   1.1874272e+06
   1.1875343e+06
   1.1876807e+06
   1.1877866e+06
   1.1880005e+06
   1.1882174e+06
   1.1883081e+06
   1.1884300e+06
   1.1885575e+06
   1.1886413e+06
   1.1887387e+06
   1.1888358e+06
   1.1889606e+06
   1.1891139e+06
   1.1892469e+06
   1.1894436e+06
   1.1895985e+06
   1.1897378e+06
   1.1898789e+06
   1.1900023e+06
   1.1901455e+06
   1.1902501e+06
   1.1903916e+06
   1.1905083e+06
   1.1906188e+06
   1.1907630e+06
   1.1908846e+06
   1.1910251e+06
   1.1912139e+06
   1.1913557e+06
   1.1914593e+06
   1.1916391e+06
   1.1918220e+06
   1.1919610e+06
   1.1921057e+06
   1.1923052e+06
   1.1924949e+06
   1.1925910e+06
   1.1927904e+06
   1.1930937e+06
   1.1932203e+06
   1.1933672e+06
   1.1935008e+06
   1.1936807e+06
   1.1941466e+06
   1.1942866e+06
   1.1944151e+06
   1.1945015e+06
   1.1946334e+06
   1.1947910e+06
   1.1948782e+06
   1.1950788e+06
   1.1952428e+06
   1.1953580e+06
   1.1956130e+06
   1.1957966e+06
   1.1959510e+06
   1.1961227e+06
   1.1962943e+06
   1.1964932e+06
   1.1966397e+06
   1.1967780e+06
   1.1971544e+06
   1.1973295e+06
   1.1974913e+06
   1.1976106e+06
   1.1977090e+06
   1.1978199e+06
   1.1980598e+06
   1.1982546e+06
   1.1983694e+06
   1.1985067e+06
   1.1986928e+06
   1.1989518e+06
   1.1990795e+06
   1.1992472e+06
   1.1993742e+06
   1.1994692e+06
   1.1995680e+06
   1.1997464e+06
   1.1998401e+06
   1.1999903e+06
   1.2002115e+06
   1.2004718e+06
   1.2026768e+06
   1.2031401e+06
   1.2035031e+06
   1.2044017e+06
   1.2048459e+06
   1.2051372e+06
   1.2056253e+06
   1.2060504e+06
   1.2064177e+06
   1.2067100e+06
   1.2073800e+06
   1.2091057e+06
   1.2093223e+06
   1.2096265e+06
   1.2099998e+06
   1.2102910e+06
   1.2106968e+06
   1.2109736e+06
   1.2111824e+06
   1.2114645e+06
   1.2121336e+06
   1.2123065e+06
   1.2127522e+06
   1.2132679e+06
   1.2143607e+06
   1.2147134e+06
   1.2175148e+06
   1.2178888e+06
   1.2183118e+06
   1.2186550e+06
   1.2188589e+06
   1.2192175e+06
   1.2195357e+06
   1.2205480e+06
   1.2206991e+06
   1.2209047e+06
   1.2210925e+06
   1.2213182e+06
   1.2218356e+06
   1.2219904e+06
   1.2221429e+06
   1.2233598e+06
   1.2267136e+06
   1.2270556e+06
   1.2278757e+06
   1.2282016e+06
   1.2291887e+06
   1.2295198e+06
   1.2297293e+06
   1.2302206e+06
   1.2304335e+06
   1.2401281e+06
   1.2402297e+06
   1.2403351e+06
   1.2404122e+06
   1.2405558e+06
   1.2407413e+06
   1.2408624e+06
   1.2409609e+06
   1.2410746e+06
   1.2412048e+06
   1.2413427e+06
   1.2414851e+06
   1.2415852e+06
   1.2416816e+06
   1.2418009e+06
   1.2419119e+06
   1.2419976e+06
   1.2420875e+06
   1.2421937e+06
   1.2422906e+06
   1.2424854e+06
   1.2425643e+06
   1.2426839e+06
   1.2427895e+06
   1.2428842e+06
   1.2429879e+06
   1.2431027e+06
   1.2431989e+06
   1.2433060e+06
   1.2435262e+06
   1.2437074e+06
   1.2438037e+06
   1.2438999e+06
   1.2440563e+06
   1.2441850e+06
   1.2442686e+06
   1.2443970e+06
   1.2445222e+06
   1.2446479e+06
   1.2447401e+06
   1.2449495e+06
   1.2450267e+06
   1.2452053e+06
   1.2453209e+06
   1.2454455e+06
   1.2455945e+06
   1.2456976e+06
   1.2458042e+06
   1.2458875e+06
   1.2461229e+06
   1.2462616e+06
   1.2463645e+06
   1.2465317e+06
   1.2466885e+06
   1.2467953e+06
   1.2469101e+06
   1.2471639e+06
   1.2472610e+06
   1.2474391e+06
   1.2476698e+06
   1.2477870e+06
   1.2479002e+06
   1.2480401e+06
   1.2481371e+06
   1.2483338e+06
   1.2484288e+06
   1.2486972e+06
   1.2488256e+06
   1.2489874e+06
   1.2491240e+06
   1.2492935e+06
   1.2494349e+06
   1.2495329e+06
   1.2496759e+06
   1.2497842e+06
   1.2499138e+06
   1.2500173e+06
   1.2505008e+06
   1.2506234e+06
   1.2507262e+06
   1.2508702e+06
   1.2510594e+06
   1.2511898e+06
   1.2512954e+06
   1.2513917e+06
   1.2515974e+06
   1.2518060e+06
   1.2519055e+06
   1.2520041e+06
   1.2520998e+06
   1.2521725e+06
   1.2522990e+06
   1.2524199e+06
   1.2525535e+06
   1.2527225e+06
   1.2528397e+06
   1.2529668e+06
   1.2530778e+06
   1.2532419e+06
   1.2534067e+06
   1.2535403e+06
   1.2536882e+06
   1.2538168e+06
   1.2539423e+06
   1.2542828e+06
   1.2544178e+06
   1.2545486e+06
   1.2547312e+06
   1.2548969e+06
   1.2549908e+06
   1.2551185e+06
   1.2552920e+06
   1.2554073e+06
   1.2556063e+06
   1.2557653e+06
   1.2558609e+06
   1.2559470e+06
   1.2560930e+06
   1.2562285e+06
   1.2563489e+06
   1.2564570e+06
   1.2565553e+06
   1.2566678e+06
   1.2568516e+06
   1.2570011e+06
   1.2571182e+06
   1.2572610e+06
   1.2573629e+06
   1.2577683e+06
   1.2578699e+06
   1.2581809e+06
   1.2583335e+06
   1.2584426e+06
   1.2586275e+06
   1.2587803e+06
   1.2588991e+06
   1.2589947e+06
   1.2592553e+06
   1.2594045e+06
   1.2595578e+06
   1.2596961e+06
   1.2598131e+06
   1.2599627e+06
   1.2612558e+06
   1.2615369e+06
   1.2620613e+06
   1.2640172e+06
   1.2684196e+06
   1.2711610e+06
   1.2717413e+06
   1.2720022e+06
   1.2723973e+06
   1.2727843e+06
   1.2733314e+06
   1.2752365e+06
   1.2755107e+06
   1.2760072e+06
   1.2768054e+06
   1.2770691e+06
   1.2772652e+06
   1.2777072e+06
   1.2780930e+06
   1.2784610e+06
   1.2790035e+06
   1.2794972e+06
   1.2797809e+06
   1.2804748e+06
   1.2821748e+06
   1.2843081e+06
   1.2846084e+06
   1.2853337e+06
   1.2866312e+06
   1.2870913e+06
   1.2880024e+06
   1.2885893e+06
   1.2890489e+06
   1.2995400e+06
   1.2998847e+06
   1.3001075e+06
   1.3002149e+06
   1.3003033e+06
   1.3004047e+06
   1.3004949e+06
   1.3006467e+06
   1.3007900e+06
   1.3009432e+06
   1.3010388e+06
   1.3011661e+06
   1.3012668e+06
   1.3013827e+06
   1.3015404e+06
   1.3016609e+06
   1.3017809e+06
   1.3018671e+06
   1.3020050e+06
   1.3020944e+06
   1.3022153e+06
   1.3023456e+06
   1.3024355e+06
   1.3025216e+06
   1.3026489e+06
   1.3027408e+06
   1.3028351e+06
   1.3029317e+06
   1.3030370e+06
   1.3031383e+06
   1.3032630e+06
   1.3033926e+06
   1.3035019e+06
   1.3036543e+06
   1.3037512e+06
   1.3038663e+06
   1.3040130e+06
   1.3041397e+06
   1.3042531e+06
   1.3044156e+06
   1.3045173e+06
   1.3046010e+06
   1.3046908e+06
   1.3048198e+06
   1.3049390e+06
   1.3050283e+06
   1.3051748e+06
   1.3053208e+06
   1.3054396e+06
   1.3055654e+06
   1.3056590e+06
   1.3057484e+06
   1.3058410e+06
   1.3059396e+06
   1.3060417e+06
   1.3061627e+06
   1.3062583e+06
   1.3063641e+06
   1.3064967e+06
   1.3066044e+06
   1.3067223e+06
   1.3068568e+06
   1.3069967e+06
   1.3073797e+06
   1.3075153e+06
   1.3076228e+06
   1.3079376e+06
   1.3081656e+06
   1.3082779e+06
   1.3084454e+06
   1.3085820e+06
   1.3086912e+06
   1.3088195e+06
   1.3089374e+06
   1.3090151e+06
   1.3091392e+06
   1.3092809e+06
   1.3094354e+06
   1.3095505e+06
   1.3096761e+06
   1.3097902e+06
   1.3099217e+06
   1.3100227e+06
   1.3101046e+06
   1.3102818e+06
   1.3103988e+06
   1.3105638e+06
   1.3106890e+06
   1.3108649e+06
   1.3109724e+06
   1.3111163e+06
   1.3112545e+06
   1.3113320e+06
   1.3114578e+06
   1.3115634e+06
   1.3117308e+06
   1.3119174e+06
   1.3120416e+06
   1.3121402e+06
   1.3122885e+06
   1.3123908e+06
   1.3124972e+06
   1.3126712e+06
   1.3127658e+06
   1.3129290e+06
   1.3130255e+06
   1.3131611e+06
   1.3133487e+06
   1.3134935e+06
   1.3136251e+06
   1.3137640e+06
   1.3139386e+06
   1.3141201e+06
   1.3142348e+06
   1.3143771e+06
   1.3144786e+06
   1.3147594e+06
   1.3148706e+06
   1.3149652e+06
   1.3150915e+06
   1.3152233e+06
   1.3153462e+06
   1.3154631e+06
   1.3155577e+06
   1.3156486e+06
   1.3157541e+06
   1.3158850e+06
   1.3160000e+06
   1.3161137e+06
   1.3162185e+06
   1.3163599e+06
   1.3165288e+06
   1.3166252e+06
   1.3167474e+06
   1.3168862e+06
   1.3170083e+06
   1.3170917e+06
   1.3172337e+06
   1.3173862e+06
   1.3175532e+06
   1.3176825e+06
   1.3178355e+06
   1.3180052e+06
   1.3181155e+06
   1.3182749e+06
   1.3184804e+06
   1.3186333e+06
   1.3187311e+06
   1.3188427e+06
   1.3189352e+06
   1.3190667e+06
   1.3191763e+06
   1.3193128e+06
   1.3194217e+06
   1.3195074e+06
   1.3196563e+06
   1.3197750e+06
   1.3199150e+06
   1.3202126e+06
   1.3203994e+06
   1.3208867e+06
   1.3224771e+06
   1.3227302e+06
   1.3230279e+06
   1.3234542e+06
   1.3238919e+06
   1.3286600e+06
   1.3294847e+06
   1.3297680e+06
   1.3300279e+06
   1.3302667e+06
   1.3316485e+06
   1.3324572e+06
   1.3329002e+06
   1.3407667e+06
   1.3412229e+06
   1.3415537e+06
   1.3419087e+06
   1.3437725e+06
   1.3439262e+06
   1.3441287e+06
   1.3445226e+06
   1.3467206e+06
   1.3471694e+06
   1.3475929e+06
   1.3477257e+06
   1.3481106e+06
   1.3483680e+06
   1.3487112e+06
   1.3489686e+06
   1.3492681e+06
   1.3497647e+06
   1.3505605e+06
   1.3509152e+06
   1.3511257e+06
   1.3529000e+06
   1.3531124e+06
   1.3533331e+06
   1.3545325e+06
   1.3547875e+06
   1.3550953e+06
   1.3553009e+06
   1.3556241e+06
   1.3566731e+06
   1.3600880e+06
   1.3601940e+06
   1.3603117e+06
   1.3605208e+06
   1.3606529e+06
   1.3607531e+06
   1.3608434e+06
   1.3609806e+06
   1.3610677e+06
   1.3611630e+06
   1.3612442e+06
   1.3613579e+06
   1.3614644e+06
   1.3615744e+06
   1.3616701e+06
   1.3618149e+06
   1.3619190e+06
   1.3620470e+06
   1.3621321e+06
   1.3622382e+06
   1.3623620e+06
   1.3624953e+06
   1.3625747e+06
   1.3627814e+06
   1.3628885e+06
   1.3629913e+06
   1.3631227e+06
   1.3632084e+06
   1.3632754e+06
   1.3633664e+06
   1.3634969e+06
   1.3635823e+06
   1.3636980e+06
   1.3637975e+06
   1.3639355e+06
   1.3640409e+06
   1.3641327e+06
   1.3642159e+06
   1.3644041e+06
   1.3644872e+06
   1.3645901e+06
   1.3646749e+06
   1.3647594e+06
   1.3648314e+06
   1.3649703e+06
   1.3651689e+06
   1.3652937e+06
   1.3654082e+06
   1.3655122e+06
   1.3656051e+06
   1.3657095e+06
   1.3658424e+06
   1.3659875e+06
   1.3661320e+06
   1.3662872e+06
   1.3664036e+06
   1.3665064e+06
   1.3668847e+06
   1.3669918e+06
   1.3672150e+06
   1.3673309e+06
   1.3674325e+06
   1.3675719e+06
   1.3676556e+06
   1.3677748e+06
   1.3678594e+06
   1.3679682e+06
   1.3681185e+06
   1.3682132e+06
   1.3683341e+06
   1.3684359e+06
   1.3685415e+06
   1.3687062e+06
   1.3687946e+06
   1.3689200e+06
   1.3690294e+06
   1.3691645e+06
   1.3692755e+06
   1.3693870e+06
   1.3695103e+06
   1.3696050e+06
   1.3697054e+06
   1.3697825e+06
   1.3699035e+06
   1.3700595e+06
   1.3702698e+06
   1.3705238e+06
   1.3706292e+06
   1.3708116e+06
   1.3708928e+06
   1.3710380e+06
   1.3711506e+06
   1.3712328e+06
   1.3713500e+06
   1.3714380e+06
   1.3715871e+06
   1.3717527e+06
   1.3718630e+06
   1.3719353e+06
   1.3720787e+06
   1.3723434e+06
   1.3724253e+06
   1.3725184e+06
   1.3726342e+06
   1.3727541e+06
   1.3728441e+06
   1.3729733e+06
   1.3730589e+06
   1.3731983e+06
   1.3733329e+06
   1.3734334e+06
   1.3735580e+06
   1.3736838e+06
   1.3737971e+06
   1.3739150e+06
   1.3741578e+06
   1.3743392e+06
   1.3744678e+06
   1.3746318e+06
   1.3747106e+06
   1.3748335e+06
   1.3749745e+06
   1.3751186e+06
   1.3751926e+06
   1.3753023e+06
   1.3754358e+06
   1.3755405e+06
   1.3756460e+06
   1.3757350e+06
   1.3759078e+06
   1.3759960e+06
   1.3760973e+06
   1.3761964e+06
   1.3763371e+06
   1.3765460e+06
   1.3766339e+06
   1.3768856e+06
   1.3770237e+06
   1.3771501e+06
   1.3772303e+06
   1.3773134e+06
   1.3774283e+06
   1.3775445e+06
   1.3776480e+06
   1.3777578e+06
   1.3778734e+06
   1.3779611e+06
   1.3780854e+06
   1.3781913e+06
   1.3782845e+06
   1.3783719e+06
   1.3785092e+06
   1.3785996e+06
   1.3787683e+06
   1.3788920e+06
   1.3790675e+06
   1.3792496e+06
   1.3793399e+06
   1.3795056e+06
   1.3796054e+06
   1.3797332e+06
   1.3798721e+06
   1.3799854e+06
   1.3803619e+06
   1.3809786e+06
   1.3814668e+06
   1.3819917e+06
   1.3830289e+06
   1.3869213e+06
   1.4012963e+06
   1.4016563e+06
   1.4021595e+06
   1.4032382e+06
   1.4034634e+06
   1.4038096e+06
   1.4040899e+06
   1.4044379e+06
   1.4047438e+06
   1.4054609e+06
   1.4060964e+06
   1.4072191e+06
   1.4075590e+06
   1.4082221e+06
   1.4094517e+06
   1.4103587e+06
   1.4106378e+06
   1.4117027e+06
   1.4125339e+06
   1.4128487e+06
   1.4177201e+06
   1.4183764e+06
   1.4185813e+06
   1.4190662e+06
   1.4194844e+06
   1.4197488e+06
   1.4201146e+06
   1.4202305e+06
   1.4204508e+06
   1.4206222e+06
   1.4207516e+06
   1.4208358e+06
   1.4209516e+06
   1.4210416e+06
   1.4211361e+06
   1.4212404e+06
   1.4213200e+06
   1.4213961e+06
   1.4214976e+06
   1.4216013e+06
   1.4217153e+06
   1.4218318e+06
   1.4219526e+06
   1.4220865e+06
   1.4222334e+06
   1.4223640e+06
   1.4224927e+06
   1.4225715e+06
   1.4227176e+06
   1.4228534e+06
   1.4229528e+06
   1.4230787e+06
   1.4231646e+06
   1.4233026e+06
   1.4233790e+06
   1.4234793e+06
   1.4235736e+06
   1.4236677e+06
   1.4237693e+06
   1.4238602e+06
   1.4239917e+06
   1.4240892e+06
   1.4241778e+06
   1.4242809e+06
   1.4243849e+06
   1.4245806e+06
   1.4247215e+06
   1.4248818e+06
   1.4249646e+06
   1.4250582e+06
   1.4251499e+06
   1.4252773e+06
   1.4254152e+06
   1.4254942e+06
   1.4256130e+06
   1.4257052e+06
   1.4257867e+06
   1.4258950e+06
   1.4259873e+06
   1.4260749e+06
   1.4261948e+06
   1.4263158e+06
   1.4264081e+06
   1.4265232e+06
   1.4266008e+06
   1.4266899e+06
   1.4267921e+06
   1.4268664e+06
   1.4271145e+06
   1.4272186e+06
   1.4273026e+06
   1.4274322e+06
   1.4275334e+06
   1.4276647e+06
   1.4277536e+06
   1.4278445e+06
   1.4279390e+06
   1.4280754e+06
   1.4281908e+06
   1.4283139e+06
   1.4283993e+06
   1.4285873e+06
   1.4286919e+06
   1.4288032e+06
   1.4289209e+06
   1.4290544e+06
   1.4291356e+06
   1.4292328e+06
   1.4293195e+06
   1.4294139e+06
   1.4294985e+06
   1.4295859e+06
   1.4296991e+06
   1.4299473e+06
   1.4300636e+06
   1.4302107e+06
   1.4302901e+06
   1.4304583e+06
   1.4305901e+06
   1.4306747e+06
   1.4307542e+06
   1.4308478e+06
   1.4309496e+06
   1.4310745e+06
   1.4312737e+06
   1.4313603e+06
   1.4315172e+06
   1.4316528e+06
   1.4317246e+06
   1.4318432e+06
   1.4319309e+06
   1.4320316e+06
   1.4321335e+06
   1.4322147e+06
   1.4322966e+06
   1.4324250e+06
   1.4325265e+06
   1.4326449e+06
   1.4327303e+06
   1.4328800e+06
   1.4330017e+06
   1.4331310e+06
   1.4332610e+06
   1.4333740e+06
   1.4334664e+06
   1.4335721e+06
   1.4336740e+06
   1.4337597e+06
   1.4338384e+06
   1.4339632e+06
   1.4342030e+06
   1.4343212e+06
   1.4344982e+06
   1.4346217e+06
   1.4347332e+06
   1.4348280e+06
   1.4350289e+06
   1.4351609e+06
   1.4352585e+06
   1.4353755e+06
   1.4355554e+06
   1.4356656e+06
   1.4357938e+06
   1.4359325e+06
   1.4360341e+06
   1.4361703e+06
   1.4362908e+06
   1.4364648e+06
   1.4365511e+06
   1.4366490e+06
   1.4367539e+06
   1.4368300e+06
   1.4369324e+06
   1.4370208e+06
   1.4371142e+06
   1.4372367e+06
   1.4373302e+06
   1.4374249e+06
   1.4375743e+06
   1.4376875e+06
   1.4378063e+06
   1.4379015e+06
   1.4379692e+06
   1.4380871e+06
   1.4381723e+06
   1.4383009e+06
   1.4384123e+06
   1.4385001e+06
   1.4385998e+06
   1.4386856e+06
   1.4390459e+06
   1.4391641e+06
   1.4392782e+06
   1.4393866e+06
   1.4394863e+06
   1.4395939e+06
   1.4397313e+06
   1.4398427e+06
   1.4399416e+06
   1.4402246e+06
   1.4407371e+06
   1.4429321e+06
   1.4438347e+06
   1.4454240e+06
   1.4473185e+06
   1.4476477e+06
   1.4496651e+06
   1.4499229e+06
   1.4502155e+06
   1.4504915e+06
   1.4510600e+06
   1.4512447e+06
   1.4515374e+06
   1.4518202e+06
   1.4520943e+06
   1.4551308e+06
   1.4554985e+06
   1.4557727e+06
   1.4564454e+06
   1.4568029e+06
   1.4575487e+06
   1.4577728e+06
   1.4579692e+06
   1.4594288e+06
   1.4613636e+06
   1.4620675e+06
   1.4628932e+06
   1.4632955e+06
   1.4635598e+06
   1.4639503e+06
   1.4645568e+06
   1.4661336e+06
   1.4666463e+06
   1.4683762e+06
   1.4689825e+06
   1.4694577e+06
   1.4704269e+06
   1.4709351e+06
   1.4711898e+06
   1.4718455e+06
   1.4724771e+06
   1.4727548e+06
   1.4780848e+06
   1.4794969e+06
   1.4798471e+06
   1.4800834e+06
   1.4801967e+06
   1.4802913e+06
   1.4804017e+06
   1.4804955e+06
   1.4806282e+06
   1.4807249e+06
   1.4808028e+06
   1.4808890e+06
   1.4810079e+06
   1.4811021e+06
   1.4812063e+06
   1.4813083e+06
   1.4814001e+06
   1.4814704e+06
   1.4815515e+06
   1.4816494e+06
   1.4817417e+06
   1.4818513e+06
   1.4819473e+06
   1.4820474e+06
   1.4822278e+06
   1.4823150e+06
   1.4824128e+06
   1.4825280e+06
   1.4826129e+06
   1.4827031e+06
   1.4827844e+06
   1.4828816e+06
   1.4829912e+06
   1.4831146e+06
   1.4832541e+06
   1.4833223e+06
   1.4834113e+06
   1.4834936e+06
   1.4835928e+06
   1.4836959e+06
   1.4837774e+06
   1.4838906e+06
   1.4839851e+06
   1.4841143e+06
   1.4842464e+06
   1.4843794e+06
   1.4844695e+06
   1.4845830e+06
   1.4847103e+06
   1.4848025e+06
   1.4848796e+06
   1.4849565e+06
   1.4850755e+06
   1.4851710e+06
   1.4852464e+06
   1.4853333e+06
   1.4854162e+06
   1.4855285e+06
   1.4856174e+06
   1.4857322e+06
   1.4858437e+06
   1.4859100e+06
   1.4860056e+06
   1.4861365e+06
   1.4862598e+06
   1.4863336e+06
   1.4863985e+06
   1.4865585e+06
   1.4866556e+06
   1.4867745e+06
   1.4868806e+06
   1.4869882e+06
   1.4871715e+06
   1.4873065e+06
   1.4874005e+06
   1.4874971e+06
   1.4875998e+06
   1.4877075e+06
   1.4878763e+06
   1.4881123e+06
   1.4881954e+06
   1.4882797e+06
   1.4883809e+06
   1.4885358e+06
   1.4886197e+06
   1.4888019e+06
   1.4889607e+06
   1.4890786e+06
   1.4891683e+06
   1.4892298e+06
   1.4893203e+06
   1.4894236e+06
   1.4896245e+06
   1.4897095e+06
   1.4897918e+06
   1.4899101e+06
   1.4899800e+06
   1.4901164e+06
   1.4902155e+06
   1.4903033e+06
   1.4904093e+06
   1.4905450e+06
   1.4906714e+06
   1.4907566e+06
   1.4908696e+06
   1.4909396e+06
   1.4910398e+06
   1.4911378e+06
   1.4912632e+06
   1.4913438e+06
   1.4914611e+06
   1.4915322e+06
   1.4916027e+06
   1.4917824e+06
   1.4918996e+06
   1.4920073e+06
   1.4920811e+06
   1.4922276e+06
   1.4923149e+06
   1.4924143e+06
   1.4925455e+06
   1.4926944e+06
   1.4928001e+06
   1.4929035e+06
   1.4930278e+06
   1.4931113e+06
   1.4931952e+06
   1.4932858e+06
   1.4934012e+06
   1.4934891e+06
   1.4935717e+06
   1.4937197e+06
   1.4938100e+06
   1.4939102e+06
   1.4941382e+06
   1.4942659e+06
   1.4943629e+06
   1.4944373e+06
   1.4945545e+06
   1.4946832e+06
   1.4947718e+06
   1.4948491e+06
   1.4950292e+06
   1.4952295e+06
   1.4953378e+06
   1.4954518e+06
   1.4955602e+06
   1.4957250e+06
   1.4958117e+06
   1.4959194e+06
   1.4960215e+06
   1.4961131e+06
   1.4962262e+06
   1.4963441e+06
   1.4964647e+06
   1.4965767e+06
   1.4966840e+06
   1.4967805e+06
   1.4968606e+06
   1.4969979e+06
   1.4971356e+06
   1.4972502e+06
   1.4973493e+06
   1.4974380e+06
   1.4975524e+06
   1.4976482e+06
   1.4977341e+06
   1.4978267e+06
   1.4979331e+06
   1.4980834e+06
   1.4982224e+06
   1.4982932e+06
   1.4983782e+06
   1.4984698e+06
   1.4985702e+06
   1.4986715e+06
   1.4988002e+06
   1.4988756e+06
   1.4989728e+06
   1.4991286e+06
   1.4992204e+06
   1.4993152e+06
   1.4994193e+06
   1.4995617e+06
   1.4997226e+06
   1.4998477e+06
   1.4999549e+06
   1.5010732e+06
   1.5019721e+06
   1.5023274e+06
   1.5045765e+06
   1.5048324e+06
   1.5051830e+06
   1.5054601e+06
   1.5074956e+06
   1.5079388e+06
   1.5081409e+06
   1.5113546e+06
   1.5122912e+06
   1.5129348e+06
   1.5131774e+06
   1.5135329e+06
   1.5143064e+06
   1.5157391e+06
   1.5162582e+06
   1.5178490e+06
   1.5183142e+06
   1.5186201e+06
   1.5201456e+06
   1.5248615e+06
   1.5252717e+06
   1.5264689e+06
   1.5295610e+06
   1.5297781e+06
   1.5306918e+06
   1.5314808e+06
   1.5342898e+06
   1.5346269e+06
   1.5350493e+06
   1.5365942e+06
   1.5395746e+06
   1.5401025e+06
   1.5401921e+06
   1.5403181e+06
   1.5404160e+06
   1.5404884e+06
   1.5405799e+06
   1.5406733e+06
   1.5408153e+06
   1.5408950e+06
   1.5409954e+06
   1.5410806e+06
   1.5411842e+06
   1.5412669e+06
   1.5413694e+06
   1.5414650e+06
   1.5415523e+06
   1.5416548e+06
   1.5417509e+06
   1.5418352e+06
   1.5419446e+06
   1.5420199e+06
   1.5420908e+06
   1.5421903e+06
   1.5422829e+06
   1.5423719e+06
   1.5424830e+06
   1.5425705e+06
   1.5426712e+06
   1.5427656e+06
   1.5428807e+06
   1.5430033e+06
   1.5431287e+06
   1.5432429e+06
   1.5433302e+06
   1.5434470e+06
   1.5435822e+06
   1.5437239e+06
   1.5438305e+06
   1.5439959e+06
   1.5440865e+06
   1.5441633e+06
   1.5442402e+06
   1.5443487e+06
   1.5444473e+06
   1.5445481e+06
   1.5446487e+06
   1.5447440e+06
   1.5448339e+06
   1.5449460e+06
   1.5451006e+06
   1.5451976e+06
   1.5453501e+06
   1.5454555e+06
   1.5455901e+06
   1.5456681e+06
   1.5457473e+06
   1.5458556e+06
   1.5459412e+06
   1.5460293e+06
   1.5461580e+06
   1.5463086e+06
   1.5464265e+06
   1.5465160e+06
   1.5466248e+06
   1.5467166e+06
   1.5468018e+06
   1.5469009e+06
   1.5471218e+06
   1.5472268e+06
   1.5473227e+06
   1.5474305e+06
   1.5475745e+06
   1.5476570e+06
   1.5478018e+06
   1.5479110e+06
   1.5480201e+06
   1.5481234e+06
   1.5481931e+06
   1.5482843e+06
   1.5484077e+06
   1.5485075e+06
   1.5486146e+06
   1.5487121e+06
   1.5487881e+06
   1.5489027e+06
   1.5489997e+06
   1.5490722e+06
   1.5491571e+06
   1.5492259e+06
   1.5493511e+06
   1.5494715e+06
   1.5495421e+06
   1.5496463e+06
   1.5497378e+06
   1.5498796e+06
   1.5499930e+06
   1.5501158e+06
   1.5502086e+06
   1.5503374e+06
   1.5504253e+06
   1.5505471e+06
   1.5506215e+06
   1.5507230e+06
   1.5508139e+06
   1.5508985e+06
   1.5510387e+06
   1.5511113e+06
   1.5511947e+06
   1.5512792e+06
   1.5513594e+06
   1.5514487e+06
   1.5515390e+06
   1.5516190e+06
   1.5516968e+06
   1.5518251e+06
   1.5519432e+06
   1.5520278e+06
   1.5521221e+06
   1.5522773e+06
   1.5523855e+06
   1.5524865e+06
   1.5525845e+06
   1.5526862e+06
   1.5527957e+06
   1.5529039e+06
   1.5530006e+06
   1.5531556e+06
   1.5532520e+06
   1.5533492e+06
   1.5534682e+06
   1.5535473e+06
   1.5536290e+06
   1.5537420e+06
   1.5538341e+06
   1.5539220e+06
   1.5541317e+06
   1.5542163e+06
   1.5542911e+06
   1.5544053e+06
   1.5545070e+06
   1.5546074e+06
   1.5546959e+06
   1.5547965e+06
   1.5549061e+06
   1.5550156e+06
   1.5551067e+06
   1.5552127e+06
   1.5553010e+06
   1.5553833e+06
   1.5554787e+06
   1.5556786e+06
   1.5557885e+06
   1.5558881e+06
   1.5559730e+06
   1.5560896e+06
   1.5561716e+06
   1.5563106e+06
   1.5564377e+06
   1.5565114e+06
   1.5566453e+06
   1.5567779e+06
   1.5570303e+06
   1.5571286e+06
   1.5572220e+06
   1.5573247e+06
   1.5574240e+06
   1.5575120e+06
   1.5575970e+06
   1.5577079e+06
   1.5577952e+06
   1.5578722e+06
   1.5579753e+06
   1.5580710e+06
   1.5581784e+06
   1.5582498e+06
   1.5583446e+06
   1.5584727e+06
   1.5585614e+06
   1.5586552e+06
   1.5587382e+06
   1.5588481e+06
   1.5589661e+06
   1.5591346e+06
   1.5592356e+06
   1.5593332e+06
   1.5594514e+06
   1.5595633e+06
   1.5596634e+06
   1.5597423e+06
   1.5598403e+06
   1.5599597e+06
   1.5601617e+06
   1.5605772e+06
   1.5607983e+06
   1.5622073e+06
   1.5624630e+06
   1.5638807e+06
   1.5642966e+06
   1.5646378e+06
   1.5648858e+06
   1.5651656e+06
   1.5657600e+06
   1.5662853e+06
   1.5665484e+06
   1.5667961e+06
   1.5685490e+06
   1.5688431e+06
   1.5692287e+06
   1.5693509e+06
   1.5747440e+06
   1.5790213e+06
   1.5795823e+06
   1.5803242e+06
   1.5805118e+06
   1.5814693e+06
   1.5817094e+06
   1.5818807e+06
   1.5824685e+06
   1.5828035e+06
   1.5843777e+06
   1.5849001e+06
   1.5852244e+06
   1.5857916e+06
   1.5860000e+06
   1.5861896e+06
   1.5864080e+06
   1.5865757e+06
   1.5869549e+06
   1.5874356e+06
   1.5876855e+06
   1.5881818e+06
   1.5886914e+06
   1.5902088e+06
   1.5918133e+06
   1.5958987e+06
   1.5962503e+06
   1.5970590e+06
   1.5972697e+06
   1.5978254e+06
   1.5980625e+06
   1.5982176e+06
   1.5998417e+06
   1.6000933e+06
   1.6001988e+06
   1.6002854e+06
   1.6003686e+06
   1.6004850e+06
   1.6005793e+06
   1.6006662e+06
   1.6007887e+06
   1.6008622e+06
   1.6009438e+06
   1.6010697e+06
   1.6011464e+06
   1.6012329e+06
   1.6013184e+06
   1.6014264e+06
   1.6015192e+06
   1.6016205e+06
   1.6016943e+06
   1.6017871e+06
   1.6018854e+06
   1.6020305e+06
   1.6021163e+06
   1.6022102e+06
   1.6023009e+06
   1.6023826e+06
   1.6024649e+06
   1.6025597e+06
   1.6026413e+06
   1.6027224e+06
   1.6027955e+06
   1.6028870e+06
   1.6029667e+06
   1.6030503e+06
   1.6031402e+06
   1.6032125e+06
   1.6032930e+06
   1.6033930e+06
   1.6034887e+06
   1.6035727e+06
   1.6036462e+06
   1.6037362e+06
   1.6038361e+06
   1.6039343e+06
   1.6039966e+06
   1.6040978e+06
   1.6041921e+06
   1.6043238e+06
   1.6044140e+06
   1.6044837e+06
   1.6045571e+06
   1.6046405e+06
   1.6047226e+06
   1.6047966e+06
   1.6049117e+06
   1.6049831e+06
   1.6050721e+06
   1.6052745e+06
   1.6053649e+06
   1.6054515e+06
   1.6055155e+06
   1.6055969e+06
   1.6056788e+06
   1.6057949e+06
   1.6059407e+06
   1.6060242e+06
   1.6061031e+06
   1.6061758e+06
   1.6062641e+06
   1.6063403e+06
   1.6064234e+06
   1.6065142e+06
   1.6065949e+06
   1.6066910e+06
   1.6067926e+06
   1.6068624e+06
   1.6069338e+06
   1.6071955e+06
   1.6074447e+06
   1.6075301e+06
   1.6076845e+06
   1.6077856e+06
   1.6078682e+06
   1.6079671e+06
   1.6080670e+06
   1.6081527e+06
   1.6082474e+06
   1.6083472e+06
   1.6084392e+06
   1.6085300e+06
   1.6086295e+06
   1.6087347e+06
   1.6088190e+06
   1.6088994e+06
   1.6090175e+06
   1.6091360e+06
   1.6092187e+06
   1.6092997e+06
   1.6094604e+06
   1.6095578e+06
   1.6096241e+06
   1.6097001e+06
   1.6097826e+06
   1.6098588e+06
   1.6099498e+06
   1.6100545e+06
   1.6101420e+06
   1.6102844e+06
   1.6103910e+06
   1.6104581e+06
   1.6105640e+06
   1.6106766e+06
   1.6107456e+06
   1.6108638e+06
   1.6109902e+06
   1.6110686e+06
   1.6111428e+06
   1.6112221e+06
   1.6113117e+06
   1.6114076e+06
   1.6114903e+06
   1.6116109e+06
   1.6116979e+06
   1.6117785e+06
   1.6118719e+06
   1.6119945e+06
   1.6120850e+06
   1.6121648e+06
   1.6122544e+06
   1.6123397e+06
   1.6124618e+06
   1.6125543e+06
   1.6126525e+06
   1.6127536e+06
   1.6128450e+06
   1.6129208e+06
   1.6130537e+06
   1.6131429e+06
   1.6132387e+06
   1.6133370e+06
   1.6134082e+06
   1.6135158e+06
   1.6136084e+06
   1.6137014e+06
   1.6137984e+06
   1.6138755e+06
   1.6139797e+06
   1.6141640e+06
   1.6142813e+06
   1.6144709e+06
   1.6145929e+06
   1.6146810e+06
   1.6148150e+06
   1.6149470e+06
   1.6150261e+06
   1.6151602e+06
   1.6152452e+06
   1.6153279e+06
   1.6154093e+06
   1.6155035e+06
   1.6156182e+06
   1.6157204e+06
   1.6158080e+06
   1.6158962e+06
   1.6159886e+06
   1.6160877e+06
   1.6161584e+06
   1.6162978e+06
   1.6163971e+06
   1.6164765e+06
   1.6165642e+06
   1.6166658e+06
   1.6168240e+06
   1.6169433e+06
   1.6170496e+06
   1.6171327e+06
   1.6172219e+06
   1.6173209e+06
   1.6174297e+06
   1.6175540e+06
   1.6176429e+06
   1.6177481e+06
   1.6178547e+06
   1.6179650e+06
   1.6180656e+06
   1.6182848e+06
   1.6183622e+06
   1.6184374e+06
   1.6185167e+06
   1.6186085e+06
   1.6186763e+06
   1.6187632e+06
   1.6188583e+06
   1.6189364e+06
   1.6190314e+06
   1.6191143e+06
   1.6192225e+06
   1.6193015e+06
   1.6194116e+06
   1.6195125e+06
   1.6196317e+06
   1.6197265e+06
   1.6198306e+06
   1.6199592e+06
   1.6201990e+06
   1.6204788e+06
   1.6244248e+06
   1.6329062e+06
   1.6332228e+06
   1.6334358e+06
   1.6337025e+06
   1.6338322e+06
   1.6342957e+06
   1.6351154e+06
   1.6354240e+06
   1.6374039e+06
   1.6378363e+06
   1.6384456e+06
   1.6388111e+06
   1.6395585e+06
   1.6400178e+06
   1.6407576e+06
   1.6415528e+06
   1.6418270e+06
   1.6426130e+06
   1.6436482e+06
   1.6440251e+06
   1.6443653e+06
   1.6448245e+06
   1.6452188e+06
   1.6455945e+06
   1.6463507e+06
   1.6467184e+06
   1.6469783e+06
   1.6522830e+06
   1.6526017e+06
   1.6530643e+06
   1.6533209e+06
   1.6535141e+06
   1.6545948e+06
   1.6551823e+06
   1.6554028e+06
   1.6601153e+06
   1.6601829e+06
   1.6602607e+06
   1.6603343e+06
   1.6604072e+06
   1.6604805e+06
   1.6605656e+06
   1.6606450e+06
   1.6607862e+06
   1.6609016e+06
   1.6609937e+06
   1.6610816e+06
   1.6611719e+06
   1.6612410e+06
   1.6613250e+06
   1.6613924e+06
   1.6614797e+06
   1.6615715e+06
   1.6616597e+06
   1.6617423e+06
   1.6618164e+06
   1.6618902e+06
   1.6620416e+06
   1.6621538e+06
   1.6622669e+06
   1.6623466e+06
   1.6624256e+06
   1.6625168e+06
   1.6625987e+06
   1.6626784e+06
   1.6627582e+06
   1.6628490e+06
   1.6629092e+06
   1.6629807e+06
   1.6631350e+06
   1.6632271e+06
   1.6633299e+06
   1.6634214e+06
   1.6635075e+06
   1.6635868e+06
   1.6636990e+06
   1.6637846e+06
   1.6638450e+06
   1.6639428e+06
   1.6640342e+06
   1.6641262e+06
   1.6642215e+06
   1.6643265e+06
   1.6644149e+06
   1.6645038e+06
   1.6645981e+06
   1.6647012e+06
   1.6648002e+06
   1.6648771e+06
   1.6649604e+06
   1.6650597e+06
   1.6651138e+06
   1.6651932e+06
   1.6652663e+06
   1.6653746e+06
   1.6654838e+06
   1.6655575e+06
   1.6656480e+06
   1.6657281e+06
   1.6659069e+06
   1.6659945e+06
   1.6660831e+06
   1.6662085e+06
   1.6662817e+06
   1.6663558e+06
   1.6664319e+06
   1.6665241e+06
   1.6666053e+06
   1.6666697e+06
   1.6667636e+06
   1.6669035e+06
   1.6669942e+06
   1.6671832e+06
   1.6672672e+06
   1.6673548e+06
   1.6674473e+06
   1.6676090e+06
   1.6676773e+06
   1.6677666e+06
   1.6678694e+06
   1.6679513e+06
   1.6680420e+06
   1.6681368e+06
   1.6682146e+06
   1.6683263e+06
   1.6684383e+06
   1.6685365e+06
   1.6686410e+06
   1.6687658e+06
   1.6688591e+06
   1.6689593e+06
   1.6690293e+06
   1.6691342e+06
   1.6692086e+06
   1.6693086e+06
   1.6694129e+06
   1.6695039e+06
   1.6696282e+06
   1.6697255e+06
   1.6698635e+06
   1.6699639e+06
   1.6700563e+06
   1.6701476e+06
   1.6702693e+06
   1.6703515e+06
   1.6704385e+06
   1.6705192e+06
   1.6706215e+06
   1.6707168e+06
   1.6708181e+06
   1.6709237e+06
   1.6710479e+06
   1.6711134e+06
   1.6711939e+06
   1.6712944e+06
   1.6714012e+06
   1.6714890e+06
   1.6716034e+06
   1.6716929e+06
   1.6718030e+06
   1.6719092e+06
   1.6719860e+06
   1.6720566e+06
   1.6721458e+06
   1.6722100e+06
   1.6723261e+06
   1.6724309e+06
   1.6725470e+06
   1.6726294e+06
   1.6727379e+06
   1.6728368e+06
   1.6729339e+06
   1.6730456e+06
   1.6731408e+06
   1.6732431e+06
   1.6733738e+06
   1.6734729e+06
   1.6736207e+06
   1.6737066e+06
   1.6737956e+06
   1.6738889e+06
   1.6741218e+06
   1.6741981e+06
   1.6743200e+06
   1.6744263e+06
   1.6745352e+06
   1.6746293e+06
   1.6748006e+06
   1.6749054e+06
   1.6750264e+06
   1.6751363e+06
   1.6752630e+06
   1.6754060e+06
   1.6754984e+06
   1.6755944e+06
   1.6756935e+06
   1.6757644e+06
   1.6758340e+06
   1.6759369e+06
   1.6760263e+06
   1.6761082e+06
   1.6761817e+06
   1.6762571e+06
   1.6763400e+06
   1.6764326e+06
   1.6765015e+06
   1.6765840e+06
   1.6767272e+06
   1.6768311e+06
   1.6769185e+06
   1.6770160e+06
   1.6770851e+06
   1.6771742e+06
   1.6772572e+06
   1.6773501e+06
   1.6774463e+06
   1.6775464e+06
   1.6776456e+06
   1.6777619e+06
   1.6778449e+06
   1.6779521e+06
   1.6780688e+06
   1.6781785e+06
   1.6782924e+06
   1.6783997e+06
   1.6784964e+06
   1.6785687e+06
   1.6786495e+06
   1.6788147e+06
   1.6788978e+06
   1.6789827e+06
   1.6791049e+06
   1.6792025e+06
   1.6793041e+06
   1.6793789e+06
   1.6794716e+06
   1.6795626e+06
   1.6796293e+06
   1.6797285e+06
   1.6798147e+06
   1.6799409e+06
   1.6810697e+06
   1.6838396e+06
   1.6841161e+06
   1.6871457e+06
   1.6873178e+06
   1.6876722e+06
   1.6881253e+06
   1.6887081e+06
   1.6895115e+06
   1.6947625e+06
   1.6949521e+06
   1.6951876e+06
   1.6984752e+06
   1.6987488e+06
   1.6992337e+06
   1.6996905e+06
   1.7011778e+06
   1.7014457e+06
   1.7025646e+06
   1.7029212e+06
   1.7032852e+06
   1.7067510e+06
   1.7069660e+06
   1.7071899e+06
   1.7096694e+06
   1.7100724e+06
   1.7200707e+06
   1.7201712e+06
   1.7202756e+06
   1.7203515e+06
   1.7204385e+06
   1.7205061e+06
   1.7205769e+06
   1.7206603e+06
   1.7207675e+06
   1.7208633e+06
   1.7209452e+06
   1.7210155e+06
   1.7211074e+06
   1.7212515e+06
   1.7213397e+06
   1.7214379e+06
   1.7215154e+06
   1.7216024e+06
   1.7216692e+06
   1.7217352e+06
   1.7218228e+06
   1.7219022e+06
   1.7219833e+06
   1.7220733e+06
   1.7222000e+06
   1.7222704e+06
   1.7223282e+06
   1.7224022e+06
   1.7224794e+06
   1.7225713e+06
   1.7226523e+06
   1.7227349e+06
   1.7228330e+06
   1.7229135e+06
   1.7229990e+06
   1.7230852e+06
   1.7231792e+06
   1.7232539e+06
   1.7233310e+06
   1.7234103e+06
   1.7235228e+06
   1.7235978e+06
   1.7237006e+06
   1.7237734e+06
   1.7238555e+06
   1.7239343e+06
   1.7240058e+06
   1.7240803e+06
   1.7241588e+06
   1.7242287e+06
   1.7243412e+06
   1.7244239e+06
   1.7245067e+06
   1.7245766e+06
   1.7246460e+06
   1.7247506e+06
   1.7248299e+06
   1.7249382e+06
   1.7250292e+06
   1.7250985e+06
   1.7251831e+06
   1.7252727e+06
   1.7253742e+06
   1.7254477e+06
   1.7255887e+06
   1.7256720e+06
   1.7257506e+06
   1.7258218e+06
   1.7259020e+06
   1.7259758e+06
   1.7260656e+06
   1.7261833e+06
   1.7262677e+06
   1.7263505e+06
   1.7264131e+06
   1.7264898e+06
   1.7265700e+06
   1.7266446e+06
   1.7267361e+06
   1.7268443e+06
   1.7269135e+06
   1.7269986e+06
   1.7271758e+06
   1.7272561e+06
   1.7273464e+06
   1.7274412e+06
   1.7275364e+06
   1.7276236e+06
   1.7276883e+06
   1.7277890e+06
   1.7278865e+06
   1.7279726e+06
   1.7280454e+06
   1.7281524e+06
   1.7282676e+06
   1.7283966e+06
   1.7284778e+06
   1.7285942e+06
   1.7286855e+06
   1.7287922e+06
   1.7289222e+06
   1.7290057e+06
   1.7291302e+06
   1.7292304e+06
   1.7293133e+06
   1.7294134e+06
   1.7294891e+06
   1.7296691e+06
   1.7297487e+06
   1.7298221e+06
   1.7298997e+06
   1.7300589e+06
   1.7301508e+06
   1.7302730e+06
   1.7303728e+06
   1.7304828e+06
   1.7305447e+06
   1.7306348e+06
   1.7307150e+06
   1.7308057e+06
   1.7308798e+06
   1.7309631e+06
   1.7310411e+06
   1.7311240e+06
   1.7312311e+06
   1.7313002e+06
   1.7313864e+06
   1.7314797e+06
   1.7315598e+06
   1.7316349e+06
   1.7317146e+06
   1.7317911e+06
   1.7319430e+06
   1.7320298e+06
   1.7321334e+06
   1.7322302e+06
   1.7323194e+06
   1.7324247e+06
   1.7325296e+06
   1.7326280e+06
   1.7327357e+06
   1.7328017e+06
   1.7329043e+06
   1.7329873e+06
   1.7330513e+06
   1.7331385e+06
   1.7332264e+06
   1.7333468e+06
   1.7334350e+06
   1.7335001e+06
   1.7335936e+06
   1.7336861e+06
   1.7337774e+06
   1.7338672e+06
   1.7339487e+06
   1.7341458e+06
   1.7342235e+06
   1.7343238e+06
   1.7344322e+06
   1.7345238e+06
   1.7346263e+06
   1.7347082e+06
   1.7347898e+06
   1.7348715e+06
   1.7349724e+06
   1.7350610e+06
   1.7351458e+06
   1.7352415e+06
   1.7353359e+06
   1.7354257e+06
   1.7355044e+06
   1.7356364e+06
   1.7357405e+06
   1.7358430e+06
   1.7359083e+06
   1.7359828e+06
   1.7360607e+06
   1.7361434e+06
   1.7362159e+06
   1.7363072e+06
   1.7364175e+06
   1.7364929e+06
   1.7365613e+06
   1.7366559e+06
   1.7367441e+06
   1.7368275e+06
   1.7368861e+06
   1.7369623e+06
   1.7371146e+06
   1.7371836e+06
   1.7372699e+06
   1.7373556e+06
   1.7374428e+06
   1.7375408e+06
   1.7376462e+06
   1.7377371e+06
   1.7378440e+06
   1.7379627e+06
   1.7380535e+06
   1.7381281e+06
   1.7382119e+06
   1.7382933e+06
   1.7383734e+06
   1.7384707e+06
   1.7385887e+06
   1.7386893e+06
   1.7387763e+06
   1.7388741e+06
   1.7390143e+06
   1.7390812e+06
   1.7391557e+06
   1.7392315e+06
   1.7393128e+06
   1.7394021e+06
   1.7395175e+06
   1.7396169e+06
   1.7396941e+06
   1.7398219e+06
   1.7398995e+06
   1.7402325e+06
   1.7406386e+06
   1.7417292e+06
   1.7420938e+06
   1.7428008e+06
   1.7430510e+06
   1.7432800e+06
   1.7436591e+06
   1.7438905e+06
   1.7454238e+06
   1.7522943e+06
   1.7525051e+06
   1.7528302e+06
   1.7530438e+06
   1.7539098e+06
   1.7541629e+06
   1.7559786e+06
   1.7565760e+06
   1.7569644e+06
   1.7575313e+06
   1.7583097e+06
   1.7587963e+06
   1.7593526e+06
   1.7601425e+06
   1.7789259e+06
   1.7790839e+06
   1.7795002e+06
   1.7799776e+06
   1.7800883e+06
   1.7801604e+06
   1.7802862e+06
   1.7803656e+06
   1.7804350e+06
   1.7805209e+06
   1.7805871e+06
   1.7806900e+06
   1.7807511e+06
   1.7808302e+06
   1.7809024e+06
   1.7809788e+06
   1.7810539e+06
   1.7811429e+06
   1.7812381e+06
   1.7813149e+06
   1.7814129e+06
   1.7814918e+06
   1.7815639e+06
   1.7816512e+06
   1.7817316e+06
   1.7818113e+06
   1.7818936e+06
   1.7820004e+06
   1.7820790e+06
   1.7821540e+06
   1.7822279e+06
   1.7823171e+06
   1.7823919e+06
   1.7825008e+06
   1.7826077e+06
   1.7826909e+06
   1.7827694e+06
   1.7828627e+06
   1.7829313e+06
   1.7830110e+06
   1.7831021e+06
   1.7832129e+06
   1.7832968e+06
   1.7833693e+06
   1.7834596e+06
   1.7835267e+06
   1.7836089e+06
   1.7836948e+06
   1.7837873e+06
   1.7838756e+06
   1.7839557e+06
   1.7840373e+06
   1.7841178e+06
   1.7841895e+06
   1.7842759e+06
   1.7843493e+06
   1.7844435e+06
   1.7845590e+06
   1.7846754e+06
   1.7847483e+06
   1.7848209e+06
   1.7848995e+06
   1.7850019e+06
   1.7850881e+06
   1.7851776e+06
   1.7852912e+06
   1.7853693e+06
   1.7854651e+06
   1.7855610e+06
   1.7856407e+06
   1.7857135e+06
   1.7857917e+06
   1.7858602e+06
   1.7859359e+06
   1.7860110e+06
   1.7860934e+06
   1.7861743e+06
   1.7862577e+06
   1.7863286e+06
   1.7864189e+06
   1.7864893e+06
   1.7866006e+06
   1.7866843e+06
   1.7867552e+06
   1.7868340e+06
   1.7869103e+06
   1.7869830e+06
   1.7871457e+06
   1.7872372e+06
   1.7873206e+06
   1.7875598e+06
   1.7876747e+06
   1.7877491e+06
   1.7878293e+06
   1.7879137e+06
   1.7880279e+06
   1.7881095e+06
   1.7881921e+06
   1.7882731e+06
   1.7883705e+06
   1.7884393e+06
   1.7885157e+06
   1.7885847e+06
   1.7886519e+06
   1.7887583e+06
   1.7888597e+06
   1.7889429e+06
   1.7890062e+06
   1.7890845e+06
   1.7891758e+06
   1.7892499e+06
   1.7893469e+06
   1.7894426e+06
   1.7895084e+06
   1.7895779e+06
   1.7896479e+06
   1.7897159e+06
   1.7898005e+06
   1.7899195e+06
   1.7900054e+06
   1.7900838e+06
   1.7901533e+06
   1.7902485e+06
   1.7903715e+06
   1.7904467e+06
   1.7905348e+06
   1.7906245e+06
   1.7906903e+06
   1.7907714e+06
   1.7908593e+06
   1.7909721e+06
   1.7910478e+06
   1.7911357e+06
   1.7912070e+06
   1.7912869e+06
   1.7913601e+06
   1.7914452e+06
   1.7915118e+06
   1.7915872e+06
   1.7916591e+06
   1.7917394e+06
   1.7918034e+06
   1.7918878e+06
   1.7919649e+06
   1.7920426e+06
   1.7921216e+06
   1.7921968e+06
   1.7922849e+06
   1.7923648e+06
   1.7924493e+06
   1.7925216e+06
   1.7925885e+06
   1.7926823e+06
   1.7927998e+06
   1.7928790e+06
   1.7929391e+06
   1.7930364e+06
   1.7931122e+06
   1.7932423e+06
   1.7933224e+06
   1.7934160e+06
   1.7934852e+06
   1.7935777e+06
   1.7936813e+06
   1.7937588e+06
   1.7938536e+06
   1.7939251e+06
   1.7940866e+06
   1.7941680e+06
   1.7942526e+06
   1.7943593e+06
   1.7944397e+06
   1.7945200e+06
   1.7945908e+06
   1.7947560e+06
   1.7948596e+06
   1.7949507e+06
   1.7950325e+06
   1.7951573e+06
   1.7952781e+06
   1.7953513e+06
   1.7954354e+06
   1.7955033e+06
   1.7955953e+06
   1.7957023e+06
   1.7957745e+06
   1.7958613e+06
   1.7959520e+06
   1.7960479e+06
   1.7961249e+06
   1.7962014e+06
   1.7962627e+06
   1.7963281e+06
   1.7964033e+06
   1.7964837e+06
   1.7965639e+06
   1.7966593e+06
   1.7967692e+06
   1.7968503e+06
   1.7969217e+06
   1.7970009e+06
   1.7970771e+06
   1.7971712e+06
   1.7972588e+06
   1.7973341e+06
   1.7974330e+06
   1.7975591e+06
   1.7976445e+06
   1.7977230e+06
   1.7978105e+06
   1.7979304e+06
   1.7980030e+06
   1.7981119e+06
   1.7982207e+06
   1.7982882e+06
   1.7983799e+06
   1.7984525e+06
   1.7985303e+06
   1.7986091e+06
   1.7987017e+06
   1.7987728e+06
   1.7988757e+06
   1.7989607e+06
   1.7990336e+06
   1.7992058e+06
   1.7992801e+06
   1.7993919e+06
   1.7994705e+06
   1.7995669e+06
   1.7996704e+06
   1.7998052e+06
   1.7998817e+06
   1.7999956e+06
   1.8003397e+06
   1.8089494e+06
   1.8091152e+06
   1.8093902e+06
   1.8095784e+06
   1.8097355e+06
   1.8109585e+06
   1.8113879e+06
   1.8118705e+06
   1.8126895e+06
   1.8131051e+06
   1.8134439e+06
   1.8150143e+06
   1.8154628e+06
   1.8184078e+06
   1.8186810e+06
   1.8189641e+06
   1.8193049e+06
   1.8197278e+06
   1.8202660e+06
   1.8206177e+06
   1.8214983e+06
   1.8216607e+06
   1.8226052e+06
   1.8236847e+06
   1.8241297e+06
   1.8243661e+06
   1.8248664e+06
   1.8341209e+06
   1.8376408e+06
   1.8378022e+06
   1.8381944e+06
   1.8386846e+06
   1.8390288e+06
   1.8394039e+06
   1.8400759e+06
   1.8401702e+06
   1.8402409e+06
   1.8403159e+06
   1.8403899e+06
   1.8404735e+06
   1.8405497e+06
   1.8406266e+06
   1.8407007e+06
   1.8407632e+06
   1.8408489e+06
   1.8409417e+06
   1.8410238e+06
   1.8410865e+06
   1.8411718e+06
   1.8412521e+06
   1.8413259e+06
   1.8414080e+06
   1.8414913e+06
   1.8415670e+06
   1.8416296e+06
   1.8417023e+06
   1.8418318e+06
   1.8419084e+06
   1.8419683e+06
   1.8420372e+06
   1.8421118e+06
   1.8421718e+06
   1.8422510e+06
   1.8423255e+06
   1.8424039e+06
   1.8424948e+06
   1.8425612e+06
   1.8426307e+06
   1.8426982e+06
   1.8427686e+06
   1.8428419e+06
   1.8429432e+06
   1.8430149e+06
   1.8430841e+06
   1.8431624e+06
   1.8432332e+06
   1.8432904e+06
   1.8433736e+06
   1.8434408e+06
   1.8435081e+06
   1.8435890e+06
   1.8436453e+06
   1.8437404e+06
   1.8438173e+06
   1.8438850e+06
   1.8439852e+06
   1.8440451e+06
   1.8441214e+06
   1.8442010e+06
   1.8442733e+06
   1.8443492e+06
   1.8444332e+06
   1.8445118e+06
   1.8445743e+06
   1.8446675e+06
   1.8447524e+06
   1.8448071e+06
   1.8448771e+06
   1.8449371e+06
   1.8450231e+06
   1.8450922e+06
   1.8451994e+06
   1.8452672e+06
   1.8453500e+06
   1.8454048e+06
   1.8454720e+06
   1.8455370e+06
   1.8456204e+06
   1.8457041e+06
   1.8457792e+06
   1.8458553e+06
   1.8459273e+06
   1.8459940e+06
   1.8460628e+06
   1.8461444e+06
   1.8462213e+06
   1.8463349e+06
   1.8464045e+06
   1.8464674e+06
   1.8465396e+06
   1.8466161e+06
   1.8467018e+06
   1.8467689e+06
   1.8468302e+06
   1.8469022e+06
   1.8469635e+06
   1.8471372e+06
   1.8472047e+06
   1.8472626e+06
   1.8473513e+06
   1.8474209e+06
   1.8474943e+06
   1.8475757e+06
   1.8476613e+06
   1.8477360e+06
   1.8478134e+06
   1.8478933e+06
   1.8480335e+06
   1.8481162e+06
   1.8481761e+06
   1.8482435e+06
   1.8483086e+06
   1.8484144e+06
   1.8484990e+06
   1.8485685e+06
   1.8486460e+06
   1.8487173e+06
   1.8488159e+06
   1.8488948e+06
   1.8489933e+06
   1.8490794e+06
   1.8491906e+06
   1.8492723e+06
   1.8493600e+06
   1.8494406e+06
   1.8495169e+06
   1.8495789e+06
   1.8496442e+06
   1.8497362e+06
   1.8498021e+06
   1.8498619e+06
   1.8499438e+06
   1.8500863e+06
   1.8501606e+06
   1.8502334e+06
   1.8502989e+06
   1.8503853e+06
   1.8504536e+06
   1.8505303e+06
   1.8506308e+06
   1.8507027e+06
   1.8508082e+06
   1.8508782e+06
   1.8509490e+06
   1.8510689e+06
   1.8511360e+06
   1.8512135e+06
   1.8512773e+06
   1.8513449e+06
   1.8514252e+06
   1.8514941e+06
   1.8515964e+06
   1.8516618e+06
   1.8517278e+06
   1.8517979e+06
   1.8518732e+06
   1.8519444e+06
   1.8520226e+06
   1.8520895e+06
   1.8522144e+06
   1.8522797e+06
   1.8523579e+06
   1.8524588e+06
   1.8525379e+06
   1.8526250e+06
   1.8527175e+06
   1.8528162e+06
   1.8528823e+06
   1.8529810e+06
   1.8530637e+06
   1.8531424e+06
   1.8532183e+06
   1.8532924e+06
   1.8533708e+06
   1.8534607e+06
   1.8535274e+06
   1.8536171e+06
   1.8536867e+06
   1.8537610e+06
   1.8538424e+06
   1.8539183e+06
   1.8541219e+06
   1.8542059e+06
   1.8542763e+06
   1.8543304e+06
   1.8544223e+06
   1.8544957e+06
   1.8545613e+06
   1.8546631e+06
   1.8547338e+06
   1.8548015e+06
   1.8548958e+06
   1.8549737e+06
   1.8550448e+06
   1.8551070e+06
   1.8552238e+06
   1.8553277e+06
   1.8553932e+06
   1.8554591e+06
   1.8555896e+06
   1.8556569e+06
   1.8557306e+06
   1.8558029e+06
   1.8558870e+06
   1.8559727e+06
   1.8560655e+06
   1.8561416e+06
   1.8562173e+06
   1.8563279e+06
   1.8563950e+06
   1.8564568e+06
   1.8566049e+06
   1.8566886e+06
   1.8567653e+06
   1.8568799e+06
   1.8569500e+06
   1.8570582e+06
   1.8571421e+06
   1.8572431e+06
   1.8573033e+06
   1.8573894e+06
   1.8574503e+06
   1.8575308e+06
   1.8576401e+06
   1.8577268e+06
   1.8577950e+06
   1.8578761e+06
   1.8579610e+06
   1.8580414e+06
   1.8581055e+06
   1.8581858e+06
   1.8582472e+06
   1.8583209e+06
   1.8584276e+06
   1.8585240e+06
   1.8586138e+06
   1.8586914e+06
   1.8587570e+06
   1.8588436e+06
   1.8589205e+06
   1.8590016e+06
   1.8590743e+06
   1.8591461e+06
   1.8592449e+06
   1.8593523e+06
   1.8594329e+06
   1.8595424e+06
   1.8596303e+06
   1.8597353e+06
   1.8598227e+06
   1.8599340e+06
   1.8602455e+06
   1.8604194e+06
   1.8607298e+06
   1.8617378e+06
   1.8636543e+06
   1.8639223e+06
   1.8646111e+06
   1.8651468e+06
   1.8661119e+06
   1.8670331e+06
   1.8695954e+06
   1.8700825e+06
   1.8708285e+06
   1.8715583e+06
   1.8721227e+06
   1.8732902e+06
   1.8735377e+06
   1.8744790e+06
   1.8750373e+06
   1.8752905e+06
   1.8755555e+06
   1.8768167e+06
   1.8778246e+06
   1.8779998e+06
   1.8783234e+06
   1.8795790e+06
   1.8799253e+06
   1.8802229e+06
   1.8819105e+06
   1.8827564e+06
   1.8829598e+06
   1.8837815e+06
   1.8845717e+06
   1.8848700e+06
   1.8850636e+06
   1.8852013e+06
   1.8863928e+06
   1.8866224e+06
   1.8872095e+06
   1.8885014e+06
   1.8887161e+06
   1.8890175e+06
   1.8893938e+06
   1.8895615e+06
   1.8899475e+06
   1.8902149e+06
   1.8919743e+06
   1.8931599e+06
   1.8933643e+06
   1.8936330e+06
   1.8938829e+06
   1.8940795e+06
   1.8950363e+06
   1.8955317e+06
   1.8957484e+06
   1.8975724e+06
   1.9000673e+06
   1.9001506e+06
   1.9002041e+06
   1.9002664e+06
   1.9003555e+06
   1.9004286e+06
   1.9004979e+06
   1.9005623e+06
   1.9006205e+06
   1.9006898e+06
   1.9007514e+06
   1.9008342e+06
   1.9008955e+06
   1.9009644e+06
   1.9010318e+06
   1.9010932e+06
   1.9011543e+06
   1.9012250e+06
   1.9012900e+06
   1.9013586e+06
   1.9014195e+06
   1.9014868e+06
   1.9015548e+06
   1.9016226e+06
   1.9016789e+06
   1.9017522e+06
   1.9018183e+06
   1.9018995e+06
   1.9019877e+06
   1.9020510e+06
   1.9021146e+06
   1.9021936e+06
   1.9022647e+06
   1.9023299e+06
   1.9023989e+06
   1.9024690e+06
   1.9025292e+06
   1.9026014e+06
   1.9026650e+06
   1.9027358e+06
   1.9027914e+06
   1.9028476e+06
   1.9029136e+06
   1.9029709e+06
   1.9030396e+06
   1.9031112e+06
   1.9031848e+06
   1.9032696e+06
   1.9033247e+06
   1.9033917e+06
   1.9034547e+06
   1.9035237e+06
   1.9036000e+06
   1.9036621e+06
   1.9037196e+06
   1.9037852e+06
   1.9038444e+06
   1.9039115e+06
   1.9039853e+06
   1.9040632e+06
   1.9041239e+06
   1.9041919e+06
   1.9042797e+06
   1.9043676e+06
   1.9044512e+06
   1.9045282e+06
   1.9046046e+06
   1.9046663e+06
   1.9047360e+06
   1.9048319e+06
   1.9048967e+06
   1.9049659e+06
   1.9050276e+06
   1.9050912e+06
   1.9051573e+06
   1.9052263e+06
   1.9053181e+06
   1.9053781e+06
   1.9054422e+06
   1.9055240e+06
   1.9055951e+06
   1.9056609e+06
   1.9057361e+06
   1.9058253e+06
   1.9058880e+06
   1.9059708e+06
   1.9060278e+06
   1.9060883e+06
   1.9061772e+06
   1.9062396e+06
   1.9063033e+06
   1.9063657e+06
   1.9064268e+06
   1.9064902e+06
   1.9065684e+06
   1.9066506e+06
   1.9067134e+06
   1.9067750e+06
   1.9068447e+06
   1.9068997e+06
   1.9069615e+06
   1.9070875e+06
   1.9071526e+06
   1.9072341e+06
   1.9072950e+06
   1.9073661e+06
   1.9074469e+06
   1.9075175e+06
   1.9075937e+06
   1.9076610e+06
   1.9077212e+06
   1.9078223e+06
   1.9078890e+06
   1.9079545e+06
   1.9080298e+06
   1.9081103e+06
   1.9081899e+06
   1.9082563e+06
   1.9083243e+06
   1.9084008e+06
   1.9084494e+06
   1.9085193e+06
   1.9085894e+06
   1.9086879e+06
   1.9087473e+06
   1.9088313e+06
   1.9089241e+06
   1.9089844e+06
   1.9090759e+06
   1.9091577e+06
   1.9092274e+06
   1.9092857e+06
   1.9093454e+06
   1.9094208e+06
   1.9094816e+06
   1.9095540e+06
   1.9096212e+06
   1.9096837e+06
   1.9097516e+06
   1.9098376e+06
   1.9099057e+06
   1.9099738e+06
   1.9100454e+06
   1.9101167e+06
   1.9101769e+06
   1.9102562e+06
   1.9103501e+06
   1.9104275e+06
   1.9104911e+06
   1.9105708e+06
   1.9106375e+06
   1.9107256e+06
   1.9108047e+06
   1.9108798e+06
   1.9109682e+06
   1.9110380e+06
   1.9110995e+06
   1.9111600e+06
   1.9112350e+06
   1.9112781e+06
   1.9112947e+06
   1.9113596e+06
   1.9113622e+06
   1.9114374e+06
   1.9114454e+06
   1.9115008e+06
   1.9115052e+06
   1.9115602e+06
   1.9115977e+06
   1.9116344e+06
   1.9116602e+06
   1.9117220e+06
   1.9117384e+06
   1.9118107e+06
   1.9118203e+06
   1.9118779e+06
   1.9118899e+06
   1.9119410e+06
   1.9119540e+06
   1.9120089e+06
   1.9120208e+06
   1.9120751e+06
   1.9120874e+06
   1.9121401e+06
   1.9121674e+06
   1.9122031e+06
   1.9122379e+06
   1.9122700e+06
   1.9123195e+06
   1.9123439e+06
   1.9123993e+06
   1.9124109e+06
   1.9124607e+06
   1.9124843e+06
   1.9125249e+06
   1.9125835e+06
   1.9125947e+06
   1.9126490e+06
   1.9126685e+06
   1.9127138e+06
   1.9127352e+06
   1.9128027e+06
   1.9128235e+06
   1.9128821e+06
   1.9128941e+06
   1.9129428e+06
   1.9129756e+06
   1.9130060e+06
   1.9130291e+06
   1.9130853e+06
   1.9130942e+06
   1.9131573e+06
   1.9131611e+06
   1.9132171e+06
   1.9132465e+06
   1.9132902e+06
   1.9133202e+06
   1.9133651e+06
   1.9133990e+06
   1.9134374e+06
   1.9134872e+06
   1.9135011e+06
   1.9135683e+06
   1.9135934e+06
   1.9136517e+06
   1.9136598e+06
   1.9137176e+06
   1.9137283e+06
   1.9137820e+06
   1.9138037e+06
   1.9138696e+06
   1.9138764e+06
   1.9139319e+06
   1.9139341e+06
   1.9139955e+06
   1.9140857e+06
   1.9141440e+06
   1.9141745e+06
   1.9142391e+06
   1.9142439e+06
   1.9143053e+06
   1.9143254e+06
   1.9143893e+06
   1.9143939e+06
   1.9144549e+06
   1.9144895e+06
   1.9145313e+06
   1.9145737e+06
   1.9145999e+06
   1.9146577e+06
   1.9146713e+06
   1.9147269e+06
   1.9147436e+06
   1.9147912e+06
   1.9148070e+06
   1.9148861e+06
   1.9149241e+06
   1.9149614e+06
   1.9150057e+06
   1.9150861e+06
   1.9151039e+06
   1.9151700e+06
   1.9151737e+06
   1.9152311e+06
   1.9152331e+06
   1.9153030e+06
   1.9153131e+06
   1.9153848e+06
   1.9153888e+06
   1.9154621e+06
   1.9154641e+06
   1.9155373e+06
   1.9155568e+06
   1.9156117e+06
   1.9156262e+06
   1.9156922e+06
   1.9157391e+06
   1.9158045e+06
   1.9158163e+06
   1.9158830e+06
   1.9158857e+06
   1.9159533e+06
   1.9159591e+06
   1.9160175e+06
   1.9160371e+06
   1.9160815e+06
   1.9161160e+06
   1.9161450e+06
   1.9161945e+06
   1.9162157e+06
   1.9162845e+06
   1.9162852e+06
   1.9163600e+06
   1.9163608e+06
   1.9164236e+06
   1.9164380e+06
   1.9164853e+06
   1.9165256e+06
   1.9165529e+06
   1.9166115e+06
   1.9166222e+06
   1.9166789e+06
   1.9166798e+06
   1.9167504e+06
   1.9167505e+06
   1.9168175e+06
   1.9168678e+06
   1.9168888e+06
   1.9169246e+06
   1.9169753e+06
   1.9170220e+06
   1.9170329e+06
   1.9170979e+06
   1.9171123e+06
   1.9171698e+06
   1.9171889e+06
   1.9172398e+06
   1.9172644e+06
   1.9173116e+06
   1.9173409e+06
   1.9173885e+06
   1.9174163e+06
   1.9174719e+06
   1.9174857e+06
   1.9175379e+06
   1.9175668e+06
   1.9176070e+06
   1.9176318e+06
   1.9176737e+06
   1.9177235e+06
   1.9177468e+06
   1.9178084e+06
   1.9178370e+06
   1.9178514e+06
   1.9178546e+06
   1.9178580e+06
   1.9178990e+06
   1.9179005e+06
   1.9179192e+06
   1.9179267e+06
   1.9179307e+06
   1.9179510e+06
   1.9179828e+06
   1.9179838e+06
   1.9179986e+06
   1.9180252e+06
   1.9180272e+06
   1.9180353e+06
   1.9180577e+06
   1.9180640e+06
   1.9180773e+06
   1.9180983e+06
   1.9181144e+06
   1.9181181e+06
   1.9181285e+06
   1.9181434e+06
   1.9181483e+06
   1.9181632e+06
   1.9181859e+06
   1.9181882e+06
   1.9182037e+06
   1.9182049e+06
   1.9182248e+06
   1.9182499e+06
   1.9182558e+06
   1.9182709e+06
   1.9182762e+06
   1.9182817e+06
   1.9182860e+06
   1.9183285e+06
   1.9183534e+06
   1.9183585e+06
   1.9183587e+06
   1.9183665e+06
   1.9183770e+06
   1.9184044e+06
   1.9184261e+06
   1.9184281e+06
   1.9184310e+06
   1.9184347e+06
   1.9184654e+06
   1.9184745e+06
   1.9184854e+06
   1.9185020e+06
   1.9185090e+06
   1.9185157e+06
   1.9185399e+06
   1.9185672e+06
   1.9185744e+06
   1.9185778e+06
   1.9185786e+06
   1.9185884e+06
   1.9186247e+06
   1.9186395e+06
   1.9186530e+06
   1.9186591e+06
   1.9186647e+06
   1.9187042e+06
   1.9187175e+06
   1.9187263e+06
   1.9187368e+06
   1.9187425e+06
   1.9187844e+06
   1.9187869e+06
   1.9187983e+06
   1.9188111e+06
   1.9188153e+06
   1.9188324e+06
   1.9188597e+06
   1.9188685e+06
   1.9188791e+06
   1.9188828e+06
   1.9188868e+06
   1.9188952e+06
   1.9189502e+06
   1.9189508e+06
   1.9189530e+06
   1.9189733e+06
   1.9189782e+06
   1.9189834e+06
   1.9190152e+06
   1.9190186e+06
   1.9190416e+06
   1.9190436e+06
   1.9190673e+06
   1.9190695e+06
   1.9190932e+06
   1.9191118e+06
   1.9191239e+06
   1.9191328e+06
   1.9191399e+06
   1.9191502e+06
   1.9191641e+06
   1.9192123e+06
   1.9192127e+06
   1.9192164e+06
   1.9192256e+06
   1.9192282e+06
   1.9192610e+06
   1.9192754e+06
   1.9192950e+06
   1.9192971e+06
   1.9192987e+06
   1.9193189e+06
   1.9193231e+06
   1.9193315e+06
   1.9193594e+06
   1.9193689e+06
   1.9193760e+06
   1.9193808e+06
   1.9193921e+06
   1.9194063e+06
   1.9194237e+06
   1.9194381e+06
   1.9194560e+06
   1.9194651e+06
   1.9194710e+06
   1.9194875e+06
   1.9194980e+06
   1.9195047e+06
   1.9195345e+06
   1.9195376e+06
   1.9195412e+06
   1.9195490e+06
   1.9195628e+06
   1.9195788e+06
   1.9195972e+06
   1.9196227e+06
   1.9196314e+06
   1.9196455e+06
   1.9196462e+06
   1.9196549e+06
   1.9196584e+06
   1.9197094e+06
   1.9197108e+06
   1.9197147e+06
   1.9197309e+06
   1.9197337e+06
   1.9197419e+06
   1.9197737e+06
   1.9197897e+06
   1.9197908e+06
   1.9197931e+06
   1.9197999e+06
   1.9198118e+06
   1.9198519e+06
   1.9198548e+06
   1.9198633e+06
   1.9198706e+06
   1.9198741e+06
   1.9199001e+06
   1.9199119e+06
   1.9199138e+06
   1.9199391e+06
   1.9199490e+06
   1.9199595e+06
   1.9199753e+06
   1.9199916e+06
