   4.4990140e+02
   8.1259184e+02
   1.4592085e+03
   1.8659193e+03
   2.3003653e+03
   2.6919045e+03
   3.4267395e+03
   3.7716631e+03
   4.0890565e+03
   4.6101180e+03
   4.9824734e+03
   5.4937020e+03
   5.8766306e+03
   6.4761830e+03
   7.1506924e+03
   7.5906885e+03
   8.0127961e+03
   8.3374681e+03
   8.6950394e+03
   9.1165191e+03
   9.7771227e+03
   1.0177127e+04
   1.1023365e+04
   1.1683110e+04
   1.2147035e+04
   1.2594765e+04
   1.3316160e+04
   1.3788043e+04
   1.4340816e+04
   1.4696565e+04
   1.5143490e+04
   1.5975533e+04
   1.6534499e+04
   1.7297155e+04
   1.7871134e+04
   1.8453743e+04
   1.9132609e+04
   1.9509474e+04
   2.0148754e+04
   2.1265886e+04
   2.1640828e+04
   2.2142842e+04
   2.2532463e+04
   2.2857241e+04
   2.3453938e+04
   2.4091033e+04
   2.4542879e+04
   2.5109719e+04
   2.5407530e+04
   2.5826535e+04
   2.6638179e+04
   2.6938806e+04
   2.7361706e+04
   2.7739080e+04
   2.8251119e+04
   2.8840730e+04
   2.9303813e+04
   2.9668865e+04
   3.0172887e+04
   3.0606238e+04
   3.1077156e+04
   3.1442867e+04
   3.2018883e+04
   3.2585115e+04
   3.2887020e+04
   3.3751526e+04
   3.4202388e+04
   3.4616788e+04
   3.5387910e+04
   3.5933690e+04
   3.6628499e+04
   3.7211302e+04
   3.7535984e+04
   3.7994572e+04
   3.8423946e+04
   3.8930694e+04
   3.9374111e+04
   3.9713187e+04
   4.0087616e+04
   4.0231244e+04
   4.0671502e+04
   4.1332694e+04
   4.1701027e+04
   4.2191501e+04
   4.2551990e+04
   4.2996860e+04
   4.3427987e+04
   4.3662571e+04
   4.4082028e+04
   4.4399417e+04
   4.4722392e+04
   4.5309684e+04
   4.5644455e+04
   4.5969091e+04
   4.6504151e+04
   4.7182024e+04
   4.7504409e+04
   4.8090913e+04
   4.8506435e+04
   4.8865255e+04
   4.9300017e+04
   4.9818141e+04
   5.0144130e+04
   5.0530719e+04
   5.0901573e+04
   5.1377665e+04
   5.1796351e+04
   5.2153364e+04
   5.2813680e+04
   5.3079610e+04
   5.3381297e+04
   5.3870782e+04
   5.4327481e+04
   5.4786950e+04
   5.5087472e+04
   5.5392416e+04
   5.5697911e+04
   5.6059000e+04
   5.6681048e+04
   5.7404720e+04
   5.7704915e+04
   5.8081795e+04
   5.8373119e+04
   5.8876747e+04
   5.9270440e+04
   5.9599818e+04
   5.9933202e+04
   1.0040794e+05
   1.0071757e+05
   1.0115585e+05
   1.0158214e+05
   1.0190318e+05
   1.0239517e+05
   1.0274710e+05
   1.0309014e+05
   1.0335791e+05
   1.0376058e+05
   1.0431083e+05
   1.0462674e+05
   1.0492247e+05
   1.0530452e+05
   1.0564480e+05
   1.0611695e+05
   1.0659861e+05
   1.0697576e+05
   1.0751504e+05
   1.0778473e+05
   1.0823811e+05
   1.0854149e+05
   1.0916010e+05
   1.0953030e+05
   1.1005904e+05
   1.1041848e+05
   1.1076459e+05
   1.1122927e+05
   1.1156860e+05
   1.1184604e+05
   1.1223587e+05
   1.1255803e+05
   1.1288376e+05
   1.1319054e+05
   1.1365144e+05
   1.1398941e+05
   1.1438360e+05
   1.1491229e+05
   1.1531400e+05
   1.1568365e+05
   1.1602679e+05
   1.1643925e+05
   1.1677049e+05
   1.1712351e+05
   1.1751699e+05
   1.1780949e+05
   1.1830910e+05
   1.1868722e+05
   1.1943322e+05
   1.1997422e+05
   1.6061156e+05
   1.6095739e+05
   1.6148777e+05
   1.6179151e+05
   1.6229196e+05
   1.6266476e+05
   1.6312394e+05
   1.6345902e+05
   1.6382652e+05
   1.6421606e+05
   1.6471059e+05
   1.6516993e+05
   1.6544247e+05
   1.6577290e+05
   1.6642994e+05
   1.6721179e+05
   1.6752188e+05
   1.6812864e+05
   1.6872998e+05
   1.6936610e+05
   1.6976513e+05
   1.7033516e+05
   1.7067613e+05
   1.7109857e+05
   1.7156546e+05
   1.7191248e+05
   1.7222813e+05
   1.7273168e+05
   1.7314167e+05
   1.7367350e+05
   1.7429128e+05
   1.7457481e+05
   1.7531476e+05
   1.7599243e+05
   1.7645129e+05
   1.7675769e+05
   1.7718760e+05
   1.7759445e+05
   1.7805072e+05
   1.7868217e+05
   1.7905504e+05
   1.7959912e+05
   1.7998171e+05
   2.2008612e+05
   2.2087586e+05
   2.2116613e+05
   2.2149863e+05
   2.2202917e+05
   2.2236230e+05
   2.2267867e+05
   2.2300828e+05
   2.2324562e+05
   2.2370052e+05
   2.2404028e+05
   2.2453572e+05
   2.2497052e+05
   2.2530031e+05
   2.2564640e+05
   2.2596442e+05
   2.2635047e+05
   2.2669848e+05
   2.2701571e+05
   2.2776968e+05
   2.2831678e+05
   2.2873555e+05
   2.2916925e+05
   2.2955507e+05
   2.3008943e+05
   2.3050529e+05
   2.3104495e+05
   2.3156493e+05
   2.3193968e+05
   2.3228950e+05
   2.3267872e+05
   2.3305676e+05
   2.3338747e+05
   2.3418496e+05
   2.3452923e+05
   2.3492109e+05
   2.3539447e+05
   2.3588191e+05
   2.3630201e+05
   2.3673040e+05
   2.3701962e+05
   2.3730364e+05
   2.3759265e+05
   2.3795620e+05
   2.3846006e+05
   2.3901209e+05
   2.3952815e+05
   2.3992208e+05
   2.8046563e+05
   2.8095592e+05
   2.8174805e+05
   2.8214399e+05
   2.8302167e+05
   2.8356389e+05
   2.8406774e+05
   2.8459431e+05
   2.8523790e+05
   2.8578049e+05
   2.8627368e+05
   2.8658585e+05
   2.8747779e+05
   2.8782297e+05
   2.8835713e+05
   2.8865778e+05
   2.8905874e+05
   2.8958412e+05
   2.9023442e+05
   2.9069246e+05
   2.9116408e+05
   2.9148943e+05
   2.9233359e+05
   2.9267022e+05
   2.9314489e+05
   2.9351775e+05
   2.9387857e+05
   2.9434698e+05
   2.9465673e+05
   2.9510183e+05
   2.9634674e+05
   2.9674013e+05
   2.9762284e+05
   2.9793985e+05
   2.9847236e+05
   2.9898850e+05
   2.9942719e+05
   2.9989552e+05
   3.4005162e+05
   3.4042974e+05
   3.4081339e+05
   3.4154907e+05
   3.4208291e+05
   3.4247219e+05
   3.4290179e+05
   3.4333951e+05
   3.4409948e+05
   3.4453259e+05
   3.4486452e+05
   3.4531416e+05
   3.4557647e+05
   3.4598300e+05
   3.4636400e+05
   3.4694465e+05
   3.4709987e+05
   3.4748603e+05
   3.4786489e+05
   3.4826955e+05
   3.4857045e+05
   3.4901194e+05
   3.4934659e+05
   3.4987775e+05
   3.5034499e+05
   3.5072765e+05
   3.5112959e+05
   3.5149562e+05
   3.5178431e+05
   3.5214649e+05
   3.5242144e+05
   3.5288470e+05
   3.5326140e+05
   3.5377316e+05
   3.5433439e+05
   3.5481698e+05
   3.5517435e+05
   3.5549552e+05
   3.5625330e+05
   3.5657305e+05
   3.5695071e+05
   3.5724498e+05
   3.5769874e+05
   3.5820256e+05
   3.5849681e+05
   3.5884201e+05
   3.5919813e+05
   3.5952969e+05
   3.5996849e+05
   4.0017278e+05
   4.0047907e+05
   4.0084799e+05
   4.0113513e+05
   4.0143265e+05
   4.0182647e+05
   4.0223468e+05
   4.0261864e+05
   4.0299015e+05
   4.0344259e+05
   4.0381975e+05
   4.0410237e+05
   4.0449119e+05
   4.0507992e+05
   4.0549787e+05
   4.0575904e+05
   4.0614676e+05
   4.0650198e+05
   4.0686782e+05
   4.0700470e+05
   4.0726676e+05
   4.0760942e+05
   4.0794068e+05
   4.0843449e+05
   4.0890384e+05
   4.0942087e+05
   4.0988466e+05
   4.1039953e+05
   4.1084499e+05
   4.1155005e+05
   4.1194333e+05
   4.1243505e+05
   4.1276581e+05
   4.1305250e+05
   4.1348504e+05
   4.1416167e+05
   4.1444537e+05
   4.1483639e+05
   4.1515833e+05
   4.1552537e+05
   4.1628442e+05
   4.1666028e+05
   4.1697683e+05
   4.1729494e+05
   4.1775495e+05
   4.1820184e+05
   4.1857385e+05
   4.1910553e+05
   4.1973073e+05
   4.6020612e+05
   4.6058774e+05
   4.6082228e+05
   4.6110581e+05
   4.6142124e+05
   4.6191725e+05
   4.6222913e+05
   4.6255007e+05
   4.6285096e+05
   4.6312694e+05
   4.6341784e+05
   4.6369686e+05
   4.6400783e+05
   4.6442317e+05
   4.6466917e+05
   4.6496687e+05
   4.6536526e+05
   4.6566968e+05
   4.6600469e+05
   4.6638431e+05
   4.6673959e+05
   4.6694895e+05
   4.6735889e+05
   4.6813434e+05
   4.6864263e+05
   4.6898243e+05
   4.6936124e+05
   4.6985925e+05
   4.7030702e+05
   4.7081608e+05
   4.7148263e+05
   4.7185914e+05
   4.7217571e+05
   4.7278474e+05
   4.7339355e+05
   4.7394973e+05
   4.7420112e+05
   4.7452506e+05
   4.7491818e+05
   4.7520083e+05
   4.7549238e+05
   4.7586643e+05
   4.7622415e+05
   4.7660998e+05
   4.7704470e+05
   4.7742662e+05
   4.7778937e+05
   4.7818972e+05
   4.7844825e+05
   4.7888364e+05
   4.7918259e+05
   4.7947225e+05
   4.7990444e+05
   5.2015315e+05
   5.2042342e+05
   5.2070359e+05
   5.2114669e+05
   5.2152178e+05
   5.2179071e+05
   5.2206423e+05
   5.2236906e+05
   5.2266296e+05
   5.2307597e+05
   5.2336448e+05
   5.2374006e+05
   5.2400706e+05
   5.2428166e+05
   5.2459207e+05
   5.2491475e+05
   5.2520491e+05
   5.2553168e+05
   5.2587362e+05
   5.2617603e+05
   5.2648592e+05
   5.2687597e+05
   5.2725857e+05
   5.2781767e+05
   5.2819720e+05
   5.2852374e+05
   5.2901438e+05
   5.2937398e+05
   5.2974156e+05
   5.3001005e+05
   5.3034904e+05
   5.3073298e+05
   5.3108457e+05
   5.3150154e+05
   5.3190428e+05
   5.3232998e+05
   5.3279648e+05
   5.3325549e+05
   5.3385299e+05
   5.3412394e+05
   5.3441164e+05
   5.3475248e+05
   5.3502611e+05
   5.3541746e+05
   5.3587728e+05
   5.3620869e+05
   5.3651615e+05
   5.3688705e+05
   5.3727452e+05
   5.3764687e+05
   5.3829226e+05
   5.3856764e+05
   5.3898105e+05
   5.3929993e+05
   5.3957056e+05
   5.8016738e+05
   5.8048121e+05
   5.8080893e+05
   5.8111367e+05
   5.8139060e+05
   5.8169416e+05
   5.8198191e+05
   5.8223520e+05
   5.8259905e+05
   5.8293921e+05
   5.8330941e+05
   5.8366522e+05
   5.8390317e+05
   5.8422657e+05
   5.8448012e+05
   5.8474473e+05
   5.8507417e+05
   5.8538863e+05
   5.8567925e+05
   5.8595755e+05
   5.8636267e+05
   5.8688083e+05
   5.8734744e+05
   5.8770213e+05
   5.8804914e+05
   5.8843768e+05
   5.8890126e+05
   5.8928476e+05
   5.8961826e+05
   5.9000941e+05
   5.9045182e+05
   5.9091015e+05
   5.9131636e+05
   5.9171967e+05
   5.9223767e+05
   5.9255033e+05
   5.9278481e+05
   5.9308322e+05
   5.9352278e+05
   5.9385965e+05
   5.9437392e+05
   5.9474210e+05
   5.9586400e+05
   5.9624360e+05
   5.9662094e+05
   5.9702789e+05
   5.9747421e+05
   5.9772365e+05
   5.9806638e+05
   5.9859839e+05
   5.9900157e+05
   5.9937076e+05
   5.9978750e+05
   6.0042280e+05
   6.0078327e+05
   6.0111129e+05
   6.0168253e+05
   6.0207021e+05
   6.0247107e+05
   6.0290731e+05
   6.0330037e+05
   6.0388163e+05
   6.0433051e+05
   6.0482156e+05
   6.0519774e+05
   6.0549630e+05
   6.0598435e+05
   6.0658185e+05
   6.0691806e+05
   6.0759530e+05
   6.0806188e+05
   6.0849434e+05
   6.0896921e+05
   6.0935881e+05
   6.0977658e+05
   6.1048265e+05
   6.1087792e+05
   6.1137193e+05
   6.1175854e+05
   6.1225631e+05
   6.1266400e+05
   6.1301311e+05
   6.1342643e+05
   6.1382782e+05
   6.1428171e+05
   6.1474218e+05
   6.1520130e+05
   6.1560626e+05
   6.1601116e+05
   6.1653547e+05
   6.1699632e+05
   6.1749331e+05
   6.1794607e+05
   6.1841269e+05
   6.1888546e+05
   6.1925928e+05
   6.1973239e+05
   6.2016832e+05
   6.2055193e+05
   6.2098130e+05
   6.2135857e+05
   6.2171976e+05
   6.2215635e+05
   6.2306585e+05
   6.2342910e+05
   6.2384592e+05
   6.2418989e+05
   6.2476670e+05
   6.2533086e+05
   6.2607739e+05
   6.2636692e+05
   6.2663192e+05
   6.2706038e+05
   6.2745914e+05
   6.2815664e+05
   6.2859854e+05
   6.2960283e+05
   6.2996999e+05
   6.3041367e+05
   6.3110213e+05
   6.3161594e+05
   6.3208789e+05
   6.3311850e+05
   6.3347115e+05
   6.3390188e+05
   6.3428288e+05
   6.3457235e+05
   6.3485537e+05
   6.3527906e+05
   6.3572404e+05
   6.3638567e+05
   6.3673462e+05
   6.3735571e+05
   6.3804282e+05
   6.3839688e+05
   6.3886533e+05
   6.3939900e+05
   6.3974645e+05
   6.4030415e+05
   6.4104723e+05
   6.4143116e+05
   6.4193387e+05
   6.4242695e+05
   6.4294184e+05
   6.4343413e+05
   6.4401909e+05
   6.4439957e+05
   6.4480278e+05
   6.4532290e+05
   6.4569218e+05
   6.4605409e+05
   6.4672133e+05
   6.4699783e+05
   6.4751284e+05
   6.4795019e+05
   6.4827081e+05
   6.4872752e+05
   6.4907407e+05
   6.4962475e+05
   6.5019192e+05
   6.5072309e+05
   6.5123609e+05
   6.5177420e+05
   6.5224670e+05
   6.5271762e+05
   6.5311535e+05
   6.5385021e+05
   6.5414643e+05
   6.5489875e+05
   6.5556221e+05
   6.5596666e+05
   6.5659702e+05
   6.5704815e+05
   6.5743105e+05
   6.5796045e+05
   6.5839565e+05
   6.5898774e+05
   6.5951116e+05
   6.6014628e+05
   6.6040899e+05
   6.6087460e+05
   6.6143910e+05
   6.6187873e+05
   6.6228184e+05
   6.6270409e+05
   6.6311019e+05
   6.6355668e+05
   6.6391356e+05
   6.6419745e+05
   6.6467167e+05
   6.6509269e+05
   6.6541673e+05
   6.6576484e+05
   6.6621565e+05
   6.6682649e+05
   6.6728773e+05
   6.6778182e+05
   6.6843200e+05
   6.6873380e+05
   6.6913665e+05
   6.6961198e+05
   6.6999898e+05
   6.7043839e+05
   6.7105557e+05
   6.7145785e+05
   6.7205040e+05
   6.7239912e+05
   6.7308175e+05
   6.7474822e+05
   6.7557206e+05
   6.7594736e+05
   6.7638964e+05
   6.7693137e+05
   6.7732492e+05
   6.7769571e+05
   6.7835201e+05
   6.7871089e+05
   6.7930567e+05
   6.7972191e+05
   6.8054588e+05
   6.8087112e+05
   6.8141729e+05
   6.8199098e+05
   6.8237088e+05
   6.8283048e+05
   6.8382156e+05
   6.8423625e+05
   6.8464399e+05
   6.8510063e+05
   6.8548793e+05
   6.8582390e+05
   6.8621698e+05
   6.8653830e+05
   6.8690711e+05
   6.8722963e+05
   6.8780286e+05
   6.8834471e+05
   6.8895554e+05
   6.8942130e+05
   6.9011830e+05
   6.9071194e+05
   6.9124655e+05
   6.9164330e+05
   6.9207100e+05
   6.9243072e+05
   6.9275796e+05
   6.9320318e+05
   6.9363028e+05
   6.9408823e+05
   6.9453991e+05
   6.9480339e+05
   6.9540313e+05
   6.9609933e+05
   6.9654609e+05
   6.9705940e+05
   6.9764694e+05
   6.9804612e+05
   6.9840480e+05
   6.9892578e+05
   6.9972893e+05
   7.0065173e+05
   7.0108802e+05
   7.0157358e+05
   7.0203868e+05
   7.0287145e+05
   7.0329473e+05
   7.0365356e+05
   7.0451521e+05
   7.0523296e+05
   7.0563629e+05
   7.0619099e+05
   7.0683910e+05
   7.0733060e+05
   7.0766898e+05
   7.0814716e+05
   7.0851139e+05
   7.0882654e+05
   7.0921203e+05
   7.0973747e+05
   7.1005516e+05
   7.1059561e+05
   7.1118011e+05
   7.1150167e+05
   7.1196581e+05
   7.1232287e+05
   7.1293807e+05
   7.1346586e+05
   7.1387710e+05
   7.1454138e+05
   7.1563900e+05
   7.1610837e+05
   7.1650522e+05
   7.1690036e+05
   7.1731448e+05
   7.1772710e+05
   7.1819246e+05
   7.1851847e+05
   7.1891634e+05
   7.1937979e+05
   7.1976369e+05
   7.2058106e+05
   7.2225259e+05
   7.2268373e+05
   7.2312232e+05
   7.2346584e+05
   7.2389920e+05
   7.2499621e+05
   7.2542919e+05
   7.2693426e+05
   7.2758445e+05
   7.2798461e+05
   7.2834711e+05
   7.2931762e+05
   7.3002630e+05
   7.3082688e+05
   7.3190227e+05
   7.3251929e+05
   7.3348522e+05
   7.3489497e+05
   7.3546419e+05
   7.3638073e+05
   7.3684521e+05
   7.3739048e+05
   7.4094768e+05
   7.4137951e+05
   7.4188940e+05
   7.4304527e+05
   7.4357098e+05
   7.4411761e+05
   7.4451358e+05
   7.4500943e+05
   7.4550186e+05
   7.4680015e+05
   7.4745254e+05
   7.4796912e+05
   7.5099929e+05
   7.5135319e+05
   7.5178285e+05
   7.5237344e+05
   7.5270243e+05
   7.5316269e+05
   7.5379746e+05
   7.5454510e+05
   7.5499293e+05
   7.5565945e+05
   7.5647234e+05
   7.5687847e+05
   7.5749668e+05
   7.5811565e+05
   7.5870262e+05
   7.6025985e+05
   7.6056608e+05
   7.6088063e+05
   7.6120910e+05
   7.6164442e+05
   7.6199073e+05
   7.6243131e+05
   7.6275019e+05
   7.6302296e+05
   7.6343341e+05
   7.6382820e+05
   7.6419358e+05
   7.6455104e+05
   7.6491221e+05
   7.6521169e+05
   7.6566277e+05
   7.6599151e+05
   7.6672068e+05
   7.6754071e+05
   7.6800191e+05
   7.6863803e+05
   7.6915660e+05
   7.6976139e+05
   7.7021855e+05
   7.7093781e+05
   7.7140041e+05
   7.7180599e+05
   7.7235423e+05
   7.7314664e+05
   7.7348747e+05
   7.7381448e+05
   7.7458591e+05
   7.7559042e+05
   7.7620140e+05
   7.7675998e+05
   7.7714741e+05
   7.7844351e+05
   7.7945427e+05
   8.2046431e+05
   8.2090885e+05
   8.2130847e+05
   8.2167184e+05
   8.2201403e+05
   8.2241550e+05
   8.2292104e+05
   8.2327908e+05
   8.2358886e+05
   8.2393028e+05
   8.2426501e+05
   8.2460894e+05
   8.2514616e+05
   8.2557007e+05
   8.2618302e+05
   8.2662276e+05
   8.2691855e+05
   8.2743964e+05
   8.2800068e+05
   8.2841824e+05
   8.2881323e+05
   8.2949275e+05
   8.3003868e+05
   8.3087743e+05
   8.3168079e+05
   8.3206844e+05
   8.3267428e+05
   8.3324870e+05
   8.3382702e+05
   8.3456513e+05
   8.3489285e+05
   8.3550805e+05
   8.3695089e+05
   8.3738689e+05
   8.3781807e+05
   8.3835179e+05
   8.3887310e+05
   8.3934267e+05
   8.3990742e+05
   8.8024345e+05
   8.8058635e+05
   8.8097536e+05
   8.8127907e+05
   8.8159207e+05
   8.8198850e+05
   8.8227788e+05
   8.8259140e+05
   8.8292278e+05
   8.8330516e+05
   8.8367653e+05
   8.8395969e+05
   8.8435427e+05
   8.8468818e+05
   8.8521432e+05
   8.8560981e+05
   8.8599385e+05
   8.8635416e+05
   8.8666065e+05
   8.8699892e+05
   8.8807476e+05
   8.8855833e+05
   8.8941607e+05
   8.8983843e+05
   8.9018883e+05
   8.9078504e+05
   8.9142904e+05
   8.9212861e+05
   8.9264380e+05
   8.9354592e+05
   8.9464061e+05
   8.9512046e+05
   8.9548311e+05
   8.9594877e+05
   8.9655604e+05
   8.9710483e+05
   8.9790373e+05
   8.9882204e+05
   8.9939764e+05
   8.9976564e+05
   9.4030998e+05
   9.4077047e+05
   9.4137738e+05
   9.4179312e+05
   9.4222035e+05
   9.4258548e+05
   9.4293575e+05
   9.4330750e+05
   9.4374515e+05
   9.4416160e+05
   9.4452028e+05
   9.4477939e+05
   9.4509258e+05
   9.4555952e+05
   9.4587696e+05
   9.4620799e+05
   9.4647913e+05
   9.4689685e+05
   9.4737438e+05
   9.4776470e+05
   9.4819774e+05
   9.4921989e+05
   9.4980181e+05
   9.5020935e+05
   9.5058427e+05
   9.5126445e+05
   9.5186597e+05
   9.5245874e+05
   9.5337594e+05
   9.5390949e+05
   9.5481038e+05
   9.5537131e+05
   9.5602464e+05
   9.5632860e+05
   9.5692188e+05
   9.5741198e+05
   9.5792112e+05
   9.5856176e+05
   9.5923145e+05
   9.5958325e+05
   1.0003238e+06
   1.0007494e+06
   1.0010857e+06
   1.0014974e+06
   1.0018994e+06
   1.0024380e+06
   1.0027436e+06
   1.0031190e+06
   1.0035364e+06
   1.0043518e+06
   1.0047003e+06
   1.0050731e+06
   1.0053730e+06
   1.0057651e+06
   1.0060856e+06
   1.0065395e+06
   1.0068136e+06
   1.0074360e+06
   1.0079174e+06
   1.0085864e+06
   1.0091403e+06
   1.0097362e+06
   1.0102577e+06
   1.0108141e+06
   1.0113107e+06
   1.0118623e+06
   1.0122496e+06
   1.0129013e+06
   1.0136709e+06
   1.0139198e+06
   1.0145882e+06
   1.0150976e+06
   1.0154785e+06
   1.0159146e+06
   1.0174582e+06
   1.0178834e+06
   1.0182870e+06
   1.0187362e+06
   1.0192802e+06
   1.0197468e+06
   1.0604083e+06
   1.0607118e+06
   1.0610501e+06
   1.0615051e+06
   1.0618930e+06
   1.0622664e+06
   1.0625876e+06
   1.0630395e+06
   1.0633507e+06
   1.0637510e+06
   1.0641098e+06
   1.0647746e+06
   1.0651985e+06
   1.0657039e+06
   1.0660683e+06
   1.0663868e+06
   1.0667710e+06
   1.0674189e+06
   1.0679867e+06
   1.0684371e+06
   1.0688788e+06
   1.0692906e+06
   1.0698033e+06
   1.0702037e+06
   1.0708805e+06
   1.0719095e+06
   1.0725509e+06
   1.0729741e+06
   1.0734953e+06
   1.0744316e+06
   1.0749660e+06
   1.0754588e+06
   1.0761089e+06
   1.0769990e+06
   1.0778000e+06
   1.0784527e+06
   1.0791868e+06
   1.0795856e+06
   1.1203449e+06
   1.1208505e+06
   1.1211630e+06
   1.1216774e+06
   1.1220144e+06
   1.1229151e+06
   1.1233441e+06
   1.1241101e+06
   1.1247206e+06
   1.1253442e+06
   1.1259212e+06
   1.1263373e+06
   1.1266858e+06
   1.1273906e+06
   1.1277406e+06
   1.1283176e+06
   1.1288878e+06
   1.1293095e+06
   1.1299216e+06
   1.1304480e+06
   1.1309172e+06
   1.1318398e+06
   1.1322019e+06
   1.1330355e+06
   1.1334173e+06
   1.1347169e+06
   1.1350665e+06
   1.1358631e+06
   1.1367043e+06
   1.1375437e+06
   1.1380228e+06
   1.1385634e+06
   1.1393552e+06
   1.1802771e+06
   1.1807230e+06
   1.1811670e+06
   1.1815659e+06
   1.1819030e+06
   1.1822714e+06
   1.1828752e+06
   1.1833114e+06
   1.1836613e+06
   1.1839777e+06
   1.1843768e+06
   1.1849427e+06
   1.1853753e+06
   1.1861277e+06
   1.1864446e+06
   1.1868275e+06
   1.1873487e+06
   1.1878169e+06
   1.1884060e+06
   1.1890121e+06
   1.1894860e+06
   1.1900052e+06
   1.1904725e+06
   1.1910489e+06
   1.1914584e+06
   1.1918869e+06
   1.1926422e+06
   1.1933831e+06
   1.1937518e+06
   1.1946621e+06
   1.1951448e+06
   1.1958249e+06
   1.1969288e+06
   1.1978046e+06
   1.1985288e+06
   1.1994880e+06
   1.2404584e+06
   1.2409435e+06
   1.2413511e+06
   1.2419136e+06
   1.2424139e+06
   1.2430033e+06
   1.2433958e+06
   1.2438029e+06
   1.2441977e+06
   1.2445590e+06
   1.2449595e+06
   1.2454438e+06
   1.2459427e+06
   1.2462389e+06
   1.2468143e+06
   1.2481019e+06
   1.2484223e+06
   1.2491414e+06
   1.2496531e+06
   1.2503078e+06
   1.2507956e+06
   1.2514057e+06
   1.2518132e+06
   1.2539461e+06
   1.2546300e+06
   1.2550962e+06
   1.2563384e+06
   1.2574984e+06
   1.2582123e+06
   1.2588440e+06
   1.2593403e+06
   1.2598157e+06
   1.3006175e+06
   1.3009954e+06
   1.3013704e+06
   1.3018062e+06
   1.3025540e+06
   1.3029764e+06
   1.3037436e+06
   1.3041259e+06
   1.3045603e+06
   1.3049998e+06
   1.3053538e+06
   1.3057348e+06
   1.3060648e+06
   1.3065500e+06
   1.3075403e+06
   1.3081070e+06
   1.3087281e+06
   1.3090927e+06
   1.3095534e+06
   1.3100964e+06
   1.3106579e+06
   1.3111150e+06
   1.3115468e+06
   1.3121686e+06
   1.3132903e+06
   1.3150281e+06
   1.3156381e+06
   1.3163661e+06
   1.3167859e+06
   1.3171867e+06
   1.3178872e+06
   1.3183449e+06
   1.3187382e+06
   1.3193567e+06
   1.3197360e+06
   1.3604068e+06
   1.3608861e+06
   1.3614937e+06
   1.3618732e+06
   1.3622230e+06
   1.3625431e+06
   1.3628641e+06
   1.3635104e+06
   1.3639822e+06
   1.3643538e+06
   1.3647456e+06
   1.3651506e+06
   1.3656104e+06
   1.3659303e+06
   1.3663110e+06
   1.3666496e+06
   1.3674333e+06
   1.3680973e+06
   1.3691505e+06
   1.3695839e+06
   1.3704180e+06
   1.3708836e+06
   1.3716070e+06
   1.3720158e+06
   1.3726332e+06
   1.3731740e+06
   1.3749794e+06
   1.3753219e+06
   1.3757461e+06
   1.3764142e+06
   1.3769686e+06
   1.3773288e+06
   1.3776954e+06
   1.3782675e+06
   1.3788144e+06
   1.3794243e+06
   1.3799578e+06
   1.4203372e+06
   1.4212322e+06
   1.4216628e+06
   1.4219882e+06
   1.4224006e+06
   1.4265480e+06
   1.4274858e+06
   1.4279841e+06
   1.4283299e+06
   1.4287563e+06
   1.4290911e+06
   1.4296482e+06
   1.4301399e+06
   1.4306328e+06
   1.4311341e+06
   1.4316753e+06
   1.4328378e+06
   1.4337778e+06
   1.4344396e+06
   1.4348676e+06
   1.4361193e+06
   1.4365073e+06
   1.4370211e+06
   1.4374870e+06
   1.4380318e+06
   1.4386189e+06
   1.4390978e+06
   1.4397854e+06
   1.4804133e+06
   1.4808652e+06
   1.4813701e+06
   1.4817988e+06
   1.4821387e+06
   1.4825912e+06
   1.4831105e+06
   1.4836812e+06
   1.4841321e+06
   1.4848479e+06
   1.4857268e+06
   1.4862390e+06
   1.4866220e+06
   1.4879584e+06
   1.4883762e+06
   1.4888591e+06
   1.4892156e+06
   1.4901550e+06
   1.4910716e+06
   1.4915439e+06
   1.4922785e+06
   1.4926665e+06
   1.4934008e+06
   1.4938255e+06
   1.4946550e+06
   1.4950962e+06
   1.4956356e+06
   1.4960613e+06
   1.4965459e+06
   1.4973191e+06
   1.4978460e+06
   1.4981660e+06
   1.4985824e+06
   1.4990438e+06
   1.4995754e+06
   1.5404032e+06
   1.5423521e+06
   1.5428660e+06
   1.5431687e+06
   1.5436252e+06
   1.5442030e+06
   1.5446674e+06
   1.5451905e+06
   1.5456112e+06
   1.5460112e+06
   1.5465627e+06
   1.5474134e+06
   1.5479337e+06
   1.5489269e+06
   1.5495669e+06
   1.5501686e+06
   1.5507005e+06
   1.5512929e+06
   1.5516525e+06
   1.5523149e+06
   1.5528180e+06
   1.5539878e+06
   1.5546193e+06
   1.5549938e+06
   1.5554270e+06
   1.5557341e+06
   1.5562544e+06
   1.5566679e+06
   1.5572050e+06
   1.5579621e+06
   1.5587177e+06
   1.5593431e+06
   1.5598611e+06
   1.6005225e+06
   1.6008459e+06
   1.6013470e+06
   1.6018138e+06
   1.6021867e+06
   1.6025179e+06
   1.6029968e+06
   1.6033734e+06
   1.6040328e+06
   1.6044597e+06
   1.6049358e+06
   1.6059279e+06
   1.6065388e+06
   1.6068863e+06
   1.6074845e+06
   1.6080749e+06
   1.6093510e+06
   1.6097527e+06
   1.6100475e+06
   1.6114406e+06
   1.6118127e+06
   1.6134345e+06
   1.6138009e+06
   1.6145834e+06
   1.6151163e+06
   1.6158664e+06
   1.6167507e+06
   1.6172710e+06
   1.6178182e+06
   1.6183516e+06
   1.6192264e+06
   1.6604516e+06
   1.6609581e+06
   1.6616629e+06
   1.6619602e+06
   1.6623500e+06
   1.6626733e+06
   1.6631187e+06
   1.6638234e+06
   1.6643387e+06
   1.6646782e+06
   1.6651162e+06
   1.6655609e+06
   1.6660721e+06
   1.6667612e+06
   1.6677246e+06
   1.6742990e+06
   1.6749262e+06
   1.6754734e+06
   1.6759395e+06
   1.6766751e+06
   1.6773058e+06
   1.6777042e+06
   1.6782101e+06
   1.6791988e+06
   1.6797834e+06
   1.7205508e+06
   1.7209574e+06
   1.7215204e+06
   1.7220691e+06
   1.7228223e+06
   1.7233890e+06
   1.7239149e+06
   1.7246414e+06
   1.7253471e+06
   1.7257649e+06
   1.7268080e+06
   1.7275552e+06
   1.7280649e+06
   1.7291121e+06
   1.7295104e+06
   1.7299619e+06
   1.7309886e+06
   1.7315132e+06
   1.7320434e+06
   1.7325589e+06
   1.7330298e+06
   1.7339093e+06
   1.7346914e+06
   1.7351617e+06
   1.7359318e+06
   1.7364754e+06
   1.7368896e+06
   1.7372681e+06
   1.7387443e+06
   1.7391519e+06
   1.7396992e+06
   1.7803382e+06
   1.7808099e+06
   1.7819891e+06
   1.7824945e+06
   1.7830299e+06
   1.7835213e+06
   1.7844083e+06
   1.7848208e+06
   1.7854011e+06
   1.7857864e+06
   1.7866890e+06
   1.7876065e+06
   1.7881209e+06
   1.7892578e+06
   1.7897176e+06
   1.7902151e+06
   1.7912170e+06
   1.7920153e+06
   1.7929963e+06
   1.7934188e+06
   1.7938081e+06
   1.7946980e+06
   1.7951195e+06
   1.7955635e+06
   1.7962118e+06
   1.7967196e+06
   1.7971134e+06
   1.7977161e+06
   1.7983384e+06
   1.7990800e+06
   1.7995089e+06
   1.8408458e+06
   1.8421877e+06
   1.8430368e+06
   1.8436514e+06
   1.8445658e+06
   1.8449876e+06
   1.8460184e+06
   1.8464894e+06
   1.8478845e+06
   1.8483481e+06
   1.8489450e+06
   1.8501169e+06
   1.8506371e+06
   1.8512384e+06
   1.8523976e+06
   1.8529984e+06
   1.8537025e+06
   1.8547842e+06
   1.8557409e+06
   1.8562953e+06
   1.8568028e+06
   1.8572098e+06
   1.8577921e+06
   1.8582199e+06
   1.8585656e+06
   1.8590600e+06
   1.8596252e+06
   1.9007146e+06
   1.9014521e+06
   1.9021865e+06
   1.9025736e+06
   1.9032922e+06
   1.9037704e+06
   1.9042030e+06
   1.9045883e+06
   1.9050543e+06
   1.9053868e+06
   1.9059074e+06
   1.9065409e+06
   1.9074881e+06
   1.9083744e+06
   1.9096070e+06
   1.9104892e+06
   1.9109824e+06
   1.9116898e+06
   1.9124463e+06
   1.9132178e+06
   1.9143729e+06
   1.9148938e+06
   1.9154551e+06
   1.9160818e+06
   1.9167437e+06
   1.9176888e+06
   1.9185115e+06
   1.9190007e+06
   1.9197145e+06
   6.0486930e+04
   6.0935077e+04
   6.1373258e+04
   6.1821608e+04
   6.2411533e+04
   6.2773067e+04
   6.3181591e+04
   6.3633249e+04
   6.4160698e+04
   6.4423674e+04
   6.4848841e+04
   6.5348832e+04
   6.5935495e+04
   6.6520196e+04
   6.6942085e+04
   6.7231619e+04
   6.7824052e+04
   6.8291199e+04
   6.8742725e+04
   6.9123693e+04
   6.9931844e+04
   7.0287129e+04
   7.0828656e+04
   7.1191102e+04
   7.1694075e+04
   7.2109220e+04
   7.2577152e+04
   7.3242033e+04
   7.3649983e+04
   7.4172489e+04
   7.4782171e+04
   7.5143793e+04
   7.5773373e+04
   7.6517069e+04
   7.6976303e+04
   7.7449732e+04
   7.7958026e+04
   7.8422427e+04
   7.9025060e+04
   7.9395496e+04
   7.9986414e+04
   8.0461749e+04
   8.0839408e+04
   8.1149246e+04
   8.1593539e+04
   8.2039523e+04
   8.2745982e+04
   8.3079007e+04
   8.3583266e+04
   8.4070040e+04
   8.4632816e+04
   8.5029260e+04
   8.5566128e+04
   8.5927296e+04
   8.6338177e+04
   8.6707609e+04
   8.7218756e+04
   8.7736487e+04
   8.8137850e+04
   8.8561250e+04
   8.8840355e+04
   8.9395784e+04
   8.9687707e+04
   9.0070537e+04
   9.1271301e+04
   9.1775556e+04
   9.2289851e+04
   9.2707195e+04
   9.3173398e+04
   9.3445448e+04
   9.3784390e+04
   9.4213348e+04
   9.4787923e+04
   9.5094401e+04
   9.5435913e+04
   9.7658203e+04
   9.7980862e+04
   9.8449458e+04
   9.8845075e+04
   9.9443688e+04
   9.9971518e+04
   1.2054062e+05
   1.2089208e+05
   1.2119101e+05
   1.2154315e+05
   1.2196843e+05
   1.2296009e+05
   1.2350926e+05
   1.2388795e+05
   1.2449715e+05
   1.2498332e+05
   1.2571798e+05
   1.2619588e+05
   1.2665659e+05
   1.2730945e+05
   1.2776053e+05
   1.2811009e+05
   1.2866767e+05
   1.2907389e+05
   1.2936236e+05
   1.2994034e+05
   1.3038898e+05
   1.3087532e+05
   1.3130357e+05
   1.3168276e+05
   1.3235662e+05
   1.3311292e+05
   1.3335963e+05
   1.3387167e+05
   1.3441052e+05
   1.3497328e+05
   1.3539949e+05
   1.3593402e+05
   1.3627053e+05
   1.3676196e+05
   1.3727059e+05
   1.3783671e+05
   1.3827983e+05
   1.3868647e+05
   1.3927089e+05
   1.3971143e+05
   1.4033386e+05
   1.4073185e+05
   1.4120474e+05
   1.4166959e+05
   1.4195344e+05
   1.4237848e+05
   1.4270385e+05
   1.4309955e+05
   1.4357199e+05
   1.4416760e+05
   1.4467537e+05
   1.4536523e+05
   1.4566809e+05
   1.4627379e+05
   1.4673155e+05
   1.4714626e+05
   1.4760215e+05
   1.4806774e+05
   1.4850750e+05
   1.4894209e+05
   1.4942940e+05
   1.5004973e+05
   1.5048448e+05
   1.5083686e+05
   1.5141779e+05
   1.5199374e+05
   1.5237547e+05
   1.5289678e+05
   1.5335938e+05
   1.5381689e+05
   1.5428753e+05
   1.5475198e+05
   1.5574472e+05
   1.5623532e+05
   1.5669958e+05
   1.5736061e+05
   1.5785309e+05
   1.5822681e+05
   1.5859666e+05
   1.5916270e+05
   1.5982217e+05
   1.8043812e+05
   1.8084656e+05
   1.8135702e+05
   1.8162296e+05
   1.8192026e+05
   1.8290936e+05
   1.8352404e+05
   1.8386702e+05
   1.8447344e+05
   1.8493700e+05
   1.8530771e+05
   1.8578515e+05
   1.8618177e+05
   1.8663339e+05
   1.8692182e+05
   1.8740516e+05
   1.8793875e+05
   1.8824956e+05
   1.8871876e+05
   1.8924349e+05
   1.8957004e+05
   1.9005773e+05
   1.9075139e+05
   1.9118634e+05
   1.9174764e+05
   1.9208296e+05
   1.9263109e+05
   1.9295117e+05
   1.9333709e+05
   1.9382346e+05
   1.9423462e+05
   1.9454192e+05
   1.9503917e+05
   1.9538108e+05
   1.9572439e+05
   1.9617190e+05
   1.9660841e+05
   1.9707591e+05
   1.9769926e+05
   1.9808332e+05
   1.9887352e+05
   1.9939581e+05
   2.0017893e+05
   2.0057859e+05
   2.0097182e+05
   2.0144582e+05
   2.0182211e+05
   2.0230749e+05
   2.0280975e+05
   2.0333921e+05
   2.0384006e+05
   2.0428809e+05
   2.0477336e+05
   2.0518959e+05
   2.0577180e+05
   2.0617818e+05
   2.0654741e+05
   2.0714558e+05
   2.0757418e+05
   2.0821068e+05
   2.0869126e+05
   2.0946783e+05
   2.0980544e+05
   2.1029565e+05
   2.1073357e+05
   2.1128610e+05
   2.1184447e+05
   2.1224362e+05
   2.1274545e+05
   2.1336522e+05
   2.1389570e+05
   2.1445730e+05
   2.1483816e+05
   2.1532785e+05
   2.1593126e+05
   2.1647154e+05
   2.1685333e+05
   2.1731251e+05
   2.1767783e+05
   2.1806015e+05
   2.1861675e+05
   2.1924356e+05
   2.1970456e+05
   2.4045692e+05
   2.4087670e+05
   2.4176802e+05
   2.4215437e+05
   2.4271238e+05
   2.4325560e+05
   2.4356530e+05
   2.4393960e+05
   2.4432373e+05
   2.4522257e+05
   2.4580150e+05
   2.4612788e+05
   2.4647945e+05
   2.4700391e+05
   2.4762134e+05
   2.4819433e+05
   2.4868017e+05
   2.4912765e+05
   2.4970007e+05
   2.5012255e+05
   2.5043706e+05
   2.5072579e+05
   2.5111751e+05
   2.5162389e+05
   2.5214338e+05
   2.5325180e+05
   2.5377246e+05
   2.5408055e+05
   2.5454982e+05
   2.5539716e+05
   2.5575422e+05
   2.5638449e+05
   2.5727359e+05
   2.5825259e+05
   2.5858915e+05
   2.5898536e+05
   2.5933549e+05
   2.5971813e+05
   2.6005378e+05
   2.6051524e+05
   2.6095593e+05
   2.6136263e+05
   2.6172827e+05
   2.6230599e+05
   2.6303706e+05
   2.6352258e+05
   2.6401429e+05
   2.6432467e+05
   2.6481148e+05
   2.6533490e+05
   2.6579253e+05
   2.6621229e+05
   2.6668590e+05
   2.6708210e+05
   2.6753493e+05
   2.6813983e+05
   2.6851119e+05
   2.6889743e+05
   2.6977759e+05
   2.7032439e+05
   2.7072185e+05
   2.7121627e+05
   2.7160168e+05
   2.7216348e+05
   2.7258450e+05
   2.7298605e+05
   2.7334972e+05
   2.7393416e+05
   2.7438299e+05
   2.7488435e+05
   2.7540730e+05
   2.7576890e+05
   2.7611451e+05
   2.7650243e+05
   2.7690374e+05
   2.7723572e+05
   2.7766329e+05
   2.7806808e+05
   2.7840744e+05
   2.7872871e+05
   2.7908792e+05
   2.7967852e+05
   3.0039516e+05
   3.0070494e+05
   3.0115493e+05
   3.0216063e+05
   3.0247864e+05
   3.0313567e+05
   3.0350436e+05
   3.0390268e+05
   3.0441098e+05
   3.0481013e+05
   3.0536474e+05
   3.0582780e+05
   3.0613297e+05
   3.0655931e+05
   3.0697275e+05
   3.0753893e+05
   3.0800094e+05
   3.0838798e+05
   3.0916243e+05
   3.0966754e+05
   3.1027656e+05
   3.1083195e+05
   3.1129675e+05
   3.1193490e+05
   3.1254385e+05
   3.1307702e+05
   3.1337892e+05
   3.1399562e+05
   3.1452995e+05
   3.1518757e+05
   3.1563414e+05
   3.1625305e+05
   3.1679758e+05
   3.1729510e+05
   3.1781516e+05
   3.1858372e+05
   3.1915671e+05
   3.1957422e+05
   3.2035673e+05
   3.2076630e+05
   3.2120535e+05
   3.2175090e+05
   3.2205201e+05
   3.2245358e+05
   3.2277842e+05
   3.2326945e+05
   3.2369209e+05
   3.2420444e+05
   3.2457378e+05
   3.2505112e+05
   3.2552775e+05
   3.2594137e+05
   3.2634370e+05
   3.2694599e+05
   3.2771123e+05
   3.2814434e+05
   3.2865524e+05
   3.2931529e+05
   3.3020078e+05
   3.3061262e+05
   3.3088860e+05
   3.3138360e+05
   3.3200322e+05
   3.3243706e+05
   3.3292463e+05
   3.3345302e+05
   3.3383536e+05
   3.3437237e+05
   3.3475411e+05
   3.3516981e+05
   3.3555738e+05
   3.3600771e+05
   3.3634502e+05
   3.3682233e+05
   3.3710899e+05
   3.3785544e+05
   3.3819056e+05
   3.3868522e+05
   3.3911658e+05
   3.3951503e+05
   3.3984370e+05
   3.6038761e+05
   3.6073578e+05
   3.6119202e+05
   3.6159959e+05
   3.6193767e+05
   3.6229133e+05
   3.6265652e+05
   3.6352930e+05
   3.6396596e+05
   3.6465733e+05
   3.6511953e+05
   3.6544606e+05
   3.6583010e+05
   3.6620215e+05
   3.6683710e+05
   3.6734806e+05
   3.6773284e+05
   3.6819526e+05
   3.6879394e+05
   3.6945633e+05
   3.6993863e+05
   3.7025519e+05
   3.7052555e+05
   3.7103204e+05
   3.7154991e+05
   3.7201689e+05
   3.7238529e+05
   3.7284947e+05
   3.7315613e+05
   3.7369977e+05
   3.7422701e+05
   3.7470848e+05
   3.7539849e+05
   3.7590062e+05
   3.7641506e+05
   3.7677592e+05
   3.7758391e+05
   3.7803108e+05
   3.7852840e+05
   3.7893101e+05
   3.7941035e+05
   3.8012195e+05
   3.8049880e+05
   3.8108361e+05
   3.8140047e+05
   3.8192469e+05
   3.8226472e+05
   3.8284833e+05
   3.8352860e+05
   3.8406920e+05
   3.8493833e+05
   3.8525426e+05
   3.8570256e+05
   3.8615906e+05
   3.8663632e+05
   3.8706244e+05
   3.8737995e+05
   3.8767181e+05
   3.8841208e+05
   3.8883322e+05
   3.8920191e+05
   3.8961475e+05
   3.8996488e+05
   3.9036804e+05
   3.9089213e+05
   3.9132848e+05
   3.9202355e+05
   3.9238951e+05
   3.9276772e+05
   3.9320569e+05
   3.9368826e+05
   3.9439074e+05
   3.9511782e+05
   3.9613863e+05
   3.9660035e+05
   3.9690114e+05
   3.9722084e+05
   3.9830030e+05
   3.9880444e+05
   3.9923111e+05
   3.9990101e+05
   4.2044254e+05
   4.2083402e+05
   4.2121134e+05
   4.2180147e+05
   4.2227294e+05
   4.2304307e+05
   4.2348405e+05
   4.2385693e+05
   4.2444997e+05
   4.2506643e+05
   4.2551556e+05
   4.2596857e+05
   4.2641115e+05
   4.2683554e+05
   4.2714890e+05
   4.2767984e+05
   4.2822258e+05
   4.2867452e+05
   4.2912020e+05
   4.2962649e+05
   4.2998444e+05
   4.3029630e+05
   4.3075838e+05
   4.3130841e+05
   4.3164074e+05
   4.3200277e+05
   4.3239991e+05
   4.3271566e+05
   4.3312384e+05
   4.3341463e+05
   4.3407597e+05
   4.3448070e+05
   4.3492651e+05
   4.3550534e+05
   4.3588322e+05
   4.3620243e+05
   4.3655717e+05
   4.3721176e+05
   4.3779354e+05
   4.3822998e+05
   4.3874187e+05
   4.3917181e+05
   4.3961523e+05
   4.4012156e+05
   4.4064124e+05
   4.4098920e+05
   4.4162075e+05
   4.4211126e+05
   4.4254171e+05
   4.4312904e+05
   4.4358165e+05
   4.4394611e+05
   4.4456029e+05
   4.4488165e+05
   4.4525630e+05
   4.4578087e+05
   4.4629249e+05
   4.4672338e+05
   4.4754592e+05
   4.4807947e+05
   4.4846617e+05
   4.4937178e+05
   4.4993085e+05
   4.5051756e+05
   4.5132368e+05
   4.5209020e+05
   4.5244828e+05
   4.5282574e+05
   4.5339951e+05
   4.5388971e+05
   4.5439587e+05
   4.5478022e+05
   4.5536294e+05
   4.5569453e+05
   4.5628473e+05
   4.5663064e+05
   4.5711410e+05
   4.5754501e+05
   4.5818901e+05
   4.5866427e+05
   4.5903044e+05
   4.5955224e+05
   4.5987566e+05
   4.8096769e+05
   4.8165281e+05
   4.8204427e+05
   4.8240950e+05
   4.8287744e+05
   4.8327885e+05
   4.8361694e+05
   4.8397501e+05
   4.8430408e+05
   4.8463727e+05
   4.8501654e+05
   4.8554224e+05
   4.8611111e+05
   4.8658620e+05
   4.8690428e+05
   4.8744443e+05
   4.8812160e+05
   4.8853114e+05
   4.8885979e+05
   4.8930565e+05
   4.8975987e+05
   4.9004311e+05
   4.9045201e+05
   4.9093901e+05
   4.9275728e+05
   4.9331961e+05
   4.9370553e+05
   4.9416475e+05
   4.9473172e+05
   4.9509721e+05
   4.9559842e+05
   4.9652084e+05
   4.9703492e+05
   4.9739883e+05
   4.9791259e+05
   4.9843389e+05
   4.9894537e+05
   4.9945152e+05
   5.0007318e+05
   5.0050107e+05
   5.0087422e+05
   5.0132255e+05
   5.0177721e+05
   5.0235407e+05
   5.0270554e+05
   5.0323425e+05
   5.0377160e+05
   5.0416939e+05
   5.0451557e+05
   5.0489255e+05
   5.0518779e+05
   5.0560628e+05
   5.0616051e+05
   5.0653618e+05
   5.0685100e+05
   5.0726458e+05
   5.0776860e+05
   5.0819374e+05
   5.0922837e+05
   5.0953578e+05
   5.0986318e+05
   5.1029365e+05
   5.1065178e+05
   5.1100718e+05
   5.1142418e+05
   5.1186915e+05
   5.1234463e+05
   5.1299373e+05
   5.1350458e+05
   5.1383495e+05
   5.1444131e+05
   5.1534172e+05
   5.1620810e+05
   5.1669964e+05
   5.1722135e+05
   5.1761487e+05
   5.1800584e+05
   5.1843766e+05
   5.1908769e+05
   5.1958721e+05
   5.4061544e+05
   5.4100866e+05
   5.4154704e+05
   5.4203739e+05
   5.4258739e+05
   5.4287204e+05
   5.4330690e+05
   5.4374106e+05
   5.4419722e+05
   5.4456060e+05
   5.4513819e+05
   5.4562457e+05
   5.4607073e+05
   5.4635460e+05
   5.4678213e+05
   5.4713083e+05
   5.4756965e+05
   5.4819623e+05
   5.4913375e+05
   5.4949926e+05
   5.5025899e+05
   5.5065959e+05
   5.5105192e+05
   5.5152640e+05
   5.5220112e+05
   5.5262254e+05
   5.5348653e+05
   5.5417908e+05
   5.5460727e+05
   5.5500239e+05
   5.5558146e+05
   5.5604645e+05
   5.5645530e+05
   5.5679920e+05
   5.5726914e+05
   5.5763812e+05
   5.5811795e+05
   5.5854586e+05
   5.5890193e+05
   5.5935098e+05
   5.6052580e+05
   5.6081417e+05
   5.6152144e+05
   5.6243444e+05
   5.6280623e+05
   5.6343901e+05
   5.6397604e+05
   5.6439593e+05
   5.6483901e+05
   5.6537295e+05
   5.6595446e+05
   5.6660884e+05
   5.6693006e+05
   5.6732304e+05
   5.6785662e+05
   5.6852605e+05
   5.6893197e+05
   5.6968249e+05
   5.7016931e+05
   5.7054987e+05
   5.7113895e+05
   5.7177104e+05
   5.7213414e+05
   5.7257577e+05
   5.7336503e+05
   5.7387341e+05
   5.7431239e+05
   5.7465705e+05
   5.7504949e+05
   5.7579882e+05
   5.7638437e+05
   5.7699138e+05
   5.7752169e+05
   5.7795329e+05
   5.7829798e+05
   5.7866895e+05
   5.7900157e+05
   5.7943633e+05
   5.7974662e+05
   7.8091776e+05
   7.8134223e+05
   7.8188868e+05
   7.8240880e+05
   7.8296141e+05
   7.8354755e+05
   7.8437009e+05
   7.8523456e+05
   7.8648003e+05
   7.8698694e+05
   7.8764943e+05
   7.8826438e+05
   7.8880385e+05
   7.8923075e+05
   7.8998728e+05
   7.9055851e+05
   7.9121364e+05
   7.9289745e+05
   7.9380582e+05
   7.9427007e+05
   7.9555239e+05
   7.9603821e+05
   7.9730318e+05
   7.9782554e+05
   7.9856476e+05
   7.9907988e+05
   7.9953138e+05
   8.0002435e+05
   8.0063634e+05
   8.0101928e+05
   8.0132677e+05
   8.0201215e+05
   8.0238730e+05
   8.0301358e+05
   8.0452363e+05
   8.0512283e+05
   8.0574874e+05
   8.0615666e+05
   8.0660597e+05
   8.0727680e+05
   8.0798647e+05
   8.1071735e+05
   8.1146576e+05
   8.1207251e+05
   8.1266172e+05
   8.1344471e+05
   8.1416901e+05
   8.1578799e+05
   8.1623733e+05
   8.1743141e+05
   8.1787992e+05
   8.1828061e+05
   8.1888317e+05
   8.4104033e+05
   8.4162357e+05
   8.4201324e+05
   8.4246735e+05
   8.4298740e+05
   8.4362627e+05
   8.4419843e+05
   8.4477405e+05
   8.4545966e+05
   8.4628151e+05
   8.4689223e+05
   8.4751887e+05
   8.4832938e+05
   8.4889080e+05
   8.4977545e+05
   8.5061508e+05
   8.5108398e+05
   8.5151315e+05
   8.5206313e+05
   8.5257661e+05
   8.5301596e+05
   8.5349891e+05
   8.5471553e+05
   8.5568042e+05
   8.5614325e+05
   8.5715414e+05
   8.5768095e+05
   8.5807303e+05
   8.5919235e+05
   8.5976645e+05
   8.6043904e+05
   8.6084161e+05
   8.6146837e+05
   8.6191124e+05
   8.6309446e+05
   8.6374208e+05
   8.6457064e+05
   8.6555824e+05
   8.6606564e+05
   8.6685468e+05
   8.6747285e+05
   8.6783955e+05
   8.6846472e+05
   8.6908682e+05
   8.6968669e+05
   8.7061368e+05
   8.7107258e+05
   8.7189011e+05
   8.7262648e+05
   8.7304786e+05
   8.7383069e+05
   8.7432362e+05
   8.7494792e+05
   8.7589625e+05
   8.7663205e+05
   8.7705043e+05
   8.7747487e+05
   8.7802689e+05
   8.7915843e+05
   9.0065971e+05
   9.0101267e+05
   9.0232919e+05
   9.0277454e+05
   9.0317769e+05
   9.0500975e+05
   9.0534036e+05
   9.0646865e+05
   9.0700233e+05
   9.0752965e+05
   9.0806197e+05
   9.0903574e+05
   9.0966829e+05
   9.1026856e+05
   9.1097972e+05
   9.1169891e+05
   9.1229690e+05
   9.1266766e+05
   9.1324483e+05
   9.1422897e+05
   9.1475918e+05
   9.1526111e+05
   9.1560424e+05
   9.1626007e+05
   9.1676288e+05
   9.1758982e+05
   9.1835687e+05
   9.1937453e+05
   9.1987006e+05
   9.2075910e+05
   9.2137821e+05
   9.2192158e+05
   9.2256685e+05
   9.2351447e+05
   9.2413653e+05
   9.2467314e+05
   9.2523816e+05
   9.2588367e+05
   9.2655229e+05
   9.2727970e+05
   9.2825248e+05
   9.2871155e+05
   9.2921272e+05
   9.2986171e+05
   9.3044937e+05
   9.3113381e+05
   9.3165725e+05
   9.3225203e+05
   9.3280502e+05
   9.3336676e+05
   9.3472064e+05
   9.3742757e+05
   9.3780423e+05
   9.3831424e+05
   9.3900791e+05
   9.3968221e+05
   9.6080401e+05
   9.6257373e+05
   9.6329170e+05
   9.6373297e+05
   9.6421472e+05
   9.6479978e+05
   9.6631881e+05
   9.6707693e+05
   9.6770068e+05
   9.6817313e+05
   9.7208624e+05
   9.7260655e+05
   9.7331703e+05
   9.7400253e+05
   9.7461378e+05
   9.7508470e+05
   9.7570058e+05
   9.7615867e+05
   9.7766559e+05
   9.7840252e+05
   9.8123205e+05
   9.8181457e+05
   9.8238814e+05
   9.8343485e+05
   9.8441710e+05
   9.8524771e+05
   9.8596115e+05
   9.8662260e+05
   9.8703316e+05
   9.8747145e+05
   9.8802222e+05
   9.8903190e+05
   9.8960041e+05
   9.9066295e+05
   9.9149615e+05
   9.9272420e+05
   9.9310821e+05
   9.9349715e+05
   9.9398492e+05
   9.9497724e+05
   9.9599454e+05
   9.9639952e+05
   9.9775617e+05
   9.9826179e+05
   9.9863570e+05
   9.9905218e+05
   9.9991168e+05
   1.0208266e+06
   1.0215933e+06
   1.0224789e+06
   1.0230242e+06
   1.0237609e+06
   1.0252626e+06
   1.0257931e+06
   1.0265303e+06
   1.0269900e+06
   1.0282136e+06
   1.0286859e+06
   1.0292390e+06
   1.0303643e+06
   1.0322072e+06
   1.0334155e+06
   1.0337947e+06
   1.0342822e+06
   1.0348932e+06
   1.0362386e+06
   1.0367693e+06
   1.0372413e+06
   1.0377619e+06
   1.0383608e+06
   1.0387518e+06
   1.0400697e+06
   1.0405068e+06
   1.0410077e+06
   1.0417234e+06
   1.0422826e+06
   1.0428070e+06
   1.0432859e+06
   1.0437725e+06
   1.0444651e+06
   1.0450124e+06
   1.0459664e+06
   1.0466546e+06
   1.0473672e+06
   1.0480224e+06
   1.0487958e+06
   1.0491849e+06
   1.0496558e+06
   1.0501941e+06
   1.0505999e+06
   1.0515426e+06
   1.0522078e+06
   1.0528567e+06
   1.0534347e+06
   1.0540273e+06
   1.0559421e+06
   1.0563691e+06
   1.0570306e+06
   1.0575173e+06
   1.0581832e+06
   1.0586741e+06
   1.0593706e+06
   1.0598397e+06
   1.0806057e+06
   1.0814313e+06
   1.0818512e+06
   1.0823330e+06
   1.0830272e+06
   1.0834091e+06
   1.0861977e+06
   1.0866398e+06
   1.0873135e+06
   1.0878162e+06
   1.0884327e+06
   1.0891793e+06
   1.0899332e+06
   1.0905517e+06
   1.0915660e+06
   1.0919941e+06
   1.0927772e+06
   1.0936921e+06
   1.0944617e+06
   1.0950794e+06
   1.0957368e+06
   1.0967317e+06
   1.0975516e+06
   1.0980335e+06
   1.0986817e+06
   1.0991863e+06
   1.1001646e+06
   1.1008764e+06
   1.1023190e+06
   1.1040937e+06
   1.1051215e+06
   1.1064506e+06
   1.1069257e+06
   1.1074190e+06
   1.1082658e+06
   1.1086434e+06
   1.1091422e+06
   1.1099355e+06
   1.1104788e+06
   1.1109098e+06
   1.1115244e+06
   1.1120881e+06
   1.1132076e+06
   1.1136825e+06
   1.1145323e+06
   1.1148780e+06
   1.1153801e+06
   1.1158802e+06
   1.1168226e+06
   1.1173299e+06
   1.1179934e+06
   1.1184431e+06
   1.1189728e+06
   1.1195761e+06
   1.1420873e+06
   1.1428762e+06
   1.1437000e+06
   1.1442712e+06
   1.1447744e+06
   1.1455490e+06
   1.1460469e+06
   1.1466043e+06
   1.1476770e+06
   1.1480868e+06
   1.1487121e+06
   1.1494006e+06
   1.1518049e+06
   1.1522720e+06
   1.1534179e+06
   1.1539775e+06
   1.1544779e+06
   1.1556107e+06
   1.1560992e+06
   1.1564356e+06
   1.1568933e+06
   1.1574878e+06
   1.1579536e+06
   1.1589344e+06
   1.1598259e+06
   1.1605862e+06
   1.1610322e+06
   1.1618010e+06
   1.1624812e+06
   1.1634175e+06
   1.1640132e+06
   1.1645660e+06
   1.1655590e+06
   1.1660403e+06
   1.1667204e+06
   1.1675373e+06
   1.1682351e+06
   1.1689071e+06
   1.1699581e+06
   1.1705288e+06
   1.1710862e+06
   1.1718308e+06
   1.1724950e+06
   1.1738563e+06
   1.1745563e+06
   1.1751281e+06
   1.1755928e+06
   1.1761283e+06
   1.1777064e+06
   1.1781182e+06
   1.1786705e+06
   1.1793398e+06
   1.2006784e+06
   1.2012747e+06
   1.2019843e+06
   1.2025247e+06
   1.2031315e+06
   1.2037858e+06
   1.2045229e+06
   1.2051087e+06
   1.2058664e+06
   1.2070896e+06
   1.2078903e+06
   1.2084465e+06
   1.2089426e+06
   1.2093538e+06
   1.2099001e+06
   1.2104311e+06
   1.2109852e+06
   1.2116132e+06
   1.2120456e+06
   1.2126932e+06
   1.2134444e+06
   1.2141150e+06
   1.2144695e+06
   1.2158485e+06
   1.2164321e+06
   1.2167717e+06
   1.2172599e+06
   1.2179203e+06
   1.2185301e+06
   1.2198273e+06
   1.2208144e+06
   1.2213746e+06
   1.2222098e+06
   1.2229723e+06
   1.2234502e+06
   1.2239578e+06
   1.2244489e+06
   1.2249539e+06
   1.2253768e+06
   1.2258402e+06
   1.2265658e+06
   1.2271065e+06
   1.2278014e+06
   1.2289012e+06
   1.2307097e+06
   1.2312616e+06
   1.2317151e+06
   1.2325255e+06
   1.2331961e+06
   1.2339359e+06
   1.2344642e+06
   1.2357924e+06
   1.2366279e+06
   1.2371933e+06
   1.2379428e+06
   1.2390104e+06
   1.2394700e+06
   1.2605104e+06
   1.2610515e+06
   1.2621261e+06
   1.2626581e+06
   1.2638279e+06
   1.2645232e+06
   1.2653116e+06
   1.2656928e+06
   1.2664106e+06
   1.2671901e+06
   1.2677224e+06
   1.2686088e+06
   1.2693437e+06
   1.2698234e+06
   1.2703729e+06
   1.2709462e+06
   1.2714372e+06
   1.2718915e+06
   1.2726576e+06
   1.2732033e+06
   1.2742559e+06
   1.2752574e+06
   1.2760692e+06
   1.2766843e+06
   1.2774696e+06
   1.2778712e+06
   1.2784020e+06
   1.2788789e+06
   1.2792607e+06
   1.2797702e+06
   1.2800819e+06
   1.2807094e+06
   1.2818615e+06
   1.2824707e+06
   1.2829979e+06
   1.2837007e+06
   1.2841744e+06
   1.2847050e+06
   1.2852214e+06
   1.2857131e+06
   1.2863911e+06
   1.2867953e+06
   1.2873429e+06
   1.2884757e+06
   1.2889405e+06
   1.2893611e+06
   1.2905560e+06
   1.2910691e+06
   1.2915249e+06
   1.2919844e+06
   1.2933612e+06
   1.2937556e+06
   1.2943202e+06
   1.2950758e+06
   1.2955089e+06
   1.2963616e+06
   1.2971096e+06
   1.2975132e+06
   1.2982505e+06
   1.2988080e+06
   1.2995844e+06
   1.3205898e+06
   1.3208782e+06
   1.3215393e+06
   1.3220059e+06
   1.3236664e+06
   1.3241529e+06
   1.3248481e+06
   1.3252928e+06
   1.3259945e+06
   1.3263638e+06
   1.3268594e+06
   1.3273365e+06
   1.3277487e+06
   1.3284227e+06
   1.3290669e+06
   1.3296524e+06
   1.3304600e+06
   1.3309990e+06
   1.3318911e+06
   1.3324584e+06
   1.3328910e+06
   1.3337020e+06
   1.3342523e+06
   1.3348481e+06
   1.3355157e+06
   1.3360881e+06
   1.3364912e+06
   1.3376027e+06
   1.3381724e+06
   1.3384883e+06
   1.3390374e+06
   1.3395062e+06
   1.3403206e+06
   1.3408106e+06
   1.3417472e+06
   1.3423751e+06
   1.3430695e+06
   1.3437606e+06
   1.3446988e+06
   1.3453740e+06
   1.3459028e+06
   1.3464967e+06
   1.3477488e+06
   1.3485312e+06
   1.3497009e+06
   1.3503451e+06
   1.3508392e+06
   1.3516602e+06
   1.3523153e+06
   1.3531356e+06
   1.3537372e+06
   1.3542531e+06
   1.3553456e+06
   1.3557296e+06
   1.3564595e+06
   1.3583349e+06
   1.3587727e+06
   1.3595617e+06
   1.3808814e+06
   1.3816793e+06
   1.3821194e+06
   1.3826504e+06
   1.3833593e+06
   1.3840768e+06
   1.3848973e+06
   1.3853900e+06
   1.3863002e+06
   1.3876376e+06
   1.3881387e+06
   1.3885958e+06
   1.3928085e+06
   1.3935263e+06
   1.3952930e+06
   1.3961483e+06
   1.3966198e+06
   1.3974296e+06
   1.3979587e+06
   1.3983656e+06
   1.3990783e+06
   1.3996322e+06
   1.4000458e+06
   1.4008114e+06
   1.4013504e+06
   1.4020159e+06
   1.4030003e+06
   1.4038600e+06
   1.4046423e+06
   1.4050400e+06
   1.4056893e+06
   1.4063600e+06
   1.4067366e+06
   1.4085704e+06
   1.4093418e+06
   1.4098672e+06
   1.4105507e+06
   1.4111977e+06
   1.4116806e+06
   1.4123297e+06
   1.4128620e+06
   1.4135285e+06
   1.4139107e+06
   1.4142629e+06
   1.4150238e+06
   1.4161382e+06
   1.4166920e+06
   1.4170427e+06
   1.4177366e+06
   1.4404246e+06
   1.4408342e+06
   1.4415999e+06
   1.4422958e+06
   1.4426584e+06
   1.4433887e+06
   1.4439662e+06
   1.4446403e+06
   1.4453428e+06
   1.4461725e+06
   1.4468179e+06
   1.4472637e+06
   1.4477176e+06
   1.4483444e+06
   1.4490055e+06
   1.4494870e+06
   1.4500427e+06
   1.4508840e+06
   1.4512691e+06
   1.4526012e+06
   1.4535465e+06
   1.4542094e+06
   1.4552892e+06
   1.4557542e+06
   1.4564316e+06
   1.4576845e+06
   1.4581681e+06
   1.4614116e+06
   1.4626609e+06
   1.4635461e+06
   1.4642050e+06
   1.4645908e+06
   1.4651265e+06
   1.4654563e+06
   1.4665763e+06
   1.4675632e+06
   1.4698783e+06
   1.4704435e+06
   1.4712556e+06
   1.4716188e+06
   1.4719286e+06
   1.4725511e+06
   1.4731758e+06
   1.4742474e+06
   1.4746880e+06
   1.4751998e+06
   1.4757713e+06
   1.4767041e+06
   1.4775829e+06
   1.4780274e+06
   1.4790215e+06
   1.4799668e+06
   1.5006786e+06
   1.5011492e+06
   1.5047672e+06
   1.5061347e+06
   1.5069978e+06
   1.5075642e+06
   1.5083557e+06
   1.5088025e+06
   1.5098087e+06
   1.5104046e+06
   1.5113901e+06
   1.5118365e+06
   1.5130577e+06
   1.5135942e+06
   1.5142421e+06
   1.5145933e+06
   1.5149935e+06
   1.5156304e+06
   1.5162465e+06
   1.5171234e+06
   1.5176574e+06
   1.5189689e+06
   1.5195080e+06
   1.5210888e+06
   1.5215382e+06
   1.5218791e+06
   1.5224127e+06
   1.5230325e+06
   1.5236533e+06
   1.5241668e+06
   1.5247759e+06
   1.5256473e+06
   1.5260883e+06
   1.5276278e+06
   1.5286418e+06
   1.5290776e+06
   1.5298222e+06
   1.5320900e+06
   1.5329204e+06
   1.5339168e+06
   1.5346440e+06
   1.5350832e+06
   1.5356439e+06
   1.5363272e+06
   1.5369577e+06
   1.5374304e+06
   1.5377434e+06
   1.5382155e+06
   1.5388677e+06
   1.5397330e+06
   1.5607511e+06
   1.5614138e+06
   1.5617387e+06
   1.5623964e+06
   1.5632659e+06
   1.5638990e+06
   1.5653109e+06
   1.5657033e+06
   1.5661939e+06
   1.5668330e+06
   1.5671957e+06
   1.5677315e+06
   1.5680872e+06
   1.5684502e+06
   1.5689583e+06
   1.5693804e+06
   1.5699709e+06
   1.5704496e+06
   1.5712334e+06
   1.5718375e+06
   1.5723992e+06
   1.5731151e+06
   1.5737467e+06
   1.5744470e+06
   1.5751674e+06
   1.5756334e+06
   1.5762003e+06
   1.5767371e+06
   1.5773654e+06
   1.5780875e+06
   1.5786180e+06
   1.5793222e+06
   1.5807643e+06
   1.5815832e+06
   1.5821782e+06
   1.5832418e+06
   1.5841307e+06
   1.5850694e+06
   1.5856851e+06
   1.5864186e+06
   1.5870623e+06
   1.5873430e+06
   1.5880865e+06
   1.5886611e+06
   1.5892410e+06
   1.5899713e+06
   1.5909437e+06
   1.5925035e+06
   1.5930932e+06
   1.5938950e+06
   1.5943854e+06
   1.5948735e+06
   1.5958064e+06
   1.5968703e+06
   1.5974847e+06
   1.5980176e+06
   1.5985793e+06
   1.5991784e+06
   1.5999221e+06
   1.6204195e+06
   1.6208122e+06
   1.6213885e+06
   1.6219084e+06
   1.6223346e+06
   1.6230803e+06
   1.6235734e+06
   1.6243013e+06
   1.6247899e+06
   1.6261359e+06
   1.6270765e+06
   1.6276042e+06
   1.6282502e+06
   1.6291572e+06
   1.6300265e+06
   1.6304547e+06
   1.6309852e+06
   1.6315676e+06
   1.6319548e+06
   1.6323549e+06
   1.6328399e+06
   1.6370376e+06
   1.6381445e+06
   1.6389220e+06
   1.6392814e+06
   1.6399851e+06
   1.6404638e+06
   1.6410635e+06
   1.6414633e+06
   1.6424092e+06
   1.6429993e+06
   1.6434761e+06
   1.6439644e+06
   1.6444666e+06
   1.6493855e+06
   1.6500525e+06
   1.6508782e+06
   1.6513197e+06
   1.6517483e+06
   1.6529085e+06
   1.6540482e+06
   1.6551081e+06
   1.6558149e+06
   1.6568486e+06
   1.6573077e+06
   1.6586022e+06
   1.6816464e+06
   1.6838179e+06
   1.6845901e+06
   1.6852257e+06
   1.6863825e+06
   1.6867824e+06
   1.6872896e+06
   1.6878820e+06
   1.6885880e+06
   1.6890051e+06
   1.6898589e+06
   1.6905049e+06
   1.6910444e+06
   1.6918304e+06
   1.6923942e+06
   1.6930566e+06
   1.6936918e+06
   1.6941567e+06
   1.6946390e+06
   1.6953000e+06
   1.6972468e+06
   1.6987305e+06
   1.6993325e+06
   1.6998969e+06
   1.7003478e+06
   1.7013914e+06
   1.7018040e+06
   1.7025117e+06
   1.7029072e+06
   1.7033624e+06
   1.7039086e+06
   1.7044481e+06
   1.7048752e+06
   1.7058951e+06
   1.7069049e+06
   1.7074882e+06
   1.7079213e+06
   1.7086380e+06
   1.7099177e+06
   1.7105391e+06
   1.7112972e+06
   1.7125753e+06
   1.7134008e+06
   1.7139553e+06
   1.7149192e+06
   1.7155573e+06
   1.7160048e+06
   1.7169649e+06
   1.7176118e+06
   1.7180448e+06
   1.7186028e+06
   1.7194277e+06
   1.7404925e+06
   1.7411555e+06
   1.7417102e+06
   1.7424449e+06
   1.7428064e+06
   1.7431862e+06
   1.7441635e+06
   1.7446627e+06
   1.7451251e+06
   1.7456903e+06
   1.7462220e+06
   1.7465828e+06
   1.7474309e+06
   1.7481248e+06
   1.7488030e+06
   1.7497111e+06
   1.7502742e+06
   1.7511489e+06
   1.7519022e+06
   1.7525530e+06
   1.7529349e+06
   1.7533572e+06
   1.7539157e+06
   1.7557607e+06
   1.7561891e+06
   1.7574826e+06
   1.7579243e+06
   1.7585244e+06
   1.7591020e+06
   1.7604612e+06
   1.7614114e+06
   1.7618492e+06
   1.7623174e+06
   1.7628418e+06
   1.7637486e+06
   1.7642622e+06
   1.7649804e+06
   1.7655359e+06
   1.7663826e+06
   1.7669616e+06
   1.7674797e+06
   1.7680183e+06
   1.7684437e+06
   1.7690434e+06
   1.7696846e+06
   1.7704055e+06
   1.7713164e+06
   1.7718709e+06
   1.7726966e+06
   1.7734873e+06
   1.7745890e+06
   1.7752404e+06
   1.7758060e+06
   1.7768771e+06
   1.7774933e+06
   1.7781150e+06
   1.7787507e+06
   1.7793395e+06
   1.7799820e+06
   1.8005517e+06
   1.8015463e+06
   1.8039595e+06
   1.8046203e+06
   1.8050078e+06
   1.8074770e+06
   1.8081400e+06
   1.8085712e+06
   1.8091980e+06
   1.8097577e+06
   1.8102149e+06
   1.8130718e+06
   1.8151938e+06
   1.8160571e+06
   1.8170191e+06
   1.8176945e+06
   1.8182239e+06
   1.8195566e+06
   1.8201436e+06
   1.8208439e+06
   1.8213978e+06
   1.8222329e+06
   1.8229538e+06
   1.8239904e+06
   1.8263260e+06
   1.8272769e+06
   1.8285654e+06
   1.8290414e+06
   1.8298732e+06
   1.8304124e+06
   1.8309360e+06
   1.8314482e+06
   1.8321936e+06
   1.8327532e+06
   1.8333818e+06
   1.8339694e+06
   1.8348285e+06
   1.8353830e+06
   1.8360929e+06
   1.8366626e+06
   1.8376763e+06
   1.8382239e+06
   1.8386635e+06
   1.8393562e+06
   1.8605398e+06
   1.8609554e+06
   1.8640707e+06
   1.8647659e+06
   1.8658202e+06
   1.8662317e+06
   1.8668252e+06
   1.8672624e+06
   1.8677315e+06
   1.8685265e+06
   1.8689446e+06
   1.8702398e+06
   1.8705838e+06
   1.8711193e+06
   1.8717929e+06
   1.8725478e+06
   1.8729742e+06
   1.8735226e+06
   1.8741210e+06
   1.8744385e+06
   1.8750353e+06
   1.8763075e+06
   1.8766699e+06
   1.8770360e+06
   1.8775413e+06
   1.8780457e+06
   1.8785519e+06
   1.8808540e+06
   1.8818601e+06
   1.8826243e+06
   1.8831007e+06
   1.8834758e+06
   1.8839210e+06
   1.8847424e+06
   1.8852931e+06
   1.8857855e+06
   1.8864510e+06
   1.8871751e+06
   1.8875430e+06
   1.8879769e+06
   1.8894303e+06
   1.8900108e+06
   1.8913229e+06
   1.8922356e+06
   1.8928438e+06
   1.8944812e+06
   1.8954863e+06
   1.8960797e+06
   1.8965892e+06
   1.8973614e+06
   1.8980533e+06
   1.8985445e+06
   1.8999216e+06
