   3.5019169e+02
   8.6949626e+02
   1.3219720e+03
   1.7956524e+03
   2.1900457e+03
   2.6958082e+03
   3.2087239e+03
   3.8656672e+03
   4.3075108e+03
   4.8213266e+03
   5.4533382e+03
   5.7736488e+03
   6.2967438e+03
   6.7003092e+03
   6.9972705e+03
   7.3260304e+03
   7.8060023e+03
   8.1224697e+03
   8.6306346e+03
   9.1225224e+03
   9.4318519e+03
   9.9712901e+03
   1.0380366e+04
   1.0783764e+04
   1.1321309e+04
   1.1908567e+04
   1.2638270e+04
   1.2992757e+04
   1.3525091e+04
   1.3944159e+04
   1.4353047e+04
   1.4826432e+04
   1.5174636e+04
   1.6477241e+04
   1.7023035e+04
   1.7933794e+04
   1.8699503e+04
   1.9185394e+04
   1.9509139e+04
   1.9878710e+04
   2.0279387e+04
   2.0724383e+04
   2.1172512e+04
   2.1528246e+04
   2.2066724e+04
   2.2593025e+04
   2.3017367e+04
   2.3558129e+04
   2.3933538e+04
   2.4481369e+04
   2.5019165e+04
   2.5424812e+04
   2.6136827e+04
   2.6459256e+04
   2.7396495e+04
   2.7833790e+04
   2.8162221e+04
   2.8686360e+04
   2.9329859e+04
   2.9755044e+04
   3.0051094e+04
   3.0345176e+04
   3.0794402e+04
   3.1340003e+04
   3.1920642e+04
   3.2389720e+04
   3.2813665e+04
   3.3517887e+04
   3.4081501e+04
   3.4629832e+04
   3.5113178e+04
   3.5638370e+04
   3.6010809e+04
   3.6451690e+04
   3.6958415e+04
   3.7552049e+04
   3.8040098e+04
   3.8439776e+04
   3.9774332e+04
   4.0149777e+04
   4.0128830e+04
   4.0500045e+04
   4.0861639e+04
   4.1311973e+04
   4.1776085e+04
   4.2203703e+04
   4.2516631e+04
   4.3092632e+04
   4.3511176e+04
   4.3916219e+04
   4.4334575e+04
   4.4891997e+04
   4.5389283e+04
   4.6108802e+04
   4.6757707e+04
   4.6956928e+04
   4.7567135e+04
   4.8318973e+04
   4.8741399e+04
   4.9296501e+04
   4.9761187e+04
   5.0288267e+04
   5.1272522e+04
   5.2191490e+04
   5.2561838e+04
   5.2911660e+04
   5.3338249e+04
   5.3724781e+04
   5.4156868e+04
   5.4585721e+04
   5.5048311e+04
   5.5364089e+04
   5.6210336e+04
   5.6631391e+04
   5.7098046e+04
   5.7818531e+04
   5.8185812e+04
   5.8574735e+04
   5.9028951e+04
   5.9548433e+04
   5.9922128e+04
   1.0043141e+05
   1.0084178e+05
   1.0118215e+05
   1.0162862e+05
   1.0204397e+05
   1.0244255e+05
   1.0277340e+05
   1.0331653e+05
   1.0372311e+05
   1.0415512e+05
   1.0459502e+05
   1.0486372e+05
   1.0533184e+05
   1.0583024e+05
   1.0619123e+05
   1.0665299e+05
   1.0722213e+05
   1.0786048e+05
   1.0827539e+05
   1.0866270e+05
   1.0903944e+05
   1.0949623e+05
   1.1015570e+05
   1.1061742e+05
   1.1092413e+05
   1.1138361e+05
   1.1178511e+05
   1.1220964e+05
   1.1256791e+05
   1.1308832e+05
   1.1343950e+05
   1.1392963e+05
   1.1398075e+05
   1.1431185e+05
   1.1466406e+05
   1.1533778e+05
   1.1570620e+05
   1.1607332e+05
   1.1652483e+05
   1.1683150e+05
   1.1731228e+05
   1.1766014e+05
   1.1795916e+05
   1.1835749e+05
   1.1879462e+05
   1.1911933e+05
   1.6014117e+05
   1.6052709e+05
   1.6090194e+05
   1.6118979e+05
   1.6154393e+05
   1.6216865e+05
   1.6255122e+05
   1.6304711e+05
   1.6337908e+05
   1.6377721e+05
   1.6409646e+05
   1.6446297e+05
   1.6472127e+05
   1.6523167e+05
   1.6560583e+05
   1.6601681e+05
   1.6656907e+05
   1.6745322e+05
   1.6776382e+05
   1.6842540e+05
   1.6875443e+05
   1.6922830e+05
   1.6952995e+05
   1.7008028e+05
   1.7039198e+05
   1.7093573e+05
   1.7149836e+05
   1.7185088e+05
   1.7229362e+05
   1.7283412e+05
   1.7352360e+05
   1.7412583e+05
   1.7447605e+05
   1.7482918e+05
   1.7521260e+05
   1.7555836e+05
   1.7592722e+05
   1.7625438e+05
   1.7663106e+05
   1.7693883e+05
   1.7752729e+05
   1.7810170e+05
   1.7877927e+05
   1.7922613e+05
   1.7959496e+05
   1.7993646e+05
   2.2023855e+05
   2.2058804e+05
   2.2107503e+05
   2.2148790e+05
   2.2191147e+05
   2.2229594e+05
   2.2264099e+05
   2.2296736e+05
   2.2327819e+05
   2.2382582e+05
   2.2436036e+05
   2.2509149e+05
   2.2553308e+05
   2.2597240e+05
   2.2664635e+05
   2.2726942e+05
   2.2774928e+05
   2.2844046e+05
   2.2892218e+05
   2.2923385e+05
   2.2952488e+05
   2.2985867e+05
   2.3023965e+05
   2.3071004e+05
   2.3113030e+05
   2.3143355e+05
   2.3220429e+05
   2.3269683e+05
   2.3300208e+05
   2.3335820e+05
   2.3371611e+05
   2.3413218e+05
   2.3455348e+05
   2.3490668e+05
   2.3540424e+05
   2.3641704e+05
   2.3690410e+05
   2.3738455e+05
   2.3783889e+05
   2.3815209e+05
   2.3849546e+05
   2.3886323e+05
   2.3951512e+05
   2.8032222e+05
   2.8065995e+05
   2.8091305e+05
   2.8147540e+05
   2.8183334e+05
   2.8220640e+05
   2.8263833e+05
   2.8298069e+05
   2.8349194e+05
   2.8426042e+05
   2.8476162e+05
   2.8523679e+05
   2.8556352e+05
   2.8607024e+05
   2.8646099e+05
   2.8678369e+05
   2.8712837e+05
   2.8754713e+05
   2.8792417e+05
   2.8850650e+05
   2.8889457e+05
   2.8925631e+05
   2.8953354e+05
   2.9010238e+05
   2.9064034e+05
   2.9102377e+05
   2.9147376e+05
   2.9193877e+05
   2.9241214e+05
   2.9271458e+05
   2.9335679e+05
   2.9365053e+05
   2.9423672e+05
   2.9476080e+05
   2.9508012e+05
   2.9537295e+05
   2.9582444e+05
   2.9618708e+05
   2.9651161e+05
   2.9700294e+05
   2.9769967e+05
   2.9806418e+05
   2.9837708e+05
   2.9878430e+05
   2.9932452e+05
   2.9958225e+05
   3.4028947e+05
   3.4079131e+05
   3.4106499e+05
   3.4145636e+05
   3.4185988e+05
   3.4222594e+05
   3.4266708e+05
   3.4293762e+05
   3.4353154e+05
   3.4408951e+05
   3.4435629e+05
   3.4473408e+05
   3.4507952e+05
   3.4534804e+05
   3.4574280e+05
   3.4611989e+05
   3.4644925e+05
   3.4730665e+05
   3.4777224e+05
   3.4806311e+05
   3.4847481e+05
   3.4893272e+05
   3.4925644e+05
   3.4965171e+05
   3.4998596e+05
   3.5048220e+05
   3.5093568e+05
   3.5123431e+05
   3.5166799e+05
   3.5200275e+05
   3.5239835e+05
   3.5293969e+05
   3.5323764e+05
   3.5352023e+05
   3.5393416e+05
   3.5421377e+05
   3.5460040e+05
   3.5487892e+05
   3.5529152e+05
   3.5574541e+05
   3.5600691e+05
   3.5672076e+05
   3.5712209e+05
   3.5744937e+05
   3.5776805e+05
   3.5815409e+05
   3.5846587e+05
   3.5875812e+05
   3.5906763e+05
   3.5939700e+05
   3.5979436e+05
   4.0018974e+05
   4.0054696e+05
   4.0093709e+05
   4.0137703e+05
   4.0177372e+05
   4.0214923e+05
   4.0251616e+05
   4.0291462e+05
   4.0348345e+05
   4.0397069e+05
   4.0440830e+05
   4.0471335e+05
   4.0519655e+05
   4.0585013e+05
   4.0625012e+05
   4.0662038e+05
   4.0689228e+05
   4.0711169e+05
   4.0746721e+05
   4.0778579e+05
   4.0836195e+05
   4.0869763e+05
   4.0967692e+05
   4.1014064e+05
   4.1062179e+05
   4.1133871e+05
   4.1175119e+05
   4.1213906e+05
   4.1258666e+05
   4.1301513e+05
   4.1336549e+05
   4.1374720e+05
   4.1408055e+05
   4.1452548e+05
   4.1487129e+05
   4.1522117e+05
   4.1552887e+05
   4.1595873e+05
   4.1644125e+05
   4.1682118e+05
   4.1721326e+05
   4.1765394e+05
   4.1802992e+05
   4.1834524e+05
   4.1872644e+05
   4.1910485e+05
   4.1951565e+05
   4.1986483e+05
   4.6016776e+05
   4.6075262e+05
   4.6124010e+05
   4.6155775e+05
   4.6184199e+05
   4.6216453e+05
   4.6254448e+05
   4.6290749e+05
   4.6323987e+05
   4.6350953e+05
   4.6375853e+05
   4.6424565e+05
   4.6453783e+05
   4.6488344e+05
   4.6522491e+05
   4.6556243e+05
   4.6596199e+05
   4.6637425e+05
   4.6664986e+05
   4.6697236e+05
   4.6725231e+05
   4.6780431e+05
   4.6810152e+05
   4.6853821e+05
   4.6894445e+05
   4.6964081e+05
   4.6988110e+05
   4.7024056e+05
   4.7064755e+05
   4.7110073e+05
   4.7149578e+05
   4.7206644e+05
   4.7254382e+05
   4.7288278e+05
   4.7319174e+05
   4.7372526e+05
   4.7433780e+05
   4.7499323e+05
   4.7536831e+05
   4.7578930e+05
   4.7616869e+05
   4.7652777e+05
   4.7709426e+05
   4.7749101e+05
   4.7798310e+05
   4.7839167e+05
   4.7871430e+05
   4.7930115e+05
   4.7976361e+05
   5.2014446e+05
   5.2039231e+05
   5.2086323e+05
   5.2121118e+05
   5.2156418e+05
   5.2183807e+05
   5.2212835e+05
   5.2243674e+05
   5.2267131e+05
   5.2301118e+05
   5.2334605e+05
   5.2371920e+05
   5.2414355e+05
   5.2449744e+05
   5.2476103e+05
   5.2502984e+05
   5.2548500e+05
   5.2577312e+05
   5.2607864e+05
   5.2640026e+05
   5.2680518e+05
   5.2728374e+05
   5.2773366e+05
   5.2811488e+05
   5.2850794e+05
   5.2886535e+05
   5.2918440e+05
   5.2965723e+05
   5.3000003e+05
   5.3032003e+05
   5.3073893e+05
   5.3112426e+05
   5.3157856e+05
   5.3203955e+05
   5.3236862e+05
   5.3339062e+05
   5.3366965e+05
   5.3396800e+05
   5.3415498e+05
   5.3450374e+05
   5.3492237e+05
   5.3531001e+05
   5.3574850e+05
   5.3614078e+05
   5.3671616e+05
   5.3739670e+05
   5.3804765e+05
   5.3834520e+05
   5.3861737e+05
   5.3908771e+05
   5.3935776e+05
   5.3971806e+05
   5.8017395e+05
   5.8045549e+05
   5.8073523e+05
   5.8101458e+05
   5.8130572e+05
   5.8162069e+05
   5.8200918e+05
   5.8227556e+05
   5.8255723e+05
   5.8278816e+05
   5.8309777e+05
   5.8351349e+05
   5.8380798e+05
   5.8415767e+05
   5.8437257e+05
   5.8461379e+05
   5.8486132e+05
   5.8522281e+05
   5.8544028e+05
   5.8582803e+05
   5.8606702e+05
   5.8639280e+05
   5.8672621e+05
   5.8718421e+05
   5.8757125e+05
   5.8799383e+05
   5.8830908e+05
   5.8878631e+05
   5.8919533e+05
   5.8955483e+05
   5.8983828e+05
   5.9018399e+05
   5.9051438e+05
   5.9084659e+05
   5.9124505e+05
   5.9179599e+05
   5.9212425e+05
   5.9243168e+05
   5.9283278e+05
   5.9317722e+05
   5.9359919e+05
   5.9428250e+05
   5.9478978e+05
   5.9520174e+05
   5.9572263e+05
   5.9609982e+05
   5.9644746e+05
   5.9692573e+05
   5.9721974e+05
   5.9771439e+05
   5.9812917e+05
   5.9863879e+05
   5.9896087e+05
   5.9933565e+05
   5.9973134e+05
   6.0059527e+05
   6.0100756e+05
   6.0138031e+05
   6.0205015e+05
   6.0240095e+05
   6.0308857e+05
   6.0349695e+05
   6.0384292e+05
   6.0455124e+05
   6.0488005e+05
   6.0544487e+05
   6.0577984e+05
   6.0610647e+05
   6.0687523e+05
   6.0741382e+05
   6.0799958e+05
   6.0837217e+05
   6.0887860e+05
   6.0928248e+05
   6.0975526e+05
   6.1013855e+05
   6.1080666e+05
   6.1120629e+05
   6.1162109e+05
   6.1207892e+05
   6.1244586e+05
   6.1272763e+05
   6.1314148e+05
   6.1360737e+05
   6.1394620e+05
   6.1438253e+05
   6.1480597e+05
   6.1532582e+05
   6.1590616e+05
   6.1625505e+05
   6.1664199e+05
   6.1699446e+05
   6.1738671e+05
   6.1836575e+05
   6.1880512e+05
   6.1949852e+05
   6.1995254e+05
   6.2041693e+05
   6.2139373e+05
   6.2174392e+05
   6.2229351e+05
   6.2277599e+05
   6.2313638e+05
   6.2375566e+05
   6.2419496e+05
   6.2454769e+05
   6.2514936e+05
   6.2547470e+05
   6.2603591e+05
   6.2639697e+05
   6.2680170e+05
   6.2710401e+05
   6.2742347e+05
   6.2813466e+05
   6.2854887e+05
   6.2896064e+05
   6.2946267e+05
   6.2993515e+05
   6.3027630e+05
   6.3072507e+05
   6.3117955e+05
   6.3159779e+05
   6.3192659e+05
   6.3232458e+05
   6.3294197e+05
   6.3356813e+05
   6.3387643e+05
   6.3469279e+05
   6.3549630e+05
   6.3586522e+05
   6.3643202e+05
   6.3681405e+05
   6.3719505e+05
   6.3767143e+05
   6.3818368e+05
   6.3867986e+05
   6.3927736e+05
   6.3976079e+05
   6.4026656e+05
   6.4061405e+05
   6.4100132e+05
   6.4132192e+05
   6.4175846e+05
   6.4222561e+05
   6.4270654e+05
   6.4311708e+05
   6.4371610e+05
   6.4416194e+05
   6.4479340e+05
   6.4546858e+05
   6.4604665e+05
   6.4650105e+05
   6.4693614e+05
   6.4753738e+05
   6.4804420e+05
   6.4870330e+05
   6.4999251e+05
   6.5055409e+05
   6.5096053e+05
   6.5146916e+05
   6.5181537e+05
   6.5291375e+05
   6.5347397e+05
   6.5384251e+05
   6.5417058e+05
   6.5462760e+05
   6.5497910e+05
   6.5576489e+05
   6.5609202e+05
   6.5642210e+05
   6.5677101e+05
   6.5724773e+05
   6.5758411e+05
   6.5809996e+05
   6.5851077e+05
   6.5889364e+05
   6.5922007e+05
   6.6036763e+05
   6.6089037e+05
   6.6153471e+05
   6.6219076e+05
   6.6299722e+05
   6.6330955e+05
   6.6376180e+05
   6.6415098e+05
   6.6460886e+05
   6.6497841e+05
   6.6533640e+05
   6.6573924e+05
   6.6619788e+05
   6.6669280e+05
   6.6722274e+05
   6.6761720e+05
   6.6802522e+05
   6.6842195e+05
   6.6881309e+05
   6.6924550e+05
   6.6962920e+05
   6.7016418e+05
   6.7093925e+05
   6.7145419e+05
   6.7192286e+05
   6.7252013e+05
   6.7335408e+05
   6.7397815e+05
   6.7428354e+05
   6.7478086e+05
   6.7530884e+05
   6.7578917e+05
   6.7627311e+05
   6.7672659e+05
   6.7726745e+05
   6.7802708e+05
   6.7838767e+05
   6.7889526e+05
   6.7946195e+05
   6.8049060e+05
   6.8095259e+05
   6.8136578e+05
   6.8176613e+05
   6.8222556e+05
   6.8262863e+05
   6.8308542e+05
   6.8352947e+05
   6.8418436e+05
   6.8457328e+05
   6.8496684e+05
   6.8545713e+05
   6.8591647e+05
   6.8655023e+05
   6.8706649e+05
   6.8824695e+05
   6.8887488e+05
   6.8923826e+05
   6.8990031e+05
   6.9034051e+05
   6.9071295e+05
   6.9118460e+05
   6.9197461e+05
   6.9261431e+05
   6.9292429e+05
   6.9328949e+05
   6.9373350e+05
   6.9417463e+05
   6.9448358e+05
   6.9483234e+05
   6.9518500e+05
   6.9563002e+05
   6.9597014e+05
   6.9805233e+05
   6.9869479e+05
   6.9935177e+05
   6.9987793e+05
   7.0076941e+05
   7.0118685e+05
   7.0160146e+05
   7.0198063e+05
   7.0239892e+05
   7.0295087e+05
   7.0330727e+05
   7.0374777e+05
   7.0418149e+05
   7.0451730e+05
   7.0517704e+05
   7.0564384e+05
   7.0607678e+05
   7.0654046e+05
   7.0700527e+05
   7.0737909e+05
   7.0773798e+05
   7.0839391e+05
   7.0897387e+05
   7.0929050e+05
   7.0977125e+05
   7.1020103e+05
   7.1080032e+05
   7.1121569e+05
   7.1179477e+05
   7.1217730e+05
   7.1295949e+05
   7.1347064e+05
   7.1439259e+05
   7.1495336e+05
   7.1530746e+05
   7.1576803e+05
   7.1623357e+05
   7.1666903e+05
   7.1717208e+05
   7.1748447e+05
   7.1818798e+05
   7.1853242e+05
   7.1911160e+05
   7.1966998e+05
   7.2072170e+05
   7.2117165e+05
   7.2344973e+05
   7.2408412e+05
   7.2482020e+05
   7.2537111e+05
   7.2590891e+05
   7.2654014e+05
   7.2694811e+05
   7.2746328e+05
   7.2873933e+05
   7.2991126e+05
   7.3158355e+05
   7.3190771e+05
   7.3253162e+05
   7.3350590e+05
   7.3410524e+05
   7.3457524e+05
   7.3512291e+05
   7.3561667e+05
   7.3626846e+05
   7.3692600e+05
   7.3726232e+05
   7.3776796e+05
   7.3823769e+05
   7.3919899e+05
   7.3991939e+05
   7.4125932e+05
   7.4173354e+05
   7.4233291e+05
   7.4325855e+05
   7.4379798e+05
   7.4458403e+05
   7.4601019e+05
   7.4651214e+05
   7.4719150e+05
   7.4939891e+05
   7.4998111e+05
   7.5057962e+05
   7.5124727e+05
   7.5220033e+05
   7.5341321e+05
   7.5389236e+05
   7.5473285e+05
   7.5566392e+05
   7.5602154e+05
   7.5639385e+05
   7.5725176e+05
   7.5795539e+05
   7.5841205e+05
   7.5973634e+05
   7.6035755e+05
   7.6082049e+05
   7.6115577e+05
   7.6168794e+05
   7.6201462e+05
   7.6234177e+05
   7.6273281e+05
   7.6302923e+05
   7.6337741e+05
   7.6384084e+05
   7.6416339e+05
   7.6448875e+05
   7.6482988e+05
   7.6532219e+05
   7.6572949e+05
   7.6617546e+05
   7.6663420e+05
   7.6759764e+05
   7.6837781e+05
   7.6949008e+05
   7.6988429e+05
   7.7022699e+05
   7.7062372e+05
   7.7128728e+05
   7.7229677e+05
   7.7273131e+05
   7.7320840e+05
   7.7377250e+05
   7.7457611e+05
   7.7485932e+05
   7.7538469e+05
   7.7578745e+05
   7.7628423e+05
   7.7664630e+05
   7.7711241e+05
   7.7762081e+05
   7.7819481e+05
   7.7890847e+05
   7.7958961e+05
   8.2036004e+05
   8.2096464e+05
   8.2140001e+05
   8.2184716e+05
   8.2211532e+05
   8.2242238e+05
   8.2278647e+05
   8.2325998e+05
   8.2384415e+05
   8.2423095e+05
   8.2457129e+05
   8.2487670e+05
   8.2520920e+05
   8.2562157e+05
   8.2618211e+05
   8.2659495e+05
   8.2694945e+05
   8.2730730e+05
   8.2764268e+05
   8.2826762e+05
   8.2887713e+05
   8.3009268e+05
   8.3065954e+05
   8.3096200e+05
   8.3167263e+05
   8.3204398e+05
   8.3246489e+05
   8.3327484e+05
   8.3374286e+05
   8.3444129e+05
   8.3474189e+05
   8.3555729e+05
   8.3615455e+05
   8.3659977e+05
   8.3778358e+05
   8.3831977e+05
   8.3875530e+05
   8.3938162e+05
   8.3974867e+05
   8.8049544e+05
   8.8090673e+05
   8.8124335e+05
   8.8164654e+05
   8.8201592e+05
   8.8238277e+05
   8.8278009e+05
   8.8317090e+05
   8.8362624e+05
   8.8407348e+05
   8.8438358e+05
   8.8469893e+05
   8.8506550e+05
   8.8546801e+05
   8.8596772e+05
   8.8635925e+05
   8.8673037e+05
   8.8801219e+05
   8.8890023e+05
   8.8932102e+05
   8.8976394e+05
   8.9036499e+05
   8.9084351e+05
   8.9117185e+05
   8.9173252e+05
   8.9219340e+05
   8.9257313e+05
   8.9306976e+05
   8.9347770e+05
   8.9381641e+05
   8.9448534e+05
   8.9525371e+05
   8.9568682e+05
   8.9611900e+05
   8.9657470e+05
   8.9689401e+05
   8.9731130e+05
   8.9808680e+05
   8.9973830e+05
   9.4029856e+05
   9.4083112e+05
   9.4119173e+05
   9.4151632e+05
   9.4208136e+05
   9.4242070e+05
   9.4282416e+05
   9.4312221e+05
   9.4351692e+05
   9.4393818e+05
   9.4438062e+05
   9.4469825e+05
   9.4509019e+05
   9.4546242e+05
   9.4593492e+05
   9.4640517e+05
   9.4682846e+05
   9.4749239e+05
   9.4801131e+05
   9.4858027e+05
   9.4937229e+05
   9.4990141e+05
   9.5028842e+05
   9.5071356e+05
   9.5209009e+05
   9.5276397e+05
   9.5336591e+05
   9.5373874e+05
   9.5438724e+05
   9.5477280e+05
   9.5565998e+05
   9.5632532e+05
   9.5677436e+05
   9.5763219e+05
   9.5831713e+05
   9.5872898e+05
   9.5909239e+05
   1.0003041e+06
   1.0007317e+06
   1.0011172e+06
   1.0015009e+06
   1.0020913e+06
   1.0024091e+06
   1.0026911e+06
   1.0032380e+06
   1.0035619e+06
   1.0038658e+06
   1.0043956e+06
   1.0047473e+06
   1.0052405e+06
   1.0056414e+06
   1.0062610e+06
   1.0065784e+06
   1.0077726e+06
   1.0083298e+06
   1.0089579e+06
   1.0095404e+06
   1.0099082e+06
   1.0103767e+06
   1.0107132e+06
   1.0111988e+06
   1.0123065e+06
   1.0127678e+06
   1.0131267e+06
   1.0135836e+06
   1.0139772e+06
   1.0147292e+06
   1.0151247e+06
   1.0158033e+06
   1.0164222e+06
   1.0168658e+06
   1.0174352e+06
   1.0180462e+06
   1.0185555e+06
   1.0190437e+06
   1.0193505e+06
   1.0604043e+06
   1.0607702e+06
   1.0611603e+06
   1.0615224e+06
   1.0618893e+06
   1.0625355e+06
   1.0628461e+06
   1.0633103e+06
   1.0636938e+06
   1.0639711e+06
   1.0642769e+06
   1.0647375e+06
   1.0651433e+06
   1.0658074e+06
   1.0661665e+06
   1.0664540e+06
   1.0667510e+06
   1.0673743e+06
   1.0680643e+06
   1.0685129e+06
   1.0690933e+06
   1.0698249e+06
   1.0703697e+06
   1.0713723e+06
   1.0717634e+06
   1.0729660e+06
   1.0733602e+06
   1.0749867e+06
   1.0756278e+06
   1.0762136e+06
   1.0769485e+06
   1.0781599e+06
   1.0787701e+06
   1.0791456e+06
   1.0795792e+06
   1.1204274e+06
   1.1207766e+06
   1.1212503e+06
   1.1216443e+06
   1.1220597e+06
   1.1225812e+06
   1.1230928e+06
   1.1237337e+06
   1.1240715e+06
   1.1243662e+06
   1.1247206e+06
   1.1251150e+06
   1.1253961e+06
   1.1256722e+06
   1.1259718e+06
   1.1263946e+06
   1.1267193e+06
   1.1278201e+06
   1.1296272e+06
   1.1303714e+06
   1.1309455e+06
   1.1316729e+06
   1.1320324e+06
   1.1325528e+06
   1.1333018e+06
   1.1349058e+06
   1.1356309e+06
   1.1359968e+06
   1.1365529e+06
   1.1371518e+06
   1.1375621e+06
   1.1379458e+06
   1.1383716e+06
   1.1398250e+06
   1.1803880e+06
   1.1811974e+06
   1.1815351e+06
   1.1818902e+06
   1.1822251e+06
   1.1825813e+06
   1.1830696e+06
   1.1841932e+06
   1.1845645e+06
   1.1849358e+06
   1.1853000e+06
   1.1856265e+06
   1.1862029e+06
   1.1864461e+06
   1.1867920e+06
   1.1877532e+06
   1.1882818e+06
   1.1889697e+06
   1.1896869e+06
   1.1904182e+06
   1.1910989e+06
   1.1920696e+06
   1.1925204e+06
   1.1929832e+06
   1.1933226e+06
   1.1938002e+06
   1.1943778e+06
   1.1950753e+06
   1.1959273e+06
   1.1964670e+06
   1.1970061e+06
   1.1974608e+06
   1.1985743e+06
   1.1989344e+06
   1.1993460e+06
   1.1996969e+06
   1.2403484e+06
   1.2408169e+06
   1.2412800e+06
   1.2418082e+06
   1.2421382e+06
   1.2426514e+06
   1.2430007e+06
   1.2436670e+06
   1.2441421e+06
   1.2448003e+06
   1.2451225e+06
   1.2460743e+06
   1.2464096e+06
   1.2467989e+06
   1.2476386e+06
   1.2481059e+06
   1.2492378e+06
   1.2497404e+06
   1.2502469e+06
   1.2509115e+06
   1.2513254e+06
   1.2518271e+06
   1.2521969e+06
   1.2529338e+06
   1.2534952e+06
   1.2539739e+06
   1.2546815e+06
   1.2554386e+06
   1.2575881e+06
   1.2585139e+06
   1.2595820e+06
   1.3006076e+06
   1.3011588e+06
   1.3015639e+06
   1.3019413e+06
   1.3024700e+06
   1.3029777e+06
   1.3035069e+06
   1.3041141e+06
   1.3045324e+06
   1.3050377e+06
   1.3053123e+06
   1.3057778e+06
   1.3061077e+06
   1.3065059e+06
   1.3069488e+06
   1.3075200e+06
   1.3079114e+06
   1.3084366e+06
   1.3091773e+06
   1.3096745e+06
   1.3102062e+06
   1.3108090e+06
   1.3111427e+06
   1.3115382e+06
   1.3123259e+06
   1.3130177e+06
   1.3139938e+06
   1.3144695e+06
   1.3149011e+06
   1.3155795e+06
   1.3162483e+06
   1.3173973e+06
   1.3179473e+06
   1.3184009e+06
   1.3187394e+06
   1.3191907e+06
   1.3196297e+06
   1.3603813e+06
   1.3608483e+06
   1.3611912e+06
   1.3616214e+06
   1.3619413e+06
   1.3624210e+06
   1.3628670e+06
   1.3633104e+06
   1.3637093e+06
   1.3642245e+06
   1.3645592e+06
   1.3649726e+06
   1.3653510e+06
   1.3659031e+06
   1.3664121e+06
   1.3669189e+06
   1.3673200e+06
   1.3683031e+06
   1.3685931e+06
   1.3695215e+06
   1.3700660e+06
   1.3704393e+06
   1.3709492e+06
   1.3712457e+06
   1.3716236e+06
   1.3724377e+06
   1.3732000e+06
   1.3735814e+06
   1.3752226e+06
   1.3756121e+06
   1.3762080e+06
   1.3767800e+06
   1.3773477e+06
   1.3782405e+06
   1.3787286e+06
   1.3793797e+06
   1.3798535e+06
   1.4208322e+06
   1.4212054e+06
   1.4217913e+06
   1.4222117e+06
   1.4227148e+06
   1.4231589e+06
   1.4236669e+06
   1.4241029e+06
   1.4245869e+06
   1.4250822e+06
   1.4256275e+06
   1.4260100e+06
   1.4265271e+06
   1.4268697e+06
   1.4278010e+06
   1.4283756e+06
   1.4298391e+06
   1.4302686e+06
   1.4307225e+06
   1.4315540e+06
   1.4319888e+06
   1.4331474e+06
   1.4337995e+06
   1.4344873e+06
   1.4350590e+06
   1.4354888e+06
   1.4361418e+06
   1.4373844e+06
   1.4379090e+06
   1.4383986e+06
   1.4388228e+06
   1.4398925e+06
   1.4803337e+06
   1.4809101e+06
   1.4812308e+06
   1.4817367e+06
   1.4822774e+06
   1.4826872e+06
   1.4830291e+06
   1.4834105e+06
   1.4838485e+06
   1.4842402e+06
   1.4846995e+06
   1.4852970e+06
   1.4857244e+06
   1.4863721e+06
   1.4868020e+06
   1.4874644e+06
   1.4883839e+06
   1.4890703e+06
   1.4894881e+06
   1.4900295e+06
   1.4904050e+06
   1.4908966e+06
   1.4913630e+06
   1.4919210e+06
   1.4927442e+06
   1.4932499e+06
   1.4936227e+06
   1.4946434e+06
   1.4951429e+06
   1.4955842e+06
   1.4961463e+06
   1.4969852e+06
   1.4973562e+06
   1.4978668e+06
   1.4983593e+06
   1.4989181e+06
   1.4994248e+06
   1.4997703e+06
   1.5406247e+06
   1.5410961e+06
   1.5417131e+06
   1.5425639e+06
   1.5430308e+06
   1.5434083e+06
   1.5438284e+06
   1.5443429e+06
   1.5449444e+06
   1.5454993e+06
   1.5460164e+06
   1.5463116e+06
   1.5466680e+06
   1.5474618e+06
   1.5477823e+06
   1.5483671e+06
   1.5488750e+06
   1.5491985e+06
   1.5499219e+06
   1.5504480e+06
   1.5508472e+06
   1.5513315e+06
   1.5517627e+06
   1.5522329e+06
   1.5529426e+06
   1.5533807e+06
   1.5538465e+06
   1.5547576e+06
   1.5553262e+06
   1.5558285e+06
   1.5569812e+06
   1.5577443e+06
   1.5584679e+06
   1.5588733e+06
   1.5599540e+06
   1.6005708e+06
   1.6012944e+06
   1.6018210e+06
   1.6026999e+06
   1.6031553e+06
   1.6036087e+06
   1.6042434e+06
   1.6046902e+06
   1.6051701e+06
   1.6056137e+06
   1.6062245e+06
   1.6065763e+06
   1.6074376e+06
   1.6079159e+06
   1.6089262e+06
   1.6093189e+06
   1.6104184e+06
   1.6113715e+06
   1.6119739e+06
   1.6123174e+06
   1.6126790e+06
   1.6131990e+06
   1.6136311e+06
   1.6149672e+06
   1.6153562e+06
   1.6160135e+06
   1.6164788e+06
   1.6168509e+06
   1.6175111e+06
   1.6197159e+06
   1.6606736e+06
   1.6611808e+06
   1.6615826e+06
   1.6620487e+06
   1.6627330e+06
   1.6631832e+06
   1.6636739e+06
   1.6640743e+06
   1.6645281e+06
   1.6649810e+06
   1.6654327e+06
   1.6659734e+06
   1.6664118e+06
   1.6669827e+06
   1.6685005e+06
   1.6690037e+06
   1.6693703e+06
   1.6701202e+06
   1.6707261e+06
   1.6712367e+06
   1.6716538e+06
   1.6730075e+06
   1.6737295e+06
   1.6744405e+06
   1.6748831e+06
   1.6753708e+06
   1.6761395e+06
   1.6766861e+06
   1.6778400e+06
   1.6793721e+06
   1.7204684e+06
   1.7210383e+06
   1.7215911e+06
   1.7221187e+06
   1.7229305e+06
   1.7233771e+06
   1.7239989e+06
   1.7243601e+06
   1.7249692e+06
   1.7257574e+06
   1.7267955e+06
   1.7274325e+06
   1.7278295e+06
   1.7281728e+06
   1.7289319e+06
   1.7296434e+06
   1.7303059e+06
   1.7308248e+06
   1.7312293e+06
   1.7324444e+06
   1.7329298e+06
   1.7336680e+06
   1.7346076e+06
   1.7352795e+06
   1.7361865e+06
   1.7370029e+06
   1.7376093e+06
   1.7381515e+06
   1.7387529e+06
   1.7394474e+06
   1.7808059e+06
   1.7814327e+06
   1.7831856e+06
   1.7836615e+06
   1.7841115e+06
   1.7846045e+06
   1.7850153e+06
   1.7855371e+06
   1.7861609e+06
   1.7874029e+06
   1.7882355e+06
   1.7887600e+06
   1.7895956e+06
   1.7901668e+06
   1.7909131e+06
   1.7918275e+06
   1.7924937e+06
   1.7929768e+06
   1.7936402e+06
   1.7944367e+06
   1.7950143e+06
   1.7954925e+06
   1.7958442e+06
   1.7964277e+06
   1.7976137e+06
   1.7980695e+06
   1.7985472e+06
   1.7997022e+06
   1.8405611e+06
   1.8413271e+06
   1.8417900e+06
   1.8423869e+06
   1.8427933e+06
   1.8435878e+06
   1.8439476e+06
   1.8443119e+06
   1.8461405e+06
   1.8479104e+06
   1.8484167e+06
   1.8488067e+06
   1.8492909e+06
   1.8498492e+06
   1.8527400e+06
   1.8536755e+06
   1.8547471e+06
   1.8556733e+06
   1.8561978e+06
   1.8571138e+06
   1.8576824e+06
   1.8582612e+06
   1.8588919e+06
   1.8596364e+06
   1.9004568e+06
   1.9010693e+06
   1.9015995e+06
   1.9020323e+06
   1.9025473e+06
   1.9031230e+06
   1.9035281e+06
   1.9040354e+06
   1.9045797e+06
   1.9050065e+06
   1.9055079e+06
   1.9061830e+06
   1.9067949e+06
   1.9073766e+06
   1.9095258e+06
   1.9099610e+06
   1.9104025e+06
   1.9109082e+06
   1.9117201e+06
   1.9123508e+06
   1.9128204e+06
   1.9133874e+06
   1.9137789e+06
   1.9145980e+06
   1.9154443e+06
   1.9159061e+06
   1.9162562e+06
   1.9167133e+06
   1.9172959e+06
   1.9176871e+06
   1.9182043e+06
   1.9189371e+06
   1.9195817e+06
   6.0521799e+04
   6.0845760e+04
   6.1318917e+04
   6.1684472e+04
   6.2136989e+04
   6.2636433e+04
   6.3133849e+04
   6.3527208e+04
   6.4074262e+04
   6.4683246e+04
   6.5046219e+04
   6.5434783e+04
   6.5731448e+04
   6.6152169e+04
   6.6945802e+04
   6.7664872e+04
   6.8171594e+04
   6.8542541e+04
   6.8936908e+04
   6.9405226e+04
   6.9979105e+04
   7.0345195e+04
   7.0801459e+04
   7.1710377e+04
   7.2315858e+04
   7.2774100e+04
   7.3255979e+04
   7.3869147e+04
   7.4405793e+04
   7.4859976e+04
   7.5323667e+04
   7.5744610e+04
   7.6167323e+04
   7.6713649e+04
   7.7398236e+04
   7.7956689e+04
   7.8369726e+04
   7.8797950e+04
   7.9200158e+04
   7.9611897e+04
   8.0620562e+04
   8.0972965e+04
   8.1483335e+04
   8.1878232e+04
   8.2338264e+04
   8.3637080e+04
   8.4343656e+04
   8.5291788e+04
   8.5745616e+04
   8.6220217e+04
   8.6668316e+04
   8.7096851e+04
   8.7630111e+04
   8.8230499e+04
   8.8548458e+04
   8.9155431e+04
   8.9857835e+04
   9.0348206e+04
   9.0813492e+04
   9.2354481e+04
   9.2893348e+04
   9.3351426e+04
   9.3707861e+04
   9.5487596e+04
   9.6037125e+04
   9.6436054e+04
   9.6842448e+04
   9.7222539e+04
   9.7576075e+04
   9.8173397e+04
   9.9179194e+04
   9.9601580e+04
   1.2065549e+05
   1.2105035e+05
   1.2149028e+05
   1.2197135e+05
   1.2233467e+05
   1.2287483e+05
   1.2327194e+05
   1.2375098e+05
   1.2413309e+05
   1.2466747e+05
   1.2514612e+05
   1.2607536e+05
   1.2658070e+05
   1.2697900e+05
   1.2754463e+05
   1.2799498e+05
   1.2908858e+05
   1.2953433e+05
   1.3003024e+05
   1.3043435e+05
   1.3077159e+05
   1.3119449e+05
   1.3152195e+05
   1.3216941e+05
   1.3281674e+05
   1.3345405e+05
   1.3398725e+05
   1.3434179e+05
   1.3493424e+05
   1.3527022e+05
   1.3586076e+05
   1.3639072e+05
   1.3674168e+05
   1.3710165e+05
   1.3754707e+05
   1.3803254e+05
   1.3860429e+05
   1.3914957e+05
   1.3957213e+05
   1.3991662e+05
   1.4022565e+05
   1.4091293e+05
   1.4131911e+05
   1.4180447e+05
   1.4217499e+05
   1.4254784e+05
   1.4306557e+05
   1.4344400e+05
   1.4388629e+05
   1.4427102e+05
   1.4470364e+05
   1.4518724e+05
   1.4551529e+05
   1.4582279e+05
   1.4617498e+05
   1.4663827e+05
   1.4710133e+05
   1.4759098e+05
   1.4799316e+05
   1.4865090e+05
   1.4929101e+05
   1.4988788e+05
   1.5048410e+05
   1.5093310e+05
   1.5131881e+05
   1.5190777e+05
   1.5245332e+05
   1.5295094e+05
   1.5347841e+05
   1.5383843e+05
   1.5425862e+05
   1.5463749e+05
   1.5503245e+05
   1.5563937e+05
   1.5604873e+05
   1.5637954e+05
   1.5697157e+05
   1.5742277e+05
   1.5775298e+05
   1.5817461e+05
   1.5877056e+05
   1.5930990e+05
   1.5994972e+05
   1.8035246e+05
   1.8087391e+05
   1.8145892e+05
   1.8179146e+05
   1.8241709e+05
   1.8281471e+05
   1.8325712e+05
   1.8370725e+05
   1.8415777e+05
   1.8471822e+05
   1.8509396e+05
   1.8559678e+05
   1.8615375e+05
   1.8668903e+05
   1.8707782e+05
   1.8771903e+05
   1.8803265e+05
   1.8865297e+05
   1.8918414e+05
   1.8957982e+05
   1.8996722e+05
   1.9037401e+05
   1.9071232e+05
   1.9125545e+05
   1.9173255e+05
   1.9222760e+05
   1.9271854e+05
   1.9314158e+05
   1.9354631e+05
   1.9415819e+05
   1.9447580e+05
   1.9484171e+05
   1.9542323e+05
   1.9590607e+05
   1.9658767e+05
   1.9695186e+05
   1.9730390e+05
   1.9780640e+05
   1.9828488e+05
   1.9874409e+05
   1.9950494e+05
   2.0007269e+05
   2.0066230e+05
   2.0114291e+05
   2.0151057e+05
   2.0190505e+05
   2.0248214e+05
   2.0304472e+05
   2.0355720e+05
   2.0513110e+05
   2.0581095e+05
   2.0638438e+05
   2.0672751e+05
   2.0717159e+05
   2.0798661e+05
   2.0852133e+05
   2.1306948e+05
   2.1345600e+05
   2.1391259e+05
   2.1431754e+05
   2.1531400e+05
   2.1609695e+05
   2.1640989e+05
   2.1670621e+05
   2.1708485e+05
   2.1744738e+05
   2.1792135e+05
   2.1825583e+05
   2.1876547e+05
   2.1921611e+05
   2.1978128e+05
   2.4045158e+05
   2.4093278e+05
   2.4147102e+05
   2.4202724e+05
   2.4254270e+05
   2.4306939e+05
   2.4342632e+05
   2.4375933e+05
   2.4420420e+05
   2.4459703e+05
   2.4499948e+05
   2.4564920e+05
   2.4618629e+05
   2.4666635e+05
   2.4714734e+05
   2.4753252e+05
   2.4809843e+05
   2.4888305e+05
   2.4923787e+05
   2.5134126e+05
   2.5175220e+05
   2.5231883e+05
   2.5342475e+05
   2.5386651e+05
   2.5435246e+05
   2.5469678e+05
   2.5509635e+05
   2.5555355e+05
   2.5585387e+05
   2.5644311e+05
   2.5676085e+05
   2.5721012e+05
   2.5791375e+05
   2.5838198e+05
   2.5894967e+05
   2.5944857e+05
   2.5998912e+05
   2.6057079e+05
   2.6121814e+05
   2.6162934e+05
   2.6205268e+05
   2.6253949e+05
   2.6305126e+05
   2.6356570e+05
   2.6401312e+05
   2.6459266e+05
   2.6490251e+05
   2.6583809e+05
   2.6631255e+05
   2.6689232e+05
   2.6726629e+05
   2.6765556e+05
   2.6804596e+05
   2.6859423e+05
   2.6910680e+05
   2.6949674e+05
   2.6983305e+05
   2.7028476e+05
   2.7065624e+05
   2.7115516e+05
   2.7182307e+05
   2.7219504e+05
   2.7271228e+05
   2.7310463e+05
   2.7366136e+05
   2.7423871e+05
   2.7453348e+05
   2.7495468e+05
   2.7550325e+05
   2.7586399e+05
   2.7624682e+05
   2.7658371e+05
   2.7724577e+05
   2.7761418e+05
   2.7875195e+05
   2.7964401e+05
   3.0035910e+05
   3.0082926e+05
   3.0214433e+05
   3.0242044e+05
   3.0278357e+05
   3.0322277e+05
   3.0359647e+05
   3.0488338e+05
   3.0519635e+05
   3.0568805e+05
   3.0617708e+05
   3.0659832e+05
   3.0723894e+05
   3.0763292e+05
   3.0831490e+05
   3.0890811e+05
   3.0930778e+05
   3.0964586e+05
   3.1007004e+05
   3.1047434e+05
   3.1098281e+05
   3.1134348e+05
   3.1178646e+05
   3.1219874e+05
   3.1283709e+05
   3.1325295e+05
   3.1365893e+05
   3.1479301e+05
   3.1517340e+05
   3.1587735e+05
   3.1640882e+05
   3.1702236e+05
   3.1741310e+05
   3.1787920e+05
   3.1837533e+05
   3.1880599e+05
   3.1922787e+05
   3.1969536e+05
   3.2059398e+05
   3.2129996e+05
   3.2167657e+05
   3.2239250e+05
   3.2293290e+05
   3.2341547e+05
   3.2394187e+05
   3.2430881e+05
   3.2495521e+05
   3.2538087e+05
   3.2581490e+05
   3.2620885e+05
   3.2669116e+05
   3.2766273e+05
   3.2810186e+05
   3.2857104e+05
   3.2896601e+05
   3.2983230e+05
   3.3035562e+05
   3.3133253e+05
   3.3171837e+05
   3.3249669e+05
   3.3306407e+05
   3.3356916e+05
   3.3399010e+05
   3.3447670e+05
   3.3498709e+05
   3.3526014e+05
   3.3561427e+05
   3.3644185e+05
   3.3686957e+05
   3.3741625e+05
   3.3776955e+05
   3.3832256e+05
   3.3887040e+05
   3.3932914e+05
   3.3988684e+05
   3.6087424e+05
   3.6119671e+05
   3.6162092e+05
   3.6210575e+05
   3.6248944e+05
   3.6296347e+05
   3.6340758e+05
   3.6379563e+05
   3.6428521e+05
   3.6472932e+05
   3.6523798e+05
   3.6563370e+05
   3.6664766e+05
   3.6737579e+05
   3.6787195e+05
   3.6834011e+05
   3.6870657e+05
   3.6906231e+05
   3.6964467e+05
   3.7001064e+05
   3.7043831e+05
   3.7096329e+05
   3.7154110e+05
   3.7198071e+05
   3.7259581e+05
   3.7400591e+05
   3.7432705e+05
   3.7463511e+05
   3.7503301e+05
   3.7565171e+05
   3.7595450e+05
   3.7638536e+05
   3.7676659e+05
   3.7710222e+05
   3.7752122e+05
   3.7833928e+05
   3.7892777e+05
   3.7938563e+05
   3.7998145e+05
   3.8028768e+05
   3.8091213e+05
   3.8128152e+05
   3.8214080e+05
   3.8326467e+05
   3.8364586e+05
   3.8422322e+05
   3.8459471e+05
   3.8564831e+05
   3.8605611e+05
   3.8708078e+05
   3.8758386e+05
   3.8858919e+05
   3.8885623e+05
   3.8936377e+05
   3.8994179e+05
   3.9023193e+05
   3.9072996e+05
   3.9113320e+05
   3.9162056e+05
   3.9196624e+05
   3.9239817e+05
   3.9276127e+05
   3.9311959e+05
   3.9378012e+05
   3.9434061e+05
   3.9500065e+05
   3.9546287e+05
   3.9607641e+05
   3.9680146e+05
   3.9726912e+05
   3.9758583e+05
   3.9797860e+05
   3.9853211e+05
   3.9912056e+05
   3.9945509e+05
   3.9999535e+05
   4.2052909e+05
   4.2101260e+05
   4.2148172e+05
   4.2190081e+05
   4.2280145e+05
   4.2334582e+05
   4.2371029e+05
   4.2413304e+05
   4.2453800e+05
   4.2501323e+05
   4.2556213e+05
   4.2610733e+05
   4.2649890e+05
   4.2681994e+05
   4.2725431e+05
   4.2766758e+05
   4.2821101e+05
   4.2862006e+05
   4.2895615e+05
   4.2953195e+05
   4.2987979e+05
   4.3033194e+05
   4.3074482e+05
   4.3111927e+05
   4.3158352e+05
   4.3215285e+05
   4.3271672e+05
   4.3318734e+05
   4.3367765e+05
   4.3436165e+05
   4.3470316e+05
   4.3519629e+05
   4.3568595e+05
   4.3613987e+05
   4.3649283e+05
   4.3703135e+05
   4.3763731e+05
   4.3820585e+05
   4.3863543e+05
   4.3900783e+05
   4.3946739e+05
   4.3983035e+05
   4.4035318e+05
   4.4078655e+05
   4.4136827e+05
   4.4169313e+05
   4.4203588e+05
   4.4251978e+05
   4.4298572e+05
   4.4352714e+05
   4.4409269e+05
   4.4455128e+05
   4.4489556e+05
   4.4532169e+05
   4.4625551e+05
   4.4679074e+05
   4.4720415e+05
   4.4790300e+05
   4.4848862e+05
   4.4895954e+05
   4.4937740e+05
   4.4994450e+05
   4.5039534e+05
   4.5158460e+05
   4.5223110e+05
   4.5260421e+05
   4.5308658e+05
   4.5379581e+05
   4.5429587e+05
   4.5473027e+05
   4.5544191e+05
   4.5595432e+05
   4.5704320e+05
   4.5757166e+05
   4.5796618e+05
   4.5872603e+05
   4.5911925e+05
   4.5952785e+05
   4.5985019e+05
   4.8060791e+05
   4.8116179e+05
   4.8159468e+05
   4.8207822e+05
   4.8256199e+05
   4.8318310e+05
   4.8363111e+05
   4.8401458e+05
   4.8458803e+05
   4.8524088e+05
   4.8557641e+05
   4.8637471e+05
   4.8688536e+05
   4.8756958e+05
   4.8804047e+05
   4.8851463e+05
   4.8905841e+05
   4.8954379e+05
   4.9018020e+05
   4.9056978e+05
   4.9099969e+05
   4.9153353e+05
   4.9194009e+05
   4.9244695e+05
   4.9344763e+05
   4.9384968e+05
   4.9425787e+05
   4.9497353e+05
   4.9533917e+05
   4.9602905e+05
   4.9646048e+05
   4.9702878e+05
   4.9747464e+05
   4.9798837e+05
   4.9862548e+05
   4.9915058e+05
   4.9970244e+05
   5.0014033e+05
   5.0049808e+05
   5.0103966e+05
   5.0164974e+05
   5.0205317e+05
   5.0249878e+05
   5.0295584e+05
   5.0329545e+05
   5.0368199e+05
   5.0401821e+05
   5.0437818e+05
   5.0495645e+05
   5.0539887e+05
   5.0606508e+05
   5.0656347e+05
   5.0691198e+05
   5.0752875e+05
   5.0793314e+05
   5.0881622e+05
   5.0926147e+05
   5.0947717e+05
   5.1001010e+05
   5.1038608e+05
   5.1118471e+05
   5.1211434e+05
   5.1258966e+05
   5.1308460e+05
   5.1340645e+05
   5.1389859e+05
   5.1447107e+05
   5.1481100e+05
   5.1525551e+05
   5.1594050e+05
   5.1684098e+05
   5.1723843e+05
   5.1933133e+05
   5.1968772e+05
   5.1995364e+05
   5.4036670e+05
   5.4086847e+05
   5.4136994e+05
   5.4230499e+05
   5.4278026e+05
   5.4312550e+05
   5.4358853e+05
   5.4410844e+05
   5.4441233e+05
   5.4479964e+05
   5.4535481e+05
   5.4620276e+05
   5.4656061e+05
   5.4699700e+05
   5.4766010e+05
   5.4833148e+05
   5.4878071e+05
   5.4913647e+05
   5.4956334e+05
   5.5011389e+05
   5.5068648e+05
   5.5109296e+05
   5.5147649e+05
   5.5200676e+05
   5.5246246e+05
   5.5300242e+05
   5.5354887e+05
   5.5394670e+05
   5.5435752e+05
   5.5480526e+05
   5.5533069e+05
   5.5572960e+05
   5.5621205e+05
   5.5660389e+05
   5.5691168e+05
   5.5720318e+05
   5.5777785e+05
   5.5813935e+05
   5.5847323e+05
   5.5905615e+05
   5.5941145e+05
   5.5979246e+05
   5.6022553e+05
   5.6060049e+05
   5.6124907e+05
   5.6163016e+05
   5.6234007e+05
   5.6277194e+05
   5.6333575e+05
   5.6382812e+05
   5.6419699e+05
   5.6467653e+05
   5.6510415e+05
   5.6560841e+05
   5.6593977e+05
   5.6646669e+05
   5.6743462e+05
   5.6783431e+05
   5.6836086e+05
   5.6880944e+05
   5.6914800e+05
   5.6978862e+05
   5.7010558e+05
   5.7046982e+05
   5.7085355e+05
   5.7120518e+05
   5.7155669e+05
   5.7186661e+05
   5.7261226e+05
   5.7308634e+05
   5.7385002e+05
   5.7447910e+05
   5.7479697e+05
   5.7516274e+05
   5.7559638e+05
   5.7615325e+05
   5.7665799e+05
   5.7715283e+05
   5.7745779e+05
   5.7799778e+05
   5.7847654e+05
   5.7886688e+05
   5.7941461e+05
   5.7984505e+05
   7.8065382e+05
   7.8118108e+05
   7.8171228e+05
   7.8225662e+05
   7.8311340e+05
   7.8384382e+05
   7.8423579e+05
   7.8476716e+05
   7.8532721e+05
   7.8590843e+05
   7.8655272e+05
   7.8727920e+05
   7.8768466e+05
   7.8815144e+05
   7.8893170e+05
   7.8995210e+05
   7.9085470e+05
   7.9160091e+05
   7.9263676e+05
   7.9365714e+05
   7.9404318e+05
   7.9479193e+05
   7.9539936e+05
   7.9596696e+05
   7.9632663e+05
   7.9701903e+05
   7.9886921e+05
   7.9941514e+05
   7.9989648e+05
   8.0112421e+05
   8.1619499e+05
   8.1702248e+05
   8.1920845e+05
   8.1988249e+05
   8.4050562e+05
   8.4125005e+05
   8.4168644e+05
   8.4226731e+05
   8.4307535e+05
   8.4347558e+05
   8.4398651e+05
   8.4457886e+05
   8.4502420e+05
   8.4577420e+05
   8.4631181e+05
   8.4708066e+05
   8.4763944e+05
   8.4820840e+05
   8.4977198e+05
   8.5035055e+05
   8.5096583e+05
   8.5151808e+05
   8.5201032e+05
   8.5281619e+05
   8.5339854e+05
   8.5389012e+05
   8.5427193e+05
   8.5465744e+05
   8.5527515e+05
   8.5578741e+05
   8.5654144e+05
   8.5706978e+05
   8.5816753e+05
   8.5954562e+05
   8.6001431e+05
   8.6048677e+05
   8.6087114e+05
   8.6135353e+05
   8.6199280e+05
   8.6317009e+05
   8.6364162e+05
   8.6439918e+05
   8.6501702e+05
   8.6570695e+05
   8.6642061e+05
   8.6724451e+05
   8.6766133e+05
   8.6823962e+05
   8.6882811e+05
   8.6950215e+05
   8.7001355e+05
   8.7049111e+05
   8.7088170e+05
   8.7156268e+05
   8.7211105e+05
   8.7299093e+05
   8.7350674e+05
   8.7417980e+05
   8.7459385e+05
   8.7500349e+05
   8.7672796e+05
   9.0036426e+05
   9.0119695e+05
   9.0170543e+05
   9.0210845e+05
   9.0288290e+05
   9.0349429e+05
   9.0415054e+05
   9.0481118e+05
   9.0580821e+05
   9.0873648e+05
   9.0995590e+05
   9.1031092e+05
   9.1120356e+05
   9.1198570e+05
   9.1261657e+05
   9.1331365e+05
   9.1372463e+05
   9.1437982e+05
   9.1485819e+05
   9.1550908e+05
   9.1589357e+05
   9.1682283e+05
   9.1812695e+05
   9.1878671e+05
   9.1941551e+05
   9.2039712e+05
   9.2129186e+05
   9.2183517e+05
   9.2265289e+05
   9.2325234e+05
   9.2388555e+05
   9.2457477e+05
   9.2517907e+05
   9.2931251e+05
   9.2985744e+05
   9.3049156e+05
   9.3105220e+05
   9.3153318e+05
   9.3199687e+05
   9.3327029e+05
   9.3374463e+05
   9.3441789e+05
   9.3500330e+05
   9.3559893e+05
   9.3603913e+05
   9.3643538e+05
   9.3743042e+05
   9.3792752e+05
   9.3861106e+05
   9.3956389e+05
   9.6048393e+05
   9.6094398e+05
   9.6154110e+05
   9.6207216e+05
   9.6256251e+05
   9.6386851e+05
   9.6492661e+05
   9.6572585e+05
   9.6641329e+05
   9.6689721e+05
   9.6746036e+05
   9.6796645e+05
   9.6849047e+05
   9.6915102e+05
   9.7040921e+05
   9.7125429e+05
   9.7169843e+05
   9.7224881e+05
   9.7286064e+05
   9.7329934e+05
   9.7405683e+05
   9.7448717e+05
   9.7503602e+05
   9.7556282e+05
   9.7629110e+05
   9.7664845e+05
   9.7785869e+05
   9.7836426e+05
   9.7877100e+05
   9.7924888e+05
   9.7967678e+05
   9.8034901e+05
   9.8082684e+05
   9.8149270e+05
   9.8217076e+05
   9.8306528e+05
   9.8360319e+05
   9.8405043e+05
   9.8457105e+05
   9.8508547e+05
   9.8614126e+05
   9.8667977e+05
   9.8703848e+05
   9.8744978e+05
   9.8781144e+05
   9.8829056e+05
   9.8901370e+05
   9.8945219e+05
   9.8996648e+05
   9.9070583e+05
   9.9180218e+05
   9.9230925e+05
   9.9317832e+05
   9.9430589e+05
   9.9540715e+05
   9.9587154e+05
   9.9900111e+05
   9.9959665e+05
   1.0211490e+06
   1.0216642e+06
   1.0221708e+06
   1.0228525e+06
   1.0240636e+06
   1.0247829e+06
   1.0255936e+06
   1.0263399e+06
   1.0270626e+06
   1.0278482e+06
   1.0283702e+06
   1.0292527e+06
   1.0299736e+06
   1.0307926e+06
   1.0317024e+06
   1.0323017e+06
   1.0328282e+06
   1.0334279e+06
   1.0338845e+06
   1.0348290e+06
   1.0354331e+06
   1.0359155e+06
   1.0365698e+06
   1.0371261e+06
   1.0382598e+06
   1.0387091e+06
   1.0391414e+06
   1.0396647e+06
   1.0401004e+06
   1.0416079e+06
   1.0420580e+06
   1.0426350e+06
   1.0431376e+06
   1.0438252e+06
   1.0444347e+06
   1.0448447e+06
   1.0454370e+06
   1.0467229e+06
   1.0472174e+06
   1.0476553e+06
   1.0484673e+06
   1.0489461e+06
   1.0497342e+06
   1.0504415e+06
   1.0511480e+06
   1.0517712e+06
   1.0524645e+06
   1.0529301e+06
   1.0534563e+06
   1.0543291e+06
   1.0550587e+06
   1.0557554e+06
   1.0565158e+06
   1.0574021e+06
   1.0581541e+06
   1.0587755e+06
   1.0595903e+06
   1.0805820e+06
   1.0809498e+06
   1.0814966e+06
   1.0819172e+06
   1.0827493e+06
   1.0841353e+06
   1.0848373e+06
   1.0854135e+06
   1.0860556e+06
   1.0865618e+06
   1.0871164e+06
   1.0881091e+06
   1.0890552e+06
   1.0900071e+06
   1.0904872e+06
   1.0911269e+06
   1.0915888e+06
   1.0924191e+06
   1.0929757e+06
   1.0936461e+06
   1.0949799e+06
   1.0957138e+06
   1.0962958e+06
   1.0972942e+06
   1.0978575e+06
   1.0984573e+06
   1.0998685e+06
   1.1008010e+06
   1.1013570e+06
   1.1022724e+06
   1.1028263e+06
   1.1035588e+06
   1.1039681e+06
   1.1047252e+06
   1.1061785e+06
   1.1070437e+06
   1.1078510e+06
   1.1084900e+06
   1.1089835e+06
   1.1095314e+06
   1.1102609e+06
   1.1109414e+06
   1.1119026e+06
   1.1122682e+06
   1.1131485e+06
   1.1143494e+06
   1.1158679e+06
   1.1164849e+06
   1.1173215e+06
   1.1183390e+06
   1.1190755e+06
   1.1406192e+06
   1.1413195e+06
   1.1417989e+06
   1.1421677e+06
   1.1430027e+06
   1.1436311e+06
   1.1441883e+06
   1.1447608e+06
   1.1454141e+06
   1.1458995e+06
   1.1465725e+06
   1.1470783e+06
   1.1475628e+06
   1.1480286e+06
   1.1486064e+06
   1.1493433e+06
   1.1502107e+06
   1.1508285e+06
   1.1512856e+06
   1.1517884e+06
   1.1551163e+06
   1.1559319e+06
   1.1564249e+06
   1.1568466e+06
   1.1582927e+06
   1.1592058e+06
   1.1599140e+06
   1.1604574e+06
   1.1608612e+06
   1.1614136e+06
   1.1618412e+06
   1.1622807e+06
   1.1627357e+06
   1.1636076e+06
   1.1645587e+06
   1.1651629e+06
   1.1660828e+06
   1.1667605e+06
   1.1673526e+06
   1.1714224e+06
   1.1720605e+06
   1.1727755e+06
   1.1743674e+06
   1.1753572e+06
   1.1773111e+06
   1.1784162e+06
   1.1790185e+06
   1.1795453e+06
   1.2003418e+06
   1.2012401e+06
   1.2019515e+06
   1.2025088e+06
   1.2033094e+06
   1.2038603e+06
   1.2042823e+06
   1.2049375e+06
   1.2059658e+06
   1.2063339e+06
   1.2070125e+06
   1.2077049e+06
   1.2081476e+06
   1.2089400e+06
   1.2095532e+06
   1.2106813e+06
   1.2112853e+06
   1.2124477e+06
   1.2128807e+06
   1.2136375e+06
   1.2201549e+06
   1.2208740e+06
   1.2216426e+06
   1.2245414e+06
   1.2251671e+06
   1.2256474e+06
   1.2265233e+06
   1.2270523e+06
   1.2276852e+06
   1.2280925e+06
   1.2285648e+06
   1.2291316e+06
   1.2297579e+06
   1.2304084e+06
   1.2310077e+06
   1.2316482e+06
   1.2323615e+06
   1.2328842e+06
   1.2335665e+06
   1.2347705e+06
   1.2353052e+06
   1.2360178e+06
   1.2363771e+06
   1.2368624e+06
   1.2378263e+06
   1.2384458e+06
   1.2389474e+06
   1.2398742e+06
   1.2607986e+06
   1.2613575e+06
   1.2620481e+06
   1.2626053e+06
   1.2638378e+06
   1.2647623e+06
   1.2650816e+06
   1.2658609e+06
   1.2664441e+06
   1.2667634e+06
   1.2674328e+06
   1.2679628e+06
   1.2684797e+06
   1.2691134e+06
   1.2698142e+06
   1.2704585e+06
   1.2710012e+06
   1.2718565e+06
   1.2722592e+06
   1.2727832e+06
   1.2731942e+06
   1.2742768e+06
   1.2748923e+06
   1.2756486e+06
   1.2762537e+06
   1.2767604e+06
   1.2777229e+06
   1.2783563e+06
   1.2788992e+06
   1.2794650e+06
   1.2803026e+06
   1.2807968e+06
   1.2815290e+06
   1.2822040e+06
   1.2826862e+06
   1.2830543e+06
   1.2837749e+06
   1.2842351e+06
   1.2846857e+06
   1.2858721e+06
   1.2865887e+06
   1.2877793e+06
   1.2884146e+06
   1.2900295e+06
   1.2908817e+06
   1.2916705e+06
   1.2921561e+06
   1.2926790e+06
   1.2932683e+06
   1.2938648e+06
   1.2944634e+06
   1.2949893e+06
   1.2954408e+06
   1.2961703e+06
   1.2968543e+06
   1.2973006e+06
   1.2979845e+06
   1.2986259e+06
   1.2994642e+06
   1.3210631e+06
   1.3216086e+06
   1.3220606e+06
   1.3228421e+06
   1.3235764e+06
   1.3239631e+06
   1.3244856e+06
   1.3256005e+06
   1.3264598e+06
   1.3270092e+06
   1.3275424e+06
   1.3282136e+06
   1.3286284e+06
   1.3289830e+06
   1.3296890e+06
   1.3303881e+06
   1.3310865e+06
   1.3327189e+06
   1.3331162e+06
   1.3335461e+06
   1.3341707e+06
   1.3351179e+06
   1.3355033e+06
   1.3362520e+06
   1.3368962e+06
   1.3374339e+06
   1.3380877e+06
   1.3388902e+06
   1.3395002e+06
   1.3404371e+06
   1.3410619e+06
   1.3418045e+06
   1.3428001e+06
   1.3432636e+06
   1.3437322e+06
   1.3457344e+06
   1.3464521e+06
   1.3475600e+06
   1.3480604e+06
   1.3492321e+06
   1.3502432e+06
   1.3509491e+06
   1.3516511e+06
   1.3525722e+06
   1.3531918e+06
   1.3538971e+06
   1.3542992e+06
   1.3547605e+06
   1.3553576e+06
   1.3560595e+06
   1.3564639e+06
   1.3569703e+06
   1.3573449e+06
   1.3581366e+06
   1.3589269e+06
   1.3596688e+06
   1.3804025e+06
   1.3814751e+06
   1.3819799e+06
   1.3824723e+06
   1.3833327e+06
   1.3837695e+06
   1.3842826e+06
   1.3848365e+06
   1.3853409e+06
   1.3858381e+06
   1.3864905e+06
   1.3874086e+06
   1.3882485e+06
   1.3888473e+06
   1.3892485e+06
   1.3898505e+06
   1.3903983e+06
   1.3907021e+06
   1.3910512e+06
   1.3919787e+06
   1.3927558e+06
   1.3934541e+06
   1.3942636e+06
   1.3946773e+06
   1.3953058e+06
   1.3956391e+06
   1.3964122e+06
   1.3968854e+06
   1.3974831e+06
   1.3979746e+06
   1.3985690e+06
   1.3990815e+06
   1.3998647e+06
   1.4005250e+06
   1.4009582e+06
   1.4016153e+06
   1.4024665e+06
   1.4031341e+06
   1.4040142e+06
   1.4044798e+06
   1.4052787e+06
   1.4061236e+06
   1.4070414e+06
   1.4075391e+06
   1.4080929e+06
   1.4086556e+06
   1.4091658e+06
   1.4100857e+06
   1.4114624e+06
   1.4125342e+06
   1.4131184e+06
   1.4134767e+06
   1.4139625e+06
   1.4148194e+06
   1.4153645e+06
   1.4158675e+06
   1.4162931e+06
   1.4169569e+06
   1.4176818e+06
   1.4182757e+06
   1.4191197e+06
   1.4196276e+06
   1.4405389e+06
   1.4409464e+06
   1.4415060e+06
   1.4421519e+06
   1.4430473e+06
   1.4435460e+06
   1.4440571e+06
   1.4446449e+06
   1.4456743e+06
   1.5004364e+06
   1.5011436e+06
   1.5016115e+06
   1.5022497e+06
   1.5031062e+06
   1.5054203e+06
   1.5060283e+06
   1.5064251e+06
   1.5068600e+06
   1.5075358e+06
   1.5081600e+06
   1.5090472e+06
   1.5097026e+06
   1.5103043e+06
   1.5110726e+06
   1.5116292e+06
   1.5123355e+06
   1.5129002e+06
   1.5136326e+06
   1.5142413e+06
   1.5151766e+06
   1.5160331e+06
   1.5165273e+06
   1.5171146e+06
   1.5178151e+06
   1.5183774e+06
   1.5187662e+06
   1.5191848e+06
   1.5197689e+06
   1.5200573e+06
   1.5209376e+06
   1.5215081e+06
   1.5221694e+06
   1.5231406e+06
   1.5235853e+06
   1.5241972e+06
   1.5247841e+06
   1.5251754e+06
   1.5257357e+06
   1.5261916e+06
   1.5269516e+06
   1.5275810e+06
   1.5305457e+06
   1.5310667e+06
   1.5314869e+06
   1.5318321e+06
   1.5323823e+06
   1.5328296e+06
   1.5333148e+06
   1.5341220e+06
   1.5350111e+06
   1.5355971e+06
   1.5364618e+06
   1.5373238e+06
   1.5377718e+06
   1.5382882e+06
   1.5387610e+06
   1.5394499e+06
   1.5609474e+06
   1.5615734e+06
   1.5620577e+06
   1.5625482e+06
   1.5630326e+06
   1.5641355e+06
   1.5652302e+06
   1.5660229e+06
   1.5666752e+06
   1.5672495e+06
   1.5679506e+06
   1.5687654e+06
   1.5691830e+06
   1.5698188e+06
   1.5702542e+06
   1.5706781e+06
   1.5712709e+06
   1.5719991e+06
   1.5725574e+06
   1.5731347e+06
   1.5738900e+06
   1.5743608e+06
   1.5748691e+06
   1.5752110e+06
   1.5758116e+06
   1.5763242e+06
   1.5769378e+06
   1.5775813e+06
   1.5779605e+06
   1.5785270e+06
   1.5795218e+06
   1.5802260e+06
   1.5810196e+06
   1.5817237e+06
   1.5823906e+06
   1.5827847e+06
   1.5831289e+06
   1.5844558e+06
   1.5851608e+06
   1.5858081e+06
   1.5867168e+06
   1.5877816e+06
   1.5881992e+06
   1.5888009e+06
   1.5893242e+06
   1.5901336e+06
   1.5910394e+06
   1.5917752e+06
   1.5923231e+06
   1.5934884e+06
   1.5945494e+06
   1.5949932e+06
   1.5953425e+06
   1.5958996e+06
   1.5969604e+06
   1.5974830e+06
   1.5979246e+06
   1.5992986e+06
   1.5998391e+06
   1.6204895e+06
   1.6214453e+06
   1.6220105e+06
   1.6224946e+06
   1.6235253e+06
   1.6258636e+06
   1.6264689e+06
   1.6270998e+06
   1.6277796e+06
   1.6281896e+06
   1.6287140e+06
   1.6290974e+06
   1.6297796e+06
   1.6308548e+06
   1.6312974e+06
   1.6315984e+06
   1.6358310e+06
   1.6363673e+06
   1.6372426e+06
   1.6377133e+06
   1.6387044e+06
   1.6392451e+06
   1.6400461e+06
   1.6409266e+06
   1.6416899e+06
   1.6428394e+06
   1.6437085e+06
   1.6462778e+06
   1.6467071e+06
   1.6477132e+06
   1.6488191e+06
   1.6493738e+06
   1.6499917e+06
   1.6508657e+06
   1.6517086e+06
   1.6521632e+06
   1.6527741e+06
   1.6531055e+06
   1.6536195e+06
   1.6540409e+06
   1.6546944e+06
   1.6554065e+06
   1.6560868e+06
   1.6567234e+06
   1.6572328e+06
   1.6578899e+06
   1.6583435e+06
   1.6587735e+06
   1.6592919e+06
   1.6815348e+06
   1.6818999e+06
   1.6824806e+06
   1.6830748e+06
   1.6837937e+06
   1.6842754e+06
   1.6847570e+06
   1.6854939e+06
   1.6862511e+06
   1.6866932e+06
   1.6870659e+06
   1.6875736e+06
   1.6881223e+06
   1.6886322e+06
   1.6895096e+06
   1.6906874e+06
   1.6911854e+06
   1.6916547e+06
   1.6924255e+06
   1.6929099e+06
   1.6935463e+06
   1.6943176e+06
   1.6946937e+06
   1.6958615e+06
   1.6965085e+06
   1.6969404e+06
   1.6977536e+06
   1.6982489e+06
   1.7001520e+06
   1.7007362e+06
   1.7017980e+06
   1.7024038e+06
   1.7031641e+06
   1.7037499e+06
   1.7042572e+06
   1.7046354e+06
   1.7049889e+06
   1.7067796e+06
   1.7073217e+06
   1.7078960e+06
   1.7084664e+06
   1.7090017e+06
   1.7094324e+06
   1.7108127e+06
   1.7112064e+06
   1.7118198e+06
   1.7122344e+06
   1.7137112e+06
   1.7141265e+06
   1.7148093e+06
   1.7155374e+06
   1.7162500e+06
   1.7167779e+06
   1.7173999e+06
   1.7178675e+06
   1.7182609e+06
   1.7193356e+06
   1.7405524e+06
   1.7416045e+06
   1.7421026e+06
   1.7425945e+06
   1.7429795e+06
   1.7435339e+06
   1.7444305e+06
   1.7448939e+06
   1.7454985e+06
   1.7461976e+06
   1.7466842e+06
   1.7471837e+06
   1.7481012e+06
   1.7490149e+06
   1.7494916e+06
   1.7507934e+06
   1.7515816e+06
   1.7521764e+06
   1.7526082e+06
   1.7531255e+06
   1.7537462e+06
   1.7542866e+06
   1.7550058e+06
   1.7558718e+06
   1.7566353e+06
   1.7574422e+06
   1.7585712e+06
   1.7590387e+06
   1.7595666e+06
   1.7601634e+06
   1.7608383e+06
   1.7615249e+06
   1.7621272e+06
   1.7626593e+06
   1.7630280e+06
   1.7634107e+06
   1.7644391e+06
   1.7649161e+06
   1.7653204e+06
   1.7661084e+06
   1.7665677e+06
   1.7669999e+06
   1.7674148e+06
   1.7679640e+06
   1.7739739e+06
   1.7743188e+06
   1.7751946e+06
   1.7760091e+06
   1.7764884e+06
   1.7782449e+06
   1.7791061e+06
   1.7796093e+06
   1.8007562e+06
   1.8018221e+06
   1.8023952e+06
   1.8029960e+06
   1.8038127e+06
   1.8054316e+06
   1.8059101e+06
   1.8066429e+06
   1.8070048e+06
   1.8079612e+06
   1.8086174e+06
   1.8089920e+06
   1.8097841e+06
   1.8103742e+06
   1.8111979e+06
   1.8116111e+06
   1.8121391e+06
   1.8128578e+06
   1.8133444e+06
   1.8142873e+06
   1.8148125e+06
   1.8154312e+06
   1.8158652e+06
   1.8164578e+06
   1.8170162e+06
   1.8179264e+06
   1.8202814e+06
   1.8215813e+06
   1.8221845e+06
   1.8226488e+06
   1.8233806e+06
   1.8243433e+06
   1.8248990e+06
   1.8253969e+06
   1.8260961e+06
   1.8267212e+06
   1.8280573e+06
   1.8285993e+06
   1.8293123e+06
   1.8299180e+06
   1.8304199e+06
   1.8309861e+06
   1.8315191e+06
   1.8325438e+06
   1.8330915e+06
   1.8335298e+06
   1.8342007e+06
   1.8347411e+06
   1.8351433e+06
   1.8357342e+06
   1.8367467e+06
   1.8376952e+06
   1.8382394e+06
   1.8387179e+06
   1.8392110e+06
   1.8396557e+06
   1.8605549e+06
   1.8609089e+06
   1.8615822e+06
   1.8623334e+06
   1.8628371e+06
   1.8634088e+06
   1.8639837e+06
   1.8644848e+06
   1.8658431e+06
   1.8666214e+06
   1.8673624e+06
   1.8683618e+06
   1.8689226e+06
   1.8696599e+06
   1.8701397e+06
   1.8707785e+06
   1.8712266e+06
   1.8718719e+06
   1.8724397e+06
   1.8734129e+06
   1.8738805e+06
   1.8763921e+06
   1.8769618e+06
   1.8775688e+06
   1.8780255e+06
   1.8783545e+06
   1.8790645e+06
   1.8796098e+06
   1.8801901e+06
   1.8813111e+06
   1.8820592e+06
   1.8825683e+06
   1.8836506e+06
   1.8845459e+06
   1.8862014e+06
   1.8867652e+06
   1.8872998e+06
   1.8877677e+06
   1.8882502e+06
   1.8890267e+06
   1.8901241e+06
   1.8912570e+06
   1.8918389e+06
   1.8930943e+06
   1.8935793e+06
   1.8941369e+06
   1.8946472e+06
   1.8950399e+06
   1.8960090e+06
   1.8969034e+06
   1.8973479e+06
   1.8978521e+06
   1.8983322e+06
   1.8989924e+06
   1.8893040e+06
   1.8897425e+06
   1.8907730e+06
   1.8922286e+06
   1.8948682e+06
   1.8954797e+06
   1.8959695e+06
   1.8964639e+06
   1.8977300e+06
   1.8982048e+06
   1.8988933e+06
   1.8843426e+06
   1.8848430e+06
   1.8864022e+06
   1.8869081e+06
   1.8876298e+06
   1.8883928e+06
   1.8892475e+06
   1.8900482e+06
   1.8905806e+06
   1.8909823e+06
   1.8916112e+06
   1.8922382e+06
   1.8928156e+06
   1.8938369e+06
   1.8942310e+06
   1.8946726e+06
   1.8951116e+06
   1.8956106e+06
   1.8963525e+06
   1.8975960e+06
   1.8980955e+06
   1.8985501e+06
   1.8993175e+06
   1.8999084e+06
   1.8988535e+06
   1.8995528e+06
   1.8376763e+06
   1.8382239e+06
   1.8386635e+06
   1.8393562e+06
   1.8605398e+06
   1.8609554e+06
   1.8640707e+06
   1.8647659e+06
   1.8658202e+06
   1.8662317e+06
   1.8668252e+06
   1.8672624e+06
   1.8677315e+06
   1.8685265e+06
   1.8689446e+06
   1.8702398e+06
   1.8705838e+06
   1.8711193e+06
   1.8717929e+06
   1.8725478e+06
   1.8729742e+06
   1.8735226e+06
   1.8741210e+06
   1.8744385e+06
   1.8750353e+06
   1.8763075e+06
   1.8766699e+06
   1.8770360e+06
   1.8775413e+06
   1.8780457e+06
   1.8785519e+06
   1.8808540e+06
   1.8818601e+06
   1.8826243e+06
   1.8831007e+06
   1.8834758e+06
   1.8839210e+06
   1.8847424e+06
   1.8852931e+06
   1.8857855e+06
   1.8864510e+06
   1.8871751e+06
   1.8875430e+06
   1.8879769e+06
   1.8894303e+06
   1.8900108e+06
   1.8913229e+06
   1.8922356e+06
   1.8928438e+06
   1.8944812e+06
   1.8954863e+06
   1.8960797e+06
   1.8965892e+06
   1.8973614e+06
   1.8980533e+06
   1.8985445e+06
   1.8999216e+06
