   6.0961086e+02
   9.2764632e+02
   1.2437428e+03
   1.8079532e+03
   2.3268898e+03
   2.8852070e+03
   3.2283127e+03
   3.7254495e+03
   4.0328390e+03
   4.8896717e+03
   5.3949531e+03
   5.8033048e+03
   6.2171032e+03
   6.5699488e+03
   7.0065002e+03
   7.5698300e+03
   8.2011219e+03
   8.6725295e+03
   9.0461843e+03
   9.3792553e+03
   9.9254731e+03
   1.0473938e+04
   1.0818605e+04
   1.1328017e+04
   1.1772333e+04
   1.2284172e+04
   1.2692113e+04
   1.3091284e+04
   1.3643128e+04
   1.4303612e+04
   1.4853772e+04
   1.5580580e+04
   1.6097712e+04
   1.6670789e+04
   1.7110324e+04
   1.7622894e+04
   1.8129800e+04
   1.8436063e+04
   1.8831326e+04
   1.9157990e+04
   1.9662231e+04
   2.0090344e+04
   2.0541641e+04
   2.1193514e+04
   2.1570029e+04
   2.2214755e+04
   2.2540229e+04
   2.3162322e+04
   2.3614478e+04
   2.3956309e+04
   2.4501855e+04
   2.4968555e+04
   2.5433704e+04
   2.5969147e+04
   2.6349555e+04
   2.6774108e+04
   2.7105474e+04
   2.8511245e+04
   2.9292371e+04
   2.9870962e+04
   3.0367080e+04
   3.0798808e+04
   3.1273080e+04
   3.1773347e+04
   3.2231111e+04
   3.2812222e+04
   3.3364916e+04
   3.3846112e+04
   3.4211897e+04
   3.4613515e+04
   3.5062249e+04
   3.5670970e+04
   3.6048246e+04
   3.6631804e+04
   3.7256025e+04
   3.7557691e+04
   3.8222190e+04
   4.5231555e+04
   4.0155926e+04
   4.0514817e+04
   4.0884840e+04
   4.1246398e+04
   4.1754998e+04
   4.2472639e+04
   4.2919922e+04
   4.3195246e+04
   4.3571361e+04
   4.4163718e+04
   4.4641038e+04
   4.5066720e+04
   4.5558526e+04
   4.5975776e+04
   4.6377921e+04
   4.6684353e+04
   4.7068570e+04
   4.7403181e+04
   4.7875374e+04
   4.8299821e+04
   4.8589867e+04
   4.9142361e+04
   4.9422252e+04
   4.9946798e+04
   5.0276865e+04
   5.0691524e+04
   5.1002863e+04
   5.1352950e+04
   5.1885278e+04
   5.2221349e+04
   5.2629549e+04
   5.3014318e+04
   5.3429070e+04
   5.3921031e+04
   5.3958249e+04
   5.4518394e+04
   5.5134769e+04
   5.5523664e+04
   5.5922537e+04
   5.6306518e+04
   5.6648947e+04
   5.7024985e+04
   5.7379432e+04
   5.7859998e+04
   5.8264509e+04
   5.8767465e+04
   5.9175197e+04
   5.9599276e+04
   1.0015941e+05
   1.0064539e+05
   1.0111742e+05
   1.0148969e+05
   1.0179729e+05
   1.0211069e+05
   1.0248031e+05
   1.0290455e+05
   1.0334149e+05
   1.0372959e+05
   1.0440465e+05
   1.0484952e+05
   1.0545554e+05
   1.0602147e+05
   1.0643358e+05
   1.0693777e+05
   1.0699926e+05
   1.0753161e+05
   1.0792489e+05
   1.0815278e+05
   1.0859652e+05
   1.0900809e+05
   1.0934862e+05
   1.0984408e+05
   1.1035189e+05
   1.1085712e+05
   1.1124104e+05
   1.1160907e+05
   1.1216357e+05
   1.1258908e+05
   1.1303353e+05
   1.1340120e+05
   1.1378196e+05
   1.1407060e+05
   1.1438532e+05
   1.1468237e+05
   1.1505783e+05
   1.1543155e+05
   1.1580591e+05
   1.1624705e+05
   1.1670884e+05
   1.1718773e+05
   1.1770042e+05
   1.1808033e+05
   1.1843746e+05
   1.1895562e+05
   1.1927037e+05
   1.1963046e+05
   1.6034241e+05
   1.6092974e+05
   1.6134546e+05
   1.6174734e+05
   1.6221631e+05
   1.6245951e+05
   1.6284212e+05
   1.6310341e+05
   1.6361124e+05
   1.6397858e+05
   1.6442889e+05
   1.6480889e+05
   1.6530267e+05
   1.6595626e+05
   1.6633461e+05
   1.6664054e+05
   1.6723540e+05
   1.6760091e+05
   1.6808676e+05
   1.6873722e+05
   1.6944032e+05
   1.6972448e+05
   1.7031018e+05
   1.7064422e+05
   1.7102122e+05
   1.7136350e+05
   1.7179157e+05
   1.7241612e+05
   1.7300637e+05
   1.7331581e+05
   1.7371081e+05
   1.7414813e+05
   1.7462080e+05
   1.7512682e+05
   1.7552709e+05
   1.7611434e+05
   1.7664372e+05
   1.7718961e+05
   1.7773655e+05
   1.7820734e+05
   1.7864807e+05
   1.7915768e+05
   1.7959713e+05
   2.2015822e+05
   2.2108575e+05
   2.2152650e+05
   2.2190868e+05
   2.2224206e+05
   2.2257893e+05
   2.2299658e+05
   2.2342049e+05
   2.2373725e+05
   2.2430403e+05
   2.2466884e+05
   2.2504135e+05
   2.2559541e+05
   2.2604503e+05
   2.2635408e+05
   2.2661847e+05
   2.2732155e+05
   2.2769618e+05
   2.2818802e+05
   2.2856325e+05
   2.2910417e+05
   2.2959703e+05
   2.3004868e+05
   2.3042922e+05
   2.3069175e+05
   2.3100875e+05
   2.3150696e+05
   2.3186882e+05
   2.3221307e+05
   2.3266020e+05
   2.3314365e+05
   2.3347876e+05
   2.3384301e+05
   2.3425074e+05
   2.3468809e+05
   2.3533710e+05
   2.3588039e+05
   2.3647430e+05
   2.3694830e+05
   2.3747576e+05
   2.3783152e+05
   2.3822050e+05
   2.3909153e+05
   2.3937734e+05
   2.3993903e+05
   2.8087136e+05
   2.8147501e+05
   2.8282823e+05
   2.8322884e+05
   2.8389300e+05
   2.8435215e+05
   2.8503080e+05
   2.8719952e+05
   2.8758878e+05
   2.8803082e+05
   2.8839398e+05
   2.8887243e+05
   2.8931129e+05
   2.8962957e+05
   2.9005494e+05
   2.9038970e+05
   2.9077474e+05
   2.9114086e+05
   2.9147884e+05
   2.9223433e+05
   2.9260309e+05
   2.9299474e+05
   2.9342921e+05
   2.9375537e+05
   2.9398793e+05
   2.9436764e+05
   2.9470793e+05
   2.9501875e+05
   2.9536830e+05
   2.9574084e+05
   2.9608187e+05
   2.9645759e+05
   2.9714930e+05
   2.9749720e+05
   2.9798591e+05
   2.9837608e+05
   2.9886163e+05
   2.9919911e+05
   2.9973670e+05
   3.4013754e+05
   3.4082911e+05
   3.4132567e+05
   3.4188281e+05
   3.4231245e+05
   3.4269890e+05
   3.4306962e+05
   3.4349182e+05
   3.4389946e+05
   3.4422353e+05
   3.4458567e+05
   3.4490605e+05
   3.4532755e+05
   3.4593471e+05
   3.4626006e+05
   3.4663947e+05
   3.4696636e+05
   3.4724417e+05
   3.4770499e+05
   3.4822027e+05
   3.4868628e+05
   3.4917821e+05
   3.4952899e+05
   3.4986749e+05
   3.5014539e+05
   3.5045774e+05
   3.5080787e+05
   3.5125499e+05
   3.5163327e+05
   3.5207090e+05
   3.5246447e+05
   3.5312654e+05
   3.5340071e+05
   3.5370405e+05
   3.5423293e+05
   3.5461157e+05
   3.5534219e+05
   3.5587383e+05
   3.5624615e+05
   3.5689364e+05
   3.5721899e+05
   3.5759210e+05
   3.5787611e+05
   3.5820063e+05
   3.5860126e+05
   3.5890141e+05
   3.5938976e+05
   3.5981642e+05
   4.0026085e+05
   4.0050397e+05
   4.0080581e+05
   4.0123222e+05
   4.0158764e+05
   4.0209306e+05
   4.0250734e+05
   4.0275754e+05
   4.0301918e+05
   4.0363122e+05
   4.0399560e+05
   4.0431522e+05
   4.0463763e+05
   4.0503046e+05
   4.0533378e+05
   4.0566417e+05
   4.0602236e+05
   4.0631140e+05
   4.0659636e+05
   4.0717151e+05
   4.0761086e+05
   4.0806570e+05
   4.0838905e+05
   4.0871010e+05
   4.0903779e+05
   4.0942261e+05
   4.1003576e+05
   4.1052058e+05
   4.1077588e+05
   4.1122435e+05
   4.1166259e+05
   4.1207769e+05
   4.1239694e+05
   4.1311430e+05
   4.1411361e+05
   4.1438357e+05
   4.1467913e+05
   4.1500362e+05
   4.1531627e+05
   4.1565763e+05
   4.1591118e+05
   4.1632327e+05
   4.1673038e+05
   4.1715216e+05
   4.1745454e+05
   4.1792784e+05
   4.1825544e+05
   4.1854107e+05
   4.1882917e+05
   4.1923548e+05
   4.1979545e+05
   4.6016202e+05
   4.6050485e+05
   4.6078691e+05
   4.6110998e+05
   4.6136470e+05
   4.6166967e+05
   4.6206109e+05
   4.6234341e+05
   4.6268346e+05
   4.6310436e+05
   4.6366672e+05
   4.6398821e+05
   4.6433008e+05
   4.6458816e+05
   4.6497575e+05
   4.6538334e+05
   4.6573760e+05
   4.6599817e+05
   4.6642152e+05
   4.6677397e+05
   4.6729717e+05
   4.6761495e+05
   4.6793192e+05
   4.6832769e+05
   4.6857359e+05
   4.6883670e+05
   4.6932062e+05
   4.6966906e+05
   4.7010506e+05
   4.7050525e+05
   4.7098264e+05
   4.7123370e+05
   4.7161687e+05
   4.7205557e+05
   4.7267524e+05
   4.7303100e+05
   4.7335458e+05
   4.7366326e+05
   4.7391971e+05
   4.7421378e+05
   4.7471019e+05
   4.7507560e+05
   4.7550674e+05
   4.7598083e+05
   4.7640343e+05
   4.7771008e+05
   4.7800301e+05
   4.7852272e+05
   4.7900453e+05
   4.7932453e+05
   4.7965956e+05
   5.2014248e+05
   5.2046093e+05
   5.2093869e+05
   5.2121051e+05
   5.2149062e+05
   5.2174768e+05
   5.2201567e+05
   5.2232975e+05
   5.2275120e+05
   5.2309185e+05
   5.2343571e+05
   5.2384716e+05
   5.2414477e+05
   5.2448006e+05
   5.2475112e+05
   5.2517903e+05
   5.2558806e+05
   5.2598383e+05
   5.2639519e+05
   5.2664939e+05
   5.2692605e+05
   5.2723059e+05
   5.2779687e+05
   5.2807013e+05
   5.2868194e+05
   5.2901793e+05
   5.2931932e+05
   5.2969881e+05
   5.3014781e+05
   5.3058898e+05
   5.3105142e+05
   5.3136681e+05
   5.3210933e+05
   5.3247973e+05
   5.3293102e+05
   5.3316943e+05
   5.3353424e+05
   5.3399193e+05
   5.3424077e+05
   5.3480335e+05
   5.3515693e+05
   5.3553246e+05
   5.3578748e+05
   5.3606732e+05
   5.3653412e+05
   5.3689196e+05
   5.3718093e+05
   5.3752001e+05
   5.3793471e+05
   5.3848849e+05
   5.3887497e+05
   5.3923274e+05
   5.3959867e+05
   5.8010363e+05
   5.8039288e+05
   5.8074449e+05
   5.8104162e+05
   5.8140147e+05
   5.8179991e+05
   5.8225214e+05
   5.8256395e+05
   5.8294432e+05
   5.8321515e+05
   5.8354344e+05
   5.8383800e+05
   5.8416451e+05
   5.8444932e+05
   5.8497479e+05
   5.8546298e+05
   5.8581176e+05
   5.8619480e+05
   5.8665346e+05
   5.8722955e+05
   5.8763993e+05
   5.8812407e+05
   5.8855056e+05
   5.8899870e+05
   5.8940734e+05
   5.8975287e+05
   5.9017916e+05
   5.9048222e+05
   5.9097835e+05
   5.9135456e+05
   5.9177057e+05
   5.9212324e+05
   5.9254149e+05
   5.9287345e+05
   5.9316691e+05
   5.9355713e+05
   5.9388651e+05
   5.9414274e+05
   5.9468244e+05
   5.9497845e+05
   5.9534221e+05
   5.9579550e+05
   5.9616329e+05
   5.9684957e+05
   5.9725152e+05
   5.9772080e+05
   5.9819364e+05
   5.9885524e+05
   5.9915836e+05
   5.9959337e+05
   5.9994422e+05
   6.0074350e+05
   6.0109452e+05
   6.0138135e+05
   6.0171107e+05
   6.0205168e+05
   6.0266571e+05
   6.0308029e+05
   6.0343356e+05
   6.0407540e+05
   6.0471493e+05
   6.0509862e+05
   6.0545611e+05
   6.0586571e+05
   6.0646467e+05
   6.0711976e+05
   6.0761551e+05
   6.0841467e+05
   6.0903893e+05
   6.0941657e+05
   6.1000993e+05
   6.1037463e+05
   6.1090717e+05
   6.1146680e+05
   6.1183409e+05
   6.1218302e+05
   6.1266475e+05
   6.1304115e+05
   6.1377219e+05
   6.1435136e+05
   6.1468463e+05
   6.1526610e+05
   6.1564801e+05
   6.1606803e+05
   6.1682992e+05
   6.1752403e+05
   6.1791030e+05
   6.1849113e+05
   6.1883460e+05
   6.1930461e+05
   6.1976851e+05
   6.2020688e+05
   6.2064407e+05
   6.2110486e+05
   6.2160300e+05
   6.2200231e+05
   6.2233805e+05
   6.2272114e+05
   6.2310953e+05
   6.2368137e+05
   6.2401558e+05
   6.2469680e+05
   6.2534184e+05
   6.2578414e+05
   6.2631417e+05
   6.2674254e+05
   6.2704594e+05
   6.2751694e+05
   6.2786220e+05
   6.2849161e+05
   6.2880006e+05
   6.2930253e+05
   6.2989438e+05
   6.3047318e+05
   6.3082636e+05
   6.3131375e+05
   6.3162261e+05
   6.3201674e+05
   6.3234860e+05
   6.3283064e+05
   6.3315519e+05
   6.3359993e+05
   6.3397277e+05
   6.3460659e+05
   6.3494531e+05
   6.3539997e+05
   6.3592858e+05
   6.3643374e+05
   6.3681560e+05
   6.3757844e+05
   6.3805953e+05
   6.3841024e+05
   6.3873129e+05
   6.3910273e+05
   6.3945642e+05
   6.3978136e+05
   6.4021818e+05
   6.4090700e+05
   6.4278869e+05
   6.4320496e+05
   6.4380336e+05
   6.4421774e+05
   6.4497175e+05
   6.4546560e+05
   6.4602388e+05
   6.4663579e+05
   6.4719412e+05
   6.4759357e+05
   6.4791454e+05
   6.4856673e+05
   6.4900541e+05
   6.4938359e+05
   6.4984284e+05
   6.5046397e+05
   6.5094150e+05
   6.5171582e+05
   6.5226612e+05
   6.5298854e+05
   6.5349747e+05
   6.5385562e+05
   6.5452965e+05
   6.5544069e+05
   6.5581188e+05
   6.5622542e+05
   6.5661541e+05
   6.5710771e+05
   6.5753653e+05
   6.5805302e+05
   6.5858659e+05
   6.5915573e+05
   6.6018681e+05
   6.6078012e+05
   6.6121253e+05
   6.6166553e+05
   6.6291943e+05
   6.6327383e+05
   6.6372174e+05
   6.6422380e+05
   6.6454749e+05
   6.6501195e+05
   6.6537835e+05
   6.6564570e+05
   6.6620770e+05
   6.6658168e+05
   6.6692601e+05
   6.6776179e+05
   6.6845941e+05
   6.6892506e+05
   6.6942637e+05
   6.6978957e+05
   6.7055599e+05
   6.7116468e+05
   6.7178723e+05
   6.7219728e+05
   6.7275975e+05
   6.7306992e+05
   6.7344698e+05
   6.7393401e+05
   6.7437416e+05
   6.7491406e+05
   6.7669493e+05
   6.7711920e+05
   6.7757935e+05
   6.7792048e+05
   6.7827465e+05
   6.7874660e+05
   6.7915492e+05
   6.7949148e+05
   6.7995953e+05
   6.8046339e+05
   6.8094179e+05
   6.8131304e+05
   6.8161554e+05
   6.8273561e+05
   6.8315381e+05
   6.8353260e+05
   6.8396892e+05
   6.8456354e+05
   6.8518633e+05
   6.8570289e+05
   6.8602222e+05
   6.8635426e+05
   6.8673408e+05
   6.8717237e+05
   6.8811002e+05
   6.8851116e+05
   6.8886519e+05
   6.8957207e+05
   6.9014939e+05
   6.9074882e+05
   6.9107072e+05
   6.9163801e+05
   6.9226092e+05
   6.9262757e+05
   6.9295791e+05
   6.9364377e+05
   6.9408421e+05
   6.9459910e+05
   6.9509376e+05
   6.9553305e+05
   6.9607773e+05
   6.9642007e+05
   6.9703653e+05
   6.9742188e+05
   6.9775226e+05
   6.9846725e+05
   6.9875375e+05
   6.9917725e+05
   6.9949163e+05
   6.9995605e+05
   7.0029439e+05
   7.0098992e+05
   7.0134189e+05
   7.0200792e+05
   7.0243380e+05
   7.0294978e+05
   7.0345223e+05
   7.0381105e+05
   7.0410794e+05
   7.0459023e+05
   7.0497031e+05
   7.0538858e+05
   7.0570731e+05
   7.0676485e+05
   7.0722959e+05
   7.0763093e+05
   7.0823458e+05
   7.0883755e+05
   7.0923689e+05
   7.0964349e+05
   7.1010171e+05
   7.1057521e+05
   7.1089443e+05
   7.1131225e+05
   7.1241380e+05
   7.1321349e+05
   7.1375133e+05
   7.1414041e+05
   7.1468143e+05
   7.1526695e+05
   7.1576029e+05
   7.1605543e+05
   7.1656289e+05
   7.1702048e+05
   7.1778259e+05
   7.1816389e+05
   7.1852666e+05
   7.1912869e+05
   7.1962899e+05
   7.2033940e+05
   7.2091361e+05
   7.2136224e+05
   7.2207399e+05
   7.2286835e+05
   7.2367751e+05
   7.2429360e+05
   7.2494126e+05
   7.2542326e+05
   7.2607953e+05
   7.2696809e+05
   7.2780182e+05
   7.2866479e+05
   7.2924323e+05
   7.2999666e+05
   7.3093157e+05
   7.3159374e+05
   7.3224073e+05
   7.3336667e+05
   7.3419311e+05
   7.3513282e+05
   7.3589094e+05
   7.3661537e+05
   7.3710000e+05
   7.3750505e+05
   7.3813474e+05
   7.3851522e+05
   7.4087005e+05
   7.4166528e+05
   7.4249678e+05
   7.4296922e+05
   7.4409127e+05
   7.4464793e+05
   7.4510982e+05
   7.4576371e+05
   7.4628737e+05
   7.4693214e+05
   7.4759123e+05
   7.4837694e+05
   7.4876552e+05
   7.4934022e+05
   7.4987823e+05
   7.5040917e+05
   7.5106875e+05
   7.5185050e+05
   7.5244549e+05
   7.5298949e+05
   7.5352825e+05
   7.5395236e+05
   7.5462501e+05
   7.5534030e+05
   7.5623688e+05
   7.5687321e+05
   7.5757779e+05
   7.5842642e+05
   7.6049416e+05
   7.6095543e+05
   7.6136503e+05
   7.6165864e+05
   7.6243796e+05
   7.6270017e+05
   7.6303580e+05
   7.6339855e+05
   7.6382647e+05
   7.6416305e+05
   7.6462390e+05
   7.6498575e+05
   7.6541640e+05
   7.6589991e+05
   7.6617960e+05
   7.6659122e+05
   7.6753506e+05
   7.6805358e+05
   7.6851825e+05
   7.6888446e+05
   7.6930017e+05
   7.7004220e+05
   7.7073698e+05
   7.7111739e+05
   7.7184636e+05
   7.7238696e+05
   7.7353499e+05
   7.7385685e+05
   7.7483364e+05
   7.7658197e+05
   7.7743989e+05
   7.7793335e+05
   7.7835178e+05
   7.7901445e+05
   7.7986180e+05
   8.2028743e+05
   8.2065209e+05
   8.2127121e+05
   8.2177715e+05
   8.2219662e+05
   8.2248536e+05
   8.2284481e+05
   8.2346810e+05
   8.2419856e+05
   8.2462580e+05
   8.2496148e+05
   8.2525266e+05
   8.2573874e+05
   8.2607094e+05
   8.2641993e+05
   8.2680099e+05
   8.2727614e+05
   8.2774866e+05
   8.2809777e+05
   8.2861012e+05
   8.2909144e+05
   8.2944382e+05
   8.2992524e+05
   8.3037676e+05
   8.3123363e+05
   8.3178119e+05
   8.3259731e+05
   8.3322072e+05
   8.3363098e+05
   8.3397141e+05
   8.3450940e+05
   8.3513906e+05
   8.3559912e+05
   8.3605577e+05
   8.3659504e+05
   8.3711471e+05
   8.3752815e+05
   8.3810184e+05
   8.3893775e+05
   8.3936960e+05
   8.3985191e+05
   8.8049846e+05
   8.8102156e+05
   8.8133731e+05
   8.8161443e+05
   8.8205043e+05
   8.8239213e+05
   8.8287963e+05
   8.8311982e+05
   8.8387250e+05
   8.8428705e+05
   8.8474345e+05
   8.8522704e+05
   8.8558618e+05
   8.8622497e+05
   8.8655826e+05
   8.8685307e+05
   8.8752488e+05
   8.8796798e+05
   8.8831094e+05
   8.8874291e+05
   8.8916738e+05
   8.9271865e+05
   8.9318778e+05
   8.9354285e+05
   8.9472975e+05
   8.9501570e+05
   8.9538130e+05
   8.9606862e+05
   8.9656922e+05
   8.9704042e+05
   8.9759800e+05
   8.9824271e+05
   8.9876103e+05
   8.9928820e+05
   8.9969250e+05
   9.4035476e+05
   9.4091539e+05
   9.4126129e+05
   9.4172100e+05
   9.4221884e+05
   9.4252417e+05
   9.4290949e+05
   9.4320775e+05
   9.4357486e+05
   9.4399314e+05
   9.4444545e+05
   9.4484378e+05
   9.4536084e+05
   9.4581092e+05
   9.4643470e+05
   9.4680459e+05
   9.4744487e+05
   9.4800625e+05
   9.4843314e+05
   9.4886078e+05
   9.4925910e+05
   9.4986614e+05
   9.5031499e+05
   9.5097414e+05
   9.5137002e+05
   9.5183558e+05
   9.5250020e+05
   9.5289209e+05
   9.5357770e+05
   9.5391986e+05
   9.5436759e+05
   9.5490328e+05
   9.5557087e+05
   9.5643589e+05
   9.5681464e+05
   9.5729463e+05
   9.5769414e+05
   9.5802423e+05
   9.5884475e+05
   9.5932678e+05
   9.5972037e+05
   1.0003496e+06
   1.0006958e+06
   1.0011633e+06
   1.0014234e+06
   1.0019123e+06
   1.0023077e+06
   1.0026094e+06
   1.0030217e+06
   1.0032926e+06
   1.0036301e+06
   1.0041046e+06
   1.0044731e+06
   1.0049773e+06
   1.0053974e+06
   1.0057356e+06
   1.0060305e+06
   1.0063334e+06
   1.0066994e+06
   1.0074586e+06
   1.0077901e+06
   1.0081402e+06
   1.0085533e+06
   1.0089976e+06
   1.0095001e+06
   1.0100432e+06
   1.0104659e+06
   1.0108709e+06
   1.0118067e+06
   1.0123155e+06
   1.0136841e+06
   1.0144754e+06
   1.0149646e+06
   1.0156538e+06
   1.0162160e+06
   1.0168164e+06
   1.0173752e+06
   1.0179184e+06
   1.0182510e+06
   1.0186874e+06
   1.0190699e+06
   1.0197273e+06
   1.0603325e+06
   1.0607382e+06
   1.0612044e+06
   1.0615727e+06
   1.0618600e+06
   1.0623098e+06
   1.0627581e+06
   1.0633787e+06
   1.0637446e+06
   1.0641205e+06
   1.0643784e+06
   1.0647049e+06
   1.0650666e+06
   1.0654674e+06
   1.0658605e+06
   1.0663010e+06
   1.0666624e+06
   1.0677343e+06
   1.0682533e+06
   1.0687797e+06
   1.0692841e+06
   1.0703076e+06
   1.0710065e+06
   1.0719666e+06
   1.0724136e+06
   1.0730739e+06
   1.0733667e+06
   1.0737446e+06
   1.0747181e+06
   1.0751161e+06
   1.0754754e+06
   1.0761184e+06
   1.0766100e+06
   1.0770565e+06
   1.0778745e+06
   1.0787785e+06
   1.0793938e+06
   1.0798909e+06
   1.1203237e+06
   1.1207200e+06
   1.1210200e+06
   1.1213862e+06
   1.1217705e+06
   1.1222215e+06
   1.1225517e+06
   1.1231081e+06
   1.1234447e+06
   1.1237255e+06
   1.1241348e+06
   1.1244959e+06
   1.1247673e+06
   1.1252281e+06
   1.1256029e+06
   1.1259888e+06
   1.1264022e+06
   1.1268189e+06
   1.1275789e+06
   1.1282525e+06
   1.1318762e+06
   1.1329448e+06
   1.1335832e+06
   1.1354476e+06
   1.1359730e+06
   1.1364721e+06
   1.1374499e+06
   1.1384443e+06
   1.1390971e+06
   1.1398876e+06
   1.1803220e+06
   1.1806968e+06
   1.1811404e+06
   1.1816164e+06
   1.1820274e+06
   1.1826110e+06
   1.1831605e+06
   1.1837016e+06
   1.1840769e+06
   1.1844482e+06
   1.1850025e+06
   1.1852865e+06
   1.1856372e+06
   1.1862872e+06
   1.1866103e+06
   1.1868831e+06
   1.1876326e+06
   1.1882188e+06
   1.1890325e+06
   1.1894596e+06
   1.1905928e+06
   1.1912187e+06
   1.1921856e+06
   1.1926244e+06
   1.1931687e+06
   1.1938284e+06
   1.1944943e+06
   1.1948363e+06
   1.1952467e+06
   1.1957013e+06
   1.1962068e+06
   1.1967774e+06
   1.1972443e+06
   1.1978330e+06
   1.1986666e+06
   1.1991669e+06
   1.1996495e+06
   1.2405770e+06
   1.2408755e+06
   1.2412217e+06
   1.2415608e+06
   1.2419776e+06
   1.2423376e+06
   1.2428173e+06
   1.2431520e+06
   1.2437755e+06
   1.2450515e+06
   1.2454348e+06
   1.2457334e+06
   1.2461583e+06
   1.2466374e+06
   1.2476006e+06
   1.2481165e+06
   1.2486649e+06
   1.2490391e+06
   1.2496373e+06
   1.2500983e+06
   1.2505696e+06
   1.2511811e+06
   1.2517859e+06
   1.2522576e+06
   1.2528020e+06
   1.2536104e+06
   1.2550495e+06
   1.2556272e+06
   1.2565527e+06
   1.2570301e+06
   1.2575566e+06
   1.2583376e+06
   1.2591481e+06
   1.2597858e+06
   1.3005057e+06
   1.3007939e+06
   1.3013156e+06
   1.3019315e+06
   1.3025141e+06
   1.3028063e+06
   1.3031648e+06
   1.3036222e+06
   1.3041874e+06
   1.3047774e+06
   1.3051228e+06
   1.3055717e+06
   1.3059480e+06
   1.3064003e+06
   1.3068290e+06
   1.3076913e+06
   1.3083447e+06
   1.3088719e+06
   1.3094420e+06
   1.3100990e+06
   1.3104943e+06
   1.3111770e+06
   1.3121340e+06
   1.3126617e+06
   1.3133570e+06
   1.3146488e+06
   1.3151317e+06
   1.3158420e+06
   1.3166383e+06
   1.3171500e+06
   1.3175574e+06
   1.3183281e+06
   1.3187835e+06
   1.3192226e+06
   1.3198614e+06
   1.3603442e+06
   1.3607570e+06
   1.3610234e+06
   1.3614087e+06
   1.3618373e+06
   1.3621755e+06
   1.3629373e+06
   1.3632846e+06
   1.3637685e+06
   1.3644032e+06
   1.3649556e+06
   1.3654755e+06
   1.3658397e+06
   1.3661881e+06
   1.3666694e+06
   1.3674113e+06
   1.3677759e+06
   1.3682587e+06
   1.3690448e+06
   1.3696301e+06
   1.3700157e+06
   1.3705499e+06
   1.3712705e+06
   1.3717911e+06
   1.3723320e+06
   1.3729137e+06
   1.3733696e+06
   1.3738782e+06
   1.3746746e+06
   1.3756192e+06
   1.3761134e+06
   1.3766096e+06
   1.3771557e+06
   1.3777232e+06
   1.3780647e+06
   1.3787069e+06
   1.3793517e+06
   1.3797631e+06
   1.4205704e+06
   1.4209283e+06
   1.4217400e+06
   1.4220929e+06
   1.4225911e+06
   1.4230834e+06
   1.4233458e+06
   1.4237505e+06
   1.4243619e+06
   1.4247137e+06
   1.4251073e+06
   1.4255948e+06
   1.4259549e+06
   1.4265288e+06
   1.4269530e+06
   1.4277664e+06
   1.4285023e+06
   1.4293099e+06
   1.4298004e+06
   1.4307767e+06
   1.4313020e+06
   1.4316348e+06
   1.4321292e+06
   1.4327383e+06
   1.4334280e+06
   1.4349832e+06
   1.4356011e+06
   1.4360489e+06
   1.4364679e+06
   1.4372549e+06
   1.4376487e+06
   1.4387199e+06
   1.4393202e+06
   1.4804169e+06
   1.4810079e+06
   1.4815166e+06
   1.4819267e+06
   1.4822270e+06
   1.4827164e+06
   1.4830472e+06
   1.4834737e+06
   1.4840447e+06
   1.4847270e+06
   1.4850272e+06
   1.4855977e+06
   1.4859123e+06
   1.4863556e+06
   1.4875257e+06
   1.4880124e+06
   1.4885510e+06
   1.4891705e+06
   1.4899222e+06
   1.4913751e+06
   1.4919107e+06
   1.4923638e+06
   1.4932657e+06
   1.4936752e+06
   1.4946025e+06
   1.4954997e+06
   1.4958992e+06
   1.4962129e+06
   1.4966764e+06
   1.4969923e+06
   1.4979765e+06
   1.4984562e+06
   1.4988991e+06
   1.5403982e+06
   1.5411389e+06
   1.5414822e+06
   1.5418981e+06
   1.5425543e+06
   1.5429010e+06
   1.5433435e+06
   1.5438351e+06
   1.5442649e+06
   1.5447573e+06
   1.5451955e+06
   1.5456104e+06
   1.5459747e+06
   1.5464097e+06
   1.5467765e+06
   1.5474684e+06
   1.5479937e+06
   1.5486689e+06
   1.5492361e+06
   1.5497074e+06
   1.5500808e+06
   1.5505593e+06
   1.5509785e+06
   1.5516824e+06
   1.5520504e+06
   1.5535051e+06
   1.5539290e+06
   1.5544152e+06
   1.5554066e+06
   1.5564545e+06
   1.5573684e+06
   1.5586772e+06
   1.6003229e+06
   1.6008342e+06
   1.6013667e+06
   1.6018921e+06
   1.6023594e+06
   1.6035805e+06
   1.6039255e+06
   1.6043446e+06
   1.6046721e+06
   1.6055074e+06
   1.6059042e+06
   1.6063558e+06
   1.6068561e+06
   1.6076496e+06
   1.6080605e+06
   1.6084403e+06
   1.6088427e+06
   1.6094315e+06
   1.6099156e+06
   1.6104941e+06
   1.6108836e+06
   1.6114746e+06
   1.6119944e+06
   1.6123213e+06
   1.6132832e+06
   1.6145808e+06
   1.6150952e+06
   1.6156829e+06
   1.6178361e+06
   1.6182734e+06
   1.6188433e+06
   1.6193836e+06
   1.6199905e+06
   1.6605657e+06
   1.6611951e+06
   1.6620948e+06
   1.6625022e+06
   1.6630790e+06
   1.6635598e+06
   1.6643838e+06
   1.6650845e+06
   1.6656506e+06
   1.6662374e+06
   1.6673279e+06
   1.6678750e+06
   1.6685746e+06
   1.6695265e+06
   1.6700895e+06
   1.6743685e+06
   1.6751200e+06
   1.6760077e+06
   1.6764677e+06
   1.6770536e+06
   1.6777248e+06
   1.6784039e+06
   1.6788178e+06
   1.6794277e+06
   1.6799806e+06
   1.7204981e+06
   1.7212250e+06
   1.7218467e+06
   1.7236031e+06
   1.7249546e+06
   1.7254683e+06
   1.7261803e+06
   1.7268252e+06
   1.7275456e+06
   1.7280589e+06
   1.7286613e+06
   1.7293597e+06
   1.7296937e+06
   1.7300717e+06
   1.7307135e+06
   1.7310955e+06
   1.7317979e+06
   1.7323936e+06
   1.7327704e+06
   1.7336566e+06
   1.7344367e+06
   1.7348511e+06
   1.7354600e+06
   1.7357683e+06
   1.7362280e+06
   1.7365950e+06
   1.7369860e+06
   1.7379650e+06
   1.7389894e+06
   1.7398376e+06
   1.7803555e+06
   1.7807271e+06
   1.7812881e+06
   1.7816600e+06
   1.7821869e+06
   1.7825956e+06
   1.7832884e+06
   1.7837634e+06
   1.7843145e+06
   1.7847598e+06
   1.7852590e+06
   1.7860713e+06
   1.7865573e+06
   1.7873796e+06
   1.7879517e+06
   1.7882773e+06
   1.7887297e+06
   1.7893261e+06
   1.7900905e+06
   1.7908519e+06
   1.7912904e+06
   1.7916982e+06
   1.7921493e+06
   1.7929513e+06
   1.7933534e+06
   1.7939752e+06
   1.7944261e+06
   1.7950946e+06
   1.7957528e+06
   1.7962520e+06
   1.7968770e+06
   1.7975515e+06
   1.7979510e+06
   1.7999383e+06
   1.8402924e+06
   1.8409686e+06
   1.8413074e+06
   1.8417740e+06
   1.8422724e+06
   1.8427384e+06
   1.8431578e+06
   1.8437200e+06
   1.8442957e+06
   1.8452025e+06
   1.8462197e+06
   1.8466275e+06
   1.8469945e+06
   1.8477901e+06
   1.8483612e+06
   1.8490493e+06
   1.8503053e+06
   1.8509488e+06
   1.8513949e+06
   1.8521768e+06
   1.8525419e+06
   1.8537601e+06
   1.8545919e+06
   1.8551376e+06
   1.8555800e+06
   1.8577957e+06
   1.8582829e+06
   1.8590226e+06
   1.8596540e+06
   1.9007212e+06
   1.9013793e+06
   1.9020164e+06
   1.9024388e+06
   1.9030249e+06
   1.9034202e+06
   1.9037959e+06
   1.9042161e+06
   1.9045770e+06
   1.9049799e+06
   1.9061110e+06
   1.9066668e+06
   1.9072584e+06
   1.9077963e+06
   1.9083552e+06
   1.9088350e+06
   1.9101364e+06
   1.9111985e+06
   1.9117631e+06
   1.9123708e+06
   1.9129011e+06
   1.9134750e+06
   1.9139286e+06
   1.9146515e+06
   1.9152897e+06
   1.9158287e+06
   1.9163035e+06
   1.9169416e+06
   1.9175563e+06
   1.9179123e+06
   1.9184496e+06
   1.9189155e+06
   1.9194126e+06
   1.9199079e+06
   6.0802281e+04
   6.1339901e+04
   6.1653958e+04
   6.2796369e+04
   6.3142937e+04
   6.3539856e+04
   6.4022102e+04
   6.4401933e+04
   6.4718464e+04
   6.5360186e+04
   6.5716861e+04
   6.6029248e+04
   6.6597046e+04
   6.7325803e+04
   6.7755053e+04
   6.8710061e+04
   6.9122424e+04
   7.0108628e+04
   7.0566382e+04
   7.1035330e+04
   7.1481450e+04
   7.1942311e+04
   7.2366198e+04
   7.3038097e+04
   7.3600958e+04
   7.3875624e+04
   7.4262804e+04
   7.4812893e+04
   7.5329097e+04
   7.5829971e+04
   7.6390280e+04
   7.6891205e+04
   7.7813736e+04
   7.8313943e+04
   7.8644680e+04
   7.9165304e+04
   7.9597553e+04
   8.0004722e+04
   8.0354241e+04
   8.0658224e+04
   8.1108658e+04
   8.1451175e+04
   8.1755142e+04
   8.2128349e+04
   8.2562012e+04
   8.3561772e+04
   8.4119693e+04
   8.4447668e+04
   8.5239784e+04
   8.5727771e+04
   8.6220614e+04
   8.6544811e+04
   8.6884603e+04
   8.7416245e+04
   8.7701883e+04
   8.8152256e+04
   8.8724297e+04
   8.9120210e+04
   8.9750262e+04
   9.0414636e+04
   9.0721842e+04
   9.1312956e+04
   9.1628834e+04
   9.1911500e+04
   9.2543776e+04
   9.3155994e+04
   9.3564604e+04
   9.4119629e+04
   9.4400670e+04
   9.5704568e+04
   9.6109718e+04
   9.6450960e+04
   9.6935172e+04
   9.7313650e+04
   9.7803739e+04
   9.8240322e+04
   9.8581686e+04
   9.9054466e+04
   9.9467113e+04
   9.9809611e+04
   1.2038965e+05
   1.2076459e+05
   1.2132707e+05
   1.2165208e+05
   1.2204714e+05
   1.2267306e+05
   1.2309764e+05
   1.2343743e+05
   1.2390205e+05
   1.2464246e+05
   1.2531832e+05
   1.2576543e+05
   1.2614881e+05
   1.2662358e+05
   1.2699365e+05
   1.2754309e+05
   1.2867856e+05
   1.2901445e+05
   1.2939984e+05
   1.2974561e+05
   1.3025226e+05
   1.3098174e+05
   1.3136719e+05
   1.3215434e+05
   1.3297547e+05
   1.3339833e+05
   1.3376868e+05
   1.3414311e+05
   1.3465922e+05
   1.3508531e+05
   1.3552391e+05
   1.3602717e+05
   1.3676789e+05
   1.3716399e+05
   1.3775175e+05
   1.3829069e+05
   1.3876060e+05
   1.3937620e+05
   1.3977897e+05
   1.4020916e+05
   1.4070287e+05
   1.4106917e+05
   1.4196443e+05
   1.4245943e+05
   1.4296960e+05
   1.4330170e+05
   1.4428674e+05
   1.4493649e+05
   1.4542430e+05
   1.4579698e+05
   1.4627203e+05
   1.4667983e+05
   1.4721619e+05
   1.4792832e+05
   1.4847647e+05
   1.4906483e+05
   1.4944653e+05
   1.5006280e+05
   1.5053799e+05
   1.5094977e+05
   1.5173147e+05
   1.5215427e+05
   1.5281250e+05
   1.5332506e+05
   1.5389826e+05
   1.5432838e+05
   1.5495407e+05
   1.5542264e+05
   1.5603096e+05
   1.5658425e+05
   1.5706496e+05
   1.5739727e+05
   1.5786927e+05
   1.5834846e+05
   1.5872374e+05
   1.5932531e+05
   1.5993061e+05
   1.8044971e+05
   1.8099081e+05
   1.8165755e+05
   1.8215207e+05
   1.8280888e+05
   1.8320550e+05
   1.8360468e+05
   1.8399308e+05
   1.8433728e+05
   1.8464110e+05
   1.8534839e+05
   1.8602085e+05
   1.8650497e+05
   1.8721041e+05
   1.8755333e+05
   1.8792664e+05
   1.8840717e+05
   1.8889559e+05
   1.8922651e+05
   1.8977466e+05
   1.9025636e+05
   1.9068834e+05
   1.9110108e+05
   1.9167658e+05
   1.9207454e+05
   1.9253608e+05
   1.9307160e+05
   1.9423128e+05
   1.9464715e+05
   1.9507759e+05
   1.9542932e+05
   1.9598342e+05
   1.9662382e+05
   1.9702744e+05
   1.9771955e+05
   1.9813345e+05
   1.9854706e+05
   1.9902257e+05
   1.9940117e+05
   2.0020906e+05
   2.0082690e+05
   2.0141071e+05
   2.0182656e+05
   2.0222683e+05
   2.0258844e+05
   2.0286744e+05
   2.0360473e+05
   2.0403092e+05
   2.0451220e+05
   2.0492068e+05
   2.0532813e+05
   2.0571494e+05
   2.0624408e+05
   2.0672003e+05
   2.0720129e+05
   2.0773339e+05
   2.0824692e+05
   2.0861130e+05
   2.0893101e+05
   2.0934426e+05
   2.0968341e+05
   2.1030448e+05
   2.1112602e+05
   2.1169094e+05
   2.1216336e+05
   2.1244592e+05
   2.1302348e+05
   2.1362510e+05
   2.1397787e+05
   2.1431069e+05
   2.1463499e+05
   2.1517841e+05
   2.1561832e+05
   2.1608661e+05
   2.1651227e+05
   2.1694965e+05
   2.1739930e+05
   2.4036372e+05
   2.4079908e+05
   2.4114913e+05
   2.4149413e+05
   2.4182057e+05
   2.4223270e+05
   2.4284299e+05
   2.4328179e+05
   2.4374862e+05
   2.4424535e+05
   2.4485287e+05
   2.4517544e+05
   2.4587199e+05
   2.4634361e+05
   2.4681292e+05
   2.4725468e+05
   2.4765672e+05
   2.4800958e+05
   2.4846909e+05
   2.4927684e+05
   2.4960707e+05
   2.5047077e+05
   2.5080695e+05
   2.5121369e+05
   2.5171814e+05
   2.5218813e+05
   2.5260172e+05
   2.5297632e+05
   2.5339759e+05
   2.5374148e+05
   2.5441205e+05
   2.5491876e+05
   2.5537640e+05
   2.5580245e+05
   2.5623854e+05
   2.5667822e+05
   2.5720801e+05
   2.5757797e+05
   2.5801525e+05
   2.5851426e+05
   2.5899406e+05
   2.5950821e+05
   2.5978641e+05
   2.6040497e+05
   2.6075488e+05
   2.6115452e+05
   2.6146453e+05
   2.6180202e+05
   2.6226584e+05
   2.6280281e+05
   2.6356437e+05
   2.6420393e+05
   2.6456924e+05
   2.6505183e+05
   2.6554055e+05
   2.6592695e+05
   2.6658563e+05
   2.6710258e+05
   2.6757673e+05
   2.6799346e+05
   2.6837370e+05
   2.6880793e+05
   2.6926489e+05
   2.6958992e+05
   2.7001798e+05
   2.7066482e+05
   2.7110159e+05
   2.7161042e+05
   2.7223999e+05
   2.7272476e+05
   2.7302261e+05
   2.7346147e+05
   2.7392867e+05
   2.7449761e+05
   2.7499468e+05
   2.7549507e+05
   2.7618718e+05
   2.7658807e+05
   2.7685146e+05
   2.7747617e+05
   2.7799983e+05
   2.7889662e+05
   2.7922612e+05
   2.7982804e+05
   3.0048581e+05
   3.0086451e+05
   3.0179228e+05
   3.0235820e+05
   3.0299825e+05
   3.0362639e+05
   3.0405598e+05
   3.0448422e+05
   3.0496837e+05
   3.0555928e+05
   3.0587176e+05
   3.0626131e+05
   3.0704388e+05
   3.0751178e+05
   3.0783083e+05
   3.0810707e+05
   3.0915282e+05
   3.0951624e+05
   3.1000776e+05
   3.1048428e+05
   3.1096875e+05
   3.1140437e+05
   3.1184516e+05
   3.1222512e+05
   3.1269320e+05
   3.1305970e+05
   3.1362354e+05
   3.1393770e+05
   3.1443605e+05
   3.1484098e+05
   3.1535041e+05
   3.1574659e+05
   3.1607858e+05
   3.1644062e+05
   3.1696972e+05
   3.1722864e+05
   3.1759894e+05
   3.1803652e+05
   3.1841460e+05
   3.1904257e+05
   3.1977982e+05
   3.2032295e+05
   3.2078421e+05
   3.2131942e+05
   3.2176244e+05
   3.2222246e+05
   3.2268003e+05
   3.2315183e+05
   3.2345832e+05
   3.2385774e+05
   3.2453334e+05
   3.2486913e+05
   3.2578445e+05
   3.2629460e+05
   3.2671578e+05
   3.2758105e+05
   3.2795019e+05
   3.2831330e+05
   3.2885309e+05
   3.2924506e+05
   3.2953969e+05
   3.3009999e+05
   3.3069069e+05
   3.3105199e+05
   3.3160723e+05
   3.3246103e+05
   3.3287636e+05
   3.3334976e+05
   3.3373226e+05
   3.3418926e+05
   3.3468557e+05
   3.3510419e+05
   3.3566622e+05
   3.3597819e+05
   3.3623790e+05
   3.3670773e+05
   3.3723315e+05
   3.3775083e+05
   3.3811844e+05
   3.3860486e+05
   3.3891020e+05
   3.3951263e+05
   3.6044643e+05
   3.6083327e+05
   3.6114774e+05
   3.6150845e+05
   3.6204733e+05
   3.6244892e+05
   3.6303611e+05
   3.6349533e+05
   3.6412371e+05
   3.6460145e+05
   3.6501752e+05
   3.6551199e+05
   3.6585069e+05
   3.6641276e+05
   3.6705157e+05
   3.6744015e+05
   3.6778049e+05
   3.6815075e+05
   3.6909763e+05
   3.6948251e+05
   3.6978987e+05
   3.7028803e+05
   3.7083369e+05
   3.7119832e+05
   3.7167299e+05
   3.7217304e+05
   3.7263187e+05
   3.7349893e+05
   3.7389215e+05
   3.7431017e+05
   3.7506995e+05
   3.7551252e+05
   3.7603263e+05
   3.7655450e+05
   3.7695650e+05
   3.7732561e+05
   3.7766763e+05
   3.7797719e+05
   3.7833215e+05
   3.7886263e+05
   3.7931491e+05
   3.8004471e+05
   3.8054047e+05
   3.8114510e+05
   3.8157121e+05
   3.8191039e+05
   3.8259130e+05
   3.8294846e+05
   3.8339740e+05
   3.8399215e+05
   3.8443109e+05
   3.8492464e+05
   3.8547238e+05
   3.8585475e+05
   3.8632475e+05
   3.8683514e+05
   3.8717480e+05
   3.8769684e+05
   3.8821870e+05
   3.8858095e+05
   3.8898615e+05
   3.8931603e+05
   3.8972578e+05
   3.9021690e+05
   3.9059211e+05
   3.9094778e+05
   3.9155896e+05
   3.9199374e+05
   3.9238496e+05
   3.9267131e+05
   3.9296881e+05
   3.9361305e+05
   3.9414255e+05
   3.9493074e+05
   3.9583390e+05
   3.9619180e+05
   3.9664238e+05
   3.9698952e+05
   3.9735330e+05
   3.9816253e+05
   3.9855125e+05
   3.9917626e+05
   3.9956681e+05
   3.9993323e+05
   4.2054754e+05
   4.2092185e+05
   4.2149798e+05
   4.2197955e+05
   4.2225915e+05
   4.2267062e+05
   4.2323043e+05
   4.2357773e+05
   4.2403818e+05
   4.2444160e+05
   4.2495398e+05
   4.2548466e+05
   4.2578277e+05
   4.2618557e+05
   4.2693311e+05
   4.2745568e+05
   4.2784745e+05
   4.2834748e+05
   4.2883340e+05
   4.2937416e+05
   4.2991251e+05
   4.3033206e+05
   4.3081420e+05
   4.3124082e+05
   4.3183547e+05
   4.3215231e+05
   4.3259244e+05
   4.3291667e+05
   4.3324149e+05
   4.3368359e+05
   4.3457095e+05
   4.3507614e+05
   4.3561254e+05
   4.3621046e+05
   4.3682258e+05
   4.3731378e+05
   4.3797147e+05
   4.3850735e+05
   4.3971398e+05
   4.4029457e+05
   4.4091036e+05
   4.4147572e+05
   4.4185993e+05
   4.4246409e+05
   4.4277537e+05
   4.4319322e+05
   4.4367267e+05
   4.4419469e+05
   4.4456024e+05
   4.4488723e+05
   4.4544884e+05
   4.4589639e+05
   4.4629676e+05
   4.4660365e+05
   4.4694226e+05
   4.4733427e+05
   4.4886577e+05
   4.4938966e+05
   4.4984865e+05
   4.5019469e+05
   4.5317259e+05
   4.5355989e+05
   4.5403061e+05
   4.5443989e+05
   4.5475551e+05
   4.5518308e+05
   4.5545122e+05
   4.5580794e+05
   4.5653326e+05
   4.5684198e+05
   4.5745997e+05
   4.5821917e+05
   4.5912634e+05
   4.5953094e+05
   4.5999087e+05
   4.8045171e+05
   4.8080953e+05
   4.8117745e+05
   4.8155785e+05
   4.8194357e+05
   4.8233286e+05
   4.8280168e+05
   4.8313865e+05
   4.8346199e+05
   4.8388560e+05
   4.8425401e+05
   4.8505142e+05
   4.8626175e+05
   4.8666891e+05
   4.8727653e+05
   4.8785727e+05
   4.8841767e+05
   4.8889563e+05
   4.8945933e+05
   4.8980973e+05
   4.9016297e+05
   4.9054449e+05
   4.9095076e+05
   4.9141108e+05
   4.9177936e+05
   4.9263137e+05
   4.9306213e+05
   4.9363503e+05
   4.9407478e+05
   4.9453354e+05
   4.9504496e+05
   4.9555477e+05
   4.9594832e+05
   4.9653142e+05
   4.9698415e+05
   4.9750421e+05
   4.9787962e+05
   4.9835509e+05
   4.9892538e+05
   4.9942095e+05
   4.9996364e+05
   5.0030287e+05
   5.0072657e+05
   5.0113275e+05
   5.0153122e+05
   5.0190527e+05
   5.0220032e+05
   5.0271262e+05
   5.0463739e+05
   5.0514821e+05
   5.0559475e+05
   5.0595890e+05
   5.0622537e+05
   5.0668718e+05
   5.0719241e+05
   5.0769838e+05
   5.0819520e+05
   5.0900992e+05
   5.0936993e+05
   5.0978808e+05
   5.1028534e+05
   5.1067603e+05
   5.1118404e+05
   5.1145595e+05
   5.1232286e+05
   5.1280979e+05
   5.1329018e+05
   5.1365616e+05
   5.1404617e+05
   5.1444790e+05
   5.1508202e+05
   5.1557779e+05
   5.1612813e+05
   5.1658393e+05
   5.1694813e+05
   5.1734731e+05
   5.1779315e+05
   5.1840568e+05
   5.1880298e+05
   5.1936601e+05
   5.1975128e+05
   5.4058696e+05
   5.4127281e+05
   5.4174189e+05
   5.4234430e+05
   5.4315161e+05
   5.4361118e+05
   5.4416350e+05
   5.4461045e+05
   5.4533718e+05
   5.4583121e+05
   5.4639406e+05
   5.4711394e+05
   5.4759873e+05
   5.4798596e+05
   5.4839416e+05
   5.4924742e+05
   5.4976548e+05
   5.5023109e+05
   5.5068986e+05
   5.5102529e+05
   5.5163249e+05
   5.5198924e+05
   5.5251158e+05
   5.5312706e+05
   5.5353239e+05
   5.5421447e+05
   5.5473299e+05
   5.5509468e+05
   5.5543938e+05
   5.5586060e+05
   5.5613382e+05
   5.5661343e+05
   5.5720036e+05
   5.5746524e+05
   5.5784993e+05
   5.5834911e+05
   5.5913896e+05
   5.5960164e+05
   5.5998859e+05
   5.6046932e+05
   5.6244857e+05
   5.6285613e+05
   5.6365524e+05
   5.6400373e+05
   5.6432367e+05
   5.6467516e+05
   5.6549824e+05
   5.6602278e+05
   5.6647733e+05
   5.6684976e+05
   5.6718461e+05
   5.6757685e+05
   5.6812072e+05
   5.6860691e+05
   5.6905039e+05
   5.6957440e+05
   5.7090394e+05
   5.7122013e+05
   5.7151680e+05
   5.7214123e+05
   5.7250007e+05
   5.7319352e+05
   5.7374802e+05
   5.7427386e+05
   5.7462764e+05
   5.7508368e+05
   5.7578734e+05
   5.7689856e+05
   5.7726961e+05
   5.7762576e+05
   5.7800690e+05
   5.7850556e+05
   5.7883078e+05
   5.7927174e+05
   7.8064816e+05
   7.8116044e+05
   7.8240064e+05
   7.8324834e+05
   7.8384225e+05
   7.8500081e+05
   7.8568537e+05
   7.8632637e+05
   7.8676261e+05
   7.8726889e+05
   7.8769963e+05
   7.8879435e+05
   7.8919661e+05
   7.8994205e+05
   7.9048408e+05
   7.9190758e+05
   7.9328467e+05
   7.9391650e+05
   7.9455145e+05
   7.9512106e+05
   7.9565378e+05
   7.9636119e+05
   7.9797129e+05
   8.0441368e+05
   8.0483257e+05
   8.0544734e+05
   8.0590376e+05
   8.0641457e+05
   8.0699790e+05
   8.0741005e+05
   8.0794736e+05
   8.0881330e+05
   8.0919291e+05
   8.0971837e+05
   8.1057357e+05
   8.1100222e+05
   8.1149144e+05
   8.1239872e+05
   8.1311719e+05
   8.1361567e+05
   8.1470329e+05
   8.1531084e+05
   8.1570793e+05
   8.1660401e+05
   8.1722997e+05
   8.1804851e+05
   8.1856077e+05
   8.1928549e+05
   8.4196704e+05
   8.4305872e+05
   8.4351464e+05
   8.4389415e+05
   8.4454144e+05
   8.4487171e+05
   8.4557189e+05
   8.4598584e+05
   8.4635444e+05
   8.4694325e+05
   8.4735376e+05
   8.4782543e+05
   8.4818322e+05
   8.4869711e+05
   8.4924841e+05
   8.4977516e+05
   8.5027580e+05
   8.5075553e+05
   8.5169256e+05
   8.5209866e+05
   8.5265763e+05
   8.5308858e+05
   8.5368358e+05
   8.5427619e+05
   8.5506034e+05
   8.5542513e+05
   8.5599638e+05
   8.5656749e+05
   8.5694690e+05
   8.5775212e+05
   8.5821956e+05
   8.5874277e+05
   8.5924586e+05
   8.6046401e+05
   8.6127762e+05
   8.6201728e+05
   8.6253921e+05
   8.6289002e+05
   8.6357112e+05
   8.6426645e+05
   8.6473910e+05
   8.6521972e+05
   8.6572363e+05
   8.6646827e+05
   8.6730750e+05
   8.6920214e+05
   8.6963022e+05
   8.7100197e+05
   8.7174620e+05
   8.7249715e+05
   8.7328916e+05
   8.7396310e+05
   8.7439884e+05
   8.7522402e+05
   8.7578950e+05
   8.7651472e+05
   8.7699830e+05
   8.7736564e+05
   8.7787580e+05
   8.7847824e+05
   8.7942267e+05
   8.7997627e+05
   9.0044014e+05
   9.0127547e+05
   9.0178611e+05
   9.0252336e+05
   9.0309717e+05
   9.0380060e+05
   9.0422057e+05
   9.0485105e+05
   9.1626564e+05
   9.1693453e+05
   9.1774579e+05
   9.1823199e+05
   9.1887597e+05
   9.2007148e+05
   9.2055470e+05
   9.2093145e+05
   9.2139157e+05
   9.2195121e+05
   9.2248410e+05
   9.2338632e+05
   9.2400349e+05
   9.2481814e+05
   9.2610251e+05
   9.2675105e+05
   9.2736379e+05
   9.2805766e+05
   9.2877738e+05
   9.2925137e+05
   9.3065840e+05
   9.3128117e+05
   9.3228780e+05
   9.3298066e+05
   9.3341086e+05
   9.3443350e+05
   9.3492309e+05
   9.3604821e+05
   9.3657396e+05
   9.3825758e+05
   9.3872593e+05
   9.3937615e+05
   9.6046937e+05
   9.6096096e+05
   9.6167977e+05
   9.6237468e+05
   9.6311272e+05
   9.6404182e+05
   9.6472929e+05
   9.6527291e+05
   9.6569246e+05
   9.6658183e+05
   9.6698821e+05
   9.6744074e+05
   9.6812219e+05
   9.6870765e+05
   9.6935045e+05
   9.6979339e+05
   9.7033372e+05
   9.7195452e+05
   9.7251684e+05
   9.7292891e+05
   9.7353847e+05
   9.7417197e+05
   9.7510935e+05
   9.7557962e+05
   9.7597310e+05
   9.7719755e+05
   9.7837240e+05
   9.7935876e+05
   9.7974899e+05
   9.8072228e+05
   9.8160712e+05
   9.8220204e+05
   9.8271549e+05
   9.8350251e+05
   9.8461467e+05
   9.8534281e+05
   9.8582302e+05
   9.8649383e+05
   9.8695654e+05
   9.9166149e+05
   9.9230390e+05
   9.9328712e+05
   1.0218046e+06
   1.0223729e+06
   1.0230783e+06
   1.0238812e+06
   1.0244813e+06
   1.0250663e+06
   1.0255963e+06
   1.0261200e+06
   1.0267657e+06
   1.0271159e+06
   1.0275318e+06
   1.0284792e+06
   1.0295527e+06
   1.0305303e+06
   1.0311998e+06
   1.0318927e+06
   1.0322794e+06
   1.0335498e+06
   1.0343026e+06
   1.0366912e+06
   1.0371275e+06
   1.0386136e+06
   1.0390795e+06
   1.0403406e+06
   1.0409467e+06
   1.0419960e+06
   1.0431876e+06
   1.0438989e+06
   1.0450711e+06
   1.0459404e+06
   1.0469488e+06
   1.0473978e+06
   1.0481171e+06
   1.0507060e+06
   1.0512817e+06
   1.0521627e+06
   1.0527456e+06
   1.0533012e+06
   1.0565608e+06
   1.0574979e+06
   1.0580308e+06
   1.0585755e+06
   1.0590814e+06
   1.0805644e+06
   1.0811883e+06
   1.0816495e+06
   1.0822007e+06
   1.0828025e+06
   1.0833943e+06
   1.0838549e+06
   1.0845981e+06
   1.0856039e+06
   1.0861961e+06
   1.0866430e+06
   1.0870432e+06
   1.0874220e+06
   1.0885177e+06
   1.0890984e+06
   1.0897685e+06
   1.0919509e+06
   1.0923524e+06
   1.0927970e+06
   1.0932405e+06
   1.0948072e+06
   1.0953473e+06
   1.0958891e+06
   1.0981794e+06
   1.0988799e+06
   1.0995177e+06
   1.1001840e+06
   1.1009720e+06
   1.1029327e+06
   1.1040943e+06
   1.1050779e+06
   1.1056477e+06
   1.1062256e+06
   1.1070905e+06
   1.1096921e+06
   1.1101229e+06
   1.1106728e+06
   1.1113664e+06
   1.1118326e+06
   1.1122720e+06
   1.1404316e+06
   1.1415170e+06
   1.1429406e+06
   1.1437347e+06
   1.1445588e+06
   1.1457099e+06
   1.1464969e+06
   1.1469205e+06
   1.1475483e+06
   1.1480827e+06
   1.1488946e+06
   1.1492847e+06
   1.1498130e+06
   1.1502624e+06
   1.1513632e+06
   1.1520948e+06
   1.1526855e+06
   1.1532937e+06
   1.1537248e+06
   1.1544296e+06
   1.1549215e+06
   1.1555399e+06
   1.1569383e+06
   1.1574286e+06
   1.1579696e+06
   1.1584849e+06
   1.1591233e+06
   1.1597551e+06
   1.1606935e+06
   1.1613645e+06
   1.1621084e+06
   1.1626210e+06
   1.1631983e+06
   1.1642880e+06
   1.1651431e+06
   1.1658292e+06
   1.1664342e+06
   1.1668814e+06
   1.1675175e+06
   1.1721912e+06
   1.1725863e+06
   1.1732031e+06
   1.1737138e+06
   1.1743192e+06
   1.1750330e+06
   1.1755148e+06
   1.1762578e+06
   1.1768475e+06
   1.1794980e+06
   1.1798493e+06
   1.2007449e+06
   1.2012702e+06
   1.2019578e+06
   1.2025910e+06
   1.2033182e+06
   1.2038944e+06
   1.2069461e+06
   1.2080577e+06
   1.2085818e+06
   1.2092126e+06
   1.2097634e+06
   1.2102932e+06
   1.2111463e+06
   1.2117031e+06
   1.2121727e+06
   1.2126574e+06
   1.2130255e+06
   1.2136002e+06
   1.2140130e+06
   1.2146194e+06
   1.2151341e+06
   1.2157641e+06
   1.2173183e+06
   1.2179480e+06
   1.2189323e+06
   1.2195518e+06
   1.2202421e+06
   1.2209661e+06
   1.2226924e+06
   1.2231582e+06
   1.2239172e+06
   1.2247861e+06
   1.2256665e+06
   1.2264694e+06
   1.2269098e+06
   1.2277460e+06
   1.2286889e+06
   1.2297086e+06
   1.2304581e+06
   1.2311124e+06
   1.2317895e+06
   1.2323244e+06
   1.2329489e+06
   1.2334791e+06
   1.2339155e+06
   1.2343412e+06
   1.2346886e+06
   1.2358769e+06
   1.2367986e+06
   1.2373810e+06
   1.2379961e+06
   1.2389172e+06
   1.2394966e+06
   1.2616490e+06
   1.2623887e+06
   1.2629062e+06
   1.2635559e+06
   1.2640677e+06
   1.2648531e+06
   1.2664006e+06
   1.2670789e+06
   1.2680165e+06
   1.2686543e+06
   1.2693515e+06
   1.2698271e+06
   1.2701740e+06
   1.2708291e+06
   1.2713406e+06
   1.2719479e+06
   1.2723915e+06
   1.2729299e+06
   1.2732561e+06
   1.2740467e+06
   1.2753024e+06
   1.2758196e+06
   1.2763463e+06
   1.2768340e+06
   1.2774844e+06
   1.2780840e+06
   1.2785867e+06
   1.2790268e+06
   1.2795246e+06
   1.2800316e+06
   1.2806559e+06
   1.2819282e+06
   1.2823427e+06
   1.2827143e+06
   1.2834370e+06
   1.2841484e+06
   1.2848361e+06
   1.2853468e+06
   1.2859260e+06
   1.2864397e+06
   1.2870800e+06
   1.2878354e+06
   1.2882347e+06
   1.2887856e+06
   1.2893760e+06
   1.2898977e+06
   1.2902715e+06
   1.2911227e+06
   1.2916197e+06
   1.2920420e+06
   1.2924959e+06
   1.2932081e+06
   1.2937898e+06
   1.2942344e+06
   1.2946859e+06
   1.2954130e+06
   1.2966678e+06
   1.2973405e+06
   1.2978483e+06
   1.2984489e+06
   1.2988207e+06
   1.2996455e+06
   1.3204745e+06
   1.3210139e+06
   1.3215628e+06
   1.3222688e+06
   1.3230220e+06
   1.3240712e+06
   1.3247668e+06
   1.3251771e+06
   1.3256382e+06
   1.3264041e+06
   1.3269875e+06
   1.3276737e+06
   1.3283235e+06
   1.3301184e+06
   1.3310683e+06
   1.3316838e+06
   1.3326814e+06
   1.3334569e+06
   1.3340387e+06
   1.3351205e+06
   1.3358107e+06
   1.3365642e+06
   1.3372028e+06
   1.3381166e+06
   1.3385679e+06
   1.3395335e+06
   1.3401229e+06
   1.3406936e+06
   1.3411279e+06
   1.3416939e+06
   1.3442035e+06
   1.3455856e+06
   1.3460634e+06
   1.3465762e+06
   1.3472728e+06
   1.3477259e+06
   1.3484978e+06
   1.3807255e+06
   1.3812088e+06
   1.3815923e+06
   1.3820174e+06
   1.3833210e+06
   1.3837681e+06
   1.3843357e+06
   1.3849415e+06
   1.3857932e+06
   1.3864122e+06
   1.3869639e+06
   1.3875382e+06
   1.3879551e+06
   1.3886339e+06
   1.3891154e+06
   1.3902033e+06
   1.3907936e+06
   1.3920515e+06
   1.3925835e+06
   1.3931221e+06
   1.3936074e+06
   1.3944003e+06
   1.3948512e+06
   1.3953689e+06
   1.3967522e+06
   1.3979830e+06
   1.3993946e+06
   1.4005919e+06
   1.4010469e+06
   1.4015140e+06
   1.4025122e+06
   1.4030928e+06
   1.4035254e+06
   1.4039208e+06
   1.4043353e+06
   1.4048375e+06
   1.4052157e+06
   1.4058009e+06
   1.4065078e+06
   1.4074632e+06
   1.4081603e+06
   1.4086939e+06
   1.4103349e+06
   1.4109978e+06
   1.4116299e+06
   1.4123219e+06
   1.4130076e+06
   1.4137193e+06
   1.4145094e+06
   1.4154635e+06
   1.4160125e+06
   1.4168140e+06
   1.4173232e+06
   1.4179639e+06
   1.4183485e+06
   1.4189659e+06
   1.4199500e+06
   1.4413375e+06
   1.4419125e+06
   1.4429772e+06
   1.4433739e+06
   1.4462768e+06
   1.4466508e+06
   1.4473298e+06
   1.4490069e+06
   1.4496228e+06
   1.4502166e+06
   1.4505856e+06
   1.4512094e+06
   1.4517845e+06
   1.4521500e+06
   1.4528344e+06
   1.4539237e+06
   1.4561010e+06
   1.4570734e+06
   1.4584713e+06
   1.4592122e+06
   1.4598960e+06
   1.4604157e+06
   1.4607713e+06
   1.4614008e+06
   1.4641785e+06
   1.4649225e+06
   1.4654747e+06
   1.4661042e+06
   1.4667633e+06
   1.4672847e+06
   1.4677185e+06
   1.4689381e+06
   1.4697522e+06
   1.4703112e+06
   1.4709081e+06
   1.4737948e+06
   1.4745909e+06
   1.4754686e+06
   1.4758805e+06
   1.4763710e+06
   1.4773231e+06
   1.4778551e+06
   1.4791628e+06
   1.4798395e+06
   1.5008699e+06
   1.5014059e+06
   1.5021049e+06
   1.5029850e+06
   1.5034593e+06
   1.5038929e+06
   1.5043412e+06
   1.5047447e+06
   1.5054781e+06
   1.5062325e+06
   1.5069370e+06
   1.5073746e+06
   1.5091782e+06
   1.5099293e+06
   1.5106978e+06
   1.5111088e+06
   1.5119420e+06
   1.5125254e+06
   1.5130989e+06
   1.5136541e+06
   1.5140924e+06
   1.5146656e+06
   1.5155703e+06
   1.5160617e+06
   1.5166048e+06
   1.5176327e+06
   1.5180269e+06
   1.5185563e+06
   1.5188575e+06
   1.5203402e+06
   1.5207564e+06
   1.5220355e+06
   1.5225640e+06
   1.5229968e+06
   1.5237385e+06
   1.5244971e+06
   1.5250356e+06
   1.5254316e+06
   1.5260050e+06
   1.5267880e+06
   1.5274054e+06
   1.5277521e+06
   1.5297536e+06
   1.5301090e+06
   1.5310173e+06
   1.5319155e+06
   1.5326521e+06
   1.5330448e+06
   1.5335114e+06
   1.5340098e+06
   1.5347160e+06
   1.5354338e+06
   1.5359612e+06
   1.5607823e+06
   1.5612632e+06
   1.5617085e+06
   1.5629764e+06
   1.5633458e+06
   1.5637861e+06
   1.5644617e+06
   1.5649179e+06
   1.5653865e+06
   1.5661433e+06
   1.5665576e+06
   1.5669839e+06
   1.5674275e+06
   1.5680687e+06
   1.5687591e+06
   1.5692336e+06
   1.5699189e+06
   1.5713318e+06
   1.5719738e+06
   1.5724292e+06
   1.5734366e+06
   1.5737931e+06
   1.5743341e+06
   1.5747147e+06
   1.5753861e+06
   1.5763754e+06
   1.5770642e+06
   1.5776524e+06
   1.5781751e+06
   1.5789673e+06
   1.5794362e+06
   1.5799336e+06
   1.5804420e+06
   1.5808249e+06
   1.5813017e+06
   1.5819384e+06
   1.5825018e+06
   1.5828478e+06
   1.5838903e+06
   1.5845571e+06
   1.5848337e+06
   1.5857629e+06
   1.5865068e+06
   1.5871344e+06
   1.5880219e+06
   1.5887140e+06
   1.5893965e+06
   1.5900824e+06
   1.5905784e+06
   1.5916540e+06
   1.5928672e+06
   1.5939731e+06
   1.5949266e+06
   1.5954595e+06
   1.5960566e+06
   1.5967136e+06
   1.5971663e+06
   1.5975723e+06
   1.5979865e+06
   1.5984805e+06
   1.5991953e+06
   1.5997931e+06
   1.6204818e+06
   1.6210262e+06
   1.6214873e+06
   1.6221121e+06
   1.6230290e+06
   1.6234401e+06
   1.6239565e+06
   1.6244446e+06
   1.6259656e+06
   1.6265374e+06
   1.6270185e+06
   1.6278625e+06
   1.6282079e+06
   1.6290098e+06
   1.6294936e+06
   1.6298951e+06
   1.6305245e+06
   1.6309588e+06
   1.6313953e+06
   1.6321347e+06
   1.6326113e+06
   1.6335210e+06
   1.6341670e+06
   1.6349016e+06
   1.6355289e+06
   1.6360711e+06
   1.6367374e+06
   1.6376783e+06
   1.6381179e+06
   1.6389794e+06
   1.6394187e+06
   1.6398307e+06
   1.6402634e+06
   1.6405910e+06
   1.6409880e+06
   1.6416054e+06
   1.6420125e+06
   1.6427623e+06
   1.6435212e+06
   1.6448676e+06
   1.6456385e+06
   1.6460591e+06
   1.6475709e+06
   1.6480342e+06
   1.6491407e+06
   1.6495854e+06
   1.6499875e+06
   1.6505772e+06
   1.6523870e+06
   1.6528725e+06
   1.6539975e+06
   1.6547247e+06
   1.6555098e+06
   1.6559901e+06
   1.6568233e+06
   1.6583782e+06
   1.6592458e+06
   1.6596221e+06
   1.6810686e+06
   1.6814843e+06
   1.6823723e+06
   1.6828922e+06
   1.6835759e+06
   1.6839929e+06
   1.6846102e+06
   1.6852019e+06
   1.6861833e+06
   1.6868357e+06
   1.6876887e+06
   1.6883142e+06
   1.6892603e+06
   1.6907696e+06
   1.6914399e+06
   1.6918379e+06
   1.6925717e+06
   1.6932962e+06
   1.6941616e+06
   1.6946367e+06
   1.6950631e+06
   1.6959873e+06
   1.6967865e+06
   1.6972578e+06
   1.6983382e+06
   1.6988894e+06
   1.6993516e+06
   1.7000821e+06
   1.7004912e+06
   1.7009136e+06
   1.7019893e+06
   1.7030670e+06
   1.7036065e+06
   1.7040147e+06
   1.7044779e+06
   1.7050451e+06
   1.7055112e+06
   1.7061390e+06
   1.7067160e+06
   1.7075072e+06
   1.7079033e+06
   1.7084512e+06
   1.7089369e+06
   1.7094817e+06
   1.7100790e+06
   1.7105479e+06
   1.7114691e+06
   1.7127802e+06
   1.7131552e+06
   1.7136412e+06
   1.7143781e+06
   1.7148436e+06
   1.7154855e+06
   1.7158477e+06
   1.7172663e+06
   1.7177513e+06
   1.7183158e+06
   1.7187741e+06
   1.7192191e+06
   1.7427119e+06
   1.7432479e+06
   1.7438083e+06
   1.7442362e+06
   1.7447219e+06
   1.7454388e+06
   1.7461078e+06
   1.7466310e+06
   1.7473483e+06
   1.7478218e+06
   1.7490152e+06
   1.7496798e+06
   1.7502675e+06
   1.7508225e+06
   1.7514399e+06
   1.7522224e+06
   1.7527495e+06
   1.7531648e+06
   1.7535732e+06
   1.7549967e+06
   1.7564770e+06
   1.7569554e+06
   1.7574554e+06
   1.7581855e+06
   1.7591271e+06
   1.7600946e+06
   1.7607178e+06
   1.7613584e+06
   1.7620944e+06
   1.7625401e+06
   1.7634127e+06
   1.7638400e+06
   1.7641659e+06
   1.7645552e+06
   1.7659313e+06
   1.7665256e+06
   1.7670529e+06
   1.7675152e+06
   1.7688131e+06
   1.7694865e+06
   1.7704396e+06
   1.7718393e+06
   1.7723327e+06
   1.7728431e+06
   1.7737575e+06
   1.7748127e+06
   1.7753662e+06
   1.7761753e+06
   1.7768021e+06
   1.7772712e+06
   1.7787619e+06
   1.7793276e+06
   1.8005726e+06
   1.8010844e+06
   1.8016210e+06
   1.8020962e+06
   1.8028521e+06
   1.8033005e+06
   1.8039632e+06
   1.8043323e+06
   1.8048233e+06
   1.8059123e+06
   1.8062671e+06
   1.8075960e+06
   1.8082383e+06
   1.8088859e+06
   1.8095533e+06
   1.8103481e+06
   1.8111627e+06
   1.8116740e+06
   1.8123687e+06
   1.8130562e+06
   1.8134981e+06
   1.8139472e+06
   1.8146534e+06
   1.8151169e+06
   1.8157006e+06
   1.8161327e+06
   1.8170985e+06
   1.8179245e+06
   1.8186269e+06
   1.8192958e+06
   1.8198697e+06
   1.8209124e+06
   1.8214344e+06
   1.8242902e+06
   1.8248658e+06
   1.8255060e+06
   1.8270612e+06
   1.8274598e+06
   1.8281875e+06
   1.8286644e+06
   1.8292695e+06
   1.8297747e+06
   1.8310737e+06
   1.8319974e+06
   1.8328823e+06
   1.8335551e+06
   1.8341221e+06
   1.8354306e+06
   1.8357993e+06
   1.8361766e+06
   1.8369550e+06
   1.8374355e+06
   1.8378541e+06
   1.8391993e+06
   1.8398468e+06
   1.8606025e+06
   1.8610714e+06
   1.8617692e+06
   1.8622158e+06
   1.8626944e+06
   1.8632857e+06
   1.8639742e+06
   1.8647998e+06
   1.8661911e+06
   1.8667081e+06
   1.8724410e+06
   1.8732685e+06
   1.8738757e+06
   1.8742359e+06
   1.8748774e+06
   1.8753869e+06
   1.8758785e+06
   1.8766456e+06
   1.8776651e+06
   1.8795459e+06
   1.8803059e+06
   1.8810329e+06
   1.8813537e+06
   1.8817266e+06
   1.8822103e+06
   1.8827396e+06
   1.8833144e+06
   1.8839794e+06
   1.8843868e+06
   1.8850513e+06
   1.8855659e+06
   1.8863352e+06
   1.8868981e+06
   1.8888465e+06
   1.8898828e+06
   1.8904374e+06
   1.8909659e+06
   1.8919883e+06
   1.8923734e+06
   1.8929665e+06
   1.8936752e+06
   1.8940980e+06
   1.8945105e+06
   1.8952709e+06
   1.8960751e+06
   1.8980000e+06
   1.8986644e+06
   1.8993989e+06
   1.8979233e+06
   1.8985818e+06
   1.8991572e+06
   1.8997806e+06
   1.8876639e+06
   1.8881521e+06
   1.8885845e+06
   1.8901436e+06
   1.8910026e+06
   1.8952170e+06
   1.8985879e+06
   1.8997581e+06
   1.8950668e+06
   1.8956972e+06
   1.8964008e+06
   1.8967464e+06
   1.8973846e+06
   1.8978311e+06
   1.8989247e+06
   1.8993307e+06
   1.8997260e+06
   1.8958159e+06
   1.8962971e+06
   1.8969350e+06
   1.8973229e+06
   1.8979088e+06
   1.8989991e+06
   1.8994849e+06
