   5.2164194e+02
   1.5070415e+03
   2.4312099e+03
   3.2971138e+03
   4.0334938e+03
   4.4780960e+03
   4.8178018e+03
   5.4982516e+03
   6.7771591e+03
   7.3788935e+03
   7.9230081e+03
   8.4228602e+03
   9.2186408e+03
   9.7950005e+03
   1.0437637e+04
   1.0851784e+04
   1.1437768e+04
   1.2128731e+04
   1.2758942e+04
   1.3234573e+04
   1.4184837e+04
   1.4737514e+04
   1.5444450e+04
   1.5888540e+04
   1.6556967e+04
   1.7065120e+04
   1.7970758e+04
   1.8707186e+04
   1.9695343e+04
   2.0396586e+04
   2.0930867e+04
   2.1350887e+04
   2.2066681e+04
   2.2727128e+04
   2.3377326e+04
   2.4046122e+04
   2.4758439e+04
   2.5370329e+04
   2.6100890e+04
   2.7042488e+04
   2.7925615e+04
   2.8486215e+04
   2.9020456e+04
   3.0117828e+04
   3.0658485e+04
   3.1158936e+04
   3.1685540e+04
   3.2381976e+04
   3.2825232e+04
   3.5924584e+04
   3.6491612e+04
   3.7233926e+04
   3.8316549e+04
   3.8904494e+04
   3.9756307e+04
   4.0325540e+04
   4.0620469e+04
   4.1262124e+04
   4.1832125e+04
   4.2475932e+04
   4.3111476e+04
   4.3665452e+04
   4.4163350e+04
   4.4484347e+04
   4.4810951e+04
   4.6833873e+04
   4.8673251e+04
   4.9624168e+04
   5.1701210e+04
   5.2860896e+04
   5.3267933e+04
   5.3897289e+04
   5.4501232e+04
   5.5071861e+04
   5.6018405e+04
   5.6854244e+04
   5.8156335e+04
   1.0056000e+05
   1.0098346e+05
   1.0146980e+05
   1.0227550e+05
   1.0276667e+05
   1.0312028e+05
   1.0388122e+05
   1.0442463e+05
   1.0506656e+05
   1.0568685e+05
   1.0613121e+05
   1.0677272e+05
   1.0743443e+05
   1.0808884e+05
   1.0846665e+05
   1.0883950e+05
   1.0939767e+05
   1.0993221e+05
   1.1060657e+05
   1.1101630e+05
   1.1155058e+05
   1.1303299e+05
   1.1340907e+05
   1.1396393e+05
   1.1461041e+05
   1.1507192e+05
   1.1571712e+05
   1.1623159e+05
   1.1658641e+05
   1.1785167e+05
   1.1846893e+05
   1.1940507e+05
   1.1984588e+05
   1.6100790e+05
   1.6326365e+05
   1.6397314e+05
   1.6447407e+05
   1.6515778e+05
   1.6567061e+05
   1.6639188e+05
   1.6681623e+05
   1.6768873e+05
   1.6859714e+05
   1.6977088e+05
   1.7160354e+05
   1.7197115e+05
   1.7264696e+05
   1.7456861e+05
   1.7493633e+05
   1.7554565e+05
   1.7740939e+05
   1.7921931e+05
   1.7973267e+05
   2.2051572e+05
   2.2108321e+05
   2.2161609e+05
   2.2205681e+05
   2.2277380e+05
   2.2333393e+05
   2.2420224e+05
   2.2466544e+05
   2.2562901e+05
   2.2623747e+05
   2.2673196e+05
   2.2736756e+05
   2.2773746e+05
   2.2814094e+05
   2.2847141e+05
   2.2911765e+05
   2.2963237e+05
   2.3022273e+05
   2.3091573e+05
   2.3247563e+05
   2.3298726e+05
   2.3357838e+05
   2.3442778e+05
   2.3483755e+05
   2.3541423e+05
   2.3590807e+05
   2.3633887e+05
   2.3699939e+05
   2.3757782e+05
   2.3848913e+05
   2.3900501e+05
   2.3960288e+05
   2.8053081e+05
   2.8111397e+05
   2.8166071e+05
   2.8223427e+05
   2.8305254e+05
   2.8444351e+05
   2.8548504e+05
   2.8601233e+05
   2.8657319e+05
   2.8759819e+05
   2.8824416e+05
   2.9194780e+05
   2.9268323e+05
   2.9336969e+05
   2.9553323e+05
   2.9621518e+05
   2.9703888e+05
   2.9763575e+05
   2.9836744e+05
   2.9893557e+05
   2.9945378e+05
   3.4043942e+05
   3.4091630e+05
   3.4161456e+05
   3.4231318e+05
   3.4476778e+05
   3.4527444e+05
   3.4592489e+05
   3.4639662e+05
   3.4680495e+05
   3.4846072e+05
   3.4916848e+05
   3.4979744e+05
   3.5010761e+05
   3.5055737e+05
   3.5127139e+05
   3.5188771e+05
   3.5218241e+05
   3.5279552e+05
   3.5378944e+05
   3.5478277e+05
   3.5554739e+05
   3.5602759e+05
   3.5678138e+05
   3.5743128e+05
   3.5904370e+05
   3.5944745e+05
   4.0055969e+05
   4.0120886e+05
   4.0200731e+05
   4.0248771e+05
   4.0312379e+05
   4.0372215e+05
   4.0543282e+05
   4.0589766e+05
   4.0656204e+05
   4.0795791e+05
   4.0851237e+05
   4.0907167e+05
   4.0966843e+05
   4.1050242e+05
   4.1162171e+05
   4.1257768e+05
   4.1310872e+05
   4.1371736e+05
   4.1457881e+05
   4.1500967e+05
   4.1545702e+05
   4.1589790e+05
   4.1650055e+05
   4.1701808e+05
   4.1740423e+05
   4.1791778e+05
   4.1843401e+05
   4.1923630e+05
   4.6077350e+05
   4.6124188e+05
   4.6165418e+05
   4.6234007e+05
   4.6286486e+05
   4.6411032e+05
   4.6491340e+05
   4.6562167e+05
   4.6762119e+05
   4.6799917e+05
   4.6890546e+05
   4.7054673e+05
   4.7109178e+05
   4.7153988e+05
   4.7238214e+05
   4.7280945e+05
   4.7342391e+05
   4.7395685e+05
   4.7449652e+05
   4.7503515e+05
   4.7556915e+05
   4.7678944e+05
   4.7724220e+05
   4.7781202e+05
   4.7842506e+05
   4.7901775e+05
   4.7952584e+05
   5.2031027e+05
   5.2080820e+05
   5.2128313e+05
   5.2164727e+05
   5.2207924e+05
   5.2254349e+05
   5.2353764e+05
   5.2437251e+05
   5.2487645e+05
   5.2586951e+05
   5.2663550e+05
   5.2747388e+05
   5.2787729e+05
   5.2835565e+05
   5.2910627e+05
   5.3193969e+05
   5.3270202e+05
   5.3387906e+05
   5.3462233e+05
   5.3519698e+05
   5.3616100e+05
   5.3688291e+05
   5.3744061e+05
   5.3845573e+05
   5.3898833e+05
   5.3960062e+05
   5.8047874e+05
   5.8152775e+05
   5.8209918e+05
   5.8259319e+05
   5.8311299e+05
   5.8360530e+05
   5.8416429e+05
   5.8512494e+05
   5.8570375e+05
   5.8625327e+05
   5.8689899e+05
   5.8767561e+05
   5.8812480e+05
   5.8869616e+05
   5.8916192e+05
   5.8952455e+05
   5.8997694e+05
   5.9047442e+05
   5.9081728e+05
   5.9192141e+05
   5.9250817e+05
   5.9335953e+05
   5.9455945e+05
   5.9511052e+05
   5.9549063e+05
   5.9597042e+05
   5.9649482e+05
   5.9699114e+05
   5.9741722e+05
   5.9791051e+05
   5.9824642e+05
   5.9865154e+05
   5.9917605e+05
   5.9999995e+05
   6.0041590e+05
   6.0108219e+05
   6.0198583e+05
   6.0283042e+05
   6.0354908e+05
   6.0400163e+05
   6.0527673e+05
   6.0851494e+05
   6.0910683e+05
   6.0942542e+05
   6.1022846e+05
   6.1129417e+05
   6.1183633e+05
   6.1271626e+05
   6.1329339e+05
   6.1404772e+05
   6.1452894e+05
   6.1515942e+05
   6.1564171e+05
   6.1650811e+05
   6.2091167e+05
   6.2137447e+05
   6.2208453e+05
   6.2271296e+05
   6.2342278e+05
   6.2375504e+05
   6.2539598e+05
   6.2594289e+05
   6.2671044e+05
   6.2732749e+05
   6.2791420e+05
   6.2845155e+05
   6.2910250e+05
   6.3074146e+05
   6.3152065e+05
   6.3190369e+05
   6.3261647e+05
   6.3346218e+05
   6.3401548e+05
   6.3682659e+05
   6.3723065e+05
   6.3780846e+05
   6.3834438e+05
   6.4282476e+05
   6.4320686e+05
   6.4374678e+05
   6.4434624e+05
   6.4532388e+05
   6.4644700e+05
   6.4775876e+05
   6.4822799e+05
   6.4885621e+05
   6.4963918e+05
   6.5005886e+05
   6.5050343e+05
   6.5097444e+05
   6.5169205e+05
   6.5210661e+05
   6.5277333e+05
   6.5359624e+05
   6.5401624e+05
   6.5524333e+05
   6.5567704e+05
   6.5632171e+05
   6.5722461e+05
   6.5795737e+05
   6.5828340e+05
   6.5893068e+05
   6.6019737e+05
   6.6091209e+05
   6.6174467e+05
   6.6260272e+05
   6.6353778e+05
   6.6417034e+05
   6.6489305e+05
   6.6566107e+05
   6.6617386e+05
   6.6667783e+05
   6.6731863e+05
   6.6798298e+05
   6.6858739e+05
   6.6909617e+05
   6.7270837e+05
   6.7333509e+05
   6.7420871e+05
   6.7497593e+05
   6.7659663e+05
   6.7715486e+05
   6.7761153e+05
   6.7884618e+05
   6.7959549e+05
   6.8009541e+05
   6.8168003e+05
   6.8225771e+05
   6.8376380e+05
   6.8454119e+05
   6.8521136e+05
   6.8576166e+05
   6.8725451e+05
   6.8783045e+05
   6.8861064e+05
   6.8923679e+05
   6.8972725e+05
   6.9031766e+05
   6.9106856e+05
   6.9164042e+05
   6.9252263e+05
   6.9298065e+05
   6.9376965e+05
   6.9483016e+05
   6.9546965e+05
   6.9605090e+05
   6.9669825e+05
   6.9793234e+05
   6.9859085e+05
   6.9921999e+05
   7.0132844e+05
   7.0182755e+05
   7.0285083e+05
   7.0351285e+05
   7.0402617e+05
   7.0444857e+05
   7.0497876e+05
   7.0636652e+05
   7.0733136e+05
   7.0802607e+05
   7.0870481e+05
   7.0958567e+05
   7.1161174e+05
   7.1246142e+05
   7.1285582e+05
   7.1340991e+05
   7.1426217e+05
   7.1476480e+05
   7.1567018e+05
   7.1618939e+05
   7.1702355e+05
   7.1938415e+05
   7.2074744e+05
   7.2130147e+05
   7.2217914e+05
   7.2269347e+05
   7.2309300e+05
   7.2355995e+05
   7.2533050e+05
   7.2578847e+05
   7.2728883e+05
   7.2781005e+05
   7.2880308e+05
   7.2955535e+05
   7.3044291e+05
   7.3093927e+05
   7.3131210e+05
   7.3177306e+05
   7.3265538e+05
   7.3324991e+05
   7.3842607e+05
   7.3886243e+05
   7.3939615e+05
   7.4002596e+05
   7.4139882e+05
   7.4182274e+05
   7.4222922e+05
   7.4262237e+05
   7.4314806e+05
   7.4356326e+05
   7.4453884e+05
   7.4500632e+05
   7.4646132e+05
   7.4700546e+05
   7.4759305e+05
   7.4796842e+05
   7.4848710e+05
   7.4934629e+05
   7.4987428e+05
   7.5027293e+05
   7.5096131e+05
   7.5183491e+05
   7.5231198e+05
   7.5273420e+05
   7.5325975e+05
   7.5427445e+05
   7.5507847e+05
   7.5558382e+05
   7.5611146e+05
   7.5755150e+05
   7.5814214e+05
   7.5923912e+05
   7.5986606e+05
   7.6059405e+05
   7.6113414e+05
   7.6150077e+05
   7.6197820e+05
   7.6263900e+05
   7.6312859e+05
   7.6353814e+05
   7.6411319e+05
   7.6527460e+05
   7.6579296e+05
   7.6667486e+05
   7.6756015e+05
   7.6968303e+05
   7.7064893e+05
   7.7107480e+05
   7.7237502e+05
   7.7296500e+05
   7.7352923e+05
   7.7447870e+05
   7.7511685e+05
   7.7580994e+05
   7.7658542e+05
   7.7705160e+05
   7.7760603e+05
   7.7825851e+05
   7.7874760e+05
   7.7926015e+05
   7.7982836e+05
   8.2097285e+05
   8.2156073e+05
   8.2207869e+05
   8.2270622e+05
   8.2344767e+05
   8.2424497e+05
   8.2477266e+05
   8.2638888e+05
   8.2778784e+05
   8.2820602e+05
   8.2870682e+05
   8.2937990e+05
   8.3072532e+05
   8.3117656e+05
   8.3179432e+05
   8.3245636e+05
   8.3325837e+05
   8.3367457e+05
   8.3459952e+05
   8.3506498e+05
   8.3555145e+05
   8.3607206e+05
   8.3661880e+05
   8.3700203e+05
   8.3776631e+05
   8.3833138e+05
   8.3927075e+05
   8.3968708e+05
   8.8067901e+05
   8.8151817e+05
   8.8213841e+05
   8.8300294e+05
   8.8346629e+05
   8.8404269e+05
   8.8445742e+05
   8.8498852e+05
   8.8557568e+05
   8.8613608e+05
   8.8664952e+05
   8.8759413e+05
   8.8815986e+05
   8.8987798e+05
   8.9028736e+05
   8.9099534e+05
   8.9160683e+05
   8.9252267e+05
   8.9304426e+05
   8.9359455e+05
   8.9469042e+05
   8.9590583e+05
   8.9648763e+05
   8.9685998e+05
   8.9763261e+05
   8.9826996e+05
   8.9923385e+05
   8.9974075e+05
   9.4039361e+05
   9.4097437e+05
   9.4160998e+05
   9.4211224e+05
   9.4277058e+05
   9.4405094e+05
   9.4492765e+05
   9.4556132e+05
   9.4588658e+05
   9.4640858e+05
   9.4693046e+05
   9.4793771e+05
   9.4880491e+05
   9.4921337e+05
   9.4988906e+05
   9.5046903e+05
   9.5106537e+05
   9.5245883e+05
   9.5308850e+05
   9.5371545e+05
   9.5450066e+05
   9.5533055e+05
   9.5566795e+05
   9.5613518e+05
   9.5732819e+05
   9.5801150e+05
   9.5880592e+05
   9.5939310e+05
   1.0005241e+06
   1.0008859e+06
   1.0014553e+06
   1.0018885e+06
   1.0024663e+06
   1.0028311e+06
   1.0031320e+06
   1.0036357e+06
   1.0041436e+06
   1.0046016e+06
   1.0050372e+06
   1.0056494e+06
   1.0061132e+06
   1.0068606e+06
   1.0075954e+06
   1.0080460e+06
   1.0086266e+06
   1.0107281e+06
   1.0111502e+06
   1.0116772e+06
   1.0122268e+06
   1.0126681e+06
   1.0131434e+06
   1.0137679e+06
   1.0144090e+06
   1.0168652e+06
   1.0173092e+06
   1.0179659e+06
   1.0182865e+06
   1.0186803e+06
   1.0606904e+06
   1.0611410e+06
   1.0614694e+06
   1.0619260e+06
   1.0624526e+06
   1.0632785e+06
   1.0637203e+06
   1.0642154e+06
   1.0646771e+06
   1.0651506e+06
   1.0656763e+06
   1.0661429e+06
   1.0666554e+06
   1.0690843e+06
   1.0698203e+06
   1.0703094e+06
   1.0711243e+06
   1.0714935e+06
   1.0719005e+06
   1.0726907e+06
   1.0730696e+06
   1.0734194e+06
   1.0737207e+06
   1.0747150e+06
   1.0756695e+06
   1.0762544e+06
   1.0765871e+06
   1.0771393e+06
   1.0774564e+06
   1.0779782e+06
   1.0784012e+06
   1.0787574e+06
   1.0792312e+06
   1.0799072e+06
   1.1208906e+06
   1.1214914e+06
   1.1219091e+06
   1.1223138e+06
   1.1226435e+06
   1.1233193e+06
   1.1236551e+06
   1.1239763e+06
   1.1245987e+06
   1.1251283e+06
   1.1260742e+06
   1.1264492e+06
   1.1268961e+06
   1.1278100e+06
   1.1281628e+06
   1.1287900e+06
   1.1296736e+06
   1.1303152e+06
   1.1307220e+06
   1.1312405e+06
   1.1315829e+06
   1.1320161e+06
   1.1326904e+06
   1.1331162e+06
   1.1338192e+06
   1.1345065e+06
   1.1349759e+06
   1.1353241e+06
   1.1359643e+06
   1.1365032e+06
   1.1371341e+06
   1.1377264e+06
   1.1382565e+06
   1.1388196e+06
   1.1394173e+06
   1.1804235e+06
   1.1813652e+06
   1.1818128e+06
   1.1824419e+06
   1.1828989e+06
   1.1834591e+06
   1.1839974e+06
   1.1846553e+06
   1.1851450e+06
   1.1856196e+06
   1.1863265e+06
   1.1869285e+06
   1.1875325e+06
   1.1883354e+06
   1.1892846e+06
   1.1936400e+06
   1.1944281e+06
   1.1951104e+06
   1.1955794e+06
   1.1961337e+06
   1.1964490e+06
   1.1971088e+06
   1.1978870e+06
   1.1986015e+06
   1.1997077e+06
   1.2407460e+06
   1.2411282e+06
   1.2422640e+06
   1.2427949e+06
   1.2438005e+06
   1.2445598e+06
   1.2451704e+06
   1.2460194e+06
   1.2479391e+06
   1.2485633e+06
   1.2498081e+06
   1.2502873e+06
   1.2508111e+06
   1.2515916e+06
   1.2523678e+06
   1.2530296e+06
   1.2534956e+06
   1.2539636e+06
   1.2544516e+06
   1.2548663e+06
   1.2553003e+06
   1.2565540e+06
   1.2571962e+06
   1.2579084e+06
   1.2586999e+06
   1.2590207e+06
   1.2599870e+06
   1.3005659e+06
   1.3009845e+06
   1.3014585e+06
   1.3022177e+06
   1.3026263e+06
   1.3030739e+06
   1.3035445e+06
   1.3042627e+06
   1.3047230e+06
   1.3050884e+06
   1.3055401e+06
   1.3062938e+06
   1.3068618e+06
   1.3073728e+06
   1.3078587e+06
   1.3084234e+06
   1.3090970e+06
   1.3098261e+06
   1.3105333e+06
   1.3115047e+06
   1.3122779e+06
   1.3127835e+06
   1.3135941e+06
   1.3144672e+06
   1.3181267e+06
   1.3606002e+06
   1.3611029e+06
   1.3620564e+06
   1.3632697e+06
   1.3639041e+06
   1.3647651e+06
   1.3667715e+06
   1.3676235e+06
   1.3680115e+06
   1.3686623e+06
   1.3691525e+06
   1.3695796e+06
   1.3701681e+06
   1.3709986e+06
   1.3718701e+06
   1.3724413e+06
   1.3728851e+06
   1.3733015e+06
   1.3743425e+06
   1.3751401e+06
   1.3756430e+06
   1.3762046e+06
   1.3766096e+06
   1.3771990e+06
   1.3779289e+06
   1.3782524e+06
   1.3791204e+06
   1.3797926e+06
   1.4206905e+06
   1.4212540e+06
   1.4216224e+06
   1.4223293e+06
   1.4228668e+06
   1.4231857e+06
   1.4236395e+06
   1.4242397e+06
   1.4247100e+06
   1.4253139e+06
   1.4262503e+06
   1.4275102e+06
   1.4279194e+06
   1.4284735e+06
   1.4289750e+06
   1.4294320e+06
   1.4298172e+06
   1.4303702e+06
   1.4309499e+06
   1.4314630e+06
   1.4318697e+06
   1.4326379e+06
   1.4339439e+06
   1.4344468e+06
   1.4350235e+06
   1.4362059e+06
   1.4366300e+06
   1.4370318e+06
   1.4374348e+06
   1.4380562e+06
   1.4390762e+06
   1.4396545e+06
   1.4803539e+06
   1.4807516e+06
   1.4819427e+06
   1.4822407e+06
   1.4828253e+06
   1.4832499e+06
   1.4837254e+06
   1.4846244e+06
   1.4850205e+06
   1.4857397e+06
   1.4862741e+06
   1.4867233e+06
   1.4877129e+06
   1.4883802e+06
   1.4889831e+06
   1.4894280e+06
   1.4900790e+06
   1.4907473e+06
   1.4913266e+06
   1.4920142e+06
   1.4925335e+06
   1.4932056e+06
   1.4936167e+06
   1.4946378e+06
   1.4957406e+06
   1.4962301e+06
   1.4974972e+06
   1.4979557e+06
   1.4984967e+06
   1.4991279e+06
   1.4995188e+06
   1.5403935e+06
   1.5408900e+06
   1.5415466e+06
   1.5420058e+06
   1.5425603e+06
   1.5429008e+06
   1.5435598e+06
   1.5439122e+06
   1.5445412e+06
   1.5457491e+06
   1.5476461e+06
   1.5485871e+06
   1.5490427e+06
   1.5511688e+06
   1.5516506e+06
   1.5523199e+06
   1.5530465e+06
   1.5535338e+06
   1.5546189e+06
   1.5556194e+06
   1.5565698e+06
   1.5574378e+06
   1.5586813e+06
   1.5592589e+06
   1.5599840e+06
   1.6011336e+06
   1.6015116e+06
   1.6035813e+06
   1.6041512e+06
   1.6047407e+06
   1.6074196e+06
   1.6079717e+06
   1.6084625e+06
   1.6087804e+06
   1.6091495e+06
   1.6103658e+06
   1.6108165e+06
   1.6113111e+06
   1.6120759e+06
   1.6124986e+06
   1.6130315e+06
   1.6135289e+06
   1.6147341e+06
   1.6154052e+06
   1.6160734e+06
   1.6171483e+06
   1.6175862e+06
   1.6191265e+06
   1.6195940e+06
   1.6605015e+06
   1.6613452e+06
   1.6617799e+06
   1.6622216e+06
   1.6627272e+06
   1.6651481e+06
   1.6657176e+06
   1.6663077e+06
   1.6676629e+06
   1.6682339e+06
   1.6685951e+06
   1.6689379e+06
   1.6693931e+06
   1.6698536e+06
   1.6704510e+06
   1.6709170e+06
   1.6717339e+06
   1.6723259e+06
   1.6749398e+06
   1.6753460e+06
   1.6757582e+06
   1.6761443e+06
   1.6771156e+06
   1.6775153e+06
   1.6780140e+06
   1.6787220e+06
   1.6791515e+06
   1.6795665e+06
   1.7204658e+06
   1.7209744e+06
   1.7215414e+06
   1.7220590e+06
   1.7224988e+06
   1.7233849e+06
   1.7241660e+06
   1.7247294e+06
   1.7254385e+06
   1.7259506e+06
   1.7269792e+06
   1.7273716e+06
   1.7279107e+06
   1.7283011e+06
   1.7287919e+06
   1.7292701e+06
   1.7297962e+06
   1.7305880e+06
   1.7312408e+06
   1.7322189e+06
   1.7329468e+06
   1.7334997e+06
   1.7344756e+06
   1.7349869e+06
   1.7362407e+06
   1.7368398e+06
   1.7375869e+06
   1.7385002e+06
   1.7390029e+06
   1.7396751e+06
   1.7807837e+06
   1.7813273e+06
   1.7826289e+06
   1.7831581e+06
   1.7838436e+06
   1.7844903e+06
   1.7850013e+06
   1.7854602e+06
   1.7860279e+06
   1.7866159e+06
   1.7873681e+06
   1.7879538e+06
   1.7883895e+06
   1.7890470e+06
   1.7894926e+06
   1.7898834e+06
   1.7906240e+06
   1.7908870e+06
   1.7912934e+06
   1.7920308e+06
   1.7925041e+06
   1.7930847e+06
   1.7937921e+06
   1.7945244e+06
   1.7955952e+06
   1.7962290e+06
   1.7968475e+06
   1.7972958e+06
   1.7980455e+06
   1.7985439e+06
   1.7994236e+06
   1.8406665e+06
   1.8410927e+06
   1.8415150e+06
   1.8420920e+06
   1.8425078e+06
   1.8430092e+06
   1.8434298e+06
   1.8439259e+06
   1.8442871e+06
   1.8452165e+06
   1.8458226e+06
   1.8464097e+06
   1.8469068e+06
   1.8475254e+06
   1.8480137e+06
   1.8484385e+06
   1.8489109e+06
   1.8495443e+06
   1.8501792e+06
   1.8506468e+06
   1.8511127e+06
   1.8516786e+06
   1.8525878e+06
   1.8532439e+06
   1.8539308e+06
   1.8544234e+06
   1.8548223e+06
   1.8553147e+06
   1.8563778e+06
   1.8568225e+06
   1.8575359e+06
   1.8581370e+06
   1.8585327e+06
   1.8590534e+06
   1.8595055e+06
   1.8598649e+06
   1.9004708e+06
   1.9009403e+06
   1.9018921e+06
   1.9022897e+06
   1.9026325e+06
   1.9031001e+06
   1.9040993e+06
   1.9046716e+06
   1.9051431e+06
   1.9054554e+06
   1.9059999e+06
   1.9064391e+06
   1.9069806e+06
   1.9075548e+06
   1.9081110e+06
   1.9088351e+06
   1.9092870e+06
   1.9097763e+06
   1.9104927e+06
   1.9109010e+06
   1.9113912e+06
   1.9120881e+06
   1.9126427e+06
   1.9130395e+06
   1.9134923e+06
   1.9146814e+06
   1.9155606e+06
   1.9160060e+06
   1.9164788e+06
   1.9168707e+06
   1.9177010e+06
   1.9187255e+06
   1.9192291e+06
   1.9196524e+06
   6.0673033e+04
   6.1365337e+04
   6.2795950e+04
   6.3364490e+04
   6.5335751e+04
   6.6420682e+04
   6.7724945e+04
   6.8427704e+04
   6.9039465e+04
   6.9747285e+04
   7.0593382e+04
   7.3458415e+04
   7.3884733e+04
   7.4307752e+04
   7.5656796e+04
   7.6874907e+04
   7.7451009e+04
   7.8035378e+04
   7.8443464e+04
   7.9225237e+04
   7.9733743e+04
   8.0351636e+04
   8.0820784e+04
   8.1288854e+04
   8.2667471e+04
   8.3225569e+04
   8.3563961e+04
   8.4269838e+04
   8.4906152e+04
   8.6474543e+04
   8.6956100e+04
   8.7407971e+04
   8.8251239e+04
   8.8864736e+04
   9.0264965e+04
   9.0984656e+04
   9.1555471e+04
   9.2246818e+04
   9.2807340e+04
   9.3751694e+04
   9.4578763e+04
   9.5125688e+04
   9.5758459e+04
   9.6535012e+04
   9.7077591e+04
   9.7940081e+04
   9.8701740e+04
   9.9458113e+04
   1.2087067e+05
   1.2192824e+05
   1.2245484e+05
   1.2342162e+05
   1.2411601e+05
   1.2485619e+05
   1.2539074e+05
   1.2643993e+05
   1.2805618e+05
   1.2870280e+05
   1.2922034e+05
   1.3020082e+05
   1.3066027e+05
   1.3159251e+05
   1.3235497e+05
   1.3354524e+05
   1.8045453e+05
   1.8098774e+05
   1.8162669e+05
   1.8251670e+05
   1.8340557e+05
   1.8448366e+05
   1.8586803e+05
   1.8651983e+05
   1.8721793e+05
   1.8923884e+05
   1.8971934e+05
   1.9078843e+05
   1.9160502e+05
   1.9226153e+05
   1.9281668e+05
   1.9318852e+05
   1.9372891e+05
   1.9453892e+05
   1.9693542e+05
   1.9753176e+05
   1.9787320e+05
   1.9859035e+05
   1.9903082e+05
   1.9950219e+05
   2.0063113e+05
   2.0135281e+05
   2.0184674e+05
   2.0262133e+05
   2.0299336e+05
   2.0339692e+05
   2.0390455e+05
   2.0465660e+05
   2.0502316e+05
   2.0544188e+05
   2.0630791e+05
   2.0745983e+05
   2.0805087e+05
   2.0879508e+05
   2.0915404e+05
   2.0959751e+05
   2.1037205e+05
   2.1078513e+05
   2.1468936e+05
   2.1510261e+05
   2.1563349e+05
   2.1600100e+05
   2.1723748e+05
   2.1854741e+05
   2.1914983e+05
   2.4065610e+05
   2.4157752e+05
   2.4294212e+05
   2.4345281e+05
   2.4384752e+05
   2.4425084e+05
   2.4472952e+05
   2.4532815e+05
   2.4577950e+05
   2.4647886e+05
   2.4803679e+05
   2.4860591e+05
   2.4897053e+05
   2.4988693e+05
   2.5042484e+05
   2.5096320e+05
   2.5187935e+05
   2.5233735e+05
   2.5291208e+05
   2.5412371e+05
   2.5478601e+05
   2.5539930e+05
   2.5616728e+05
   2.5664899e+05
   2.5786490e+05
   2.5846732e+05
   2.6069201e+05
   2.6250071e+05
   2.6352272e+05
   2.6400549e+05
   2.6458839e+05
   2.6567040e+05
   2.6637878e+05
   2.6746174e+05
   2.6808788e+05
   2.6872061e+05
   2.6932723e+05
   2.6990954e+05
   2.7118911e+05
   2.7175386e+05
   2.7245314e+05
   2.7295353e+05
   2.7359923e+05
   2.7423274e+05
   2.7485916e+05
   2.7526837e+05
   2.7688160e+05
   2.7766965e+05
   2.7800756e+05
   2.7892506e+05
   2.7946289e+05
   3.0129348e+05
   3.0187889e+05
   3.0262551e+05
   3.0333104e+05
   3.0408237e+05
   3.0484202e+05
   3.0576899e+05
   3.0683407e+05
   3.0740633e+05
   3.0804960e+05
   3.1006941e+05
   3.1064457e+05
   3.1134312e+05
   3.1257275e+05
   3.1327981e+05
   3.1388629e+05
   3.1443742e+05
   3.1503472e+05
   3.1556739e+05
   3.1647102e+05
   3.1692592e+05
   3.1740791e+05
   3.1793726e+05
   3.1875583e+05
   3.1946438e+05
   3.2068636e+05
   3.2159774e+05
   3.2209569e+05
   3.2249774e+05
   3.2328546e+05
   3.2396370e+05
   3.2445269e+05
   3.2551966e+05
   3.2591115e+05
   3.2632214e+05
   3.2722197e+05
   3.2801458e+05
   3.3026907e+05
   3.3088012e+05
   3.3142271e+05
   3.3181553e+05
   3.3254665e+05
   3.3306990e+05
   3.3390918e+05
   3.3450679e+05
   3.3533109e+05
   3.3576342e+05
   3.3633961e+05
   3.3693247e+05
   3.3753330e+05
   3.3867293e+05
   3.3922283e+05
   3.6133603e+05
   3.6194469e+05
   3.6257122e+05
   3.6310545e+05
   3.6447027e+05
   3.6506242e+05
   3.6577034e+05
   3.6617127e+05
   3.6659089e+05
   3.6729058e+05
   3.6766295e+05
   3.6842766e+05
   3.6899039e+05
   3.6943344e+05
   3.7035285e+05
   3.7126095e+05
   3.7182132e+05
   3.7301603e+05
   3.7357311e+05
   3.7394053e+05
   3.7486829e+05
   4.2080393e+05
   4.2159538e+05
   4.2206511e+05
   4.2411263e+05
   4.2454571e+05
   4.2520223e+05
   4.2569692e+05
   4.2634362e+05
   4.2686446e+05
   4.2764173e+05
   4.2793342e+05
   4.2868375e+05
   4.2927901e+05
   4.3018814e+05
   4.3079200e+05
   4.3145573e+05
   4.3204174e+05
   4.3292334e+05
   4.3441622e+05
   4.3483644e+05
   4.3609743e+05
   4.3675170e+05
   4.3735793e+05
   4.3776559e+05
   4.3815279e+05
   4.3877413e+05
   4.3958009e+05
   4.4098990e+05
   4.4180631e+05
   4.4293583e+05
   4.4382954e+05
   4.4581361e+05
   4.4630553e+05
   4.4763839e+05
   4.4842971e+05
   4.4963333e+05
   4.5041808e+05
   4.5093471e+05
   4.5161125e+05
   4.5258804e+05
   4.5323253e+05
   4.5385356e+05
   4.5439591e+05
   4.5527986e+05
   4.5581667e+05
   4.5648282e+05
   4.5722799e+05
   4.5855107e+05
   4.8089781e+05
   4.8181354e+05
   4.8265166e+05
   4.8335608e+05
   4.8418472e+05
   4.8474305e+05
   4.8570007e+05
   4.8616141e+05
   4.8688448e+05
   4.8755069e+05
   4.8878958e+05
   4.8979705e+05
   4.9030693e+05
   4.9122162e+05
   4.9170769e+05
   4.9241708e+05
   4.9419691e+05
   4.9467078e+05
   4.9519797e+05
   4.9633919e+05
   4.9699519e+05
   4.9797012e+05
   4.9857212e+05
   4.9913676e+05
   5.0058174e+05
   5.0213260e+05
   5.0267674e+05
   5.0309427e+05
   5.0365227e+05
   5.0420150e+05
   5.0466742e+05
   5.0562629e+05
   5.0632681e+05
   5.0683127e+05
   5.0999034e+05
   5.1034695e+05
   5.1348621e+05
   5.1414287e+05
   5.1550788e+05
   5.1627946e+05
   5.1696230e+05
   5.1814561e+05
   5.1871925e+05
   5.1932523e+05
   5.1989211e+05
   5.4059347e+05
   5.4129463e+05
   5.4265842e+05
   5.4333395e+05
   5.4421787e+05
   5.4520126e+05
   5.4597625e+05
   5.4883541e+05
   5.4946498e+05
   5.4992098e+05
   5.5034636e+05
   5.5089604e+05
   5.5160626e+05
   5.5248688e+05
   5.5321895e+05
   5.5390810e+05
   5.5702861e+05
   5.5740062e+05
   5.5873053e+05
   5.6004068e+05
   5.6096136e+05
   5.6244082e+05
   5.6323807e+05
   5.6366004e+05
   5.6463898e+05
   5.6505886e+05
   5.6568106e+05
   5.6625392e+05
   5.6740356e+05
   5.6787999e+05
   5.6826722e+05
   5.6999755e+05
   5.7070653e+05
   5.7146329e+05
   5.7243038e+05
   5.7295236e+05
   5.7343349e+05
   5.7374908e+05
   5.7429584e+05
   5.7471034e+05
   5.7562261e+05
   5.7635721e+05
   5.7690517e+05
   5.7778403e+05
   5.7837956e+05
   5.7898308e+05
   5.7944622e+05
   5.7983386e+05
   7.8045016e+05
   7.8121300e+05
   7.8224245e+05
   7.8304877e+05
   7.8452380e+05
   7.8508836e+05
   7.8564849e+05
   7.8631278e+05
   7.8699636e+05
   7.8751597e+05
   7.8814566e+05
   7.8879456e+05
   7.8947100e+05
   7.9005670e+05
   7.9049837e+05
   7.9084333e+05
   7.9123904e+05
   7.9192742e+05
   7.9251992e+05
   7.9288605e+05
   7.9351509e+05
   7.9405927e+05
   7.9467420e+05
   7.9538904e+05
   7.9595881e+05
   7.9661678e+05
   7.9747309e+05
   8.0149305e+05
   8.0205941e+05
   8.0250985e+05
   8.0301537e+05
   8.0357659e+05
   8.0403269e+05
   8.0510912e+05
   8.0553518e+05
   8.0625131e+05
   8.0714009e+05
   8.0788248e+05
   8.0837858e+05
   8.0979817e+05
   8.1039642e+05
   8.1107775e+05
   8.1159026e+05
   8.1274115e+05
   8.1341516e+05
   8.1389353e+05
   8.1443665e+05
   8.1478594e+05
   8.1540064e+05
   8.1614496e+05
   8.1671629e+05
   8.1726772e+05
   8.1784935e+05
   8.1902515e+05
   8.1967525e+05
   8.4045305e+05
   8.4094999e+05
   8.4139769e+05
   8.4228955e+05
   8.4297267e+05
   8.4374731e+05
   8.4413556e+05
   8.4472167e+05
   8.4562608e+05
   8.4618999e+05
   8.4655791e+05
   8.4711135e+05
   8.4754348e+05
   8.4874613e+05
   8.4919736e+05
   8.5006807e+05
   8.5058331e+05
   8.5150192e+05
   8.5189229e+05
   8.5230958e+05
   8.5273250e+05
   8.5659579e+05
   8.5718033e+05
   8.5753801e+05
   8.5817506e+05
   8.5868617e+05
   8.5942099e+05
   8.5980427e+05
   8.6033204e+05
   8.6105841e+05
   8.6163302e+05
   8.6223514e+05
   8.6267303e+05
   8.6334983e+05
   8.6407040e+05
   8.6535658e+05
   8.6606631e+05
   8.6675364e+05
   8.6864003e+05
   8.6956217e+05
   8.7008481e+05
   8.7089880e+05
   8.7170564e+05
   8.7218613e+05
   8.7280207e+05
   8.7498983e+05
   8.7542351e+05
   8.7591901e+05
   8.7690393e+05
   8.7829443e+05
   8.7892285e+05
   8.7968358e+05
   9.0049020e+05
   9.0086451e+05
   9.0152272e+05
   9.0253462e+05
   9.0291718e+05
   9.0418247e+05
   9.0506843e+05
   9.0574394e+05
   9.0653847e+05
   9.0699720e+05
   9.0746581e+05
   9.0799306e+05
   9.0857117e+05
   9.0920514e+05
   9.1002463e+05
   9.1051002e+05
   9.1101211e+05
   9.1148175e+05
   9.1199467e+05
   9.1257466e+05
   9.1336322e+05
   9.1412244e+05
   9.1497146e+05
   9.1579686e+05
   9.1623078e+05
   9.1675022e+05
   9.1717766e+05
   9.1758743e+05
   9.1829090e+05
   9.1889365e+05
   9.1928404e+05
   9.2133315e+05
   9.2185480e+05
   9.2228613e+05
   9.2265378e+05
   9.2332732e+05
   9.2388721e+05
   9.2433756e+05
   9.2501194e+05
   9.2554522e+05
   9.2610594e+05
   9.2657731e+05
   9.2711889e+05
   9.2770684e+05
   9.2831004e+05
   9.2903286e+05
   9.2961151e+05
   9.3040644e+05
   9.3091321e+05
   9.3525222e+05
   9.3582363e+05
   9.3666132e+05
   9.3733712e+05
   9.3785808e+05
   9.3910250e+05
   9.3949348e+05
   9.6054675e+05
   9.6145681e+05
   9.6513805e+05
   9.6567027e+05
   9.6608462e+05
   9.6701705e+05
   9.6757353e+05
   9.6846388e+05
   9.6898304e+05
   9.6959853e+05
   9.7098952e+05
   9.7219046e+05
   9.7292604e+05
   9.7368551e+05
   9.7514092e+05
   9.7567301e+05
   9.7626388e+05
   9.7706291e+05
   9.7763352e+05
   9.7807978e+05
   9.7865447e+05
   9.7905772e+05
   9.7947770e+05
   9.7999133e+05
   9.8055900e+05
   9.8154473e+05
   9.8322145e+05
   9.8411930e+05
   9.8489938e+05
   9.8540402e+05
   9.8596089e+05
   9.8701717e+05
   9.8795744e+05
   9.8841169e+05
   9.8955233e+05
   9.9080904e+05
   9.9139655e+05
   9.9209751e+05
   9.9259360e+05
   9.9332276e+05
   9.9414314e+05
   9.9475815e+05
   9.9525631e+05
   9.9594240e+05
   9.9654400e+05
   9.9742935e+05
   9.9788439e+05
   9.9836048e+05
   9.9885252e+05
   9.9933442e+05
   9.9985442e+05
   1.0208480e+06
   1.0215421e+06
   1.0221934e+06
   1.0228752e+06
   1.0241523e+06
   1.0246117e+06
   1.0266320e+06
   1.0280267e+06
   1.0284839e+06
   1.0288764e+06
   1.0296074e+06
   1.0302391e+06
   1.0310396e+06
   1.0316998e+06
   1.0327167e+06
   1.0332527e+06
   1.0343315e+06
   1.0348174e+06
   1.0354463e+06
   1.0360212e+06
   1.0363569e+06
   1.0368854e+06
   1.0382746e+06
   1.0387904e+06
   1.0393477e+06
   1.0397087e+06
   1.0401254e+06
   1.0407363e+06
   1.0415537e+06
   1.0420972e+06
   1.0427824e+06
   1.0434707e+06
   1.0439683e+06
   1.0447690e+06
   1.0454864e+06
   1.0458888e+06
   1.0463730e+06
   1.0473315e+06
   1.0479125e+06
   1.0486800e+06
   1.0491063e+06
   1.0497148e+06
   1.0513969e+06
   1.0518432e+06
   1.0524801e+06
   1.0544345e+06
   1.0549535e+06
   1.0557437e+06
   1.0563223e+06
   1.0574271e+06
   1.0580859e+06
   1.0585759e+06
   1.0591029e+06
   1.0596016e+06
   1.0805148e+06
   1.0812375e+06
   1.0818125e+06
   1.0828065e+06
   1.0837356e+06
   1.0844059e+06
   1.0847859e+06
   1.0856961e+06
   1.0861992e+06
   1.0867313e+06
   1.0872586e+06
   1.0879922e+06
   1.0886165e+06
   1.0893405e+06
   1.0902767e+06
   1.0908558e+06
   1.0913875e+06
   1.0920649e+06
   1.0926540e+06
   1.0934368e+06
   1.0939983e+06
   1.0950027e+06
   1.0955719e+06
   1.0964594e+06
   1.0971235e+06
   1.0976394e+06
   1.0984037e+06
   1.0996100e+06
   1.1001871e+06
   1.1011100e+06
   1.1017025e+06
   1.1025505e+06
   1.1031448e+06
   1.1037344e+06
   1.1041657e+06
   1.1047417e+06
   1.1052301e+06
   1.1059872e+06
   1.1064409e+06
   1.1072868e+06
   1.1080961e+06
   1.1085624e+06
   1.1090686e+06
   1.1093900e+06
   1.1098255e+06
   1.1103463e+06
   1.1113388e+06
   1.1117868e+06
   1.1131137e+06
   1.1138427e+06
   1.1147645e+06
   1.1154932e+06
   1.1161822e+06
   1.1165869e+06
   1.1170632e+06
   1.1174671e+06
   1.1178198e+06
   1.1188958e+06
   1.1197237e+06
   1.1409340e+06
   1.1413754e+06
   1.1422815e+06
   1.1431480e+06
   1.1435918e+06
   1.1440777e+06
   1.1445747e+06
   1.1450642e+06
   1.1456599e+06
   1.1462657e+06
   1.1468272e+06
   1.1474275e+06
   1.1481952e+06
   1.1485986e+06
   1.1495323e+06
   1.1500569e+06
   1.1505580e+06
   1.1511969e+06
   1.1519255e+06
   1.1524516e+06
   1.1528755e+06
   1.1535249e+06
   1.1541885e+06
   1.1548319e+06
   1.1552797e+06
   1.1557973e+06
   1.1566656e+06
   1.1572864e+06
   1.1577980e+06
   1.1583662e+06
   1.1590006e+06
   1.1593966e+06
   1.1604447e+06
   1.1611591e+06
   1.1620661e+06
   1.1624681e+06
   1.1628655e+06
   1.1635174e+06
   1.1638134e+06
   1.1644109e+06
   1.1648624e+06
   1.1654834e+06
   1.1662135e+06
   1.1667263e+06
   1.1673242e+06
   1.1682125e+06
   1.1688366e+06
   1.1691667e+06
   1.1699911e+06
   1.1703918e+06
   1.1716323e+06
   1.1723358e+06
   1.1733321e+06
   1.1743055e+06
   1.1747987e+06
   1.1753346e+06
   1.1758218e+06
   1.1763765e+06
   1.1768236e+06
   1.1780052e+06
   1.1787373e+06
   1.1792152e+06
   1.2002768e+06
   1.2008083e+06
   1.2018371e+06
   1.2025384e+06
   1.2034171e+06
   1.2038702e+06
   1.2045898e+06
   1.2049804e+06
   1.2053849e+06
   1.2058357e+06
   1.2063093e+06
   1.2066989e+06
   1.2076924e+06
   1.2082242e+06
   1.2096655e+06
   1.2116420e+06
   1.2122141e+06
   1.2136903e+06
   1.2141600e+06
   1.2146892e+06
   1.2151594e+06
   1.2156002e+06
   1.2162448e+06
   1.2166707e+06
   1.2172498e+06
   1.2178059e+06
   1.2182399e+06
   1.2191280e+06
   1.2195375e+06
   1.2199780e+06
   1.2204257e+06
   1.2211778e+06
   1.2216769e+06
   1.2221760e+06
   1.2230977e+06
   1.2239436e+06
   1.2244367e+06
   1.2250347e+06
   1.2264628e+06
   1.2267805e+06
   1.2272304e+06
   1.2278457e+06
   1.2283607e+06
   1.2288068e+06
   1.2292972e+06
   1.2297038e+06
   1.2305342e+06
   1.2311001e+06
   1.2318721e+06
   1.2323618e+06
   1.2331090e+06
   1.2342840e+06
   1.2349728e+06
   1.2366036e+06
   1.2374327e+06
   1.2382635e+06
   1.2393819e+06
   1.2399956e+06
   1.2605868e+06
   1.2611075e+06
   1.2620886e+06
   1.2624848e+06
   1.2633650e+06
   1.2641936e+06
   1.2649523e+06
   1.2658135e+06
   1.2661873e+06
   1.2671048e+06
   1.2678017e+06
   1.2687259e+06
   1.2693521e+06
   1.2700689e+06
   1.2706607e+06
   1.2714197e+06
   1.2724541e+06
   1.2729686e+06
   1.2736995e+06
   1.2742195e+06
   1.2745239e+06
   1.2753036e+06
   1.2760211e+06
   1.2765296e+06
   1.2770090e+06
   1.2775317e+06
   1.2781746e+06
   1.2786337e+06
   1.2790605e+06
   1.2795942e+06
   1.2801349e+06
   1.2807326e+06
   1.2814408e+06
   1.2823034e+06
   1.2832599e+06
   1.2847063e+06
   1.2863566e+06
   1.2868630e+06
   1.2873847e+06
   1.2878493e+06
   1.2886229e+06
   1.2894671e+06
   1.2900689e+06
   1.2908925e+06
   1.3203887e+06
   1.3212092e+06
   1.3217430e+06
   1.3224591e+06
   1.3230509e+06
   1.3234122e+06
   1.3239168e+06
   1.3246551e+06
   1.3252662e+06
   1.3257086e+06
   1.3263678e+06
   1.3268774e+06
   1.3273515e+06
   1.3279186e+06
   1.3287482e+06
   1.3292914e+06
   1.3298000e+06
   1.3303963e+06
   1.3309283e+06
   1.3314496e+06
   1.3324733e+06
   1.3330177e+06
   1.3335025e+06
   1.3341850e+06
   1.3364261e+06
   1.3369501e+06
   1.3374239e+06
   1.3387110e+06
   1.3392029e+06
   1.3401541e+06
   1.3406573e+06
   1.3412110e+06
   1.3420284e+06
   1.3425769e+06
   1.3429174e+06
   1.3439900e+06
   1.3445711e+06
   1.3454651e+06
   1.3461471e+06
   1.3467957e+06
   1.3475194e+06
   1.3481532e+06
   1.3488076e+06
   1.3499995e+06
   1.3505028e+06
   1.3513864e+06
   1.3521270e+06
   1.3526409e+06
   1.3532144e+06
   1.3536725e+06
   1.3581196e+06
   1.3591348e+06
   1.3808286e+06
   1.3812983e+06
   1.3820472e+06
   1.3824678e+06
   1.3843157e+06
   1.3848668e+06
   1.3853225e+06
   1.3858424e+06
   1.3864113e+06
   1.3873469e+06
   1.3881377e+06
   1.3888032e+06
   1.3896033e+06
   1.3901560e+06
   1.3905297e+06
   1.3910419e+06
   1.3918227e+06
   1.3925128e+06
   1.3933491e+06
   1.3942136e+06
   1.3947459e+06
   1.3957591e+06
   1.3968351e+06
   1.3975758e+06
   1.3983513e+06
   1.3990597e+06
   1.3997627e+06
   1.4007569e+06
   1.4021724e+06
   1.4026438e+06
   1.4032224e+06
   1.4038262e+06
   1.4046075e+06
   1.4051744e+06
   1.4064707e+06
   1.4070865e+06
   1.4093682e+06
   1.4103808e+06
   1.4110002e+06
   1.4115930e+06
   1.4120110e+06
   1.4123856e+06
   1.4130525e+06
   1.4136865e+06
   1.4140841e+06
   1.4145044e+06
   1.4161846e+06
   1.4166897e+06
   1.4172723e+06
   1.4176193e+06
   1.4183080e+06
   1.4188155e+06
   1.4192514e+06
   1.4197257e+06
   1.4411401e+06
   1.4415993e+06
   1.4421177e+06
   1.4444971e+06
   1.4463635e+06
   1.4469450e+06
   1.4474093e+06
   1.4479484e+06
   1.4487321e+06
   1.4492502e+06
   1.4497614e+06
   1.4504902e+06
   1.4510046e+06
   1.4514103e+06
   1.4571077e+06
   1.4577276e+06
   1.4583670e+06
   1.4587253e+06
   1.4594999e+06
   1.4598638e+06
   1.4605147e+06
   1.4609168e+06
   1.4617634e+06
   1.4625807e+06
   1.4639344e+06
   1.4646616e+06
   1.4655949e+06
   1.4664444e+06
   1.4668280e+06
   1.4698255e+06
   1.4703060e+06
   1.4708500e+06
   1.4717426e+06
   1.4722731e+06
   1.4730618e+06
   1.4735169e+06
   1.4743525e+06
   1.4750742e+06
   1.4757147e+06
   1.4767650e+06
   1.4778228e+06
   1.4794091e+06
   1.4799829e+06
   1.5004659e+06
   1.5009061e+06
   1.5019226e+06
   1.5024382e+06
   1.5030434e+06
   1.5035114e+06
   1.5040667e+06
   1.5047722e+06
   1.5054375e+06
   1.5060852e+06
   1.5068790e+06
   1.5073378e+06
   1.5079254e+06
   1.5085382e+06
   1.5095550e+06
   1.5113450e+06
   1.5131838e+06
   1.5137006e+06
   1.5142232e+06
   1.5147876e+06
   1.5158302e+06
   1.5168880e+06
   1.5174819e+06
   1.5181319e+06
   1.5188224e+06
   1.5196593e+06
   1.5202989e+06
   1.5208237e+06
   1.5218573e+06
   1.5223911e+06
   1.5234225e+06
   1.5241325e+06
   1.5247944e+06
   1.5257832e+06
   1.5262388e+06
   1.5274342e+06
   1.5282413e+06
   1.5292913e+06
   1.5297243e+06
   1.5302802e+06
   1.5309179e+06
   1.5317640e+06
   1.5325140e+06
   1.5329380e+06
   1.5337233e+06
   1.5345440e+06
   1.5354838e+06
   1.5361179e+06
   1.5369640e+06
   1.5374088e+06
   1.5610546e+06
   1.5614833e+06
   1.5621168e+06
   1.5624855e+06
   1.5628404e+06
   1.5636046e+06
   1.5639899e+06
   1.5645842e+06
   1.5650182e+06
   1.5656545e+06
   1.5661910e+06
   1.5668566e+06
   1.5673564e+06
   1.5678170e+06
   1.5688812e+06
   1.5697098e+06
   1.5703516e+06
   1.5711927e+06
   1.5716781e+06
   1.5724421e+06
   1.5732430e+06
   1.5742554e+06
   1.5763154e+06
   1.5769218e+06
   1.5774525e+06
   1.5782540e+06
   1.5789958e+06
   1.5802829e+06
   1.5811229e+06
   1.5826510e+06
   1.5835366e+06
   1.5841061e+06
   1.5846582e+06
   1.5863333e+06
   1.5869674e+06
   1.5874703e+06
   1.5881066e+06
   1.5887868e+06
   1.5907650e+06
   1.5920460e+06
   1.5925024e+06
   1.5930730e+06
   1.5937909e+06
   1.5942499e+06
   1.5948207e+06
   1.5956175e+06
   1.5962152e+06
   1.5979295e+06
   1.5988475e+06
   1.5992304e+06
   1.5998613e+06
   1.6204063e+06
   1.6209384e+06
   1.6220259e+06
   1.6227489e+06
   1.6233901e+06
   1.6238487e+06
   1.6244859e+06
   1.6250618e+06
   1.6257838e+06
   1.6266510e+06
   1.6270413e+06
   1.6276630e+06
   1.6281926e+06
   1.6307767e+06
   1.6338411e+06
   1.6345369e+06
   1.6395091e+06
   1.6402678e+06
   1.6415110e+06
   1.6425427e+06
   1.6431022e+06
   1.6436237e+06
   1.6442693e+06
   1.6449172e+06
   1.6456457e+06
   1.6461483e+06
   1.6465622e+06
   1.6545940e+06
   1.6553210e+06
   1.6563270e+06
   1.6569667e+06
   1.6577145e+06
   1.6582609e+06
   1.6588126e+06
   1.6595377e+06
   1.6810550e+06
   1.6817765e+06
   1.6831137e+06
   1.6836543e+06
   1.6843690e+06
   1.6851350e+06
   1.6858743e+06
   1.6862603e+06
   1.6878490e+06
   1.6881543e+06
   1.6886865e+06
   1.6892775e+06
   1.6897762e+06
   1.6902155e+06
   1.6908251e+06
   1.6915812e+06
   1.6927797e+06
   1.6934541e+06
   1.6941571e+06
   1.6963046e+06
   1.6968660e+06
   1.6973053e+06
   1.6979286e+06
   1.6984884e+06
   1.6990325e+06
   1.7005045e+06
   1.7014053e+06
   1.7024666e+06
   1.7028838e+06
   1.7058744e+06
   1.7066756e+06
   1.7076538e+06
   1.7081283e+06
   1.7084679e+06
   1.7091200e+06
   1.7096125e+06
   1.7147966e+06
   1.7151793e+06
   1.7155671e+06
   1.7161862e+06
   1.7167585e+06
   1.7171978e+06
   1.7185140e+06
   1.7194780e+06
   1.7407504e+06
   1.7412109e+06
   1.7419313e+06
   1.7424531e+06
   1.7430145e+06
   1.7434071e+06
   1.7439958e+06
   1.7445647e+06
   1.7450808e+06
   1.7463941e+06
   1.7468498e+06
   1.7475024e+06
   1.7483852e+06
   1.7491520e+06
   1.7499129e+06
   1.7509225e+06
   1.7513814e+06
   1.7524530e+06
   1.7531467e+06
   1.7536632e+06
   1.7540766e+06
   1.7546653e+06
   1.7549782e+06
   1.7562125e+06
   1.7568110e+06
   1.7574693e+06
   1.7584792e+06
   1.7590865e+06
   1.7606138e+06
   1.7614025e+06
   1.7618622e+06
   1.7625493e+06
   1.7634609e+06
   1.7649765e+06
   1.7655836e+06
   1.7662386e+06
   1.7667507e+06
   1.7672597e+06
   1.7687041e+06
   1.7692636e+06
   1.7696697e+06
   1.7708926e+06
   1.7712865e+06
   1.7719025e+06
   1.7725675e+06
   1.7732104e+06
   1.7738952e+06
   1.7744712e+06
   1.7758284e+06
   1.7764876e+06
   1.7769648e+06
   1.7780741e+06
   1.7788311e+06
   1.7795154e+06
   1.7799717e+06
   1.8009525e+06
   1.8015635e+06
   1.8022837e+06
   1.8030913e+06
   1.8035925e+06
   1.8047762e+06
   1.8052682e+06
   1.8059448e+06
   1.8070884e+06
   1.8076015e+06
   1.8084248e+06
   1.8091060e+06
   1.8095953e+06
   1.8108908e+06
   1.8117096e+06
   1.8122957e+06
   1.8128185e+06
   1.8135202e+06
   1.8139429e+06
   1.8145132e+06
   1.8152617e+06
   1.8158878e+06
   1.8173319e+06
   1.8179410e+06
   1.8185693e+06
   1.8203929e+06
   1.8211578e+06
   1.8219104e+06
   1.8230221e+06
   1.8244664e+06
   1.8256537e+06
   1.8263358e+06
   1.8270844e+06
   1.8277883e+06
   1.8309231e+06
   1.8316565e+06
   1.8322862e+06
   1.8329227e+06
   1.8336719e+06
   1.8343701e+06
   1.8350568e+06
   1.8356687e+06
   1.8363737e+06
   1.8371447e+06
   1.8376052e+06
   1.8381349e+06
   1.8389180e+06
   1.8604319e+06
   1.8609929e+06
   1.8616341e+06
   1.8633469e+06
   1.8642798e+06
   1.8650358e+06
   1.8662501e+06
   1.8668369e+06
   1.8673531e+06
   1.8680484e+06
   1.8692971e+06
   1.8702929e+06
   1.8707270e+06
   1.8712637e+06
   1.8720934e+06
   1.8733231e+06
   1.8740145e+06
   1.8744494e+06
   1.8748518e+06
   1.8769483e+06
   1.8775354e+06
   1.8783976e+06
   1.8787672e+06
   1.8804200e+06
   1.8810791e+06
   1.8820729e+06
   1.8829907e+06
   1.8836318e+06
   1.8839873e+06
   1.8846220e+06
   1.8851804e+06
   1.8858650e+06
   1.8864563e+06
   1.8871144e+06
   1.8891197e+06
   1.8898923e+06
   1.8903487e+06
   1.8908498e+06
   1.8913325e+06
   1.8926102e+06
   1.8932043e+06
   1.8941836e+06
   1.8947926e+06
   1.8953351e+06
   1.8960136e+06
   1.8965523e+06
   1.8971466e+06
   1.8976633e+06
   1.8987999e+06
   1.8993008e+06
   1.8998456e+06
   1.8984045e+06
   1.8988930e+06
   1.8994733e+06
   1.8999550e+06
   1.8310442e+06
   1.8318476e+06
   1.8325816e+06
   1.8333375e+06
   1.8338361e+06
   1.8344196e+06
   1.8349361e+06
   1.8355740e+06
   1.8363258e+06
   1.8368367e+06
   1.8376293e+06
   1.8385448e+06
   1.8388642e+06
   1.8398678e+06
   1.8611900e+06
   1.8625870e+06
   1.8635375e+06
   1.8643552e+06
   1.8652223e+06
   1.8655836e+06
   1.8690604e+06
   1.8700273e+06
   1.8704027e+06
   1.8713129e+06
   1.8719966e+06
   1.8726477e+06
   1.8731513e+06
   1.8739430e+06
   1.8743814e+06
   1.8752380e+06
   1.8813787e+06
   1.8818452e+06
   1.8826158e+06
   1.8831801e+06
   1.8837052e+06
   1.8842857e+06
   1.8851245e+06
   1.8855328e+06
   1.8863976e+06
   1.8869906e+06
   1.8876518e+06
   1.8895294e+06
   1.8922695e+06
   1.8954610e+06
   1.8959075e+06
   1.8965547e+06
   1.8970282e+06
   1.8977583e+06
   1.8982270e+06
   1.8985058e+06
   1.8993890e+06
   1.8959729e+06
   1.8968253e+06
   1.8973276e+06
   1.8978008e+06
   1.8986747e+06
   1.8993709e+06
   1.8992515e+06
   1.8997598e+06
   1.8870653e+06
   1.8876197e+06
   1.8880588e+06
   1.8890768e+06
   1.8895794e+06
   1.8904704e+06
   1.8909453e+06
   1.8915717e+06
   1.8920655e+06
   1.8925208e+06
   1.8935567e+06
   1.8942214e+06
   1.8948751e+06
   1.8952941e+06
   1.8958586e+06
   1.8968779e+06
   1.8976112e+06
   1.8980781e+06
   1.8990786e+06
   1.8999642e+06
   1.8929295e+06
   1.8933550e+06
   1.8941007e+06
   1.8949676e+06
   1.8955801e+06
   1.8964951e+06
   1.8971269e+06
   1.8977853e+06
   1.8985355e+06
   1.8991428e+06
   1.8999029e+06
