   6.6166589e+02
   1.6169729e+03
   2.1216511e+03
   2.6888784e+03
   3.1265155e+03
   3.8108700e+03
   4.7778710e+03
   5.4324957e+03
   6.0535591e+03
   6.5506580e+03
   7.2509277e+03
   7.9776964e+03
   8.4677679e+03
   9.0586286e+03
   9.6935952e+03
   1.0508426e+04
   1.1027539e+04
   1.1792307e+04
   1.3663297e+04
   1.5821728e+04
   1.6789505e+04
   1.7319213e+04
   1.7985709e+04
   1.8660902e+04
   1.9172187e+04
   2.0375529e+04
   2.1411360e+04
   2.2725274e+04
   2.3419198e+04
   2.4143794e+04
   2.4646413e+04
   2.6648097e+04
   2.7467174e+04
   2.8233261e+04
   2.8714301e+04
   2.9428540e+04
   2.9864764e+04
   3.0357276e+04
   3.0934705e+04
   3.1707032e+04
   3.2214922e+04
   3.2915981e+04
   3.4112677e+04
   3.4823063e+04
   3.5447413e+04
   3.6085061e+04
   3.6604933e+04
   3.7233471e+04
   3.7683273e+04
   3.9371285e+04
   3.9826106e+04
   4.0339657e+04
   4.0466702e+04
   4.1027370e+04
   4.1758686e+04
   4.2178940e+04
   4.2734981e+04
   4.3262864e+04
   4.3727153e+04
   4.4544245e+04
   4.5234851e+04
   4.5684963e+04
   4.6504479e+04
   4.7561089e+04
   4.8038975e+04
   4.8475390e+04
   4.9203572e+04
   4.9629310e+04
   5.0581918e+04
   5.1424037e+04
   5.1938762e+04
   5.3059896e+04
   5.3855404e+04
   5.4439615e+04
   5.5001069e+04
   5.5417794e+04
   5.6225818e+04
   5.6619492e+04
   5.7132103e+04
   5.8005323e+04
   5.8565401e+04
   5.9236450e+04
   5.9575849e+04
   1.0102449e+05
   1.0148283e+05
   1.0195320e+05
   1.0257801e+05
   1.0335056e+05
   1.0383465e+05
   1.0428901e+05
   1.0500064e+05
   1.0622348e+05
   1.0667067e+05
   1.0748372e+05
   1.0783657e+05
   1.0873784e+05
   1.0908885e+05
   1.1010776e+05
   1.1067225e+05
   1.1133969e+05
   1.1291747e+05
   1.1349023e+05
   1.1441118e+05
   1.1485855e+05
   1.1537682e+05
   1.1602512e+05
   1.1646816e+05
   1.1698362e+05
   1.1770588e+05
   1.1825389e+05
   1.1867038e+05
   1.1896732e+05
   1.6101599e+05
   1.6161183e+05
   1.6292563e+05
   1.6369445e+05
   1.6446026e+05
   1.6517304e+05
   1.6599917e+05
   1.6691714e+05
   1.6743772e+05
   1.6840079e+05
   1.6903981e+05
   1.6966107e+05
   1.7037236e+05
   1.7070105e+05
   1.7164249e+05
   1.7198511e+05
   1.7299964e+05
   1.7363815e+05
   1.7457541e+05
   1.7544908e+05
   1.7610939e+05
   1.7662144e+05
   1.7701732e+05
   1.7757832e+05
   1.7796420e+05
   1.7845506e+05
   1.7883342e+05
   1.7975399e+05
   2.2736258e+05
   2.2770335e+05
   2.2829373e+05
   2.2881428e+05
   2.2921222e+05
   2.2964715e+05
   2.3010695e+05
   2.3063343e+05
   2.3110761e+05
   2.3154416e+05
   2.3205354e+05
   2.3258346e+05
   2.3322099e+05
   2.3362893e+05
   2.3454851e+05
   2.3501934e+05
   2.3553309e+05
   2.3775447e+05
   2.3827927e+05
   2.3906380e+05
   2.3960329e+05
   2.8061209e+05
   2.8099390e+05
   2.8138075e+05
   2.8186776e+05
   2.8232134e+05
   2.8281879e+05
   2.8361707e+05
   2.8433175e+05
   2.8483003e+05
   2.8653676e+05
   2.8741696e+05
   2.8865260e+05
   2.8915009e+05
   2.8970729e+05
   2.9030643e+05
   2.9134177e+05
   2.9192995e+05
   2.9250511e+05
   2.9365267e+05
   2.9796028e+05
   2.9859032e+05
   2.9981281e+05
   3.4043034e+05
   3.4096125e+05
   3.4173943e+05
   3.4201314e+05
   3.4258032e+05
   3.4309214e+05
   3.4367808e+05
   3.4416495e+05
   3.4458898e+05
   3.4501915e+05
   3.4543181e+05
   3.4606748e+05
   3.4745073e+05
   3.4780140e+05
   3.4821437e+05
   3.4881615e+05
   3.4955388e+05
   3.5006756e+05
   3.5055673e+05
   3.5109964e+05
   3.5160397e+05
   3.5190145e+05
   3.5237722e+05
   3.5275650e+05
   3.5329978e+05
   3.5451893e+05
   3.5495015e+05
   3.5556055e+05
   3.5612849e+05
   3.5680345e+05
   3.5772916e+05
   3.5832729e+05
   3.5876540e+05
   3.5954556e+05
   4.0064896e+05
   4.0149969e+05
   4.0230126e+05
   4.0378415e+05
   4.0412198e+05
   4.0458456e+05
   4.0571669e+05
   4.0612715e+05
   4.0794699e+05
   4.0885935e+05
   4.0937718e+05
   4.1109127e+05
   4.1155399e+05
   4.1206015e+05
   4.1291015e+05
   4.1346398e+05
   4.1447659e+05
   4.1488958e+05
   4.1549284e+05
   4.1604407e+05
   4.1689729e+05
   4.1757431e+05
   4.1817637e+05
   4.1892514e+05
   4.1965362e+05
   4.6068575e+05
   4.6106757e+05
   4.6168665e+05
   4.6212691e+05
   4.6349916e+05
   4.6396264e+05
   4.6497184e+05
   4.6559960e+05
   4.6634494e+05
   4.6836087e+05
   4.6882719e+05
   4.6931959e+05
   4.6983169e+05
   4.7041387e+05
   4.7082137e+05
   4.7130214e+05
   4.7190584e+05
   4.7271315e+05
   4.7325825e+05
   4.7375585e+05
   4.7472252e+05
   4.7538413e+05
   4.7579315e+05
   4.7623315e+05
   4.7690426e+05
   4.7759388e+05
   4.7815673e+05
   4.7879105e+05
   4.7930314e+05
   4.7969493e+05
   5.2057846e+05
   5.2135304e+05
   5.2184749e+05
   5.2238743e+05
   5.2313659e+05
   5.2384642e+05
   5.2427697e+05
   5.2481229e+05
   5.2523580e+05
   5.2591341e+05
   5.2687629e+05
   5.2803556e+05
   5.2838722e+05
   5.2877211e+05
   5.2948446e+05
   5.3012117e+05
   5.3110061e+05
   5.3165206e+05
   5.3216108e+05
   5.3311546e+05
   5.3357536e+05
   5.3456606e+05
   5.3579429e+05
   5.3649429e+05
   5.3695087e+05
   5.3743043e+05
   5.3827110e+05
   5.3937633e+05
   5.3982656e+05
   5.8066857e+05
   5.8111378e+05
   5.8151164e+05
   5.8255872e+05
   5.8312714e+05
   5.8379757e+05
   5.8421945e+05
   5.8492920e+05
   5.8546211e+05
   5.8606769e+05
   5.8656176e+05
   5.8745391e+05
   5.8795128e+05
   5.8870926e+05
   5.8905183e+05
   5.8957312e+05
   5.9003299e+05
   5.9056802e+05
   5.9101943e+05
   5.9177762e+05
   5.9224403e+05
   5.9312506e+05
   5.9355658e+05
   5.9439311e+05
   5.9481358e+05
   5.9547451e+05
   5.9584939e+05
   5.9652007e+05
   5.9682146e+05
   5.9736614e+05
   5.9765978e+05
   5.9820128e+05
   5.9854975e+05
   5.9902143e+05
   5.9957008e+05
   5.9999244e+05
   6.0058621e+05
   6.0142210e+05
   6.0198002e+05
   6.0235824e+05
   6.0291802e+05
   6.0383574e+05
   6.0434884e+05
   6.0521069e+05
   6.0574156e+05
   6.0663982e+05
   6.0716897e+05
   6.0771275e+05
   6.0836618e+05
   6.0889444e+05
   6.0933238e+05
   6.1005644e+05
   6.1110843e+05
   6.1157908e+05
   6.1254264e+05
   6.1301593e+05
   6.1363721e+05
   6.1486028e+05
   6.1570789e+05
   6.1650964e+05
   6.1745385e+05
   6.1817840e+05
   6.1854620e+05
   6.1925855e+05
   6.1980727e+05
   6.2040874e+05
   6.2093586e+05
   6.2188238e+05
   6.2235991e+05
   6.2289946e+05
   6.2334457e+05
   6.2384886e+05
   6.2427709e+05
   6.2493549e+05
   6.2602666e+05
   6.2654355e+05
   6.2689751e+05
   6.2748585e+05
   6.2794906e+05
   6.2867342e+05
   6.2910609e+05
   6.5833233e+05
   6.5873090e+05
   6.5926981e+05
   6.5973033e+05
   6.6018072e+05
   6.6088817e+05
   6.6134519e+05
   6.6204101e+05
   6.6288472e+05
   6.6374525e+05
   6.6447912e+05
   6.8488077e+05
   6.8555857e+05
   6.8622717e+05
   6.8757599e+05
   6.8795819e+05
   6.8855874e+05
   6.8927650e+05
   6.8980763e+05
   6.9044700e+05
   6.9121632e+05
   6.9214392e+05
   6.9251514e+05
   6.9292319e+05
   6.9380209e+05
   6.9449323e+05
   6.9533488e+05
   6.9605973e+05
   6.9687574e+05
   6.9783991e+05
   6.9884842e+05
   6.9934594e+05
   7.0238389e+05
   7.0285430e+05
   7.0360713e+05
   7.0440859e+05
   7.0522774e+05
   7.0569062e+05
   7.0649951e+05
   7.0751749e+05
   7.0819222e+05
   7.0874452e+05
   7.0966604e+05
   7.1037730e+05
   7.1154717e+05
   7.1296839e+05
   7.1378750e+05
   7.1498967e+05
   7.1605995e+05
   7.1647288e+05
   7.1698516e+05
   7.1760430e+05
   7.1870971e+05
   7.1985773e+05
   7.2233527e+05
   7.2312153e+05
   7.2383855e+05
   7.2413723e+05
   7.2494582e+05
   7.2559363e+05
   7.2607949e+05
   7.2783507e+05
   7.2858935e+05
   7.2912202e+05
   7.2955007e+05
   7.3028222e+05
   7.3127332e+05
   7.3209015e+05
   7.3245581e+05
   7.3321031e+05
   7.3425368e+05
   7.3494159e+05
   7.3544171e+05
   7.3621966e+05
   7.3652783e+05
   7.3702034e+05
   7.3746975e+05
   7.3805757e+05
   7.3851209e+05
   7.3891972e+05
   7.3952716e+05
   7.4024863e+05
   7.4077451e+05
   7.4110443e+05
   7.5346077e+05
   7.5381525e+05
   7.5458088e+05
   7.5563766e+05
   7.5908669e+05
   7.6042281e+05
   7.6123190e+05
   7.6208040e+05
   7.6259637e+05
   7.6361315e+05
   7.6396982e+05
   7.6441811e+05
   7.6507711e+05
   7.6558970e+05
   7.6608585e+05
   7.6662663e+05
   7.6736905e+05
   7.6769971e+05
   7.6838970e+05
   7.6922720e+05
   7.6955335e+05
   7.6996952e+05
   7.7058151e+05
   7.7130549e+05
   7.7172377e+05
   7.7206067e+05
   7.7239387e+05
   7.7277486e+05
   7.7312104e+05
   7.7389672e+05
   7.7449749e+05
   7.7523354e+05
   7.7559890e+05
   7.7604992e+05
   7.7779718e+05
   7.7822320e+05
   7.7893147e+05
   7.7984333e+05
   8.2112084e+05
   8.2174602e+05
   8.2232143e+05
   8.2294870e+05
   8.2355867e+05
   8.2398125e+05
   8.2462341e+05
   8.2537206e+05
   8.2689678e+05
   8.2751417e+05
   8.2801169e+05
   8.2849142e+05
   8.2920684e+05
   8.2955427e+05
   8.2994846e+05
   8.3031744e+05
   8.3096692e+05
   8.3131233e+05
   8.3176151e+05
   8.3225307e+05
   8.3274570e+05
   8.3335133e+05
   8.3380707e+05
   8.3445930e+05
   8.3495412e+05
   8.3557358e+05
   8.3612870e+05
   8.3660170e+05
   8.3718131e+05
   8.3816575e+05
   8.3875501e+05
   8.3948787e+05
   8.8059842e+05
   8.8112444e+05
   8.8157566e+05
   8.8207464e+05
   8.8299535e+05
   8.8363497e+05
   8.8411742e+05
   8.8448518e+05
   8.8534901e+05
   8.8578413e+05
   8.8692118e+05
   8.8755875e+05
   8.8858605e+05
   8.8965014e+05
   8.9056975e+05
   8.9139314e+05
   8.9232451e+05
   8.9311926e+05
   8.9373018e+05
   8.9454498e+05
   8.9514754e+05
   8.9581615e+05
   8.9627727e+05
   8.9654516e+05
   8.9701706e+05
   8.9742413e+05
   8.9839291e+05
   8.9896047e+05
   8.9968723e+05
   9.4052098e+05
   9.4102019e+05
   9.4141169e+05
   9.4220200e+05
   9.4322461e+05
   9.4359513e+05
   9.4413693e+05
   9.4487698e+05
   9.4529287e+05
   9.4676700e+05
   9.4746409e+05
   9.4816630e+05
   9.4860315e+05
   9.4906740e+05
   9.4973051e+05
   9.5004876e+05
   9.5104751e+05
   9.5147784e+05
   9.5224074e+05
   9.5295603e+05
   9.5346361e+05
   9.5398955e+05
   9.5472177e+05
   9.5524102e+05
   9.5583219e+05
   9.5804775e+05
   9.5891788e+05
   9.5939621e+05
   9.5987031e+05
   1.0007811e+06
   1.0014620e+06
   1.0021202e+06
   1.0025554e+06
   1.0032093e+06
   1.0041256e+06
   1.0046041e+06
   1.0050339e+06
   1.0056328e+06
   1.0067741e+06
   1.0075094e+06
   1.0079957e+06
   1.0087447e+06
   1.0093138e+06
   1.0097690e+06
   1.0105526e+06
   1.0110451e+06
   1.0114388e+06
   1.0120289e+06
   1.0126222e+06
   1.0129550e+06
   1.0134276e+06
   1.0143959e+06
   1.0149695e+06
   1.0155870e+06
   1.0160328e+06
   1.0165918e+06
   1.0175082e+06
   1.0179263e+06
   1.0184529e+06
   1.0187580e+06
   1.0192414e+06
   1.0197440e+06
   1.0607380e+06
   1.0611549e+06
   1.0616179e+06
   1.0625589e+06
   1.0630270e+06
   1.0634678e+06
   1.0639418e+06
   1.0643611e+06
   1.0650253e+06
   1.0658514e+06
   1.0664843e+06
   1.0669075e+06
   1.0676205e+06
   1.0682251e+06
   1.0688938e+06
   1.0693790e+06
   1.0701034e+06
   1.0706362e+06
   1.0711351e+06
   1.0715780e+06
   1.0721705e+06
   1.0728849e+06
   1.0734410e+06
   1.0739239e+06
   1.0744368e+06
   1.0749421e+06
   1.0754130e+06
   1.0757137e+06
   1.0760454e+06
   1.0763384e+06
   1.0767613e+06
   1.0770495e+06
   1.0775733e+06
   1.0780192e+06
   1.0785858e+06
   1.0792337e+06
   1.0796486e+06
   1.1208591e+06
   1.1217297e+06
   1.1221389e+06
   1.1226197e+06
   1.1230629e+06
   1.1243906e+06
   1.1250454e+06
   1.1260209e+06
   1.1265402e+06
   1.1275115e+06
   1.1280891e+06
   1.1286255e+06
   1.1295049e+06
   1.1301016e+06
   1.1304565e+06
   1.1312187e+06
   1.1318516e+06
   1.1324662e+06
   1.1332961e+06
   1.1337579e+06
   1.1343043e+06
   1.1348275e+06
   1.1352775e+06
   1.1361362e+06
   1.1365534e+06
   1.1372188e+06
   1.1376404e+06
   1.1383652e+06
   1.1389347e+06
   1.1396317e+06
   1.1804420e+06
   1.1809113e+06
   1.1817189e+06
   1.1821832e+06
   1.1826203e+06
   1.1832443e+06
   1.1839321e+06
   1.1843741e+06
   1.1852058e+06
   1.1855957e+06
   1.1861448e+06
   1.1877062e+06
   1.1880801e+06
   1.1886289e+06
   1.1890412e+06
   1.1893994e+06
   1.1898814e+06
   1.1904639e+06
   1.1908835e+06
   1.1914643e+06
   1.1921671e+06
   1.1926374e+06
   1.1935373e+06
   1.1944402e+06
   1.1953317e+06
   1.1964267e+06
   1.1974072e+06
   1.1978973e+06
   1.1984547e+06
   1.1990324e+06
   1.1996977e+06
   1.2405254e+06
   1.2409601e+06
   1.2414149e+06
   1.2417558e+06
   1.2425286e+06
   1.2430919e+06
   1.2436431e+06
   1.2439458e+06
   1.2442888e+06
   1.2453111e+06
   1.2457772e+06
   1.2462929e+06
   1.2467611e+06
   1.2475164e+06
   1.2481711e+06
   1.2485509e+06
   1.2490919e+06
   1.2499035e+06
   1.2503905e+06
   1.2509658e+06
   1.2515416e+06
   1.2519232e+06
   1.2529637e+06
   1.2536194e+06
   1.2547799e+06
   1.2550921e+06
   1.2557239e+06
   1.2570363e+06
   1.2574817e+06
   1.2584467e+06
   1.2589764e+06
   1.2594259e+06
   1.3008424e+06
   1.3014189e+06
   1.3019746e+06
   1.3027986e+06
   1.3034854e+06
   1.3044712e+06
   1.3055176e+06
   1.3059927e+06
   1.3068241e+06
   1.3074871e+06
   1.3080441e+06
   1.3086512e+06
   1.3091947e+06
   1.3098539e+06
   1.3143876e+06
   1.3149067e+06
   1.3154726e+06
   1.3161125e+06
   1.3172382e+06
   1.3178986e+06
   1.3182607e+06
   1.3189553e+06
   1.3195791e+06
   1.3604592e+06
   1.3610992e+06
   1.3617324e+06
   1.3624062e+06
   1.3629034e+06
   1.3634081e+06
   1.3640478e+06
   1.3645250e+06
   1.3650196e+06
   1.3655801e+06
   1.3664628e+06
   1.3673486e+06
   1.3677405e+06
   1.3682754e+06
   1.3687424e+06
   1.3692386e+06
   1.3696420e+06
   1.3704613e+06
   1.3711875e+06
   1.3715658e+06
   1.3722240e+06
   1.3728035e+06
   1.3734456e+06
   1.3739832e+06
   1.3770766e+06
   1.3774742e+06
   1.3784573e+06
   1.3788452e+06
   1.3795514e+06
   1.4203994e+06
   1.4207762e+06
   1.4212617e+06
   1.4216517e+06
   1.4221531e+06
   1.4226880e+06
   1.4230708e+06
   1.4235974e+06
   1.4249199e+06
   1.4254667e+06
   1.4265873e+06
   1.4276407e+06
   1.4284083e+06
   1.4288188e+06
   1.4297043e+06
   1.4306141e+06
   1.4313805e+06
   1.4322180e+06
   1.4328253e+06
   1.4337980e+06
   1.4346997e+06
   1.4352804e+06
   1.4357545e+06
   1.4361170e+06
   1.4367074e+06
   1.4373103e+06
   1.4384757e+06
   1.4388978e+06
   1.4393169e+06
   1.4396665e+06
   1.4807632e+06
   1.4812885e+06
   1.4820525e+06
   1.4829564e+06
   1.4834630e+06
   1.4842784e+06
   1.4848789e+06
   1.4856085e+06
   1.4862883e+06
   1.4866516e+06
   1.4874084e+06
   1.4884312e+06
   1.4890090e+06
   1.4897576e+06
   1.4902135e+06
   1.4907309e+06
   1.4913363e+06
   1.4919479e+06
   1.4923183e+06
   1.4927074e+06
   1.4934751e+06
   1.4945276e+06
   1.4951877e+06
   1.4956876e+06
   1.4964703e+06
   1.4973400e+06
   1.4977827e+06
   1.4983805e+06
   1.4990805e+06
   1.4994938e+06
   1.5407271e+06
   1.5412183e+06
   1.5416052e+06
   1.5420223e+06
   1.5427051e+06
   1.5435489e+06
   1.5439748e+06
   1.5446221e+06
   1.5449834e+06
   1.5460399e+06
   1.5464204e+06
   1.5468408e+06
   1.5474143e+06
   1.5478967e+06
   1.5486656e+06
   1.5492623e+06
   1.5495874e+06
   1.5501099e+06
   1.5508200e+06
   1.5511968e+06
   1.5518143e+06
   1.5525235e+06
   1.5530461e+06
   1.5534052e+06
   1.5536728e+06
   1.5549786e+06
   1.5555768e+06
   1.5560817e+06
   1.5568488e+06
   1.5574671e+06
   1.5579121e+06
   1.5587815e+06
   1.5592553e+06
   1.5597202e+06
   1.6005868e+06
   1.6012047e+06
   1.6017845e+06
   1.6023712e+06
   1.6029845e+06
   1.6035879e+06
   1.6041910e+06
   1.6046543e+06
   1.6049593e+06
   1.6053816e+06
   1.6059413e+06
   1.6063735e+06
   1.6099159e+06
   1.6104694e+06
   1.6110590e+06
   1.6117913e+06
   1.6121935e+06
   1.6126330e+06
   1.6132160e+06
   1.6143453e+06
   1.6151576e+06
   1.6154973e+06
   1.6161544e+06
   1.6168531e+06
   1.6174463e+06
   1.6178415e+06
   1.6184736e+06
   1.6189081e+06
   1.6192911e+06
   1.6199395e+06
   1.6606161e+06
   1.6612206e+06
   1.6615835e+06
   1.6621758e+06
   1.6626262e+06
   1.6634964e+06
   1.6638671e+06
   1.6646493e+06
   1.6650896e+06
   1.6666309e+06
   1.6675581e+06
   1.6681211e+06
   1.6684358e+06
   1.6690113e+06
   1.6697793e+06
   1.6701354e+06
   1.6706430e+06
   1.6721599e+06
   1.6729352e+06
   1.6733831e+06
   1.6750733e+06
   1.6755861e+06
   1.6767670e+06
   1.6772706e+06
   1.6778898e+06
   1.6783347e+06
   1.6788129e+06
   1.6793491e+06
   1.6797022e+06
   1.7209149e+06
   1.7242195e+06
   1.7248042e+06
   1.7265967e+06
   1.7269784e+06
   1.7276127e+06
   1.7280985e+06
   1.7288831e+06
   1.7293675e+06
   1.7302447e+06
   1.7306902e+06
   1.7312309e+06
   1.7315946e+06
   1.7322327e+06
   1.7326437e+06
   1.7330460e+06
   1.7335715e+06
   1.7345866e+06
   1.7350436e+06
   1.7355935e+06
   1.7359874e+06
   1.7366076e+06
   1.7373271e+06
   1.7377415e+06
   1.7381217e+06
   1.7385499e+06
   1.7390071e+06
   1.7396961e+06
   1.7804341e+06
   1.7809426e+06
   1.7815870e+06
   1.7819361e+06
   1.7824408e+06
   1.7830629e+06
   1.7837504e+06
   1.7840445e+06
   1.7844882e+06
   1.7852979e+06
   1.7874189e+06
   1.7880166e+06
   1.7886105e+06
   1.7890034e+06
   1.7893505e+06
   1.7897282e+06
   1.7903245e+06
   1.7909539e+06
   1.7915849e+06
   1.7921118e+06
   1.7927225e+06
   1.7933279e+06
   1.7944428e+06
   1.7955384e+06
   1.7963413e+06
   1.7973719e+06
   1.7977272e+06
   1.7982429e+06
   1.8404634e+06
   1.8408876e+06
   1.8413480e+06
   1.8417584e+06
   1.8421568e+06
   1.8427929e+06
   1.8444245e+06
   1.8449824e+06
   1.8455309e+06
   1.8460357e+06
   1.8466546e+06
   1.8476100e+06
   1.8483755e+06
   1.8489375e+06
   1.8494496e+06
   1.8498894e+06
   1.8505056e+06
   1.8509438e+06
   1.8520338e+06
   1.8525156e+06
   1.8530896e+06
   1.8537112e+06
   1.8544491e+06
   1.8550399e+06
   1.8563334e+06
   1.8567522e+06
   1.8573017e+06
   1.8578806e+06
   1.8585766e+06
   1.8590989e+06
   1.8595938e+06
   1.9003651e+06
   1.9010783e+06
   1.9015616e+06
   1.9020193e+06
   1.9024907e+06
   1.9031666e+06
   1.9042445e+06
   1.9047059e+06
   1.9054010e+06
   1.9058103e+06
   1.9069522e+06
   1.9079464e+06
   1.9084419e+06
   1.9092346e+06
   1.9098434e+06
   1.9103301e+06
   1.9109328e+06
   1.9115790e+06
   1.9120646e+06
   1.9125276e+06
   1.9132098e+06
   1.9137632e+06
   1.9159244e+06
   1.9166081e+06
   1.9169674e+06
   1.9177204e+06
   1.9181350e+06
   1.9186191e+06
   1.9193102e+06
   1.9198980e+06
   6.0883929e+04
   6.1380362e+04
   6.2625665e+04
   6.3855423e+04
   6.4349127e+04
   6.5770450e+04
   6.6302867e+04
   6.6700642e+04
   6.7626560e+04
   6.8214603e+04
   6.8971049e+04
   6.9405845e+04
   7.0095146e+04
   7.0519426e+04
   7.1092793e+04
   7.1633385e+04
   7.2279332e+04
   7.2830274e+04
   7.3316433e+04
   7.4138929e+04
   7.4655926e+04
   7.5690878e+04
   7.6399511e+04
   7.7236596e+04
   7.8903542e+04
   7.9803009e+04
   8.0193370e+04
   8.0630876e+04
   8.1158056e+04
   8.1838104e+04
   8.2323586e+04
   8.2779486e+04
   8.3627070e+04
   8.4246815e+04
   8.4941777e+04
   8.5630561e+04
   8.6066675e+04
   8.7453863e+04
   8.7975007e+04
   8.8597525e+04
   9.1454294e+04
   9.1945722e+04
   9.3164913e+04
   9.3823841e+04
   9.4703509e+04
   9.5154080e+04
   9.5637987e+04
   9.6469020e+04
   9.7127260e+04
   9.7542215e+04
   9.8540204e+04
   9.9098609e+04
   9.9630143e+04
   1.2095486e+05
   1.2325550e+05
   1.2373763e+05
   1.2432675e+05
   1.2506231e+05
   1.2595365e+05
   1.2629605e+05
   1.2683980e+05
   1.2780184e+05
   1.2829166e+05
   1.2886377e+05
   1.2930909e+05
   1.3102504e+05
   1.3200150e+05
   1.3252313e+05
   1.3318048e+05
   1.3364882e+05
   1.3421583e+05
   1.3493314e+05
   1.3535514e+05
   1.3603905e+05
   1.3705958e+05
   1.3802098e+05
   1.3853084e+05
   1.3940748e+05
   1.4021719e+05
   1.4073423e+05
   1.4135928e+05
   1.4215246e+05
   1.4286179e+05
   1.4323300e+05
   1.4391045e+05
   1.4468581e+05
   1.4580833e+05
   1.4913424e+05
   1.4993206e+05
   1.5039534e+05
   1.5121238e+05
   1.5706131e+05
   1.5811557e+05
   1.5950658e+05
   1.8052303e+05
   1.8095441e+05
   1.8221079e+05
   1.8285893e+05
   1.8344710e+05
   1.8400173e+05
   1.8464581e+05
   1.8517037e+05
   1.8600721e+05
   1.8686203e+05
   1.8777888e+05
   1.8844531e+05
   1.8929134e+05
   1.9013991e+05
   1.9062982e+05
   1.9145595e+05
   1.9189074e+05
   1.9251378e+05
   1.9344491e+05
   1.9436915e+05
   1.9485506e+05
   1.9593210e+05
   1.9685742e+05
   1.9742554e+05
   1.9810882e+05
   1.9867120e+05
   1.9925805e+05
   2.0036763e+05
   2.0174580e+05
   2.0218914e+05
   2.0294994e+05
   2.0368685e+05
   2.0438592e+05
   2.0477170e+05
   2.0522514e+05
   2.0606866e+05
   2.0652254e+05
   2.1051244e+05
   2.1107130e+05
   2.1171682e+05
   2.1249217e+05
   2.1367851e+05
   2.1498863e+05
   2.1548762e+05
   2.1602908e+05
   2.1649375e+05
   2.1766728e+05
   2.1831716e+05
   2.1883965e+05
   2.4038660e+05
   2.4097017e+05
   2.4134996e+05
   2.4194054e+05
   2.4257359e+05
   2.4307825e+05
   2.4365341e+05
   2.4420271e+05
   2.4548565e+05
   2.4603012e+05
   2.4675577e+05
   2.4723890e+05
   2.4781295e+05
   2.4837078e+05
   2.4874954e+05
   2.4964609e+05
   2.5049456e+05
   2.5104591e+05
   2.5152780e+05
   2.5270378e+05
   2.5404838e+05
   2.5444158e+05
   2.5575349e+05
   2.5645431e+05
   2.5706036e+05
   2.5794147e+05
   2.5852220e+05
   2.5898875e+05
   2.6106365e+05
   2.6170018e+05
   2.6214185e+05
   2.6262590e+05
   2.6569498e+05
   2.6640562e+05
   2.6766924e+05
   2.6803877e+05
   2.7060915e+05
   2.7134387e+05
   2.7180977e+05
   2.7265200e+05
   2.7315806e+05
   2.7384377e+05
   2.7472798e+05
   2.7540628e+05
   2.7588002e+05
   2.7624573e+05
   2.7684578e+05
   2.7745063e+05
   3.0053842e+05
   3.0109128e+05
   3.0195010e+05
   3.0261801e+05
   3.0302849e+05
   3.0399939e+05
   3.0461347e+05
   3.0505179e+05
   3.0553841e+05
   3.0628646e+05
   3.0695700e+05
   3.0734385e+05
   3.0783326e+05
   3.0833925e+05
   3.0876884e+05
   3.0956866e+05
   3.1017543e+05
   3.1069392e+05
   3.1212495e+05
   3.1280175e+05
   3.1353093e+05
   3.1393822e+05
   3.1567862e+05
   3.1640330e+05
   3.1714239e+05
   3.1930159e+05
   3.2000534e+05
   3.2084130e+05
   3.2180015e+05
   3.2248309e+05
   3.2302608e+05
   3.2457583e+05
   3.2536586e+05
   3.2581002e+05
   3.2642412e+05
   3.2781299e+05
   3.2892869e+05
   3.2945512e+05
   3.3003947e+05
   3.3045358e+05
   3.3098453e+05
   3.3189329e+05
   3.3240815e+05
   3.3335853e+05
   3.3407287e+05
   3.3465754e+05
   3.3523583e+05
   3.3588683e+05
   3.3627835e+05
   3.3670660e+05
   3.3736828e+05
   3.3788595e+05
   3.3824450e+05
   3.3877132e+05
   3.3913906e+05
   3.6093767e+05
   3.6223334e+05
   3.6274883e+05
   3.6322329e+05
   3.6416568e+05
   3.6577284e+05
   3.6641522e+05
   3.6722151e+05
   3.6840981e+05
   3.6901559e+05
   3.6962825e+05
   3.7004600e+05
   3.7051300e+05
   3.7088979e+05
   3.7153735e+05
   3.7195051e+05
   3.7351331e+05
   3.7409312e+05
   3.7448899e+05
   3.7510415e+05
   3.7563167e+05
   3.7608740e+05
   3.7669784e+05
   3.7737544e+05
   3.7781365e+05
   3.7824235e+05
   3.7933897e+05
   3.8000597e+05
   3.8084596e+05
   3.8209262e+05
   3.8263235e+05
   3.8311669e+05
   3.8368069e+05
   3.8438939e+05
   3.8507822e+05
   3.8568770e+05
   3.8647921e+05
   3.8695798e+05
   3.8736651e+05
   3.8800229e+05
   3.8895087e+05
   3.8945593e+05
   3.9028713e+05
   3.9130119e+05
   3.9206738e+05
   3.9274983e+05
   3.9479537e+05
   3.9547069e+05
   3.9682602e+05
   3.9764023e+05
   3.9825820e+05
   3.9878421e+05
   3.9943575e+05
   4.2074080e+05
   4.2137872e+05
   4.2213970e+05
   4.2279179e+05
   4.2355917e+05
   4.2449822e+05
   4.2494794e+05
   4.2541587e+05
   4.2606455e+05
   4.2700843e+05
   4.2745112e+05
   4.2879078e+05
   4.2925921e+05
   4.3012786e+05
   4.3053056e+05
   4.3140487e+05
   4.3284407e+05
   4.3486299e+05
   4.3543560e+05
   4.3617829e+05
   4.3697634e+05
   4.3736516e+05
   4.3904827e+05
   4.3948686e+05
   4.3998119e+05
   4.4054643e+05
   4.4112179e+05
   4.4155471e+05
   4.4207754e+05
   4.4294531e+05
   4.4346169e+05
   4.4388227e+05
   4.4423632e+05
   4.4521117e+05
   4.4568376e+05
   4.4800581e+05
   4.4846644e+05
   4.4933206e+05
   4.5035412e+05
   4.5087041e+05
   4.5148852e+05
   4.5238206e+05
   4.5320214e+05
   4.5409346e+05
   4.5462820e+05
   4.5521644e+05
   4.5587352e+05
   4.5661659e+05
   4.5722442e+05
   4.5767325e+05
   4.5820877e+05
   4.5868671e+05
   4.5950143e+05
   4.8053014e+05
   4.8113107e+05
   4.8173335e+05
   4.8230979e+05
   4.8268329e+05
   4.8315099e+05
   4.8362741e+05
   4.8443665e+05
   4.8537606e+05
   4.8609603e+05
   4.8652964e+05
   4.8688081e+05
   4.8736927e+05
   4.8844360e+05
   4.8897775e+05
   4.9054087e+05
   4.9144389e+05
   4.9326826e+05
   4.9384404e+05
   4.9439285e+05
   4.9540615e+05
   4.9788248e+05
   4.9863546e+05
   4.9900578e+05
   4.9940519e+05
   5.0024914e+05
   5.0085548e+05
   5.0125915e+05
   5.0184735e+05
   5.0229049e+05
   5.0323463e+05
   5.0383615e+05
   5.0451293e+05
   5.0520634e+05
   5.0630332e+05
   5.0677697e+05
   5.0723701e+05
   5.0821146e+05
   5.0930009e+05
   5.1015177e+05
   5.1043179e+05
   5.1100230e+05
   5.1147781e+05
   5.1203683e+05
   5.1244353e+05
   5.1298599e+05
   5.1346621e+05
   5.1411930e+05
   5.1488747e+05
   5.1693892e+05
   5.1745997e+05
   5.1801292e+05
   5.1849070e+05
   5.1974619e+05
   5.4057475e+05
   5.4130431e+05
   5.4191655e+05
   5.4235249e+05
   5.4280168e+05
   5.4325377e+05
   5.4419948e+05
   5.4488796e+05
   5.4523828e+05
   5.4638950e+05
   5.4683662e+05
   5.4766541e+05
   5.4843357e+05
   5.4917541e+05
   5.4979966e+05
   5.5058708e+05
   5.5194167e+05
   5.5318048e+05
   5.5424682e+05
   5.5553375e+05
   5.5623489e+05
   5.5728703e+05
   5.5795167e+05
   5.5943858e+05
   5.6015548e+05
   5.6093099e+05
   5.6143405e+05
   5.6214890e+05
   5.6278285e+05
   5.6356355e+05
   5.6406040e+05
   5.6447654e+05
   5.6665619e+05
   5.6738942e+05
   5.6828606e+05
   5.6885786e+05
   5.6969345e+05
   5.7088280e+05
   5.7153276e+05
   5.7201009e+05
   5.7264303e+05
   5.7337547e+05
   5.7386589e+05
   5.7449476e+05
   5.7541104e+05
   5.7997122e+05
   7.8097941e+05
   7.8143284e+05
   7.8359767e+05
   7.8401392e+05
   7.8433875e+05
   7.8482604e+05
   7.8543959e+05
   7.8613999e+05
   7.8657833e+05
   7.8752943e+05
   7.8829764e+05
   7.8906239e+05
   7.8953373e+05
   7.9037636e+05
   7.9086838e+05
   7.9184636e+05
   7.9245551e+05
   7.9318146e+05
   7.9375280e+05
   7.9422068e+05
   7.9484740e+05
   7.9531736e+05
   7.9591617e+05
   7.9687115e+05
   7.9748039e+05
   7.9859590e+05
   7.9949529e+05
   7.9995287e+05
   8.0138817e+05
   8.0197296e+05
   8.0270649e+05
   8.0328707e+05
   8.0417124e+05
   8.0503573e+05
   8.0555327e+05
   8.0664403e+05
   8.0716954e+05
   8.0784845e+05
   8.0852754e+05
   8.0926894e+05
   8.1063139e+05
   8.1104823e+05
   8.1180493e+05
   8.1225308e+05
   8.1375239e+05
   8.1493331e+05
   8.1562477e+05
   8.1666196e+05
   8.1805383e+05
   8.1871541e+05
   8.1937717e+05
   8.4063706e+05
   8.4112953e+05
   8.4268982e+05
   8.4321733e+05
   8.4363394e+05
   8.4406856e+05
   8.4481119e+05
   8.4580915e+05
   8.4623851e+05
   8.4673109e+05
   8.4717022e+05
   8.4779276e+05
   8.4929351e+05
   8.4975735e+05
   8.5022134e+05
   8.5066233e+05
   8.5168909e+05
   8.5241095e+05
   8.5299978e+05
   8.5359262e+05
   8.5457863e+05
   8.5532158e+05
   8.5566523e+05
   8.5601550e+05
   8.5690513e+05
   8.5739059e+05
   8.5805238e+05
   8.5855549e+05
   8.6071811e+05
   8.6126274e+05
   8.6175805e+05
   8.6225298e+05
   8.6275594e+05
   8.6341007e+05
   8.6456005e+05
   8.6557315e+05
   8.6643491e+05
   8.6692276e+05
   8.6748523e+05
   8.6811142e+05
   8.6873327e+05
   8.6940405e+05
   8.6990598e+05
   8.7030223e+05
   8.7134341e+05
   8.7196839e+05
   8.7249235e+05
   8.7289148e+05
   8.7373975e+05
   9.0048161e+05
   9.0103391e+05
   9.0167241e+05
   9.0273154e+05
   9.0351117e+05
   9.0423257e+05
   9.0469291e+05
   9.0530362e+05
   9.0771255e+05
   9.0818588e+05
   9.0893282e+05
   9.0951596e+05
   9.1004200e+05
   9.1036018e+05
   9.1076636e+05
   9.1186429e+05
   9.1225462e+05
   9.1307183e+05
   9.1542024e+05
   9.1608826e+05
   9.1652682e+05
   9.1695550e+05
   9.1765214e+05
   9.2184362e+05
   9.2220365e+05
   9.2272053e+05
   9.2329184e+05
   9.2398779e+05
   9.2440792e+05
   9.2669057e+05
   9.2743644e+05
   9.2870035e+05
   9.2913657e+05
   9.2956068e+05
   9.2995222e+05
   9.3074648e+05
   9.3127400e+05
   9.3223001e+05
   9.3362202e+05
   9.3426715e+05
   9.3517040e+05
   9.3577277e+05
   9.3620278e+05
   9.3701209e+05
   9.3812817e+05
   9.3863565e+05
   9.3917702e+05
   9.6065138e+05
   9.6115156e+05
   9.6174508e+05
   9.6230678e+05
   9.6279640e+05
   9.6377536e+05
   9.6422090e+05
   9.6466604e+05
   9.6526770e+05
   9.6584899e+05
   9.6648126e+05
   9.6710335e+05
   9.6779488e+05
   9.6861218e+05
   9.6907817e+05
   9.6972376e+05
   9.7029040e+05
   9.7135397e+05
   9.7205145e+05
   9.7260338e+05
   9.7316821e+05
   9.7405740e+05
   9.7462113e+05
   9.7523572e+05
   9.7590782e+05
   9.7663115e+05
   9.7792217e+05
   9.7842569e+05
   9.7880613e+05
   9.7949518e+05
   9.8119665e+05
   9.8162163e+05
   9.8220434e+05
   9.8340406e+05
   9.8391338e+05
   9.8470469e+05
   9.8511498e+05
   9.8889666e+05
   9.8961088e+05
   9.9006510e+05
   9.9110902e+05
   9.9187042e+05
   9.9287974e+05
   9.9365865e+05
   9.9439383e+05
   9.9490353e+05
   9.9529462e+05
   9.9617142e+05
   9.9673365e+05
   9.9767190e+05
   9.9811069e+05
   9.9953072e+05
   9.9999569e+05
   1.0204150e+06
   1.0209174e+06
   1.0213810e+06
   1.0224382e+06
   1.0251418e+06
   1.0262909e+06
   1.0275563e+06
   1.0285295e+06
   1.0292588e+06
   1.0301173e+06
   1.0307143e+06
   1.0312878e+06
   1.0321117e+06
   1.0341700e+06
   1.0346838e+06
   1.0354597e+06
   1.0358907e+06
   1.0366354e+06
   1.0371956e+06
   1.0379150e+06
   1.0383078e+06
   1.0396948e+06
   1.0408302e+06
   1.0416291e+06
   1.0422357e+06
   1.0437382e+06
   1.0444050e+06
   1.0456245e+06
   1.0462600e+06
   1.0469013e+06
   1.0474792e+06
   1.0479947e+06
   1.0488833e+06
   1.0495009e+06
   1.0498562e+06
   1.0502644e+06
   1.0508859e+06
   1.0521607e+06
   1.0525486e+06
   1.0532680e+06
   1.0535736e+06
   1.0555111e+06
   1.0561009e+06
   1.0567453e+06
   1.0571113e+06
   1.0579227e+06
   1.0583832e+06
   1.0588685e+06
   1.0594281e+06
   1.0806981e+06
   1.0812369e+06
   1.0817186e+06
   1.0821202e+06
   1.0826788e+06
   1.0837007e+06
   1.0843445e+06
   1.0848500e+06
   1.0853074e+06
   1.0861827e+06
   1.0870718e+06
   1.0875620e+06
   1.0909115e+06
   1.0915696e+06
   1.0921782e+06
   1.0926390e+06
   1.0936946e+06
   1.0943642e+06
   1.0947985e+06
   1.0953799e+06
   1.0958732e+06
   1.0963284e+06
   1.0966874e+06
   1.0976141e+06
   1.0984840e+06
   1.0993412e+06
   1.1000958e+06
   1.1007491e+06
   1.1015751e+06
   1.1020958e+06
   1.1037011e+06
   1.1044080e+06
   1.1049366e+06
   1.1053978e+06
   1.1059296e+06
   1.1067022e+06
   1.1071724e+06
   1.1086841e+06
   1.1095328e+06
   1.1101718e+06
   1.1106269e+06
   1.1406232e+06
   1.1410945e+06
   1.1415829e+06
   1.1421544e+06
   1.1430624e+06
   1.1434052e+06
   1.1441652e+06
   1.1455022e+06
   1.1463516e+06
   1.1469380e+06
   1.1473625e+06
   1.1477129e+06
   1.1481972e+06
   1.1491612e+06
   1.1511635e+06
   1.1525955e+06
   1.1533505e+06
   1.1542063e+06
   1.1547716e+06
   1.1554884e+06
   1.1559935e+06
   1.1570211e+06
   1.1579418e+06
   1.1583865e+06
   1.1588290e+06
   1.1595422e+06
   1.1600572e+06
   1.1611132e+06
   1.1620752e+06
   1.1625108e+06
   1.1631721e+06
   1.1638872e+06
   1.1643529e+06
   1.1648848e+06
   1.1657885e+06
   1.1663064e+06
   1.1667715e+06
   1.1674140e+06
   1.1679539e+06
   1.1685936e+06
   1.1691317e+06
   1.1695585e+06
   1.1700305e+06
   1.1709148e+06
   1.1719033e+06
   1.1725829e+06
   1.1744698e+06
   1.1748898e+06
   1.1755897e+06
   1.1766666e+06
   1.1772082e+06
   1.1777960e+06
   1.1782653e+06
   1.1789701e+06
   1.2013226e+06
   1.2017461e+06
   1.2023030e+06
   1.2028351e+06
   1.2033458e+06
   1.2051412e+06
   1.2058281e+06
   1.2067449e+06
   1.2075259e+06
   1.2099191e+06
   1.2105907e+06
   1.2111991e+06
   1.2126802e+06
   1.2132643e+06
   1.2140064e+06
   1.2144169e+06
   1.2151236e+06
   1.2156223e+06
   1.2161642e+06
   1.2167072e+06
   1.2172777e+06
   1.2181993e+06
   1.2186104e+06
   1.2191955e+06
   1.2198784e+06
   1.2210383e+06
   1.2215417e+06
   1.2226337e+06
   1.2230732e+06
   1.2237138e+06
   1.2243369e+06
   1.2247565e+06
   1.2254397e+06
   1.2259045e+06
   1.2268161e+06
   1.2281652e+06
   1.2296993e+06
   1.2304131e+06
   1.2310365e+06
   1.2317853e+06
   1.2323957e+06
   1.2335009e+06
   1.2339864e+06
   1.2346354e+06
   1.2351128e+06
   1.2359428e+06
   1.2363336e+06
   1.2369927e+06
   1.2374034e+06
   1.2381685e+06
   1.2391779e+06
   1.2397117e+06
   1.2610645e+06
   1.2616345e+06
   1.2624972e+06
   1.2630176e+06
   1.2643164e+06
   1.2655119e+06
   1.2662499e+06
   1.2668419e+06
   1.2687166e+06
   1.2694047e+06
   1.2701748e+06
   1.2707958e+06
   1.2714390e+06
   1.2719948e+06
   1.2725775e+06
   1.2729512e+06
   1.2738229e+06
   1.2744151e+06
   1.2748070e+06
   1.2752430e+06
   1.2758850e+06
   1.2763216e+06
   1.2769382e+06
   1.2777691e+06
   1.2786284e+06
   1.2795120e+06
   1.2800163e+06
   1.2807316e+06
   1.2810585e+06
   1.2819676e+06
   1.2824694e+06
   1.2830940e+06
   1.2838123e+06
   1.2844241e+06
   1.2847778e+06
   1.2852222e+06
   1.2859772e+06
   1.2866314e+06
   1.2871276e+06
   1.2874946e+06
   1.2880158e+06
   1.2885080e+06
   1.2889693e+06
   1.2893516e+06
   1.2901849e+06
   1.2906609e+06
   1.2911486e+06
   1.2915426e+06
   1.2920387e+06
   1.2925667e+06
   1.2930299e+06
   1.2934462e+06
   1.2940899e+06
   1.2946008e+06
   1.2952857e+06
   1.2956849e+06
   1.2960765e+06
   1.2971965e+06
   1.2978707e+06
   1.2990157e+06
   1.2995342e+06
   1.3204436e+06
   1.3213730e+06
   1.3229464e+06
   1.3233741e+06
   1.3243894e+06
   1.3248930e+06
   1.3260828e+06
   1.3267127e+06
   1.3271758e+06
   1.3277781e+06
   1.3284877e+06
   1.3296848e+06
   1.3301940e+06
   1.3311868e+06
   1.3317713e+06
   1.3325481e+06
   1.3330657e+06
   1.3337672e+06
   1.3341697e+06
   1.3348558e+06
   1.3354562e+06
   1.3361057e+06
   1.3366521e+06
   1.3372184e+06
   1.3378010e+06
   1.3384315e+06
   1.3390814e+06
   1.3397032e+06
   1.3400755e+06
   1.3409426e+06
   1.3414305e+06
   1.3419012e+06
   1.3426089e+06
   1.3466652e+06
   1.3471490e+06
   1.3481467e+06
   1.3498366e+06
   1.3510140e+06
   1.3513642e+06
   1.3518591e+06
   1.3534140e+06
   1.3540764e+06
   1.3554309e+06
   1.3559443e+06
   1.3563548e+06
   1.3569293e+06
   1.3572479e+06
   1.3585960e+06
   1.3590993e+06
   1.3595194e+06
   1.3805360e+06
   1.3815828e+06
   1.3825747e+06
   1.3837048e+06
   1.3845013e+06
   1.3851435e+06
   1.3859561e+06
   1.3864315e+06
   1.3871331e+06
   1.3877117e+06
   1.3886881e+06
   1.3893992e+06
   1.3898818e+06
   1.3905914e+06
   1.3917242e+06
   1.3925990e+06
   1.3934084e+06
   1.3940821e+06
   1.3948653e+06
   1.3953072e+06
   1.3957216e+06
   1.3962371e+06
   1.3974236e+06
   1.3980083e+06
   1.3987358e+06
   1.3993214e+06
   1.3997588e+06
   1.4011449e+06
   1.4019890e+06
   1.4025146e+06
   1.4033957e+06
   1.4037760e+06
   1.4044175e+06
   1.4049704e+06
   1.4055316e+06
   1.4063667e+06
   1.4067058e+06
   1.4072573e+06
   1.4077672e+06
   1.4083844e+06
   1.4092443e+06
   1.4099069e+06
   1.4112268e+06
   1.4123794e+06
   1.4131228e+06
   1.4137059e+06
   1.4143635e+06
   1.4147796e+06
   1.4151188e+06
   1.4158594e+06
   1.4163972e+06
   1.4168317e+06
   1.4178938e+06
   1.4184689e+06
   1.4189188e+06
   1.4405357e+06
   1.4409883e+06
   1.4415131e+06
   1.4419502e+06
   1.4427038e+06
   1.4430563e+06
   1.4435895e+06
   1.4441925e+06
   1.4445747e+06
   1.4452438e+06
   1.4458265e+06
   1.4468883e+06
   1.4475583e+06
   1.4481669e+06
   1.4488034e+06
   1.4493640e+06
   1.4501505e+06
   1.4509185e+06
   1.4515289e+06
   1.4520996e+06
   1.4525414e+06
   1.4533879e+06
   1.4556553e+06
   1.4567918e+06
   1.4572807e+06
   1.4577902e+06
   1.4581595e+06
   1.4585950e+06
   1.4606762e+06
   1.4612432e+06
   1.4618111e+06
   1.4623492e+06
   1.4628600e+06
   1.4634245e+06
   1.4637946e+06
   1.4643205e+06
   1.4647169e+06
   1.4651380e+06
   1.4656982e+06
   1.4660737e+06
   1.4668211e+06
   1.4674419e+06
   1.4681920e+06
   1.4690000e+06
   1.4703993e+06
   1.4711630e+06
   1.4717273e+06
   1.4722041e+06
   1.4725650e+06
   1.4735390e+06
   1.4739282e+06
   1.4745576e+06
   1.4749858e+06
   1.4765633e+06
   1.4776682e+06
   1.4781146e+06
   1.4788949e+06
   1.4795663e+06
   1.5008428e+06
   1.5011661e+06
   1.5015009e+06
   1.5019149e+06
   1.5026074e+06
   1.5032331e+06
   1.5038760e+06
   1.5048514e+06
   1.5055604e+06
   1.5062350e+06
   1.5070483e+06
   1.5076592e+06
   1.5082708e+06
   1.5093162e+06
   1.5099573e+06
   1.5105674e+06
   1.5111985e+06
   1.5116652e+06
   1.5127316e+06
   1.5132634e+06
   1.5136964e+06
   1.5143728e+06
   1.5148952e+06
   1.5162954e+06
   1.5170641e+06
   1.5176620e+06
   1.5183190e+06
   1.5187607e+06
   1.5196809e+06
   1.5201449e+06
   1.5209283e+06
   1.5215062e+06
   1.5219114e+06
   1.5225284e+06
   1.5231947e+06
   1.5240619e+06
   1.5246802e+06
   1.5269011e+06
   1.5274520e+06
   1.5279489e+06
   1.5286576e+06
   1.5295740e+06
   1.5300811e+06
   1.5305692e+06
   1.5311512e+06
   1.5318294e+06
   1.5324466e+06
   1.5347767e+06
   1.5357526e+06
   1.5367198e+06
   1.5372981e+06
   1.5381778e+06
   1.5388637e+06
   1.5605211e+06
   1.5610968e+06
   1.5624907e+06
   1.5633877e+06
   1.5640367e+06
   1.5645190e+06
   1.5650260e+06
   1.5658575e+06
   1.5663464e+06
   1.5667703e+06
   1.5672793e+06
   1.5677558e+06
   1.5682374e+06
   1.5689255e+06
   1.5695351e+06
   1.5700480e+06
   1.5707500e+06
   1.5712257e+06
   1.5730065e+06
   1.5741390e+06
   1.5745884e+06
   1.5756441e+06
   1.5761711e+06
   1.5785276e+06
   1.5790174e+06
   1.5794953e+06
   1.5799807e+06
   1.5805109e+06
   1.5811010e+06
   1.5815444e+06
   1.5832614e+06
   1.5842696e+06
   1.5848038e+06
   1.5874810e+06
   1.5883084e+06
   1.5891651e+06
   1.5900175e+06
   1.5906763e+06
   1.5910418e+06
   1.5915983e+06
   1.5921333e+06
   1.5927672e+06
   1.5933300e+06
   1.5942024e+06
   1.5945956e+06
   1.5952783e+06
   1.5958102e+06
   1.5972807e+06
   1.5977009e+06
   1.5983765e+06
   1.5998722e+06
   1.6204599e+06
   1.6213484e+06
   1.6216954e+06
   1.6225964e+06
   1.6238180e+06
   1.6245676e+06
   1.6253656e+06
   1.6301439e+06
   1.6308304e+06
   1.6317738e+06
   1.6322797e+06
   1.6332823e+06
   1.6337042e+06
   1.6343785e+06
   1.6349421e+06
   1.6353569e+06
   1.6359050e+06
   1.6366333e+06
   1.6369576e+06
   1.6374148e+06
   1.6378229e+06
   1.6383929e+06
   1.6393839e+06
   1.6400992e+06
   1.6405623e+06
   1.6414554e+06
   1.6420630e+06
   1.6432883e+06
   1.6440676e+06
   1.6449053e+06
   1.6453655e+06
   1.6458716e+06
   1.6468597e+06
   1.6485531e+06
   1.6492765e+06
   1.6497890e+06
   1.6503760e+06
   1.6509860e+06
   1.6514139e+06
   1.6519841e+06
   1.6525967e+06
   1.6530937e+06
   1.6539297e+06
   1.6549567e+06
   1.6555727e+06
   1.6561885e+06
   1.6573589e+06
   1.6576813e+06
   1.6583845e+06
   1.6589659e+06
   1.6597058e+06
   1.6809215e+06
   1.6815561e+06
   1.6819436e+06
   1.6825755e+06
   1.6878770e+06
   1.6884686e+06
   1.6897266e+06
   1.6902849e+06
   1.6911788e+06
   1.6915506e+06
   1.6923401e+06
   1.6928400e+06
   1.6934746e+06
   1.6943852e+06
   1.6949211e+06
   1.6960534e+06
   1.6969123e+06
   1.6975072e+06
   1.6987892e+06
   1.6997326e+06
   1.7008967e+06
   1.7017166e+06
   1.7023026e+06
   1.7033274e+06
   1.7037071e+06
   1.7046045e+06
   1.7050505e+06
   1.7062885e+06
   1.7068533e+06
   1.7082850e+06
   1.7088526e+06
   1.7097547e+06
   1.7111507e+06
   1.7120449e+06
   1.7127139e+06
   1.7133426e+06
   1.7145967e+06
   1.7151750e+06
   1.7157634e+06
   1.7167811e+06
   1.7173130e+06
   1.7180374e+06
   1.7184795e+06
   1.7190278e+06
   1.7195230e+06
   1.7405745e+06
   1.7410538e+06
   1.7416016e+06
   1.7423965e+06
   1.7428946e+06
   1.7435732e+06
   1.7441882e+06
   1.7447029e+06
   1.7450570e+06
   1.7462344e+06
   1.7472538e+06
   1.7499373e+06
   1.7506333e+06
   1.7519662e+06
   1.7531807e+06
   1.7540277e+06
   1.7546796e+06
   1.7553011e+06
   1.7563998e+06
   1.7573533e+06
   1.7588501e+06
   1.7592793e+06
   1.7600102e+06
   1.7609683e+06
   1.7614320e+06
   1.7625258e+06
   1.7630933e+06
   1.7640157e+06
   1.7644062e+06
   1.7648408e+06
   1.7654387e+06
   1.7660885e+06
   1.7667076e+06
   1.7674154e+06
   1.7679581e+06
   1.7684409e+06
   1.7691085e+06
   1.7696966e+06
   1.7703349e+06
   1.7707989e+06
   1.7716934e+06
   1.7724270e+06
   1.7728344e+06
   1.7733312e+06
   1.7738940e+06
   1.7746123e+06
   1.7751821e+06
   1.7757377e+06
   1.7761547e+06
   1.7766847e+06
   1.7770870e+06
   1.7783973e+06
   1.7789271e+06
   1.7799444e+06
   1.8013271e+06
   1.8016730e+06
   1.8035635e+06
   1.8041883e+06
   1.8049588e+06
   1.8056439e+06
   1.8062822e+06
   1.8069037e+06
   1.8073457e+06
   1.8082294e+06
   1.8089406e+06
   1.8096475e+06
   1.8105627e+06
   1.8110000e+06
   1.8114938e+06
   1.8119067e+06
   1.8126357e+06
   1.8131424e+06
   1.8139250e+06
   1.8145366e+06
   1.8151558e+06
   1.8157312e+06
   1.8163040e+06
   1.8169838e+06
   1.8176189e+06
   1.8180520e+06
   1.8189606e+06
   1.8197089e+06
   1.8202582e+06
   1.8208793e+06
   1.8212909e+06
   1.8217796e+06
   1.8223473e+06
   1.8228929e+06
   1.8233487e+06
   1.8237354e+06
   1.8244132e+06
   1.8252965e+06
   1.8260671e+06
   1.8269351e+06
   1.8275053e+06
   1.8281062e+06
   1.8289187e+06
   1.8295698e+06
   1.8300768e+06
   1.8306593e+06
   1.8311610e+06
   1.8316013e+06
   1.8322269e+06
   1.8328274e+06
   1.8333602e+06
   1.8366674e+06
   1.8370735e+06
   1.8377994e+06
   1.8384099e+06
   1.8389753e+06
   1.8609537e+06
   1.8616945e+06
   1.8623129e+06
   1.8627294e+06
   1.8635117e+06
   1.8641157e+06
   1.8647245e+06
   1.8652456e+06
   1.8660535e+06
   1.8682163e+06
   1.8686104e+06
   1.8689598e+06
   1.8695062e+06
   1.8701915e+06
   1.8708907e+06
   1.8714063e+06
   1.8718826e+06
   1.8724013e+06
   1.8728762e+06
   1.8734423e+06
   1.8739465e+06
   1.8745984e+06
   1.8751140e+06
   1.8760849e+06
   1.8769089e+06
   1.8778230e+06
   1.8784560e+06
   1.8803723e+06
   1.8811032e+06
   1.8817845e+06
   1.8829365e+06
   1.8840045e+06
   1.8846405e+06
   1.8853310e+06
   1.8858654e+06
   1.8864909e+06
   1.8870741e+06
   1.8878993e+06
   1.8883752e+06
   1.8888713e+06
   1.8892500e+06
   1.8901380e+06
   1.8906770e+06
   1.8914394e+06
   1.8918609e+06
   1.8925461e+06
   1.8929706e+06
   1.8955352e+06
   1.8964421e+06
   1.8972231e+06
   1.8981111e+06
   1.8992515e+06
   1.8997598e+06
   1.8870653e+06
   1.8876197e+06
   1.8880588e+06
   1.8890768e+06
   1.8895794e+06
   1.8904704e+06
   1.8909453e+06
   1.8915717e+06
   1.8920655e+06
   1.8925208e+06
   1.8935567e+06
   1.8942214e+06
   1.8948751e+06
   1.8952941e+06
   1.8958586e+06
   1.8968779e+06
   1.8976112e+06
   1.8980781e+06
   1.8990786e+06
   1.8999642e+06
   1.8929295e+06
   1.8933550e+06
   1.8941007e+06
   1.8949676e+06
   1.8955801e+06
   1.8964951e+06
   1.8971269e+06
   1.8977853e+06
   1.8985355e+06
   1.8991428e+06
   1.8999029e+06
