   1.5765561e+03
   5.8318481e+03
   1.1611424e+04
   2.2563269e+04
   2.6357537e+04
   2.8205572e+04
   2.9513142e+04
   3.1997998e+04
   3.3144504e+04
   3.6319499e+04
   3.8658937e+04
   4.0306325e+04
   4.0003335e+04
   4.7921762e+04
   5.1559945e+04
   5.4132015e+04
   5.6061604e+04
   5.7547382e+04
   5.9179964e+04
   1.0158329e+05
   1.0392835e+05
   1.0555232e+05
   1.0920042e+05
   1.1202667e+05
   1.1596346e+05
   1.1789618e+05
   1.1938124e+05
   1.6017287e+05
   1.6103101e+05
   1.6242777e+05
   1.6386854e+05
   1.6668711e+05
   1.6689689e+05
   1.6959452e+05
   1.7119344e+05
   1.7324938e+05
   1.7635436e+05
   1.7781095e+05
   1.7994999e+05
   2.2399807e+05
   2.2550558e+05
   2.2818132e+05
   2.3153022e+05
   2.3487334e+05
   2.3641039e+05
   2.3840498e+05
   2.3996905e+05
   2.8005383e+05
   2.8171909e+05
   2.8776982e+05
   2.8975367e+05
   2.9230931e+05
   2.9382274e+05
   2.9441363e+05
   2.9596986e+05
   2.9858644e+05
   3.0000497e+05
   3.4006355e+05
   3.4997726e+05
   3.5198552e+05
   3.5500584e+05
   3.5631244e+05
   3.5800622e+05
   3.5930778e+05
   4.0203813e+05
   4.0563164e+05
   4.0803895e+05
   4.1035530e+05
   4.1261049e+05
   4.1625825e+05
   4.1728699e+05
   4.1959962e+05
   4.6019384e+05
   4.6375361e+05
   4.6578302e+05
   4.6892331e+05
   4.7282986e+05
   4.7410111e+05
   4.7694551e+05
   4.7889252e+05
   4.8001642e+05
   5.2050096e+05
   5.2308216e+05
   5.2681408e+05
   5.3237961e+05
   5.3424956e+05
   5.3680305e+05
   5.3827792e+05
   5.3968211e+05
   5.8000032e+05
   5.8040148e+05
   5.8214754e+05
   5.8837627e+05
   5.8984435e+05
   5.9170198e+05
   5.9371874e+05
   5.9648124e+05
   5.9774106e+05
   6.0009127e+05
   6.0477002e+05
   6.0663204e+05
   6.0860308e+05
   6.1074113e+05
   6.1264666e+05
   6.1506273e+05
   6.5077423e+05
   6.5355588e+05
   6.5758386e+05
   6.6064334e+05
   6.6860176e+05
   6.7102648e+05
   6.7645722e+05
   6.7871559e+05
   6.8092073e+05
   6.8443959e+05
   6.8818354e+05
   6.9065366e+05
   6.9302730e+05
   6.9412102e+05
   7.0203316e+05
   7.0835874e+05
   7.1203553e+05
   7.1513667e+05
   7.1753499e+05
   7.2153766e+05
   7.2322162e+05
   7.2799741e+05
   7.3214121e+05
   7.3493635e+05
   7.4071149e+05
   7.4273161e+05
   7.4386456e+05
   7.4607230e+05
   7.4858462e+05
   7.6077831e+05
   7.6164945e+05
   7.6261581e+05
   7.6386854e+05
   7.6480038e+05
   7.6564776e+05
   7.6660705e+05
   7.6855806e+05
   7.6978555e+05
   7.7151813e+05
   7.7536293e+05
   7.7718559e+05
   7.7932759e+05
   8.2117962e+05
   8.2208327e+05
   8.2293602e+05
   8.2367708e+05
   8.2469575e+05
   8.2561325e+05
   8.2629821e+05
   8.2872162e+05
   8.2986379e+05
   8.3642013e+05
   8.3860070e+05
   8.3974004e+05
   8.8137650e+05
   8.8292848e+05
   8.8396307e+05
   8.8462666e+05
   8.8547285e+05
   8.8640337e+05
   8.8865845e+05
   8.9112318e+05
   8.9267114e+05
   8.9631361e+05
   8.9797869e+05
   8.9909782e+05
   9.4119891e+05
   9.4232127e+05
   9.4359284e+05
   9.4456487e+05
   9.4552662e+05
   9.4647429e+05
   9.4933756e+05
   9.5120128e+05
   9.5362875e+05
   9.5604042e+05
   9.5732564e+05
   1.0008678e+06
   1.0017044e+06
   1.0027143e+06
   1.0035532e+06
   1.0044143e+06
   1.0053436e+06
   1.0063248e+06
   1.0084760e+06
   1.0112232e+06
   1.0131492e+06
   1.0162994e+06
   1.0180175e+06
   1.0608503e+06
   1.0620861e+06
   1.0635183e+06
   1.0643238e+06
   1.0652807e+06
   1.0666778e+06
   1.0690956e+06
   1.0715136e+06
   1.0739647e+06
   1.0756196e+06
   1.0772637e+06
   1.1216693e+06
   1.1228347e+06
   1.1238659e+06
   1.1246463e+06
   1.1260345e+06
   1.1269466e+06
   1.1302896e+06
   1.1389134e+06
   1.1821856e+06
   1.1832385e+06
   1.1844210e+06
   1.1854872e+06
   1.1896992e+06
   1.1919825e+06
   1.1960886e+06
   1.2417207e+06
   1.2426077e+06
   1.2438014e+06
   1.2456185e+06
   1.2490605e+06
   1.2504526e+06
   1.2524403e+06
   1.2576682e+06
   1.3011115e+06
   1.3021231e+06
   1.3032322e+06
   1.3046401e+06
   1.3057285e+06
   1.3082981e+06
   1.3103194e+06
   1.3117403e+06
   1.3135192e+06
   1.3158304e+06
   1.3182741e+06
   1.3614392e+06
   1.3626061e+06
   1.3639120e+06
   1.3660087e+06
   1.3692581e+06
   1.3724154e+06
   1.3780628e+06
   1.4228260e+06
   1.4239278e+06
   1.4258768e+06
   1.4316900e+06
   1.4355779e+06
   1.4376055e+06
   1.4396347e+06
   1.4811679e+06
   1.4836764e+06
   1.4858402e+06
   1.4888170e+06
   1.4900457e+06
   1.4922856e+06
   1.4964474e+06
   1.4980681e+06
   1.4996274e+06
   1.5416798e+06
   1.5432398e+06
   1.5443768e+06
   1.5458193e+06
   1.5469633e+06
   1.5493383e+06
   1.5508966e+06
   1.5555945e+06
   1.5570217e+06
   1.5589477e+06
   1.6012196e+06
   1.6048435e+06
   1.6062135e+06
   1.6119969e+06
   1.6168549e+06
   1.6183763e+06
   1.6196551e+06
   1.6611862e+06
   1.6622951e+06
   1.6640094e+06
   1.6655156e+06
   1.6691274e+06
   1.6707159e+06
   1.6720149e+06
   1.6738253e+06
   1.6762482e+06
   1.6784002e+06
   1.7214513e+06
   1.7225706e+06
   1.7242701e+06
   1.7257983e+06
   1.7297342e+06
   1.7316710e+06
   1.7336252e+06
   1.7358131e+06
   1.7387176e+06
   1.7815861e+06
   1.7827336e+06
   1.7847664e+06
   1.7863106e+06
   1.7891942e+06
   1.7928366e+06
   1.7953429e+06
   1.7985295e+06
   1.8413199e+06
   1.8442944e+06
   1.8455044e+06
   1.8466524e+06
   1.8494342e+06
   1.8523380e+06
   1.8556681e+06
   1.8582244e+06
   1.9011830e+06
   1.9025118e+06
   1.9046682e+06
   1.9058519e+06
   1.9094560e+06
   1.9107778e+06
   1.9138561e+06
   1.9157237e+06
   1.9185294e+06
   6.0807939e+04
   6.2128145e+04
   6.5608805e+04
   6.7844537e+04
   6.9372814e+04
   7.3400013e+04
   7.5295659e+04
   7.9122728e+04
   1.8034542e+05
   1.8405282e+05
   1.8738471e+05
   1.9477192e+05
   1.9983970e+05
   2.0281469e+05
   2.0499089e+05
   2.0732245e+05
   2.1083013e+05
   2.1254369e+05
   2.4151360e+05
   2.4515093e+05
   2.5420831e+05
   2.5665073e+05
   2.5883000e+05
   2.6350834e+05
   2.6763513e+05
   2.6931840e+05
   2.7108997e+05
   3.0030212e+05
   3.0818583e+05
   3.1691045e+05
   3.2307234e+05
   3.2542157e+05
   3.2742623e+05
   3.2995644e+05
   3.3372349e+05
   3.3536731e+05
   3.6303075e+05
   3.6618287e+05
   4.2291738e+05
   4.2459844e+05
   4.2784894e+05
   4.5161504e+05
   4.5455601e+05
   4.5722439e+05
   4.5922082e+05
   4.8181655e+05
   4.8398539e+05
   4.8581279e+05
   4.8841495e+05
   4.9166244e+05
   4.9484737e+05
   4.9706361e+05
   5.0207299e+05
   5.0421552e+05
   5.0673634e+05
   5.1552449e+05
   5.4525911e+05
   5.4669166e+05
   5.4868160e+05
   5.5215178e+05
   5.6106129e+05
   5.6250877e+05
   5.6826671e+05
   7.8345267e+05
   7.8530901e+05
   7.8767625e+05
   7.8949811e+05
   7.9205327e+05
   7.9521427e+05
   7.9651948e+05
   7.9850919e+05
   8.0096935e+05
   8.0305048e+05
   8.0925882e+05
   8.1127343e+05
   8.1423500e+05
   8.1577498e+05
   8.1832115e+05
   8.4177187e+05
   8.4534065e+05
   8.4652615e+05
   8.4800705e+05
   8.5715558e+05
   8.5935480e+05
   8.6490621e+05
   8.6712696e+05
   8.6856816e+05
   8.7320906e+05
   9.0109320e+05
   9.0333847e+05
   9.0496677e+05
   9.0693324e+05
   9.0866029e+05
   9.0998885e+05
   9.1165964e+05
   9.1354857e+05
   9.1471267e+05
   9.1842880e+05
   9.1971205e+05
   9.2336677e+05
   9.2590667e+05
   9.2960836e+05
   9.6393312e+05
   9.6539500e+05
   9.6777898e+05
   9.7082516e+05
   9.7263244e+05
   9.7419056e+05
   9.7749277e+05
   9.7934753e+05
   9.8043137e+05
   9.8316576e+05
   9.8491385e+05
   9.9201744e+05
   9.9522621e+05
   9.9679564e+05
   9.9949076e+05
   1.0230821e+06
   1.0281604e+06
   1.0307315e+06
   1.0400143e+06
   1.0415249e+06
   1.0430956e+06
   1.0447936e+06
   1.0472645e+06
   1.0502471e+06
   1.0517901e+06
   1.0548145e+06
   1.0573752e+06
   1.0593203e+06
   1.0821918e+06
   1.0852653e+06
   1.0875415e+06
   1.0889444e+06
   1.1072036e+06
   1.1088570e+06
   1.1171909e+06
   1.1418926e+06
   1.1459942e+06
   1.1489304e+06
   1.1514538e+06
   1.1541463e+06
   1.1587675e+06
   1.1620412e+06
   1.1642929e+06
   1.1693962e+06
   1.1709308e+06
   1.1735902e+06
   1.1749565e+06
   1.1762154e+06
   1.2023081e+06
   1.2039149e+06
   1.2066037e+06
   1.2114989e+06
   1.2133611e+06
   1.2148391e+06
   1.2174792e+06
   1.2229321e+06
   1.2243662e+06
   1.2278724e+06
   1.2294586e+06
   1.2310856e+06
   1.2331693e+06
   1.2348594e+06
   1.2368342e+06
   1.2621241e+06
   1.2643474e+06
   1.2680855e+06
   1.2706334e+06
   1.2722367e+06
   1.2738764e+06
   1.2755224e+06
   1.2789437e+06
   1.2816353e+06
   1.2839488e+06
   1.2871471e+06
   1.2933873e+06
   1.2979615e+06
   1.3217155e+06
   1.3239421e+06
   1.3315087e+06
   1.3330674e+06
   1.3357039e+06
   1.3821045e+06
   1.3841560e+06
   1.3859474e+06
   1.3877108e+06
   1.3892555e+06
   1.3928151e+06
   1.3945909e+06
   1.3979025e+06
   1.4004665e+06
   1.4038108e+06
   1.4058919e+06
   1.4074302e+06
   1.4094921e+06
   1.4158200e+06
   1.4171618e+06
   1.4188023e+06
   1.4419757e+06
   1.4433726e+06
   1.4452912e+06
   1.4492424e+06
   1.4516045e+06
   1.4540950e+06
   1.4571208e+06
   1.4596552e+06
   1.4614763e+06
   1.4659172e+06
   1.4699469e+06
   1.4720496e+06
   1.4742213e+06
   1.5011800e+06
   1.5055175e+06
   1.5092365e+06
   1.5129865e+06
   1.5151237e+06
   1.5175822e+06
   1.5195107e+06
   1.5252306e+06
   1.5282920e+06
   1.5306842e+06
   1.5329325e+06
   1.5349114e+06
   1.5374650e+06
   1.5626663e+06
   1.5678281e+06
   1.5702988e+06
   1.5735398e+06
   1.5773222e+06
   1.5794844e+06
   1.5810381e+06
   1.5850792e+06
   1.5862996e+06
   1.5889707e+06
   1.5905655e+06
   1.5921675e+06
   1.5958539e+06
   1.5978211e+06
   1.6217943e+06
   1.6246269e+06
   1.6264425e+06
   1.6285194e+06
   1.6326991e+06
   1.6365273e+06
   1.6441235e+06
   1.6527705e+06
   1.6559260e+06
   1.6575612e+06
   1.6866876e+06
   1.6882062e+06
   1.6906767e+06
   1.6925148e+06
   1.6951711e+06
   1.6980078e+06
   1.7010373e+06
   1.7029447e+06
   1.7076048e+06
   1.7124672e+06
   1.7136450e+06
   1.7153388e+06
   1.7176334e+06
   1.7442391e+06
   1.7466289e+06
   1.7498070e+06
   1.7516350e+06
   1.7542303e+06
   1.7609579e+06
   1.7641035e+06
   1.7660084e+06
   1.7674846e+06
   1.7701153e+06
   1.7722539e+06
   1.7739524e+06
   1.7764555e+06
   1.7787256e+06
   1.8023475e+06
   1.8042518e+06
   1.8067114e+06
   1.8088466e+06
   1.8243726e+06
   1.8254476e+06
   1.8282255e+06
   1.8315397e+06
   1.8354966e+06
   1.8380418e+06
   1.8621004e+06
   1.8648602e+06
   1.8700677e+06
   1.8727850e+06
   1.8758119e+06
   1.8779749e+06
   1.8817612e+06
   1.8902778e+06
   1.8922090e+06
   1.8933638e+06
   1.8956594e+06
   1.8973053e+06
   1.8994103e+06
   3.5916911e+05
   3.5953583e+05
   3.5971471e+05
   3.5989251e+05
   4.1920317e+05
   4.1946367e+05
   4.1960685e+05
   4.7916081e+05
   4.7943700e+05
   4.7972765e+05
   4.7984758e+05
   5.3923897e+05
   5.3936255e+05
   5.3951753e+05
   5.3968691e+05
   5.3982814e+05
   5.9920787e+05
   5.9945026e+05
   5.9969932e+05
   5.9985894e+05
   1.8279599e+06
   1.8301088e+06
   1.8321594e+06
   1.8337362e+06
   1.8353196e+06
   1.8618263e+06
   1.8651765e+06
   1.8729442e+06
   1.8765601e+06
   1.8854275e+06
   1.8883989e+06
   1.8899670e+06
   1.8929821e+06
   1.8961852e+06
   1.8999862e+06
   4.1913735e+05
   4.1949288e+05
   4.1980994e+05
   4.1997686e+05
   4.7920738e+05
   4.7944177e+05
   4.7955023e+05
   4.7973033e+05
   4.7987239e+05
   5.3920599e+05
   5.3935321e+05
   5.3948367e+05
   5.3977931e+05
   5.3996443e+05
   5.9911550e+05
   5.9929242e+05
   5.9949902e+05
   5.9971683e+05
   4.1964592e+05
   4.1983063e+05
   4.1994940e+05
   4.7918687e+05
   4.7938815e+05
   4.7953330e+05
   4.7967362e+05
   5.3912056e+05
   5.3930525e+05
   5.3949049e+05
   5.3969895e+05
   5.3999485e+05
   5.9928880e+05
   5.9943080e+05
   5.9954958e+05
   5.9991558e+05
