   5.2773361e+02
   9.0091033e+02
   1.2900255e+03
   1.6686355e+03
   2.1743086e+03
   2.5395160e+03
   3.0145446e+03
   3.5122458e+03
   4.0238679e+03
   4.4262661e+03
   4.7296052e+03
   5.2310844e+03
   5.7099449e+03
   6.5749543e+03
   6.9826347e+03
   7.3693385e+03
   7.7317725e+03
   8.2765533e+03
   8.7778285e+03
   9.3696178e+03
   9.7234714e+03
   1.0130406e+04
   1.0568851e+04
   1.1455791e+04
   1.2053362e+04
   1.2507939e+04
   1.2954718e+04
   1.3949315e+04
   1.4308454e+04
   1.4740474e+04
   1.5364281e+04
   1.5904638e+04
   1.6289297e+04
   1.6889665e+04
   1.7194505e+04
   1.7698371e+04
   1.8117692e+04
   1.8508488e+04
   1.9168024e+04
   1.9601032e+04
   2.0143238e+04
   2.0895075e+04
   2.1398360e+04
   2.1727808e+04
   2.2104601e+04
   2.2607672e+04
   2.3147741e+04
   2.3585146e+04
   2.4163548e+04
   2.4636521e+04
   2.5110382e+04
   2.5592109e+04
   2.6103585e+04
   2.6540241e+04
   2.6942836e+04
   2.7250225e+04
   2.7761526e+04
   2.8118563e+04
   2.8512443e+04
   2.9051404e+04
   2.9373103e+04
   2.9902595e+04
   3.0210212e+04
   3.0560162e+04
   3.1016763e+04
   3.1508211e+04
   3.1841873e+04
   3.2245680e+04
   3.2987940e+04
   3.3398467e+04
   3.3835012e+04
   3.4187390e+04
   3.4542322e+04
   3.5052324e+04
   3.5717733e+04
   3.6609150e+04
   3.7085926e+04
   3.7452642e+04
   3.7873929e+04
   3.8250052e+04
   3.9267981e+04
   3.9718175e+04
   4.0189736e+04
   4.0111138e+04
   4.0504440e+04
   4.0965602e+04
   4.1249818e+04
   4.1677834e+04
   4.2405106e+04
   4.2909863e+04
   4.3549481e+04
   4.3885738e+04
   4.4232351e+04
   4.4638921e+04
   4.4997559e+04
   4.5433892e+04
   4.5850727e+04
   4.6258639e+04
   4.6547208e+04
   4.6857336e+04
   4.7138332e+04
   4.7423320e+04
   4.7828359e+04
   4.8231796e+04
   4.8725224e+04
   4.9050975e+04
   4.9438875e+04
   4.9759956e+04
   5.0069848e+04
   5.0362272e+04
   5.0668919e+04
   5.1016567e+04
   5.1446470e+04
   5.1905554e+04
   5.2541149e+04
   5.2962145e+04
   5.3397731e+04
   5.3785650e+04
   5.4252518e+04
   5.4666799e+04
   5.5101003e+04
   5.5551948e+04
   5.5873001e+04
   5.6165764e+04
   5.6673936e+04
   5.7055601e+04
   5.7408782e+04
   5.7760168e+04
   5.8184177e+04
   5.8542960e+04
   5.8806741e+04
   5.9155357e+04
   5.9537970e+04
   5.9878312e+04
   1.0062776e+05
   1.0146246e+05
   1.0194442e+05
   1.0234175e+05
   1.0275738e+05
   1.0313828e+05
   1.0350507e+05
   1.0388329e+05
   1.0418976e+05
   1.0487802e+05
   1.0618026e+05
   1.0651933e+05
   1.0694898e+05
   1.0759940e+05
   1.0796827e+05
   1.0841268e+05
   1.0877008e+05
   1.0912084e+05
   1.0956208e+05
   1.0984369e+05
   1.1054707e+05
   1.1085661e+05
   1.1149531e+05
   1.1182099e+05
   1.1226440e+05
   1.1277835e+05
   1.1311120e+05
   1.1350299e+05
   1.1380905e+05
   1.1425511e+05
   1.1455044e+05
   1.1490942e+05
   1.1520780e+05
   1.1549283e+05
   1.1594125e+05
   1.1624698e+05
   1.1673130e+05
   1.1702836e+05
   1.1742883e+05
   1.1770195e+05
   1.1798531e+05
   1.1833710e+05
   1.1873597e+05
   1.1909916e+05
   1.1956233e+05
   1.1996823e+05
   1.6025801e+05
   1.6066362e+05
   1.6105559e+05
   1.6190496e+05
   1.6229285e+05
   1.6261506e+05
   1.6298564e+05
   1.6336680e+05
   1.6390109e+05
   1.6434805e+05
   1.6470012e+05
   1.6499521e+05
   1.6560918e+05
   1.6600028e+05
   1.6662416e+05
   1.6713806e+05
   1.6782458e+05
   1.6866358e+05
   1.6896303e+05
   1.6943274e+05
   1.7001708e+05
   1.7032194e+05
   1.7063042e+05
   1.7123821e+05
   1.7172110e+05
   1.7206913e+05
   1.7269089e+05
   1.7319065e+05
   1.7359466e+05
   1.7392098e+05
   1.7405686e+05
   1.7441294e+05
   1.7474336e+05
   1.7524895e+05
   1.7563160e+05
   1.7599405e+05
   1.7644218e+05
   1.7679334e+05
   1.7719663e+05
   1.7748235e+05
   1.7797281e+05
   1.7833431e+05
   1.7870007e+05
   1.7901699e+05
   1.7988390e+05
   2.2011482e+05
   2.2053018e+05
   2.2101879e+05
   2.2140758e+05
   2.2172870e+05
   2.2227314e+05
   2.2261473e+05
   2.2299644e+05
   2.2340116e+05
   2.2386195e+05
   2.2416644e+05
   2.2464303e+05
   2.2528726e+05
   2.2569919e+05
   2.2622665e+05
   2.2672847e+05
   2.2724539e+05
   2.2764577e+05
   2.2799086e+05
   2.2840349e+05
   2.2869813e+05
   2.2892363e+05
   2.2927886e+05
   2.2959348e+05
   2.3003696e+05
   2.3032757e+05
   2.3086376e+05
   2.3125155e+05
   2.3168816e+05
   2.3220537e+05
   2.3251882e+05
   2.3286574e+05
   2.3323866e+05
   2.3354950e+05
   2.3389614e+05
   2.3448908e+05
   2.3487077e+05
   2.3531167e+05
   2.3563779e+05
   2.3611537e+05
   2.3662946e+05
   2.3694546e+05
   2.3733535e+05
   2.3789944e+05
   2.3833723e+05
   2.3863320e+05
   2.3919202e+05
   2.3952198e+05
   2.3991998e+05
   2.8016640e+05
   2.8072289e+05
   2.8187639e+05
   2.8236829e+05
   2.8282966e+05
   2.8323326e+05
   2.8371900e+05
   2.8437109e+05
   2.8475217e+05
   2.8536187e+05
   2.8576695e+05
   2.8618145e+05
   2.8650865e+05
   2.8726190e+05
   2.8774566e+05
   2.8821955e+05
   2.8893583e+05
   2.8929414e+05
   2.8976634e+05
   2.9038409e+05
   2.9102349e+05
   2.9138378e+05
   2.9183059e+05
   2.9229186e+05
   2.9259129e+05
   2.9294782e+05
   2.9334726e+05
   2.9394305e+05
   2.9416905e+05
   2.9451982e+05
   2.9484504e+05
   2.9539445e+05
   2.9581064e+05
   2.9634089e+05
   2.9676348e+05
   2.9726193e+05
   2.9759338e+05
   2.9803483e+05
   2.9861769e+05
   2.9897271e+05
   2.9947824e+05
   2.9993520e+05
   3.4007489e+05
   3.4044814e+05
   3.4081034e+05
   3.4109358e+05
   3.4135743e+05
   3.4164468e+05
   3.4210578e+05
   3.4252614e+05
   3.4287099e+05
   3.4345098e+05
   3.4384723e+05
   3.4412649e+05
   3.4444380e+05
   3.4500830e+05
   3.4546186e+05
   3.4584981e+05
   3.4612692e+05
   3.4643700e+05
   3.4683820e+05
   3.4720450e+05
   3.4766994e+05
   3.4802485e+05
   3.4829610e+05
   3.4877371e+05
   3.4912540e+05
   3.4956426e+05
   3.4997024e+05
   3.5025197e+05
   3.5065048e+05
   3.5103265e+05
   3.5169103e+05
   3.5203939e+05
   3.5245430e+05
   3.5287275e+05
   3.5324492e+05
   3.5375689e+05
   3.5415485e+05
   3.5460991e+05
   3.5500320e+05
   3.5532168e+05
   3.5571002e+05
   3.5606003e+05
   3.5659913e+05
   3.5690419e+05
   3.5726066e+05
   3.5758547e+05
   3.5784738e+05
   3.5826825e+05
   3.5870883e+05
   3.5913973e+05
   3.5959223e+05
   3.5992155e+05
   4.0023697e+05
   4.0072701e+05
   4.0096718e+05
   4.0147077e+05
   4.0184772e+05
   4.0218233e+05
   4.0247788e+05
   4.0282687e+05
   4.0318145e+05
   4.0379876e+05
   4.0416101e+05
   4.0462518e+05
   4.0492944e+05
   4.0527029e+05
   4.0559228e+05
   4.0602956e+05
   4.0639268e+05
   4.0685091e+05
   4.0713977e+05
   4.0754700e+05
   4.0796649e+05
   4.0842955e+05
   4.0873350e+05
   4.0904813e+05
   4.0937860e+05
   4.0966846e+05
   4.1029889e+05
   4.1081032e+05
   4.1110809e+05
   4.1154064e+05
   4.1262442e+05
   4.1319086e+05
   4.1359673e+05
   4.1392212e+05
   4.1444695e+05
   4.1478837e+05
   4.1512143e+05
   4.1545261e+05
   4.1592976e+05
   4.1646580e+05
   4.1676277e+05
   4.1733254e+05
   4.1770121e+05
   4.1822335e+05
   4.1855696e+05
   4.1904368e+05
   4.1935955e+05
   4.1974204e+05
   4.6009667e+05
   4.6038044e+05
   4.6074059e+05
   4.6109108e+05
   4.6141532e+05
   4.6170818e+05
   4.6199934e+05
   4.6225777e+05
   4.6263862e+05
   4.6288574e+05
   4.6328375e+05
   4.6365668e+05
   4.6393662e+05
   4.6425890e+05
   4.6460574e+05
   4.6496419e+05
   4.6526229e+05
   4.6550831e+05
   4.6590132e+05
   4.6619090e+05
   4.6642855e+05
   4.6669884e+05
   4.6710183e+05
   4.6741774e+05
   4.6775993e+05
   4.6810333e+05
   4.6887663e+05
   4.6923028e+05
   4.6969750e+05
   4.7002062e+05
   4.7037281e+05
   4.7096995e+05
   4.7134921e+05
   4.7169860e+05
   4.7205365e+05
   4.7237539e+05
   4.7282275e+05
   4.7327726e+05
   4.7375639e+05
   4.7422401e+05
   4.7469900e+05
   4.7524746e+05
   4.7556363e+05
   4.7594471e+05
   4.7626061e+05
   4.7660993e+05
   4.7699037e+05
   4.7729395e+05
   4.7763235e+05
   4.7806689e+05
   4.7850797e+05
   4.7882250e+05
   4.7923713e+05
   4.7959974e+05
   5.2010081e+05
   5.2042382e+05
   5.2075635e+05
   5.2100889e+05
   5.2161464e+05
   5.2187718e+05
   5.2219176e+05
   5.2254059e+05
   5.2278534e+05
   5.2307942e+05
   5.2340153e+05
   5.2380943e+05
   5.2428381e+05
   5.2457569e+05
   5.2481438e+05
   5.2510755e+05
   5.2540978e+05
   5.2570316e+05
   5.2612835e+05
   5.2663785e+05
   5.2697641e+05
   5.2715600e+05
   5.2785554e+05
   5.2814481e+05
   5.2846878e+05
   5.2885811e+05
   5.2930493e+05
   5.2971200e+05
   5.3039675e+05
   5.3079918e+05
   5.3106608e+05
   5.3136902e+05
   5.3173174e+05
   5.3229528e+05
   5.3256799e+05
   5.3294222e+05
   5.3328253e+05
   5.3376058e+05
   5.3416325e+05
   5.3471193e+05
   5.3499625e+05
   5.3537180e+05
   5.3580918e+05
   5.3647321e+05
   5.3694814e+05
   5.3727614e+05
   5.3756448e+05
   5.3784301e+05
   5.3819237e+05
   5.3850821e+05
   5.3881102e+05
   5.3929080e+05
   5.3977145e+05
   5.8000448e+05
   5.8032431e+05
   5.8060885e+05
   5.8087941e+05
   5.8114196e+05
   5.8139663e+05
   5.8172651e+05
   5.8221729e+05
   5.8247945e+05
   5.8292724e+05
   5.8329634e+05
   5.8356795e+05
   5.8396720e+05
   5.8443447e+05
   5.8474163e+05
   5.8497998e+05
   5.8533304e+05
   5.8566970e+05
   5.8594393e+05
   5.8618356e+05
   5.8644197e+05
   5.8677950e+05
   5.8708307e+05
   5.8740818e+05
   5.8783319e+05
   5.8820059e+05
   5.8853421e+05
   5.8892298e+05
   5.8938381e+05
   5.8980755e+05
   5.9017915e+05
   5.9070570e+05
   5.9120581e+05
   5.9161803e+05
   5.9194375e+05
   5.9264770e+05
   5.9302190e+05
   5.9337459e+05
   5.9383735e+05
   5.9422799e+05
   5.9454103e+05
   5.9507226e+05
   5.9576604e+05
   5.9613686e+05
   5.9740532e+05
   5.9782676e+05
   5.9812366e+05
   5.9880209e+05
   5.9918348e+05
   5.9950020e+05
   5.9995131e+05
   6.0038680e+05
   6.0069518e+05
   6.0110026e+05
   6.0157465e+05
   6.0194099e+05
   6.0246725e+05
   6.0304397e+05
   6.0354521e+05
   6.0442522e+05
   6.0497822e+05
   6.0554043e+05
   6.0620180e+05
   6.0673155e+05
   6.0704348e+05
   6.0756804e+05
   6.0884432e+05
   6.0930629e+05
   6.0980734e+05
   6.1021884e+05
   6.1094901e+05
   6.1143282e+05
   6.1201411e+05
   6.1241762e+05
   6.1303448e+05
   6.1353283e+05
   6.1401794e+05
   6.1485526e+05
   6.1533759e+05
   6.1566592e+05
   6.1619231e+05
   6.1655872e+05
   6.1692793e+05
   6.1728934e+05
   6.1766788e+05
   6.1803034e+05
   6.1871281e+05
   6.1905571e+05
   6.1996572e+05
   6.2033837e+05
   6.2073206e+05
   6.2114026e+05
   6.2161980e+05
   6.2234007e+05
   6.2297879e+05
   6.2338136e+05
   6.2372371e+05
   6.2416973e+05
   6.2454912e+05
   6.2520977e+05
   6.2575364e+05
   6.2617644e+05
   6.2650729e+05
   6.2682110e+05
   6.2716702e+05
   6.2776573e+05
   6.2910366e+05
   6.2950154e+05
   6.3012470e+05
   6.3086662e+05
   6.3186080e+05
   6.3244278e+05
   6.3286547e+05
   6.3338158e+05
   6.3384456e+05
   6.3419640e+05
   6.3457582e+05
   6.3494238e+05
   6.3526925e+05
   6.3563130e+05
   6.3598187e+05
   6.3632460e+05
   6.3673435e+05
   6.3708924e+05
   6.3769529e+05
   6.3813650e+05
   6.3853743e+05
   6.3897632e+05
   6.3961699e+05
   6.4000486e+05
   6.4035995e+05
   6.4068448e+05
   6.4132481e+05
   6.4176635e+05
   6.4238532e+05
   6.4272822e+05
   6.4323192e+05
   6.4394027e+05
   6.4433273e+05
   6.4508602e+05
   6.4548683e+05
   6.4588498e+05
   6.4624661e+05
   6.4681596e+05
   6.4729178e+05
   6.4759015e+05
   6.4797558e+05
   6.4877991e+05
   6.4912838e+05
   6.4971474e+05
   6.5156669e+05
   6.5208137e+05
   6.5247593e+05
   6.5281467e+05
   6.5320167e+05
   6.5381303e+05
   6.5419646e+05
   6.5492376e+05
   6.5537000e+05
   6.5570336e+05
   6.5613629e+05
   6.5656480e+05
   6.5687648e+05
   6.5734970e+05
   6.5771637e+05
   6.5833186e+05
   6.5886909e+05
   6.5961287e+05
   6.6016043e+05
   6.6065687e+05
   6.6124760e+05
   6.6177258e+05
   6.6233984e+05
   6.6296550e+05
   6.6353617e+05
   6.6413557e+05
   6.6456588e+05
   6.6515618e+05
   6.6556556e+05
   6.6603819e+05
   6.6642429e+05
   6.6694251e+05
   6.6737740e+05
   6.6778908e+05
   6.6838754e+05
   6.6901057e+05
   6.6946376e+05
   6.6997122e+05
   6.7040546e+05
   6.7073675e+05
   6.7131472e+05
   6.7165443e+05
   6.7203834e+05
   6.7263225e+05
   6.7295544e+05
   6.7364951e+05
   6.7418059e+05
   6.7479713e+05
   6.7547455e+05
   6.7574243e+05
   6.7625067e+05
   6.7659564e+05
   6.7707394e+05
   6.7752360e+05
   6.7787751e+05
   6.7838035e+05
   6.7877126e+05
   6.7917693e+05
   6.7973254e+05
   6.8019935e+05
   6.8066371e+05
   6.8111590e+05
   6.8170529e+05
   6.8217170e+05
   6.8260152e+05
   6.8307992e+05
   6.8348940e+05
   6.8414863e+05
   6.8459840e+05
   6.8499964e+05
   6.8548678e+05
   6.8594427e+05
   6.8625856e+05
   6.8680888e+05
   6.8718581e+05
   6.8749433e+05
   6.8783317e+05
   6.8854953e+05
   6.8919088e+05
   6.8959116e+05
   6.8996469e+05
   6.9030429e+05
   6.9076124e+05
   6.9132135e+05
   6.9186662e+05
   6.9230046e+05
   6.9292363e+05
   6.9335095e+05
   6.9385172e+05
   6.9425138e+05
   6.9467667e+05
   6.9514624e+05
   6.9547759e+05
   6.9587012e+05
   6.9641996e+05
   6.9719901e+05
   6.9824865e+05
   6.9860347e+05
   6.9896957e+05
   6.9944204e+05
   6.9989313e+05
   7.0032770e+05
   7.0077737e+05
   7.0109494e+05
   7.0152311e+05
   7.0184209e+05
   7.0253104e+05
   7.0296825e+05
   7.0328847e+05
   7.0375022e+05
   7.0423753e+05
   7.0650933e+05
   7.0724733e+05
   7.0758915e+05
   7.0844466e+05
   7.0879782e+05
   7.0921647e+05
   7.0974949e+05
   7.1017051e+05
   7.1112420e+05
   7.1155004e+05
   7.1217701e+05
   7.1264309e+05
   7.1307213e+05
   7.1382543e+05
   7.1445947e+05
   7.1500220e+05
   7.1535949e+05
   7.1589651e+05
   7.1623694e+05
   7.1663026e+05
   7.1725393e+05
   7.1768452e+05
   7.1800440e+05
   7.1836523e+05
   7.1885578e+05
   7.1921597e+05
   7.1989835e+05
   7.2072377e+05
   7.2189291e+05
   7.2346839e+05
   7.2403295e+05
   7.2460047e+05
   7.2520961e+05
   7.2576221e+05
   7.2698493e+05
   7.2739442e+05
   7.2953728e+05
   7.3141071e+05
   7.3229730e+05
   7.3289670e+05
   7.3334366e+05
   7.3390483e+05
   7.3476255e+05
   7.3519955e+05
   7.3595093e+05
   7.3637035e+05
   7.3687997e+05
   7.3753127e+05
   7.3863172e+05
   7.3916708e+05
   7.4010075e+05
   7.4060933e+05
   7.4101091e+05
   7.4160395e+05
   7.4207963e+05
   7.4287776e+05
   7.4354310e+05
   7.4534004e+05
   7.4569843e+05
   7.4619164e+05
   7.4659278e+05
   7.4723582e+05
   7.4786202e+05
   7.4835524e+05
   7.4916363e+05
   7.5040008e+05
   7.5095781e+05
   7.5147453e+05
   7.5197932e+05
   7.5254863e+05
   7.5332540e+05
   7.5387712e+05
   7.5433647e+05
   7.5476157e+05
   7.5542073e+05
   7.5676642e+05
   7.5747123e+05
   7.5789823e+05
   7.5830380e+05
   7.5897128e+05
   7.6036209e+05
   7.6073298e+05
   7.6110666e+05
   7.6139574e+05
   7.6189822e+05
   7.6225599e+05
   7.6257333e+05
   7.6290818e+05
   7.6319615e+05
   7.6345825e+05
   7.6391688e+05
   7.6440969e+05
   7.6470230e+05
   7.6511955e+05
   7.6543973e+05
   7.6579953e+05
   7.6619961e+05
   7.6669682e+05
   7.6766049e+05
   7.6820073e+05
   7.6854228e+05
   7.6882399e+05
   7.6943711e+05
   7.6982164e+05
   7.7045008e+05
   7.7142174e+05
   7.7194947e+05
   7.7286030e+05
   7.7354440e+05
   7.7443931e+05
   7.7481377e+05
   7.7535912e+05
   7.7575933e+05
   7.7609733e+05
   7.7684309e+05
   7.7740233e+05
   7.7802299e+05
   7.7847035e+05
   7.7884659e+05
   7.7969455e+05
   8.2049915e+05
   8.2122640e+05
   8.2149331e+05
   8.2192566e+05
   8.2225610e+05
   8.2269759e+05
   8.2306989e+05
   8.2371768e+05
   8.2415920e+05
   8.2447367e+05
   8.2485339e+05
   8.2542803e+05
   8.2588376e+05
   8.2623030e+05
   8.2668747e+05
   8.2758851e+05
   8.2817825e+05
   8.2887097e+05
   8.2926310e+05
   8.2996658e+05
   8.3055292e+05
   8.3114883e+05
   8.3190732e+05
   8.3244286e+05
   8.3299739e+05
   8.3344740e+05
   8.3386555e+05
   8.3544255e+05
   8.3617163e+05
   8.3665160e+05
   8.3703996e+05
   8.3747622e+05
   8.3813697e+05
   8.3856588e+05
   8.3900337e+05
   8.3950294e+05
   8.3990487e+05
   8.8051442e+05
   8.8094416e+05
   8.8124150e+05
   8.8162736e+05
   8.8193097e+05
   8.8228782e+05
   8.8265614e+05
   8.8297786e+05
   8.8332681e+05
   8.8368314e+05
   8.8402175e+05
   8.8442438e+05
   8.8478445e+05
   8.8517746e+05
   8.8548549e+05
   8.8581389e+05
   8.8625598e+05
   8.8665018e+05
   8.8695179e+05
   8.8741955e+05
   8.8790411e+05
   8.8826389e+05
   8.8872189e+05
   8.8927830e+05
   8.8976856e+05
   8.9009052e+05
   8.9059927e+05
   8.9115542e+05
   8.9165103e+05
   8.9240352e+05
   8.9349272e+05
   8.9455983e+05
   8.9484773e+05
   8.9593357e+05
   8.9654976e+05
   8.9774367e+05
   8.9848054e+05
   8.9909928e+05
   8.9955359e+05
   9.4027265e+05
   9.4072392e+05
   9.4107602e+05
   9.4146920e+05
   9.4181610e+05
   9.4213660e+05
   9.4274871e+05
   9.4307716e+05
   9.4339178e+05
   9.4385415e+05
   9.4420928e+05
   9.4468050e+05
   9.4501498e+05
   9.4541074e+05
   9.4571347e+05
   9.4602730e+05
   9.4647654e+05
   9.4677315e+05
   9.4788272e+05
   9.4846368e+05
   9.4885783e+05
   9.4942833e+05
   9.4998156e+05
   9.5042518e+05
   9.5066991e+05
   9.5104889e+05
   9.5152301e+05
   9.5200396e+05
   9.5259622e+05
   9.5348462e+05
   9.5437144e+05
   9.5483757e+05
   9.5521059e+05
   9.5578491e+05
   9.5619425e+05
   9.5700620e+05
   9.5734154e+05
   9.5796001e+05
   9.5845451e+05
   9.5886859e+05
   9.5974373e+05
   1.0003719e+06
   1.0006976e+06
   1.0011828e+06
   1.0015340e+06
   1.0019031e+06
   1.0022460e+06
   1.0027820e+06
   1.0031671e+06
   1.0034870e+06
   1.0038232e+06
   1.0044487e+06
   1.0048063e+06
   1.0051920e+06
   1.0055652e+06
   1.0058632e+06
   1.0062178e+06
   1.0066365e+06
   1.0069574e+06
   1.0075668e+06
   1.0079835e+06
   1.0085604e+06
   1.0092808e+06
   1.0096592e+06
   1.0100687e+06
   1.0105079e+06
   1.0109658e+06
   1.0113977e+06
   1.0121391e+06
   1.0128561e+06
   1.0136484e+06
   1.0143654e+06
   1.0148793e+06
   1.0160853e+06
   1.0164978e+06
   1.0171304e+06
   1.0175932e+06
   1.0182026e+06
   1.0185971e+06
   1.0190304e+06
   1.0194567e+06
   1.0606274e+06
   1.0610405e+06
   1.0613575e+06
   1.0616405e+06
   1.0618819e+06
   1.0624839e+06
   1.0628584e+06
   1.0632089e+06
   1.0635349e+06
   1.0638372e+06
   1.0641512e+06
   1.0645006e+06
   1.0649298e+06
   1.0653661e+06
   1.0657373e+06
   1.0660859e+06
   1.0664905e+06
   1.0676762e+06
   1.0681887e+06
   1.0692638e+06
   1.0696842e+06
   1.0700328e+06
   1.0704465e+06
   1.0707620e+06
   1.0713840e+06
   1.0722147e+06
   1.0727836e+06
   1.0731882e+06
   1.0735666e+06
   1.0738696e+06
   1.0747371e+06
   1.0751362e+06
   1.0754999e+06
   1.0759170e+06
   1.0763084e+06
   1.0767751e+06
   1.0775166e+06
   1.0779148e+06
   1.0787297e+06
   1.0794812e+06
   1.1206918e+06
   1.1212493e+06
   1.1218902e+06
   1.1223476e+06
   1.1228306e+06
   1.1233052e+06
   1.1236229e+06
   1.1239463e+06
   1.1243056e+06
   1.1249509e+06
   1.1253392e+06
   1.1256694e+06
   1.1260161e+06
   1.1263018e+06
   1.1269299e+06
   1.1276231e+06
   1.1279924e+06
   1.1285913e+06
   1.1291303e+06
   1.1296444e+06
   1.1302385e+06
   1.1306369e+06
   1.1310861e+06
   1.1319598e+06
   1.1325132e+06
   1.1337034e+06
   1.1350289e+06
   1.1354288e+06
   1.1358385e+06
   1.1363998e+06
   1.1367899e+06
   1.1375720e+06
   1.1379918e+06
   1.1803764e+06
   1.1807482e+06
   1.1810855e+06
   1.1815758e+06
   1.1819539e+06
   1.1824961e+06
   1.1828334e+06
   1.1832640e+06
   1.1836360e+06
   1.1839249e+06
   1.1843280e+06
   1.1847226e+06
   1.1851183e+06
   1.1855562e+06
   1.1859670e+06
   1.1863746e+06
   1.1874068e+06
   1.1884589e+06
   1.1897084e+06
   1.1901174e+06
   1.1911452e+06
   1.1916639e+06
   1.1921350e+06
   1.1924544e+06
   1.1929376e+06
   1.1935361e+06
   1.1945835e+06
   1.1950471e+06
   1.1955612e+06
   1.1966543e+06
   1.1973649e+06
   1.1978706e+06
   1.1983329e+06
   1.1995092e+06
   1.1999893e+06
   1.2405165e+06
   1.2408405e+06
   1.2421078e+06
   1.2425084e+06
   1.2427872e+06
   1.2431058e+06
   1.2434805e+06
   1.2439786e+06
   1.2444032e+06
   1.2448294e+06
   1.2453653e+06
   1.2460071e+06
   1.2465709e+06
   1.2469483e+06
   1.2473945e+06
   1.2478443e+06
   1.2482573e+06
   1.2488747e+06
   1.2494056e+06
   1.2501573e+06
   1.2505583e+06
   1.2510911e+06
   1.2514898e+06
   1.2523335e+06
   1.2527150e+06
   1.2547121e+06
   1.2553702e+06
   1.2595778e+06
   1.2599563e+06
   1.3005061e+06
   1.3009873e+06
   1.3013206e+06
   1.3017748e+06
   1.3020560e+06
   1.3024844e+06
   1.3028639e+06
   1.3035047e+06
   1.3041744e+06
   1.3046353e+06
   1.3051881e+06
   1.3056174e+06
   1.3059476e+06
   1.3063881e+06
   1.3067830e+06
   1.3074159e+06
   1.3079232e+06
   1.3083341e+06
   1.3088798e+06
   1.3092961e+06
   1.3099849e+06
   1.3104082e+06
   1.3111463e+06
   1.3116696e+06
   1.3121622e+06
   1.3124466e+06
   1.3132847e+06
   1.3137923e+06
   1.3146176e+06
   1.3152913e+06
   1.3155811e+06
   1.3159238e+06
   1.3168374e+06
   1.3172436e+06
   1.3177898e+06
   1.3182434e+06
   1.3194994e+06
   1.3199912e+06
   1.3603805e+06
   1.3609328e+06
   1.3612492e+06
   1.3617709e+06
   1.3623220e+06
   1.3627535e+06
   1.3637044e+06
   1.3642552e+06
   1.3648087e+06
   1.3652278e+06
   1.3657832e+06
   1.3661271e+06
   1.3666421e+06
   1.3669918e+06
   1.3674370e+06
   1.3682326e+06
   1.3689620e+06
   1.3693375e+06
   1.3700249e+06
   1.3703453e+06
   1.3707793e+06
   1.3711932e+06
   1.3717494e+06
   1.3721297e+06
   1.3729720e+06
   1.3735345e+06
   1.3744840e+06
   1.3750581e+06
   1.3755873e+06
   1.3761232e+06
   1.3765515e+06
   1.3774864e+06
   1.3783027e+06
   1.3786906e+06
   1.3792850e+06
   1.3797941e+06
   1.4202805e+06
   1.4206920e+06
   1.4210359e+06
   1.4215369e+06
   1.4221303e+06
   1.4229695e+06
   1.4233616e+06
   1.4237033e+06
   1.4239961e+06
   1.4249400e+06
   1.4254555e+06
   1.4261349e+06
   1.4265722e+06
   1.4269763e+06
   1.4275996e+06
   1.4280170e+06
   1.4285568e+06
   1.4297912e+06
   1.4302101e+06
   1.4305977e+06
   1.4310536e+06
   1.4319575e+06
   1.4323901e+06
   1.4329243e+06
   1.4334693e+06
   1.4344494e+06
   1.4349288e+06
   1.4356122e+06
   1.4360729e+06
   1.4364894e+06
   1.4371884e+06
   1.4389691e+06
   1.4393250e+06
   1.4803586e+06
   1.4808989e+06
   1.4811967e+06
   1.4815334e+06
   1.4818319e+06
   1.4821874e+06
   1.4828008e+06
   1.4833211e+06
   1.4836425e+06
   1.4842779e+06
   1.4847943e+06
   1.4854032e+06
   1.4859278e+06
   1.4863222e+06
   1.4868230e+06
   1.4875250e+06
   1.4884083e+06
   1.4890170e+06
   1.4897696e+06
   1.4902374e+06
   1.4906268e+06
   1.4912164e+06
   1.4916891e+06
   1.4924498e+06
   1.4932042e+06
   1.4936598e+06
   1.4945403e+06
   1.4951963e+06
   1.4956184e+06
   1.4960979e+06
   1.4966493e+06
   1.4970541e+06
   1.4975954e+06
   1.4982872e+06
   1.4987210e+06
   1.4992712e+06
   1.4997310e+06
   1.5406175e+06
   1.5413416e+06
   1.5416464e+06
   1.5425481e+06
   1.5429328e+06
   1.5433387e+06
   1.5437593e+06
   1.5442616e+06
   1.5447936e+06
   1.5452002e+06
   1.5456021e+06
   1.5459930e+06
   1.5467831e+06
   1.5477511e+06
   1.5481327e+06
   1.5487114e+06
   1.5492041e+06
   1.5518513e+06
   1.5524539e+06
   1.5529154e+06
   1.5534510e+06
   1.5543963e+06
   1.5548993e+06
   1.5553237e+06
   1.5557928e+06
   1.5561894e+06
   1.5577845e+06
   1.5585523e+06
   1.5589430e+06
   1.5596889e+06
   1.6003779e+06
   1.6010021e+06
   1.6014072e+06
   1.6020736e+06
   1.6024707e+06
   1.6030208e+06
   1.6036412e+06
   1.6040277e+06
   1.6045533e+06
   1.6050874e+06
   1.6054686e+06
   1.6059217e+06
   1.6062735e+06
   1.6069047e+06
   1.6076142e+06
   1.6082833e+06
   1.6086034e+06
   1.6090494e+06
   1.6095647e+06
   1.6101093e+06
   1.6109011e+06
   1.6120339e+06
   1.6126492e+06
   1.6130594e+06
   1.6134742e+06
   1.6148733e+06
   1.6156042e+06
   1.6160220e+06
   1.6163815e+06
   1.6170169e+06
   1.6175409e+06
   1.6179560e+06
   1.6183216e+06
   1.6188953e+06
   1.6194177e+06
   1.6604091e+06
   1.6607517e+06
   1.6612967e+06
   1.6616887e+06
   1.6631022e+06
   1.6637335e+06
   1.6641769e+06
   1.6647146e+06
   1.6666405e+06
   1.6677014e+06
   1.6681016e+06
   1.6689701e+06
   1.6694805e+06
   1.6698867e+06
   1.6703909e+06
   1.6709026e+06
   1.6716329e+06
   1.6722864e+06
   1.6732023e+06
   1.6737633e+06
   1.6746662e+06
   1.6753877e+06
   1.6760105e+06
   1.6765405e+06
   1.6771124e+06
   1.6776904e+06
   1.6787709e+06
   1.6794988e+06
   1.7207125e+06
   1.7211269e+06
   1.7215571e+06
   1.7224050e+06
   1.7227497e+06
   1.7234251e+06
   1.7238311e+06
   1.7244510e+06
   1.7254673e+06
   1.7258968e+06
   1.7262802e+06
   1.7268233e+06
   1.7275393e+06
   1.7280645e+06
   1.7284658e+06
   1.7288747e+06
   1.7294154e+06
   1.7299716e+06
   1.7305067e+06
   1.7313803e+06
   1.7324432e+06
   1.7329256e+06
   1.7335001e+06
   1.7339949e+06
   1.7347596e+06
   1.7353281e+06
   1.7359800e+06
   1.7368629e+06
   1.7372460e+06
   1.7378128e+06
   1.7383755e+06
   1.7390330e+06
   1.7396540e+06
   1.7808065e+06
   1.7812562e+06
   1.7820430e+06
   1.7823881e+06
   1.7827391e+06
   1.7832413e+06
   1.7836977e+06
   1.7850647e+06
   1.7856696e+06
   1.7861430e+06
   1.7865077e+06
   1.7869261e+06
   1.7890311e+06
   1.7896206e+06
   1.7903798e+06
   1.7945303e+06
   1.7950293e+06
   1.7955646e+06
   1.7961594e+06
   1.7966850e+06
   1.7971310e+06
   1.7975090e+06
   1.7981055e+06
   1.7985965e+06
   1.7997764e+06
   1.8408154e+06
   1.8413359e+06
   1.8417894e+06
   1.8421424e+06
   1.8425512e+06
   1.8431682e+06
   1.8436233e+06
   1.8441095e+06
   1.8444732e+06
   1.8448590e+06
   1.8451770e+06
   1.8458294e+06
   1.8462197e+06
   1.8467830e+06
   1.8478505e+06
   1.8485300e+06
   1.8492981e+06
   1.8497894e+06
   1.8506018e+06
   1.8509724e+06
   1.8515860e+06
   1.8522506e+06
   1.8529325e+06
   1.8534286e+06
   1.8547697e+06
   1.8557672e+06
   1.8563353e+06
   1.8574218e+06
   1.8580281e+06
   1.8586152e+06
   1.8591109e+06
   1.8597257e+06
   1.9004459e+06
   1.9011384e+06
   1.9022252e+06
   1.9028997e+06
   1.9034909e+06
   1.9042672e+06
   1.9047693e+06
   1.9054863e+06
   1.9060779e+06
   1.9068046e+06
   1.9075504e+06
   1.9081957e+06
   1.9087481e+06
   1.9096547e+06
   1.9101870e+06
   1.9108319e+06
   1.9113643e+06
   1.9119449e+06
   1.9122773e+06
   1.9133198e+06
   1.9136115e+06
   1.9139044e+06
   1.9145621e+06
   1.9152966e+06
   1.9157958e+06
   1.9161347e+06
   1.9167712e+06
   1.9175185e+06
   1.9180518e+06
   1.9186623e+06
   1.9191873e+06
   1.9197100e+06
   6.0403302e+04
   6.1004846e+04
   6.1448455e+04
   6.1844377e+04
   6.2153446e+04
   6.2651768e+04
   6.3291806e+04
   6.3829599e+04
   6.4306699e+04
   6.5169471e+04
   6.5487519e+04
   6.5885116e+04
   6.6212660e+04
   6.6865709e+04
   6.7666619e+04
   6.8032986e+04
   6.9982481e+04
   7.0299602e+04
   7.0882734e+04
   7.1262717e+04
   7.1574908e+04
   7.2265519e+04
   7.2790072e+04
   7.3254030e+04
   7.3687409e+04
   7.4164179e+04
   7.4629074e+04
   7.5176032e+04
   7.5804452e+04
   7.6168580e+04
   7.6711705e+04
   7.7547839e+04
   7.8153692e+04
   7.8698496e+04
   7.9041278e+04
   7.9630212e+04
   8.0190667e+04
   8.0626606e+04
   8.1209247e+04
   8.1677565e+04
   8.2078656e+04
   8.2727250e+04
   8.3104951e+04
   8.3609507e+04
   8.4076039e+04
   8.4558040e+04
   8.5017031e+04
   8.5485060e+04
   8.5885993e+04
   8.6200310e+04
   8.6715257e+04
   8.7162158e+04
   8.7526992e+04
   8.7967133e+04
   8.8588774e+04
   8.8959147e+04
   8.9306670e+04
   8.9744718e+04
   9.0285791e+04
   9.0645978e+04
   9.0974472e+04
   9.1314106e+04
   9.1675401e+04
   9.2204842e+04
   9.2667433e+04
   9.3415969e+04
   9.3826420e+04
   9.4233263e+04
   9.4699121e+04
   9.6280367e+04
   9.6653024e+04
   9.7025839e+04
   9.7517589e+04
   9.7903812e+04
   9.8336393e+04
   9.8693750e+04
   9.9024703e+04
   9.9470045e+04
   9.9946808e+04
   1.2052417e+05
   1.2090939e+05
   1.2131387e+05
   1.2180408e+05
   1.2212909e+05
   1.2287170e+05
   1.2331248e+05
   1.2383211e+05
   1.2420819e+05
   1.2471934e+05
   1.2515250e+05
   1.2575690e+05
   1.2625230e+05
   1.2672485e+05
   1.2716758e+05
   1.2854172e+05
   1.2886924e+05
   1.2948056e+05
   1.2989468e+05
   1.3047583e+05
   1.3084824e+05
   1.3119479e+05
   1.3154341e+05
   1.3262839e+05
   1.3310667e+05
   1.3375567e+05
   1.3416032e+05
   1.3469932e+05
   1.3507230e+05
   1.3544160e+05
   1.3602596e+05
   1.3644990e+05
   1.3705082e+05
   1.3749104e+05
   1.3847745e+05
   1.3891826e+05
   1.3933203e+05
   1.4002981e+05
   1.4052350e+05
   1.4153529e+05
   1.4185520e+05
   1.4229945e+05
   1.4277663e+05
   1.4327230e+05
   1.4363424e+05
   1.4411090e+05
   1.4453917e+05
   1.4514144e+05
   1.4555191e+05
   1.4593184e+05
   1.4649385e+05
   1.4684552e+05
   1.4717121e+05
   1.4751427e+05
   1.4792261e+05
   1.4840473e+05
   1.4895164e+05
   1.4942301e+05
   1.4998326e+05
   1.5047648e+05
   1.5090699e+05
   1.5163244e+05
   1.5197664e+05
   1.5246172e+05
   1.5316298e+05
   1.5357575e+05
   1.5400032e+05
   1.5437025e+05
   1.5494003e+05
   1.5568771e+05
   1.5619526e+05
   1.5652512e+05
   1.5708865e+05
   1.5748176e+05
   1.5788329e+05
   1.5854197e+05
   1.5918415e+05
   1.5959846e+05
   1.8036509e+05
   1.8073726e+05
   1.8108438e+05
   1.8147957e+05
   1.8180946e+05
   1.8234932e+05
   1.8270346e+05
   1.8302577e+05
   1.8340864e+05
   1.8450154e+05
   1.8516947e+05
   1.8559463e+05
   1.8612773e+05
   1.8671491e+05
   1.8714048e+05
   1.8748874e+05
   1.8792877e+05
   1.8839512e+05
   1.8893696e+05
   1.8936494e+05
   1.8987432e+05
   1.9027551e+05
   1.9068267e+05
   1.9176114e+05
   1.9257803e+05
   1.9294781e+05
   1.9340586e+05
   1.9395793e+05
   1.9447833e+05
   1.9544253e+05
   1.9602078e+05
   1.9652883e+05
   1.9732130e+05
   1.9772709e+05
   1.9818871e+05
   1.9863236e+05
   1.9890181e+05
   1.9937439e+05
   1.9981673e+05
   2.0019791e+05
   2.0076649e+05
   2.0113630e+05
   2.0155567e+05
   2.0194276e+05
   2.0236285e+05
   2.0384251e+05
   2.0435598e+05
   2.0465459e+05
   2.0502185e+05
   2.0538625e+05
   2.0575465e+05
   2.0638729e+05
   2.0665338e+05
   2.0717593e+05
   2.0754234e+05
   2.0790493e+05
   2.0827894e+05
   2.0889931e+05
   2.0935400e+05
   2.0969383e+05
   2.1013023e+05
   2.1060865e+05
   2.1145506e+05
   2.1190125e+05
   2.1290426e+05
   2.1324243e+05
   2.1356921e+05
   2.1398402e+05
   2.1436091e+05
   2.1500121e+05
   2.1539676e+05
   2.1623627e+05
   2.1666141e+05
   2.1695837e+05
   2.1741169e+05
   2.1774403e+05
   2.1833956e+05
   2.1864403e+05
   2.1916985e+05
   2.1965703e+05
   2.4048263e+05
   2.4099878e+05
   2.4164631e+05
   2.4193637e+05
   2.4262453e+05
   2.4311520e+05
   2.4367497e+05
   2.4405919e+05
   2.4443733e+05
   2.4504654e+05
   2.4559820e+05
   2.4606123e+05
   2.4645304e+05
   2.4688496e+05
   2.4723451e+05
   2.4776699e+05
   2.4827811e+05
   2.4882796e+05
   2.4930393e+05
   2.4970978e+05
   2.5048032e+05
   2.5091547e+05
   2.5129563e+05
   2.5163476e+05
   2.5195355e+05
   2.5246202e+05
   2.5299603e+05
   2.5352027e+05
   2.5399510e+05
   2.5433879e+05
   2.5531436e+05
   2.5583322e+05
   2.5643841e+05
   2.5707224e+05
   2.5758501e+05
   2.5828964e+05
   2.5888179e+05
   2.5945528e+05
   2.5998597e+05
   2.6044957e+05
   2.6076855e+05
   2.6122609e+05
   2.6231903e+05
   2.6265745e+05
   2.6313235e+05
   2.6358505e+05
   2.6395625e+05
   2.6470792e+05
   2.6533916e+05
   2.6574322e+05
   2.6623624e+05
   2.6746350e+05
   2.6803731e+05
   2.6845802e+05
   2.6890793e+05
   2.6968015e+05
   2.7021015e+05
   2.7058190e+05
   2.7090863e+05
   2.7146304e+05
   2.7191335e+05
   2.7236550e+05
   2.7308454e+05
   2.7348064e+05
   2.7394106e+05
   2.7448459e+05
   2.7484363e+05
   2.7655028e+05
   2.7730120e+05
   2.7762496e+05
   2.7806647e+05
   2.7846339e+05
   2.7881491e+05
   3.0058679e+05
   3.0115819e+05
   3.0160779e+05
   3.0198168e+05
   3.0237991e+05
   3.0277257e+05
   3.0313480e+05
   3.0345008e+05
   3.0382426e+05
   3.0423287e+05
   3.0478015e+05
   3.0528106e+05
   3.0567267e+05
   3.0606591e+05
   3.0695374e+05
   3.0741265e+05
   3.0781479e+05
   3.0824167e+05
   3.0892678e+05
   3.0987129e+05
   3.1019706e+05
   3.1105273e+05
   3.1136977e+05
   3.1170157e+05
   3.1218377e+05
   3.1269249e+05
   3.1316139e+05
   3.1358776e+05
   3.1414772e+05
   3.1476552e+05
   3.1562680e+05
   3.1608425e+05
   3.1672259e+05
   3.1716949e+05
   3.1758625e+05
   3.1812570e+05
   3.1851879e+05
   3.1887323e+05
   3.1940549e+05
   3.1992774e+05
   3.2034019e+05
   3.2078152e+05
   3.2116131e+05
   3.2143544e+05
   3.2188986e+05
   3.2235615e+05
   3.2276740e+05
   3.2344927e+05
   3.2397375e+05
   3.2432727e+05
   3.2499809e+05
   3.2546037e+05
   3.2584324e+05
   3.2642238e+05
   3.2688846e+05
   3.2739161e+05
   3.2772484e+05
   3.2803608e+05
   3.2834918e+05
   3.2868382e+05
   3.2927929e+05
   3.3027986e+05
   3.3078930e+05
   3.3129060e+05
   3.3170638e+05
   3.3213807e+05
   3.3256862e+05
   3.3383455e+05
   3.3419900e+05
   3.3480787e+05
   3.3504279e+05
   3.3540760e+05
   3.3582414e+05
   3.3617544e+05
   3.3675098e+05
   3.3730642e+05
   3.3776274e+05
   3.3846171e+05
   3.3896396e+05
   3.3927965e+05
   3.3959428e+05
   3.6040385e+05
   3.6088295e+05
   3.6143688e+05
   3.6251132e+05
   3.6304050e+05
   3.6381967e+05
   3.6442138e+05
   3.6500303e+05
   3.6544058e+05
   3.6600653e+05
   3.6673632e+05
   3.6728799e+05
   3.6759363e+05
   3.6803286e+05
   3.6894774e+05
   3.6928331e+05
   3.6967302e+05
   3.7016192e+05
   3.7057214e+05
   3.7091077e+05
   3.7123474e+05
   3.7218784e+05
   3.7259810e+05
   3.7324320e+05
   3.7366064e+05
   3.7441212e+05
   3.7480587e+05
   3.7515356e+05
   3.7550658e+05
   3.7595229e+05
   3.7646462e+05
   3.7724134e+05
   3.7779218e+05
   3.7831002e+05
   3.7883135e+05
   3.7916029e+05
   3.8685057e+05
   3.8783998e+05
   3.8824635e+05
   3.8864546e+05
   3.8904822e+05
   3.8939102e+05
   3.8977912e+05
   3.9018657e+05
   3.9042793e+05
   3.9096553e+05
   3.9143506e+05
   3.9218449e+05
   3.9265764e+05
   3.9299480e+05
   3.9350410e+05
   3.9390836e+05
   3.9425676e+05
   3.9478990e+05
   3.9559361e+05
   3.9618090e+05
   3.9660633e+05
   3.9721048e+05
   3.9760450e+05
   3.9825390e+05
   3.9861285e+05
   3.9898221e+05
   3.9947074e+05
   3.9973168e+05
   4.2066994e+05
   4.2123613e+05
   4.2173496e+05
   4.2220905e+05
   4.2256687e+05
   4.2311562e+05
   4.2353669e+05
   4.2395534e+05
   4.2440005e+05
   4.2472727e+05
   4.2520837e+05
   4.2578147e+05
   4.2621882e+05
   4.2773971e+05
   4.2809605e+05
   4.2852236e+05
   4.2914272e+05
   4.2965179e+05
   4.3030370e+05
   4.3094008e+05
   4.3147764e+05
   4.3188197e+05
   4.3220891e+05
   4.3260289e+05
   4.3316091e+05
   4.3388194e+05
   4.3432156e+05
   4.3502323e+05
   4.3533971e+05
   4.3603304e+05
   4.3655742e+05
   4.3701932e+05
   4.3741915e+05
   4.3775274e+05
   4.3862553e+05
   4.3925862e+05
   4.4000434e+05
   4.4040362e+05
   4.4081495e+05
   4.4130053e+05
   4.4179796e+05
   4.4224445e+05
   4.4301131e+05
   4.4342693e+05
   4.4393626e+05
   4.4436205e+05
   4.4470556e+05
   4.4524569e+05
   4.4565646e+05
   4.4607119e+05
   4.4660021e+05
   4.4703485e+05
   4.4752519e+05
   4.4783892e+05
   4.4841221e+05
   4.4891468e+05
   4.4935485e+05
   4.4985116e+05
   4.5016601e+05
   4.5255469e+05
   4.5300392e+05
   4.5353995e+05
   4.5385622e+05
   4.5431914e+05
   4.5474672e+05
   4.5503033e+05
   4.5547089e+05
   4.5574689e+05
   4.5617022e+05
   4.5657597e+05
   4.5694210e+05
   4.5725797e+05
   4.5759624e+05
   4.5815482e+05
   4.5848195e+05
   4.5893287e+05
   4.5948217e+05
   4.8039586e+05
   4.8084822e+05
   4.8123840e+05
   4.8172485e+05
   4.8231748e+05
   4.8266503e+05
   4.8301412e+05
   4.8334002e+05
   4.8368124e+05
   4.8434018e+05
   4.8521125e+05
   4.8572435e+05
   4.8611469e+05
   4.8646013e+05
   4.8701259e+05
   4.8802515e+05
   4.8853863e+05
   4.8924151e+05
   4.8961956e+05
   4.9005915e+05
   4.9049036e+05
   4.9100523e+05
   4.9163979e+05
   4.9263006e+05
   4.9299003e+05
   4.9349708e+05
   4.9402227e+05
   4.9456774e+05
   4.9514607e+05
   4.9563650e+05
   4.9601660e+05
   4.9640317e+05
   4.9678929e+05
   4.9749375e+05
   4.9787938e+05
   4.9824965e+05
   4.9874266e+05
   4.9931649e+05
   4.9983376e+05
   5.0039214e+05
   5.0080727e+05
   5.0123468e+05
   5.0161869e+05
   5.0208960e+05
   5.0260209e+05
   5.0337004e+05
   5.0393805e+05
   5.0456760e+05
   5.0512618e+05
   5.0564314e+05
   5.0600920e+05
   5.0644520e+05
   5.0681418e+05
   5.0732530e+05
   5.0768790e+05
   5.0815091e+05
   5.0853209e+05
   5.0894901e+05
   5.0951681e+05
   5.1003533e+05
   5.1053810e+05
   5.1088697e+05
   5.1124883e+05
   5.1175858e+05
   5.1237609e+05
   5.1286114e+05
   5.1317387e+05
   5.1369995e+05
   5.1410330e+05
   5.1455590e+05
   5.1494795e+05
   5.1550703e+05
   5.1586215e+05
   5.1624943e+05
   5.1668910e+05
   5.1761676e+05
   5.1798402e+05
   5.1839796e+05
   5.1868608e+05
   5.1930982e+05
   5.1963724e+05
   5.4033610e+05
   5.4080788e+05
   5.4144081e+05
   5.4189813e+05
   5.4230069e+05
   5.4265545e+05
   5.4311018e+05
   5.4350066e+05
   5.4392640e+05
   5.4443978e+05
   5.4511062e+05
   5.4562478e+05
   5.4600240e+05
   5.4647769e+05
   5.4707640e+05
   5.4752552e+05
   5.4820853e+05
   5.4866324e+05
   5.4907525e+05
   5.4944477e+05
   5.5038672e+05
   5.5096179e+05
   5.5138679e+05
   5.5173886e+05
   5.5224256e+05
   5.5251972e+05
   5.5295802e+05
   5.5338324e+05
   5.5385515e+05
   5.5430795e+05
   5.5478304e+05
   5.5531159e+05
   5.5576437e+05
   5.5622093e+05
   5.5670702e+05
   5.5719220e+05
   5.5811998e+05
   5.5887662e+05
   5.5942327e+05
   5.5982664e+05
   5.6028294e+05
   5.6079705e+05
   5.6119353e+05
   5.6153920e+05
   5.6211658e+05
   5.6246339e+05
   5.6351736e+05
   5.6393695e+05
   5.6429265e+05
   5.6473677e+05
   5.6534544e+05
   5.6595282e+05
   5.6637686e+05
   5.6697002e+05
   5.6728516e+05
   5.6783345e+05
   5.6862009e+05
   5.6969686e+05
   5.7010257e+05
   5.7047473e+05
   5.7120681e+05
   5.7175459e+05
   5.7225017e+05
   5.7275397e+05
   5.7334566e+05
   5.7373833e+05
   5.7424915e+05
   5.7482429e+05
   5.7526351e+05
   5.7571478e+05
   5.7622356e+05
   5.7672231e+05
   5.7719983e+05
   5.7767153e+05
   5.7859152e+05
   5.7907003e+05
   5.7942768e+05
   5.7995467e+05
   7.8061577e+05
   7.8169094e+05
   7.8226245e+05
   7.8281140e+05
   7.8317470e+05
   7.8389131e+05
   7.8468490e+05
   7.8512656e+05
   7.8565204e+05
   7.8641926e+05
   7.8720967e+05
   7.9281336e+05
   8.0565156e+05
   8.0614762e+05
   8.0700373e+05
   8.0760493e+05
   8.0800051e+05
   8.0843395e+05
   8.0894627e+05
   8.0959771e+05
   8.1192675e+05
   8.1387795e+05
   8.1473909e+05
   8.1560084e+05
   8.1615721e+05
   8.1694073e+05
   8.1733077e+05
   8.1821272e+05
   8.1890545e+05
   8.1966667e+05
   8.4127345e+05
   8.4220269e+05
   8.4263194e+05
   8.4329941e+05
   8.4394636e+05
   8.4523071e+05
   8.4588683e+05
   8.4684541e+05
   8.4804468e+05
   8.4924911e+05
   8.4980484e+05
   8.5012507e+05
   8.5051152e+05
   8.5144580e+05
   8.5202266e+05
   8.5259751e+05
   8.5338423e+05
   8.5378847e+05
   8.5524781e+05
   8.5561261e+05
   8.5610989e+05
   8.5732346e+05
   8.5780652e+05
   8.5842513e+05
   8.5996654e+05
   8.6083736e+05
   8.6182824e+05
   8.6223480e+05
   8.6293013e+05
   8.6343600e+05
   8.6401695e+05
   8.6474236e+05
   8.6524528e+05
   8.6599675e+05
   8.6652277e+05
   8.6707991e+05
   8.6884164e+05
   8.6926262e+05
   8.7021776e+05
   8.7083828e+05
   8.7154546e+05
   8.7221451e+05
   8.7439699e+05
   8.7594266e+05
   8.7642440e+05
   8.7679520e+05
   8.7747162e+05
   8.7806502e+05
   8.7968014e+05
   9.0041583e+05
   9.0109699e+05
   9.0189588e+05
   9.0307202e+05
   9.0362536e+05
   9.0416078e+05
   9.0507722e+05
   9.0590139e+05
   9.0688306e+05
   9.0738719e+05
   9.0802001e+05
   9.0881498e+05
   9.0932906e+05
   9.1026819e+05
   9.1068919e+05
   9.1124417e+05
   9.1156057e+05
   9.1202864e+05
   9.1923602e+05
   9.1985069e+05
   9.2057546e+05
   9.2107982e+05
   9.2193391e+05
   9.2264168e+05
   9.2323501e+05
   9.2361646e+05
   9.2483145e+05
   9.2659843e+05
   9.2726407e+05
   9.2772158e+05
   9.2828477e+05
   9.2900215e+05
   9.2953900e+05
   9.2996892e+05
   9.3052211e+05
   9.3179978e+05
   9.3272251e+05
   9.3350557e+05
   9.3472079e+05
   9.3531133e+05
   9.3830301e+05
   9.3878182e+05
   9.6044422e+05
   9.6081028e+05
   9.6138247e+05
   9.6215313e+05
   9.6317705e+05
   9.6383815e+05
   9.6471856e+05
   9.6524167e+05
   9.6563403e+05
   9.6612136e+05
   9.6660030e+05
   9.6735618e+05
   9.6801299e+05
   9.6868121e+05
   9.6938877e+05
   9.6983770e+05
   9.7396537e+05
   9.7565102e+05
   9.7603614e+05
   9.7673224e+05
   9.7836279e+05
   9.7957208e+05
   9.8048471e+05
   9.8081528e+05
   9.8139610e+05
   9.8208461e+05
   9.8355104e+05
   9.8410707e+05
   9.8534837e+05
   9.8584426e+05
   9.8638650e+05
   9.8691077e+05
   9.8749958e+05
   9.8857769e+05
   9.8937965e+05
   9.8991853e+05
   9.9137643e+05
   9.9222392e+05
   9.9270570e+05
   9.9333222e+05
   9.9364539e+05
   9.9412050e+05
   9.9450731e+05
   9.9504275e+05
   9.9607584e+05
   9.9658958e+05
   9.9714921e+05
   9.9874041e+05
   9.9947729e+05
   1.0208913e+06
   1.0213584e+06
   1.0220697e+06
   1.0230392e+06
   1.0235917e+06
   1.0240995e+06
   1.0246376e+06
   1.0250378e+06
   1.0260343e+06
   1.0265154e+06
   1.0270674e+06
   1.0276352e+06
   1.0280717e+06
   1.0286826e+06
   1.0290917e+06
   1.0297903e+06
   1.0301662e+06
   1.0308419e+06
   1.0320379e+06
   1.0323805e+06
   1.0328376e+06
   1.0349671e+06
   1.0355814e+06
   1.0360233e+06
   1.0370222e+06
   1.0375324e+06
   1.0382984e+06
   1.0387946e+06
   1.0392422e+06
   1.0398861e+06
   1.0404200e+06
   1.0408460e+06
   1.0413831e+06
   1.0420029e+06
   1.0425996e+06
   1.0431040e+06
   1.0437704e+06
   1.0444368e+06
   1.0451993e+06
   1.0460943e+06
   1.0471536e+06
   1.0490080e+06
   1.0494700e+06
   1.0519197e+06
   1.0530609e+06
   1.0537793e+06
   1.0545592e+06
   1.0552005e+06
   1.0556874e+06
   1.0560785e+06
   1.0569332e+06
   1.0572780e+06
   1.0578138e+06
   1.0807420e+06
   1.0814920e+06
   1.0821534e+06
   1.0829065e+06
   1.0839051e+06
   1.0848293e+06
   1.0852754e+06
   1.0858496e+06
   1.0862287e+06
   1.0868436e+06
   1.0872015e+06
   1.0877122e+06
   1.0883193e+06
   1.0890003e+06
   1.0895608e+06
   1.0903487e+06
   1.0909947e+06
   1.0915914e+06
   1.0921265e+06
   1.0926446e+06
   1.0933680e+06
   1.0939686e+06
   1.0944267e+06
   1.0951062e+06
   1.0956451e+06
   1.0961266e+06
   1.0966935e+06
   1.0971260e+06
   1.0978788e+06
   1.0986622e+06
   1.1004283e+06
   1.1009868e+06
   1.1015587e+06
   1.1021088e+06
   1.1029804e+06
   1.1035138e+06
   1.1077263e+06
   1.1086620e+06
   1.1091087e+06
   1.1096020e+06
   1.1100034e+06
   1.1104897e+06
   1.1112965e+06
   1.1122667e+06
   1.1144518e+06
   1.1153277e+06
   1.1161257e+06
   1.1165989e+06
   1.1183893e+06
   1.1191903e+06
   1.1410138e+06
   1.1414714e+06
   1.1419235e+06
   1.1427022e+06
   1.1432241e+06
   1.1440029e+06
   1.1445013e+06
   1.1449996e+06
   1.1457594e+06
   1.1462527e+06
   1.1467107e+06
   1.1482139e+06
   1.1489153e+06
   1.1496663e+06
   1.1506760e+06
   1.1514106e+06
   1.1521310e+06
   1.1527604e+06
   1.1531556e+06
   1.1540464e+06
   1.1545588e+06
   1.1551748e+06
   1.1558698e+06
   1.1566675e+06
   1.1575716e+06
   1.1582328e+06
   1.1588238e+06
   1.1600125e+06
   1.1604016e+06
   1.1610544e+06
   1.1613858e+06
   1.1619422e+06
   1.1624743e+06
   1.1628662e+06
   1.1641767e+06
   1.1650143e+06
   1.1654654e+06
   1.1661868e+06
   1.1665350e+06
   1.1672867e+06
   1.1694969e+06
   1.1701200e+06
   1.1708528e+06
   1.1715321e+06
   1.1719223e+06
   1.1724358e+06
   1.1731719e+06
   1.1747129e+06
   1.1779558e+06
   1.1784516e+06
   1.1789907e+06
   1.1796117e+06
   1.2004344e+06
   1.2010408e+06
   1.2018142e+06
   1.2027309e+06
   1.2031005e+06
   1.2043061e+06
   1.2052088e+06
   1.2058202e+06
   1.2071843e+06
   1.2076381e+06
   1.2082083e+06
   1.2091048e+06
   1.2098968e+06
   1.2107663e+06
   1.2171056e+06
   1.2198850e+06
   1.2202703e+06
   1.2211434e+06
   1.2220772e+06
   1.2234058e+06
   1.2239163e+06
   1.2244576e+06
   1.2250166e+06
   1.2260064e+06
   1.2265183e+06
   1.2273671e+06
   1.2281395e+06
   1.2286070e+06
   1.2303127e+06
   1.2309100e+06
   1.2313175e+06
   1.2316818e+06
   1.2324133e+06
   1.2341540e+06
   1.2350756e+06
   1.2357825e+06
   1.2365548e+06
   1.2373235e+06
   1.2382326e+06
   1.2396429e+06
   1.2619100e+06
   1.2627242e+06
   1.2632259e+06
   1.2638163e+06
   1.2644903e+06
   1.2651242e+06
   1.2662010e+06
   1.2666335e+06
   1.2670982e+06
   1.2679290e+06
   1.2683587e+06
   1.2689992e+06
   1.2693963e+06
   1.2705052e+06
   1.2709809e+06
   1.2715685e+06
   1.2722937e+06
   1.2727380e+06
   1.2734856e+06
   1.2739711e+06
   1.2744284e+06
   1.2751633e+06
   1.2757328e+06
   1.2763827e+06
   1.2912826e+06
   1.2918001e+06
   1.2922791e+06
   1.2927563e+06
   1.2937730e+06
   1.2942112e+06
   1.2950292e+06
   1.2962868e+06
   1.2969051e+06
   1.2973744e+06
   1.2983023e+06
   1.2987500e+06
   1.2997451e+06
   1.3203956e+06
   1.3208045e+06
   1.3219781e+06
   1.3223940e+06
   1.3227734e+06
   1.3238241e+06
   1.3245604e+06
   1.3252203e+06
   1.3255652e+06
   1.3260862e+06
   1.3268290e+06
   1.3275186e+06
   1.3282311e+06
   1.3286136e+06
   1.3294410e+06
   1.3303406e+06
   1.3310733e+06
   1.3314600e+06
   1.3327232e+06
   1.3331944e+06
   1.3336811e+06
   1.3340328e+06
   1.3347578e+06
   1.3354562e+06
   1.3360930e+06
   1.3367347e+06
   1.3376016e+06
   1.3383047e+06
   1.3398189e+06
   1.3403001e+06
   1.3419578e+06
   1.3432263e+06
   1.3437092e+06
   1.3444096e+06
   1.3804624e+06
   1.3810679e+06
   1.3816498e+06
   1.3860551e+06
   1.3871109e+06
   1.3897449e+06
   1.3906324e+06
   1.3911487e+06
   1.3918004e+06
   1.3923996e+06
   1.3929736e+06
   1.3936526e+06
   1.3944219e+06
   1.3949807e+06
   1.3953619e+06
   1.3959632e+06
   1.3964629e+06
   1.3968098e+06
   1.3985763e+06
   1.3993360e+06
   1.3996898e+06
   1.4005636e+06
   1.4014839e+06
   1.4022614e+06
   1.4027401e+06
   1.4032932e+06
   1.4044473e+06
   1.4050855e+06
   1.4059067e+06
   1.4064557e+06
   1.4076753e+06
   1.4083779e+06
   1.4089171e+06
   1.4099433e+06
   1.4105257e+06
   1.4113804e+06
   1.4122129e+06
   1.4128535e+06
   1.4131869e+06
   1.4149175e+06
   1.4155278e+06
   1.4160632e+06
   1.4166881e+06
   1.4173555e+06
   1.4184143e+06
   1.4190836e+06
   1.4195772e+06
   1.4406843e+06
   1.4414704e+06
   1.4418961e+06
   1.4423674e+06
   1.4430152e+06
   1.4434782e+06
   1.4441632e+06
   1.4446973e+06
   1.4451716e+06
   1.4460093e+06
   1.4464673e+06
   1.4473963e+06
   1.4479208e+06
   1.4484356e+06
   1.4489224e+06
   1.4499892e+06
   1.4504781e+06
   1.4528808e+06
   1.4545035e+06
   1.4554646e+06
   1.4561200e+06
   1.4568812e+06
   1.4573588e+06
   1.4578702e+06
   1.4583414e+06
   1.4590084e+06
   1.4595735e+06
   1.4600550e+06
   1.4609494e+06
   1.4615419e+06
   1.4620674e+06
   1.4626960e+06
   1.4631097e+06
   1.4634826e+06
   1.4638839e+06
   1.4647070e+06
   1.4651322e+06
   1.4658084e+06
   1.4665454e+06
   1.4670256e+06
   1.4675289e+06
   1.4679124e+06
   1.4683378e+06
   1.4687517e+06
   1.4695730e+06
   1.4706590e+06
   1.4718209e+06
   1.4724007e+06
   1.4731660e+06
   1.4740484e+06
   1.4748654e+06
   1.4757903e+06
   1.4762999e+06
   1.4769330e+06
   1.4773888e+06
   1.4788534e+06
   1.5012508e+06
   1.5017173e+06
   1.5023688e+06
   1.5028858e+06
   1.5037454e+06
   1.5043687e+06
   1.5052351e+06
   1.5057246e+06
   1.5062706e+06
   1.5070153e+06
   1.5075199e+06
   1.5141457e+06
   1.5148068e+06
   1.5169682e+06
   1.5174110e+06
   1.5179218e+06
   1.5189948e+06
   1.5197075e+06
   1.5213144e+06
   1.5217533e+06
   1.5221713e+06
   1.5226417e+06
   1.5234946e+06
   1.5245879e+06
   1.5254282e+06
   1.5284030e+06
   1.5293621e+06
   1.5297285e+06
   1.5307215e+06
   1.5311823e+06
   1.5317014e+06
   1.5323048e+06
   1.5331500e+06
   1.5336950e+06
   1.5340509e+06
   1.5345267e+06
   1.5351815e+06
   1.5358311e+06
   1.5363826e+06
   1.5368472e+06
   1.5374001e+06
   1.5382558e+06
   1.5389378e+06
   1.5397002e+06
   1.5606365e+06
   1.5612304e+06
   1.5617253e+06
   1.5622486e+06
   1.5628032e+06
   1.5631299e+06
   1.5634583e+06
   1.5639900e+06
   1.5643618e+06
   1.5650480e+06
   1.5659373e+06
   1.5671037e+06
   1.5681519e+06
   1.5685736e+06
   1.5692092e+06
   1.5700430e+06
   1.5722253e+06
   1.5741975e+06
   1.5751117e+06
   1.5756078e+06
   1.5763007e+06
   1.5774455e+06
   1.5783263e+06
   1.5787344e+06
   1.5814208e+06
   1.5818277e+06
   1.5826705e+06
   1.5847170e+06
   1.5857140e+06
   1.5865735e+06
   1.5875110e+06
   1.5880931e+06
   1.5890842e+06
   1.5897161e+06
   1.5902298e+06
   1.5907286e+06
   1.5911094e+06
   1.5919272e+06
   1.5926090e+06
   1.5932401e+06
   1.6204477e+06
   1.6208747e+06
   1.6214612e+06
   1.6224725e+06
   1.6231127e+06
   1.6236522e+06
   1.6274807e+06
   1.6280524e+06
   1.6292186e+06
   1.6295798e+06
   1.6300941e+06
   1.6309687e+06
   1.6314661e+06
   1.6320050e+06
   1.6327112e+06
   1.6336009e+06
   1.6341850e+06
   1.6346515e+06
   1.6352112e+06
   1.6358425e+06
   1.6365038e+06
   1.6372169e+06
   1.6378853e+06
   1.6384853e+06
   1.6389235e+06
   1.6394134e+06
   1.6401764e+06
   1.6406002e+06
   1.6409830e+06
   1.6414735e+06
   1.6419291e+06
   1.6424854e+06
   1.6429606e+06
   1.6437858e+06
   1.6443171e+06
   1.6449204e+06
   1.6463628e+06
   1.6469657e+06
   1.6475452e+06
   1.6480844e+06
   1.6487634e+06
   1.6492581e+06
   1.6497786e+06
   1.6505996e+06
   1.6512179e+06
   1.6518565e+06
   1.6523157e+06
   1.6533142e+06
   1.6548387e+06
   1.6554169e+06
   1.6559088e+06
   1.6565333e+06
   1.6573230e+06
   1.6580192e+06
   1.6587733e+06
   1.6592522e+06
   1.6806452e+06
   1.6812253e+06
   1.6816248e+06
   1.6822044e+06
   1.6828661e+06
   1.6837365e+06
   1.6841510e+06
   1.6849186e+06
   1.6853515e+06
   1.6858356e+06
   1.6874092e+06
   1.6880469e+06
   1.6886763e+06
   1.6897991e+06
   1.6903386e+06
   1.6913179e+06
   1.6922001e+06
   1.6927962e+06
   1.6933955e+06
   1.6938214e+06
   1.6942574e+06
   1.6949123e+06
   1.6953348e+06
   1.6957903e+06
   1.6970236e+06
   1.6978661e+06
   1.6985616e+06
   1.6989339e+06
   1.6999799e+06
   1.7008935e+06
   1.7012191e+06
   1.7022298e+06
   1.7026564e+06
   1.7038450e+06
   1.7047682e+06
   1.7052340e+06
   1.7058453e+06
   1.7061761e+06
   1.7065983e+06
   1.7073588e+06
   1.7075966e+06
   1.7081780e+06
   1.7088640e+06
   1.7097168e+06
   1.7106816e+06
   1.7403449e+06
   1.7407822e+06
   1.7411972e+06
   1.7465689e+06
   1.7472181e+06
   1.7478384e+06
   1.7482574e+06
   1.7489134e+06
   1.7495146e+06
   1.7532763e+06
   1.7538439e+06
   1.7545759e+06
   1.7551273e+06
   1.7560030e+06
   1.7573010e+06
   1.7580361e+06
   1.7589906e+06
   1.7595704e+06
   1.7605886e+06
   1.7614085e+06
   1.7620644e+06
   1.7635117e+06
   1.7640178e+06
   1.7647409e+06
   1.7651280e+06
   1.7662873e+06
   1.7679656e+06
   1.7684394e+06
   1.7688952e+06
   1.7695020e+06
   1.7703759e+06
   1.7707484e+06
   1.7712116e+06
   1.7716248e+06
   1.7728275e+06
   1.7734253e+06
   1.7738221e+06
   1.7742664e+06
   1.7751596e+06
   1.7759141e+06
   1.7764579e+06
   1.7774462e+06
   1.7778891e+06
   1.7783778e+06
   1.7786820e+06
   1.7796195e+06
   1.8031509e+06
   1.8039628e+06
   1.8049430e+06
   1.8054423e+06
   1.8081134e+06
   1.8087309e+06
   1.8099536e+06
   1.8107994e+06
   1.8115201e+06
   1.8131665e+06
   1.8136664e+06
   1.8141618e+06
   1.8149865e+06
   1.8157431e+06
   1.8161578e+06
   1.8169548e+06
   1.8175788e+06
   1.8180398e+06
   1.8185464e+06
   1.8192911e+06
   1.8196974e+06
   1.8206374e+06
   1.8214099e+06
   1.8220328e+06
   1.8225387e+06
   1.8230763e+06
   1.8235195e+06
   1.8241764e+06
   1.8250367e+06
   1.8256091e+06
   1.8265560e+06
   1.8270205e+06
   1.8276596e+06
   1.8282517e+06
   1.8286297e+06
   1.8291752e+06
   1.8296997e+06
   1.8305014e+06
   1.8314337e+06
   1.8318263e+06
   1.8323239e+06
   1.8330560e+06
   1.8337241e+06
   1.8345761e+06
   1.8354412e+06
   1.8362331e+06
   1.8367585e+06
   1.8370701e+06
   1.8375850e+06
   1.8382152e+06
   1.8389556e+06
   1.8398850e+06
   1.8608374e+06
   1.8614086e+06
   1.8622301e+06
   1.8631597e+06
   1.8646759e+06
   1.8656037e+06
   1.8659764e+06
   1.8665139e+06
   1.8671845e+06
   1.8677347e+06
   1.8682784e+06
   1.8687084e+06
   1.8693326e+06
   1.8699806e+06
   1.8705604e+06
   1.8709785e+06
   1.8713985e+06
   1.8719590e+06
   1.8726048e+06
   1.8738597e+06
   1.8747263e+06
   1.8752485e+06
   1.8761860e+06
   1.8766822e+06
   1.8775499e+06
   1.8780601e+06
   1.8789418e+06
   1.8794547e+06
   1.8799304e+06
   1.8814995e+06
   1.8821159e+06
   1.8833674e+06
   1.8848209e+06
   1.8853363e+06
   1.8858575e+06
   1.8865556e+06
   1.8871054e+06
   1.8877434e+06
   1.8882478e+06
   1.8887322e+06
   1.8892593e+06
   1.8897344e+06
   1.8903380e+06
   1.8908307e+06
   1.8913917e+06
   1.8923275e+06
   1.8940781e+06
   1.8975590e+06
   1.8982051e+06
   1.8986809e+06
   1.8992420e+06
   1.8996095e+06
   1.7697779e+06
   1.7704093e+06
   1.7742094e+06
   1.7748131e+06
   1.7759903e+06
   1.7771554e+06
   1.7777929e+06
   1.7790455e+06
   1.7797524e+06
   1.8005807e+06
   1.8012388e+06
   1.8019821e+06
   1.8023579e+06
   1.8032353e+06
   1.8036227e+06
   1.8046358e+06
   1.8063577e+06
   1.8070893e+06
   1.8075578e+06
   1.8083304e+06
   1.8113943e+06
   1.8122120e+06
   1.8127868e+06
   1.8133465e+06
   1.8143735e+06
   1.8155817e+06
   1.8160485e+06
   1.8167889e+06
   1.8177370e+06
   1.8183535e+06
   1.8188552e+06
   1.8192948e+06
   1.8198498e+06
   1.8203496e+06
   1.8209787e+06
   1.8214058e+06
   1.8218575e+06
   1.8224701e+06
   1.8234952e+06
   1.8241165e+06
   1.8251526e+06
   1.8256639e+06
   1.8261971e+06
   1.8272372e+06
   1.8280643e+06
   1.8287938e+06
   1.8293635e+06
   1.8300045e+06
   1.8314319e+06
   1.8328526e+06
   1.8334947e+06
   1.8340547e+06
   1.8346064e+06
   1.8357453e+06
   1.8366340e+06
   1.8374029e+06
   1.8380800e+06
   1.8385480e+06
   1.8389197e+06
   1.8393287e+06
   1.8397637e+06
   1.8611798e+06
   1.8617503e+06
   1.8622195e+06
   1.8627745e+06
   1.8636071e+06
   1.8654624e+06
   1.8659769e+06
   1.8665542e+06
   1.8671701e+06
   1.8677239e+06
   1.8682377e+06
   1.8685491e+06
   1.8690948e+06
   1.8700430e+06
   1.8706570e+06
   1.8711192e+06
   1.8719412e+06
   1.8733233e+06
   1.8741840e+06
   1.8749286e+06
   1.8754432e+06
   1.8759394e+06
   1.8768184e+06
   1.8775899e+06
   1.8781686e+06
   1.8788774e+06
   1.8798245e+06
   1.8806813e+06
   1.8822766e+06
   1.8827054e+06
   1.8834739e+06
   1.8844953e+06
   1.8849011e+06
   1.8855559e+06
   1.8863607e+06
   1.8870156e+06
   1.8876639e+06
   1.8881521e+06
   1.8885845e+06
   1.8901436e+06
   1.8910026e+06
   1.8952170e+06
   1.8985879e+06
   1.8997581e+06
   1.8950668e+06
   1.8956972e+06
   1.8964008e+06
   1.8967464e+06
   1.8973846e+06
   1.8978311e+06
   1.8989247e+06
   1.8993307e+06
   1.8997260e+06
   1.8958159e+06
   1.8962971e+06
   1.8969350e+06
   1.8973229e+06
   1.8979088e+06
   1.8989991e+06
   1.8994849e+06
