   9.8406263e+02
   2.4468058e+03
   3.3662150e+03
   5.2827481e+03
   6.8045772e+03
   8.5001835e+03
   9.7058304e+03
   1.1187091e+04
   1.2418493e+04
   1.3691127e+04
   1.5006713e+04
   1.6769831e+04
   1.7852849e+04
   1.9183592e+04
   2.0294448e+04
   2.1441937e+04
   2.3702569e+04
   2.5171518e+04
   2.6681659e+04
   2.8078957e+04
   2.9228578e+04
   3.0617898e+04
   3.2904735e+04
   3.4006222e+04
   3.5698285e+04
   3.6993960e+04
   3.7887496e+04
   3.9098873e+04
   4.0274801e+04
   4.0547284e+04
   4.1959403e+04
   4.3066058e+04
   4.4392373e+04
   4.5436427e+04
   4.6172586e+04
   4.9052981e+04
   5.0525988e+04
   5.1689388e+04
   5.3964823e+04
   5.4318570e+04
   5.5910739e+04
   5.7295476e+04
   5.8122158e+04
   5.9262604e+04
   1.0096558e+05
   1.0218694e+05
   1.0310661e+05
   1.0422068e+05
   1.0522050e+05
   1.0634417e+05
   1.0776252e+05
   1.0916587e+05
   1.1021578e+05
   1.1114524e+05
   1.1191490e+05
   1.1295506e+05
   1.1408638e+05
   1.1530526e+05
   1.1737016e+05
   1.1876818e+05
   1.1999231e+05
   1.6075891e+05
   1.6176002e+05
   1.6294107e+05
   1.6451038e+05
   1.6626962e+05
   1.6716515e+05
   1.7015358e+05
   1.7144678e+05
   1.7317387e+05
   1.7478264e+05
   1.7600704e+05
   1.7695778e+05
   1.7816475e+05
   1.7987896e+05
   2.2080802e+05
   2.2254494e+05
   2.2393204e+05
   2.2502362e+05
   2.2771261e+05
   2.2881150e+05
   2.2967640e+05
   2.3068823e+05
   2.3171242e+05
   2.3283579e+05
   2.3371624e+05
   2.3497195e+05
   2.3660357e+05
   2.3792744e+05
   2.3885433e+05
   2.8150634e+05
   2.8275042e+05
   2.8445790e+05
   2.8578819e+05
   2.8928854e+05
   2.9023183e+05
   2.9113670e+05
   2.9212029e+05
   2.9350158e+05
   2.9445931e+05
   2.9587318e+05
   2.9778287e+05
   2.9999255e+05
   3.4003418e+05
   3.4075005e+05
   3.4376861e+05
   3.4545459e+05
   3.4654249e+05
   3.4850039e+05
   3.4953810e+05
   3.5096909e+05
   3.5236866e+05
   3.5485371e+05
   3.5612403e+05
   3.5723231e+05
   3.5862839e+05
   3.5969197e+05
   4.0006819e+05
   4.0081739e+05
   4.0206285e+05
   4.0327671e+05
   4.0441516e+05
   4.0564886e+05
   4.0696222e+05
   4.0809691e+05
   4.0924820e+05
   4.1099605e+05
   4.1238921e+05
   4.1324682e+05
   4.1518797e+05
   4.1649895e+05
   4.1748059e+05
   4.1847672e+05
   4.1954130e+05
   4.6005266e+05
   4.6106723e+05
   4.6227706e+05
   4.6379010e+05
   4.6500987e+05
   4.6641498e+05
   4.6828559e+05
   4.6952706e+05
   4.7099248e+05
   4.7316454e+05
   4.7518583e+05
   4.7638444e+05
   4.7747882e+05
   4.7899099e+05
   5.2003519e+05
   5.2134312e+05
   5.2248021e+05
   5.2388579e+05
   5.2517891e+05
   5.2627956e+05
   5.2810761e+05
   5.2952027e+05
   5.3095577e+05
   5.3237041e+05
   5.3418255e+05
   5.3500626e+05
   5.3639724e+05
   5.3770021e+05
   5.3875919e+05
   5.3962736e+05
   5.8003717e+05
   5.8085353e+05
   5.8216965e+05
   5.8332403e+05
   5.8434475e+05
   5.8522478e+05
   5.8661585e+05
   5.8765187e+05
   5.8842202e+05
   5.8925822e+05
   5.9035942e+05
   5.9140248e+05
   5.9241807e+05
   5.9349923e+05
   5.9464064e+05
   5.9577278e+05
   5.9706713e+05
   5.9929353e+05
   6.0188618e+05
   6.0283745e+05
   6.0405218e+05
   6.0650413e+05
   6.0832111e+05
   6.0953227e+05
   6.1264897e+05
   6.1364083e+05
   6.1488628e+05
   6.1590715e+05
   6.1733054e+05
   6.1939721e+05
   6.2060768e+05
   6.2228612e+05
   6.2421795e+05
   6.2647215e+05
   6.2813417e+05
   6.2995707e+05
   6.3124602e+05
   6.3229743e+05
   6.3352876e+05
   6.3490955e+05
   6.3621140e+05
   6.3768580e+05
   6.4218817e+05
   6.4409753e+05
   6.4579375e+05
   6.4739415e+05
   6.4880894e+05
   6.4989930e+05
   6.5127526e+05
   6.5264832e+05
   6.5381844e+05
   6.5712499e+05
   6.5870239e+05
   6.5977319e+05
   6.6101021e+05
   6.6251791e+05
   6.6391693e+05
   6.6558389e+05
   6.6735575e+05
   6.6870384e+05
   6.7260417e+05
   6.7619423e+05
   6.7721474e+05
   6.7850761e+05
   6.7957376e+05
   6.8055528e+05
   6.8166284e+05
   6.8315563e+05
   6.8429254e+05
   6.8658680e+05
   6.8819254e+05
   6.8909025e+05
   6.9078085e+05
   6.9276954e+05
   6.9405887e+05
   6.9542589e+05
   6.9659939e+05
   6.9783334e+05
   6.9936705e+05
   7.0102116e+05
   7.0280430e+05
   7.0534503e+05
   7.0681352e+05
   7.0852843e+05
   7.0977812e+05
   7.1108027e+05
   7.1230114e+05
   7.1372703e+05
   7.1569155e+05
   7.1722324e+05
   7.1995653e+05
   7.2158272e+05
   7.2350282e+05
   7.2473679e+05
   7.2666851e+05
   7.3049442e+05
   7.3224485e+05
   7.3498479e+05
   7.3971803e+05
   7.4139951e+05
   7.4411459e+05
   7.4508538e+05
   7.4698092e+05
   7.4901017e+05
   7.5135638e+05
   7.5332917e+05
   7.5511516e+05
   7.5649424e+05
   7.6073246e+05
   7.6160035e+05
   7.6268837e+05
   7.6364508e+05
   7.6447333e+05
   7.6547014e+05
   7.6634795e+05
   7.6813508e+05
   7.7020408e+05
   7.7125047e+05
   7.7270796e+05
   7.7565260e+05
   7.7687760e+05
   7.7867705e+05
   7.7991819e+05
   8.2086853e+05
   8.2153845e+05
   8.2226338e+05
   8.2326858e+05
   8.2411339e+05
   8.2504396e+05
   8.2594611e+05
   8.2804169e+05
   8.2974109e+05
   8.3139546e+05
   8.3248789e+05
   8.3384554e+05
   8.3751771e+05
   8.3953651e+05
   8.8080425e+05
   8.8171421e+05
   8.8255443e+05
   8.8358380e+05
   8.8438326e+05
   8.8533488e+05
   8.8653555e+05
   8.8811448e+05
   8.9107477e+05
   8.9261963e+05
   8.9587391e+05
   8.9791327e+05
   9.4095091e+05
   9.4201254e+05
   9.4286793e+05
   9.4364414e+05
   9.4442002e+05
   9.4515290e+05
   9.4592515e+05
   9.4682738e+05
   9.4856655e+05
   9.5061295e+05
   9.5221930e+05
   9.5360566e+05
   9.5583926e+05
   9.5741311e+05
   9.5860556e+05
   1.0011096e+06
   1.0019443e+06
   1.0028176e+06
   1.0036967e+06
   1.0045809e+06
   1.0054063e+06
   1.0063599e+06
   1.0090058e+06
   1.0099931e+06
   1.0117490e+06
   1.0132625e+06
   1.0159382e+06
   1.0198903e+06
   1.0608170e+06
   1.0617756e+06
   1.0625324e+06
   1.0632737e+06
   1.0642274e+06
   1.0649676e+06
   1.0658032e+06
   1.0665338e+06
   1.0684070e+06
   1.0699659e+06
   1.0711210e+06
   1.0723801e+06
   1.0739884e+06
   1.0753256e+06
   1.0766670e+06
   1.0798165e+06
   1.1209644e+06
   1.1215856e+06
   1.1225650e+06
   1.1233683e+06
   1.1241193e+06
   1.1249122e+06
   1.1255814e+06
   1.1264065e+06
   1.1286573e+06
   1.1308876e+06
   1.1335733e+06
   1.1352571e+06
   1.1374117e+06
   1.1386364e+06
   1.1808911e+06
   1.1820652e+06
   1.1830984e+06
   1.1837597e+06
   1.1845701e+06
   1.1855986e+06
   1.1866225e+06
   1.1879953e+06
   1.1902054e+06
   1.1915306e+06
   1.1929620e+06
   1.1949769e+06
   1.1964736e+06
   1.1978730e+06
   1.1992209e+06
   1.2409881e+06
   1.2422341e+06
   1.2432782e+06
   1.2440926e+06
   1.2450259e+06
   1.2460583e+06
   1.2468136e+06
   1.2481866e+06
   1.2511023e+06
   1.2525842e+06
   1.2539375e+06
   1.2566385e+06
   1.2581474e+06
   1.2597485e+06
   1.3010518e+06
   1.3020221e+06
   1.3030226e+06
   1.3038869e+06
   1.3047961e+06
   1.3056446e+06
   1.3065828e+06
   1.3093178e+06
   1.3108275e+06
   1.3124858e+06
   1.3155303e+06
   1.3169055e+06
   1.3608135e+06
   1.3616193e+06
   1.3623786e+06
   1.3632707e+06
   1.3641667e+06
   1.3650091e+06
   1.3659665e+06
   1.3685124e+06
   1.3698062e+06
   1.3712718e+06
   1.3766640e+06
   1.3779512e+06
   1.3791613e+06
   1.4209467e+06
   1.4219147e+06
   1.4226363e+06
   1.4232639e+06
   1.4245743e+06
   1.4255795e+06
   1.4264932e+06
   1.4282521e+06
   1.4317892e+06
   1.4354286e+06
   1.4371974e+06
   1.4389177e+06
   1.4808451e+06
   1.4817538e+06
   1.4830311e+06
   1.4843444e+06
   1.4851930e+06
   1.4861718e+06
   1.4869108e+06
   1.4883908e+06
   1.4899683e+06
   1.4914798e+06
   1.4924878e+06
   1.4952375e+06
   1.4967884e+06
   1.5412539e+06
   1.5422323e+06
   1.5434899e+06
   1.5446022e+06
   1.5455025e+06
   1.5463243e+06
   1.5482955e+06
   1.5504027e+06
   1.5521915e+06
   1.5534219e+06
   1.5552719e+06
   1.5565990e+06
   1.5586106e+06
   1.5599593e+06
   1.6008122e+06
   1.6016562e+06
   1.6028096e+06
   1.6037677e+06
   1.6044724e+06
   1.6055117e+06
   1.6067414e+06
   1.6080292e+06
   1.6117302e+06
   1.6131713e+06
   1.6158802e+06
   1.6181412e+06
   1.6196524e+06
   1.6612159e+06
   1.6620627e+06
   1.6628723e+06
   1.6637499e+06
   1.6645853e+06
   1.6654506e+06
   1.6665693e+06
   1.6690662e+06
   1.6701957e+06
   1.6732028e+06
   1.6753169e+06
   1.6775033e+06
   1.7208232e+06
   1.7217823e+06
   1.7228705e+06
   1.7241277e+06
   1.7251331e+06
   1.7261777e+06
   1.7296427e+06
   1.7315210e+06
   1.7333912e+06
   1.7358743e+06
   1.7369930e+06
   1.7812281e+06
   1.7819648e+06
   1.7829252e+06
   1.7838445e+06
   1.7846978e+06
   1.7855771e+06
   1.7867641e+06
   1.7879696e+06
   1.7893725e+06
   1.7915607e+06
   1.7931569e+06
   1.7960410e+06
   1.7976347e+06
   1.7988875e+06
   1.8411428e+06
   1.8424276e+06
   1.8431897e+06
   1.8441158e+06
   1.8450913e+06
   1.8461619e+06
   1.8469217e+06
   1.8496812e+06
   1.8511632e+06
   1.8527897e+06
   1.8560592e+06
   1.8578897e+06
   1.9007384e+06
   1.9024249e+06
   1.9031144e+06
   1.9038550e+06
   1.9046170e+06
   1.9059019e+06
   1.9069410e+06
   1.9083093e+06
   1.9096400e+06
   1.9118200e+06
   1.9131009e+06
   1.9152411e+06
   1.9162907e+06
   1.9182878e+06
   1.9191983e+06
   6.0966389e+04
   6.2414107e+04
   6.3425198e+04
   6.4633124e+04
   6.5800997e+04
   6.7031371e+04
   6.9297410e+04
   7.0625373e+04
   7.3283816e+04
   7.5055723e+04
   7.6282785e+04
   7.7507073e+04
   7.9740929e+04
   8.1075684e+04
   8.1945910e+04
   8.3278611e+04
   8.4503199e+04
   8.5656331e+04
   8.7006645e+04
   8.8106006e+04
   8.9880741e+04
   9.1522211e+04
   9.4032925e+04
   9.5332225e+04
   9.6510624e+04
   9.8419057e+04
   1.2012408e+05
   1.2132259e+05
   1.2266224e+05
   1.2459793e+05
   1.2605037e+05
   1.2780212e+05
   1.2924529e+05
   1.3057243e+05
   1.3188492e+05
   1.3379637e+05
   1.3539668e+05
   1.3667292e+05
   1.3778634e+05
   1.3972028e+05
   1.4152995e+05
   1.4249922e+05
   1.4408923e+05
   1.4530866e+05
   1.4641693e+05
   1.4743987e+05
   1.5068494e+05
   1.5186430e+05
   1.5393541e+05
   1.5545402e+05
   1.5636295e+05
   1.5757382e+05
   1.8003617e+05
   1.8133601e+05
   1.8320777e+05
   1.8504149e+05
   1.8731898e+05
   1.8861577e+05
   1.9305467e+05
   1.9443160e+05
   1.9569664e+05
   1.9695982e+05
   1.9801684e+05
   1.9897788e+05
   2.0122944e+05
   2.0253582e+05
   2.0422451e+05
   2.0565703e+05
   2.0701095e+05
   2.0873294e+05
   2.1071336e+05
   2.1188486e+05
   2.1356971e+05
   2.1633922e+05
   2.1733569e+05
   2.4119837e+05
   2.4263009e+05
   2.4470577e+05
   2.4598485e+05
   2.4691802e+05
   2.4835094e+05
   2.4959360e+05
   2.5072373e+05
   2.5215493e+05
   2.5344290e+05
   2.5433639e+05
   2.5575304e+05
   2.5690389e+05
   2.5806587e+05
   2.6112477e+05
   2.6245385e+05
   2.6523207e+05
   2.6670914e+05
   2.6816428e+05
   2.6957850e+05
   2.7070479e+05
   2.7170957e+05
   2.7337750e+05
   2.7447863e+05
   2.7629298e+05
   2.7734229e+05
   2.7894097e+05
   3.0028206e+05
   3.0218198e+05
   3.0325278e+05
   3.0546229e+05
   3.0647180e+05
   3.0820323e+05
   3.1061950e+05
   3.1201228e+05
   3.1300679e+05
   3.1451141e+05
   3.1560108e+05
   3.1686273e+05
   3.1808554e+05
   3.1920230e+05
   3.2072436e+05
   3.2248455e+05
   3.2396968e+05
   3.2478445e+05
   3.2629273e+05
   3.2782186e+05
   3.2916862e+05
   3.3076310e+05
   3.3266186e+05
   3.3446194e+05
   3.3554391e+05
   3.3743703e+05
   3.3862275e+05
   3.6237471e+05
   3.6398795e+05
   3.6504617e+05
   3.6680675e+05
   3.6872020e+05
   3.7130088e+05
   3.7376426e+05
   3.7480040e+05
   3.7588730e+05
   3.7727149e+05
   3.7877654e+05
   3.7996456e+05
   3.8091118e+05
   3.8221025e+05
   3.8365513e+05
   3.8500348e+05
   3.8690220e+05
   3.8872782e+05
   3.9009958e+05
   3.9157975e+05
   3.9273189e+05
   3.9398321e+05
   3.9586644e+05
   3.9854832e+05
   4.2098573e+05
   4.2210064e+05
   4.2387721e+05
   4.2498573e+05
   4.2603942e+05
   4.2735743e+05
   4.2851778e+05
   4.2928160e+05
   4.3076745e+05
   4.3225286e+05
   4.3350938e+05
   4.3481845e+05
   4.3695859e+05
   4.3830387e+05
   4.4030786e+05
   4.4152654e+05
   4.4294761e+05
   4.4434789e+05
   4.4564811e+05
   4.4729813e+05
   4.4850006e+05
   4.5037958e+05
   4.5158799e+05
   4.5353813e+05
   4.5539980e+05
   4.5672561e+05
   4.5847568e+05
   4.5956834e+05
   4.8252542e+05
   4.8454021e+05
   4.8601991e+05
   4.8779985e+05
   4.8914745e+05
   4.9037366e+05
   4.9189848e+05
   4.9332767e+05
   4.9450142e+05
   4.9746317e+05
   4.9908044e+05
   5.0062965e+05
   5.0214646e+05
   5.0383514e+05
   5.0546854e+05
   5.0650246e+05
   5.0767997e+05
   5.0919571e+05
   5.1023301e+05
   5.1187893e+05
   5.1393127e+05
   5.1539355e+05
   5.1742271e+05
   5.1927178e+05
   5.4176141e+05
   5.4310169e+05
   5.4436447e+05
   5.4573972e+05
   5.4705585e+05
   5.4863564e+05
   5.5033828e+05
   5.5156104e+05
   5.5304821e+05
   5.5456424e+05
   5.5672956e+05
   5.5842027e+05
   5.6006224e+05
   5.6232101e+05
   5.6411075e+05
   5.6566700e+05
   5.6659820e+05
   5.6731642e+05
   5.6848112e+05
   5.6974446e+05
   5.7073598e+05
   5.7221271e+05
   5.7361264e+05
   5.7566474e+05
   5.7716237e+05
   5.7848912e+05
   5.7970218e+05
   7.8326848e+05
   7.8504640e+05
   7.8627647e+05
   7.8943018e+05
   7.9131159e+05
   7.9318112e+05
   7.9494132e+05
   7.9782172e+05
   7.9927742e+05
   8.0078711e+05
   8.0377945e+05
   8.0572748e+05
   8.0732994e+05
   8.0878499e+05
   8.1146598e+05
   8.1469092e+05
   8.1619825e+05
   8.1875105e+05
   8.4114467e+05
   8.4266882e+05
   8.4416964e+05
   8.4673054e+05
   8.4875765e+05
   8.5018789e+05
   8.5271763e+05
   8.5469811e+05
   8.5681599e+05
   8.5911135e+05
   8.6134273e+05
   8.6263947e+05
   8.6633867e+05
   8.6902925e+05
   8.7081281e+05
   8.7252315e+05
   8.7484769e+05
   8.7654478e+05
   8.7964385e+05
   9.0128607e+05
   9.0636670e+05
   9.0822726e+05
   9.1133413e+05
   9.1356966e+05
   9.1668793e+05
   9.1862507e+05
   9.2057121e+05
   9.2313004e+05
   9.2423401e+05
   9.2637589e+05
   9.2833696e+05
   9.2980240e+05
   9.3191248e+05
   9.3574709e+05
   9.3721152e+05
   9.3902385e+05
   9.6251154e+05
   9.7448145e+05
   9.7691632e+05
   9.7864308e+05
   9.8193074e+05
   9.8357875e+05
   9.9000212e+05
   9.9165808e+05
   9.9313758e+05
   9.9641827e+05
   9.9832136e+05
   9.9960084e+05
   1.0218986e+06
   1.0248081e+06
   1.0263910e+06
   1.0288629e+06
   1.0311967e+06
   1.0342112e+06
   1.0361815e+06
   1.0377690e+06
   1.0426662e+06
   1.0440699e+06
   1.0462909e+06
   1.0484107e+06
   1.0574508e+06
   1.0598495e+06
   1.0822576e+06
   1.0846054e+06
   1.0858878e+06
   1.0877103e+06
   1.0893751e+06
   1.0909681e+06
   1.0929336e+06
   1.0944072e+06
   1.0980202e+06
   1.1000115e+06
   1.1015598e+06
   1.1078803e+06
   1.1108367e+06
   1.1123997e+06
   1.1143506e+06
   1.1166917e+06
   1.1180080e+06
   1.1195343e+06
   1.1422674e+06
   1.1441724e+06
   1.1460268e+06
   1.1471986e+06
   1.1487651e+06
   1.1512279e+06
   1.1537220e+06
   1.1588201e+06
   1.1602733e+06
   1.1625874e+06
   1.1640051e+06
   1.1660475e+06
   1.1674638e+06
   1.1695168e+06
   1.1732397e+06
   1.1748586e+06
   1.1765845e+06
   1.1781985e+06
   1.2036700e+06
   1.2050847e+06
   1.2059668e+06
   1.2078415e+06
   1.2096953e+06
   1.2146470e+06
   1.2168241e+06
   1.2192081e+06
   1.2208393e+06
   1.2225469e+06
   1.2249944e+06
   1.2264100e+06
   1.2289982e+06
   1.2305709e+06
   1.2324907e+06
   1.2337956e+06
   1.2350777e+06
   1.2366819e+06
   1.2387276e+06
   1.2614905e+06
   1.2632335e+06
   1.2654480e+06
   1.2691153e+06
   1.2717742e+06
   1.2740022e+06
   1.2754584e+06
   1.2778349e+06
   1.2801625e+06
   1.2820734e+06
   1.2839473e+06
   1.2861677e+06
   1.2879192e+06
   1.2894177e+06
   1.2918099e+06
   1.2940044e+06
   1.2971858e+06
   1.2986110e+06
   1.2998330e+06
   1.3222390e+06
   1.3251335e+06
   1.3274751e+06
   1.3294334e+06
   1.3341908e+06
   1.3357494e+06
   1.3377439e+06
   1.3390569e+06
   1.3406560e+06
   1.3434019e+06
   1.3475375e+06
   1.3491300e+06
   1.3509537e+06
   1.3523023e+06
   1.3566258e+06
   1.3587231e+06
   1.3819710e+06
   1.3852759e+06
   1.3866611e+06
   1.3898486e+06
   1.3910690e+06
   1.3922757e+06
   1.3939450e+06
   1.3974692e+06
   1.4003796e+06
   1.4029905e+06
   1.4047989e+06
   1.4066628e+06
   1.4088482e+06
   1.4110862e+06
   1.4125150e+06
   1.4142471e+06
   1.4180873e+06
   1.4428908e+06
   1.4441996e+06
   1.4452720e+06
   1.4470278e+06
   1.4508223e+06
   1.4527599e+06
   1.4541318e+06
   1.4560241e+06
   1.4573216e+06
   1.4585546e+06
   1.4599812e+06
   1.4616130e+06
   1.4628338e+06
   1.4645121e+06
   1.4660325e+06
   1.4709239e+06
   1.4721005e+06
   1.4747776e+06
   1.4779108e+06
   1.5019159e+06
   1.5059713e+06
   1.5078421e+06
   1.5107290e+06
   1.5126087e+06
   1.5142137e+06
   1.5159076e+06
   1.5179603e+06
   1.5237184e+06
   1.5251290e+06
   1.5268770e+06
   1.5290013e+06
   1.5312119e+06
   1.5342627e+06
   1.5369728e+06
   1.5388655e+06
   1.5398408e+06
   1.5618891e+06
   1.5646297e+06
   1.5670763e+06
   1.5681758e+06
   1.5694258e+06
   1.5714236e+06
   1.5736969e+06
   1.5757147e+06
   1.5771061e+06
   1.5791410e+06
   1.5826594e+06
   1.5843528e+06
   1.5856810e+06
   1.5912034e+06
   1.5940478e+06
   1.5956231e+06
   1.5996332e+06
   1.6215120e+06
   1.6231090e+06
   1.6254887e+06
   1.6287619e+06
   1.6305737e+06
   1.6357808e+06
   1.6379477e+06
   1.6394710e+06
   1.6405889e+06
   1.6443305e+06
   1.6464403e+06
   1.6479753e+06
   1.6497194e+06
   1.6519708e+06
   1.6536309e+06
   1.6552384e+06
   1.6570154e+06
   1.6586005e+06
   1.6816359e+06
   1.6852636e+06
   1.6871228e+06
   1.6886599e+06
   1.7429404e+06
   1.7467401e+06
   1.7487571e+06
   1.7502863e+06
   1.7518057e+06
   1.7542259e+06
   1.7570968e+06
   1.7584347e+06
   1.7596243e+06
   1.7609836e+06
   1.7625346e+06
   1.7647712e+06
   1.7685556e+06
   1.7706671e+06
   1.7726818e+06
   1.7744822e+06
   1.7782532e+06
   1.8017344e+06
   1.8061935e+06
   1.8083578e+06
   1.8196698e+06
   1.8210124e+06
   1.8224839e+06
   1.8278604e+06
   1.8314483e+06
   1.8341031e+06
   1.8366843e+06
   1.8393180e+06
   1.8637019e+06
   1.8674986e+06
   1.8696058e+06
   1.8715072e+06
   1.8735133e+06
   1.8788524e+06
   1.8805232e+06
   1.8829301e+06
   1.8867441e+06
   1.8902420e+06
   1.8917238e+06
   1.8928826e+06
   1.8942390e+06
   1.8961736e+06
   1.8995111e+06
   3.5926419e+05
   3.5969880e+05
   3.5993653e+05
   4.1929970e+05
   4.1953891e+05
   4.7910097e+05
   4.7925317e+05
   4.7961356e+05
   4.7975688e+05
   5.3925883e+05
   5.3935921e+05
   5.3956794e+05
   5.3991441e+05
   5.9912800e+05
   5.9953181e+05
   5.9968573e+05
   5.9986410e+05
