   1.5501547e+03
   2.8388050e+03
   4.1471439e+03
   5.5899142e+03
   6.9476623e+03
   8.2452815e+03
   9.5107445e+03
   1.1120561e+04
   1.2417666e+04
   1.3796943e+04
   1.5265500e+04
   1.7030989e+04
   1.8241706e+04
   1.9825032e+04
   2.1454689e+04
   2.2640957e+04
   2.3667271e+04
   2.5158095e+04
   2.6242180e+04
   2.8110891e+04
   2.9675418e+04
   3.0803716e+04
   3.2002099e+04
   3.2946911e+04
   3.3931150e+04
   3.6135798e+04
   3.7233152e+04
   3.8755878e+04
   4.0663923e+04
   4.0055783e+04
   4.1178542e+04
   4.2286751e+04
   4.4339436e+04
   4.6113764e+04
   4.7466557e+04
   4.9111005e+04
   5.0330099e+04
   5.1790938e+04
   5.3084529e+04
   5.4780732e+04
   5.5657808e+04
   5.7438685e+04
   5.8691858e+04
   1.0124723e+05
   1.0263234e+05
   1.0398258e+05
   1.0526697e+05
   1.0617071e+05
   1.0688817e+05
   1.0822685e+05
   1.0954521e+05
   1.1127627e+05
   1.1286459e+05
   1.1475127e+05
   1.1565879e+05
   1.1679598e+05
   1.1803599e+05
   1.1993651e+05
   1.6139043e+05
   1.6232621e+05
   1.6357802e+05
   1.6476974e+05
   1.6569218e+05
   1.6829066e+05
   1.7057667e+05
   1.7132706e+05
   1.7268150e+05
   1.7355923e+05
   1.7512059e+05
   1.7629925e+05
   2.2019457e+05
   2.2118732e+05
   2.2289049e+05
   2.2405346e+05
   2.2493027e+05
   2.2593005e+05
   2.2693246e+05
   2.2812025e+05
   2.2927810e+05
   2.3052197e+05
   2.3160187e+05
   2.3301400e+05
   2.3410479e+05
   2.3521582e+05
   2.3693999e+05
   2.3789190e+05
   2.3883362e+05
   2.3988574e+05
   2.8011154e+05
   2.8076273e+05
   2.8250781e+05
   2.8428389e+05
   2.8613516e+05
   2.8807545e+05
   2.8936702e+05
   2.9008006e+05
   2.9109729e+05
   2.9185612e+05
   2.9262133e+05
   2.9353800e+05
   2.9500313e+05
   3.4001375e+05
   3.4056022e+05
   3.4166889e+05
   3.4281687e+05
   3.4589340e+05
   3.4692682e+05
   3.4771480e+05
   3.4852492e+05
   3.5005148e+05
   3.5104846e+05
   3.5208050e+05
   3.5303332e+05
   3.5411990e+05
   3.5487479e+05
   3.5599470e+05
   3.5733981e+05
   3.5842142e+05
   3.5974965e+05
   4.0006506e+05
   4.0065454e+05
   4.0202635e+05
   4.0348968e+05
   4.0510583e+05
   4.0682666e+05
   4.0787035e+05
   4.0983705e+05
   4.1128566e+05
   4.1225508e+05
   4.1320485e+05
   4.1482816e+05
   4.1646182e+05
   4.1751400e+05
   4.1918607e+05
   4.6011526e+05
   4.6079272e+05
   4.6177193e+05
   4.6301263e+05
   4.6457024e+05
   4.6588064e+05
   4.6718935e+05
   4.6789845e+05
   4.6900131e+05
   4.7035316e+05
   4.7140275e+05
   4.7333079e+05
   4.7455452e+05
   4.7553905e+05
   4.7717782e+05
   4.7815794e+05
   4.7965272e+05
   5.2014866e+05
   5.2077435e+05
   5.2247888e+05
   5.2419231e+05
   5.2541150e+05
   5.2666084e+05
   5.2759143e+05
   5.2900232e+05
   5.3076032e+05
   5.3236412e+05
   5.3345268e+05
   5.3487279e+05
   5.3617233e+05
   5.3716355e+05
   5.3854900e+05
   5.3967443e+05
   5.8002004e+05
   5.8039693e+05
   5.8144668e+05
   5.8242493e+05
   5.8374394e+05
   5.8498424e+05
   5.8586642e+05
   5.8682706e+05
   5.8782791e+05
   5.8913026e+05
   5.9023128e+05
   5.9193923e+05
   5.9293474e+05
   5.9471233e+05
   5.9630520e+05
   5.9733402e+05
   5.9828255e+05
   5.9943008e+05
   6.0113354e+05
   6.0262749e+05
   6.0433036e+05
   6.0639906e+05
   6.0748593e+05
   6.0904192e+05
   6.1033171e+05
   6.1201093e+05
   6.1413259e+05
   6.1844107e+05
   6.2000231e+05
   6.2117533e+05
   6.2217275e+05
   6.2524437e+05
   6.2676332e+05
   6.2807151e+05
   6.2954180e+05
   6.3093922e+05
   6.3267840e+05
   6.3396075e+05
   6.3550780e+05
   6.3760792e+05
   6.3886114e+05
   6.4021792e+05
   6.4130032e+05
   6.4238319e+05
   6.4369309e+05
   6.4512188e+05
   6.4702431e+05
   6.4862636e+05
   6.5001553e+05
   6.5087564e+05
   6.5278575e+05
   6.5455431e+05
   6.5541122e+05
   6.5762933e+05
   6.6071166e+05
   6.6225912e+05
   6.6350273e+05
   6.6482179e+05
   6.6654493e+05
   6.6753607e+05
   6.6850492e+05
   6.7007660e+05
   6.7158494e+05
   6.7282139e+05
   6.7439072e+05
   6.7632426e+05
   6.7790400e+05
   6.7990431e+05
   6.8162970e+05
   6.8321750e+05
   6.8491828e+05
   6.8644502e+05
   6.8874713e+05
   6.9014104e+05
   6.9207602e+05
   6.9350221e+05
   6.9479707e+05
   6.9630462e+05
   7.0771867e+05
   7.0942699e+05
   7.1092829e+05
   7.1246454e+05
   7.1361035e+05
   7.1560439e+05
   7.1647072e+05
   7.1766700e+05
   7.1881751e+05
   7.2137006e+05
   7.2292927e+05
   7.2521243e+05
   7.2680233e+05
   7.2785253e+05
   7.3229887e+05
   7.3434730e+05
   7.3639071e+05
   7.3891039e+05
   7.4126985e+05
   7.4691342e+05
   7.4928276e+05
   7.5139270e+05
   7.5232427e+05
   7.5492111e+05
   7.5615984e+05
   7.5804763e+05
   7.6081882e+05
   7.6198910e+05
   7.6272477e+05
   7.6377850e+05
   7.6456173e+05
   7.6542571e+05
   7.6648224e+05
   7.6899065e+05
   7.7043385e+05
   7.7226646e+05
   7.7348016e+05
   7.7611189e+05
   8.2078714e+05
   8.2161152e+05
   8.2227267e+05
   8.2306616e+05
   8.2403192e+05
   8.2497557e+05
   8.2603784e+05
   8.2677930e+05
   8.2852445e+05
   8.2978275e+05
   8.3087630e+05
   8.3311926e+05
   8.3567512e+05
   8.3660106e+05
   8.8096788e+05
   8.8174288e+05
   8.8260372e+05
   8.8334720e+05
   8.8428505e+05
   8.8512285e+05
   8.8640837e+05
   8.9349787e+05
   8.9541917e+05
   8.9673723e+05
   8.9795270e+05
   8.9978738e+05
   9.4069929e+05
   9.4163576e+05
   9.4250338e+05
   9.4349821e+05
   9.4417482e+05
   9.4499198e+05
   9.4585709e+05
   9.4649839e+05
   9.4914521e+05
   9.5059510e+05
   9.5366121e+05
   9.5543670e+05
   9.5716459e+05
   9.5966050e+05
   1.0009711e+06
   1.0019037e+06
   1.0027860e+06
   1.0038593e+06
   1.0046510e+06
   1.0055868e+06
   1.0065340e+06
   1.0096298e+06
   1.0113922e+06
   1.0126016e+06
   1.0151670e+06
   1.0164323e+06
   1.0185913e+06
   1.0198656e+06
   1.0608254e+06
   1.0617764e+06
   1.0628236e+06
   1.0639257e+06
   1.0653151e+06
   1.0664400e+06
   1.0684918e+06
   1.0703076e+06
   1.0718123e+06
   1.0730205e+06
   1.0775269e+06
   1.0798629e+06
   1.1212777e+06
   1.1222594e+06
   1.1231174e+06
   1.1239815e+06
   1.1248921e+06
   1.1258960e+06
   1.1266790e+06
   1.1282746e+06
   1.1306237e+06
   1.1320891e+06
   1.1337142e+06
   1.1352420e+06
   1.1367809e+06
   1.1380964e+06
   1.1808058e+06
   1.1820054e+06
   1.1830247e+06
   1.1842057e+06
   1.1850005e+06
   1.1858191e+06
   1.1867334e+06
   1.1885271e+06
   1.1895251e+06
   1.1903467e+06
   1.1925707e+06
   1.1961949e+06
   1.1974747e+06
   1.1988474e+06
   1.2415656e+06
   1.2426308e+06
   1.2434234e+06
   1.2442734e+06
   1.2450548e+06
   1.2458568e+06
   1.2466805e+06
   1.2485255e+06
   1.2494674e+06
   1.2510372e+06
   1.2521740e+06
   1.2539536e+06
   1.2551486e+06
   1.2569717e+06
   1.2588995e+06
   1.3012676e+06
   1.3025222e+06
   1.3033766e+06
   1.3041088e+06
   1.3051218e+06
   1.3058386e+06
   1.3083761e+06
   1.3101107e+06
   1.3114021e+06
   1.3130748e+06
   1.3166418e+06
   1.3183982e+06
   1.3194647e+06
   1.3609636e+06
   1.3623175e+06
   1.3631068e+06
   1.3639002e+06
   1.3646994e+06
   1.3655851e+06
   1.3664867e+06
   1.3682914e+06
   1.3700536e+06
   1.3713867e+06
   1.3727872e+06
   1.3768037e+06
   1.3784554e+06
   1.4209259e+06
   1.4221221e+06
   1.4229353e+06
   1.4237981e+06
   1.4247196e+06
   1.4254949e+06
   1.4263921e+06
   1.4290690e+06
   1.4317891e+06
   1.4328916e+06
   1.4365791e+06
   1.4377006e+06
   1.4392191e+06
   1.4807626e+06
   1.4816543e+06
   1.4830181e+06
   1.4840284e+06
   1.4849767e+06
   1.4862113e+06
   1.4884519e+06
   1.4903907e+06
   1.4922298e+06
   1.4956355e+06
   1.4965594e+06
   1.4981089e+06
   1.4997556e+06
   1.5413307e+06
   1.5422161e+06
   1.5430175e+06
   1.5441118e+06
   1.5451122e+06
   1.5464285e+06
   1.5485049e+06
   1.5512532e+06
   1.5529936e+06
   1.5554750e+06
   1.5566806e+06
   1.5591398e+06
   1.6008276e+06
   1.6015385e+06
   1.6030256e+06
   1.6040875e+06
   1.6050649e+06
   1.6063455e+06
   1.6084748e+06
   1.6097933e+06
   1.6113166e+06
   1.6129953e+06
   1.6154675e+06
   1.6169586e+06
   1.6188313e+06
   1.6196666e+06
   1.6614481e+06
   1.6623330e+06
   1.6633926e+06
   1.6643326e+06
   1.6652388e+06
   1.6666898e+06
   1.6689131e+06
   1.6703099e+06
   1.6715694e+06
   1.6731634e+06
   1.6751081e+06
   1.6770690e+06
   1.6782607e+06
   1.6794020e+06
   1.7212839e+06
   1.7222010e+06
   1.7231551e+06
   1.7249380e+06
   1.7258047e+06
   1.7269477e+06
   1.7288166e+06
   1.7303183e+06
   1.7320900e+06
   1.7364206e+06
   1.7378088e+06
   1.7398904e+06
   1.7807991e+06
   1.7829448e+06
   1.7839430e+06
   1.7849249e+06
   1.7860573e+06
   1.7868696e+06
   1.7888275e+06
   1.7900786e+06
   1.7911785e+06
   1.7922072e+06
   1.7934680e+06
   1.7960185e+06
   1.7978151e+06
   1.7993959e+06
   1.8408249e+06
   1.8415999e+06
   1.8423868e+06
   1.8434342e+06
   1.8449346e+06
   1.8456454e+06
   1.8490487e+06
   1.8517863e+06
   1.8526136e+06
   1.9007748e+06
   1.9016348e+06
   1.9027523e+06
   1.9037163e+06
   1.9047011e+06
   1.9057228e+06
   1.9066981e+06
   1.9088159e+06
   1.9158145e+06
   1.9174774e+06
   6.2686238e+04
   6.5148635e+04
   6.9972762e+04
   7.1270019e+04
   7.3151582e+04
   7.5518888e+04
   7.6692810e+04
   7.8447234e+04
   7.9371844e+04
   8.0452225e+04
   8.1968093e+04
   8.3691142e+04
   8.5110354e+04
   8.7151242e+04
   8.8357637e+04
   9.1853121e+04
   9.2806979e+04
   9.4343106e+04
   9.5318427e+04
   9.6846328e+04
   9.8348613e+04
   1.2046292e+05
   1.2154440e+05
   1.2296499e+05
   1.2433329e+05
   1.2581580e+05
   1.2720553e+05
   1.2868653e+05
   1.3099026e+05
   1.3213384e+05
   1.3436983e+05
   1.3559908e+05
   1.3755544e+05
   1.3896951e+05
   1.4175045e+05
   1.4339850e+05
   1.4643123e+05
   1.4939979e+05
   1.5075649e+05
   1.5199111e+05
   1.5317225e+05
   1.5512137e+05
   1.5637733e+05
   1.5798179e+05
   1.8078669e+05
   1.8238327e+05
   1.8432526e+05
   1.8663080e+05
   1.8822011e+05
   1.9004770e+05
   1.9133246e+05
   1.9242822e+05
   1.9358281e+05
   1.9466478e+05
   1.9631567e+05
   1.9762303e+05
   1.9889289e+05
   2.0044055e+05
   2.0133880e+05
   2.0261451e+05
   2.0401747e+05
   2.0573783e+05
   2.0715039e+05
   2.0832669e+05
   2.0994072e+05
   2.1207575e+05
   2.1367739e+05
   2.1501302e+05
   2.1605651e+05
   2.1713027e+05
   2.4025745e+05
   2.4170018e+05
   2.4299532e+05
   2.4798712e+05
   2.4897243e+05
   2.5004432e+05
   2.5114942e+05
   2.5424324e+05
   2.5624835e+05
   2.5755771e+05
   2.5900556e+05
   2.6050384e+05
   2.6176781e+05
   2.6429115e+05
   2.6565683e+05
   2.6674923e+05
   2.7307953e+05
   2.7467923e+05
   2.7556228e+05
   2.7678481e+05
   3.0329270e+05
   3.0471870e+05
   3.0584885e+05
   3.0755881e+05
   3.0942281e+05
   3.1151790e+05
   3.1261300e+05
   3.1440042e+05
   3.1583591e+05
   3.1777172e+05
   3.1928350e+05
   3.2039984e+05
   3.2160558e+05
   3.2351198e+05
   3.2452334e+05
   3.2570954e+05
   3.2901381e+05
   3.3134021e+05
   3.3305619e+05
   3.3490607e+05
   3.3644186e+05
   3.3761307e+05
   3.6127446e+05
   3.6243796e+05
   3.6327285e+05
   3.6419690e+05
   3.6505489e+05
   3.6628195e+05
   3.6797325e+05
   3.6972670e+05
   3.7068773e+05
   3.7263462e+05
   3.7375799e+05
   3.7485297e+05
   3.7636498e+05
   3.7750185e+05
   3.7870489e+05
   3.8071105e+05
   3.8196408e+05
   3.8376148e+05
   3.8472020e+05
   3.8639941e+05
   3.8755782e+05
   3.8920248e+05
   3.9010769e+05
   3.9128883e+05
   3.9438088e+05
   3.9590822e+05
   3.9690473e+05
   3.9854197e+05
   4.2169277e+05
   4.2428942e+05
   4.2595043e+05
   4.2717342e+05
   4.2908839e+05
   4.3036889e+05
   4.3195668e+05
   4.3356119e+05
   4.3456371e+05
   4.3541734e+05
   4.3646291e+05
   4.3807055e+05
   4.3948294e+05
   4.4163078e+05
   4.4276150e+05
   4.4389909e+05
   4.4519221e+05
   4.4648873e+05
   4.5618387e+05
   4.5761386e+05
   4.5887321e+05
   4.8181078e+05
   4.8363935e+05
   4.8487076e+05
   4.8585903e+05
   4.8779814e+05
   4.8901736e+05
   4.9032655e+05
   4.9135843e+05
   4.9363618e+05
   4.9469672e+05
   4.9562848e+05
   4.9831775e+05
   5.0057797e+05
   5.0188830e+05
   5.0293784e+05
   5.0439146e+05
   5.0542298e+05
   5.0643183e+05
   5.0748804e+05
   5.0943208e+05
   5.1085492e+05
   5.1222012e+05
   5.1383892e+05
   5.1512868e+05
   5.1687695e+05
   5.1843950e+05
   5.1992051e+05
   5.4103133e+05
   5.4225516e+05
   5.4341046e+05
   5.4479912e+05
   5.4584497e+05
   5.4686568e+05
   5.4814702e+05
   5.4928857e+05
   5.5070992e+05
   5.5213711e+05
   5.5476483e+05
   5.5564716e+05
   5.5722318e+05
   5.5909305e+05
   5.6084519e+05
   5.6217704e+05
   5.6350427e+05
   5.6469260e+05
   5.6607734e+05
   5.6735785e+05
   5.6855300e+05
   5.6982594e+05
   5.7150232e+05
   5.7337069e+05
   5.7448838e+05
   5.7657896e+05
   5.7762773e+05
   5.7922841e+05
   7.8175807e+05
   7.8703349e+05
   7.8920352e+05
   7.9154899e+05
   7.9257619e+05
   7.9471320e+05
   7.9646030e+05
   7.9828414e+05
   7.9967217e+05
   8.0193017e+05
   8.0413765e+05
   8.0532803e+05
   8.0743128e+05
   8.0996811e+05
   8.1234637e+05
   8.1357546e+05
   8.1563979e+05
   8.1746240e+05
   8.1946375e+05
   8.4183995e+05
   8.4434498e+05
   8.4648984e+05
   8.4990738e+05
   8.5180185e+05
   8.5542202e+05
   8.5948515e+05
   8.6122139e+05
   8.6357210e+05
   8.6601064e+05
   8.6779398e+05
   8.6958238e+05
   8.7141504e+05
   8.7371504e+05
   8.7512263e+05
   8.7694542e+05
   8.7927000e+05
   9.0212223e+05
   9.0480965e+05
   9.0692873e+05
   9.0881672e+05
   9.1014129e+05
   9.1250721e+05
   9.1542074e+05
   9.1795232e+05
   9.1952040e+05
   9.2299453e+05
   9.2542998e+05
   9.2724371e+05
   9.2904195e+05
   9.3148170e+05
   9.3395505e+05
   9.3570575e+05
   9.3804129e+05
   9.6208701e+05
   9.6388769e+05
   9.6569868e+05
   9.6881674e+05
   9.7142918e+05
   9.7617471e+05
   9.7929622e+05
   9.8145591e+05
   9.8282097e+05
   9.8431975e+05
   9.8669900e+05
   9.8785075e+05
   9.9049978e+05
   9.9237348e+05
   9.9388322e+05
   9.9658511e+05
   9.9935458e+05
   1.0222857e+06
   1.0260623e+06
   1.0281807e+06
   1.0306851e+06
   1.0345844e+06
   1.0372839e+06
   1.0388414e+06
   1.0409955e+06
   1.0425428e+06
   1.0437143e+06
   1.0462897e+06
   1.0476730e+06
   1.0512776e+06
   1.0536331e+06
   1.0570148e+06
   1.0599436e+06
   1.0822548e+06
   1.0854183e+06
   1.0871260e+06
   1.0899700e+06
   1.0936310e+06
   1.0974080e+06
   1.0998356e+06
   1.1017303e+06
   1.1030329e+06
   1.1074514e+06
   1.1091171e+06
   1.1108836e+06
   1.1188902e+06
   1.1414094e+06
   1.1436122e+06
   1.1449995e+06
   1.1475664e+06
   1.1496815e+06
   1.1518004e+06
   1.1546095e+06
   1.1722268e+06
   1.1740941e+06
   1.1759704e+06
   1.1774860e+06
   1.1794850e+06
   1.2046977e+06
   1.2118103e+06
   1.2150359e+06
   1.2165925e+06
   1.2181320e+06
   1.2194111e+06
   1.2217184e+06
   1.2238844e+06
   1.2258889e+06
   1.2295713e+06
   1.2318334e+06
   1.2345253e+06
   1.2364134e+06
   1.2621183e+06
   1.2649092e+06
   1.2661174e+06
   1.2705687e+06
   1.2728289e+06
   1.2744278e+06
   1.2760761e+06
   1.2801064e+06
   1.2890862e+06
   1.2914782e+06
   1.2929747e+06
   1.2943353e+06
   1.2963402e+06
   1.2979060e+06
   1.3216360e+06
   1.3231214e+06
   1.3264769e+06
   1.3285188e+06
   1.3302665e+06
   1.3327168e+06
   1.3347184e+06
   1.3369275e+06
   1.3423618e+06
   1.3484118e+06
   1.3522053e+06
   1.3540207e+06
   1.3592052e+06
   1.3820096e+06
   1.3841112e+06
   1.3877962e+06
   1.3894705e+06
   1.3913433e+06
   1.3945086e+06
   1.3969925e+06
   1.3989424e+06
   1.4004466e+06
   1.4020413e+06
   1.4073513e+06
   1.4085826e+06
   1.4116268e+06
   1.4135293e+06
   1.4151363e+06
   1.4411958e+06
   1.4424002e+06
   1.4435516e+06
   1.4459720e+06
   1.4480378e+06
   1.4498505e+06
   1.4515779e+06
   1.4590212e+06
   1.4599675e+06
   1.4645230e+06
   1.4672596e+06
   1.4692343e+06
   1.4707563e+06
   1.4725446e+06
   1.4762464e+06
   1.5015288e+06
   1.5028196e+06
   1.5070809e+06
   1.5095877e+06
   1.5113890e+06
   1.5138531e+06
   1.5217607e+06
   1.5241475e+06
   1.5260052e+06
   1.5276136e+06
   1.5287091e+06
   1.5305525e+06
   1.5322774e+06
   1.5351686e+06
   1.5378223e+06
   1.5621353e+06
   1.5645436e+06
   1.5662113e+06
   1.5688387e+06
   1.5730837e+06
   1.5747059e+06
   1.5784598e+06
   1.5805717e+06
   1.5831733e+06
   1.5857698e+06
   1.5892763e+06
   1.5925166e+06
   1.5940540e+06
   1.5951180e+06
   1.6216018e+06
   1.6231013e+06
   1.6246285e+06
   1.6272162e+06
   1.6294776e+06
   1.6317420e+06
   1.6340864e+06
   1.6370467e+06
   1.6384005e+06
   1.6407944e+06
   1.6438594e+06
   1.6813057e+06
   1.6840209e+06
   1.6852423e+06
   1.6870587e+06
   1.6898326e+06
   1.6916258e+06
   1.6926226e+06
   1.6948653e+06
   1.6993677e+06
   1.7007859e+06
   1.7022358e+06
   1.7036722e+06
   1.7053203e+06
   1.7066252e+06
   1.7085594e+06
   1.7111479e+06
   1.7135596e+06
   1.7157842e+06
   1.7186186e+06
   1.7416104e+06
   1.7436653e+06
   1.7450435e+06
   1.7470220e+06
   1.7485219e+06
   1.7502898e+06
   1.7522696e+06
   1.7540259e+06
   1.7559695e+06
   1.7581168e+06
   1.7642576e+06
   1.7655669e+06
   1.7680333e+06
   1.7702215e+06
   1.7714605e+06
   1.7732010e+06
   1.7752430e+06
   1.7765707e+06
   1.7793999e+06
   1.8029146e+06
   1.8039389e+06
   1.8053883e+06
   1.8075658e+06
   1.8087763e+06
   1.8113988e+06
   1.8149364e+06
   1.8164449e+06
   1.8182556e+06
   1.8196376e+06
   1.8211900e+06
   1.8227480e+06
   1.8621271e+06
   1.8643047e+06
   1.8659698e+06
   1.8672781e+06
   1.8690742e+06
   1.8709840e+06
   1.8724733e+06
   1.8746303e+06
   1.8765619e+06
   1.8778325e+06
   1.8826370e+06
   1.8842094e+06
   1.8860896e+06
   1.8869648e+06
   1.8889005e+06
   1.8909220e+06
   1.8941235e+06
   1.8953747e+06
   1.8989597e+06
   3.5934333e+05
   3.5947129e+05
   3.5969484e+05
   3.5984751e+05
   4.1916788e+05
   4.1963249e+05
   4.1994057e+05
   4.7915131e+05
   4.7937279e+05
   4.7954843e+05
   4.7981179e+05
   4.7994519e+05
   5.3919349e+05
   5.3945536e+05
   5.3972975e+05
   5.3997794e+05
   5.9914407e+05
   5.9945060e+05
   5.9973166e+05
   1.8649897e+06
   1.8689116e+06
   1.8727404e+06
   1.8754772e+06
   1.8788107e+06
   1.8805873e+06
   1.8822351e+06
   1.8834273e+06
   1.8847383e+06
   1.8858051e+06
   1.8874177e+06
   1.8892081e+06
   1.8955632e+06
   1.8974350e+06
   1.8993554e+06
   3.5920862e+05
   3.5941392e+05
   3.5959051e+05
   4.1912347e+05
   4.1926212e+05
   4.1942991e+05
   4.1967337e+05
   4.1995762e+05
   4.7915049e+05
   4.7926528e+05
   4.7947686e+05
   4.7963721e+05
   4.7981881e+05
   5.3909298e+05
   5.3928838e+05
   5.3942557e+05
   5.3955690e+05
   5.3969779e+05
   5.9925359e+05
   5.9953007e+05
   5.9965018e+05
