   6.1047188e+02
   1.0379809e+03
   1.9947572e+03
   2.6587074e+03
   3.2302571e+03
   3.9087543e+03
   4.6916841e+03
   5.1477148e+03
   5.6718138e+03
   7.4200206e+03
   8.2560558e+03
   8.8914699e+03
   9.7027247e+03
   1.0401636e+04
   1.1097261e+04
   1.1644476e+04
   1.2082860e+04
   1.2656009e+04
   1.3153381e+04
   1.3944471e+04
   1.4416269e+04
   1.4978125e+04
   1.5776593e+04
   1.6639386e+04
   1.7243986e+04
   1.8106561e+04
   1.9178094e+04
   1.9652668e+04
   2.0242366e+04
   2.1158297e+04
   2.1967929e+04
   2.2584033e+04
   2.4177500e+04
   2.4535753e+04
   2.5107474e+04
   2.5859293e+04
   2.6209124e+04
   2.6892673e+04
   2.7413915e+04
   2.8517552e+04
   2.9241285e+04
   2.9841970e+04
   3.0877620e+04
   3.1364097e+04
   3.8143626e+04
   3.8525898e+04
   3.9358662e+04
   3.9959251e+04
   4.0724555e+04
   4.0411798e+04
   4.0850719e+04
   4.1548388e+04
   4.2012157e+04
   4.2879717e+04
   4.3389189e+04
   4.4482801e+04
   4.5080832e+04
   4.5619878e+04
   4.6146467e+04
   4.6925607e+04
   4.7458503e+04
   4.7830597e+04
   4.8156502e+04
   4.8508846e+04
   5.0348748e+04
   5.0782765e+04
   5.1406709e+04
   5.2129513e+04
   5.2753948e+04
   5.3341176e+04
   5.3983104e+04
   5.4512741e+04
   5.6257457e+04
   5.6671621e+04
   5.7579556e+04
   5.8389703e+04
   5.9402948e+04
   1.0106727e+05
   1.0147562e+05
   1.0205607e+05
   1.0268222e+05
   1.0321382e+05
   1.0371543e+05
   1.0411013e+05
   1.0472968e+05
   1.0623216e+05
   1.0677283e+05
   1.0752820e+05
   1.0837390e+05
   1.0916695e+05
   1.0987071e+05
   1.1075488e+05
   1.1185007e+05
   1.1252425e+05
   1.1298587e+05
   1.1363088e+05
   1.1487668e+05
   1.1556923e+05
   1.1606750e+05
   1.1734964e+05
   1.1791982e+05
   1.1848102e+05
   1.1916100e+05
   1.1966669e+05
   1.6061128e+05
   1.6098094e+05
   1.6165130e+05
   1.6208970e+05
   1.6266620e+05
   1.6337195e+05
   1.6387194e+05
   1.6435041e+05
   1.6486285e+05
   1.6621498e+05
   1.6800292e+05
   1.6877663e+05
   1.6920195e+05
   1.6954954e+05
   1.7008268e+05
   1.7086472e+05
   1.7168511e+05
   1.7208392e+05
   1.7285522e+05
   1.7321840e+05
   1.7391330e+05
   1.7447161e+05
   1.7513420e+05
   1.7589417e+05
   1.7622798e+05
   1.7707248e+05
   1.7748649e+05
   1.7787954e+05
   1.7839053e+05
   2.2066348e+05
   2.2364981e+05
   2.2458900e+05
   2.2492112e+05
   2.2534967e+05
   2.2758414e+05
   2.2829432e+05
   2.2904007e+05
   2.2959441e+05
   2.3010990e+05
   2.3047958e+05
   2.3101368e+05
   2.3208347e+05
   2.3246410e+05
   2.3312183e+05
   2.3396017e+05
   2.3456381e+05
   2.3502402e+05
   2.3558129e+05
   2.3600968e+05
   2.3647220e+05
   2.3691360e+05
   2.3730442e+05
   2.3778093e+05
   2.3834401e+05
   2.3866321e+05
   2.3905630e+05
   2.8045909e+05
   2.8083039e+05
   2.8124922e+05
   2.8181774e+05
   2.8242673e+05
   2.8286285e+05
   2.8333447e+05
   2.8387462e+05
   2.8459997e+05
   2.8528492e+05
   2.8669579e+05
   2.8742139e+05
   2.8818493e+05
   2.8862693e+05
   2.8927647e+05
   2.8989478e+05
   2.9049727e+05
   2.9116343e+05
   2.9156924e+05
   2.9194148e+05
   2.9228833e+05
   2.9266961e+05
   2.9393493e+05
   2.9447042e+05
   2.9599996e+05
   2.9645938e+05
   2.9686197e+05
   2.9735073e+05
   2.9791176e+05
   2.9844651e+05
   2.9899101e+05
   2.9955918e+05
   3.4047667e+05
   3.4108323e+05
   3.4190520e+05
   3.4236039e+05
   3.4281339e+05
   3.4333995e+05
   3.4428236e+05
   3.4459941e+05
   3.4741276e+05
   3.4792531e+05
   3.4933350e+05
   3.4995441e+05
   3.5027085e+05
   3.5088996e+05
   3.5129773e+05
   3.5170785e+05
   3.5208791e+05
   3.5256888e+05
   3.5286786e+05
   3.5321526e+05
   3.5357508e+05
   3.5393152e+05
   3.5451717e+05
   3.5502296e+05
   3.5598267e+05
   3.5652751e+05
   3.5754566e+05
   3.5920710e+05
   4.0080639e+05
   4.0194256e+05
   4.0299050e+05
   4.0406559e+05
   4.0463789e+05
   4.0523507e+05
   4.0580578e+05
   4.0659011e+05
   4.0760960e+05
   4.0819356e+05
   4.0928134e+05
   4.0977868e+05
   4.1060573e+05
   4.1126284e+05
   4.1209194e+05
   4.1247064e+05
   4.1321695e+05
   4.1740096e+05
   4.1787412e+05
   4.1858088e+05
   4.1909025e+05
   4.1992355e+05
   4.6115731e+05
   4.6199196e+05
   4.6235167e+05
   4.6302336e+05
   4.6402044e+05
   4.6520240e+05
   4.6583949e+05
   4.6644552e+05
   4.6696112e+05
   4.6747856e+05
   4.6801477e+05
   4.6842433e+05
   4.6912736e+05
   4.7002527e+05
   4.7061492e+05
   4.7109096e+05
   4.7157669e+05
   4.7215544e+05
   4.7313427e+05
   4.7513248e+05
   4.7557029e+05
   4.7594345e+05
   4.7632617e+05
   4.7688204e+05
   4.7713949e+05
   4.7754934e+05
   4.7803849e+05
   4.7882675e+05
   5.2055221e+05
   5.2119615e+05
   5.2189865e+05
   5.2250461e+05
   5.2319171e+05
   5.2429392e+05
   5.2489487e+05
   5.2554109e+05
   5.2676329e+05
   5.2740567e+05
   5.2836434e+05
   5.2953528e+05
   5.3013243e+05
   5.3200838e+05
   5.3240921e+05
   5.3288482e+05
   5.3327241e+05
   5.3379473e+05
   5.3459457e+05
   5.3510676e+05
   5.3571483e+05
   5.3602944e+05
   5.3654990e+05
   5.3709347e+05
   5.3751574e+05
   5.3805299e+05
   5.3840142e+05
   5.3877654e+05
   5.3927588e+05
   5.8170150e+05
   5.8210003e+05
   5.8241162e+05
   5.8286106e+05
   5.8358312e+05
   5.8409035e+05
   5.8462771e+05
   5.8497913e+05
   5.8558689e+05
   5.8619014e+05
   5.8678628e+05
   5.8782839e+05
   5.8928171e+05
   5.9027407e+05
   5.9087117e+05
   5.9130091e+05
   5.9177875e+05
   5.9256796e+05
   5.9306695e+05
   5.9360472e+05
   5.9399890e+05
   5.9440574e+05
   5.9553639e+05
   5.9675757e+05
   5.9779977e+05
   5.9846726e+05
   5.9897616e+05
   5.9944121e+05
   6.0053465e+05
   6.0105842e+05
   6.0143941e+05
   6.0220430e+05
   6.0308644e+05
   6.0349398e+05
   6.0425517e+05
   6.0522080e+05
   6.0590837e+05
   6.0711526e+05
   6.0758208e+05
   6.0807392e+05
   6.0901631e+05
   6.0978678e+05
   6.1027740e+05
   6.1089705e+05
   6.1140541e+05
   6.1189604e+05
   6.1261679e+05
   6.1362523e+05
   6.1828893e+05
   6.1911937e+05
   6.1983593e+05
   6.2049331e+05
   6.2115430e+05
   6.2157729e+05
   6.2232990e+05
   6.2437323e+05
   6.2506036e+05
   6.2559940e+05
   6.2647916e+05
   6.2708543e+05
   6.2774415e+05
   6.2865175e+05
   6.2954689e+05
   6.2990781e+05
   6.3054952e+05
   6.3130720e+05
   6.3194891e+05
   6.3244415e+05
   6.3313947e+05
   6.3383757e+05
   6.3436786e+05
   6.3538315e+05
   6.3588504e+05
   6.3636179e+05
   6.3694711e+05
   6.3825577e+05
   6.3994455e+05
   6.4065089e+05
   6.4137024e+05
   6.4174656e+05
   6.4257074e+05
   6.4300100e+05
   6.4345858e+05
   6.4412747e+05
   6.4448229e+05
   6.4499480e+05
   6.4552980e+05
   6.4631581e+05
   6.4688474e+05
   6.4763472e+05
   6.4897489e+05
   6.4976830e+05
   6.5035741e+05
   6.5105918e+05
   6.5212368e+05
   6.5277729e+05
   6.5316452e+05
   6.5389979e+05
   6.5445943e+05
   6.5504947e+05
   6.5560168e+05
   6.5612599e+05
   6.5687191e+05
   6.5787587e+05
   6.5847453e+05
   6.5915930e+05
   6.5989484e+05
   6.6098807e+05
   6.6159936e+05
   6.6234839e+05
   6.6307857e+05
   6.6678762e+05
   6.6742038e+05
   6.6840161e+05
   6.6880791e+05
   6.6991026e+05
   6.7046578e+05
   6.7109121e+05
   6.7166428e+05
   6.7232691e+05
   6.7348464e+05
   6.7411385e+05
   6.7476467e+05
   6.7537563e+05
   6.7571764e+05
   6.7629856e+05
   6.7713497e+05
   6.7793942e+05
   6.7857124e+05
   6.7903311e+05
   6.7982716e+05
   6.8047423e+05
   6.8124305e+05
   6.8376810e+05
   6.8465993e+05
   6.8533761e+05
   6.8629532e+05
   6.8691900e+05
   6.8737665e+05
   6.8808446e+05
   6.8851986e+05
   6.8936316e+05
   6.8989004e+05
   6.9124159e+05
   6.9173676e+05
   6.9226634e+05
   6.9303292e+05
   6.9364384e+05
   6.9414489e+05
   6.9531061e+05
   6.9574815e+05
   6.9621474e+05
   6.9673855e+05
   6.9715233e+05
   6.9846602e+05
   6.9935772e+05
   6.9979376e+05
   7.0035621e+05
   7.0078714e+05
   7.0124645e+05
   7.0225876e+05
   7.0294842e+05
   7.0334871e+05
   7.0391608e+05
   7.0457148e+05
   7.0519769e+05
   7.0580331e+05
   7.0626718e+05
   7.0719346e+05
   7.0800021e+05
   7.0852210e+05
   7.0914741e+05
   7.1015103e+05
   7.1137399e+05
   7.1228664e+05
   7.1375325e+05
   7.1545383e+05
   7.1637776e+05
   7.1776412e+05
   7.1821582e+05
   7.1882370e+05
   7.1928551e+05
   7.2045946e+05
   7.2104013e+05
   7.2166593e+05
   7.2208990e+05
   7.2258488e+05
   7.2294049e+05
   7.2347609e+05
   7.2391433e+05
   7.2490902e+05
   7.2536841e+05
   7.2623960e+05
   7.2725091e+05
   7.2809639e+05
   7.2914720e+05
   7.2953082e+05
   7.2993235e+05
   7.3073059e+05
   7.3137503e+05
   7.3225619e+05
   7.3273689e+05
   7.3361555e+05
   7.3403678e+05
   7.3478582e+05
   7.3588567e+05
   7.3646049e+05
   7.3716408e+05
   7.3758359e+05
   7.3897887e+05
   7.3991231e+05
   7.4034248e+05
   7.4075944e+05
   7.4125192e+05
   7.4186210e+05
   7.4242602e+05
   7.4291017e+05
   7.4332445e+05
   7.4435116e+05
   7.4473863e+05
   7.4516819e+05
   7.4581531e+05
   7.4661007e+05
   7.4720154e+05
   7.4754552e+05
   7.4806193e+05
   7.4950791e+05
   7.5070949e+05
   7.5144055e+05
   7.5229226e+05
   7.5310069e+05
   7.5406217e+05
   7.5460248e+05
   7.5497882e+05
   7.5755513e+05
   7.5799171e+05
   7.5875650e+05
   7.6046697e+05
   7.6102183e+05
   7.6167416e+05
   7.6226297e+05
   7.6278039e+05
   7.6372446e+05
   7.6435217e+05
   7.6504983e+05
   7.6562993e+05
   7.6644765e+05
   7.6685653e+05
   7.6745921e+05
   7.6798763e+05
   7.6855328e+05
   7.6901904e+05
   7.6951090e+05
   7.7003752e+05
   7.7043681e+05
   7.7078496e+05
   7.7142658e+05
   7.7183619e+05
   7.7255067e+05
   7.7297266e+05
   7.7383111e+05
   7.7437955e+05
   7.7527025e+05
   7.7564014e+05
   7.7793080e+05
   7.7843568e+05
   7.7919696e+05
   7.7959319e+05
   8.2038221e+05
   8.2079665e+05
   8.2130682e+05
   8.2187439e+05
   8.2256778e+05
   8.2313585e+05
   8.2360833e+05
   8.2396467e+05
   8.2490629e+05
   8.2538133e+05
   8.2569938e+05
   8.2623220e+05
   8.2665335e+05
   8.2740898e+05
   8.2836647e+05
   8.2905434e+05
   8.2977513e+05
   8.3048608e+05
   8.3122766e+05
   8.3178636e+05
   8.3244678e+05
   8.3294502e+05
   8.3325934e+05
   8.3367320e+05
   8.3449664e+05
   8.3488436e+05
   8.3540130e+05
   8.3596156e+05
   8.3641844e+05
   8.3683073e+05
   8.3720027e+05
   8.3748720e+05
   8.3821695e+05
   8.3894786e+05
   8.3938168e+05
   8.3969627e+05
   8.8034718e+05
   8.8087960e+05
   8.8153793e+05
   8.8208643e+05
   8.8314721e+05
   8.8357298e+05
   8.8416570e+05
   8.8465338e+05
   8.8523922e+05
   8.8574322e+05
   8.8694717e+05
   8.8753216e+05
   8.8994270e+05
   8.9047031e+05
   8.9103303e+05
   8.9178658e+05
   8.9237779e+05
   8.9338697e+05
   8.9454630e+05
   8.9484219e+05
   8.9550074e+05
   8.9613668e+05
   8.9664286e+05
   8.9709157e+05
   8.9752451e+05
   8.9803224e+05
   8.9863187e+05
   8.9911347e+05
   8.9982603e+05
   9.4061358e+05
   9.4124470e+05
   9.4162556e+05
   9.4217865e+05
   9.4261774e+05
   9.4689123e+05
   9.4745463e+05
   9.4825912e+05
   9.4887403e+05
   9.4926525e+05
   9.4965032e+05
   9.5025771e+05
   9.5082226e+05
   9.5130575e+05
   9.5206231e+05
   9.5291496e+05
   9.5350418e+05
   9.5460868e+05
   9.5528991e+05
   9.5565797e+05
   9.5617456e+05
   9.5655914e+05
   9.5685751e+05
   9.5813194e+05
   9.5839934e+05
   9.5893877e+05
   9.5948466e+05
   1.0037611e+06
   1.0050036e+06
   1.0054456e+06
   1.0059431e+06
   1.0067997e+06
   1.0077677e+06
   1.0082818e+06
   1.0086246e+06
   1.0089891e+06
   1.0095519e+06
   1.0101018e+06
   1.0105396e+06
   1.0111680e+06
   1.0115654e+06
   1.0119697e+06
   1.0125881e+06
   1.0129810e+06
   1.0134678e+06
   1.0139390e+06
   1.0146173e+06
   1.0153442e+06
   1.0161641e+06
   1.0168794e+06
   1.0173243e+06
   1.0178774e+06
   1.0194895e+06
   1.0605591e+06
   1.0612949e+06
   1.0617254e+06
   1.0622535e+06
   1.0626624e+06
   1.0630004e+06
   1.0637627e+06
   1.0641587e+06
   1.0651955e+06
   1.0657048e+06
   1.0668512e+06
   1.0679859e+06
   1.0685058e+06
   1.0696025e+06
   1.0708306e+06
   1.0713139e+06
   1.0716515e+06
   1.0729472e+06
   1.0734021e+06
   1.0739216e+06
   1.0745195e+06
   1.0750878e+06
   1.0757456e+06
   1.0762502e+06
   1.0766945e+06
   1.0778614e+06
   1.0783199e+06
   1.0792537e+06
   1.0798615e+06
   1.1230095e+06
   1.1243070e+06
   1.1253148e+06
   1.1258045e+06
   1.1266329e+06
   1.1275188e+06
   1.1301821e+06
   1.1306244e+06
   1.1311237e+06
   1.1343766e+06
   1.1351150e+06
   1.1357251e+06
   1.1362839e+06
   1.1368695e+06
   1.1374147e+06
   1.1377430e+06
   1.1388794e+06
   1.1393660e+06
   1.1803644e+06
   1.1812584e+06
   1.1820624e+06
   1.1826467e+06
   1.1834311e+06
   1.1838376e+06
   1.1842689e+06
   1.1849692e+06
   1.1853151e+06
   1.1859295e+06
   1.1865891e+06
   1.1875453e+06
   1.1880737e+06
   1.1887361e+06
   1.1892887e+06
   1.1897139e+06
   1.1902691e+06
   1.1908559e+06
   1.1912893e+06
   1.1916260e+06
   1.1923065e+06
   1.1926647e+06
   1.1938669e+06
   1.1945109e+06
   1.1949853e+06
   1.1957127e+06
   1.1962013e+06
   1.1967827e+06
   1.1977341e+06
   1.1983185e+06
   1.1986667e+06
   1.1994034e+06
   1.1997653e+06
   1.2405009e+06
   1.2411001e+06
   1.2416223e+06
   1.2421167e+06
   1.2428027e+06
   1.2442915e+06
   1.2446556e+06
   1.2451221e+06
   1.2455787e+06
   1.2462774e+06
   1.2467570e+06
   1.2474218e+06
   1.2478555e+06
   1.2482148e+06
   1.2489185e+06
   1.2495033e+06
   1.2499961e+06
   1.2503405e+06
   1.2506888e+06
   1.2511072e+06
   1.2515690e+06
   1.2519100e+06
   1.2523411e+06
   1.2527378e+06
   1.2530946e+06
   1.2536675e+06
   1.2546461e+06
   1.2552854e+06
   1.2558982e+06
   1.2576142e+06
   1.2583172e+06
   1.2590927e+06
   1.2597643e+06
   1.3006728e+06
   1.3011289e+06
   1.3019893e+06
   1.3025241e+06
   1.3034615e+06
   1.3041885e+06
   1.3046857e+06
   1.3076491e+06
   1.3080634e+06
   1.3085951e+06
   1.3092525e+06
   1.3097455e+06
   1.3101164e+06
   1.3106243e+06
   1.3118061e+06
   1.3130240e+06
   1.3137437e+06
   1.3143829e+06
   1.3149438e+06
   1.3152664e+06
   1.3157473e+06
   1.3161644e+06
   1.3165898e+06
   1.3170787e+06
   1.3177511e+06
   1.3183465e+06
   1.3189784e+06
   1.3194910e+06
   1.3199242e+06
   1.3605484e+06
   1.3609270e+06
   1.3614990e+06
   1.3620527e+06
   1.3626669e+06
   1.3631685e+06
   1.3635526e+06
   1.3654529e+06
   1.3658732e+06
   1.3663187e+06
   1.3669133e+06
   1.3674485e+06
   1.3680354e+06
   1.3684554e+06
   1.3688503e+06
   1.3702015e+06
   1.3707330e+06
   1.3729937e+06
   1.3737182e+06
   1.3746146e+06
   1.3750338e+06
   1.3755908e+06
   1.3760531e+06
   1.3763865e+06
   1.3770045e+06
   1.3777600e+06
   1.3784077e+06
   1.3788359e+06
   1.3796470e+06
   1.4204153e+06
   1.4209444e+06
   1.4216908e+06
   1.4221682e+06
   1.4228800e+06
   1.4233849e+06
   1.4238923e+06
   1.4243395e+06
   1.4249827e+06
   1.4254258e+06
   1.4258470e+06
   1.4264873e+06
   1.4274586e+06
   1.4279872e+06
   1.4286093e+06
   1.4297087e+06
   1.4306532e+06
   1.4310236e+06
   1.4319135e+06
   1.4323220e+06
   1.4329590e+06
   1.4338289e+06
   1.4352240e+06
   1.4382335e+06
   1.4386677e+06
   1.4391300e+06
   1.4394691e+06
   1.4818572e+06
   1.4823188e+06
   1.4838185e+06
   1.4844016e+06
   1.4850341e+06
   1.4857397e+06
   1.4864785e+06
   1.4881689e+06
   1.4887043e+06
   1.4891827e+06
   1.4895263e+06
   1.4900705e+06
   1.4905687e+06
   1.4915008e+06
   1.4918491e+06
   1.4923114e+06
   1.4935126e+06
   1.4945169e+06
   1.4948651e+06
   1.4954028e+06
   1.4958151e+06
   1.4962159e+06
   1.4966128e+06
   1.4977055e+06
   1.4980922e+06
   1.4988641e+06
   1.4992741e+06
   1.4998180e+06
   1.5403255e+06
   1.5407549e+06
   1.5412861e+06
   1.5417017e+06
   1.5423527e+06
   1.5441628e+06
   1.5446386e+06
   1.5451915e+06
   1.5461119e+06
   1.5466486e+06
   1.5473631e+06
   1.5479856e+06
   1.5492107e+06
   1.5496362e+06
   1.5503675e+06
   1.5522305e+06
   1.5529024e+06
   1.5534772e+06
   1.5545744e+06
   1.5550124e+06
   1.5555377e+06
   1.5564207e+06
   1.5582896e+06
   1.5588720e+06
   1.5592130e+06
   1.6007031e+06
   1.6016003e+06
   1.6038937e+06
   1.6043680e+06
   1.6050453e+06
   1.6054746e+06
   1.6059124e+06
   1.6064432e+06
   1.6073018e+06
   1.6076907e+06
   1.6081234e+06
   1.6149476e+06
   1.6156402e+06
   1.6169574e+06
   1.6177662e+06
   1.6181631e+06
   1.6185672e+06
   1.6191802e+06
   1.6196206e+06
   1.6604451e+06
   1.6610483e+06
   1.6615526e+06
   1.6619594e+06
   1.6628137e+06
   1.6633275e+06
   1.6637602e+06
   1.6643289e+06
   1.6647946e+06
   1.6663531e+06
   1.6668207e+06
   1.6681665e+06
   1.6689028e+06
   1.6693894e+06
   1.6705682e+06
   1.6711606e+06
   1.6719455e+06
   1.6723068e+06
   1.6727041e+06
   1.6731306e+06
   1.6744183e+06
   1.6751747e+06
   1.6757353e+06
   1.6763479e+06
   1.6768603e+06
   1.6774345e+06
   1.6785378e+06
   1.6791636e+06
   1.6797681e+06
   1.7210348e+06
   1.7219275e+06
   1.7225298e+06
   1.7228418e+06
   1.7235027e+06
   1.7240079e+06
   1.7243897e+06
   1.7246968e+06
   1.7253105e+06
   1.7258884e+06
   1.7262407e+06
   1.7269656e+06
   1.7278310e+06
   1.7285643e+06
   1.7292195e+06
   1.7296059e+06
   1.7301779e+06
   1.7307978e+06
   1.7311487e+06
   1.7314944e+06
   1.7319883e+06
   1.7329389e+06
   1.7332765e+06
   1.7336763e+06
   1.7353113e+06
   1.7359035e+06
   1.7364320e+06
   1.7370100e+06
   1.7378191e+06
   1.7382159e+06
   1.7804782e+06
   1.7810411e+06
   1.7816495e+06
   1.7822272e+06
   1.7828474e+06
   1.7842712e+06
   1.7847370e+06
   1.7857965e+06
   1.7863477e+06
   1.7875423e+06
   1.7878905e+06
   1.7884790e+06
   1.7902228e+06
   1.7907538e+06
   1.7912577e+06
   1.7917186e+06
   1.7922246e+06
   1.7928265e+06
   1.7936171e+06
   1.7946158e+06
   1.7952132e+06
   1.7956630e+06
   1.7968980e+06
   1.7978279e+06
   1.7985532e+06
   1.7991327e+06
   1.8405949e+06
   1.8409978e+06
   1.8412868e+06
   1.8416793e+06
   1.8421239e+06
   1.8424375e+06
   1.8432860e+06
   1.8437034e+06
   1.8441449e+06
   1.8446207e+06
   1.8450970e+06
   1.8455290e+06
   1.8458926e+06
   1.8463454e+06
   1.8469418e+06
   1.8477098e+06
   1.8485781e+06
   1.8490929e+06
   1.8494464e+06
   1.8498818e+06
   1.8513834e+06
   1.8523287e+06
   1.8529134e+06
   1.8536162e+06
   1.8545615e+06
   1.8549765e+06
   1.8558182e+06
   1.8562793e+06
   1.8570183e+06
   1.8576837e+06
   1.8584408e+06
   1.8588863e+06
   1.8594149e+06
   1.8598990e+06
   1.9008440e+06
   1.9019433e+06
   1.9024231e+06
   1.9031533e+06
   1.9035254e+06
   1.9038779e+06
   1.9043203e+06
   1.9048085e+06
   1.9052764e+06
   1.9059289e+06
   1.9074565e+06
   1.9077314e+06
   1.9081675e+06
   1.9086236e+06
   1.9091889e+06
   1.9096973e+06
   1.9103913e+06
   1.9110866e+06
   1.9116243e+06
   1.9122052e+06
   1.9126184e+06
   1.9129942e+06
   1.9135052e+06
   1.9152459e+06
   1.9157186e+06
   1.9161122e+06
   1.9167754e+06
   1.9174020e+06
   1.9180149e+06
   1.9189656e+06
   1.9195208e+06
   1.9199654e+06
   6.0408052e+04
   6.1022332e+04
   6.1539124e+04
   6.2198128e+04
   6.2983424e+04
   6.3524551e+04
   6.4475547e+04
   6.4984168e+04
   6.5318143e+04
   6.5831949e+04
   6.6351052e+04
   6.7312903e+04
   6.7876187e+04
   6.8562158e+04
   6.9378615e+04
   7.0435001e+04
   7.0938278e+04
   7.2047998e+04
   7.3036278e+04
   7.3570831e+04
   7.4202971e+04
   7.4735639e+04
   7.6039652e+04
   7.6584989e+04
   7.7179121e+04
   7.7971879e+04
   7.8452347e+04
   8.0254543e+04
   8.0771766e+04
   8.1576715e+04
   8.2449352e+04
   8.3794362e+04
   8.4533157e+04
   8.5222073e+04
   8.6722065e+04
   8.7406478e+04
   8.8717528e+04
   8.9119667e+04
   8.9958931e+04
   9.0959027e+04
   9.1813557e+04
   9.2412173e+04
   9.2781347e+04
   9.3221599e+04
   9.4408219e+04
   9.4871863e+04
   9.5643760e+04
   9.6248741e+04
   9.6779646e+04
   9.7671176e+04
   9.8106388e+04
   9.9121507e+04
   1.2072106e+05
   1.2144206e+05
   1.2248458e+05
   1.2301518e+05
   1.2348957e+05
   1.2504358e+05
   1.2555548e+05
   1.2612042e+05
   1.2674516e+05
   1.2728516e+05
   1.2763224e+05
   1.2851692e+05
   1.2923237e+05
   1.3011934e+05
   1.3062006e+05
   1.3100573e+05
   1.3143679e+05
   1.3191434e+05
   1.3327831e+05
   1.3410752e+05
   1.3443994e+05
   1.3798310e+05
   1.3977566e+05
   1.4019161e+05
   1.4060899e+05
   1.4160230e+05
   1.4194925e+05
   1.4261349e+05
   1.4314074e+05
   1.4365435e+05
   1.4441938e+05
   1.4527943e+05
   1.4575723e+05
   1.4633523e+05
   1.4792555e+05
   1.4892479e+05
   1.8041476e+05
   1.8108093e+05
   1.8202470e+05
   1.8345280e+05
   1.8396231e+05
   1.8444938e+05
   1.8489686e+05
   1.8543558e+05
   1.8611694e+05
   1.8681638e+05
   1.8760435e+05
   1.8828994e+05
   1.8897247e+05
   1.8974707e+05
   1.9031443e+05
   1.9124630e+05
   2.0032236e+05
   2.0074457e+05
   2.0134751e+05
   2.0215313e+05
   2.0328751e+05
   2.0403398e+05
   2.0488678e+05
   2.0538080e+05
   2.0628038e+05
   2.0672308e+05
   2.0722066e+05
   2.0800544e+05
   2.0853915e+05
   2.0946547e+05
   2.1025530e+05
   2.1064844e+05
   2.1126356e+05
   2.1207031e+05
   2.1315122e+05
   2.1362490e+05
   2.1424159e+05
   2.1465554e+05
   2.1548050e+05
   2.1638189e+05
   2.1706057e+05
   2.1792852e+05
   2.1939905e+05
   2.1983846e+05
   2.4035932e+05
   2.4133697e+05
   2.4205577e+05
   2.4263311e+05
   2.4352815e+05
   2.4442573e+05
   2.4524156e+05
   2.4629221e+05
   2.4700843e+05
   2.4756952e+05
   2.4850006e+05
   2.4996339e+05
   2.5046291e+05
   2.5076644e+05
   2.5150144e+05
   2.5255931e+05
   2.5328111e+05
   2.5396060e+05
   2.5469051e+05
   2.5527180e+05
   2.5974032e+05
   2.6050813e+05
   2.6103737e+05
   2.6150288e+05
   2.6258590e+05
   2.6428171e+05
   2.6526562e+05
   2.6573693e+05
   2.6639650e+05
   2.6693179e+05
   2.6760172e+05
   2.6848124e+05
   2.6966969e+05
   2.7015687e+05
   2.7065640e+05
   2.7212599e+05
   2.7357434e+05
   2.7423428e+05
   2.7488985e+05
   2.7637349e+05
   2.7672880e+05
   2.7731817e+05
   2.7813883e+05
   2.7900691e+05
   2.7999109e+05
   3.0093967e+05
   3.0161690e+05
   3.0282026e+05
   3.0321545e+05
   3.0404990e+05
   3.0470578e+05
   3.0523305e+05
   3.0571202e+05
   3.0663895e+05
   3.0695714e+05
   3.0761368e+05
   3.0828635e+05
   3.1001690e+05
   3.1034791e+05
   3.1092550e+05
   3.1159472e+05
   3.1196923e+05
   3.1242113e+05
   3.1293218e+05
   3.1337292e+05
   3.1410895e+05
   3.1456565e+05
   3.1551736e+05
   3.1637519e+05
   3.1688004e+05
   3.1760782e+05
   3.1993013e+05
   3.2023690e+05
   3.2095539e+05
   3.2168087e+05
   3.2261372e+05
   3.2340929e+05
   3.2495215e+05
   3.2588348e+05
   3.2640916e+05
   3.2730737e+05
   3.2779230e+05
   3.2836465e+05
   3.2920658e+05
   3.3031367e+05
   3.3075464e+05
   3.3131112e+05
   3.3205412e+05
   3.3265294e+05
   3.3350201e+05
   3.3407910e+05
   3.3507794e+05
   3.3611654e+05
   3.3982790e+05
   3.6206671e+05
   3.6296037e+05
   3.6334817e+05
   3.6383037e+05
   3.6445995e+05
   3.6538748e+05
   3.6622695e+05
   3.6666845e+05
   3.6719993e+05
   3.6798140e+05
   3.6902270e+05
   3.6963315e+05
   3.7002560e+05
   3.7078001e+05
   3.7137754e+05
   3.7227263e+05
   3.7320639e+05
   3.7410822e+05
   3.7570919e+05
   3.7633654e+05
   3.7695917e+05
   3.7760767e+05
   3.7862085e+05
   3.7928530e+05
   3.8015353e+05
   3.8053889e+05
   3.8225240e+05
   3.8343449e+05
   3.8405449e+05
   3.8451808e+05
   3.8501282e+05
   3.8581124e+05
   3.8656374e+05
   3.8701984e+05
   3.8740357e+05
   3.8959885e+05
   3.9011703e+05
   3.9081579e+05
   3.9122236e+05
   3.9158757e+05
   3.9208270e+05
   3.9253368e+05
   3.9302661e+05
   3.9443409e+05
   3.9514156e+05
   3.9564397e+05
   3.9618426e+05
   3.9682823e+05
   3.9751950e+05
   3.9817813e+05
   3.9870625e+05
   4.2173424e+05
   4.2283506e+05
   4.2389469e+05
   4.2433873e+05
   4.2606120e+05
   4.2644140e+05
   4.2760460e+05
   4.2824705e+05
   4.2903188e+05
   4.3050528e+05
   4.3093941e+05
   4.3159080e+05
   4.3236895e+05
   4.3301346e+05
   4.3404085e+05
   4.3441736e+05
   4.3500797e+05
   4.3536444e+05
   4.3608544e+05
   4.3652949e+05
   4.3687339e+05
   4.3772155e+05
   4.3838057e+05
   4.3913616e+05
   4.4071383e+05
   4.4156423e+05
   4.4226720e+05
   4.4283491e+05
   4.4335953e+05
   4.4386993e+05
   4.4441613e+05
   4.4486786e+05
   4.4569141e+05
   4.4686361e+05
   4.4775004e+05
   4.4817945e+05
   4.4885864e+05
   4.5039739e+05
   4.5096679e+05
   4.5216241e+05
   4.5293180e+05
   4.5390558e+05
   4.5472582e+05
   4.5541315e+05
   4.5596641e+05
   4.5715762e+05
   4.5762970e+05
   4.5838353e+05
   4.5895988e+05
   4.5965307e+05
   4.8077537e+05
   4.8134564e+05
   4.8185384e+05
   4.8589366e+05
   4.8667327e+05
   4.8718995e+05
   4.8817314e+05
   4.8905875e+05
   4.8986459e+05
   4.9026775e+05
   4.9175756e+05
   4.9244961e+05
   4.9309440e+05
   4.9365886e+05
   4.9439460e+05
   4.9485166e+05
   4.9565990e+05
   4.9624897e+05
   4.9682716e+05
   5.0002612e+05
   5.0078581e+05
   5.0124667e+05
   5.0164686e+05
   5.0214667e+05
   5.0326978e+05
   5.0448332e+05
   5.0627535e+05
   5.0690231e+05
   5.1020315e+05
   5.1107815e+05
   5.1155986e+05
   5.1207707e+05
   5.1268364e+05
   5.1346360e+05
   5.1796072e+05
   5.1864454e+05
   5.1941244e+05
   5.4151756e+05
   5.4224760e+05
   5.4300259e+05
   5.4338492e+05
   5.4406252e+05
   5.4481116e+05
   5.4585477e+05
   5.4632935e+05
   5.4716514e+05
   5.4814901e+05
   5.4846354e+05
   5.4926645e+05
   5.5057889e+05
   5.5102596e+05
   5.5204037e+05
   5.5259662e+05
   5.5305299e+05
   5.5360362e+05
   5.5439040e+05
   5.5559898e+05
   5.5608779e+05
   5.5665626e+05
   5.5720552e+05
   5.5794241e+05
   5.5907699e+05
   5.5976597e+05
   5.6024334e+05
   5.6089636e+05
   5.6200357e+05
   5.6362356e+05
   5.6410222e+05
   5.6454219e+05
   5.6533947e+05
   5.6582379e+05
   5.6667986e+05
   5.6762796e+05
   5.6799207e+05
   5.6863667e+05
   5.6948292e+05
   5.6995776e+05
   5.7052116e+05
   5.7099471e+05
   5.7325680e+05
   5.7406191e+05
   5.7496371e+05
   5.7575173e+05
   5.7629002e+05
   5.7671305e+05
   5.7718752e+05
   5.7774101e+05
   5.7869290e+05
   7.8101433e+05
   7.8183903e+05
   7.8344925e+05
   7.8468252e+05
   7.8570624e+05
   7.8618272e+05
   7.8667805e+05
   7.8714470e+05
   7.8756582e+05
   7.8818214e+05
   7.8862653e+05
   7.8918488e+05
   7.9101954e+05
   7.9148626e+05
   7.9193914e+05
   7.9283953e+05
   7.9329948e+05
   7.9409923e+05
   7.9482518e+05
   7.9528571e+05
   7.9619880e+05
   7.9691571e+05
   7.9761705e+05
   7.9835001e+05
   7.9884897e+05
   7.9975611e+05
   8.0034296e+05
   8.0087646e+05
   8.0147372e+05
   8.0214702e+05
   8.0260688e+05
   8.0304151e+05
   8.0466984e+05
   8.0663401e+05
   8.0718438e+05
   8.0800173e+05
   8.0958548e+05
   8.0997238e+05
   8.1038897e+05
   8.1109695e+05
   8.1181833e+05
   8.1236270e+05
   8.1298007e+05
   8.1336363e+05
   8.1380685e+05
   8.1423235e+05
   8.1521981e+05
   8.1576820e+05
   8.1616484e+05
   8.1723550e+05
   8.4048564e+05
   8.4115060e+05
   8.4156636e+05
   8.4213947e+05
   8.4322284e+05
   8.4382691e+05
   8.4438758e+05
   8.4496134e+05
   8.4553459e+05
   8.4683142e+05
   8.4742835e+05
   8.4790669e+05
   8.4853853e+05
   8.4918829e+05
   8.4971308e+05
   8.5011901e+05
   8.5063871e+05
   8.5119084e+05
   8.5205073e+05
   8.5270249e+05
   8.5434796e+05
   8.5521012e+05
   8.5676888e+05
   8.5729273e+05
   8.5759943e+05
   8.5867615e+05
   8.5926026e+05
   8.6005033e+05
   8.6093092e+05
   8.6129815e+05
   8.6167156e+05
   8.6296137e+05
   8.6369262e+05
   8.6436706e+05
   8.6496813e+05
   8.6545850e+05
   8.6615826e+05
   8.6675084e+05
   8.6720187e+05
   8.6762565e+05
   8.6809771e+05
   8.6868823e+05
   8.6917211e+05
   8.7032445e+05
   8.7102694e+05
   8.7169564e+05
   8.7217137e+05
   8.7275003e+05
   8.7327561e+05
   8.7411435e+05
   8.7499709e+05
   8.7565649e+05
   8.7618721e+05
   8.7698599e+05
   8.7752320e+05
   8.7840540e+05
   8.7974838e+05
   9.0077570e+05
   9.0120371e+05
   9.0195793e+05
   9.0285138e+05
   9.0427445e+05
   9.0524160e+05
   9.0588515e+05
   9.0663116e+05
   9.0714985e+05
   9.0789086e+05
   9.0942825e+05
   9.0998766e+05
   9.1153251e+05
   9.1204683e+05
   9.1273953e+05
   9.1330516e+05
   9.1390494e+05
   9.1439059e+05
   9.1545867e+05
   9.1595791e+05
   9.1653327e+05
   9.1693214e+05
   9.1783970e+05
   9.1817481e+05
   9.1884165e+05
   9.1960685e+05
   9.2055425e+05
   9.2119355e+05
   9.2188874e+05
   9.2264960e+05
   9.2329953e+05
   9.2392954e+05
   9.2452041e+05
   9.2567581e+05
   9.2633909e+05
   9.2680529e+05
   9.2741847e+05
   9.2796642e+05
   9.2845053e+05
   9.2913206e+05
   9.3172926e+05
   9.3235152e+05
   9.3310396e+05
   9.3381916e+05
   9.3455827e+05
   9.3489330e+05
   9.3521616e+05
   9.3572863e+05
   9.3632613e+05
   9.3678796e+05
   9.3729938e+05
   9.3795243e+05
   9.3843990e+05
   9.3897249e+05
   9.6063068e+05
   9.6098233e+05
   9.6154722e+05
   9.6225800e+05
   9.6334010e+05
   9.6388292e+05
   9.6605095e+05
   9.6829355e+05
   9.6878160e+05
   9.6939949e+05
   9.6989077e+05
   9.7036557e+05
   9.7114570e+05
   9.7163656e+05
   9.7235288e+05
   9.7277021e+05
   9.7396517e+05
   9.7544188e+05
   9.7621567e+05
   9.7664950e+05
   9.7743778e+05
   9.7812600e+05
   9.7849745e+05
   9.7960911e+05
   9.8030699e+05
   9.8082641e+05
   9.8131043e+05
   9.8180776e+05
   9.8253746e+05
   9.8344362e+05
   9.8505177e+05
   9.8600191e+05
   9.8675946e+05
   9.8826801e+05
   9.8942073e+05
   9.9030805e+05
   9.9090431e+05
   9.9159592e+05
   9.9195337e+05
   9.9316120e+05
   9.9356920e+05
   9.9410357e+05
   9.9461733e+05
   9.9507389e+05
   9.9567960e+05
   9.9607176e+05
   9.9751376e+05
   9.9813632e+05
   9.9866387e+05
   9.9987186e+05
   1.0230141e+06
   1.0235137e+06
   1.0240969e+06
   1.0246217e+06
   1.0250062e+06
   1.0256288e+06
   1.0264233e+06
   1.0270714e+06
   1.0275894e+06
   1.0281455e+06
   1.0292300e+06
   1.0300205e+06
   1.0308108e+06
   1.0316072e+06
   1.0326310e+06
   1.0335529e+06
   1.0350260e+06
   1.0365001e+06
   1.0369331e+06
   1.0375164e+06
   1.0383142e+06
   1.0389548e+06
   1.0393627e+06
   1.0398558e+06
   1.0405864e+06
   1.0412445e+06
   1.0419269e+06
   1.0423033e+06
   1.0429297e+06
   1.0439704e+06
   1.0445325e+06
   1.0451818e+06
   1.0459780e+06
   1.0469122e+06
   1.0477130e+06
   1.0482685e+06
   1.0487264e+06
   1.0491670e+06
   1.0498681e+06
   1.0505116e+06
   1.0512385e+06
   1.0519050e+06
   1.0526014e+06
   1.0530935e+06
   1.0538005e+06
   1.0556684e+06
   1.0560794e+06
   1.0564759e+06
   1.0569035e+06
   1.0577813e+06
   1.0599022e+06
   1.0810649e+06
   1.0850997e+06
   1.0860793e+06
   1.0865909e+06
   1.0872202e+06
   1.0879246e+06
   1.0884553e+06
   1.0890076e+06
   1.0893746e+06
   1.0898044e+06
   1.0902751e+06
   1.0908061e+06
   1.0915067e+06
   1.0922406e+06
   1.0929693e+06
   1.0933745e+06
   1.0942185e+06
   1.0949127e+06
   1.0956170e+06
   1.0962269e+06
   1.0967600e+06
   1.0971378e+06
   1.0981097e+06
   1.0987597e+06
   1.0990905e+06
   1.0998661e+06
   1.1003552e+06
   1.1007968e+06
   1.1017290e+06
   1.1023205e+06
   1.1038626e+06
   1.1051063e+06
   1.1057325e+06
   1.1064720e+06
   1.1076079e+06
   1.1083575e+06
   1.1089079e+06
   1.1096975e+06
   1.1103128e+06
   1.1113659e+06
   1.1119587e+06
   1.1132924e+06
   1.1143555e+06
   1.1155918e+06
   1.1163386e+06
   1.1172453e+06
   1.1180227e+06
   1.1186602e+06
   1.1191969e+06
   1.1195914e+06
   1.1406812e+06
   1.1416550e+06
   1.1422057e+06
   1.1427344e+06
   1.1432971e+06
   1.1440468e+06
   1.1446383e+06
   1.1450378e+06
   1.1457967e+06
   1.1466279e+06
   1.1493960e+06
   1.1504970e+06
   1.1510275e+06
   1.1518311e+06
   1.1539107e+06
   1.1542692e+06
   1.1557883e+06
   1.1566258e+06
   1.1571769e+06
   1.1575480e+06
   1.1580237e+06
   1.1594162e+06
   1.1600311e+06
   1.1607811e+06
   1.1615611e+06
   1.1621269e+06
   1.1625211e+06
   1.1630797e+06
   1.1647888e+06
   1.1655196e+06
   1.1659545e+06
   1.1663423e+06
   1.1669993e+06
   1.1676206e+06
   1.1680756e+06
   1.1687896e+06
   1.1692562e+06
   1.1699416e+06
   1.1703921e+06
   1.1711240e+06
   1.1719094e+06
   1.1725287e+06
   1.1733579e+06
   1.1739593e+06
   1.1744692e+06
   1.1749712e+06
   1.1755972e+06
   1.1760519e+06
   1.1770067e+06
   1.1777608e+06
   1.1784043e+06
   1.1795813e+06
   1.2003456e+06
   1.2013689e+06
   1.2021649e+06
   1.2025215e+06
   1.2031400e+06
   1.2039565e+06
   1.2044087e+06
   1.2050177e+06
   1.2065157e+06
   1.2074142e+06
   1.2079117e+06
   1.2086629e+06
   1.2090411e+06
   1.2094482e+06
   1.2099342e+06
   1.2106481e+06
   1.2117648e+06
   1.2142418e+06
   1.2146983e+06
   1.2155916e+06
   1.2160007e+06
   1.2163656e+06
   1.2168770e+06
   1.2174424e+06
   1.2197236e+06
   1.2203584e+06
   1.2209943e+06
   1.2216784e+06
   1.2221279e+06
   1.2227838e+06
   1.2231657e+06
   1.2240161e+06
   1.2246459e+06
   1.2251070e+06
   1.2258030e+06
   1.2272773e+06
   1.2283022e+06
   1.2288608e+06
   1.2292951e+06
   1.2296478e+06
   1.2301613e+06
   1.2305898e+06
   1.2312244e+06
   1.2317060e+06
   1.2324039e+06
   1.2331140e+06
   1.2335899e+06
   1.2339549e+06
   1.2346681e+06
   1.2362336e+06
   1.2373979e+06
   1.2382552e+06
   1.2394941e+06
   1.2603844e+06
   1.2610681e+06
   1.2615362e+06
   1.2622778e+06
   1.2627342e+06
   1.2632251e+06
   1.2636849e+06
   1.2642826e+06
   1.2649341e+06
   1.2653447e+06
   1.2657571e+06
   1.2663759e+06
   1.2672850e+06
   1.2680293e+06
   1.2687744e+06
   1.2693247e+06
   1.2702572e+06
   1.2708649e+06
   1.2713812e+06
   1.2719492e+06
   1.2724613e+06
   1.2731517e+06
   1.2735623e+06
   1.2739559e+06
   1.2746119e+06
   1.2756499e+06
   1.2762127e+06
   1.2767605e+06
   1.2771732e+06
   1.2787768e+06
   1.2791878e+06
   1.2798706e+06
   1.2808423e+06
   1.2816041e+06
   1.2822057e+06
   1.2828910e+06
   1.2838083e+06
   1.2843755e+06
   1.2849222e+06
   1.2853007e+06
   1.2859093e+06
   1.2866556e+06
   1.2875566e+06
   1.2882833e+06
   1.2891310e+06
   1.2903478e+06
   1.2909252e+06
   1.2915619e+06
   1.2919684e+06
   1.2927413e+06
   1.2931347e+06
   1.2937110e+06
   1.2944039e+06
   1.2950918e+06
   1.2965637e+06
   1.2972085e+06
   1.2977120e+06
   1.2984364e+06
   1.2992611e+06
   1.2997891e+06
   1.3205065e+06
   1.3212560e+06
   1.3216458e+06
   1.3227036e+06
   1.3230599e+06
   1.3240490e+06
   1.3248166e+06
   1.3253128e+06
   1.3259522e+06
   1.3267053e+06
   1.3280050e+06
   1.3286848e+06
   1.3293945e+06
   1.3300670e+06
   1.3316431e+06
   1.3322673e+06
   1.3329312e+06
   1.3335312e+06
   1.3340875e+06
   1.3350883e+06
   1.3355186e+06
   1.3360623e+06
   1.3366255e+06
   1.3374996e+06
   1.3384437e+06
   1.3391260e+06
   1.3397982e+06
   1.3408155e+06
   1.3413278e+06
   1.3418969e+06
   1.3429110e+06
   1.3441131e+06
   1.3455522e+06
   1.3465597e+06
   1.3470937e+06
   1.3477213e+06
   1.3481594e+06
   1.3485985e+06
   1.3493490e+06
   1.3506898e+06
   1.3512076e+06
   1.3516713e+06
   1.3521526e+06
   1.3531387e+06
   1.3540643e+06
   1.3547080e+06
   1.3553399e+06
   1.3565991e+06
   1.3572107e+06
   1.3576569e+06
   1.3583469e+06
   1.3587704e+06
   1.3593642e+06
   1.3598819e+06
   1.3806722e+06
   1.3811066e+06
   1.3821695e+06
   1.3829442e+06
   1.3833644e+06
   1.3840933e+06
   1.3860853e+06
   1.3865289e+06
   1.3870537e+06
   1.3877415e+06
   1.3885944e+06
   1.3893122e+06
   1.3896436e+06
   1.3900665e+06
   1.3911549e+06
   1.3916457e+06
   1.3921309e+06
   1.3927334e+06
   1.3932317e+06
   1.3950456e+06
   1.3960242e+06
   1.3967429e+06
   1.3971028e+06
   1.3977702e+06
   1.3987283e+06
   1.3992253e+06
   1.3999006e+06
   1.4006179e+06
   1.4015244e+06
   1.4022070e+06
   1.4029007e+06
   1.4034758e+06
   1.4040422e+06
   1.4048523e+06
   1.4059255e+06
   1.4063456e+06
   1.4068237e+06
   1.4072479e+06
   1.4077049e+06
   1.4082915e+06
   1.4093761e+06
   1.4097936e+06
   1.4104043e+06
   1.4111846e+06
   1.4118240e+06
   1.4125020e+06
   1.4145318e+06
   1.4155197e+06
   1.4162599e+06
   1.4166950e+06
   1.4173712e+06
   1.4178290e+06
   1.4183733e+06
   1.4187208e+06
   1.4197842e+06
   1.4408452e+06
   1.4413312e+06
   1.4420086e+06
   1.4427551e+06
   1.4433570e+06
   1.4440890e+06
   1.4447094e+06
   1.4453279e+06
   1.4464070e+06
   1.4474774e+06
   1.4483941e+06
   1.4487633e+06
   1.4495737e+06
   1.4502227e+06
   1.4508999e+06
   1.4512571e+06
   1.4577911e+06
   1.4581727e+06
   1.4585225e+06
   1.4594391e+06
   1.4599714e+06
   1.4608579e+06
   1.4612390e+06
   1.4630583e+06
   1.4635336e+06
   1.4644611e+06
   1.4698227e+06
   1.4702583e+06
   1.4709519e+06
   1.4721491e+06
   1.4726255e+06
   1.4729701e+06
   1.4735457e+06
   1.4739707e+06
   1.4747546e+06
   1.4753624e+06
   1.4759859e+06
   1.4763439e+06
   1.4766432e+06
   1.4773042e+06
   1.4787824e+06
   1.4795399e+06
   1.4799874e+06
   1.5007398e+06
   1.5015770e+06
   1.5032272e+06
   1.5042616e+06
   1.5052071e+06
   1.5061405e+06
   1.5067212e+06
   1.5080344e+06
   1.5085113e+06
   1.5097464e+06
   1.5102570e+06
   1.5108518e+06
   1.5112484e+06
   1.5117811e+06
   1.5121906e+06
   1.5130504e+06
   1.5134819e+06
   1.5141366e+06
   1.5153263e+06
   1.5159476e+06
   1.5166426e+06
   1.5170386e+06
   1.5178154e+06
   1.5183623e+06
   1.5196915e+06
   1.5200787e+06
   1.5207860e+06
   1.5212680e+06
   1.5216396e+06
   1.5221553e+06
   1.5226441e+06
   1.5231109e+06
   1.5238897e+06
   1.5248736e+06
   1.5255684e+06
   1.5262451e+06
   1.5272293e+06
   1.5278599e+06
   1.5285832e+06
   1.5290816e+06
   1.5295150e+06
   1.5313793e+06
   1.5319842e+06
   1.5326773e+06
   1.5332487e+06
   1.5337696e+06
   1.5342892e+06
   1.5347640e+06
   1.5353364e+06
   1.5358122e+06
   1.5363893e+06
   1.5369273e+06
   1.5374045e+06
   1.5385008e+06
   1.5394555e+06
   1.5399902e+06
   1.5603999e+06
   1.5611399e+06
   1.5615722e+06
   1.5620695e+06
   1.5625420e+06
   1.5631560e+06
   1.5637844e+06
   1.5648283e+06
   1.5653193e+06
   1.5663959e+06
   1.5674023e+06
   1.5679010e+06
   1.5683481e+06
   1.5690929e+06
   1.5698037e+06
   1.5707773e+06
   1.5713231e+06
   1.5717691e+06
   1.5722539e+06
   1.5727584e+06
   1.5732543e+06
   1.5740176e+06
   1.5756689e+06
   1.5760998e+06
   1.5765784e+06
   1.5774362e+06
   1.5779995e+06
   1.5785326e+06
   1.5791767e+06
   1.5801311e+06
   1.5807235e+06
   1.5813978e+06
   1.5821060e+06
   1.5825739e+06
   1.5830957e+06
   1.5839986e+06
   1.5844175e+06
   1.5849972e+06
   1.5856139e+06
   1.5862810e+06
   1.5866813e+06
   1.5871440e+06
   1.5876053e+06
   1.5881031e+06
   1.5886097e+06
   1.5893426e+06
   1.5899379e+06
   1.5903334e+06
   1.5909906e+06
   1.5920413e+06
   1.5925939e+06
   1.5932338e+06
   1.5936296e+06
   1.5941125e+06
   1.5948874e+06
   1.5954329e+06
   1.5959464e+06
   1.5965501e+06
   1.5975982e+06
   1.5988269e+06
   1.5995519e+06
   1.6209741e+06
   1.6213762e+06
   1.6240349e+06
   1.6247754e+06
   1.6251547e+06
   1.6255211e+06
   1.6259318e+06
   1.6264362e+06
   1.6267904e+06
   1.6274556e+06
   1.6281875e+06
   1.6286828e+06
   1.6298450e+06
   1.6302726e+06
   1.6308758e+06
   1.6315062e+06
   1.6321990e+06
   1.6327452e+06
   1.6332711e+06
   1.6336478e+06
   1.6365162e+06
   1.6371216e+06
   1.6382081e+06
   1.6387358e+06
   1.6392027e+06
   1.6396912e+06
   1.6409060e+06
   1.6416481e+06
   1.6422260e+06
   1.6426866e+06
   1.6435087e+06
   1.6445382e+06
   1.6503819e+06
   1.6509760e+06
   1.6517152e+06
   1.6525731e+06
   1.6535539e+06
   1.6541152e+06
   1.6547245e+06
   1.6552317e+06
   1.6557796e+06
   1.6577167e+06
   1.6581890e+06
   1.6811024e+06
   1.6816798e+06
   1.6820993e+06
   1.6825186e+06
   1.6835890e+06
   1.6839347e+06
   1.6850514e+06
   1.6855036e+06
   1.6867163e+06
   1.6873198e+06
   1.6878201e+06
   1.6891916e+06
   1.6900376e+06
   1.6908062e+06
   1.6916792e+06
   1.6924887e+06
   1.6928283e+06
   1.6943218e+06
   1.6948628e+06
   1.6953804e+06
   1.6959509e+06
   1.6966881e+06
   1.6979590e+06
   1.6989352e+06
   1.7067755e+06
   1.7072092e+06
   1.7075540e+06
   1.7082839e+06
   1.7103540e+06
   1.7112387e+06
   1.7116049e+06
   1.7125585e+06
   1.7132992e+06
   1.7142228e+06
   1.7149618e+06
   1.7162280e+06
   1.7179410e+06
   1.7184223e+06
   1.7196156e+06
   1.7405249e+06
   1.7412569e+06
   1.7417429e+06
   1.7422131e+06
   1.7426795e+06
   1.7443526e+06
   1.7448799e+06
   1.7463434e+06
   1.7467516e+06
   1.7472827e+06
   1.7478405e+06
   1.7484987e+06
   1.7490849e+06
   1.7496145e+06
   1.7501306e+06
   1.7504501e+06
   1.7508360e+06
   1.7514004e+06
   1.7522555e+06
   1.7529611e+06
   1.7535863e+06
   1.7545432e+06
   1.7552367e+06
   1.7567154e+06
   1.7574083e+06
   1.7579179e+06
   1.7585319e+06
   1.7592944e+06
   1.7600116e+06
   1.7605722e+06
   1.7613375e+06
   1.7619073e+06
   1.7625493e+06
   1.7636290e+06
   1.7642492e+06
   1.7647436e+06
   1.7653434e+06
   1.7659250e+06
   1.7665006e+06
   1.7671626e+06
   1.7681078e+06
   1.7688262e+06
   1.7696941e+06
   1.7702451e+06
   1.7718079e+06
   1.7722200e+06
   1.7741437e+06
   1.7745852e+06
   1.7749811e+06
   1.7754337e+06
   1.7796990e+06
   1.8012495e+06
   1.8019858e+06
   1.8027458e+06
   1.8042623e+06
   1.8050369e+06
   1.8055140e+06
   1.8059487e+06
   1.8064039e+06
   1.8069977e+06
   1.8077663e+06
   1.8081266e+06
   1.8086218e+06
   1.8091226e+06
   1.8098140e+06
   1.8102567e+06
   1.8110921e+06
   1.8117947e+06
   1.8126310e+06
   1.8133465e+06
   1.8138450e+06
   1.8143215e+06
   1.8147743e+06
   1.8155049e+06
   1.8159369e+06
   1.8166506e+06
   1.8172623e+06
   1.8193803e+06
   1.8203442e+06
   1.8210492e+06
   1.8216294e+06
   1.8227653e+06
   1.8237477e+06
   1.8255445e+06
   1.8262673e+06
   1.8270391e+06
   1.8277270e+06
   1.8290590e+06
   1.8294600e+06
   1.8300233e+06
   1.8306584e+06
   1.8315001e+06
   1.8320678e+06
   1.8326628e+06
   1.8333094e+06
   1.8337675e+06
   1.8368624e+06
   1.8606916e+06
   1.8615126e+06
   1.8618799e+06
   1.8624876e+06
   1.8628665e+06
   1.8635701e+06
   1.8642737e+06
   1.8651284e+06
   1.8655971e+06
   1.8663731e+06
   1.8669394e+06
   1.8674458e+06
   1.8691103e+06
   1.8695572e+06
   1.8714812e+06
   1.8722189e+06
   1.8726155e+06
   1.8730072e+06
   1.8733944e+06
   1.8744640e+06
   1.8752657e+06
   1.8759431e+06
   1.8765338e+06
   1.8769359e+06
   1.8777223e+06
   1.8782055e+06
   1.8787058e+06
   1.8794209e+06
   1.8798811e+06
   1.8804356e+06
   1.8809708e+06
   1.8813191e+06
   1.8828845e+06
   1.8835227e+06
   1.8841911e+06
   1.8848312e+06
   1.8857997e+06
   1.8864487e+06
   1.8870574e+06
   1.8876683e+06
   1.8880947e+06
   1.8901891e+06
   1.8907480e+06
   1.8929495e+06
   1.8933517e+06
   1.8946241e+06
   1.8952048e+06
   1.8960661e+06
   1.8968527e+06
   1.8977517e+06
   1.8982738e+06
   1.8989439e+06
   1.8993081e+06
   1.8997726e+06
   1.8767090e+06
   1.8773631e+06
   1.8779751e+06
   1.8788443e+06
   1.8805079e+06
   1.8810831e+06
   1.8818473e+06
   1.8824124e+06
   1.8829242e+06
   1.8837353e+06
   1.8842013e+06
   1.8848954e+06
   1.8853679e+06
   1.8859061e+06
   1.8870653e+06
   1.8876197e+06
   1.8880588e+06
   1.8890768e+06
   1.8895794e+06
   1.8904704e+06
   1.8909453e+06
   1.8915717e+06
   1.8920655e+06
   1.8925208e+06
   1.8935567e+06
   1.8942214e+06
   1.8948751e+06
   1.8952941e+06
   1.8958586e+06
   1.8968779e+06
   1.8976112e+06
   1.8980781e+06
   1.8990786e+06
   1.8999642e+06
   1.8929295e+06
   1.8933550e+06
   1.8941007e+06
   1.8949676e+06
   1.8955801e+06
   1.8964951e+06
   1.8971269e+06
   1.8977853e+06
   1.8985355e+06
   1.8991428e+06
   1.8999029e+06
