   6.1029220e+02
   1.5403927e+03
   2.4683837e+03
   3.5460684e+03
   4.1990249e+03
   5.3028467e+03
   6.2910806e+03
   6.8444311e+03
   7.4495447e+03
   7.9257291e+03
   8.6652377e+03
   9.4794996e+03
   1.0605850e+04
   1.1784704e+04
   1.3280691e+04
   1.4163383e+04
   1.4893382e+04
   1.5310004e+04
   1.6305801e+04
   1.7099172e+04
   1.7614261e+04
   1.8396130e+04
   1.9120536e+04
   1.9711008e+04
   2.0135432e+04
   2.0774267e+04
   2.1260713e+04
   2.1960563e+04
   2.3065261e+04
   2.3574073e+04
   2.4474207e+04
   2.4850502e+04
   2.5508762e+04
   2.5929054e+04
   2.7163245e+04
   2.7817858e+04
   2.8352786e+04
   2.9157454e+04
   3.0066553e+04
   3.0618504e+04
   3.2301519e+04
   3.2895754e+04
   3.3596709e+04
   3.4397535e+04
   3.5210308e+04
   3.6299227e+04
   3.7265721e+04
   3.7767095e+04
   3.8349856e+04
   3.9367960e+04
   4.0825570e+04
   4.0729451e+04
   4.1097921e+04
   4.1925024e+04
   4.2490840e+04
   4.3367254e+04
   4.3814023e+04
   4.4461890e+04
   4.5170509e+04
   4.5498894e+04
   4.5982682e+04
   4.6585216e+04
   4.6997072e+04
   4.7823227e+04
   4.8408462e+04
   4.9234257e+04
   4.9690337e+04
   5.0245839e+04
   5.0965456e+04
   5.2521984e+04
   5.3226063e+04
   5.3629958e+04
   5.4451800e+04
   5.5323685e+04
   5.5863882e+04
   5.6289022e+04
   5.6820263e+04
   5.7461306e+04
   5.7832150e+04
   5.8318297e+04
   5.8883789e+04
   5.9355938e+04
   1.0054385e+05
   1.0111842e+05
   1.0157746e+05
   1.0206097e+05
   1.0292760e+05
   1.0323843e+05
   1.0356868e+05
   1.0387865e+05
   1.0437735e+05
   1.0487635e+05
   1.0535461e+05
   1.0563884e+05
   1.0607635e+05
   1.0733920e+05
   1.0798704e+05
   1.0851916e+05
   1.0925501e+05
   1.0993463e+05
   1.1044489e+05
   1.1096506e+05
   1.1161538e+05
   1.1208541e+05
   1.1268195e+05
   1.1315398e+05
   1.1377997e+05
   1.1534085e+05
   1.1579821e+05
   1.1626684e+05
   1.1670671e+05
   1.1729600e+05
   1.1859367e+05
   1.1905177e+05
   1.1993633e+05
   1.6212185e+05
   1.6264180e+05
   1.6323844e+05
   1.6380109e+05
   1.6490376e+05
   1.6581830e+05
   1.6696508e+05
   1.6740590e+05
   1.6799415e+05
   1.6846038e+05
   1.6945392e+05
   1.7022962e+05
   1.7062389e+05
   1.7110054e+05
   1.7161700e+05
   1.7239119e+05
   1.7279143e+05
   1.7355408e+05
   1.7910288e+05
   1.7972326e+05
   2.2072088e+05
   2.2119980e+05
   2.2216893e+05
   2.2293899e+05
   2.2341470e+05
   2.2404582e+05
   2.2487933e+05
   2.2764205e+05
   2.2811554e+05
   2.2852469e+05
   2.2906484e+05
   2.2987238e+05
   2.3050387e+05
   2.3086408e+05
   2.3145534e+05
   2.3292453e+05
   2.3355305e+05
   2.3430219e+05
   2.3491860e+05
   2.3566274e+05
   2.3619871e+05
   2.3667601e+05
   2.3706812e+05
   2.3761373e+05
   2.3853031e+05
   2.3921083e+05
   2.3989469e+05
   2.8236891e+05
   2.8289964e+05
   2.8406989e+05
   2.8763816e+05
   2.8808333e+05
   2.8862762e+05
   2.9066158e+05
   2.9172437e+05
   2.9246325e+05
   2.9337932e+05
   2.9501059e+05
   2.9570705e+05
   2.9628244e+05
   2.9685175e+05
   2.9941506e+05
   3.4042409e+05
   3.4095446e+05
   3.4154508e+05
   3.4247030e+05
   3.4317973e+05
   3.4368106e+05
   3.4431566e+05
   3.4513796e+05
   3.4582577e+05
   3.4625822e+05
   3.4675071e+05
   3.4807122e+05
   3.4848608e+05
   3.4896676e+05
   3.4935591e+05
   3.4993001e+05
   3.5058962e+05
   3.5103891e+05
   3.5172721e+05
   3.5269550e+05
   3.5317412e+05
   3.5365755e+05
   3.5466842e+05
   3.5553818e+05
   3.5595087e+05
   3.5703309e+05
   3.5783654e+05
   3.5896417e+05
   3.5956064e+05
   4.0177166e+05
   4.0236893e+05
   4.0293916e+05
   4.0340506e+05
   4.0384836e+05
   4.0432228e+05
   4.0487042e+05
   4.0564406e+05
   4.0611066e+05
   4.0688479e+05
   4.0753570e+05
   4.0801140e+05
   4.0869894e+05
   4.0919627e+05
   4.1038701e+05
   4.1077387e+05
   4.1119937e+05
   4.1211922e+05
   4.1305487e+05
   4.1349322e+05
   4.1393130e+05
   4.1485456e+05
   4.1528163e+05
   4.1596272e+05
   4.1681397e+05
   4.1735811e+05
   4.1792185e+05
   4.1909346e+05
   4.1954087e+05
   4.1997474e+05
   4.6033557e+05
   4.6084700e+05
   4.6146249e+05
   4.6213787e+05
   4.6269461e+05
   4.6333710e+05
   4.6375687e+05
   4.6466579e+05
   4.6507812e+05
   4.6582652e+05
   4.6636221e+05
   4.6679795e+05
   4.6783275e+05
   4.6846575e+05
   4.6913551e+05
   4.6972722e+05
   4.7030816e+05
   4.7080877e+05
   4.7196137e+05
   4.7333410e+05
   4.7463633e+05
   4.7547603e+05
   4.7588810e+05
   4.7691126e+05
   4.7764765e+05
   4.7805127e+05
   4.7851588e+05
   4.7897213e+05
   4.7926210e+05
   4.7985863e+05
   5.2062207e+05
   5.2141082e+05
   5.2218134e+05
   5.2296618e+05
   5.2349446e+05
   5.2393821e+05
   5.2434764e+05
   5.2479095e+05
   5.2584910e+05
   5.2656204e+05
   5.2698624e+05
   5.2739309e+05
   5.2806952e+05
   5.2958832e+05
   5.3010331e+05
   5.3068624e+05
   5.3161227e+05
   5.3214322e+05
   5.3290452e+05
   5.3363949e+05
   5.3460087e+05
   5.3505506e+05
   5.3548950e+05
   5.3595432e+05
   5.3724763e+05
   5.3768449e+05
   5.3826369e+05
   5.3879571e+05
   5.3921861e+05
   5.3964990e+05
   5.8062253e+05
   5.8193069e+05
   5.8233051e+05
   5.8290898e+05
   5.8355569e+05
   5.8461160e+05
   5.8517599e+05
   5.8575019e+05
   5.8640144e+05
   5.8684202e+05
   5.8763324e+05
   5.8897892e+05
   5.8937599e+05
   5.8973420e+05
   5.9033149e+05
   5.9155532e+05
   5.9190244e+05
   5.9259310e+05
   5.9301562e+05
   5.9374549e+05
   5.9446690e+05
   5.9490975e+05
   5.9539388e+05
   5.9582136e+05
   5.9613114e+05
   5.9688028e+05
   5.9757915e+05
   5.9799223e+05
   5.9827911e+05
   5.9887262e+05
   5.9934825e+05
   5.9984445e+05
   6.0052349e+05
   6.0099700e+05
   6.0135399e+05
   6.0197508e+05
   6.0242729e+05
   6.0278612e+05
   6.0355571e+05
   6.0421866e+05
   6.0474876e+05
   6.0577575e+05
   6.0655812e+05
   6.0754630e+05
   6.0822374e+05
   6.0872670e+05
   6.1473399e+05
   6.1526505e+05
   6.1606540e+05
   6.1652062e+05
   6.1723794e+05
   6.1817191e+05
   6.1879732e+05
   6.1949144e+05
   6.1986651e+05
   6.2027640e+05
   6.2089171e+05
   6.2168364e+05
   6.2252167e+05
   6.2338941e+05
   6.2387820e+05
   6.2435015e+05
   6.2524000e+05
   6.2571332e+05
   6.2667684e+05
   6.2810594e+05
   6.2851168e+05
   6.2909745e+05
   6.2983597e+05
   6.3028202e+05
   6.3121560e+05
   6.3215282e+05
   6.3283158e+05
   6.3324206e+05
   6.3418087e+05
   6.3468785e+05
   6.3525930e+05
   6.3607649e+05
   6.3654440e+05
   6.3725974e+05
   6.3812583e+05
   6.3888376e+05
   6.3932681e+05
   6.4041354e+05
   6.4091252e+05
   6.4152859e+05
   6.4226314e+05
   6.4275377e+05
   6.4362980e+05
   6.4428395e+05
   6.4530579e+05
   6.4642908e+05
   6.4694246e+05
   6.4759829e+05
   6.4812847e+05
   6.4931623e+05
   6.5004465e+05
   6.5049182e+05
   6.5101965e+05
   6.5245541e+05
   6.5295361e+05
   6.5344668e+05
   6.7332494e+05
   6.7442333e+05
   6.7491450e+05
   6.7537561e+05
   6.7588698e+05
   6.7672579e+05
   6.7723340e+05
   6.7789440e+05
   6.7836682e+05
   6.7910328e+05
   6.7982538e+05
   6.8030299e+05
   6.8173260e+05
   6.8288072e+05
   6.8380595e+05
   6.8441696e+05
   6.8489253e+05
   6.8530885e+05
   6.8953856e+05
   6.8999627e+05
   6.9044312e+05
   6.9112782e+05
   6.9172708e+05
   6.9251988e+05
   6.9304039e+05
   6.9348793e+05
   6.9407675e+05
   6.9547970e+05
   6.9642474e+05
   6.9711665e+05
   6.9847728e+05
   6.9889467e+05
   6.9938370e+05
   7.0025027e+05
   7.0063955e+05
   7.0138498e+05
   7.0215033e+05
   7.0295441e+05
   7.0349183e+05
   7.0391389e+05
   7.0435920e+05
   7.0509204e+05
   7.0609565e+05
   7.0660943e+05
   7.0860978e+05
   7.0902896e+05
   7.0984074e+05
   7.1024866e+05
   7.1081160e+05
   7.1132327e+05
   7.1198428e+05
   7.1253696e+05
   7.1319997e+05
   7.1389181e+05
   7.1442540e+05
   7.1518308e+05
   7.1564595e+05
   7.1659279e+05
   7.1802188e+05
   7.2052149e+05
   7.2088801e+05
   7.2149459e+05
   7.2201571e+05
   7.2252855e+05
   7.2331446e+05
   7.2378379e+05
   7.2459577e+05
   7.2505067e+05
   7.2556508e+05
   7.2693715e+05
   7.2781538e+05
   7.2850541e+05
   7.2929498e+05
   7.2996756e+05
   7.3043004e+05
   7.3114114e+05
   7.3167019e+05
   7.3208448e+05
   7.3265668e+05
   7.3310440e+05
   7.3362170e+05
   7.3437010e+05
   7.3674480e+05
   7.3728544e+05
   7.3778712e+05
   7.3833054e+05
   7.3936324e+05
   7.3984476e+05
   7.4031045e+05
   7.4119694e+05
   7.4229406e+05
   7.4297021e+05
   7.4357591e+05
   7.4425017e+05
   7.4492223e+05
   7.4599689e+05
   7.4641074e+05
   7.4679139e+05
   7.4799935e+05
   7.4856742e+05
   7.4908464e+05
   7.4966108e+05
   7.5006665e+05
   7.5074600e+05
   7.5117569e+05
   7.5163060e+05
   7.5230988e+05
   7.5300314e+05
   7.5337881e+05
   7.5396055e+05
   7.5589305e+05
   7.5654801e+05
   7.5737784e+05
   7.5799433e+05
   7.5840481e+05
   7.6064313e+05
   7.6107958e+05
   7.6543238e+05
   7.6642905e+05
   7.6753588e+05
   7.6799334e+05
   7.6856946e+05
   7.6915264e+05
   7.7022956e+05
   7.7079089e+05
   7.7132840e+05
   7.7266529e+05
   7.7325901e+05
   7.7397140e+05
   7.7470754e+05
   7.7571977e+05
   7.7615991e+05
   7.7728034e+05
   7.7782930e+05
   7.7857902e+05
   7.7913256e+05
   8.2043418e+05
   8.2081647e+05
   8.2162852e+05
   8.2225953e+05
   8.2292351e+05
   8.2350188e+05
   8.2387408e+05
   8.2462686e+05
   8.2516659e+05
   8.2579866e+05
   8.2657898e+05
   8.2754192e+05
   8.2802035e+05
   8.2865940e+05
   8.2960532e+05
   8.3040460e+05
   8.3112990e+05
   8.3162142e+05
   8.3251300e+05
   8.3292599e+05
   8.3355806e+05
   8.3396655e+05
   8.3465098e+05
   8.3535281e+05
   8.3615097e+05
   8.3652425e+05
   8.3712140e+05
   8.3810514e+05
   8.3864910e+05
   8.3931684e+05
   8.3978240e+05
   8.8051367e+05
   8.8097954e+05
   8.8131307e+05
   8.8178831e+05
   8.8243834e+05
   8.8282919e+05
   8.8374037e+05
   8.8423242e+05
   8.8474364e+05
   8.8525423e+05
   8.8574597e+05
   8.8610367e+05
   8.8932123e+05
   8.8972988e+05
   8.9031809e+05
   8.9088512e+05
   8.9151209e+05
   8.9202013e+05
   8.9266577e+05
   8.9315856e+05
   8.9355293e+05
   8.9444697e+05
   8.9517984e+05
   8.9555340e+05
   8.9621388e+05
   8.9696347e+05
   8.9748428e+05
   8.9827303e+05
   8.9875596e+05
   8.9934055e+05
   8.9972534e+05
   9.4188473e+05
   9.4232785e+05
   9.4302060e+05
   9.4354900e+05
   9.4413190e+05
   9.4495758e+05
   9.4540749e+05
   9.4631012e+05
   9.4685346e+05
   9.4746252e+05
   9.4806299e+05
   9.4870556e+05
   9.4919763e+05
   9.4974942e+05
   9.5025515e+05
   9.5087419e+05
   9.5145463e+05
   9.5185744e+05
   9.5251080e+05
   9.5282986e+05
   9.5334264e+05
   9.5382663e+05
   9.5461983e+05
   9.5517278e+05
   9.5593271e+05
   9.5654792e+05
   9.5721468e+05
   9.5786446e+05
   9.5818803e+05
   9.5891806e+05
   1.0005661e+06
   1.0009356e+06
   1.0013207e+06
   1.0016438e+06
   1.0021606e+06
   1.0028362e+06
   1.0037626e+06
   1.0046847e+06
   1.0051828e+06
   1.0056848e+06
   1.0077525e+06
   1.0087128e+06
   1.0092040e+06
   1.0099673e+06
   1.0104823e+06
   1.0108840e+06
   1.0113358e+06
   1.0119222e+06
   1.0123545e+06
   1.0129219e+06
   1.0133609e+06
   1.0139670e+06
   1.0146217e+06
   1.0151436e+06
   1.0158439e+06
   1.0161939e+06
   1.0166272e+06
   1.0176434e+06
   1.0182972e+06
   1.0186562e+06
   1.0191477e+06
   1.0195908e+06
   1.0607467e+06
   1.0611476e+06
   1.0620177e+06
   1.0626458e+06
   1.0642530e+06
   1.0649208e+06
   1.0652294e+06
   1.0674168e+06
   1.0680783e+06
   1.0686011e+06
   1.0693040e+06
   1.0696767e+06
   1.0702881e+06
   1.0708738e+06
   1.0713862e+06
   1.0724373e+06
   1.0743877e+06
   1.0747904e+06
   1.0752340e+06
   1.0756609e+06
   1.0772814e+06
   1.0777630e+06
   1.0782135e+06
   1.0786770e+06
   1.0794949e+06
   1.0799954e+06
   1.1205622e+06
   1.1210428e+06
   1.1215469e+06
   1.1224147e+06
   1.1231241e+06
   1.1235244e+06
   1.1240246e+06
   1.1247321e+06
   1.1254836e+06
   1.1260964e+06
   1.1267049e+06
   1.1273523e+06
   1.1278981e+06
   1.1285897e+06
   1.1293044e+06
   1.1296828e+06
   1.1301373e+06
   1.1319687e+06
   1.1323324e+06
   1.1329000e+06
   1.1337608e+06
   1.1351540e+06
   1.1358341e+06
   1.1361727e+06
   1.1365690e+06
   1.1373092e+06
   1.1377197e+06
   1.1382477e+06
   1.1390505e+06
   1.1811381e+06
   1.1815085e+06
   1.1820285e+06
   1.1825243e+06
   1.1829739e+06
   1.1834686e+06
   1.1838772e+06
   1.1843736e+06
   1.1864474e+06
   1.1869393e+06
   1.1876037e+06
   1.1880721e+06
   1.1885803e+06
   1.1893476e+06
   1.1898821e+06
   1.1910695e+06
   1.1915657e+06
   1.1920017e+06
   1.1925236e+06
   1.1934981e+06
   1.1944635e+06
   1.1949394e+06
   1.1954727e+06
   1.1958547e+06
   1.1963158e+06
   1.1970103e+06
   1.1974055e+06
   1.1981287e+06
   1.1985751e+06
   1.1989466e+06
   1.1997299e+06
   1.2405658e+06
   1.2412160e+06
   1.2423203e+06
   1.2428163e+06
   1.2434188e+06
   1.2439013e+06
   1.2442919e+06
   1.2447919e+06
   1.2452905e+06
   1.2456840e+06
   1.2463186e+06
   1.2467305e+06
   1.2474672e+06
   1.2479300e+06
   1.2483973e+06
   1.2491677e+06
   1.2495313e+06
   1.2503467e+06
   1.2510760e+06
   1.2516703e+06
   1.2521923e+06
   1.2527791e+06
   1.2533312e+06
   1.2544197e+06
   1.2548862e+06
   1.2553629e+06
   1.2558782e+06
   1.2564054e+06
   1.2568904e+06
   1.2572780e+06
   1.2575840e+06
   1.2581917e+06
   1.2585538e+06
   1.2593416e+06
   1.2597938e+06
   1.3004051e+06
   1.3012668e+06
   1.3020059e+06
   1.3025977e+06
   1.3035303e+06
   1.3039082e+06
   1.3046693e+06
   1.3051441e+06
   1.3056986e+06
   1.3061563e+06
   1.3065998e+06
   1.3074711e+06
   1.3079926e+06
   1.3085701e+06
   1.3090420e+06
   1.3096188e+06
   1.3099777e+06
   1.3106151e+06
   1.3111295e+06
   1.3117388e+06
   1.3123977e+06
   1.3128330e+06
   1.3131937e+06
   1.3136845e+06
   1.3146407e+06
   1.3151214e+06
   1.3155266e+06
   1.3160921e+06
   1.3167318e+06
   1.3172961e+06
   1.3178839e+06
   1.3182711e+06
   1.3187613e+06
   1.3192240e+06
   1.3196717e+06
   1.3605384e+06
   1.3610527e+06
   1.3619083e+06
   1.3623411e+06
   1.3627735e+06
   1.3633070e+06
   1.3639748e+06
   1.3652307e+06
   1.3661021e+06
   1.3665914e+06
   1.3675192e+06
   1.3680298e+06
   1.3683997e+06
   1.3691183e+06
   1.3696695e+06
   1.3700309e+06
   1.3704443e+06
   1.3712725e+06
   1.3716170e+06
   1.3720595e+06
   1.3729230e+06
   1.3733217e+06
   1.3739190e+06
   1.3744545e+06
   1.3748454e+06
   1.3757551e+06
   1.3766425e+06
   1.3771810e+06
   1.3776090e+06
   1.3779797e+06
   1.3784258e+06
   1.3787729e+06
   1.3790300e+06
   1.3794428e+06
   1.3797443e+06
   1.4205582e+06
   1.4216815e+06
   1.4221802e+06
   1.4229436e+06
   1.4234215e+06
   1.4245871e+06
   1.4252111e+06
   1.4258509e+06
   1.4263100e+06
   1.4269778e+06
   1.4279245e+06
   1.4287842e+06
   1.4292612e+06
   1.4303829e+06
   1.4309599e+06
   1.4316443e+06
   1.4320144e+06
   1.4329421e+06
   1.4336372e+06
   1.4346198e+06
   1.4352955e+06
   1.4356913e+06
   1.4360491e+06
   1.4365803e+06
   1.4372065e+06
   1.4376584e+06
   1.4382195e+06
   1.4386400e+06
   1.4391443e+06
   1.4399138e+06
   1.4805734e+06
   1.4815739e+06
   1.4828806e+06
   1.4837294e+06
   1.4846208e+06
   1.4851995e+06
   1.4875301e+06
   1.4879813e+06
   1.4885403e+06
   1.4888722e+06
   1.4893750e+06
   1.4897849e+06
   1.4911864e+06
   1.4917579e+06
   1.4920492e+06
   1.4925409e+06
   1.4933277e+06
   1.4944985e+06
   1.4948375e+06
   1.4953093e+06
   1.4957388e+06
   1.4962540e+06
   1.4967530e+06
   1.4973094e+06
   1.4977836e+06
   1.4981334e+06
   1.4994449e+06
   1.4997921e+06
   1.5405267e+06
   1.5409856e+06
   1.5416202e+06
   1.5420863e+06
   1.5432291e+06
   1.5451078e+06
   1.5456464e+06
   1.5462551e+06
   1.5479555e+06
   1.5483718e+06
   1.5491488e+06
   1.5497089e+06
   1.5501720e+06
   1.5507790e+06
   1.5511373e+06
   1.5518152e+06
   1.5521828e+06
   1.5526372e+06
   1.5530423e+06
   1.5535537e+06
   1.5549856e+06
   1.5555972e+06
   1.5559987e+06
   1.5573694e+06
   1.5582155e+06
   1.5586793e+06
   1.5592181e+06
   1.5598614e+06
   1.6004329e+06
   1.6008233e+06
   1.6012329e+06
   1.6021448e+06
   1.6027527e+06
   1.6031149e+06
   1.6038050e+06
   1.6052266e+06
   1.6058835e+06
   1.6078461e+06
   1.6093122e+06
   1.6100096e+06
   1.6102902e+06
   1.6106824e+06
   1.6115294e+06
   1.6121463e+06
   1.6127384e+06
   1.6132400e+06
   1.6136238e+06
   1.6154407e+06
   1.6158789e+06
   1.6163603e+06
   1.6169859e+06
   1.6175081e+06
   1.6180814e+06
   1.6186102e+06
   1.6190221e+06
   1.6607321e+06
   1.6628276e+06
   1.6632370e+06
   1.6639602e+06
   1.6648929e+06
   1.6653502e+06
   1.6659441e+06
   1.6668156e+06
   1.6673356e+06
   1.6677084e+06
   1.6685534e+06
   1.6692613e+06
   1.6697177e+06
   1.6705048e+06
   1.6709260e+06
   1.6714034e+06
   1.6717781e+06
   1.6730043e+06
   1.6735429e+06
   1.6744577e+06
   1.6749687e+06
   1.6763394e+06
   1.6773338e+06
   1.6784884e+06
   1.7210121e+06
   1.7274822e+06
   1.7280647e+06
   1.7287651e+06
   1.7295362e+06
   1.7300923e+06
   1.7305625e+06
   1.7312282e+06
   1.7317091e+06
   1.7321458e+06
   1.7332362e+06
   1.7336361e+06
   1.7345078e+06
   1.7356068e+06
   1.7363192e+06
   1.7367965e+06
   1.7377212e+06
   1.7385195e+06
   1.7389943e+06
   1.7395111e+06
   1.7803857e+06
   1.7807992e+06
   1.7814313e+06
   1.7823219e+06
   1.7828269e+06
   1.7832928e+06
   1.7847514e+06
   1.7854166e+06
   1.7861283e+06
   1.7868836e+06
   1.7877522e+06
   1.7886474e+06
   1.7892267e+06
   1.7896698e+06
   1.7903111e+06
   1.7906237e+06
   1.7910677e+06
   1.7915283e+06
   1.7924313e+06
   1.7929386e+06
   1.7933251e+06
   1.7944145e+06
   1.7951052e+06
   1.7957546e+06
   1.7961921e+06
   1.7966000e+06
   1.7969296e+06
   1.7974515e+06
   1.7994834e+06
   1.8404070e+06
   1.8410261e+06
   1.8420906e+06
   1.8432328e+06
   1.8438979e+06
   1.8443918e+06
   1.8448763e+06
   1.8453487e+06
   1.8457666e+06
   1.8463445e+06
   1.8467330e+06
   1.8474430e+06
   1.8483976e+06
   1.8498575e+06
   1.8506691e+06
   1.8521143e+06
   1.8532368e+06
   1.8547004e+06
   1.8551741e+06
   1.8556230e+06
   1.8563961e+06
   1.8570308e+06
   1.8577795e+06
   1.8585803e+06
   1.8591889e+06
   1.9005157e+06
   1.9013799e+06
   1.9018371e+06
   1.9024716e+06
   1.9031731e+06
   1.9035804e+06
   1.9042467e+06
   1.9046466e+06
   1.9052197e+06
   1.9057250e+06
   1.9062508e+06
   1.9077136e+06
   1.9086518e+06
   1.9091551e+06
   1.9095397e+06
   1.9099293e+06
   1.9105224e+06
   1.9110016e+06
   1.9114907e+06
   1.9120495e+06
   1.9124628e+06
   1.9132796e+06
   1.9139271e+06
   1.9146216e+06
   1.9153084e+06
   1.9160387e+06
   1.9167068e+06
   1.9171575e+06
   1.9175791e+06
   1.9181011e+06
   1.9184919e+06
   1.9188540e+06
   1.9191918e+06
   6.0777292e+04
   6.2609712e+04
   6.3250630e+04
   6.6552860e+04
   6.7130775e+04
   6.7991701e+04
   6.8437334e+04
   6.9831034e+04
   7.1331406e+04
   7.1843469e+04
   7.2479734e+04
   7.3005104e+04
   7.7577922e+04
   7.8876617e+04
   7.9383358e+04
   8.0267721e+04
   8.0894016e+04
   8.1559455e+04
   8.2530038e+04
   8.3183648e+04
   8.4848407e+04
   8.5659763e+04
   8.6146761e+04
   8.6773623e+04
   8.7918993e+04
   8.8307219e+04
   8.8945188e+04
   8.9529354e+04
   9.0855153e+04
   9.2943837e+04
   9.3616424e+04
   9.5683753e+04
   9.6073813e+04
   9.6955487e+04
   9.7407516e+04
   9.7771590e+04
   9.8240830e+04
   9.9070868e+04
   9.9640783e+04
   1.2114388e+05
   1.2163386e+05
   1.2242083e+05
   1.2529069e+05
   1.2575121e+05
   1.2642222e+05
   1.2773770e+05
   1.2837352e+05
   1.2885364e+05
   1.2951460e+05
   1.3001860e+05
   1.3045039e+05
   1.3115022e+05
   1.3202039e+05
   1.3255609e+05
   1.3311758e+05
   1.3366419e+05
   1.3455351e+05
   1.3505584e+05
   1.3557541e+05
   1.3606616e+05
   1.3644925e+05
   1.3684019e+05
   1.3764468e+05
   1.3845322e+05
   1.3891861e+05
   1.3949773e+05
   1.4073168e+05
   1.4120598e+05
   1.4192958e+05
   1.4260766e+05
   1.4338188e+05
   1.4466563e+05
   1.4547851e+05
   1.4605545e+05
   1.4723546e+05
   1.4778847e+05
   1.4858333e+05
   1.4920854e+05
   1.4993701e+05
   1.5066256e+05
   1.5116176e+05
   1.5181195e+05
   1.5223492e+05
   1.5274229e+05
   1.5334687e+05
   1.5400992e+05
   1.5554556e+05
   1.5679149e+05
   1.5738149e+05
   1.8054955e+05
   1.8130735e+05
   1.8327802e+05
   1.8441818e+05
   1.8526378e+05
   1.8565337e+05
   1.8615398e+05
   1.8697047e+05
   1.8769966e+05
   1.8822320e+05
   1.8880306e+05
   1.8966991e+05
   1.9005566e+05
   1.9053785e+05
   1.9156893e+05
   1.9264754e+05
   1.9371003e+05
   1.9452710e+05
   1.9512324e+05
   1.9650025e+05
   1.9722378e+05
   1.9795004e+05
   1.9855025e+05
   1.9941976e+05
   1.9992313e+05
   2.0058065e+05
   2.0102503e+05
   2.0154237e+05
   2.0232412e+05
   2.0306883e+05
   2.0364424e+05
   2.0430782e+05
   2.0468403e+05
   2.0515919e+05
   2.0584888e+05
   2.0654831e+05
   2.0709111e+05
   2.0767551e+05
   2.0815692e+05
   2.0853525e+05
   2.0908863e+05
   2.0949462e+05
   2.1004364e+05
   2.1075457e+05
   2.1116072e+05
   2.1212437e+05
   2.1341254e+05
   2.1396375e+05
   2.1517851e+05
   2.1598991e+05
   2.1651000e+05
   2.1708720e+05
   2.1830622e+05
   2.1887900e+05
   2.1933400e+05
   2.1986745e+05
   2.4165409e+05
   2.4211625e+05
   2.4255081e+05
   2.4298869e+05
   2.6237943e+05
   2.6288884e+05
   2.6348110e+05
   2.6406702e+05
   2.6536641e+05
   2.6586035e+05
   2.6639634e+05
   2.6707208e+05
   2.6800476e+05
   2.6862332e+05
   2.6918169e+05
   2.6974205e+05
   2.7036155e+05
   2.7083785e+05
   2.7136604e+05
   2.7258762e+05
   2.7331087e+05
   2.7393600e+05
   2.7466302e+05
   2.7532327e+05
   2.7584404e+05
   2.7689641e+05
   2.7759680e+05
   2.7817993e+05
   2.7885453e+05
   2.7966972e+05
   3.0056991e+05
   3.0100993e+05
   3.0149729e+05
   3.0228319e+05
   3.0385110e+05
   3.0451634e+05
   3.0531915e+05
   3.0603411e+05
   3.0668776e+05
   3.0724640e+05
   3.0787359e+05
   3.0842159e+05
   3.0891081e+05
   3.1011307e+05
   3.1052916e+05
   3.1123385e+05
   3.1170923e+05
   3.1257289e+05
   3.1337441e+05
   3.1408918e+05
   3.1487887e+05
   3.1520154e+05
   3.1567350e+05
   3.1635547e+05
   3.1669554e+05
   3.1721680e+05
   3.1850396e+05
   3.1923327e+05
   3.1957232e+05
   3.2015945e+05
   3.2086872e+05
   3.2307632e+05
   3.2358432e+05
   3.2475119e+05
   3.2567615e+05
   3.2636850e+05
   3.2691500e+05
   3.2780219e+05
   3.2867993e+05
   3.2912903e+05
   3.2959118e+05
   3.3009470e+05
   3.3109300e+05
   3.3157986e+05
   3.3204911e+05
   3.3265203e+05
   3.3342985e+05
   3.3502086e+05
   3.3602296e+05
   3.3736600e+05
   3.3995449e+05
   3.6076115e+05
   3.6169475e+05
   3.6236060e+05
   3.6287463e+05
   3.6353638e+05
   3.6421493e+05
   3.6551164e+05
   3.6587950e+05
   3.6655705e+05
   3.6752457e+05
   3.6796992e+05
   3.6844868e+05
   3.6893875e+05
   3.7083331e+05
   3.7148778e+05
   3.7211513e+05
   3.7345778e+05
   3.7396014e+05
   3.7458010e+05
   3.7515714e+05
   3.7606730e+05
   3.7643611e+05
   3.7711439e+05
   3.7766710e+05
   3.7810900e+05
   3.7867173e+05
   3.7912752e+05
   3.7964387e+05
   3.8035828e+05
   3.8090831e+05
   3.8211232e+05
   3.8284015e+05
   3.8361583e+05
   3.8443415e+05
   3.8494610e+05
   3.8544193e+05
   3.8586481e+05
   3.8669635e+05
   3.8735221e+05
   3.8786073e+05
   3.8834078e+05
   3.8959662e+05
   3.9001912e+05
   3.9057877e+05
   3.9103889e+05
   3.9152174e+05
   3.9208916e+05
   3.9266712e+05
   3.9309375e+05
   3.9361099e+05
   3.9425934e+05
   3.9585935e+05
   3.9649966e+05
   3.9724154e+05
   4.2050308e+05
   4.2228104e+05
   4.2270665e+05
   4.2327733e+05
   4.2381387e+05
   4.2528344e+05
   4.2594623e+05
   4.2676642e+05
   4.2711718e+05
   4.2785291e+05
   4.2871695e+05
   4.2947190e+05
   4.2997894e+05
   4.3084924e+05
   4.3130399e+05
   4.3206480e+05
   4.3270373e+05
   4.3310579e+05
   4.3342987e+05
   4.3398786e+05
   4.3434671e+05
   4.3526198e+05
   4.3583071e+05
   4.3647605e+05
   4.3699299e+05
   4.3787959e+05
   4.3848813e+05
   4.3897956e+05
   4.4016981e+05
   4.4091692e+05
   4.4309200e+05
   4.4357393e+05
   4.4450249e+05
   4.4501672e+05
   4.4557934e+05
   4.4671943e+05
   4.4734430e+05
   4.4797820e+05
   4.4876234e+05
   4.4931123e+05
   4.5017323e+05
   4.5099899e+05
   4.5166655e+05
   4.5212456e+05
   4.5314807e+05
   4.5365467e+05
   4.5414140e+05
   4.5494642e+05
   4.5634061e+05
   4.5689381e+05
   4.5748721e+05
   4.5839523e+05
   4.5945314e+05
   4.8063801e+05
   4.8149499e+05
   4.8206628e+05
   4.8285035e+05
   4.8326877e+05
   4.8411583e+05
   4.8471636e+05
   4.8552284e+05
   4.8639990e+05
   4.8707959e+05
   4.8781753e+05
   4.8838817e+05
   4.8939374e+05
   4.9121261e+05
   4.9199476e+05
   4.9380303e+05
   4.9432395e+05
   4.9480208e+05
   4.9526470e+05
   4.9582800e+05
   4.9632795e+05
   4.9697473e+05
   4.9846616e+05
   5.0021457e+05
   5.0144406e+05
   5.0323042e+05
   5.0372416e+05
   5.0450195e+05
   5.0488745e+05
   5.0525501e+05
   5.0579141e+05
   5.0621090e+05
   5.0687550e+05
   5.0730097e+05
   5.0779768e+05
   5.0842690e+05
   5.0890412e+05
   5.0944375e+05
   5.1008334e+05
   5.1097728e+05
   5.1162242e+05
   5.1237153e+05
   5.1472897e+05
   5.1533111e+05
   5.1665048e+05
   5.1725176e+05
   5.1772987e+05
   5.1843783e+05
   5.1905701e+05
   5.1988530e+05
   5.4202749e+05
   5.4249266e+05
   5.4319374e+05
   5.4453221e+05
   5.4529276e+05
   5.4578184e+05
   5.4626959e+05
   5.4904511e+05
   5.4973490e+05
   5.5080282e+05
   5.5174948e+05
   5.5223695e+05
   5.5277067e+05
   5.5348420e+05
   5.5402694e+05
   5.5462922e+05
   5.5529978e+05
   5.5581532e+05
   5.5674378e+05
   5.5730335e+05
   5.5788550e+05
   5.5858750e+05
   5.6016211e+05
   5.6084052e+05
   5.6195374e+05
   5.6267842e+05
   5.6325277e+05
   5.6391601e+05
   5.6603183e+05
   5.6736618e+05
   5.6771055e+05
   5.6817008e+05
   5.6869424e+05
   5.6959489e+05
   5.7035427e+05
   5.7090875e+05
   5.7156412e+05
   5.7251423e+05
   5.7307415e+05
   5.7347463e+05
   5.7391007e+05
   5.7499471e+05
   5.7565310e+05
   7.8051954e+05
   7.8113149e+05
   7.8218089e+05
   7.8262222e+05
   7.8357025e+05
   7.8473196e+05
   7.8509633e+05
   7.8558380e+05
   7.8645282e+05
   7.8695948e+05
   7.8758129e+05
   7.8834710e+05
   7.8877639e+05
   7.8988621e+05
   7.9040939e+05
   7.9103918e+05
   7.9142183e+05
   7.9192687e+05
   7.9231950e+05
   7.9308875e+05
   7.9361212e+05
   7.9407619e+05
   7.9507456e+05
   7.9562723e+05
   7.9638104e+05
   7.9694957e+05
   7.9737214e+05
   7.9777221e+05
   7.9867125e+05
   7.9957420e+05
   8.0039269e+05
   8.0089709e+05
   8.0237507e+05
   8.0362477e+05
   8.0411106e+05
   8.0486228e+05
   8.0540883e+05
   8.0570309e+05
   8.0667263e+05
   8.0717671e+05
   8.0761810e+05
   8.0845926e+05
   8.0916757e+05
   8.0972589e+05
   8.1066754e+05
   8.1122049e+05
   8.1202950e+05
   8.1254387e+05
   8.1332407e+05
   8.1382933e+05
   8.1457274e+05
   8.1788652e+05
   8.1870003e+05
   8.1920254e+05
   8.4048164e+05
   8.4079785e+05
   8.4132498e+05
   8.4184741e+05
   8.4233407e+05
   8.4281039e+05
   8.4328586e+05
   8.4372783e+05
   8.4427581e+05
   8.4508872e+05
   8.4593285e+05
   8.4654473e+05
   8.4715908e+05
   8.4796323e+05
   8.4840929e+05
   8.4935693e+05
   8.5046502e+05
   8.5108799e+05
   8.5243938e+05
   8.5391553e+05
   8.5450607e+05
   8.5529913e+05
   8.5592608e+05
   8.5646171e+05
   8.5746483e+05
   8.5916253e+05
   8.5960623e+05
   8.6023809e+05
   8.6084463e+05
   8.6172317e+05
   8.6213780e+05
   8.6293166e+05
   8.6340552e+05
   8.6448485e+05
   8.6508249e+05
   8.6554926e+05
   8.6601770e+05
   8.6712917e+05
   8.6772649e+05
   8.6825189e+05
   8.6876593e+05
   8.6910696e+05
   8.6969006e+05
   8.7004454e+05
   8.7054083e+05
   8.7173469e+05
   8.7240182e+05
   8.7339169e+05
   8.7421611e+05
   8.7567088e+05
   8.7646563e+05
   8.7696544e+05
   8.7734944e+05
   8.7797463e+05
   8.7866676e+05
   8.7938679e+05
   8.7982733e+05
   9.0103085e+05
   9.0147697e+05
   9.0265265e+05
   9.0303734e+05
   9.0347429e+05
   9.0397674e+05
   9.0470354e+05
   9.0548234e+05
   9.0612087e+05
   9.0668195e+05
   9.0727132e+05
   9.0830448e+05
   9.0890747e+05
   9.0946293e+05
   9.1043088e+05
   9.1122466e+05
   9.1196648e+05
   9.1240909e+05
   9.1317797e+05
   9.1357278e+05
   9.1422883e+05
   9.1460236e+05
   9.1508789e+05
   9.1580473e+05
   9.1753286e+05
   9.1828951e+05
   9.1909024e+05
   9.1959144e+05
   9.2085057e+05
   9.2192086e+05
   9.2282941e+05
   9.2326768e+05
   9.2392332e+05
   9.2484332e+05
   9.2534809e+05
   9.2622251e+05
   9.2669311e+05
   9.2723777e+05
   9.2786305e+05
   9.2847843e+05
   9.2898562e+05
   9.2950942e+05
   9.3031197e+05
   9.3079868e+05
   9.3143487e+05
   9.3205830e+05
   9.3288988e+05
   9.3375979e+05
   9.3429213e+05
   9.3489228e+05
   9.3540979e+05
   9.3601728e+05
   9.3720889e+05
   9.3777843e+05
   9.3856955e+05
   9.3961847e+05
   9.6094241e+05
   9.6159816e+05
   9.6202750e+05
   9.6284241e+05
   9.6487426e+05
   9.6548074e+05
   9.6594589e+05
   9.6640717e+05
   9.6681466e+05
   9.6731252e+05
   9.6824375e+05
   9.6917633e+05
   9.6973494e+05
   9.7105207e+05
   9.7196992e+05
   9.7254980e+05
   9.7406809e+05
   9.7461326e+05
   9.7532947e+05
   9.7598115e+05
   9.7663340e+05
   9.7700476e+05
   9.7803044e+05
   9.7865578e+05
   9.7931672e+05
   9.8005113e+05
   9.8043484e+05
   9.8106699e+05
   9.8142302e+05
   9.8177584e+05
   9.8224187e+05
   9.8297288e+05
   9.8402459e+05
   9.8498833e+05
   9.8581036e+05
   9.8638886e+05
   9.8720264e+05
   9.8804916e+05
   9.8868329e+05
   9.8916135e+05
   9.8964667e+05
   9.9032289e+05
   9.9081689e+05
   9.9144416e+05
   9.9213938e+05
   9.9261961e+05
   9.9312195e+05
   9.9445495e+05
   9.9481426e+05
   9.9533401e+05
   9.9625930e+05
   9.9695419e+05
   9.9738686e+05
   9.9879538e+05
   9.9951619e+05
   1.0206557e+06
   1.0211755e+06
   1.0218683e+06
   1.0228446e+06
   1.0233987e+06
   1.0239488e+06
   1.0245017e+06
   1.0249392e+06
   1.0257719e+06
   1.0260891e+06
   1.0265723e+06
   1.0271501e+06
   1.0275866e+06
   1.0280480e+06
   1.0284977e+06
   1.0293390e+06
   1.0311801e+06
   1.0316249e+06
   1.0323252e+06
   1.0327076e+06
   1.0332326e+06
   1.0413406e+06
   1.0419297e+06
   1.0422968e+06
   1.0427516e+06
   1.0436872e+06
   1.0444243e+06
   1.0450003e+06
   1.0453304e+06
   1.0456960e+06
   1.0463306e+06
   1.0475709e+06
   1.0481616e+06
   1.0485525e+06
   1.0519461e+06
   1.0524971e+06
   1.0530003e+06
   1.0536541e+06
   1.0562846e+06
   1.0569055e+06
   1.0574560e+06
   1.0581121e+06
   1.0584129e+06
   1.0807340e+06
   1.0821442e+06
   1.0825621e+06
   1.0831351e+06
   1.0837473e+06
   1.0842165e+06
   1.0853840e+06
   1.0858897e+06
   1.0864410e+06
   1.0872451e+06
   1.0879609e+06
   1.0884311e+06
   1.0889940e+06
   1.0894480e+06
   1.0900001e+06
   1.0905015e+06
   1.0910555e+06
   1.0916490e+06
   1.0924502e+06
   1.0929573e+06
   1.0933829e+06
   1.0939515e+06
   1.0950404e+06
   1.0960484e+06
   1.0963637e+06
   1.0970194e+06
   1.0975528e+06
   1.0982736e+06
   1.0988369e+06
   1.0992914e+06
   1.0998643e+06
   1.1002770e+06
   1.1016062e+06
   1.1020796e+06
   1.1028585e+06
   1.1034134e+06
   1.1040011e+06
   1.1044832e+06
   1.1052649e+06
   1.1059705e+06
   1.1064081e+06
   1.1069899e+06
   1.1073813e+06
   1.1080563e+06
   1.1086024e+06
   1.1089855e+06
   1.1094508e+06
   1.1098526e+06
   1.1103801e+06
   1.1109285e+06
   1.1119322e+06
   1.1123745e+06
   1.1133073e+06
   1.1138333e+06
   1.1144948e+06
   1.1151493e+06
   1.1156497e+06
   1.1159972e+06
   1.1169046e+06
   1.1174420e+06
   1.1179326e+06
   1.1184987e+06
   1.1197296e+06
   1.1405412e+06
   1.1410307e+06
   1.1413392e+06
   1.1421266e+06
   1.1427063e+06
   1.1436438e+06
   1.1446536e+06
   1.1451334e+06
   1.1461749e+06
   1.1467587e+06
   1.1474931e+06
   1.1478563e+06
   1.1486268e+06
   1.1491794e+06
   1.1508351e+06
   1.1515995e+06
   1.1523717e+06
   1.1530191e+06
   1.1533587e+06
   1.1539027e+06
   1.1543498e+06
   1.1551410e+06
   1.1556511e+06
   1.1560865e+06
   1.1567603e+06
   1.1573375e+06
   1.1578548e+06
   1.1586733e+06
   1.1593300e+06
   1.1597709e+06
   1.1601319e+06
   1.1606474e+06
   1.1610506e+06
   1.1618077e+06
   1.1624286e+06
   1.1629987e+06
   1.1634615e+06
   1.1643808e+06
   1.1651759e+06
   1.1657083e+06
   1.1663192e+06
   1.1669204e+06
   1.1674331e+06
   1.1703892e+06
   1.1710916e+06
   1.1715978e+06
   1.1734595e+06
   1.1742784e+06
   1.1750524e+06
   1.1755322e+06
   1.1765471e+06
   1.1770713e+06
   1.1776480e+06
   1.1782518e+06
   1.1788291e+06
   1.1799875e+06
   1.2007681e+06
   1.2023996e+06
   1.2027996e+06
   1.2037693e+06
   1.2042602e+06
   1.2046528e+06
   1.2055903e+06
   1.2062517e+06
   1.2066573e+06
   1.2074705e+06
   1.2080382e+06
   1.2089655e+06
   1.2094338e+06
   1.2100453e+06
   1.2105651e+06
   1.2111862e+06
   1.2121848e+06
   1.2136847e+06
   1.2139968e+06
   1.2144647e+06
   1.2151430e+06
   1.2159011e+06
   1.2163597e+06
   1.2169435e+06
   1.2176853e+06
   1.2201870e+06
   1.2209158e+06
   1.2212798e+06
   1.2221426e+06
   1.2225855e+06
   1.2231991e+06
   1.2239048e+06
   1.2244257e+06
   1.2249985e+06
   1.2255798e+06
   1.2263221e+06
   1.2272436e+06
   1.2279700e+06
   1.2285404e+06
   1.2603902e+06
   1.2613105e+06
   1.2620253e+06
   1.2628744e+06
   1.2638467e+06
   1.2648415e+06
   1.2654386e+06
   1.2663709e+06
   1.2668927e+06
   1.2677740e+06
   1.2684180e+06
   1.2690658e+06
   1.2693319e+06
   1.2697517e+06
   1.2704308e+06
   1.2716018e+06
   1.2722540e+06
   1.2729105e+06
   1.2747383e+06
   1.2752409e+06
   1.2764619e+06
   1.2770823e+06
   1.2777444e+06
   1.2783603e+06
   1.2787486e+06
   1.2791810e+06
   1.2798547e+06
   1.2802968e+06
   1.2812557e+06
   1.2818764e+06
   1.2826157e+06
   1.2829597e+06
   1.2834449e+06
   1.2841446e+06
   1.2846020e+06
   1.2853980e+06
   1.2858268e+06
   1.2862481e+06
   1.2871637e+06
   1.2881038e+06
   1.2899604e+06
   1.2906224e+06
   1.2924907e+06
   1.2933645e+06
   1.2942183e+06
   1.2953067e+06
   1.2963018e+06
   1.2967667e+06
   1.2973166e+06
   1.2979019e+06
   1.2987523e+06
   1.2993093e+06
   1.2997046e+06
   1.3209065e+06
   1.3226463e+06
   1.3232250e+06
   1.3251181e+06
   1.3259537e+06
   1.3263140e+06
   1.3268754e+06
   1.3273069e+06
   1.3278929e+06
   1.3283885e+06
   1.3307503e+06
   1.3313642e+06
   1.3317807e+06
   1.3327468e+06
   1.3331833e+06
   1.3342397e+06
   1.3350062e+06
   1.3356168e+06
   1.3364182e+06
   1.3375016e+06
   1.3379907e+06
   1.3386348e+06
   1.3390998e+06
   1.3394723e+06
   1.3401746e+06
   1.3407329e+06
   1.3414342e+06
   1.3418930e+06
   1.3424367e+06
   1.3429032e+06
   1.3436195e+06
   1.3442436e+06
   1.3447098e+06
   1.3452463e+06
   1.3456459e+06
   1.3461153e+06
   1.3471344e+06
   1.3484585e+06
   1.3492507e+06
   1.3498647e+06
   1.3505718e+06
   1.3512009e+06
   1.3520436e+06
   1.3530202e+06
   1.3535725e+06
   1.3541315e+06
   1.3544594e+06
   1.3807827e+06
   1.3818008e+06
   1.3822680e+06
   1.3828196e+06
   1.3834512e+06
   1.3844803e+06
   1.3851074e+06
   1.3856495e+06
   1.3862704e+06
   1.3868898e+06
   1.3873009e+06
   1.3880935e+06
   1.3890632e+06
   1.3901542e+06
   1.3915480e+06
   1.3920628e+06
   1.3929535e+06
   1.3934004e+06
   1.3939298e+06
   1.3944221e+06
   1.3952659e+06
   1.3972550e+06
   1.3980161e+06
   1.3986952e+06
   1.3993224e+06
   1.3998197e+06
   1.4010924e+06
   1.4015694e+06
   1.4019901e+06
   1.4024595e+06
   1.4029538e+06
   1.4035703e+06
   1.4043808e+06
   1.4066762e+06
   1.4080075e+06
   1.4083967e+06
   1.4089015e+06
   1.4096390e+06
   1.4100571e+06
   1.4106782e+06
   1.4115683e+06
   1.4122150e+06
   1.4130753e+06
   1.4135885e+06
   1.4142970e+06
   1.4147458e+06
   1.4155002e+06
   1.4162260e+06
   1.4168718e+06
   1.4175089e+06
   1.4180967e+06
   1.4191282e+06
   1.4403241e+06
   1.4411266e+06
   1.4414983e+06
   1.4422025e+06
   1.4429582e+06
   1.4435767e+06
   1.4439999e+06
   1.4445375e+06
   1.4450862e+06
   1.4454952e+06
   1.4462399e+06
   1.4474822e+06
   1.4481529e+06
   1.4488221e+06
   1.4494093e+06
   1.4500038e+06
   1.4505484e+06
   1.4511030e+06
   1.4519058e+06
   1.4524299e+06
   1.4533631e+06
   1.4540128e+06
   1.4549605e+06
   1.4556625e+06
   1.4565374e+06
   1.4585043e+06
   1.4593904e+06
   1.4597021e+06
   1.4607982e+06
   1.4611851e+06
   1.4628711e+06
   1.4635339e+06
   1.4639451e+06
   1.4645455e+06
   1.4656061e+06
   1.4662567e+06
   1.4668739e+06
   1.4673855e+06
   1.4678247e+06
   1.4682645e+06
   1.4688403e+06
   1.4692824e+06
   1.4696859e+06
   1.4705053e+06
   1.4709937e+06
   1.4715327e+06
   1.4724265e+06
   1.4729013e+06
   1.4733683e+06
   1.4737521e+06
   1.4778327e+06
   1.4785789e+06
   1.4793162e+06
   1.5006589e+06
   1.5012861e+06
   1.5018746e+06
   1.5029615e+06
   1.5035796e+06
   1.5043045e+06
   1.5047234e+06
   1.5053741e+06
   1.5060185e+06
   1.5073226e+06
   1.5077589e+06
   1.5082395e+06
   1.5089851e+06
   1.5095663e+06
   1.5106653e+06
   1.5115277e+06
   1.5118996e+06
   1.5126994e+06
   1.5131576e+06
   1.5138522e+06
   1.5145159e+06
   1.5148774e+06
   1.5154375e+06
   1.5159780e+06
   1.5163747e+06
   1.5172598e+06
   1.5176801e+06
   1.5186060e+06
   1.5190926e+06
   1.5196614e+06
   1.5200458e+06
   1.5203870e+06
   1.5210853e+06
   1.5217291e+06
   1.5222244e+06
   1.5227758e+06
   1.5233219e+06
   1.5238574e+06
   1.5244789e+06
   1.5252089e+06
   1.5258559e+06
   1.5262918e+06
   1.5267338e+06
   1.5271984e+06
   1.5279694e+06
   1.5285201e+06
   1.5298649e+06
   1.5304629e+06
   1.5311760e+06
   1.5316645e+06
   1.5322229e+06
   1.5327944e+06
   1.5331839e+06
   1.5336581e+06
   1.5342587e+06
   1.5347817e+06
   1.5356431e+06
   1.5364210e+06
   1.5614363e+06
   1.5618650e+06
   1.5626031e+06
   1.5631886e+06
   1.5642341e+06
   1.5650790e+06
   1.5661450e+06
   1.5679018e+06
   1.5686478e+06
   1.5695580e+06
   1.5704560e+06
   1.5729257e+06
   1.5735442e+06
   1.5740709e+06
   1.5744803e+06
   1.5752539e+06
   1.5761664e+06
   1.5771001e+06
   1.5777073e+06
   1.5782247e+06
   1.5790359e+06
   1.5800201e+06
   1.5806073e+06
   1.5820552e+06
   1.5827409e+06
   1.5831144e+06
   1.5836165e+06
   1.5841209e+06
   1.5913576e+06
   1.5920688e+06
   1.5928079e+06
   1.5935102e+06
   1.5953964e+06
   1.5965710e+06
   1.5970696e+06
   1.5975268e+06
   1.5987767e+06
   1.5992439e+06
   1.5995661e+06
   1.6206675e+06
   1.6213609e+06
   1.6220559e+06
   1.6225974e+06
   1.6232158e+06
   1.6239625e+06
   1.6244092e+06
   1.6274055e+06
   1.6280575e+06
   1.6293127e+06
   1.6299124e+06
   1.6303598e+06
   1.6310948e+06
   1.6321384e+06
   1.6325582e+06
   1.6331763e+06
   1.6336237e+06
   1.6342146e+06
   1.6348531e+06
   1.6357431e+06
   1.6361153e+06
   1.6367327e+06
   1.6376074e+06
   1.6382541e+06
   1.6386910e+06
   1.6393882e+06
   1.6400154e+06
   1.6411125e+06
   1.6437495e+06
   1.6443635e+06
   1.6451330e+06
   1.6458568e+06
   1.6465160e+06
   1.6470456e+06
   1.6476482e+06
   1.6485854e+06
   1.6496562e+06
   1.6501102e+06
   1.6506587e+06
   1.6514038e+06
   1.6518612e+06
   1.6525243e+06
   1.6531776e+06
   1.6537500e+06
   1.6545402e+06
   1.6553736e+06
   1.6564533e+06
   1.6576617e+06
   1.6586716e+06
   1.6592609e+06
   1.6810211e+06
   1.6823274e+06
   1.6831680e+06
   1.6837475e+06
   1.6841077e+06
   1.6847421e+06
   1.6851775e+06
   1.6860854e+06
   1.6866699e+06
   1.6881328e+06
   1.6886341e+06
   1.6891712e+06
   1.6917016e+06
   1.6931730e+06
   1.6936247e+06
   1.6940297e+06
   1.6945229e+06
   1.6952395e+06
   1.6956862e+06
   1.6963401e+06
   1.6967712e+06
   1.6974170e+06
   1.6988307e+06
   1.6995584e+06
   1.7000398e+06
   1.7006879e+06
   1.7013356e+06
   1.7028709e+06
   1.7043128e+06
   1.7050066e+06
   1.7063279e+06
   1.7068804e+06
   1.7073967e+06
   1.7078774e+06
   1.7086577e+06
   1.7091508e+06
   1.7100341e+06
   1.7103950e+06
   1.7110353e+06
   1.7118791e+06
   1.7124114e+06
   1.7129119e+06
   1.7136624e+06
   1.7141570e+06
   1.7148951e+06
   1.7153535e+06
   1.7158934e+06
   1.7166124e+06
   1.7174721e+06
   1.7180185e+06
   1.7183466e+06
   1.7190452e+06
   1.7403336e+06
   1.7411048e+06
   1.7416715e+06
   1.7424689e+06
   1.7430920e+06
   1.7435249e+06
   1.7439516e+06
   1.7444544e+06
   1.7449496e+06
   1.7459840e+06
   1.7465795e+06
   1.7472794e+06
   1.7476956e+06
   1.7484185e+06
   1.7488319e+06
   1.7494550e+06
   1.7500115e+06
   1.7507661e+06
   1.7512153e+06
   1.7516957e+06
   1.7523967e+06
   1.7536421e+06
   1.7545618e+06
   1.7558767e+06
   1.7563650e+06
   1.7568098e+06
   1.7578046e+06
   1.7583626e+06
   1.7587952e+06
   1.7598510e+06
   1.7604543e+06
   1.7609625e+06
   1.7615335e+06
   1.7619500e+06
   1.7625461e+06
   1.7634737e+06
   1.7644089e+06
   1.7650016e+06
   1.7655818e+06
   1.7661744e+06
   1.7666880e+06
   1.7671277e+06
   1.7677083e+06
   1.7682618e+06
   1.7689200e+06
   1.7698073e+06
   1.7716394e+06
   1.7721340e+06
   1.7729260e+06
   1.7738031e+06
   1.7748438e+06
   1.7754197e+06
   1.7761461e+06
   1.7770849e+06
   1.7776574e+06
   1.7784129e+06
   1.7790995e+06
   1.7796760e+06
   1.8007492e+06
   1.8015094e+06
   1.8022052e+06
   1.8027709e+06
   1.8031888e+06
   1.8038516e+06
   1.8042009e+06
   1.8069073e+06
   1.8075179e+06
   1.8079628e+06
   1.8084311e+06
   1.8089138e+06
   1.8095453e+06
   1.8099575e+06
   1.8103915e+06
   1.8110047e+06
   1.8114929e+06
   1.8119030e+06
   1.8126564e+06
   1.8130111e+06
   1.8134007e+06
   1.8144290e+06
   1.8149503e+06
   1.8156988e+06
   1.8163266e+06
   1.8177099e+06
   1.8186142e+06
   1.8192782e+06
   1.8200685e+06
   1.8207219e+06
   1.8218051e+06
   1.8225391e+06
   1.8231189e+06
   1.8237342e+06
   1.8243834e+06
   1.8253861e+06
   1.8257566e+06
   1.8263084e+06
   1.8267395e+06
   1.8275032e+06
   1.8280808e+06
   1.8289267e+06
   1.8295943e+06
   1.8305290e+06
   1.8308706e+06
   1.8312514e+06
   1.8316894e+06
   1.8323093e+06
   1.8329920e+06
   1.8334729e+06
   1.8341629e+06
   1.8346652e+06
   1.8354274e+06
   1.8360466e+06
   1.8373704e+06
   1.8383282e+06
   1.8388488e+06
   1.8395908e+06
   1.8605884e+06
   1.8610546e+06
   1.8620309e+06
   1.8627422e+06
   1.8633179e+06
   1.8649378e+06
   1.8657510e+06
   1.8672465e+06
   1.8681497e+06
   1.8686270e+06
   1.8699370e+06
   1.8705537e+06
   1.8709931e+06
   1.8718041e+06
   1.8728773e+06
   1.8733576e+06
   1.8740387e+06
   1.8747114e+06
   1.8756529e+06
   1.8760580e+06
   1.8765326e+06
   1.8776801e+06
   1.8785298e+06
   1.8798976e+06
   1.8805528e+06
   1.8813742e+06
   1.8820248e+06
   1.8829324e+06
   1.8834901e+06
   1.8839630e+06
   1.8847109e+06
   1.8854713e+06
   1.8859318e+06
   1.8865047e+06
   1.8873956e+06
   1.8878032e+06
   1.8882912e+06
   1.8889766e+06
   1.8907312e+06
   1.8916630e+06
   1.8933812e+06
   1.8938213e+06
   1.8944760e+06
   1.8953274e+06
   1.8959729e+06
   1.8968253e+06
   1.8973276e+06
   1.8978008e+06
   1.8986747e+06
   1.8993709e+06
   1.8992515e+06
   1.8997598e+06
   1.8870653e+06
   1.8876197e+06
   1.8880588e+06
   1.8890768e+06
   1.8895794e+06
   1.8904704e+06
   1.8909453e+06
   1.8915717e+06
   1.8920655e+06
   1.8925208e+06
   1.8935567e+06
   1.8942214e+06
   1.8948751e+06
   1.8952941e+06
   1.8958586e+06
   1.8968779e+06
   1.8976112e+06
   1.8980781e+06
   1.8990786e+06
   1.8999642e+06
   1.8929295e+06
   1.8933550e+06
   1.8941007e+06
   1.8949676e+06
   1.8955801e+06
   1.8964951e+06
   1.8971269e+06
   1.8977853e+06
   1.8985355e+06
   1.8991428e+06
   1.8999029e+06
