   1.4979533e+03
   4.6290802e+03
   5.8754680e+03
   7.1432461e+03
   9.1850935e+03
   1.1427720e+04
   1.2694918e+04
   1.4295531e+04
   1.5611282e+04
   1.7396927e+04
   1.9505109e+04
   2.1228733e+04
   2.2681573e+04
   2.4249833e+04
   2.6303104e+04
   2.7650558e+04
   2.9458768e+04
   3.1842073e+04
   3.3001225e+04
   3.5306305e+04
   3.6707964e+04
   3.7956926e+04
   3.8993304e+04
   4.0659946e+04
   4.1545513e+04
   4.2651558e+04
   4.4514864e+04
   4.5828363e+04
   4.7269290e+04
   4.8260579e+04
   4.9455535e+04
   5.0824805e+04
   5.1876843e+04
   5.2945170e+04
   5.4412712e+04
   5.5644774e+04
   5.7185755e+04
   5.8232446e+04
   5.9378159e+04
   1.0069974e+05
   1.0166263e+05
   1.0280913e+05
   1.0411943e+05
   1.0538723e+05
   1.0639595e+05
   1.0722000e+05
   1.0840465e+05
   1.0991841e+05
   1.1135862e+05
   1.1482915e+05
   1.1593936e+05
   1.1753249e+05
   1.1859356e+05
   1.1988368e+05
   1.6060768e+05
   1.6206619e+05
   1.6317941e+05
   1.6457323e+05
   1.6625899e+05
   1.6746577e+05
   1.6860341e+05
   1.7050695e+05
   1.7191282e+05
   1.7295614e+05
   1.7457617e+05
   1.7632619e+05
   1.7807841e+05
   2.2022114e+05
   2.2147627e+05
   2.2266508e+05
   2.2366736e+05
   2.2499387e+05
   2.2609039e+05
   2.2766212e+05
   2.3002188e+05
   2.3156551e+05
   2.3250596e+05
   2.3382695e+05
   2.3474745e+05
   2.3612704e+05
   2.3728254e+05
   2.3822501e+05
   2.3926606e+05
   2.8082294e+05
   2.8318331e+05
   2.8453912e+05
   2.8557319e+05
   2.8737836e+05
   2.8919429e+05
   2.9085103e+05
   2.9294771e+05
   2.9381982e+05
   2.9425657e+05
   2.9527009e+05
   2.9616165e+05
   2.9713420e+05
   2.9958147e+05
   3.4009253e+05
   3.4092125e+05
   3.4195660e+05
   3.4389198e+05
   3.4523128e+05
   3.4662054e+05
   3.4736549e+05
   3.4833864e+05
   3.4981137e+05
   3.5077887e+05
   3.5269470e+05
   3.5473898e+05
   3.5573667e+05
   3.5676479e+05
   3.5780010e+05
   3.5898414e+05
   4.0008517e+05
   4.0052796e+05
   4.0181238e+05
   4.0285274e+05
   4.0411047e+05
   4.0513114e+05
   4.0624219e+05
   4.0711660e+05
   4.0766356e+05
   4.0855675e+05
   4.0951409e+05
   4.1059919e+05
   4.1161771e+05
   4.1289493e+05
   4.1489577e+05
   4.1603285e+05
   4.1712644e+05
   4.1805300e+05
   4.1909899e+05
   4.6003499e+05
   4.6103679e+05
   4.6196825e+05
   4.6330384e+05
   4.6436730e+05
   4.6525288e+05
   4.6633790e+05
   4.6717126e+05
   4.6845417e+05
   4.6961428e+05
   4.7095830e+05
   4.7322315e+05
   4.7485338e+05
   4.7671612e+05
   4.7800043e+05
   4.7892414e+05
   4.8012303e+05
   5.2010711e+05
   5.2047803e+05
   5.2188030e+05
   5.2301671e+05
   5.2450129e+05
   5.2598293e+05
   5.2702271e+05
   5.2761340e+05
   5.2852046e+05
   5.2943185e+05
   5.3064951e+05
   5.3191692e+05
   5.3313389e+05
   5.3489377e+05
   5.3628599e+05
   5.3765241e+05
   5.3876066e+05
   5.8008565e+05
   5.8120822e+05
   5.8219119e+05
   5.8447727e+05
   5.8556000e+05
   5.8640438e+05
   5.8719390e+05
   5.8817773e+05
   5.8927585e+05
   5.9001765e+05
   5.9171830e+05
   5.9359627e+05
   5.9488224e+05
   5.9568418e+05
   5.9667947e+05
   5.9795167e+05
   5.9912650e+05
   6.0137462e+05
   6.0334634e+05
   6.0484006e+05
   6.0613581e+05
   6.0753008e+05
   6.0925404e+05
   6.1420782e+05
   6.1546853e+05
   6.1711364e+05
   6.1889822e+05
   6.1987525e+05
   6.2133780e+05
   6.2380035e+05
   6.2492831e+05
   6.2634907e+05
   6.2786678e+05
   6.2896238e+05
   6.3036196e+05
   6.3194376e+05
   6.3476147e+05
   6.3638365e+05
   6.3871697e+05
   6.3977036e+05
   6.4093756e+05
   6.4280118e+05
   6.4382794e+05
   6.4645356e+05
   6.5023907e+05
   6.5136947e+05
   6.5335776e+05
   6.5441286e+05
   6.5689340e+05
   6.5864470e+05
   6.5990634e+05
   6.6161943e+05
   6.6342602e+05
   6.6495109e+05
   6.6650759e+05
   6.6760298e+05
   6.6960307e+05
   6.7179452e+05
   6.7312651e+05
   6.7415488e+05
   6.7639018e+05
   6.7738722e+05
   6.7851440e+05
   6.8044406e+05
   6.8192055e+05
   6.8357732e+05
   6.8523889e+05
   6.8666956e+05
   6.8802700e+05
   6.8913749e+05
   6.9056149e+05
   6.9281246e+05
   6.9412902e+05
   6.9625350e+05
   6.9768291e+05
   6.9956934e+05
   7.0178820e+05
   7.0287937e+05
   7.0437062e+05
   7.0582253e+05
   7.0701974e+05
   7.0794920e+05
   7.0903588e+05
   7.1026922e+05
   7.1142167e+05
   7.1269761e+05
   7.1371601e+05
   7.1499266e+05
   7.1601808e+05
   7.1743915e+05
   7.1862268e+05
   7.1979095e+05
   7.2369227e+05
   7.2479055e+05
   7.2635753e+05
   7.2807977e+05
   7.3061307e+05
   7.3207730e+05
   7.3444629e+05
   7.3670985e+05
   7.3894963e+05
   7.4219729e+05
   7.4457905e+05
   7.4589607e+05
   7.5969929e+05
   7.6064624e+05
   7.6128962e+05
   7.6198380e+05
   7.6299740e+05
   7.6388626e+05
   7.6466757e+05
   7.6539553e+05
   7.6637232e+05
   7.6892709e+05
   7.7047986e+05
   7.7158172e+05
   7.7328403e+05
   7.7528815e+05
   8.2078883e+05
   8.2151650e+05
   8.2250778e+05
   8.2356960e+05
   8.2440890e+05
   8.2534260e+05
   8.2623646e+05
   8.2865251e+05
   8.2994933e+05
   8.3309629e+05
   8.3540061e+05
   8.3689274e+05
   8.3867619e+05
   8.8091798e+05
   8.8170661e+05
   8.8275633e+05
   8.8364873e+05
   8.8428456e+05
   8.8501543e+05
   8.8613934e+05
   8.8684950e+05
   8.8843460e+05
   8.8999759e+05
   8.9124326e+05
   8.9245461e+05
   8.9634001e+05
   8.9816585e+05
   8.9934626e+05
   9.4092773e+05
   9.4169775e+05
   9.4265479e+05
   9.4338846e+05
   9.4434998e+05
   9.4512447e+05
   9.4621744e+05
   9.4825069e+05
   9.5019033e+05
   9.5213926e+05
   9.5396155e+05
   9.5686375e+05
   9.5876685e+05
   1.0008953e+06
   1.0020127e+06
   1.0031289e+06
   1.0040715e+06
   1.0047885e+06
   1.0056096e+06
   1.0065453e+06
   1.0087976e+06
   1.0100497e+06
   1.0128091e+06
   1.0137325e+06
   1.0154264e+06
   1.0174570e+06
   1.0191943e+06
   1.0608977e+06
   1.0620073e+06
   1.0636211e+06
   1.0650301e+06
   1.0659949e+06
   1.0668753e+06
   1.0685343e+06
   1.0701934e+06
   1.0729052e+06
   1.0755435e+06
   1.0768135e+06
   1.0786887e+06
   1.1206973e+06
   1.1218439e+06
   1.1228066e+06
   1.1239983e+06
   1.1250084e+06
   1.1259980e+06
   1.1268791e+06
   1.1290451e+06
   1.1300825e+06
   1.1321032e+06
   1.1337236e+06
   1.1362530e+06
   1.1374461e+06
   1.1388735e+06
   1.1808445e+06
   1.1818397e+06
   1.1830251e+06
   1.1838166e+06
   1.1846351e+06
   1.1856374e+06
   1.1864761e+06
   1.1879512e+06
   1.1895890e+06
   1.1907584e+06
   1.1921047e+06
   1.1959106e+06
   1.1973118e+06
   1.1993702e+06
   1.2408449e+06
   1.2420253e+06
   1.2432136e+06
   1.2444912e+06
   1.2454370e+06
   1.2462934e+06
   1.2480692e+06
   1.2501400e+06
   1.2518000e+06
   1.2534555e+06
   1.2550354e+06
   1.2565431e+06
   1.2577106e+06
   1.2591527e+06
   1.3012709e+06
   1.3019027e+06
   1.3032712e+06
   1.3043115e+06
   1.3051308e+06
   1.3059889e+06
   1.3069217e+06
   1.3087616e+06
   1.3102512e+06
   1.3129072e+06
   1.3149739e+06
   1.3166384e+06
   1.3178710e+06
   1.3196391e+06
   1.3607660e+06
   1.3619147e+06
   1.3627529e+06
   1.3639606e+06
   1.3650560e+06
   1.3657662e+06
   1.3665340e+06
   1.3686150e+06
   1.3699009e+06
   1.3709308e+06
   1.3721736e+06
   1.3733522e+06
   1.3757605e+06
   1.3773139e+06
   1.3786368e+06
   1.4209458e+06
   1.4218815e+06
   1.4230343e+06
   1.4242616e+06
   1.4255047e+06
   1.4262965e+06
   1.4282543e+06
   1.4293157e+06
   1.4322192e+06
   1.4337088e+06
   1.4356078e+06
   1.4381530e+06
   1.4394623e+06
   1.4809170e+06
   1.4818986e+06
   1.4829264e+06
   1.4843300e+06
   1.4854513e+06
   1.4863231e+06
   1.4882418e+06
   1.4938732e+06
   1.4958046e+06
   1.4978920e+06
   1.5407855e+06
   1.5419081e+06
   1.5432119e+06
   1.5446691e+06
   1.5457245e+06
   1.5469264e+06
   1.5489644e+06
   1.5514865e+06
   1.5527974e+06
   1.5555450e+06
   1.5568862e+06
   1.5582320e+06
   1.6015009e+06
   1.6028048e+06
   1.6039415e+06
   1.6046664e+06
   1.6057276e+06
   1.6066710e+06
   1.6093384e+06
   1.6109780e+06
   1.6125472e+06
   1.6139696e+06
   1.6158544e+06
   1.6175773e+06
   1.6608789e+06
   1.6617248e+06
   1.6625072e+06
   1.6634663e+06
   1.6642729e+06
   1.6652762e+06
   1.6663651e+06
   1.6690030e+06
   1.6716814e+06
   1.6730986e+06
   1.6754928e+06
   1.6780468e+06
   1.6796919e+06
   1.7209983e+06
   1.7219709e+06
   1.7228852e+06
   1.7237584e+06
   1.7252780e+06
   1.7266154e+06
   1.7285133e+06
   1.7300222e+06
   1.7321844e+06
   1.7355330e+06
   1.7386973e+06
   1.7808352e+06
   1.7817137e+06
   1.7832442e+06
   1.7844187e+06
   1.7855401e+06
   1.7866931e+06
   1.7884022e+06
   1.7898883e+06
   1.7924138e+06
   1.7937396e+06
   1.7950829e+06
   1.7994190e+06
   1.8412126e+06
   1.8425162e+06
   1.8435133e+06
   1.8442968e+06
   1.8450311e+06
   1.8466156e+06
   1.8487304e+06
   1.8505619e+06
   1.8519524e+06
   1.8530273e+06
   1.8551648e+06
   1.8578749e+06
   1.8594997e+06
   1.9011071e+06
   1.9025261e+06
   1.9035772e+06
   1.9048358e+06
   1.9056702e+06
   1.9065113e+06
   1.9085903e+06
   1.9098318e+06
   1.9118461e+06
   1.9135593e+06
   1.9164604e+06
   1.9174896e+06
   1.9192277e+06
   6.1298036e+04
   6.3281746e+04
   6.4807423e+04
   6.6577322e+04
   6.7807371e+04
   6.9679947e+04
   7.1031475e+04
   7.2303584e+04
   7.5081594e+04
   7.6450624e+04
   7.7533210e+04
   7.9418995e+04
   8.0800765e+04
   8.2400998e+04
   8.3419357e+04
   8.4759710e+04
   8.5922995e+04
   8.7835676e+04
   8.9487760e+04
   9.0793771e+04
   9.2315916e+04
   9.4891787e+04
   9.6557046e+04
   1.2049844e+05
   1.2226612e+05
   1.2330583e+05
   1.2427047e+05
   1.2563133e+05
   1.2672586e+05
   1.2831271e+05
   1.2926390e+05
   1.3159505e+05
   1.3343851e+05
   1.3485431e+05
   1.3628911e+05
   1.3787970e+05
   1.3907652e+05
   1.4052320e+05
   1.4224889e+05
   1.4422687e+05
   1.4651212e+05
   1.4828150e+05
   1.4957108e+05
   1.5095295e+05
   1.5237716e+05
   1.5360274e+05
   1.5560310e+05
   1.5787226e+05
   1.8045072e+05
   1.8175344e+05
   1.8428518e+05
   1.8541200e+05
   1.8697224e+05
   1.8873254e+05
   1.9001074e+05
   1.9139978e+05
   1.9362575e+05
   1.9536406e+05
   1.9687282e+05
   1.9786389e+05
   2.0110123e+05
   2.0279881e+05
   2.0427332e+05
   2.0564456e+05
   2.0692789e+05
   2.0817358e+05
   2.0935146e+05
   2.1063486e+05
   2.1245978e+05
   2.1406395e+05
   2.1547173e+05
   2.1805942e+05
   2.4000725e+05
   2.4104236e+05
   2.4276169e+05
   2.4391697e+05
   2.4589797e+05
   2.4704489e+05
   2.4835323e+05
   2.5009254e+05
   2.5121666e+05
   2.5282929e+05
   2.5414189e+05
   2.5632889e+05
   2.5731649e+05
   2.5844411e+05
   2.5943868e+05
   2.6097397e+05
   2.6297727e+05
   2.6524523e+05
   2.6665377e+05
   2.6797384e+05
   2.7087874e+05
   2.7277544e+05
   2.7388127e+05
   2.7550456e+05
   3.0046325e+05
   3.0164899e+05
   3.0313451e+05
   3.0447692e+05
   3.0764111e+05
   3.0968723e+05
   3.1109981e+05
   3.1229809e+05
   3.1466273e+05
   3.1572722e+05
   3.1792654e+05
   3.1902907e+05
   3.2037439e+05
   3.2131519e+05
   3.2350513e+05
   3.2429425e+05
   3.2569416e+05
   3.2730373e+05
   3.2935121e+05
   3.3083135e+05
   3.3259563e+05
   3.3427266e+05
   3.3711611e+05
   3.6117454e+05
   3.6216283e+05
   3.6368433e+05
   3.6659258e+05
   3.6788957e+05
   3.6924304e+05
   3.7092728e+05
   3.7201441e+05
   3.7337881e+05
   3.7554296e+05
   3.7687513e+05
   3.7831139e+05
   3.7944923e+05
   3.8287147e+05
   3.8432656e+05
   3.8596332e+05
   3.8733515e+05
   3.8880425e+05
   3.9032113e+05
   3.9139625e+05
   3.9246395e+05
   3.9551724e+05
   3.9636782e+05
   3.9757497e+05
   3.9904151e+05
   4.2307881e+05
   4.2425913e+05
   4.2584603e+05
   4.2705679e+05
   4.2870268e+05
   4.3041625e+05
   4.3167579e+05
   4.3269126e+05
   4.3443962e+05
   4.3724202e+05
   4.3824397e+05
   4.3961955e+05
   4.4135091e+05
   4.4262134e+05
   4.4345652e+05
   4.4512643e+05
   4.4727159e+05
   4.4832868e+05
   4.4967092e+05
   4.5163724e+05
   4.5338611e+05
   4.5592606e+05
   4.5701062e+05
   4.5903133e+05
   4.8111456e+05
   4.8248192e+05
   4.8362229e+05
   4.8546151e+05
   4.8691097e+05
   4.8822686e+05
   4.8917569e+05
   4.9072048e+05
   4.9472053e+05
   4.9588082e+05
   4.9753164e+05
   4.9903255e+05
   5.0041805e+05
   5.0156027e+05
   5.0290320e+05
   5.0443606e+05
   5.0588271e+05
   5.0829140e+05
   5.1125139e+05
   5.1270085e+05
   5.1466078e+05
   5.1667645e+05
   5.1782088e+05
   5.1905472e+05
   5.4153366e+05
   5.4244720e+05
   5.4381218e+05
   5.4576756e+05
   5.4697588e+05
   5.4807873e+05
   5.4933000e+05
   5.5102282e+05
   5.5259329e+05
   5.5384772e+05
   5.5657607e+05
   5.5818355e+05
   5.5992280e+05
   5.6079973e+05
   5.6230053e+05
   5.6479894e+05
   5.6702942e+05
   5.6840330e+05
   5.6989363e+05
   5.7122652e+05
   5.7263084e+05
   5.7463478e+05
   5.7567382e+05
   5.7705523e+05
   5.7833698e+05
   5.7960975e+05
   7.8179684e+05
   7.8492243e+05
   7.8812765e+05
   7.9011724e+05
   7.9141745e+05
   7.9272920e+05
   7.9397696e+05
   8.0164466e+05
   8.0306350e+05
   8.0513730e+05
   8.0710904e+05
   8.0914990e+05
   8.1352261e+05
   8.1496772e+05
   8.1649252e+05
   8.1757463e+05
   8.4201344e+05
   8.4375415e+05
   8.4555468e+05
   8.4821132e+05
   8.4938134e+05
   8.5120638e+05
   8.5419852e+05
   8.5719043e+05
   8.5948310e+05
   8.6092722e+05
   8.6303147e+05
   8.6464584e+05
   8.6644826e+05
   8.6771397e+05
   8.6939244e+05
   8.7178034e+05
   8.7772295e+05
   8.7975201e+05
   9.0421314e+05
   9.0553561e+05
   9.0795597e+05
   9.1004671e+05
   9.1184376e+05
   9.1453198e+05
   9.1637450e+05
   9.1897695e+05
   9.2036294e+05
   9.2138560e+05
   9.2438939e+05
   9.2601861e+05
   9.2758416e+05
   9.3366961e+05
   9.3690767e+05
   9.3903523e+05
   9.6186117e+05
   9.6319818e+05
   9.6512982e+05
   9.7077550e+05
   9.7205795e+05
   9.7409196e+05
   9.7535282e+05
   9.7715371e+05
   9.7906217e+05
   9.8126886e+05
   9.8286885e+05
   9.8475070e+05
   9.8705086e+05
   9.8821164e+05
   9.8987943e+05
   9.9109088e+05
   9.9313158e+05
   9.9438008e+05
   9.9812240e+05
   9.9951818e+05
   1.0213901e+06
   1.0244417e+06
   1.0261442e+06
   1.0274508e+06
   1.0286613e+06
   1.0298041e+06
   1.0310113e+06
   1.0327427e+06
   1.0345411e+06
   1.0363781e+06
   1.0404671e+06
   1.0425428e+06
   1.0438363e+06
   1.0455024e+06
   1.0553224e+06
   1.0585496e+06
   1.0598748e+06
   1.0844289e+06
   1.0873411e+06
   1.0891527e+06
   1.0917481e+06
   1.0935170e+06
   1.0955519e+06
   1.0980586e+06
   1.1024844e+06
   1.1072277e+06
   1.1089482e+06
   1.1126832e+06
   1.1146118e+06
   1.1166317e+06
   1.1176860e+06
   1.1417091e+06
   1.1437488e+06
   1.1525470e+06
   1.1540107e+06
   1.1562317e+06
   1.1577424e+06
   1.1600446e+06
   1.1624009e+06
   1.1640026e+06
   1.1659893e+06
   1.1674614e+06
   1.1695698e+06
   1.1713732e+06
   1.1724166e+06
   1.1743309e+06
   1.1769008e+06
   1.1792894e+06
   1.2022807e+06
   1.2033542e+06
   1.2051403e+06
   1.2074801e+06
   1.2088295e+06
   1.2110136e+06
   1.2152461e+06
   1.2615541e+06
   1.2671090e+06
   1.2693142e+06
   1.2717694e+06
   1.2733368e+06
   1.2763469e+06
   1.2781021e+06
   1.2793519e+06
   1.2824893e+06
   1.2857996e+06
   1.2875596e+06
   1.2891913e+06
   1.2914047e+06
   1.2925064e+06
   1.2945175e+06
   1.3219566e+06
   1.3240399e+06
   1.3267412e+06
   1.3289681e+06
   1.3303506e+06
   1.3412472e+06
   1.3428372e+06
   1.3466545e+06
   1.3486422e+06
   1.3502045e+06
   1.3519638e+06
   1.3541216e+06
   1.3569521e+06
   1.3587186e+06
   1.3819535e+06
   1.3852659e+06
   1.3866580e+06
   1.3880799e+06
   1.3899224e+06
   1.3917008e+06
   1.3934098e+06
   1.3948747e+06
   1.3968537e+06
   1.4007719e+06
   1.4025160e+06
   1.4050112e+06
   1.4070169e+06
   1.4088654e+06
   1.4119649e+06
   1.4149819e+06
   1.4170092e+06
   1.4420328e+06
   1.4438973e+06
   1.4462985e+06
   1.4497345e+06
   1.4518733e+06
   1.4570516e+06
   1.4585513e+06
   1.4602521e+06
   1.4620922e+06
   1.4652776e+06
   1.4669442e+06
   1.4683229e+06
   1.4709142e+06
   1.4721124e+06
   1.4731923e+06
   1.4761733e+06
   1.4797719e+06
   1.5018634e+06
   1.5037175e+06
   1.5057339e+06
   1.5072205e+06
   1.5097801e+06
   1.5111580e+06
   1.5141257e+06
   1.5160255e+06
   1.5176346e+06
   1.5195585e+06
   1.5228877e+06
   1.5253179e+06
   1.5276633e+06
   1.5289608e+06
   1.5615612e+06
   1.5635298e+06
   1.5657799e+06
   1.5675078e+06
   1.5692164e+06
   1.5707314e+06
   1.5727162e+06
   1.5770386e+06
   1.5810691e+06
   1.5845524e+06
   1.5861527e+06
   1.5885403e+06
   1.5899445e+06
   1.6215010e+06
   1.6233383e+06
   1.6263495e+06
   1.6322744e+06
   1.6333023e+06
   1.6374713e+06
   1.6388546e+06
   1.6407256e+06
   1.6425677e+06
   1.6447294e+06
   1.6463420e+06
   1.6508354e+06
   1.6534787e+06
   1.6554989e+06
   1.6569989e+06
   1.6592804e+06
   1.6833062e+06
   1.6851942e+06
   1.6877787e+06
   1.6894895e+06
   1.6908982e+06
   1.6927223e+06
   1.6939713e+06
   1.6956413e+06
   1.6971589e+06
   1.6993588e+06
   1.7015482e+06
   1.7035604e+06
   1.7050995e+06
   1.7079172e+06
   1.7096930e+06
   1.7134912e+06
   1.7147752e+06
   1.7178549e+06
   1.7193746e+06
   1.7524716e+06
   1.7539094e+06
   1.7550077e+06
   1.7563155e+06
   1.7577432e+06
   1.7615121e+06
   1.7627595e+06
   1.7681376e+06
   1.7696177e+06
   1.7722665e+06
   1.7736828e+06
   1.7778561e+06
   1.7791562e+06
   1.8038000e+06
   1.8112570e+06
   1.8126534e+06
   1.8142061e+06
   1.8160726e+06
   1.8224425e+06
   1.8244346e+06
   1.8267206e+06
   1.8286373e+06
   1.8301208e+06
   1.8332234e+06
   1.8367350e+06
   1.8383378e+06
   1.8620256e+06
   1.8658994e+06
   1.8678573e+06
   1.8715311e+06
   1.8731250e+06
   1.8742298e+06
   1.8763968e+06
   1.8788015e+06
   1.8804924e+06
   1.8819647e+06
   1.8846524e+06
   1.8888035e+06
   1.8904038e+06
   1.8923076e+06
   1.8945545e+06
   3.5918315e+05
   3.5940201e+05
   3.5955248e+05
   3.5976274e+05
   4.1919298e+05
   4.1934308e+05
   4.1977765e+05
   4.1997021e+05
   4.7914777e+05
   4.7925439e+05
   4.7942900e+05
   4.7953589e+05
   4.7994299e+05
   5.3919300e+05
   5.3938799e+05
   5.3981757e+05
   5.3994005e+05
   5.9916376e+05
   5.9932058e+05
   5.9954015e+05
   5.9974900e+05
   5.9999006e+05
   1.8393180e+06
   1.8637019e+06
   1.8674986e+06
   1.8696058e+06
   1.8715072e+06
   1.8735133e+06
   1.8788524e+06
   1.8805232e+06
   1.8829301e+06
   1.8867441e+06
   1.8902420e+06
   1.8917238e+06
   1.8928826e+06
   1.8942390e+06
   1.8961736e+06
   1.8995111e+06
   3.5926419e+05
   3.5969880e+05
   3.5993653e+05
   4.1929970e+05
   4.1953891e+05
   4.7910097e+05
   4.7925317e+05
   4.7961356e+05
   4.7975688e+05
   5.3925883e+05
   5.3935921e+05
   5.3956794e+05
   5.3991441e+05
   5.9912800e+05
   5.9953181e+05
   5.9968573e+05
   5.9986410e+05
