   4.0353254e+03
   7.4626214e+03
   1.0130386e+04
   1.3364680e+04
   2.5253412e+04
   3.2458224e+04
   3.4157105e+04
   3.5772160e+04
   4.0320854e+04
   4.0850671e+04
   4.2874383e+04
   4.5341264e+04
   4.7057335e+04
   4.9197767e+04
   5.1395844e+04
   5.3336328e+04
   5.4509010e+04
   5.8016675e+04
   5.9494646e+04
   1.0003523e+05
   1.0824596e+05
   1.1172604e+05
   1.1575440e+05
   1.1714348e+05
   1.1874946e+05
   1.6013028e+05
   1.6087767e+05
   1.6383569e+05
   1.6608895e+05
   1.7524867e+05
   1.7810531e+05
   1.7915106e+05
   2.2015549e+05
   2.2204434e+05
   2.2672832e+05
   2.2852142e+05
   2.2977704e+05
   2.3209859e+05
   2.3475203e+05
   2.3628149e+05
   2.3899629e+05
   2.8012969e+05
   2.8160053e+05
   2.8622079e+05
   2.8754533e+05
   2.8946014e+05
   2.9107396e+05
   3.4005570e+05
   3.4123347e+05
   3.4246097e+05
   3.4441521e+05
   3.4548123e+05
   3.4713357e+05
   3.4854177e+05
   3.5018954e+05
   3.5219377e+05
   3.5350409e+05
   3.5499354e+05
   3.5621060e+05
   3.5783456e+05
   4.0009822e+05
   4.0085343e+05
   4.0218391e+05
   4.0479072e+05
   4.0590919e+05
   4.1127661e+05
   4.1409483e+05
   4.1472973e+05
   4.1586987e+05
   4.1711727e+05
   4.1894802e+05
   4.6198883e+05
   4.6306544e+05
   4.6503776e+05
   4.6635306e+05
   4.6804356e+05
   4.7089241e+05
   4.7492466e+05
   4.7699893e+05
   4.7857882e+05
   4.7953558e+05
   5.2122352e+05
   5.2264383e+05
   5.2609357e+05
   5.3247998e+05
   5.3444752e+05
   5.3725264e+05
   5.8002592e+05
   5.8239561e+05
   5.8517628e+05
   5.8922490e+05
   5.9123217e+05
   5.9306353e+05
   5.9413980e+05
   5.9660542e+05
   5.9828627e+05
   6.0185368e+05
   6.0344432e+05
   6.0545582e+05
   6.0887108e+05
   6.1375470e+05
   6.1556619e+05
   6.2038517e+05
   6.2232259e+05
   6.3693299e+05
   6.4009818e+05
   6.8139251e+05
   6.8360149e+05
   6.8699975e+05
   6.8806062e+05
   6.8946524e+05
   6.9168173e+05
   6.9316219e+05
   6.9547020e+05
   6.9732001e+05
   6.9940820e+05
   7.0109472e+05
   7.0331616e+05
   7.0485502e+05
   7.0645172e+05
   7.0882653e+05
   7.1548172e+05
   7.1811698e+05
   7.2249072e+05
   7.2425098e+05
   7.2536910e+05
   7.2763944e+05
   7.2925251e+05
   7.3133599e+05
   7.3349337e+05
   7.5788701e+05
   7.5923095e+05
   7.6076290e+05
   7.6164402e+05
   7.6251145e+05
   7.6321789e+05
   7.6381561e+05
   7.6479814e+05
   7.6566925e+05
   7.6665406e+05
   7.6996217e+05
   7.7125219e+05
   7.7318557e+05
   7.7530214e+05
   7.7757131e+05
   7.7904485e+05
   8.2082800e+05
   8.2212889e+05
   8.2311913e+05
   8.2393624e+05
   8.2492111e+05
   8.2565946e+05
   8.2649366e+05
   8.2829368e+05
   8.2988951e+05
   8.3123462e+05
   8.3578563e+05
   8.8095930e+05
   8.8199221e+05
   8.8278193e+05
   8.8428931e+05
   8.8523809e+05
   8.8652418e+05
   8.8981438e+05
   8.9080981e+05
   8.9221962e+05
   8.9317802e+05
   8.9566024e+05
   8.9850923e+05
   9.4122053e+05
   9.4228606e+05
   9.4318276e+05
   9.4420661e+05
   9.4526808e+05
   9.4629262e+05
   9.4869829e+05
   9.5033607e+05
   9.5240566e+05
   9.5579223e+05
   9.5842929e+05
   1.0007893e+06
   1.0018680e+06
   1.0032181e+06
   1.0041860e+06
   1.0052187e+06
   1.0061675e+06
   1.0086564e+06
   1.0104791e+06
   1.0126427e+06
   1.0138601e+06
   1.0610207e+06
   1.0629047e+06
   1.0640732e+06
   1.0649478e+06
   1.0659827e+06
   1.0688122e+06
   1.0698875e+06
   1.0723125e+06
   1.0771445e+06
   1.0787926e+06
   1.1210066e+06
   1.1218813e+06
   1.1229552e+06
   1.1241224e+06
   1.1255103e+06
   1.1291950e+06
   1.1310220e+06
   1.1328268e+06
   1.1818955e+06
   1.1830237e+06
   1.1842387e+06
   1.1855484e+06
   1.1882779e+06
   1.1937942e+06
   1.1971125e+06
   1.2410649e+06
   1.2428748e+06
   1.2441318e+06
   1.2458814e+06
   1.2497920e+06
   1.2511970e+06
   1.2529446e+06
   1.3009494e+06
   1.3022225e+06
   1.3043758e+06
   1.3063996e+06
   1.3104606e+06
   1.3125578e+06
   1.3159367e+06
   1.3176598e+06
   1.3187564e+06
   1.3613082e+06
   1.3624170e+06
   1.3637112e+06
   1.3649607e+06
   1.3667698e+06
   1.3704739e+06
   1.3731265e+06
   1.3759306e+06
   1.3778263e+06
   1.4214360e+06
   1.4245973e+06
   1.4316117e+06
   1.4329784e+06
   1.4360734e+06
   1.4372446e+06
   1.4384404e+06
   1.4398724e+06
   1.4812858e+06
   1.4823415e+06
   1.4839009e+06
   1.4853218e+06
   1.4866487e+06
   1.4890944e+06
   1.4906310e+06
   1.4922372e+06
   1.4931706e+06
   1.4986180e+06
   1.5409053e+06
   1.5433242e+06
   1.5449251e+06
   1.5482076e+06
   1.5494482e+06
   1.5507618e+06
   1.5519794e+06
   1.6019023e+06
   1.6035467e+06
   1.6048561e+06
   1.6061543e+06
   1.6083321e+06
   1.6102401e+06
   1.6129125e+06
   1.6155014e+06
   1.6172893e+06
   1.6193178e+06
   1.6612128e+06
   1.6626593e+06
   1.6643703e+06
   1.6656635e+06
   1.6687056e+06
   1.6710439e+06
   1.6738704e+06
   1.6764614e+06
   1.6788856e+06
   1.7211482e+06
   1.7235108e+06
   1.7261834e+06
   1.7301598e+06
   1.7317502e+06
   1.7338852e+06
   1.7354169e+06
   1.7376558e+06
   1.7397258e+06
   1.7812406e+06
   1.7836219e+06
   1.7851931e+06
   1.7889866e+06
   1.7908981e+06
   1.7922948e+06
   1.7934970e+06
   1.7958371e+06
   1.7973468e+06
   1.8412571e+06
   1.8431085e+06
   1.8449146e+06
   1.8459597e+06
   1.8487503e+06
   1.8507314e+06
   1.8522518e+06
   1.8570670e+06
   1.8589507e+06
   1.9017401e+06
   1.9033584e+06
   1.9050411e+06
   1.9066246e+06
   1.9087438e+06
   1.9108839e+06
   1.9122402e+06
   1.9139977e+06
   1.9152795e+06
   1.9194792e+06
   6.0995253e+04
   6.2522860e+04
   6.4582146e+04
   6.7020835e+04
   6.9624917e+04
   7.2580889e+04
   7.5226277e+04
   7.7449637e+04
   7.9031645e+04
   8.2298898e+04
   8.9038820e+04
   9.1088241e+04
   9.4010203e+04
   9.5823099e+04
   9.7784540e+04
   1.2029040e+05
   1.2240583e+05
   1.2574098e+05
   1.2765569e+05
   1.2938684e+05
   1.3081228e+05
   1.3342663e+05
   1.3524720e+05
   1.3761067e+05
   1.3956874e+05
   1.5343261e+05
   1.5483979e+05
   1.5708061e+05
   1.8102553e+05
   1.8250841e+05
   1.8440591e+05
   1.8764490e+05
   1.8932392e+05
   1.9104109e+05
   1.9393427e+05
   1.9528564e+05
   1.9710099e+05
   1.9860876e+05
   2.0254482e+05
   2.0424031e+05
   2.0946162e+05
   2.1141077e+05
   2.1353834e+05
   2.1597113e+05
   2.1810200e+05
   2.4084663e+05
   2.4260188e+05
   2.4781528e+05
   2.4979702e+05
   2.5301449e+05
   3.0040556e+05
   3.0206019e+05
   3.0366717e+05
   3.0563328e+05
   3.1198267e+05
   3.1943709e+05
   3.2214451e+05
   3.2980573e+05
   3.6140974e+05
   3.6339730e+05
   3.6542718e+05
   3.6718892e+05
   3.6921804e+05
   3.7126320e+05
   3.7661075e+05
   3.7925795e+05
   3.8165127e+05
   3.8446581e+05
   3.8707810e+05
   3.8869525e+05
   3.9435515e+05
   3.9678786e+05
   4.2196199e+05
   4.2393055e+05
   4.2646582e+05
   4.2930540e+05
   4.3139735e+05
   4.3454473e+05
   4.3635138e+05
   4.3848703e+05
   4.4028193e+05
   4.4176757e+05
   4.4576224e+05
   4.8332687e+05
   4.8710960e+05
   4.9028858e+05
   4.9145066e+05
   5.4408936e+05
   5.4583847e+05
   5.4769453e+05
   5.5064593e+05
   5.5233137e+05
   5.5371324e+05
   5.5646178e+05
   5.5866893e+05
   5.6103071e+05
   5.6426622e+05
   5.7627177e+05
   5.7805553e+05
   7.8130990e+05
   7.8345670e+05
   7.8621108e+05
   7.8793532e+05
   7.9069353e+05
   7.9575866e+05
   7.9848012e+05
   8.0339486e+05
   8.0609206e+05
   8.4423320e+05
   8.4594496e+05
   8.4761339e+05
   8.4968200e+05
   8.5113748e+05
   8.5310251e+05
   8.5974078e+05
   8.6144706e+05
   8.6358055e+05
   8.6565548e+05
   8.6831796e+05
   8.6991174e+05
   8.7242233e+05
   9.0261264e+05
   9.0468575e+05
   9.0693194e+05
   9.0910459e+05
   9.2116998e+05
   9.2407091e+05
   9.2867526e+05
   9.3407917e+05
   9.3908382e+05
   9.6874855e+05
   9.7059069e+05
   9.7583233e+05
   9.7735646e+05
   9.8014273e+05
   9.8365610e+05
   9.8575761e+05
   9.8851228e+05
   9.9248233e+05
   9.9432811e+05
   9.9830500e+05
   9.9978666e+05
   1.0242387e+06
   1.0256250e+06
   1.0283540e+06
   1.0317841e+06
   1.0339637e+06
   1.0359611e+06
   1.0402477e+06
   1.0416082e+06
   1.0428689e+06
   1.0448013e+06
   1.0467259e+06
   1.0505208e+06
   1.0523276e+06
   1.0577505e+06
   1.0597702e+06
   1.0851986e+06
   1.0871484e+06
   1.0890073e+06
   1.0926423e+06
   1.0942372e+06
   1.1002566e+06
   1.1023640e+06
   1.1034039e+06
   1.1048985e+06
   1.1089666e+06
   1.1125614e+06
   1.1145911e+06
   1.1171399e+06
   1.1193555e+06
   1.1428430e+06
   1.1445400e+06
   1.1471130e+06
   1.1492203e+06
   1.1516901e+06
   1.1529648e+06
   1.1546265e+06
   1.1625598e+06
   1.1644705e+06
   1.1663506e+06
   1.1712821e+06
   1.2023444e+06
   1.2040741e+06
   1.2096363e+06
   1.2127419e+06
   1.2160218e+06
   1.2238962e+06
   1.2258430e+06
   1.2287677e+06
   1.2324394e+06
   1.2354931e+06
   1.2383516e+06
   1.2620916e+06
   1.2649874e+06
   1.2670840e+06
   1.2693407e+06
   1.2706673e+06
   1.2727200e+06
   1.2743032e+06
   1.2769137e+06
   1.2785209e+06
   1.2853965e+06
   1.2892813e+06
   1.2912381e+06
   1.2927560e+06
   1.2954456e+06
   1.3225099e+06
   1.3266518e+06
   1.3291105e+06
   1.3309292e+06
   1.3367088e+06
   1.3383734e+06
   1.3404684e+06
   1.3427935e+06
   1.3448164e+06
   1.3492038e+06
   1.3516638e+06
   1.3549187e+06
   1.3818263e+06
   1.3882058e+06
   1.3897218e+06
   1.3911702e+06
   1.3945084e+06
   1.3979521e+06
   1.4002828e+06
   1.4026496e+06
   1.4050616e+06
   1.4075370e+06
   1.4108767e+06
   1.4124922e+06
   1.4152864e+06
   1.4174720e+06
   1.4444932e+06
   1.4481650e+06
   1.4497889e+06
   1.4544824e+06
   1.4558924e+06
   1.4577129e+06
   1.5018913e+06
   1.5033619e+06
   1.5050762e+06
   1.5070148e+06
   1.5087561e+06
   1.5130237e+06
   1.5149203e+06
   1.5174824e+06
   1.5188832e+06
   1.5216578e+06
   1.5244892e+06
   1.5270650e+06
   1.5308106e+06
   1.5332913e+06
   1.5366606e+06
   1.5380904e+06
   1.5395908e+06
   1.5622421e+06
   1.5644982e+06
   1.5673501e+06
   1.5732169e+06
   1.5753288e+06
   1.5779871e+06
   1.5790937e+06
   1.5817359e+06
   1.5848798e+06
   1.5862948e+06
   1.5889046e+06
   1.5903821e+06
   1.5980277e+06
   1.5997380e+06
   1.6223360e+06
   1.6249865e+06
   1.6264251e+06
   1.6310680e+06
   1.6333818e+06
   1.6812616e+06
   1.6892707e+06
   1.6911276e+06
   1.6937799e+06
   1.6959467e+06
   1.7149834e+06
   1.7171384e+06
   1.7417888e+06
   1.7458253e+06
   1.7487479e+06
   1.7538743e+06
   1.7564776e+06
   1.7602412e+06
   1.7626569e+06
   1.7645315e+06
   1.7656699e+06
   1.8030928e+06
   1.8058015e+06
   1.8081491e+06
   1.8097758e+06
   1.8115959e+06
   1.8136362e+06
   1.8166431e+06
   1.8192453e+06
   1.8205515e+06
   1.8220435e+06
   1.8248090e+06
   1.8263841e+06
   1.8357599e+06
   1.8619826e+06
   1.8679496e+06
   1.8702218e+06
   1.8721472e+06
   1.8737056e+06
   1.8783985e+06
   1.8798407e+06
   1.8814588e+06
   1.8834704e+06
   1.8948098e+06
   3.5923458e+05
   3.5937210e+05
   3.5963715e+05
   4.1931136e+05
   4.1950456e+05
   4.1968349e+05
   4.1986589e+05
   4.7955560e+05
   4.7985365e+05
   5.9914263e+05
   5.9929905e+05
   5.9946205e+05
   5.9965303e+05
   5.9985689e+05
   5.9998364e+05
