   9.6157259e+02
   1.2724691e+03
   2.0949306e+03
   2.9273689e+03
   3.6163032e+03
   4.0850919e+03
   4.4984852e+03
   5.3214961e+03
   5.6807755e+03
   6.0933935e+03
   6.6743240e+03
   7.2580026e+03
   7.8761655e+03
   8.3480021e+03
   8.9185194e+03
   1.3173141e+04
   1.4072275e+04
   1.5661751e+04
   1.6057579e+04
   1.6837118e+04
   1.7801175e+04
   1.9110820e+04
   1.9852686e+04
   2.0617472e+04
   2.1706259e+04
   2.2178174e+04
   2.3121977e+04
   2.4685061e+04
   2.5365899e+04
   2.5957159e+04
   2.6922801e+04
   2.7480010e+04
   2.8621925e+04
   2.9301892e+04
   3.0032984e+04
   3.1102858e+04
   3.1553930e+04
   3.2199805e+04
   3.2687206e+04
   3.3274224e+04
   3.3654666e+04
   3.4212640e+04
   3.4901874e+04
   3.6126963e+04
   3.6958976e+04
   3.7607211e+04
   3.8072965e+04
   3.8958347e+04
   3.9448586e+04
   3.9987544e+04
   4.0643803e+04
   4.0576085e+04
   4.0959705e+04
   4.1825812e+04
   4.3307705e+04
   4.3998758e+04
   4.4442954e+04
   4.4923949e+04
   4.5510553e+04
   4.5817788e+04
   4.6338533e+04
   4.6859812e+04
   4.7330580e+04
   4.7822675e+04
   4.8310384e+04
   4.8747459e+04
   4.9739971e+04
   5.0221310e+04
   5.0936105e+04
   5.1398271e+04
   5.2122384e+04
   5.2674808e+04
   5.3052342e+04
   5.3670982e+04
   5.4683225e+04
   5.5266243e+04
   5.6398197e+04
   5.6900799e+04
   5.7370772e+04
   5.8183595e+04
   5.8976622e+04
   5.9494299e+04
   1.0055215e+05
   1.0084372e+05
   1.0151675e+05
   1.0268068e+05
   1.0311711e+05
   1.0373445e+05
   1.0620786e+05
   1.0761768e+05
   1.0847444e+05
   1.0958215e+05
   1.1022150e+05
   1.1098034e+05
   1.1138074e+05
   1.1199466e+05
   1.1257741e+05
   1.1339005e+05
   1.1389460e+05
   1.1452769e+05
   1.1495737e+05
   1.1542974e+05
   1.1746755e+05
   1.1797176e+05
   1.1843197e+05
   1.1913917e+05
   1.6082086e+05
   1.6130827e+05
   1.6176120e+05
   1.6271112e+05
   1.6355536e+05
   1.6431288e+05
   1.6501136e+05
   1.6547123e+05
   1.6640583e+05
   1.6776587e+05
   1.6853133e+05
   1.6929616e+05
   1.7045976e+05
   1.7121332e+05
   1.7177742e+05
   1.7316464e+05
   1.7382470e+05
   1.7517850e+05
   1.7562855e+05
   1.7641972e+05
   1.7695835e+05
   1.7738684e+05
   1.7792826e+05
   1.7942191e+05
   2.2145714e+05
   2.2191067e+05
   2.2261464e+05
   2.2398626e+05
   2.2467562e+05
   2.2736230e+05
   2.2783738e+05
   2.2866829e+05
   2.2916064e+05
   2.2952393e+05
   2.2994306e+05
   2.3088800e+05
   2.3134852e+05
   2.3217533e+05
   2.3268606e+05
   2.3313421e+05
   2.3349838e+05
   2.3394376e+05
   2.3453691e+05
   2.3516662e+05
   2.3585971e+05
   2.3624692e+05
   2.3661337e+05
   2.3764370e+05
   2.3844015e+05
   2.3889595e+05
   2.3972464e+05
   2.8043615e+05
   2.8111299e+05
   2.8176780e+05
   2.8219612e+05
   2.8263596e+05
   2.8328038e+05
   2.8411459e+05
   2.8518043e+05
   2.8576005e+05
   2.8661752e+05
   2.8770482e+05
   2.8815207e+05
   2.8860072e+05
   2.8926287e+05
   2.8998396e+05
   2.9077825e+05
   2.9139415e+05
   2.9196370e+05
   2.9232715e+05
   2.9300871e+05
   2.9358609e+05
   2.9399612e+05
   2.9439460e+05
   2.9494677e+05
   2.9560179e+05
   2.9596015e+05
   2.9662254e+05
   2.9700052e+05
   2.9791640e+05
   2.9892066e+05
   3.4081600e+05
   3.4155999e+05
   3.4318935e+05
   3.4364177e+05
   3.4578548e+05
   3.4636131e+05
   3.4752953e+05
   3.4791572e+05
   3.4859582e+05
   3.4902971e+05
   3.4998646e+05
   3.5034292e+05
   3.5093165e+05
   3.5153201e+05
   3.5198899e+05
   3.5250737e+05
   3.5302308e+05
   3.5345970e+05
   3.5440882e+05
   3.5581334e+05
   3.5625274e+05
   3.5685778e+05
   3.5733508e+05
   3.5770859e+05
   3.5883764e+05
   3.5981414e+05
   4.0049631e+05
   4.0118176e+05
   4.0172939e+05
   4.0250885e+05
   4.0338889e+05
   4.0396682e+05
   4.0449653e+05
   4.0559372e+05
   4.0638185e+05
   4.0735013e+05
   4.0792527e+05
   4.0839672e+05
   4.0889669e+05
   4.0967955e+05
   4.1008315e+05
   4.1058037e+05
   4.1172434e+05
   4.1220112e+05
   4.1302664e+05
   4.1359519e+05
   4.1447807e+05
   4.1506385e+05
   4.1570953e+05
   4.1685625e+05
   4.6062429e+05
   4.6136839e+05
   4.6179754e+05
   4.6219452e+05
   4.6306338e+05
   4.6339071e+05
   4.6373000e+05
   4.6420787e+05
   4.6466708e+05
   4.6685493e+05
   4.6740818e+05
   4.6843367e+05
   4.6898029e+05
   4.7079338e+05
   4.7134896e+05
   4.7179957e+05
   4.7237975e+05
   4.7360989e+05
   4.7475742e+05
   4.7527695e+05
   4.7624522e+05
   4.7669737e+05
   4.7737629e+05
   4.7817424e+05
   4.7938208e+05
   5.2056115e+05
   5.2101368e+05
   5.2183377e+05
   5.2224415e+05
   5.2258160e+05
   5.2312645e+05
   5.2347002e+05
   5.2481568e+05
   5.2551791e+05
   5.2590113e+05
   5.2671701e+05
   5.2746488e+05
   5.2898708e+05
   5.2966900e+05
   5.3150140e+05
   5.3201316e+05
   5.3246223e+05
   5.3298999e+05
   5.3365710e+05
   5.3463326e+05
   5.3533111e+05
   5.3574595e+05
   5.3676131e+05
   5.3775832e+05
   5.3924495e+05
   5.3992088e+05
   5.8030358e+05
   5.8060936e+05
   5.8129507e+05
   5.8186730e+05
   5.8252571e+05
   5.8291461e+05
   5.8344531e+05
   5.8389270e+05
   5.8423859e+05
   5.8461657e+05
   5.8508036e+05
   5.8542579e+05
   5.8631802e+05
   5.8753055e+05
   5.8807972e+05
   5.8875245e+05
   5.8913487e+05
   5.9060676e+05
   5.9108431e+05
   5.9163909e+05
   5.9197748e+05
   5.9250650e+05
   5.9337317e+05
   5.9393447e+05
   5.9528859e+05
   5.9585869e+05
   5.9636764e+05
   5.9714648e+05
   5.9787997e+05
   5.9842400e+05
   5.9899586e+05
   6.0086008e+05
   6.0134771e+05
   6.0211381e+05
   6.0266996e+05
   6.0315847e+05
   6.0358450e+05
   6.0411051e+05
   6.0504794e+05
   6.0580938e+05
   6.0622560e+05
   6.0732469e+05
   6.0805284e+05
   6.1097395e+05
   6.1155184e+05
   6.1292032e+05
   6.1386376e+05
   6.1492788e+05
   6.1579287e+05
   6.1615405e+05
   6.1684481e+05
   6.1735364e+05
   6.1809719e+05
   6.1867241e+05
   6.1931408e+05
   6.1982171e+05
   6.2042467e+05
   6.2204248e+05
   6.2286985e+05
   6.2360172e+05
   6.2417309e+05
   6.2463764e+05
   6.2539942e+05
   6.2607863e+05
   6.2678709e+05
   6.2780467e+05
   6.2865989e+05
   6.2914781e+05
   6.2998642e+05
   6.3053862e+05
   6.3116133e+05
   6.3202633e+05
   6.3276073e+05
   6.3372635e+05
   6.3428883e+05
   6.3478881e+05
   6.3526063e+05
   6.3569951e+05
   6.3631929e+05
   6.3687997e+05
   6.3754783e+05
   6.3807813e+05
   6.3924961e+05
   6.4007349e+05
   6.4137520e+05
   6.4172826e+05
   6.4250592e+05
   6.4314757e+05
   6.4367111e+05
   6.5689616e+05
   6.5736805e+05
   6.5773146e+05
   6.5842695e+05
   6.5917607e+05
   6.5953147e+05
   6.6007405e+05
   6.6082775e+05
   6.6202943e+05
   6.6260295e+05
   6.6339750e+05
   6.6432141e+05
   6.6540970e+05
   6.6601925e+05
   6.6655785e+05
   6.6697046e+05
   6.6810035e+05
   6.6867352e+05
   6.6914679e+05
   6.6970077e+05
   6.7231770e+05
   6.7342848e+05
   6.7435469e+05
   6.7732283e+05
   6.7802993e+05
   6.7856961e+05
   6.7933206e+05
   6.7990015e+05
   6.8083460e+05
   6.8179809e+05
   6.8259361e+05
   6.8320870e+05
   6.8543808e+05
   6.8609257e+05
   6.8711295e+05
   6.8780716e+05
   6.9002337e+05
   6.9049991e+05
   6.9115638e+05
   6.9173185e+05
   6.9218668e+05
   6.9315793e+05
   6.9371579e+05
   6.9421176e+05
   6.9523067e+05
   6.9578133e+05
   6.9622694e+05
   6.9670108e+05
   6.9746469e+05
   6.9785606e+05
   6.9946176e+05
   7.0038746e+05
   7.0122183e+05
   7.0199408e+05
   7.0278344e+05
   7.0345354e+05
   7.0384044e+05
   7.0435045e+05
   7.0484321e+05
   7.0626454e+05
   7.0730963e+05
   7.0863188e+05
   7.1114844e+05
   7.1170761e+05
   7.1298936e+05
   7.1399894e+05
   7.1483495e+05
   7.1611688e+05
   7.1661534e+05
   7.1751702e+05
   7.1809384e+05
   7.1920742e+05
   7.2079810e+05
   7.2164145e+05
   7.2267008e+05
   7.2318110e+05
   7.2370857e+05
   7.2470046e+05
   7.2517606e+05
   7.2580945e+05
   7.2658223e+05
   7.2703777e+05
   7.2751771e+05
   7.2864500e+05
   7.3571355e+05
   7.3606732e+05
   7.3652704e+05
   7.3703726e+05
   7.3782322e+05
   7.3832162e+05
   7.3879750e+05
   7.3940737e+05
   7.3988949e+05
   7.4034520e+05
   7.4083301e+05
   7.4141901e+05
   7.4275594e+05
   7.4329420e+05
   7.4382493e+05
   7.4435960e+05
   7.4477626e+05
   7.4553676e+05
   7.4617504e+05
   7.4661342e+05
   7.4707267e+05
   7.4758088e+05
   7.4820824e+05
   7.4905242e+05
   7.4968405e+05
   7.5054217e+05
   7.5108086e+05
   7.5235553e+05
   7.5275090e+05
   7.5316448e+05
   7.5373200e+05
   7.5438430e+05
   7.5509556e+05
   7.5543120e+05
   7.5598761e+05
   7.5724741e+05
   7.5765688e+05
   7.6128890e+05
   7.6185046e+05
   7.6252050e+05
   7.6324187e+05
   7.6361763e+05
   7.6457902e+05
   7.6503971e+05
   7.6570353e+05
   7.6625715e+05
   7.6668514e+05
   7.6771428e+05
   7.6824175e+05
   7.6929232e+05
   7.6977762e+05
   7.7024588e+05
   7.7084925e+05
   7.7123324e+05
   7.7158504e+05
   7.7235217e+05
   7.7283432e+05
   7.7327999e+05
   7.7391888e+05
   7.7445781e+05
   7.7537893e+05
   7.7596854e+05
   7.7664594e+05
   7.7732403e+05
   7.7805980e+05
   7.7949334e+05
   8.2060814e+05
   8.2111676e+05
   8.2179800e+05
   8.2358621e+05
   8.2395360e+05
   8.2483564e+05
   8.2534544e+05
   8.2599395e+05
   8.2650137e+05
   8.2691297e+05
   8.2783591e+05
   8.2857315e+05
   8.2910448e+05
   8.2990268e+05
   8.3041032e+05
   8.3106431e+05
   8.3144255e+05
   8.3204349e+05
   8.3274023e+05
   8.3378553e+05
   8.3496764e+05
   8.3530849e+05
   8.3563194e+05
   8.3615709e+05
   8.3690945e+05
   8.3746552e+05
   8.3799462e+05
   8.3855951e+05
   8.3893113e+05
   8.3931353e+05
   8.3968032e+05
   8.8064028e+05
   8.8151496e+05
   8.8218699e+05
   8.8438969e+05
   8.8477812e+05
   8.8605943e+05
   8.8680863e+05
   8.8750884e+05
   8.8804382e+05
   8.8907947e+05
   8.8961349e+05
   8.9049844e+05
   8.9192740e+05
   8.9271041e+05
   8.9333487e+05
   8.9477109e+05
   8.9539656e+05
   8.9616383e+05
   8.9650554e+05
   8.9684557e+05
   8.9727990e+05
   8.9759836e+05
   8.9796760e+05
   8.9859597e+05
   8.9901893e+05
   8.9966956e+05
   9.4063083e+05
   9.4114508e+05
   9.4179158e+05
   9.4243132e+05
   9.4297847e+05
   9.4341367e+05
   9.4382725e+05
   9.4416627e+05
   9.4540005e+05
   9.4593789e+05
   9.4657382e+05
   9.4737689e+05
   9.4783613e+05
   9.4816017e+05
   9.4875466e+05
   9.4929680e+05
   9.4979636e+05
   9.5025597e+05
   9.5087711e+05
   9.5187424e+05
   9.5226319e+05
   9.5272807e+05
   9.5351227e+05
   9.5450045e+05
   9.5545129e+05
   9.5581761e+05
   9.5623771e+05
   9.5669242e+05
   9.5720647e+05
   9.5780694e+05
   9.5863561e+05
   9.5903884e+05
   9.5938573e+05
   9.5978313e+05
   1.0010247e+06
   1.0013230e+06
   1.0017884e+06
   1.0022489e+06
   1.0033356e+06
   1.0037651e+06
   1.0047259e+06
   1.0053245e+06
   1.0055814e+06
   1.0064613e+06
   1.0073688e+06
   1.0077756e+06
   1.0082201e+06
   1.0090431e+06
   1.0096302e+06
   1.0102317e+06
   1.0106338e+06
   1.0110810e+06
   1.0117034e+06
   1.0122286e+06
   1.0128065e+06
   1.0136244e+06
   1.0143826e+06
   1.0152437e+06
   1.0157061e+06
   1.0161495e+06
   1.0167474e+06
   1.0171909e+06
   1.0178113e+06
   1.0184652e+06
   1.0189310e+06
   1.0196481e+06
   1.0199815e+06
   1.0604503e+06
   1.0614565e+06
   1.0621123e+06
   1.0626984e+06
   1.0631356e+06
   1.0635352e+06
   1.0639780e+06
   1.0646838e+06
   1.0669220e+06
   1.0678150e+06
   1.0685369e+06
   1.0689146e+06
   1.0700120e+06
   1.0703464e+06
   1.0709909e+06
   1.0715165e+06
   1.0721200e+06
   1.0725338e+06
   1.0729530e+06
   1.0736120e+06
   1.0744592e+06
   1.0749062e+06
   1.0770474e+06
   1.0774834e+06
   1.0780670e+06
   1.0788262e+06
   1.0794578e+06
   1.1205761e+06
   1.1212188e+06
   1.1219629e+06
   1.1224724e+06
   1.1230982e+06
   1.1237912e+06
   1.1241744e+06
   1.1246483e+06
   1.1252793e+06
   1.1256695e+06
   1.1260867e+06
   1.1265107e+06
   1.1268720e+06
   1.1274727e+06
   1.1283051e+06
   1.1287649e+06
   1.1295167e+06
   1.1300921e+06
   1.1305882e+06
   1.1314467e+06
   1.1322844e+06
   1.1335767e+06
   1.1343452e+06
   1.1352253e+06
   1.1356830e+06
   1.1361875e+06
   1.1365620e+06
   1.1370228e+06
   1.1376706e+06
   1.1384175e+06
   1.1388873e+06
   1.1393305e+06
   1.1397284e+06
   1.1805035e+06
   1.1809003e+06
   1.1814592e+06
   1.1818952e+06
   1.1822958e+06
   1.1828279e+06
   1.1833384e+06
   1.1840496e+06
   1.1853584e+06
   1.1859071e+06
   1.1864207e+06
   1.1874869e+06
   1.1885432e+06
   1.1889249e+06
   1.1895111e+06
   1.1898785e+06
   1.1903861e+06
   1.1908489e+06
   1.1912541e+06
   1.1918572e+06
   1.1922653e+06
   1.1928904e+06
   1.1933457e+06
   1.1945269e+06
   1.1948969e+06
   1.1956024e+06
   1.1960826e+06
   1.1964686e+06
   1.1968759e+06
   1.1981166e+06
   1.1987391e+06
   1.1997265e+06
   1.2403681e+06
   1.2409390e+06
   1.2413945e+06
   1.2418885e+06
   1.2424519e+06
   1.2430263e+06
   1.2435508e+06
   1.2439984e+06
   1.2444658e+06
   1.2476363e+06
   1.2480333e+06
   1.2485480e+06
   1.2489083e+06
   1.2496349e+06
   1.2501047e+06
   1.2506508e+06
   1.2513649e+06
   1.2518225e+06
   1.2525991e+06
   1.2547808e+06
   1.2552166e+06
   1.2561131e+06
   1.2565558e+06
   1.2569853e+06
   1.2573799e+06
   1.2580431e+06
   1.2584905e+06
   1.2588048e+06
   1.2592979e+06
   1.3004525e+06
   1.3013234e+06
   1.3017850e+06
   1.3024372e+06
   1.3028952e+06
   1.3033410e+06
   1.3038259e+06
   1.3043579e+06
   1.3046856e+06
   1.3053302e+06
   1.3058559e+06
   1.3063361e+06
   1.3067853e+06
   1.3073498e+06
   1.3078848e+06
   1.3085693e+06
   1.3094977e+06
   1.3099463e+06
   1.3106146e+06
   1.3109268e+06
   1.3114201e+06
   1.3119524e+06
   1.3124977e+06
   1.3128449e+06
   1.3134471e+06
   1.3146339e+06
   1.3151809e+06
   1.3156422e+06
   1.3161230e+06
   1.3167431e+06
   1.3173868e+06
   1.3179334e+06
   1.3183710e+06
   1.3189078e+06
   1.3605363e+06
   1.3611070e+06
   1.3616550e+06
   1.3621513e+06
   1.3625603e+06
   1.3631162e+06
   1.3637912e+06
   1.3642153e+06
   1.3647144e+06
   1.3654218e+06
   1.3659879e+06
   1.3665047e+06
   1.3674842e+06
   1.3678248e+06
   1.3682815e+06
   1.3688347e+06
   1.3694774e+06
   1.3699433e+06
   1.3705258e+06
   1.3709631e+06
   1.3713860e+06
   1.3718252e+06
   1.3722725e+06
   1.3726442e+06
   1.3733654e+06
   1.3738657e+06
   1.3745613e+06
   1.3750678e+06
   1.3754390e+06
   1.3760069e+06
   1.3766892e+06
   1.3776263e+06
   1.3785120e+06
   1.3789002e+06
   1.3797573e+06
   1.4204149e+06
   1.4213089e+06
   1.4219327e+06
   1.4223634e+06
   1.4227259e+06
   1.4231711e+06
   1.4238008e+06
   1.4242270e+06
   1.4247058e+06
   1.4252975e+06
   1.4256962e+06
   1.4261561e+06
   1.4266618e+06
   1.4274750e+06
   1.4281208e+06
   1.4287286e+06
   1.4291254e+06
   1.4297926e+06
   1.4303619e+06
   1.4307936e+06
   1.4312416e+06
   1.4317072e+06
   1.4322232e+06
   1.4333615e+06
   1.4347039e+06
   1.4355211e+06
   1.4361653e+06
   1.4366258e+06
   1.4370716e+06
   1.4375791e+06
   1.4381156e+06
   1.4385308e+06
   1.4390481e+06
   1.4394912e+06
   1.4805729e+06
   1.4809818e+06
   1.4815431e+06
   1.4825669e+06
   1.4832496e+06
   1.4839445e+06
   1.4846974e+06
   1.4853585e+06
   1.4861487e+06
   1.4867271e+06
   1.4875619e+06
   1.4894585e+06
   1.4899908e+06
   1.4908470e+06
   1.4913067e+06
   1.4917750e+06
   1.4922486e+06
   1.4930379e+06
   1.4934505e+06
   1.4943965e+06
   1.4949807e+06
   1.4953668e+06
   1.4957591e+06
   1.4962618e+06
   1.4968807e+06
   1.4973541e+06
   1.4977436e+06
   1.4981265e+06
   1.4988857e+06
   1.4993766e+06
   1.4998157e+06
   1.5408063e+06
   1.5413365e+06
   1.5418413e+06
   1.5422396e+06
   1.5429828e+06
   1.5442275e+06
   1.5445945e+06
   1.5451091e+06
   1.5458097e+06
   1.5463421e+06
   1.5475198e+06
   1.5481493e+06
   1.5486041e+06
   1.5495008e+06
   1.5501644e+06
   1.5506170e+06
   1.5512203e+06
   1.5532825e+06
   1.5544227e+06
   1.5549581e+06
   1.5555210e+06
   1.5560083e+06
   1.5568872e+06
   1.5574699e+06
   1.5580021e+06
   1.5586335e+06
   1.5591204e+06
   1.6003898e+06
   1.6009306e+06
   1.6014057e+06
   1.6018799e+06
   1.6023149e+06
   1.6030357e+06
   1.6036275e+06
   1.6043579e+06
   1.6047064e+06
   1.6051496e+06
   1.6055860e+06
   1.6061783e+06
   1.6073976e+06
   1.6082038e+06
   1.6086898e+06
   1.6094096e+06
   1.6099286e+06
   1.6103635e+06
   1.6111093e+06
   1.6118433e+06
   1.6126412e+06
   1.6130085e+06
   1.6134721e+06
   1.6139180e+06
   1.6150291e+06
   1.6155460e+06
   1.6160882e+06
   1.6165288e+06
   1.6170384e+06
   1.6176081e+06
   1.6181560e+06
   1.6186583e+06
   1.6194767e+06
   1.6622357e+06
   1.6628038e+06
   1.6631874e+06
   1.6650023e+06
   1.6655626e+06
   1.6660491e+06
   1.6676203e+06
   1.6685112e+06
   1.6689429e+06
   1.6698310e+06
   1.6703039e+06
   1.6707531e+06
   1.6712068e+06
   1.6718835e+06
   1.6734174e+06
   1.6737976e+06
   1.6745205e+06
   1.6748943e+06
   1.6760919e+06
   1.6766074e+06
   1.6773147e+06
   1.6787488e+06
   1.6792875e+06
   1.6799320e+06
   1.7209335e+06
   1.7216269e+06
   1.7220924e+06
   1.7229245e+06
   1.7234729e+06
   1.7238943e+06
   1.7246329e+06
   1.7250474e+06
   1.7254564e+06
   1.7263482e+06
   1.7276684e+06
   1.7280732e+06
   1.7287071e+06
   1.7291376e+06
   1.7305900e+06
   1.7309770e+06
   1.7315450e+06
   1.7318819e+06
   1.7324362e+06
   1.7329392e+06
   1.7333520e+06
   1.7338904e+06
   1.7347061e+06
   1.7352840e+06
   1.7360211e+06
   1.7365788e+06
   1.7371482e+06
   1.7376989e+06
   1.7383671e+06
   1.7387884e+06
   1.7391073e+06
   1.7398566e+06
   1.7804191e+06
   1.7807675e+06
   1.7814179e+06
   1.7821378e+06
   1.7827338e+06
   1.7832663e+06
   1.7853367e+06
   1.7859552e+06
   1.7865700e+06
   1.7873628e+06
   1.7878643e+06
   1.7886315e+06
   1.7892315e+06
   1.7897668e+06
   1.7903461e+06
   1.7907603e+06
   1.7913234e+06
   1.7918664e+06
   1.7922308e+06
   1.7930635e+06
   1.7935212e+06
   1.7944566e+06
   1.7951229e+06
   1.7955288e+06
   1.7962047e+06
   1.7966760e+06
   1.7970292e+06
   1.7978635e+06
   1.7987075e+06
   1.7991559e+06
   1.7996569e+06
   1.8404233e+06
   1.8414200e+06
   1.8420442e+06
   1.8430978e+06
   1.8436109e+06
   1.8443420e+06
   1.8448411e+06
   1.8457079e+06
   1.8460979e+06
   1.8468938e+06
   1.8474514e+06
   1.8477644e+06
   1.8481953e+06
   1.8489900e+06
   1.8496239e+06
   1.8502190e+06
   1.8509438e+06
   1.8514499e+06
   1.8518917e+06
   1.8525132e+06
   1.8531501e+06
   1.8537768e+06
   1.8545369e+06
   1.8550764e+06
   1.8560286e+06
   1.8566284e+06
   1.9005114e+06
   1.9012429e+06
   1.9022847e+06
   1.9027842e+06
   1.9031973e+06
   1.9039115e+06
   1.9043399e+06
   1.9054171e+06
   1.9062742e+06
   1.9069615e+06
   1.9086876e+06
   1.9092085e+06
   1.9097343e+06
   1.9102447e+06
   1.9116401e+06
   1.9122069e+06
   1.9126842e+06
   1.9144672e+06
   1.9153536e+06
   1.9158890e+06
   1.9168732e+06
   1.9174816e+06
   1.9189292e+06
   1.9199600e+06
   6.0845083e+04
   6.1346373e+04
   6.2256440e+04
   6.2714410e+04
   6.3082058e+04
   6.3909132e+04
   6.4650554e+04
   6.5459030e+04
   6.6735622e+04
   6.7146772e+04
   6.7715729e+04
   6.8673142e+04
   6.9193105e+04
   6.9600868e+04
   7.0141093e+04
   7.0492110e+04
   7.1393398e+04
   7.2321494e+04
   7.2858192e+04
   7.3631644e+04
   7.4048465e+04
   7.4561314e+04
   7.5272644e+04
   7.6102618e+04
   7.6485827e+04
   7.7289490e+04
   7.7718912e+04
   7.8595997e+04
   7.8965010e+04
   7.9730933e+04
   8.0490305e+04
   8.1115905e+04
   8.1948093e+04
   8.2501774e+04
   8.3714641e+04
   8.4433828e+04
   8.4999937e+04
   8.5696309e+04
   8.7150062e+04
   8.8248923e+04
   8.9614501e+04
   9.0182209e+04
   9.0666730e+04
   9.1496482e+04
   9.1922575e+04
   9.5172263e+04
   9.5905353e+04
   9.6367181e+04
   9.6897758e+04
   9.7324632e+04
   9.8503020e+04
   9.8925080e+04
   9.9274995e+04
   1.2071512e+05
   1.2115938e+05
   1.2215003e+05
   1.2256714e+05
   1.2293026e+05
   1.2341644e+05
   1.2390610e+05
   1.2541560e+05
   1.2702870e+05
   1.2765040e+05
   1.2923628e+05
   1.2971822e+05
   1.3010735e+05
   1.3070842e+05
   1.3165168e+05
   1.3224591e+05
   1.3285700e+05
   1.3343630e+05
   1.3401966e+05
   1.3443431e+05
   1.3491788e+05
   1.3532313e+05
   1.3722681e+05
   1.3836607e+05
   1.4020216e+05
   1.4173055e+05
   1.4211502e+05
   1.4319913e+05
   1.4386864e+05
   1.4421537e+05
   1.4464520e+05
   1.4505940e+05
   1.4557531e+05
   1.4618069e+05
   1.4703783e+05
   1.4748447e+05
   1.4797970e+05
   1.4850926e+05
   1.4915529e+05
   1.4965571e+05
   1.5014908e+05
   1.5090070e+05
   1.5201769e+05
   1.5266648e+05
   1.5324493e+05
   1.5602595e+05
   1.5679772e+05
   1.5716078e+05
   1.5767534e+05
   1.5844483e+05
   1.5899955e+05
   1.8163918e+05
   1.8242840e+05
   1.8304741e+05
   1.8398204e+05
   1.8460392e+05
   1.8640174e+05
   1.8780088e+05
   1.8826754e+05
   1.8879688e+05
   1.8923574e+05
   1.8992095e+05
   1.9048838e+05
   1.9128048e+05
   1.9191589e+05
   1.9269620e+05
   1.9347632e+05
   1.9434392e+05
   1.9541407e+05
   1.9624339e+05
   1.9690030e+05
   1.9757974e+05
   1.9799973e+05
   1.9850974e+05
   1.9905706e+05
   2.0023217e+05
   2.0068364e+05
   2.0119443e+05
   2.0187335e+05
   2.0228989e+05
   2.0272583e+05
   2.0320115e+05
   2.0415727e+05
   2.0455862e+05
   2.1209885e+05
   2.1258888e+05
   2.1358286e+05
   2.1462214e+05
   2.1532637e+05
   2.1590322e+05
   2.1679945e+05
   2.1821008e+05
   2.1870268e+05
   2.1940872e+05
   2.4061991e+05
   2.4156139e+05
   2.4317096e+05
   2.4364164e+05
   2.4493693e+05
   2.4548433e+05
   2.4661078e+05
   2.4730774e+05
   2.4787724e+05
   2.4835367e+05
   2.4916496e+05
   2.4965616e+05
   2.5030471e+05
   2.5084307e+05
   2.5120834e+05
   2.5231898e+05
   2.5276831e+05
   2.5363921e+05
   2.5404665e+05
   2.5465059e+05
   2.5605034e+05
   2.5671701e+05
   2.5845255e+05
   2.5905919e+05
   2.5972608e+05
   2.6032587e+05
   2.6091073e+05
   2.6129143e+05
   2.6179749e+05
   2.6212741e+05
   2.6261054e+05
   2.6328889e+05
   2.6398769e+05
   2.6436728e+05
   2.6501778e+05
   2.6576530e+05
   2.6629653e+05
   2.6777425e+05
   2.7158972e+05
   2.7239513e+05
   2.7330147e+05
   2.7422512e+05
   2.7469038e+05
   2.7514297e+05
   2.7573697e+05
   2.7610051e+05
   2.7682359e+05
   2.7749831e+05
   2.7814731e+05
   2.7866201e+05
   2.7922824e+05
   2.7982172e+05
   3.0049017e+05
   3.0107325e+05
   3.0207349e+05
   3.0267328e+05
   3.0337908e+05
   3.0419001e+05
   3.0478821e+05
   3.0627885e+05
   3.0681584e+05
   3.0760508e+05
   3.1568737e+05
   3.1652601e+05
   3.1709228e+05
   3.1770297e+05
   3.1825916e+05
   3.1955001e+05
   3.2019362e+05
   3.2099921e+05
   3.2199791e+05
   3.2248695e+05
   3.2371272e+05
   3.2424851e+05
   3.2478205e+05
   3.2528563e+05
   3.2616746e+05
   3.2663333e+05
   3.2758324e+05
   3.2812082e+05
   3.2852116e+05
   3.2903177e+05
   3.2979156e+05
   3.3029403e+05
   3.3101695e+05
   3.3205285e+05
   3.3263109e+05
   3.3328776e+05
   3.3441961e+05
   3.6044874e+05
   3.6103409e+05
   3.6160129e+05
   3.6287472e+05
   3.6341812e+05
   3.6416251e+05
   3.6462255e+05
   3.6562105e+05
   3.6621311e+05
   3.6724286e+05
   3.6781084e+05
   3.6857791e+05
   3.6903740e+05
   3.6939398e+05
   3.6983100e+05
   3.7025253e+05
   3.7088447e+05
   3.7128996e+05
   3.7191497e+05
   3.7286210e+05
   3.7380471e+05
   3.7430804e+05
   3.7481823e+05
   3.7544098e+05
   3.7633998e+05
   3.7697981e+05
   3.7779454e+05
   3.7853648e+05
   3.7893498e+05
   3.7934965e+05
   3.8027569e+05
   3.8084147e+05
   3.8149426e+05
   3.8206570e+05
   3.8255863e+05
   3.8317577e+05
   3.8364142e+05
   3.8452538e+05
   3.8502341e+05
   3.8553176e+05
   3.8628743e+05
   3.8687031e+05
   3.8737633e+05
   3.8776543e+05
   3.8844396e+05
   3.8965728e+05
   3.9015736e+05
   3.9060658e+05
   3.9117816e+05
   3.9227361e+05
   3.9304111e+05
   3.9399311e+05
   3.9441218e+05
   3.9571647e+05
   3.9646813e+05
   3.9712346e+05
   3.9775397e+05
   3.9831350e+05
   4.2071204e+05
   4.2125125e+05
   4.2170609e+05
   4.2228634e+05
   4.2322945e+05
   4.2514420e+05
   4.2564284e+05
   4.2653681e+05
   4.2809446e+05
   4.2848108e+05
   4.4463381e+05
   4.4519871e+05
   4.4672530e+05
   4.4732992e+05
   4.4882563e+05
   4.4990712e+05
   4.5140707e+05
   4.5263276e+05
   4.5351479e+05
   4.5492134e+05
   4.5614096e+05
   4.5675191e+05
   4.5796153e+05
   4.8051889e+05
   4.8138528e+05
   4.8188387e+05
   4.8245641e+05
   4.8307063e+05
   4.8375618e+05
   4.8437737e+05
   4.8668478e+05
   4.8746603e+05
   4.8825464e+05
   4.9054056e+05
   4.9159615e+05
   4.9216842e+05
   4.9258103e+05
   4.9341465e+05
   4.9397462e+05
   4.9456841e+05
   4.9541873e+05
   4.9744500e+05
   4.9802069e+05
   4.9848227e+05
   4.9896661e+05
   4.9948113e+05
   5.0007706e+05
   5.0049213e+05
   5.0091851e+05
   5.0188371e+05
   5.0296696e+05
   5.0338291e+05
   5.0393901e+05
   5.0464542e+05
   5.0732835e+05
   5.0786338e+05
   5.0853949e+05
   5.0915445e+05
   5.0979007e+05
   5.1077918e+05
   5.1155205e+05
   5.1210154e+05
   5.1291998e+05
   5.1353013e+05
   5.1393148e+05
   5.1431184e+05
   5.1577523e+05
   5.1653350e+05
   5.1732005e+05
   5.1782663e+05
   5.1835669e+05
   5.1876690e+05
   5.4072801e+05
   5.4171531e+05
   5.4240287e+05
   5.4289665e+05
   5.4327985e+05
   5.4384490e+05
   5.4435738e+05
   5.4515506e+05
   5.4562367e+05
   5.4636763e+05
   5.4681545e+05
   5.4751686e+05
   5.4900188e+05
   5.5044998e+05
   5.5079109e+05
   5.5173191e+05
   5.5313010e+05
   5.5393911e+05
   5.5479837e+05
   5.5535618e+05
   5.5608160e+05
   5.5675917e+05
   5.5745826e+05
   5.5796200e+05
   5.5836487e+05
   5.5964008e+05
   5.6049369e+05
   5.6142468e+05
   5.6278478e+05
   5.6384612e+05
   5.6448830e+05
   5.6501350e+05
   5.6557139e+05
   5.6618131e+05
   5.6677254e+05
   5.6721758e+05
   5.6757838e+05
   5.6804032e+05
   5.6864689e+05
   5.6962433e+05
   5.6993937e+05
   5.7085626e+05
   5.7136711e+05
   5.7181795e+05
   5.7268325e+05
   5.7323065e+05
   5.7383327e+05
   5.7465938e+05
   5.7502325e+05
   5.7566567e+05
   5.7671435e+05
   5.7736505e+05
   5.7792515e+05
   5.7941825e+05
   5.7994874e+05
   7.8063771e+05
   7.8109319e+05
   7.8320166e+05
   7.8399246e+05
   7.8460094e+05
   7.8618833e+05
   7.8698172e+05
   7.8748848e+05
   7.8822950e+05
   7.8927515e+05
   7.8986751e+05
   7.9090216e+05
   7.9158293e+05
   7.9195629e+05
   7.9241408e+05
   7.9302056e+05
   7.9414134e+05
   7.9467055e+05
   7.9517223e+05
   7.9612735e+05
   7.9644925e+05
   7.9706147e+05
   7.9764613e+05
   7.9848402e+05
   7.9902816e+05
   7.9951387e+05
   7.9998416e+05
   8.0044546e+05
   8.0089770e+05
   8.0180427e+05
   8.0272082e+05
   8.0314695e+05
   8.0383780e+05
   8.0431023e+05
   8.0486675e+05
   8.0530229e+05
   8.0587292e+05
   8.0745773e+05
   8.1348615e+05
   8.1401996e+05
   8.1508376e+05
   8.1569442e+05
   8.1624822e+05
   8.1739836e+05
   8.1783537e+05
   8.1844806e+05
   8.1910394e+05
   8.1961599e+05
   8.4077706e+05
   8.4233408e+05
   8.4317848e+05
   8.4458835e+05
   8.4516321e+05
   8.4560838e+05
   8.4617849e+05
   8.4654201e+05
   8.4712136e+05
   8.4779542e+05
   8.4827702e+05
   8.4886435e+05
   8.4937945e+05
   8.4994820e+05
   8.5038756e+05
   8.5096370e+05
   8.5147856e+05
   8.5227220e+05
   8.5280012e+05
   8.5328968e+05
   8.5394807e+05
   8.5434625e+05
   8.5490531e+05
   8.5530024e+05
   8.5624525e+05
   8.5679643e+05
   8.5730571e+05
   8.5848905e+05
   8.5906658e+05
   8.5992382e+05
   8.6053674e+05
   8.6097112e+05
   8.6145001e+05
   8.6202002e+05
   8.6246733e+05
   8.6301117e+05
   8.6384595e+05
   8.6423711e+05
   8.6457318e+05
   8.6566001e+05
   8.6612708e+05
   8.6667530e+05
   8.6712284e+05
   8.6748197e+05
   8.6784252e+05
   8.6860479e+05
   8.6923345e+05
   8.6968279e+05
   8.7155942e+05
   8.7225257e+05
   8.7330594e+05
   8.7380594e+05
   8.7424316e+05
   8.7559148e+05
   8.7620229e+05
   8.7708990e+05
   8.7776197e+05
   8.7814524e+05
   8.7855377e+05
   8.7912606e+05
   8.7954694e+05
   9.0059124e+05
   9.0142499e+05
   9.0211945e+05
   9.0306006e+05
   9.0481470e+05
   9.0537311e+05
   9.0616826e+05
   9.0682189e+05
   9.0740858e+05
   9.0829151e+05
   9.0889448e+05
   9.0942411e+05
   9.1030656e+05
   9.1067792e+05
   9.1122486e+05
   9.1182035e+05
   9.1297034e+05
   9.1357271e+05
   9.1411219e+05
   9.1461896e+05
   9.1533138e+05
   9.1584815e+05
   9.1630871e+05
   9.1702925e+05
   9.1761831e+05
   9.1953126e+05
   9.1992128e+05
   9.2031973e+05
   9.2078796e+05
   9.2127119e+05
   9.2190822e+05
   9.2279607e+05
   9.2331580e+05
   9.2410094e+05
   9.2483002e+05
   9.2565326e+05
   9.2625114e+05
   9.2668048e+05
   9.2716024e+05
   9.2793644e+05
   9.2866879e+05
   9.2926093e+05
   9.2988310e+05
   9.3030687e+05
   9.3062679e+05
   9.3186000e+05
   9.3247087e+05
   9.3321439e+05
   9.3438564e+05
   9.3496113e+05
   9.3535604e+05
   9.3591680e+05
   9.3666870e+05
   9.3731122e+05
   9.3773607e+05
   9.3859514e+05
   9.3985348e+05
   9.6448913e+05
   9.6503762e+05
   9.6558827e+05
   9.6604513e+05
   9.6650992e+05
   9.6687964e+05
   9.6729026e+05
   9.6765997e+05
   9.6850062e+05
   9.6913040e+05
   9.6957535e+05
   9.7014047e+05
   9.7067418e+05
   9.7121265e+05
   9.7168007e+05
   9.7260504e+05
   9.7376515e+05
   9.7428583e+05
   9.7498307e+05
   9.7600548e+05
   9.7697354e+05
   9.7840348e+05
   9.7911047e+05
   9.7972498e+05
   9.8270749e+05
   9.8345224e+05
   9.8415905e+05
   9.8467491e+05
   9.8507814e+05
   9.8545154e+05
   9.8650120e+05
   9.8718071e+05
   9.8786719e+05
   9.8864937e+05
   9.8940763e+05
   9.9063519e+05
   9.9135155e+05
   9.9895409e+05
   9.9970308e+05
   1.0206946e+06
   1.0216723e+06
   1.0220556e+06
   1.0231719e+06
   1.0239361e+06
   1.0242989e+06
   1.0253961e+06
   1.0261662e+06
   1.0268068e+06
   1.0273466e+06
   1.0283198e+06
   1.0293531e+06
   1.0297646e+06
   1.0304190e+06
   1.0309262e+06
   1.0314454e+06
   1.0322995e+06
   1.0328055e+06
   1.0335847e+06
   1.0341719e+06
   1.0347017e+06
   1.0352978e+06
   1.0364210e+06
   1.0384092e+06
   1.0389067e+06
   1.0395396e+06
   1.0401400e+06
   1.0428045e+06
   1.0431545e+06
   1.0439400e+06
   1.0449619e+06
   1.0460516e+06
   1.0521498e+06
   1.0528442e+06
   1.0534432e+06
   1.0546128e+06
   1.0550250e+06
   1.0560401e+06
   1.0570623e+06
   1.0578357e+06
   1.0586235e+06
   1.0589974e+06
   1.0594976e+06
   1.0806943e+06
   1.0811638e+06
   1.0815954e+06
   1.0820612e+06
   1.0826132e+06
   1.0833606e+06
   1.0846630e+06
   1.0858363e+06
   1.0865473e+06
   1.0871818e+06
   1.0882712e+06
   1.0891269e+06
   1.0896409e+06
   1.0900660e+06
   1.0907515e+06
   1.0912747e+06
   1.0917881e+06
   1.0922570e+06
   1.0929367e+06
   1.0933632e+06
   1.0948611e+06
   1.0960001e+06
   1.0965560e+06
   1.0971617e+06
   1.0982558e+06
   1.0988242e+06
   1.0994301e+06
   1.0999306e+06
   1.1003958e+06
   1.1014146e+06
   1.1022086e+06
   1.1028830e+06
   1.1034749e+06
   1.1045685e+06
   1.1052149e+06
   1.1060716e+06
   1.1069214e+06
   1.1072702e+06
   1.1076022e+06
   1.1080177e+06
   1.1094980e+06
   1.1103802e+06
   1.1108588e+06
   1.1114116e+06
   1.1119426e+06
   1.1125766e+06
   1.1133165e+06
   1.1138289e+06
   1.1144170e+06
   1.1405529e+06
   1.1411081e+06
   1.1416502e+06
   1.1421910e+06
   1.1429424e+06
   1.1435165e+06
   1.1440177e+06
   1.1449390e+06
   1.1468571e+06
   1.1480994e+06
   1.1488361e+06
   1.1493272e+06
   1.1513744e+06
   1.1517489e+06
   1.1524994e+06
   1.1529190e+06
   1.1533312e+06
   1.1541709e+06
   1.1549258e+06
   1.1563312e+06
   1.1570773e+06
   1.1578877e+06
   1.1586223e+06
   1.1593734e+06
   1.1597894e+06
   1.1608126e+06
   1.1613375e+06
   1.1620282e+06
   1.1628407e+06
   1.1633185e+06
   1.1639436e+06
   1.1665267e+06
   1.1670596e+06
   1.1675921e+06
   1.1710375e+06
   1.1713970e+06
   1.1724072e+06
   1.1730201e+06
   1.1737436e+06
   1.1743857e+06
   1.1750762e+06
   1.1754626e+06
   1.1765047e+06
   1.1772520e+06
   1.1783527e+06
   1.1789513e+06
   1.1794319e+06
   1.2011330e+06
   1.2019757e+06
   1.2024723e+06
   1.2035007e+06
   1.2043404e+06
   1.2049416e+06
   1.2057591e+06
   1.2061848e+06
   1.2073514e+06
   1.2079004e+06
   1.2083424e+06
   1.2094958e+06
   1.2098974e+06
   1.2107649e+06
   1.2119714e+06
   1.2137662e+06
   1.2141552e+06
   1.2151422e+06
   1.2160362e+06
   1.2166495e+06
   1.2175042e+06
   1.2183466e+06
   1.2189975e+06
   1.2199601e+06
   1.2203522e+06
   1.2213024e+06
   1.2222003e+06
   1.2225658e+06
   1.2238202e+06
   1.2277028e+06
   1.2282871e+06
   1.2288259e+06
   1.2293606e+06
   1.2322780e+06
   1.2327907e+06
   1.2332350e+06
   1.2338251e+06
   1.2342660e+06
   1.2348318e+06
   1.2352543e+06
   1.2358151e+06
   1.2371608e+06
   1.2377983e+06
   1.2385272e+06
   1.2393724e+06
   1.2398441e+06
   1.2620674e+06
   1.2625881e+06
   1.2632303e+06
   1.2639145e+06
   1.2648831e+06
   1.2652850e+06
   1.2658099e+06
   1.2662212e+06
   1.2667834e+06
   1.2678957e+06
   1.2684958e+06
   1.2693040e+06
   1.2700259e+06
   1.2708283e+06
   1.2716397e+06
   1.2721557e+06
   1.2730056e+06
   1.2738456e+06
   1.2744356e+06
   1.2749950e+06
   1.2761627e+06
   1.2765872e+06
   1.2771673e+06
   1.2778126e+06
   1.2783736e+06
   1.2790816e+06
   1.2797701e+06
   1.2804017e+06
   1.2809081e+06
   1.2816676e+06
   1.2820668e+06
   1.2834644e+06
   1.2840270e+06
   1.2845646e+06
   1.2851402e+06
   1.2870639e+06
   1.2877564e+06
   1.2885267e+06
   1.2894813e+06
   1.2902652e+06
   1.2912467e+06
   1.2920118e+06
   1.2924175e+06
   1.2929982e+06
   1.2938482e+06
   1.2945408e+06
   1.2951941e+06
   1.2954897e+06
   1.2961683e+06
   1.2967165e+06
   1.2973892e+06
   1.2980025e+06
   1.2990981e+06
   1.2996076e+06
   1.3205445e+06
   1.3248634e+06
   1.3254787e+06
   1.3259062e+06
   1.3271342e+06
   1.3279391e+06
   1.3285970e+06
   1.3291592e+06
   1.3297069e+06
   1.3304687e+06
   1.3314511e+06
   1.3320163e+06
   1.3326976e+06
   1.3331287e+06
   1.3337187e+06
   1.3345826e+06
   1.3350604e+06
   1.3354750e+06
   1.3362629e+06
   1.3366610e+06
   1.3417782e+06
   1.3429919e+06
   1.3434716e+06
   1.3442579e+06
   1.3453512e+06
   1.3459065e+06
   1.3467241e+06
   1.3474812e+06
   1.3480896e+06
   1.3495993e+06
   1.3505128e+06
   1.3511379e+06
   1.3516629e+06
   1.3528950e+06
   1.3533165e+06
   1.3538336e+06
   1.3544665e+06
   1.3553424e+06
   1.3560637e+06
   1.3567735e+06
   1.3574411e+06
   1.3581470e+06
   1.3587672e+06
   1.3591981e+06
   1.3596370e+06
   1.3805936e+06
   1.3813830e+06
   1.3817500e+06
   1.3821968e+06
   1.3827573e+06
   1.3833311e+06
   1.3838109e+06
   1.3842356e+06
   1.3849094e+06
   1.3854981e+06
   1.3863800e+06
   1.3885447e+06
   1.3889837e+06
   1.3895001e+06
   1.3900412e+06
   1.3906147e+06
   1.3913182e+06
   1.3918578e+06
   1.3926433e+06
   1.3931192e+06
   1.3935895e+06
   1.3941793e+06
   1.3947566e+06
   1.3953440e+06
   1.3957955e+06
   1.3962541e+06
   1.3971158e+06
   1.3978998e+06
   1.3983517e+06
   1.3989060e+06
   1.4000209e+06
   1.4005831e+06
   1.4012809e+06
   1.4017415e+06
   1.4022231e+06
   1.4030977e+06
   1.4043386e+06
   1.4051640e+06
   1.4056973e+06
   1.4062032e+06
   1.4066668e+06
   1.4072509e+06
   1.4075971e+06
   1.4080536e+06
   1.4089229e+06
   1.4095147e+06
   1.4099884e+06
   1.4104438e+06
   1.4110581e+06
   1.4115008e+06
   1.4120635e+06
   1.4124790e+06
   1.4129461e+06
   1.4137251e+06
   1.4140774e+06
   1.4145715e+06
   1.4151944e+06
   1.4159173e+06
   1.4169041e+06
   1.4173523e+06
   1.4177418e+06
   1.4186206e+06
   1.4192032e+06
   1.4198812e+06
   1.4408657e+06
   1.4414608e+06
   1.4420673e+06
   1.4424419e+06
   1.4430951e+06
   1.4436294e+06
   1.4446468e+06
   1.4465834e+06
   1.4470441e+06
   1.4476107e+06
   1.4480965e+06
   1.4494070e+06
   1.4499668e+06
   1.4503141e+06
   1.4507361e+06
   1.4512027e+06
   1.4520738e+06
   1.4525425e+06
   1.4547225e+06
   1.4553768e+06
   1.4558892e+06
   1.4564276e+06
   1.4568616e+06
   1.4575330e+06
   1.4580110e+06
   1.4583902e+06
   1.4589182e+06
   1.4594504e+06
   1.4603367e+06
   1.4612604e+06
   1.4616598e+06
   1.4623830e+06
   1.4631431e+06
   1.4642082e+06
   1.4654735e+06
   1.4662232e+06
   1.4668707e+06
   1.4674116e+06
   1.4681841e+06
   1.4687866e+06
   1.4693379e+06
   1.4699931e+06
   1.4708736e+06
   1.4723566e+06
   1.4731095e+06
   1.4737700e+06
   1.4742637e+06
   1.4759995e+06
   1.4765275e+06
   1.4771371e+06
   1.4777503e+06
   1.4783513e+06
   1.4788461e+06
   1.4794818e+06
   1.5006212e+06
   1.5012531e+06
   1.5017795e+06
   1.5027528e+06
   1.5033844e+06
   1.5037393e+06
   1.5042062e+06
   1.5046973e+06
   1.5054739e+06
   1.5061305e+06
   1.5068035e+06
   1.5072646e+06
   1.5078031e+06
   1.5084947e+06
   1.5089565e+06
   1.5099302e+06
   1.5104274e+06
   1.5108265e+06
   1.5116255e+06
   1.5125565e+06
   1.5129589e+06
   1.5136613e+06
   1.5144172e+06
   1.5153802e+06
   1.5162125e+06
   1.5167090e+06
   1.5171825e+06
   1.5178171e+06
   1.5182492e+06
   1.5189305e+06
   1.5195312e+06
   1.5203106e+06
   1.5211539e+06
   1.5216028e+06
   1.5223500e+06
   1.5238365e+06
   1.5246856e+06
   1.5250890e+06
   1.5257435e+06
   1.5278936e+06
   1.5290187e+06
   1.5299273e+06
   1.5350454e+06
   1.5359472e+06
   1.5364369e+06
   1.5370177e+06
   1.5375486e+06
   1.5380256e+06
   1.5388982e+06
   1.5395060e+06
   1.5606323e+06
   1.5610876e+06
   1.5617745e+06
   1.5626504e+06
   1.5630108e+06
   1.5637286e+06
   1.5641328e+06
   1.5645696e+06
   1.5650225e+06
   1.5654843e+06
   1.5664037e+06
   1.5668900e+06
   1.5677427e+06
   1.5682324e+06
   1.5686932e+06
   1.5696252e+06
   1.5725556e+06
   1.5730132e+06
   1.5735083e+06
   1.5739389e+06
   1.5747480e+06
   1.5756400e+06
   1.5763135e+06
   1.5767976e+06
   1.5771977e+06
   1.5779409e+06
   1.5784468e+06
   1.5793859e+06
   1.5800928e+06
   1.5809782e+06
   1.5819593e+06
   1.5825531e+06
   1.5830574e+06
   1.5836677e+06
   1.5843418e+06
   1.5847048e+06
   1.5855265e+06
   1.5858687e+06
   1.5864866e+06
   1.5870734e+06
   1.5877590e+06
   1.5892482e+06
   1.5899126e+06
   1.5902969e+06
   1.5909454e+06
   1.5917588e+06
   1.5923927e+06
   1.5927913e+06
   1.5932458e+06
   1.5937430e+06
   1.5942677e+06
   1.5984508e+06
   1.6205166e+06
   1.6214099e+06
   1.6222183e+06
   1.6227226e+06
   1.6233067e+06
   1.6244224e+06
   1.6256716e+06
   1.6271227e+06
   1.6275016e+06
   1.6306586e+06
   1.6310573e+06
   1.6314591e+06
   1.6322699e+06
   1.6328307e+06
   1.6335981e+06
   1.6345132e+06
   1.6351501e+06
   1.6360494e+06
   1.6367023e+06
   1.6376612e+06
   1.6382060e+06
   1.6386706e+06
   1.6391803e+06
   1.6397900e+06
   1.6408172e+06
   1.6430018e+06
   1.6433844e+06
   1.6444708e+06
   1.6447957e+06
   1.6456598e+06
   1.6466921e+06
   1.6472937e+06
   1.6482347e+06
   1.6491617e+06
   1.6496541e+06
   1.6501333e+06
   1.6505504e+06
   1.6510060e+06
   1.6521276e+06
   1.6532769e+06
   1.6539469e+06
   1.6544440e+06
   1.6549897e+06
   1.6557494e+06
   1.6563288e+06
   1.6569611e+06
   1.6574803e+06
   1.6583191e+06
   1.6588623e+06
   1.6592600e+06
   1.6597648e+06
   1.6803847e+06
   1.6812367e+06
   1.6818364e+06
   1.6825617e+06
   1.6836460e+06
   1.6840933e+06
   1.6854738e+06
   1.6858758e+06
   1.6863816e+06
   1.6868798e+06
   1.6876468e+06
   1.6882425e+06
   1.6887172e+06
   1.6895567e+06
   1.6900704e+06
   1.6907178e+06
   1.6911757e+06
   1.6917740e+06
   1.6931482e+06
   1.6936330e+06
   1.6942420e+06
   1.6948708e+06
   1.6957290e+06
   1.6964060e+06
   1.6970588e+06
   1.6975555e+06
   1.6980536e+06
   1.6989583e+06
   1.7002573e+06
   1.7009092e+06
   1.7020123e+06
   1.7024471e+06
   1.7031904e+06
   1.7041488e+06
   1.7047631e+06
   1.7059118e+06
   1.7066462e+06
   1.7071315e+06
   1.7080368e+06
   1.7084088e+06
   1.7090017e+06
   1.7095735e+06
   1.7106753e+06
   1.7114201e+06
   1.7138099e+06
   1.7143491e+06
   1.7149448e+06
   1.7155019e+06
   1.7158976e+06
   1.7164851e+06
   1.7171677e+06
   1.7176365e+06
   1.7186161e+06
   1.7189509e+06
   1.7195537e+06
   1.7404975e+06
   1.7412404e+06
   1.7417615e+06
   1.7423738e+06
   1.7430763e+06
   1.7436706e+06
   1.7441343e+06
   1.7448015e+06
   1.7454579e+06
   1.7458530e+06
   1.7464703e+06
   1.7486413e+06
   1.7493694e+06
   1.7505772e+06
   1.7509446e+06
   1.7515039e+06
   1.7525677e+06
   1.7534467e+06
   1.7542019e+06
   1.7557070e+06
   1.7563512e+06
   1.7569819e+06
   1.7580027e+06
   1.7585938e+06
   1.7589841e+06
   1.7597372e+06
   1.7606079e+06
   1.7609816e+06
   1.7614830e+06
   1.7618509e+06
   1.7624068e+06
   1.7632555e+06
   1.7637194e+06
   1.7642563e+06
   1.7651131e+06
   1.7655419e+06
   1.7667143e+06
   1.7673905e+06
   1.7680029e+06
   1.7683386e+06
   1.7692314e+06
   1.7697692e+06
   1.7704335e+06
   1.7718268e+06
   1.7722458e+06
   1.7726281e+06
   1.7743678e+06
   1.7748339e+06
   1.7752644e+06
   1.7765484e+06
   1.7774354e+06
   1.7778663e+06
   1.7786397e+06
   1.7792075e+06
   1.7799490e+06
   1.8007646e+06
   1.8015406e+06
   1.8020798e+06
   1.8025825e+06
   1.8032204e+06
   1.8043377e+06
   1.8048442e+06
   1.8053737e+06
   1.8058882e+06
   1.8064979e+06
   1.8084121e+06
   1.8090421e+06
   1.8095733e+06
   1.8100318e+06
   1.8105299e+06
   1.8115459e+06
   1.8120559e+06
   1.8128857e+06
   1.8133684e+06
   1.8137534e+06
   1.8140992e+06
   1.8145753e+06
   1.8166150e+06
   1.8172201e+06
   1.8178502e+06
   1.8189177e+06
   1.8193128e+06
   1.8231983e+06
   1.8236510e+06
   1.8241302e+06
   1.8245369e+06
   1.8251888e+06
   1.8257198e+06
   1.8265961e+06
   1.8273003e+06
   1.8277490e+06
   1.8290061e+06
   1.8298097e+06
   1.8304548e+06
   1.8309378e+06
   1.8318344e+06
   1.8325178e+06
   1.8330504e+06
   1.8338352e+06
   1.8346741e+06
   1.8352467e+06
   1.8358134e+06
   1.8363132e+06
   1.8368632e+06
   1.8379701e+06
   1.8384080e+06
   1.8388180e+06
   1.8396139e+06
   1.8606473e+06
   1.8617308e+06
   1.8624405e+06
   1.8652048e+06
   1.8667462e+06
   1.8675332e+06
   1.8680343e+06
   1.8686620e+06
   1.8694980e+06
   1.8700560e+06
   1.8705546e+06
   1.8715039e+06
   1.8720763e+06
   1.8724654e+06
   1.8742016e+06
   1.8753569e+06
   1.8764798e+06
   1.8794695e+06
   1.8799082e+06
   1.8803414e+06
   1.8814624e+06
   1.8819220e+06
   1.8823941e+06
   1.8828761e+06
   1.8833336e+06
   1.8837854e+06
   1.8844096e+06
   1.8848187e+06
   1.8859249e+06
   1.8864998e+06
   1.8873697e+06
   1.8889254e+06
   1.8894734e+06
   1.8902025e+06
   1.8908437e+06
   1.8914794e+06
   1.8920576e+06
   1.8924714e+06
   1.8928729e+06
   1.8931568e+06
   1.8940877e+06
   1.8944415e+06
   1.8949002e+06
   1.8954004e+06
   1.8959426e+06
   1.8967278e+06
   1.8975368e+06
   1.8982160e+06
   1.8989133e+06
   1.8995006e+06
   1.8999659e+06
   1.8949000e+06
   1.8953619e+06
   1.8967849e+06
   1.8975052e+06
   1.8984546e+06
   1.8990097e+06
   1.8995044e+06
   1.8724448e+06
   1.8734649e+06
   1.8741461e+06
   1.8747889e+06
   1.8753637e+06
   1.8759041e+06
   1.8766407e+06
   1.8782884e+06
   1.8786914e+06
   1.8791030e+06
   1.8798531e+06
   1.8803013e+06
   1.8809263e+06
   1.8817332e+06
   1.8825407e+06
   1.8830434e+06
   1.8836038e+06
   1.8842176e+06
   1.8847895e+06
   1.8851651e+06
   1.8856325e+06
   1.8861649e+06
   1.8879838e+06
   1.8886939e+06
   1.8895709e+06
   1.8901366e+06
   1.8907193e+06
   1.8913713e+06
   1.8925358e+06
   1.8929295e+06
   1.8933550e+06
   1.8941007e+06
   1.8949676e+06
   1.8955801e+06
   1.8964951e+06
   1.8971269e+06
   1.8977853e+06
   1.8985355e+06
   1.8991428e+06
   1.8999029e+06
