   1.7359878e+03
   2.7603185e+03
   4.2079475e+03
   6.6081867e+03
   7.8813996e+03
   9.9699762e+03
   1.1549139e+04
   1.3393112e+04
   1.5042222e+04
   1.6502143e+04
   1.7748276e+04
   1.9832354e+04
   2.0935989e+04
   2.2493170e+04
   2.3777948e+04
   2.5246655e+04
   2.6845624e+04
   2.8433167e+04
   2.9707843e+04
   3.0876186e+04
   3.4415860e+04
   3.9601561e+04
   4.1195026e+04
   4.1078465e+04
   4.2688444e+04
   4.4207084e+04
   4.5644399e+04
   4.6546195e+04
   4.8368649e+04
   4.9674234e+04
   5.0865387e+04
   5.2289806e+04
   5.3312017e+04
   5.5192926e+04
   5.6370882e+04
   5.9026112e+04
   1.0099069e+05
   1.0188429e+05
   1.0293355e+05
   1.0464904e+05
   1.0643218e+05
   1.0827983e+05
   1.1113152e+05
   1.1271722e+05
   1.1377917e+05
   1.1520071e+05
   1.1660784e+05
   1.1940566e+05
   1.6121946e+05
   1.6251440e+05
   1.6416563e+05
   1.6535251e+05
   1.6656102e+05
   1.6821793e+05
   1.6950929e+05
   1.7105123e+05
   1.7202069e+05
   1.7339440e+05
   1.7473382e+05
   1.7612638e+05
   1.7792196e+05
   1.7887566e+05
   2.2103607e+05
   2.2194819e+05
   2.2297774e+05
   2.2424419e+05
   2.2580245e+05
   2.2675677e+05
   2.2810304e+05
   2.2943272e+05
   2.3111764e+05
   2.3239394e+05
   2.3339597e+05
   2.3559602e+05
   2.3747832e+05
   2.3845691e+05
   2.3938015e+05
   2.8089208e+05
   2.8436167e+05
   2.8557808e+05
   2.8685310e+05
   2.8821985e+05
   2.8965551e+05
   2.9065088e+05
   2.9176907e+05
   2.9276257e+05
   2.9543671e+05
   2.9697130e+05
   2.9838972e+05
   2.9949927e+05
   3.4099292e+05
   3.4209565e+05
   3.4362286e+05
   3.4563108e+05
   3.4843722e+05
   3.5044277e+05
   3.5222249e+05
   3.5384267e+05
   3.5509433e+05
   3.5614128e+05
   3.5710991e+05
   3.5838918e+05
   3.5939832e+05
   4.0210908e+05
   4.0310248e+05
   4.0407478e+05
   4.0558384e+05
   4.0656697e+05
   4.0840237e+05
   4.0942517e+05
   4.1104076e+05
   4.1243185e+05
   4.1380323e+05
   4.1509120e+05
   4.1671505e+05
   4.1793999e+05
   4.1908525e+05
   4.6125203e+05
   4.6222434e+05
   4.6315842e+05
   4.6512562e+05
   4.6817213e+05
   4.6969814e+05
   4.7188174e+05
   4.7278343e+05
   4.7373796e+05
   4.7536635e+05
   4.7649997e+05
   4.7773496e+05
   4.7861302e+05
   4.7959163e+05
   5.2145398e+05
   5.2249777e+05
   5.2333769e+05
   5.2484932e+05
   5.2803686e+05
   5.2931999e+05
   5.3024607e+05
   5.3140928e+05
   5.3311649e+05
   5.3518471e+05
   5.3638877e+05
   5.3759206e+05
   5.3956599e+05
   5.8092277e+05
   5.8201639e+05
   5.8312769e+05
   5.8410616e+05
   5.8493399e+05
   5.8590653e+05
   5.8691605e+05
   5.8828784e+05
   5.9042626e+05
   5.9196074e+05
   5.9506442e+05
   5.9578384e+05
   5.9741583e+05
   5.9856021e+05
   5.9993939e+05
   6.0093079e+05
   6.0187477e+05
   6.0422715e+05
   6.0583354e+05
   6.0734663e+05
   6.0873314e+05
   6.0991457e+05
   6.1146974e+05
   6.1284114e+05
   6.1394524e+05
   6.1499430e+05
   6.1614004e+05
   6.1750778e+05
   6.1867663e+05
   6.2086992e+05
   6.2242957e+05
   6.2393301e+05
   6.2508596e+05
   6.2643237e+05
   6.2768099e+05
   6.2945376e+05
   6.3129106e+05
   6.3277876e+05
   6.3403703e+05
   6.3574945e+05
   6.3701984e+05
   6.3885635e+05
   6.4126674e+05
   6.4304050e+05
   6.4471727e+05
   6.4577494e+05
   6.4741800e+05
   6.4927070e+05
   6.5176508e+05
   6.5372079e+05
   6.5518144e+05
   6.5681146e+05
   6.5804707e+05
   6.5966912e+05
   6.6227680e+05
   6.6358821e+05
   6.6620302e+05
   6.6743035e+05
   6.6897386e+05
   6.7029666e+05
   6.7168087e+05
   6.7285317e+05
   6.7494193e+05
   6.7614045e+05
   6.7748092e+05
   6.7847856e+05
   6.8035139e+05
   6.8121245e+05
   6.8271275e+05
   6.8437310e+05
   6.8630170e+05
   6.8775505e+05
   6.8930267e+05
   6.9095620e+05
   6.9242777e+05
   6.9386506e+05
   6.9523340e+05
   6.9743040e+05
   6.9892467e+05
   7.0005889e+05
   7.0146678e+05
   7.0275712e+05
   7.0392642e+05
   7.0545137e+05
   7.0884108e+05
   7.1026488e+05
   7.1190511e+05
   7.1348555e+05
   7.1510456e+05
   7.1596543e+05
   7.1679939e+05
   7.1802321e+05
   7.1940339e+05
   7.2161694e+05
   7.2371298e+05
   7.2525035e+05
   7.2693801e+05
   7.3274210e+05
   7.3476152e+05
   7.3585489e+05
   7.3765103e+05
   7.3994653e+05
   7.4358673e+05
   7.4530867e+05
   7.5361321e+05
   7.6139059e+05
   7.6312793e+05
   7.6452728e+05
   7.6588200e+05
   7.6840067e+05
   7.7039984e+05
   7.7159947e+05
   7.7762113e+05
   7.7969921e+05
   8.2195530e+05
   8.2370077e+05
   8.2471501e+05
   8.2881266e+05
   8.3020973e+05
   8.3152083e+05
   8.3286440e+05
   8.3646142e+05
   8.8231596e+05
   8.8423542e+05
   8.8963908e+05
   8.9178771e+05
   8.9332904e+05
   8.9496893e+05
   8.9763195e+05
   8.9872304e+05
   9.4142722e+05
   9.4270609e+05
   9.4436674e+05
   9.4547559e+05
   9.4862227e+05
   9.5002512e+05
   9.5282674e+05
   9.5984933e+05
   1.0014489e+06
   1.0027753e+06
   1.0037900e+06
   1.0053189e+06
   1.0086071e+06
   1.0099378e+06
   1.0113515e+06
   1.0137595e+06
   1.0159929e+06
   1.0179986e+06
   1.0619915e+06
   1.0647173e+06
   1.0681572e+06
   1.0696592e+06
   1.0716120e+06
   1.0732391e+06
   1.0753961e+06
   1.0774097e+06
   1.0792384e+06
   1.1210007e+06
   1.1225489e+06
   1.1248526e+06
   1.1262675e+06
   1.1289544e+06
   1.1311774e+06
   1.1331410e+06
   1.1352400e+06
   1.1364379e+06
   1.1382435e+06
   1.1399204e+06
   1.1816168e+06
   1.1832915e+06
   1.1845482e+06
   1.1862433e+06
   1.1881285e+06
   1.1892207e+06
   1.1903912e+06
   1.1925908e+06
   1.1951964e+06
   1.1978260e+06
   1.2421274e+06
   1.2434071e+06
   1.2449236e+06
   1.2465818e+06
   1.2485428e+06
   1.2495925e+06
   1.2508118e+06
   1.2521400e+06
   1.2536275e+06
   1.2560406e+06
   1.2580676e+06
   1.2592324e+06
   1.3017329e+06
   1.3034865e+06
   1.3050405e+06
   1.3064252e+06
   1.3094932e+06
   1.3112448e+06
   1.3121829e+06
   1.3152932e+06
   1.3164745e+06
   1.3187001e+06
   1.3633093e+06
   1.3661339e+06
   1.3687697e+06
   1.3712220e+06
   1.3730108e+06
   1.3761391e+06
   1.3778425e+06
   1.4214068e+06
   1.4239163e+06
   1.4260804e+06
   1.4289400e+06
   1.4312295e+06
   1.4332379e+06
   1.4355141e+06
   1.4366451e+06
   1.4394739e+06
   1.4819389e+06
   1.4832230e+06
   1.4844669e+06
   1.4857727e+06
   1.4885593e+06
   1.4896554e+06
   1.4915895e+06
   1.4936776e+06
   1.4967605e+06
   1.4982143e+06
   1.5432397e+06
   1.5441672e+06
   1.5468860e+06
   1.5485061e+06
   1.5495507e+06
   1.5508667e+06
   1.5555447e+06
   1.5573641e+06
   1.5592419e+06
   1.6010012e+06
   1.6023348e+06
   1.6052072e+06
   1.6068487e+06
   1.6080206e+06
   1.6096143e+06
   1.6111369e+06
   1.6123097e+06
   1.6152865e+06
   1.6171072e+06
   1.6183527e+06
   1.6616774e+06
   1.6630859e+06
   1.6648289e+06
   1.6662063e+06
   1.6682698e+06
   1.6697940e+06
   1.6709613e+06
   1.6730767e+06
   1.6757424e+06
   1.6786907e+06
   1.7208683e+06
   1.7228176e+06
   1.7244678e+06
   1.7253591e+06
   1.7267361e+06
   1.7282378e+06
   1.7298555e+06
   1.7332650e+06
   1.7354126e+06
   1.7374894e+06
   1.7385773e+06
   1.7397447e+06
   1.7815558e+06
   1.7836639e+06
   1.7868852e+06
   1.7892360e+06
   1.7903610e+06
   1.7913735e+06
   1.7927511e+06
   1.7985145e+06
   1.8413805e+06
   1.8428351e+06
   1.8438970e+06
   1.8453087e+06
   1.8462406e+06
   1.8486097e+06
   1.8498369e+06
   1.8515886e+06
   1.8564819e+06
   1.8579646e+06
   1.8591478e+06
   1.9011633e+06
   1.9021750e+06
   1.9035343e+06
   1.9046421e+06
   1.9060955e+06
   1.9083026e+06
   1.9093227e+06
   1.9111936e+06
   1.9170175e+06
   1.9193221e+06
   6.1602684e+04
   6.2569996e+04
   6.4098471e+04
   6.5236486e+04
   6.6859559e+04
   6.7974272e+04
   6.9156766e+04
   7.0278268e+04
   7.1658848e+04
   7.3133150e+04
   7.4155087e+04
   7.5180847e+04
   7.6598587e+04
   7.8473589e+04
   8.0100783e+04
   8.1729423e+04
   8.3024157e+04
   8.4932097e+04
   8.6330180e+04
   8.7561436e+04
   8.8888517e+04
   9.0111534e+04
   9.1651273e+04
   9.2673350e+04
   9.3659996e+04
   9.5141781e+04
   9.7191816e+04
   9.8509438e+04
   9.9799535e+04
   1.2266993e+05
   1.2369291e+05
   1.2521993e+05
   1.2718181e+05
   1.2883686e+05
   1.3022430e+05
   1.3175548e+05
   1.3364213e+05
   1.3496778e+05
   1.3625568e+05
   1.3721051e+05
   1.3861035e+05
   1.4024095e+05
   1.4210441e+05
   1.4370346e+05
   1.4548960e+05
   1.4775910e+05
   1.4910326e+05
   1.5055217e+05
   1.5156573e+05
   1.5323810e+05
   1.5422419e+05
   1.5556644e+05
   1.5711026e+05
   1.5864587e+05
   1.8146293e+05
   1.8266965e+05
   1.8426490e+05
   1.8601673e+05
   1.8726994e+05
   1.8896704e+05
   1.9017950e+05
   1.9181506e+05
   1.9279367e+05
   1.9486934e+05
   1.9577650e+05
   1.9776188e+05
   1.9942608e+05
   2.0061869e+05
   2.0207231e+05
   2.0371350e+05
   2.0607683e+05
   2.0759897e+05
   2.0917037e+05
   2.1068014e+05
   2.1332453e+05
   2.1475182e+05
   2.1624707e+05
   2.1763177e+05
   2.1893742e+05
   2.4106237e+05
   2.4234483e+05
   2.4366306e+05
   2.4548790e+05
   2.4741196e+05
   2.4893823e+05
   2.5044747e+05
   2.5247041e+05
   2.5369385e+05
   2.5502300e+05
   2.5704174e+05
   2.5929419e+05
   2.6180492e+05
   2.6381484e+05
   2.6507927e+05
   2.6651232e+05
   2.6759059e+05
   2.6867066e+05
   2.7030782e+05
   2.7271584e+05
   2.7394977e+05
   2.7507910e+05
   2.7624302e+05
   2.7822432e+05
   3.0146093e+05
   3.0290150e+05
   3.0521959e+05
   3.0662477e+05
   3.0771917e+05
   3.0925816e+05
   3.1030655e+05
   3.1168011e+05
   3.1291390e+05
   3.1448874e+05
   3.1599813e+05
   3.1706874e+05
   3.1915081e+05
   3.2082606e+05
   3.2186791e+05
   3.2347038e+05
   3.2646440e+05
   3.2755365e+05
   3.2880079e+05
   3.3033623e+05
   3.3212995e+05
   3.3371455e+05
   3.3456739e+05
   3.3561468e+05
   3.3772917e+05
   3.3891141e+05
   3.6138910e+05
   3.6258581e+05
   3.6543943e+05
   3.6741062e+05
   3.6899681e+05
   3.6991192e+05
   3.7141307e+05
   3.7335648e+05
   3.7455060e+05
   3.7606515e+05
   3.7764900e+05
   3.7952037e+05
   3.8104714e+05
   3.8259224e+05
   3.8393218e+05
   3.8525649e+05
   3.8698609e+05
   3.8908139e+05
   3.9012285e+05
   3.9128048e+05
   3.9233042e+05
   3.9344629e+05
   3.9480713e+05
   3.9691676e+05
   3.9795302e+05
   3.9935657e+05
   4.2145359e+05
   4.2297253e+05
   4.2599470e+05
   4.2797850e+05
   4.2959928e+05
   4.3067148e+05
   4.3218750e+05
   4.3330511e+05
   4.3458865e+05
   4.3547688e+05
   4.3755964e+05
   4.3881415e+05
   4.4059649e+05
   4.4176944e+05
   4.4328754e+05
   4.4491837e+05
   4.4630634e+05
   4.4791400e+05
   4.4933438e+05
   4.5075173e+05
   4.5285442e+05
   4.5494612e+05
   4.5683187e+05
   4.5776693e+05
   4.5949707e+05
   4.8151764e+05
   4.8242690e+05
   4.8702075e+05
   4.8798213e+05
   4.8887544e+05
   4.9076104e+05
   4.9202232e+05
   4.9386499e+05
   4.9482533e+05
   4.9768340e+05
   4.9883537e+05
   5.0073634e+05
   5.0510627e+05
   5.0617934e+05
   5.0772428e+05
   5.0997102e+05
   5.1112525e+05
   5.1200720e+05
   5.1334799e+05
   5.1439966e+05
   5.1608915e+05
   5.1748750e+05
   5.1891353e+05
   5.1982438e+05
   5.4149041e+05
   5.4404035e+05
   5.4568845e+05
   5.4678561e+05
   5.4819627e+05
   5.4981643e+05
   5.5158694e+05
   5.5429938e+05
   5.5634474e+05
   5.5827081e+05
   5.6017995e+05
   5.6152999e+05
   5.6390814e+05
   5.6506335e+05
   5.6735409e+05
   5.6857427e+05
   5.6994966e+05
   5.7094248e+05
   5.7220450e+05
   5.7322434e+05
   5.7502811e+05
   5.7609305e+05
   5.7757276e+05
   5.7981061e+05
   7.8224084e+05
   7.8347778e+05
   7.8600430e+05
   7.8773989e+05
   7.9233892e+05
   7.9354712e+05
   7.9583077e+05
   7.9734993e+05
   7.9850775e+05
   8.0013896e+05
   8.0168069e+05
   8.0314957e+05
   8.0568351e+05
   8.0895707e+05
   8.1119718e+05
   8.1337477e+05
   8.1664960e+05
   8.1866869e+05
   8.4157371e+05
   8.4293255e+05
   8.4980717e+05
   8.5173895e+05
   8.5397302e+05
   8.5579096e+05
   8.5743958e+05
   8.5908366e+05
   8.6057936e+05
   8.6240066e+05
   8.6389928e+05
   8.6573669e+05
   8.6744257e+05
   8.6894588e+05
   8.7263968e+05
   8.7580591e+05
   8.7750070e+05
   8.7996081e+05
   9.0239769e+05
   9.0375290e+05
   9.0532310e+05
   9.0681089e+05
   9.0877327e+05
   9.1078507e+05
   9.1428173e+05
   9.1583078e+05
   9.1945007e+05
   9.2280731e+05
   9.2438198e+05
   9.2578597e+05
   9.2820002e+05
   9.3049556e+05
   9.3373171e+05
   9.3546361e+05
   9.3686404e+05
   9.3839260e+05
   9.3998636e+05
   9.6247899e+05
   9.6841273e+05
   9.6976374e+05
   9.7127170e+05
   9.7408664e+05
   9.7587744e+05
   9.7756690e+05
   9.7963209e+05
   9.8279746e+05
   9.8468635e+05
   9.8685555e+05
   9.8914221e+05
   9.9061472e+05
   9.9226646e+05
   9.9524388e+05
   9.9655547e+05
   9.9840179e+05
   1.0221444e+06
   1.0233954e+06
   1.0248509e+06
   1.0263015e+06
   1.0278731e+06
   1.0294741e+06
   1.0318468e+06
   1.0337456e+06
   1.0349811e+06
   1.0370914e+06
   1.0406133e+06
   1.0423681e+06
   1.0444190e+06
   1.0456556e+06
   1.0471776e+06
   1.0496977e+06
   1.0514285e+06
   1.0530524e+06
   1.0549798e+06
   1.0584923e+06
   1.0823452e+06
   1.0837553e+06
   1.0869929e+06
   1.0882498e+06
   1.0991147e+06
   1.1015138e+06
   1.1026965e+06
   1.1038374e+06
   1.1051224e+06
   1.1067160e+06
   1.1078175e+06
   1.1099553e+06
   1.1123247e+06
   1.1138878e+06
   1.1178330e+06
   1.1191730e+06
   1.1420185e+06
   1.1442515e+06
   1.1459848e+06
   1.1476500e+06
   1.1488245e+06
   1.1608907e+06
   1.1628238e+06
   1.1664809e+06
   1.1681522e+06
   1.1696213e+06
   1.1711622e+06
   1.1753106e+06
   1.1777154e+06
   1.1795551e+06
   1.2026872e+06
   1.2061301e+06
   1.2618950e+06
   1.2642895e+06
   1.2671046e+06
   1.2703672e+06
   1.2721512e+06
   1.2740977e+06
   1.2757004e+06
   1.2774396e+06
   1.2846468e+06
   1.2861341e+06
   1.3237168e+06
   1.3255554e+06
   1.3268690e+06
   1.3281817e+06
   1.3317780e+06
   1.3328522e+06
   1.3366236e+06
   1.3380444e+06
   1.3421846e+06
   1.3441114e+06
   1.3456913e+06
   1.3504599e+06
   1.3532322e+06
   1.3557302e+06
   1.3585997e+06
   1.3810547e+06
   1.3863217e+06
   1.3880377e+06
   1.3896753e+06
   1.3914903e+06
   1.3938777e+06
   1.3982455e+06
   1.4014912e+06
   1.4413599e+06
   1.4424314e+06
   1.4447935e+06
   1.4526248e+06
   1.4555368e+06
   1.4566771e+06
   1.4598395e+06
   1.4622394e+06
   1.4652919e+06
   1.4676857e+06
   1.4720352e+06
   1.4782366e+06
   1.4797536e+06
   1.5017437e+06
   1.5034055e+06
   1.5057749e+06
   1.5073074e+06
   1.5087878e+06
   1.5102552e+06
   1.5162834e+06
   1.5179531e+06
   1.5230963e+06
   1.5243730e+06
   1.5260559e+06
   1.5278280e+06
   1.5299416e+06
   1.5318100e+06
   1.5334875e+06
   1.5351201e+06
   1.5361104e+06
   1.5373145e+06
   1.5391090e+06
   1.5622773e+06
   1.5642780e+06
   1.5674525e+06
   1.5696879e+06
   1.5748939e+06
   1.5771274e+06
   1.5787383e+06
   1.5807007e+06
   1.5831772e+06
   1.5854949e+06
   1.5872766e+06
   1.5897626e+06
   1.5915756e+06
   1.5936335e+06
   1.5972646e+06
   1.5992484e+06
   1.6219142e+06
   1.6237669e+06
   1.6255991e+06
   1.6277260e+06
   1.6308574e+06
   1.6331797e+06
   1.6360305e+06
   1.6377799e+06
   1.6433367e+06
   1.6446263e+06
   1.6517722e+06
   1.6531578e+06
   1.6543945e+06
   1.6558165e+06
   1.6814460e+06
   1.6857299e+06
   1.6881143e+06
   1.6905817e+06
   1.6959445e+06
   1.6984633e+06
   1.6999663e+06
   1.7013297e+06
   1.7027606e+06
   1.7046543e+06
   1.7071521e+06
   1.7082734e+06
   1.7098365e+06
   1.7114180e+06
   1.7136462e+06
   1.7150359e+06
   1.7177705e+06
   1.7427379e+06
   1.7450498e+06
   1.7466237e+06
   1.7481246e+06
   1.7495475e+06
   1.7519119e+06
   1.7532664e+06
   1.7555723e+06
   1.7575269e+06
   1.7655884e+06
   1.7687884e+06
   1.7710640e+06
   1.7729117e+06
   1.7767562e+06
   1.8065713e+06
   1.8089086e+06
   1.8114175e+06
   1.8136337e+06
   1.8182438e+06
   1.8194970e+06
   1.8212878e+06
   1.8233224e+06
   1.8260795e+06
   1.8278850e+06
   1.8297831e+06
   1.8318570e+06
   1.8332974e+06
   1.8776205e+06
   1.8798496e+06
   1.8825326e+06
   1.8836766e+06
   1.8856178e+06
   1.8867992e+06
   1.8890696e+06
   1.8913404e+06
   1.8941441e+06
   1.8956193e+06
   1.8981432e+06
   1.8999441e+06
   1.8051917e+06
   1.8061847e+06
   1.8079175e+06
   1.8099251e+06
   1.8110487e+06
   1.8124044e+06
   1.8139375e+06
   1.8152597e+06
   1.8174678e+06
   1.8188379e+06
   1.8216930e+06
   1.8242665e+06
   1.8257811e+06
   1.8279644e+06
   1.8349314e+06
   1.8358517e+06
   1.8380071e+06
   1.8627985e+06
   1.8651853e+06
   1.8698138e+06
   1.8726078e+06
   1.8741849e+06
   1.8768795e+06
   1.8783343e+06
   1.8800513e+06
   1.8825771e+06
   1.8858984e+06
   1.8872213e+06
   1.8888908e+06
   1.8911197e+06
   1.8929162e+06
   1.8954634e+06
   1.8971947e+06
   1.8778432e+06
   1.8798974e+06
   1.8818514e+06
   1.8834785e+06
   1.8852517e+06
   1.8879259e+06
   1.8911575e+06
   1.8944528e+06
   1.8977075e+06
   1.8997835e+06
   1.8893409e+06
   1.8912045e+06
   1.8931486e+06
   1.8948372e+06
   1.8956965e+06
   1.8971997e+06
   1.8986438e+06
