   7.3236538e+02
   1.0644802e+03
   1.5312111e+03
   1.9202395e+03
   2.2123205e+03
   2.5846988e+03
   2.9147132e+03
   3.3201509e+03
   4.4876134e+03
   5.6161076e+03
   6.0675377e+03
   6.4747886e+03
   6.8167348e+03
   7.1070899e+03
   7.4456863e+03
   7.7970215e+03
   8.1623224e+03
   8.5260023e+03
   8.9715605e+03
   9.3093763e+03
   9.6239779e+03
   9.9540072e+03
   1.0548068e+04
   1.0885987e+04
   1.1177853e+04
   1.1517423e+04
   1.2217940e+04
   1.2748248e+04
   1.3096078e+04
   1.3459442e+04
   1.3890377e+04
   1.4384358e+04
   1.4770954e+04
   1.5253140e+04
   1.5653697e+04
   1.5999005e+04
   1.6464510e+04
   1.6909221e+04
   1.7531805e+04
   1.8023091e+04
   1.8448792e+04
   1.9001067e+04
   1.9484576e+04
   1.9810882e+04
   2.0181071e+04
   2.0618662e+04
   2.1080440e+04
   2.1798105e+04
   2.2128455e+04
   2.2465052e+04
   2.2949436e+04
   2.3357595e+04
   2.3721839e+04
   2.4174612e+04
   2.4713711e+04
   2.5312059e+04
   2.5704594e+04
   2.6079558e+04
   2.6389890e+04
   2.6826993e+04
   2.7333248e+04
   2.7678087e+04
   2.8161914e+04
   2.8579285e+04
   2.9009105e+04
   2.9364967e+04
   2.9984740e+04
   3.0361104e+04
   3.0882110e+04
   3.1363293e+04
   3.2074301e+04
   3.2397947e+04
   3.2830245e+04
   3.3606891e+04
   3.4254308e+04
   3.4780260e+04
   3.5555192e+04
   3.5930110e+04
   3.6280919e+04
   3.6795302e+04
   3.7253042e+04
   3.7935665e+04
   3.8601350e+04
   4.0232595e+04
   4.0144969e+04
   4.0466071e+04
   4.0814491e+04
   4.1158161e+04
   4.1417807e+04
   4.1724683e+04
   4.2560951e+04
   4.3139806e+04
   4.3468153e+04
   4.3794766e+04
   4.4206814e+04
   4.4534364e+04
   4.4905330e+04
   4.5204786e+04
   4.6681167e+04
   4.7520983e+04
   4.7837447e+04
   4.8329602e+04
   4.8675926e+04
   4.9039349e+04
   4.9433333e+04
   4.9799549e+04
   5.0187163e+04
   5.0605648e+04
   5.1182888e+04
   5.1559974e+04
   5.1999222e+04
   5.2382841e+04
   5.2728375e+04
   5.3179238e+04
   5.3725470e+04
   5.4079613e+04
   5.4506197e+04
   5.4812372e+04
   5.5261756e+04
   5.5716706e+04
   5.6018153e+04
   5.6488648e+04
   5.6942793e+04
   5.7348203e+04
   5.7762326e+04
   5.8437706e+04
   5.8720901e+04
   5.9140833e+04
   5.9867218e+04
   1.0004393e+05
   1.0045268e+05
   1.0084259e+05
   1.0109699e+05
   1.0146032e+05
   1.0186294e+05
   1.0235489e+05
   1.0294609e+05
   1.0334945e+05
   1.0375378e+05
   1.0436250e+05
   1.0479783e+05
   1.0519006e+05
   1.0552690e+05
   1.0614656e+05
   1.0656523e+05
   1.0689769e+05
   1.0720687e+05
   1.0758385e+05
   1.0793775e+05
   1.0823303e+05
   1.0861009e+05
   1.0921485e+05
   1.0958301e+05
   1.0998856e+05
   1.1034866e+05
   1.1082492e+05
   1.1133824e+05
   1.1166846e+05
   1.1202077e+05
   1.1233738e+05
   1.1270151e+05
   1.1297480e+05
   1.1322160e+05
   1.1421907e+05
   1.1451846e+05
   1.1489164e+05
   1.1549151e+05
   1.1589164e+05
   1.1614551e+05
   1.1645025e+05
   1.1683988e+05
   1.1767982e+05
   1.1809073e+05
   1.1845805e+05
   1.1875239e+05
   1.1932861e+05
   1.1975590e+05
   1.6022386e+05
   1.6076168e+05
   1.6110498e+05
   1.6157921e+05
   1.6192459e+05
   1.6239566e+05
   1.6277278e+05
   1.6320802e+05
   1.6353585e+05
   1.6394145e+05
   1.6484059e+05
   1.6532394e+05
   1.6589370e+05
   1.6626605e+05
   1.6681633e+05
   1.6727150e+05
   1.6767119e+05
   1.6845205e+05
   1.6890055e+05
   1.6967248e+05
   1.6995146e+05
   1.7041112e+05
   1.7081968e+05
   1.7128709e+05
   1.7179267e+05
   1.7229496e+05
   1.7266113e+05
   1.7301969e+05
   1.7333832e+05
   1.7382537e+05
   1.7424721e+05
   1.7458813e+05
   1.7493446e+05
   1.7524099e+05
   1.7553960e+05
   1.7591293e+05
   1.7636826e+05
   1.7674837e+05
   1.7708284e+05
   1.7759099e+05
   1.7787843e+05
   1.7812288e+05
   1.7854133e+05
   1.7887402e+05
   1.7923092e+05
   1.7966229e+05
   2.2112459e+05
   2.2153474e+05
   2.2182797e+05
   2.2228925e+05
   2.2283569e+05
   2.2325762e+05
   2.2386191e+05
   2.2446227e+05
   2.2524164e+05
   2.2560187e+05
   2.2625510e+05
   2.2662856e+05
   2.2718294e+05
   2.2757906e+05
   2.2803186e+05
   2.2834583e+05
   2.2885206e+05
   2.2933800e+05
   2.2978092e+05
   2.3023031e+05
   2.3048401e+05
   2.3093534e+05
   2.3121196e+05
   2.3156401e+05
   2.3194114e+05
   2.3227179e+05
   2.3272018e+05
   2.3304677e+05
   2.3342814e+05
   2.3370543e+05
   2.3415758e+05
   2.3466657e+05
   2.3508113e+05
   2.3553550e+05
   2.3598394e+05
   2.3625417e+05
   2.3676192e+05
   2.3754735e+05
   2.3790186e+05
   2.3835214e+05
   2.3869162e+05
   2.3905277e+05
   2.3939895e+05
   2.3989278e+05
   2.8002388e+05
   2.8051360e+05
   2.8110816e+05
   2.8140957e+05
   2.8181864e+05
   2.8228584e+05
   2.8271785e+05
   2.8312207e+05
   2.8364271e+05
   2.8421223e+05
   2.8455869e+05
   2.8500959e+05
   2.8527799e+05
   2.8579940e+05
   2.8657419e+05
   2.8689201e+05
   2.8714106e+05
   2.8751192e+05
   2.8816744e+05
   2.8857217e+05
   2.8899409e+05
   2.8942577e+05
   2.8979541e+05
   2.9019984e+05
   2.9061300e+05
   2.9109471e+05
   2.9143945e+05
   2.9173485e+05
   2.9215612e+05
   2.9251050e+05
   2.9290192e+05
   2.9333689e+05
   2.9368273e+05
   2.9397778e+05
   2.9419833e+05
   2.9470483e+05
   2.9512388e+05
   2.9555739e+05
   2.9594455e+05
   2.9630857e+05
   2.9684219e+05
   2.9720203e+05
   2.9761005e+05
   2.9795701e+05
   2.9837398e+05
   2.9866656e+05
   2.9920027e+05
   2.9964285e+05
   3.4046640e+05
   3.4071370e+05
   3.4104935e+05
   3.4155510e+05
   3.4207157e+05
   3.4244085e+05
   3.4290956e+05
   3.4340271e+05
   3.4369647e+05
   3.4423911e+05
   3.4462074e+05
   3.4506915e+05
   3.4547640e+05
   3.4585609e+05
   3.4630036e+05
   3.4671157e+05
   3.4725949e+05
   3.4762616e+05
   3.4809821e+05
   3.4856232e+05
   3.4902686e+05
   3.4946026e+05
   3.4988149e+05
   3.5025971e+05
   3.5081529e+05
   3.5135299e+05
   3.5181513e+05
   3.5225404e+05
   3.5269770e+05
   3.5309958e+05
   3.5345390e+05
   3.5396409e+05
   3.5415532e+05
   3.5443435e+05
   3.5494988e+05
   3.5538194e+05
   3.5579713e+05
   3.5623913e+05
   3.5668037e+05
   3.5722887e+05
   3.5767127e+05
   3.5807750e+05
   3.5852482e+05
   3.5878567e+05
   3.5909254e+05
   3.5957682e+05
   3.5990208e+05
   4.0026560e+05
   4.0060347e+05
   4.0099644e+05
   4.0134303e+05
   4.0159957e+05
   4.0189722e+05
   4.0224376e+05
   4.0261144e+05
   4.0307769e+05
   4.0366820e+05
   4.0432010e+05
   4.0474422e+05
   4.0526809e+05
   4.0561077e+05
   4.0592538e+05
   4.0640236e+05
   4.0680542e+05
   4.0716168e+05
   4.0764008e+05
   4.0817937e+05
   4.0848034e+05
   4.0884040e+05
   4.0940346e+05
   4.0999059e+05
   4.1040051e+05
   4.1086330e+05
   4.1124355e+05
   4.1158486e+05
   4.1200241e+05
   4.1251347e+05
   4.1290915e+05
   4.1332983e+05
   4.1373653e+05
   4.1433102e+05
   4.1463122e+05
   4.1497419e+05
   4.1545172e+05
   4.1572889e+05
   4.1611974e+05
   4.1655417e+05
   4.1719707e+05
   4.1756108e+05
   4.1791875e+05
   4.1841846e+05
   4.1889515e+05
   4.1935834e+05
   4.1977056e+05
   4.6010867e+05
   4.6039188e+05
   4.6073117e+05
   4.6100321e+05
   4.6129940e+05
   4.6158618e+05
   4.6183344e+05
   4.6229755e+05
   4.6270568e+05
   4.6300173e+05
   4.6343325e+05
   4.6369527e+05
   4.6402127e+05
   4.6432229e+05
   4.6470826e+05
   4.6499433e+05
   4.6538824e+05
   4.6566960e+05
   4.6600006e+05
   4.6631439e+05
   4.6660596e+05
   4.6689077e+05
   4.6719738e+05
   4.6752125e+05
   4.6794212e+05
   4.6834454e+05
   4.6867552e+05
   4.6911253e+05
   4.6980854e+05
   4.7013263e+05
   4.7060781e+05
   4.7096192e+05
   4.7133626e+05
   4.7166392e+05
   4.7196464e+05
   4.7241290e+05
   4.7284755e+05
   4.7314098e+05
   4.7366372e+05
   4.7394894e+05
   4.7424312e+05
   4.7454208e+05
   4.7489574e+05
   4.7534888e+05
   4.7591285e+05
   4.7683727e+05
   4.7722566e+05
   4.7787369e+05
   4.7848078e+05
   4.7893624e+05
   4.7944799e+05
   4.7980337e+05
   5.2010093e+05
   5.2049362e+05
   5.2084070e+05
   5.2113188e+05
   5.2147104e+05
   5.2184330e+05
   5.2218929e+05
   5.2250848e+05
   5.2289206e+05
   5.2323248e+05
   5.2352124e+05
   5.2379772e+05
   5.2425282e+05
   5.2461817e+05
   5.2503265e+05
   5.2546923e+05
   5.2585991e+05
   5.2628942e+05
   5.2673813e+05
   5.2725961e+05
   5.2765474e+05
   5.2833856e+05
   5.2879758e+05
   5.2908601e+05
   5.2943621e+05
   5.2989952e+05
   5.3034930e+05
   5.3097572e+05
   5.3136429e+05
   5.3178496e+05
   5.3205733e+05
   5.3237112e+05
   5.3274456e+05
   5.3308854e+05
   5.3352588e+05
   5.3381578e+05
   5.3412044e+05
   5.3449816e+05
   5.3479308e+05
   5.3515620e+05
   5.3559941e+05
   5.3629429e+05
   5.3667726e+05
   5.3729414e+05
   5.3815936e+05
   5.3874907e+05
   5.3917856e+05
   5.3957850e+05
   5.8011806e+05
   5.8044787e+05
   5.8067434e+05
   5.8102474e+05
   5.8134060e+05
   5.8173242e+05
   5.8199726e+05
   5.8223603e+05
   5.8247847e+05
   5.8279181e+05
   5.8315511e+05
   5.8348217e+05
   5.8373737e+05
   5.8397721e+05
   5.8434784e+05
   5.8471363e+05
   5.8504716e+05
   5.8536317e+05
   5.8569117e+05
   5.8603675e+05
   5.8637675e+05
   5.8672497e+05
   5.8698827e+05
   5.8709717e+05
   5.8737237e+05
   5.8794262e+05
   5.8829737e+05
   5.8867678e+05
   5.8893034e+05
   5.8939743e+05
   5.8977243e+05
   5.9009581e+05
   5.9050142e+05
   5.9071761e+05
   5.9113730e+05
   5.9153446e+05
   5.9181148e+05
   5.9235176e+05
   5.9268567e+05
   5.9325658e+05
   5.9369869e+05
   5.9392113e+05
   5.9410796e+05
   5.9440622e+05
   5.9539508e+05
   5.9626382e+05
   5.9657428e+05
   5.9694349e+05
   5.9723371e+05
   5.9754429e+05
   5.9791199e+05
   5.9817008e+05
   5.9857700e+05
   5.9904059e+05
   5.9938942e+05
   5.9979948e+05
   6.0045694e+05
   6.0101365e+05
   6.0142239e+05
   6.0189573e+05
   6.0232540e+05
   6.0271941e+05
   6.0306289e+05
   6.0357565e+05
   6.0393638e+05
   6.0443677e+05
   6.0476999e+05
   6.0526238e+05
   6.0594355e+05
   6.0640141e+05
   6.0666514e+05
   6.0706439e+05
   6.0753956e+05
   6.0799595e+05
   6.0849806e+05
   6.0908326e+05
   6.0939840e+05
   6.0980587e+05
   6.1007992e+05
   6.1043624e+05
   6.1101519e+05
   6.1134675e+05
   6.1171170e+05
   6.1202571e+05
   6.1236715e+05
   6.1288637e+05
   6.1326018e+05
   6.1391553e+05
   6.1456469e+05
   6.1508489e+05
   6.1549559e+05
   6.1593194e+05
   6.1643583e+05
   6.1689538e+05
   6.1740312e+05
   6.1812380e+05
   6.1860574e+05
   6.1921640e+05
   6.1969910e+05
   6.2022706e+05
   6.2068055e+05
   6.2099752e+05
   6.2152153e+05
   6.2190714e+05
   6.2243978e+05
   6.2272102e+05
   6.2321086e+05
   6.2361342e+05
   6.2407142e+05
   6.2449610e+05
   6.2509882e+05
   6.2549025e+05
   6.2586083e+05
   6.2647247e+05
   6.2677724e+05
   6.2728783e+05
   6.2785501e+05
   6.2818871e+05
   6.2860170e+05
   6.2893690e+05
   6.2964178e+05
   6.3002416e+05
   6.3033278e+05
   6.3077555e+05
   6.3140550e+05
   6.3179574e+05
   6.3206063e+05
   6.3275765e+05
   6.3308456e+05
   6.3344042e+05
   6.3406039e+05
   6.3458243e+05
   6.3531956e+05
   6.3580065e+05
   6.3621862e+05
   6.3670683e+05
   6.3708664e+05
   6.3756291e+05
   6.3805104e+05
   6.3848729e+05
   6.3879345e+05
   6.3942977e+05
   6.3991836e+05
   6.4045564e+05
   6.4075809e+05
   6.4158462e+05
   6.4205967e+05
   6.4251529e+05
   6.4297189e+05
   6.4343147e+05
   6.4393884e+05
   6.4444592e+05
   6.4475670e+05
   6.4540664e+05
   6.4586978e+05
   6.4640787e+05
   6.4688346e+05
   6.4748346e+05
   6.4800367e+05
   6.4841369e+05
   6.4871683e+05
   6.4914705e+05
   6.4948950e+05
   6.4987818e+05
   6.5040106e+05
   6.5084214e+05
   6.5133359e+05
   6.5176523e+05
   6.5222805e+05
   6.5262851e+05
   6.5304855e+05
   6.5338793e+05
   6.5373486e+05
   6.5408313e+05
   6.5446636e+05
   6.5479964e+05
   6.5540944e+05
   6.5575823e+05
   6.5657527e+05
   6.5692266e+05
   6.5749368e+05
   6.5801388e+05
   6.5844942e+05
   6.5894625e+05
   6.5948410e+05
   6.5979227e+05
   6.6034175e+05
   6.6096013e+05
   6.6143292e+05
   6.6177241e+05
   6.6206164e+05
   6.6249205e+05
   6.6289511e+05
   6.6332180e+05
   6.6363885e+05
   6.6409415e+05
   6.6465274e+05
   6.6504561e+05
   6.6535420e+05
   6.6581334e+05
   6.6618640e+05
   6.6680710e+05
   6.6714633e+05
   6.6775873e+05
   6.6835803e+05
   6.6875610e+05
   6.6918312e+05
   6.6951831e+05
   6.7034946e+05
   6.7092700e+05
   6.7140236e+05
   6.7177056e+05
   6.7233642e+05
   6.7279896e+05
   6.7326606e+05
   6.7361636e+05
   6.7404141e+05
   6.7484108e+05
   6.7522114e+05
   6.7556449e+05
   6.7614458e+05
   6.7661768e+05
   6.7718787e+05
   6.7917297e+05
   6.7981691e+05
   6.8019266e+05
   6.8048419e+05
   6.8086299e+05
   6.8136618e+05
   6.8194063e+05
   6.8228212e+05
   6.8266299e+05
   6.8341615e+05
   6.8389734e+05
   6.8452571e+05
   6.8496717e+05
   6.8543447e+05
   6.8581420e+05
   6.8644046e+05
   6.8676827e+05
   6.8739672e+05
   6.8806607e+05
   6.8843550e+05
   6.8878766e+05
   6.8934035e+05
   6.8976386e+05
   6.9015038e+05
   6.9049220e+05
   6.9085790e+05
   6.9123114e+05
   6.9176291e+05
   6.9217799e+05
   6.9272788e+05
   6.9319482e+05
   6.9367480e+05
   6.9432579e+05
   6.9485089e+05
   6.9523607e+05
   6.9567228e+05
   6.9622280e+05
   6.9667628e+05
   6.9718806e+05
   6.9773251e+05
   6.9830803e+05
   6.9871237e+05
   6.9938785e+05
   6.9987410e+05
   7.0035665e+05
   7.0076057e+05
   7.0106629e+05
   7.0152352e+05
   7.0207940e+05
   7.0274115e+05
   7.0348087e+05
   7.0398669e+05
   7.0494197e+05
   7.0526107e+05
   7.0584707e+05
   7.0622118e+05
   7.0794252e+05
   7.0831383e+05
   7.0866336e+05
   7.0933056e+05
   7.0976629e+05
   7.1028451e+05
   7.1129724e+05
   7.1174916e+05
   7.1222919e+05
   7.1304315e+05
   7.1395013e+05
   7.1433527e+05
   7.1480864e+05
   7.1555876e+05
   7.1609792e+05
   7.1650672e+05
   7.1692512e+05
   7.1742895e+05
   7.1786763e+05
   7.1823150e+05
   7.1859652e+05
   7.1923238e+05
   7.1978818e+05
   7.2055144e+05
   7.2114691e+05
   7.2177343e+05
   7.2251632e+05
   7.2322450e+05
   7.2399468e+05
   7.2545402e+05
   7.2608909e+05
   7.2718203e+05
   7.2905309e+05
   7.2966102e+05
   7.3016342e+05
   7.3061382e+05
   7.3095626e+05
   7.3150451e+05
   7.3201175e+05
   7.3281822e+05
   7.3357805e+05
   7.3407577e+05
   7.3777883e+05
   7.3991808e+05
   7.4032828e+05
   7.4126929e+05
   7.4193721e+05
   7.4273816e+05
   7.4383993e+05
   7.4433928e+05
   7.4682780e+05
   7.4794385e+05
   7.4831645e+05
   7.4884769e+05
   7.4976693e+05
   7.5039556e+05
   7.5114126e+05
   7.5197295e+05
   7.5334144e+05
   7.5501510e+05
   7.5559878e+05
   7.5607628e+05
   7.5649833e+05
   7.5690104e+05
   7.5786305e+05
   7.5840045e+05
   7.5883098e+05
   7.6037124e+05
   7.6073663e+05
   7.6107203e+05
   7.6140674e+05
   7.6178388e+05
   7.6209894e+05
   7.6242732e+05
   7.6273266e+05
   7.6304353e+05
   7.6339156e+05
   7.6376605e+05
   7.6418792e+05
   7.6458822e+05
   7.6500115e+05
   7.6539328e+05
   7.6583374e+05
   7.6614206e+05
   7.6662585e+05
   7.6963457e+05
   7.7009201e+05
   7.7082971e+05
   7.7139881e+05
   7.7191234e+05
   7.7253723e+05
   7.7329284e+05
   7.7365359e+05
   7.7458853e+05
   7.7535898e+05
   7.7666502e+05
   7.7734704e+05
   7.7777567e+05
   7.7837685e+05
   7.7899939e+05
   7.7955415e+05
   8.2028976e+05
   8.2084078e+05
   8.2124029e+05
   8.2162071e+05
   8.2193279e+05
   8.2258216e+05
   8.2286961e+05
   8.2313026e+05
   8.2353901e+05
   8.2381471e+05
   8.2420108e+05
   8.2459715e+05
   8.2494678e+05
   8.2541082e+05
   8.2573459e+05
   8.2603953e+05
   8.2637352e+05
   8.2675620e+05
   8.2737585e+05
   8.2783380e+05
   8.2835770e+05
   8.2877691e+05
   8.2931720e+05
   8.2975640e+05
   8.3016494e+05
   8.3091621e+05
   8.3166553e+05
   8.3210820e+05
   8.3274926e+05
   8.3323018e+05
   8.3447647e+05
   8.3524344e+05
   8.3586190e+05
   8.3638450e+05
   8.3683880e+05
   8.3751658e+05
   8.3799868e+05
   8.3863139e+05
   8.3916960e+05
   8.3960125e+05
   8.8046669e+05
   8.8083284e+05
   8.8113788e+05
   8.8152825e+05
   8.8184277e+05
   8.8214238e+05
   8.8257174e+05
   8.8299512e+05
   8.8336737e+05
   8.8379268e+05
   8.8434943e+05
   8.8477210e+05
   8.8525260e+05
   8.8572515e+05
   8.8632431e+05
   8.8677696e+05
   8.8775412e+05
   8.8811397e+05
   8.8943970e+05
   8.9024867e+05
   8.9086462e+05
   8.9134219e+05
   8.9179213e+05
   8.9215976e+05
   8.9263906e+05
   8.9307568e+05
   8.9363814e+05
   8.9441859e+05
   8.9470152e+05
   8.9524427e+05
   8.9559831e+05
   8.9611597e+05
   8.9651393e+05
   8.9699679e+05
   8.9736514e+05
   8.9781180e+05
   8.9824376e+05
   8.9940966e+05
   8.9993128e+05
   9.4038166e+05
   9.4069029e+05
   9.4108162e+05
   9.4151119e+05
   9.4189457e+05
   9.4227762e+05
   9.4264670e+05
   9.4290143e+05
   9.4344865e+05
   9.4388819e+05
   9.4435040e+05
   9.4474642e+05
   9.4515484e+05
   9.4562678e+05
   9.4616510e+05
   9.4650947e+05
   9.4690445e+05
   9.4795160e+05
   9.4860917e+05
   9.4951416e+05
   9.5104921e+05
   9.5179331e+05
   9.5249785e+05
   9.5316076e+05
   9.5349965e+05
   9.5385584e+05
   9.5487223e+05
   9.5543137e+05
   9.5594037e+05
   9.5634836e+05
   9.5688529e+05
   9.5724722e+05
   9.5766996e+05
   9.5838020e+05
   9.5882574e+05
   9.5924136e+05
   9.5965059e+05
   1.0003826e+06
   1.0007822e+06
   1.0012107e+06
   1.0018102e+06
   1.0021783e+06
   1.0026385e+06
   1.0029429e+06
   1.0032261e+06
   1.0036491e+06
   1.0039936e+06
   1.0042332e+06
   1.0046622e+06
   1.0051207e+06
   1.0054762e+06
   1.0058741e+06
   1.0062244e+06
   1.0074384e+06
   1.0077930e+06
   1.0081790e+06
   1.0088216e+06
   1.0108384e+06
   1.0114847e+06
   1.0119036e+06
   1.0122328e+06
   1.0128216e+06
   1.0134552e+06
   1.0144875e+06
   1.0150129e+06
   1.0154321e+06
   1.0160465e+06
   1.0167913e+06
   1.0171722e+06
   1.0177595e+06
   1.0185497e+06
   1.0191296e+06
   1.0198846e+06
   1.0603837e+06
   1.0607889e+06
   1.0611738e+06
   1.0615295e+06
   1.0620721e+06
   1.0624086e+06
   1.0628130e+06
   1.0632023e+06
   1.0634859e+06
   1.0638721e+06
   1.0643772e+06
   1.0647667e+06
   1.0653136e+06
   1.0657887e+06
   1.0661646e+06
   1.0673345e+06
   1.0679779e+06
   1.0684797e+06
   1.0691345e+06
   1.0696412e+06
   1.0701578e+06
   1.0710716e+06
   1.0735611e+06
   1.0745408e+06
   1.0750295e+06
   1.0754279e+06
   1.0760367e+06
   1.0764488e+06
   1.0770963e+06
   1.0775125e+06
   1.0780908e+06
   1.0785164e+06
   1.0793217e+06
   1.0797769e+06
   1.1203656e+06
   1.1206910e+06
   1.1211497e+06
   1.1214299e+06
   1.1218092e+06
   1.1222214e+06
   1.1225883e+06
   1.1229278e+06
   1.1233345e+06
   1.1236948e+06
   1.1241273e+06
   1.1245192e+06
   1.1251287e+06
   1.1254453e+06
   1.1258645e+06
   1.1264424e+06
   1.1268222e+06
   1.1273650e+06
   1.1280674e+06
   1.1286763e+06
   1.1290782e+06
   1.1298272e+06
   1.1304984e+06
   1.1309767e+06
   1.1326336e+06
   1.1329926e+06
   1.1336387e+06
   1.1348286e+06
   1.1357567e+06
   1.1361545e+06
   1.1367213e+06
   1.1373189e+06
   1.1383322e+06
   1.1388091e+06
   1.1396263e+06
   1.1803344e+06
   1.1808321e+06
   1.1811262e+06
   1.1816027e+06
   1.1819946e+06
   1.1823664e+06
   1.1827342e+06
   1.1831630e+06
   1.1835859e+06
   1.1839946e+06
   1.1843397e+06
   1.1846043e+06
   1.1848970e+06
   1.1853599e+06
   1.1857769e+06
   1.1861609e+06
   1.1866270e+06
   1.1877820e+06
   1.1885352e+06
   1.1903626e+06
   1.1911466e+06
   1.1915296e+06
   1.1923894e+06
   1.1931820e+06
   1.1937931e+06
   1.1946114e+06
   1.1964072e+06
   1.1971335e+06
   1.1976182e+06
   1.1983432e+06
   1.1987879e+06
   1.2403571e+06
   1.2406966e+06
   1.2409976e+06
   1.2415359e+06
   1.2419858e+06
   1.2423410e+06
   1.2426807e+06
   1.2431234e+06
   1.2436578e+06
   1.2441137e+06
   1.2445214e+06
   1.2449138e+06
   1.2452322e+06
   1.2458016e+06
   1.2468029e+06
   1.2475970e+06
   1.2484324e+06
   1.2489365e+06
   1.2494315e+06
   1.2498130e+06
   1.2501060e+06
   1.2505008e+06
   1.2534987e+06
   1.2544419e+06
   1.2552290e+06
   1.2558860e+06
   1.2564602e+06
   1.2568406e+06
   1.2573493e+06
   1.2584142e+06
   1.2588808e+06
   1.2593052e+06
   1.3003379e+06
   1.3007518e+06
   1.3012443e+06
   1.3016551e+06
   1.3020528e+06
   1.3024431e+06
   1.3027762e+06
   1.3036446e+06
   1.3039908e+06
   1.3042627e+06
   1.3046444e+06
   1.3051560e+06
   1.3056548e+06
   1.3059865e+06
   1.3067990e+06
   1.3075081e+06
   1.3084222e+06
   1.3090849e+06
   1.3097478e+06
   1.3102678e+06
   1.3107390e+06
   1.3112069e+06
   1.3118973e+06
   1.3124123e+06
   1.3130500e+06
   1.3137068e+06
   1.3146759e+06
   1.3154175e+06
   1.3160248e+06
   1.3164894e+06
   1.3169610e+06
   1.3173994e+06
   1.3178778e+06
   1.3189056e+06
   1.3192843e+06
   1.3197626e+06
   1.3603452e+06
   1.3607590e+06
   1.3612203e+06
   1.3615977e+06
   1.3619617e+06
   1.3626131e+06
   1.3630082e+06
   1.3632866e+06
   1.3636604e+06
   1.3640227e+06
   1.3644156e+06
   1.3650725e+06
   1.3653628e+06
   1.3658751e+06
   1.3663713e+06
   1.3667504e+06
   1.3675578e+06
   1.3683280e+06
   1.3687949e+06
   1.3692005e+06
   1.3701772e+06
   1.3708506e+06
   1.3713464e+06
   1.3718577e+06
   1.3735338e+06
   1.3747936e+06
   1.3758951e+06
   1.3763000e+06
   1.3770595e+06
   1.3774117e+06
   1.3778553e+06
   1.3783364e+06
   1.3787124e+06
   1.3790697e+06
   1.4204380e+06
   1.4208169e+06
   1.4211961e+06
   1.4222187e+06
   1.4225867e+06
   1.4230249e+06
   1.4234200e+06
   1.4239957e+06
   1.4244116e+06
   1.4247857e+06
   1.4262490e+06
   1.4265384e+06
   1.4269028e+06
   1.4275552e+06
   1.4280694e+06
   1.4285021e+06
   1.4288900e+06
   1.4293832e+06
   1.4299366e+06
   1.4303955e+06
   1.4308456e+06
   1.4312491e+06
   1.4318211e+06
   1.4322654e+06
   1.4327535e+06
   1.4332116e+06
   1.4339063e+06
   1.4347725e+06
   1.4353276e+06
   1.4359763e+06
   1.4363448e+06
   1.4369537e+06
   1.4373834e+06
   1.4804497e+06
   1.4808999e+06
   1.4816472e+06
   1.4821661e+06
   1.4828140e+06
   1.4832555e+06
   1.4838502e+06
   1.4841825e+06
   1.4848029e+06
   1.4857087e+06
   1.4860395e+06
   1.4863457e+06
   1.4867793e+06
   1.4875210e+06
   1.4878446e+06
   1.4882854e+06
   1.4887966e+06
   1.4891261e+06
   1.4897773e+06
   1.4903847e+06
   1.4909402e+06
   1.4920138e+06
   1.4925538e+06
   1.4935108e+06
   1.4943607e+06
   1.4964713e+06
   1.4970809e+06
   1.4978259e+06
   1.4982683e+06
   1.4987240e+06
   1.4993343e+06
   1.4996637e+06
   1.4999735e+06
   1.5408794e+06
   1.5414395e+06
   1.5419920e+06
   1.5423654e+06
   1.5428202e+06
   1.5433700e+06
   1.5438010e+06
   1.5446542e+06
   1.5451478e+06
   1.5456640e+06
   1.5461574e+06
   1.5476835e+06
   1.5486029e+06
   1.5494633e+06
   1.5499456e+06
   1.5507784e+06
   1.5512579e+06
   1.5521144e+06
   1.5524938e+06
   1.5528253e+06
   1.5535383e+06
   1.5539023e+06
   1.5544184e+06
   1.5547917e+06
   1.5554302e+06
   1.5559049e+06
   1.5568613e+06
   1.5574816e+06
   1.5584592e+06
   1.5592894e+06
   1.5597397e+06
   1.6003958e+06
   1.6010008e+06
   1.6016408e+06
   1.6023988e+06
   1.6032781e+06
   1.6047123e+06
   1.6052203e+06
   1.6056901e+06
   1.6060202e+06
   1.6063838e+06
   1.6068795e+06
   1.6073673e+06
   1.6082558e+06
   1.6086543e+06
   1.6092086e+06
   1.6096822e+06
   1.6108572e+06
   1.6119137e+06
   1.6123764e+06
   1.6128906e+06
   1.6133108e+06
   1.6139062e+06
   1.6144731e+06
   1.6162923e+06
   1.6170229e+06
   1.6175734e+06
   1.6181175e+06
   1.6190035e+06
   1.6198604e+06
   1.6605707e+06
   1.6610224e+06
   1.6617896e+06
   1.6623618e+06
   1.6627839e+06
   1.6633586e+06
   1.6638209e+06
   1.6641506e+06
   1.6647519e+06
   1.6653062e+06
   1.6657151e+06
   1.6662304e+06
   1.6666276e+06
   1.6675201e+06
   1.6679666e+06
   1.6688879e+06
   1.6695203e+06
   1.6700768e+06
   1.6711343e+06
   1.6716547e+06
   1.6720861e+06
   1.6725681e+06
   1.6729094e+06
   1.6734849e+06
   1.6739650e+06
   1.6744925e+06
   1.6759412e+06
   1.6763527e+06
   1.6768782e+06
   1.6774291e+06
   1.6784558e+06
   1.6789910e+06
   1.6796013e+06
   1.7207189e+06
   1.7214487e+06
   1.7219084e+06
   1.7223804e+06
   1.7228880e+06
   1.7235489e+06
   1.7241336e+06
   1.7249048e+06
   1.7252893e+06
   1.7257186e+06
   1.7262985e+06
   1.7266461e+06
   1.7273358e+06
   1.7279252e+06
   1.7285360e+06
   1.7290312e+06
   1.7294297e+06
   1.7300726e+06
   1.7305465e+06
   1.7312977e+06
   1.7317812e+06
   1.7324171e+06
   1.7327873e+06
   1.7337672e+06
   1.7345220e+06
   1.7349698e+06
   1.7355259e+06
   1.7361069e+06
   1.7371159e+06
   1.7376036e+06
   1.7380663e+06
   1.7388055e+06
   1.7394017e+06
   1.7805822e+06
   1.7812439e+06
   1.7820151e+06
   1.7824923e+06
   1.7828954e+06
   1.7835606e+06
   1.7841100e+06
   1.7845087e+06
   1.7851339e+06
   1.7855879e+06
   1.7861979e+06
   1.7867689e+06
   1.7877143e+06
   1.7881397e+06
   1.7884981e+06
   1.7892289e+06
   1.7899441e+06
   1.7909363e+06
   1.7917737e+06
   1.7925022e+06
   1.7929170e+06
   1.7935316e+06
   1.7950148e+06
   1.7956382e+06
   1.7960261e+06
   1.7964907e+06
   1.7977697e+06
   1.7993615e+06
   1.7998997e+06
   1.8406702e+06
   1.8410838e+06
   1.8417872e+06
   1.8422801e+06
   1.8428194e+06
   1.8434338e+06
   1.8438462e+06
   1.8442038e+06
   1.8447009e+06
   1.8454056e+06
   1.8459772e+06
   1.8465991e+06
   1.8476178e+06
   1.8483128e+06
   1.8490465e+06
   1.8494757e+06
   1.8500842e+06
   1.8507100e+06
   1.8511271e+06
   1.8515461e+06
   1.8519337e+06
   1.8523845e+06
   1.8528716e+06
   1.8534027e+06
   1.8546946e+06
   1.8554042e+06
   1.8562498e+06
   1.8570938e+06
   1.8577563e+06
   1.8586151e+06
   1.8590386e+06
   1.8597274e+06
   1.9009239e+06
   1.9013689e+06
   1.9018357e+06
   1.9032493e+06
   1.9038553e+06
   1.9043338e+06
   1.9047135e+06
   1.9054961e+06
   1.9060548e+06
   1.9066995e+06
   1.9075790e+06
   1.9080964e+06
   1.9086757e+06
   1.9090660e+06
   1.9095843e+06
   1.9103616e+06
   1.9107531e+06
   1.9111880e+06
   1.9118762e+06
   1.9124082e+06
   1.9130257e+06
   1.9135752e+06
   1.9146313e+06
   1.9150558e+06
   1.9160609e+06
   1.9165699e+06
   1.9172955e+06
   1.9181333e+06
   1.9187354e+06
   1.9192515e+06
   6.0819176e+04
   6.1200916e+04
   6.1456619e+04
   6.1942524e+04
   6.2388030e+04
   6.2813612e+04
   6.3271385e+04
   6.3804532e+04
   6.4200415e+04
   6.4586423e+04
   6.5051908e+04
   6.5689851e+04
   6.6164091e+04
   6.6997170e+04
   6.7296776e+04
   6.8075211e+04
   6.8626124e+04
   6.9146200e+04
   6.9766599e+04
   7.0285460e+04
   7.0772243e+04
   7.1120302e+04
   7.1627617e+04
   7.2192811e+04
   7.2550563e+04
   7.2998856e+04
   7.3415581e+04
   7.3884136e+04
   7.4294914e+04
   7.4888944e+04
   7.5223226e+04
   7.5549138e+04
   7.5906068e+04
   7.6470511e+04
   7.6797717e+04
   7.7341350e+04
   7.7731310e+04
   7.8084013e+04
   7.8448909e+04
   7.9094521e+04
   7.9418122e+04
   7.9766809e+04
   8.0827125e+04
   8.1419657e+04
   8.1814504e+04
   8.2124750e+04
   8.2748378e+04
   8.3131546e+04
   8.3627229e+04
   8.4068426e+04
   8.4576032e+04
   8.5411517e+04
   8.5931543e+04
   8.6365301e+04
   8.6707034e+04
   8.7052896e+04
   8.7366561e+04
   8.7903821e+04
   8.8288414e+04
   8.8838968e+04
   8.9265763e+04
   8.9674727e+04
   9.0099822e+04
   9.0489251e+04
   9.0942302e+04
   9.1236278e+04
   9.1824882e+04
   9.2539649e+04
   9.3016944e+04
   9.3368102e+04
   9.3714807e+04
   9.4089052e+04
   9.4495194e+04
   9.5319478e+04
   9.5770765e+04
   9.6768396e+04
   9.7286146e+04
   9.7673031e+04
   9.9969790e+04
   1.2149619e+05
   1.2201220e+05
   1.2233692e+05
   1.2280634e+05
   1.2317928e+05
   1.2368474e+05
   1.2410448e+05
   1.2463254e+05
   1.2498308e+05
   1.2546819e+05
   1.2691969e+05
   1.2735883e+05
   1.2779600e+05
   1.2844643e+05
   1.2899268e+05
   1.2968114e+05
   1.3006879e+05
   1.3058422e+05
   1.3130797e+05
   1.3196100e+05
   1.3233849e+05
   1.3285156e+05
   1.3329862e+05
   1.3361774e+05
   1.3402095e+05
   1.3436927e+05
   1.3531877e+05
   1.3581145e+05
   1.3614567e+05
   1.3672788e+05
   1.3703622e+05
   1.3760517e+05
   1.3836473e+05
   1.3888910e+05
   1.3945365e+05
   1.3992700e+05
   1.4076016e+05
   1.4128871e+05
   1.4171454e+05
   1.4205415e+05
   1.4264421e+05
   1.4304706e+05
   1.4370852e+05
   1.4467548e+05
   1.4522122e+05
   1.4559435e+05
   1.4633321e+05
   1.4713938e+05
   1.4760939e+05
   1.4801128e+05
   1.4844808e+05
   1.4875390e+05
   1.4908304e+05
   1.4955957e+05
   1.4993339e+05
   1.5043936e+05
   1.5110936e+05
   1.5175757e+05
   1.5224388e+05
   1.5260192e+05
   1.5305555e+05
   1.5342414e+05
   1.5386761e+05
   1.5438914e+05
   1.5476226e+05
   1.5510781e+05
   1.5546759e+05
   1.5610492e+05
   1.5644084e+05
   1.5682822e+05
   1.5738442e+05
   1.5789718e+05
   1.5834926e+05
   1.5930599e+05
   1.5967395e+05
   1.8196937e+05
   1.8236669e+05
   1.8284226e+05
   1.8334792e+05
   1.8383340e+05
   1.8419189e+05
   1.8481740e+05
   1.8517690e+05
   1.8553390e+05
   1.8631966e+05
   1.8667785e+05
   1.8704496e+05
   1.8737037e+05
   1.8784810e+05
   1.8824895e+05
   1.8860835e+05
   1.8920835e+05
   1.8960493e+05
   1.9002396e+05
   1.9060680e+05
   1.9114340e+05
   1.9157589e+05
   1.9194160e+05
   1.9241316e+05
   1.9293970e+05
   1.9330184e+05
   1.9376580e+05
   1.9441107e+05
   1.9490819e+05
   1.9535299e+05
   1.9576859e+05
   1.9632956e+05
   1.9689738e+05
   1.9735268e+05
   1.9778942e+05
   1.9812519e+05
   1.9865726e+05
   1.9974120e+05
   2.0031844e+05
   2.0081552e+05
   2.0131178e+05
   2.0177919e+05
   2.0238875e+05
   2.0289029e+05
   2.0342984e+05
   2.0391013e+05
   2.0426771e+05
   2.0470023e+05
   2.0537450e+05
   2.0603085e+05
   2.0652278e+05
   2.0683620e+05
   2.0857929e+05
   2.0904189e+05
   2.0942748e+05
   2.0978656e+05
   2.1026123e+05
   2.1053195e+05
   2.1092477e+05
   2.1123337e+05
   2.1163999e+05
   2.1201277e+05
   2.1248337e+05
   2.1285610e+05
   2.1358752e+05
   2.1403296e+05
   2.1454541e+05
   2.1487544e+05
   2.1527416e+05
   2.1566558e+05
   2.1598080e+05
   2.1635765e+05
   2.1676776e+05
   2.1730796e+05
   2.1764878e+05
   2.1817648e+05
   2.1867849e+05
   2.1927003e+05
   2.1971569e+05
   2.4038783e+05
   2.4075597e+05
   2.4132304e+05
   2.4179562e+05
   2.4229804e+05
   2.4299244e+05
   2.4358780e+05
   2.4400111e+05
   2.4456397e+05
   2.4511164e+05
   2.4567377e+05
   2.4617280e+05
   2.4657776e+05
   2.4693595e+05
   2.4747847e+05
   2.4833256e+05
   2.4871085e+05
   2.4924996e+05
   2.4964240e+05
   2.5005885e+05
   2.5055635e+05
   2.5091235e+05
   2.5123282e+05
   2.5167577e+05
   2.5227161e+05
   2.5268542e+05
   2.5324089e+05
   2.5407913e+05
   2.5439052e+05
   2.5486972e+05
   2.5540310e+05
   2.5584550e+05
   2.5627650e+05
   2.5682728e+05
   2.5721191e+05
   2.5765723e+05
   2.5806324e+05
   2.5854332e+05
   2.5889904e+05
   2.5940741e+05
   2.5978571e+05
   2.6014865e+05
   2.6055804e+05
   2.6100063e+05
   2.6142309e+05
   2.6185182e+05
   2.6242170e+05
   2.6323959e+05
   2.6381503e+05
   2.6413504e+05
   2.6460519e+05
   2.6508592e+05
   2.6545816e+05
   2.6588831e+05
   2.6622417e+05
   2.6671079e+05
   2.6733505e+05
   2.6783947e+05
   2.6827343e+05
   2.6868177e+05
   2.6905108e+05
   2.6950146e+05
   2.7027230e+05
   2.7077208e+05
   2.7118318e+05
   2.7154581e+05
   2.7226451e+05
   2.7275838e+05
   2.7339315e+05
   2.7398007e+05
   2.7642662e+05
   2.7707938e+05
   2.7763728e+05
   2.7802365e+05
   2.7848517e+05
   2.7903895e+05
   2.7945407e+05
   3.0041335e+05
   3.0085367e+05
   3.0183904e+05
   3.0232851e+05
   3.0289691e+05
   3.0339012e+05
   3.0390945e+05
   3.0431393e+05
   3.0480503e+05
   3.0528181e+05
   3.0584594e+05
   3.0621567e+05
   3.0659922e+05
   3.0698093e+05
   3.0734158e+05
   3.0778616e+05
   3.0819149e+05
   3.0863054e+05
   3.0905973e+05
   3.0943010e+05
   3.0979306e+05
   3.1090471e+05
   3.1121310e+05
   3.1161448e+05
   3.1224695e+05
   3.1259856e+05
   3.1302103e+05
   3.1382262e+05
   3.1420064e+05
   3.1476387e+05
   3.1511139e+05
   3.1627390e+05
   3.1683395e+05
   3.1784640e+05
   3.1824374e+05
   3.1868508e+05
   3.1959302e+05
   3.2000684e+05
   3.2039390e+05
   3.2082172e+05
   3.2122466e+05
   3.2181713e+05
   3.2228649e+05
   3.2271604e+05
   3.2313709e+05
   3.2355891e+05
   3.2521881e+05
   3.2550337e+05
   3.2590219e+05
   3.2671203e+05
   3.2717088e+05
   3.2770453e+05
   3.2808732e+05
   3.2839298e+05
   3.2899483e+05
   3.2956697e+05
   3.3001180e+05
   3.3046139e+05
   3.3105356e+05
   3.3133572e+05
   3.3177271e+05
   3.3223727e+05
   3.3292469e+05
   3.3336254e+05
   3.3474775e+05
   3.3531995e+05
   3.3585231e+05
   3.3644342e+05
   3.3676274e+05
   3.3716458e+05
   3.3796800e+05
   3.3837238e+05
   3.3875985e+05
   3.3934555e+05
   3.3997321e+05
   3.6032532e+05
   3.6071388e+05
   3.6107299e+05
   3.6156574e+05
   3.6197169e+05
   3.6235909e+05
   3.6303483e+05
   3.6361250e+05
   3.6398723e+05
   3.6440772e+05
   3.6501812e+05
   3.6565681e+05
   3.6598818e+05
   3.6632832e+05
   3.6666171e+05
   3.6732871e+05
   3.6774012e+05
   3.6859309e+05
   3.6907767e+05
   3.6981111e+05
   3.7061531e+05
   3.7099741e+05
   3.7139307e+05
   3.7193461e+05
   3.7240146e+05
   3.7288175e+05
   3.7325466e+05
   3.7390728e+05
   3.7492494e+05
   3.7523821e+05
   3.7569738e+05
   3.7607246e+05
   3.7645506e+05
   3.7680070e+05
   3.7711772e+05
   3.7754490e+05
   3.7807203e+05
   3.7909707e+05
   3.7951474e+05
   3.7985561e+05
   3.8034705e+05
   3.8126115e+05
   3.8165539e+05
   3.8238099e+05
   3.8267237e+05
   3.8302846e+05
   3.8394080e+05
   3.8434299e+05
   3.8476830e+05
   3.8522196e+05
   3.8596152e+05
   3.8706176e+05
   3.8739562e+05
   3.8782729e+05
   3.8823039e+05
   3.8886141e+05
   3.8936553e+05
   3.8973074e+05
   3.9017050e+05
   3.9082356e+05
   3.9129567e+05
   3.9173877e+05
   3.9227163e+05
   3.9278750e+05
   3.9318351e+05
   3.9351863e+05
   3.9424493e+05
   3.9502596e+05
   3.9537048e+05
   3.9601361e+05
   3.9636317e+05
   3.9665253e+05
   3.9755056e+05
   3.9788390e+05
   3.9825810e+05
   3.9905463e+05
   3.9943239e+05
   4.2075149e+05
   4.2126856e+05
   4.2173408e+05
   4.2244067e+05
   4.2286681e+05
   4.2327445e+05
   4.2380877e+05
   4.2452311e+05
   4.2518131e+05
   4.2557820e+05
   4.2617295e+05
   4.2667008e+05
   4.2749052e+05
   4.2794446e+05
   4.2861623e+05
   4.2904932e+05
   4.2964722e+05
   4.3022032e+05
   4.3092089e+05
   4.3146465e+05
   4.3214209e+05
   4.3244430e+05
   4.3291527e+05
   4.3335515e+05
   4.3370132e+05
   4.3413322e+05
   4.3455612e+05
   4.3514745e+05
   4.3580478e+05
   4.3620778e+05
   4.3668711e+05
   4.3730431e+05
   4.3764521e+05
   4.3803715e+05
   4.3850738e+05
   4.3885911e+05
   4.3929344e+05
   4.3998188e+05
   4.4033964e+05
   4.4092046e+05
   4.4150854e+05
   4.4191521e+05
   4.4243503e+05
   4.4277363e+05
   4.4310309e+05
   4.4340570e+05
   4.4376661e+05
   4.4420575e+05
   4.4458551e+05
   4.4491066e+05
   4.4536301e+05
   4.4586240e+05
   4.4622213e+05
   4.4664892e+05
   4.4729356e+05
   4.4767789e+05
   4.4810445e+05
   4.4847422e+05
   4.4880769e+05
   4.4910874e+05
   4.4953553e+05
   4.4990433e+05
   4.5054670e+05
   4.5082001e+05
   4.5121367e+05
   4.5162248e+05
   4.5244411e+05
   4.5291502e+05
   4.5348334e+05
   4.5386170e+05
   4.5439970e+05
   4.5479604e+05
   4.5523074e+05
   4.5587543e+05
   4.5643490e+05
   4.5683136e+05
   4.5721248e+05
   4.5786058e+05
   4.5839078e+05
   4.5897326e+05
   4.5942939e+05
   4.8050309e+05
   4.8090050e+05
   4.8146680e+05
   4.8188923e+05
   4.8251517e+05
   4.8290223e+05
   4.8348575e+05
   4.8388802e+05
   4.8466980e+05
   4.8544097e+05
   4.8586867e+05
   4.8633697e+05
   4.8677984e+05
   4.8714953e+05
   4.8753758e+05
   4.8789791e+05
   4.8829634e+05
   4.8897060e+05
   4.8942137e+05
   4.8987769e+05
   4.9021148e+05
   4.9053036e+05
   4.9090052e+05
   4.9133820e+05
   4.9164421e+05
   4.9197209e+05
   4.9237376e+05
   4.9279342e+05
   4.9344499e+05
   4.9390034e+05
   4.9425594e+05
   4.9463120e+05
   4.9502728e+05
   4.9539652e+05
   4.9595457e+05
   4.9632631e+05
   4.9677036e+05
   4.9773253e+05
   4.9828591e+05
   4.9877708e+05
   4.9910230e+05
   4.9966799e+05
   5.0008316e+05
   5.0049910e+05
   5.0106362e+05
   5.0143952e+05
   5.0185340e+05
   5.0227837e+05
   5.0265627e+05
   5.0358278e+05
   5.0407641e+05
   5.0469564e+05
   5.0522527e+05
   5.0561005e+05
   5.0595174e+05
   5.0630434e+05
   5.0670135e+05
   5.0709362e+05
   5.0761973e+05
   5.0833887e+05
   5.0908749e+05
   5.0951699e+05
   5.0996550e+05
   5.1047868e+05
   5.1096294e+05
   5.1143604e+05
   5.1196569e+05
   5.1233714e+05
   5.1293221e+05
   5.1326008e+05
   5.1389154e+05
   5.1423440e+05
   5.1475330e+05
   5.1581773e+05
   5.1646495e+05
   5.1758219e+05
   5.1800009e+05
   5.1837089e+05
   5.1884437e+05
   5.1930446e+05
   5.1983939e+05
   5.4051473e+05
   5.4088843e+05
   5.4132232e+05
   5.4188297e+05
   5.4224845e+05
   5.4282890e+05
   5.4332560e+05
   5.4379022e+05
   5.4418101e+05
   5.4463538e+05
   5.4504739e+05
   5.4538407e+05
   5.4576159e+05
   5.4638117e+05
   5.4672146e+05
   5.4724460e+05
   5.4765760e+05
   5.4811113e+05
   5.4862800e+05
   5.4901397e+05
   5.4958869e+05
   5.5030800e+05
   5.5070206e+05
   5.5123753e+05
   5.5158698e+05
   5.5202437e+05
   5.5235809e+05
   5.5281431e+05
   5.5336469e+05
   5.5380385e+05
   5.5418711e+05
   5.5464083e+05
   5.5500392e+05
   5.5545015e+05
   5.5580132e+05
   5.5637476e+05
   5.5670109e+05
   5.5735766e+05
   5.5799244e+05
   5.5857287e+05
   5.5927181e+05
   5.5966135e+05
   5.6011467e+05
   5.6049405e+05
   5.6084637e+05
   5.6146918e+05
   5.6181242e+05
   5.6212229e+05
   5.6249333e+05
   5.6309185e+05
   5.6401321e+05
   5.6442610e+05
   5.6479267e+05
   5.6548210e+05
   5.6580703e+05
   5.6621734e+05
   5.6672049e+05
   5.6717722e+05
   5.6754227e+05
   5.6790249e+05
   5.6822691e+05
   5.6865249e+05
   5.6905605e+05
   5.6933673e+05
   5.6979382e+05
   5.7014746e+05
   5.7090832e+05
   5.7124483e+05
   5.7167870e+05
   5.7199233e+05
   5.7278988e+05
   5.7334796e+05
   5.7385577e+05
   5.7416917e+05
   5.7466353e+05
   5.7511688e+05
   5.7567125e+05
   5.7619260e+05
   5.7680986e+05
   5.7729170e+05
   5.7773702e+05
   5.7821267e+05
   5.7858207e+05
   5.7934284e+05
   5.7986264e+05
   7.8032033e+05
   7.8082537e+05
   7.8220776e+05
   7.8282115e+05
   7.8337966e+05
   7.8416312e+05
   7.8475864e+05
   7.8542371e+05
   7.8597618e+05
   7.8649438e+05
   7.8717078e+05
   7.8778242e+05
   7.8836845e+05
   7.8897785e+05
   7.8934209e+05
   7.9100322e+05
   7.9172297e+05
   7.9226828e+05
   7.9288801e+05
   7.9388905e+05
   7.9436545e+05
   7.9512760e+05
   7.9585288e+05
   7.9681676e+05
   7.9728439e+05
   7.9793355e+05
   7.9853933e+05
   7.9897435e+05
   7.9930464e+05
   7.9976554e+05
   8.0062899e+05
   8.0124382e+05
   8.0222534e+05
   8.0288917e+05
   8.0350095e+05
   8.0394427e+05
   8.0471594e+05
   8.0532398e+05
   8.0574963e+05
   8.0652469e+05
   8.0693672e+05
   8.0819784e+05
   8.0867637e+05
   8.0941313e+05
   8.1009965e+05
   8.1076107e+05
   8.1124255e+05
   8.1206740e+05
   8.1277272e+05
   8.1354227e+05
   8.1482665e+05
   8.1552734e+05
   8.1607519e+05
   8.1656130e+05
   8.1720272e+05
   8.1776732e+05
   8.1831812e+05
   8.1872319e+05
   8.1925894e+05
   8.1967894e+05
   8.4093684e+05
   8.4179975e+05
   8.4229805e+05
   8.4279824e+05
   8.4322491e+05
   8.4407910e+05
   8.4479333e+05
   8.4528509e+05
   8.4631928e+05
   8.4671343e+05
   8.4729752e+05
   8.4871827e+05
   8.4969779e+05
   8.5005310e+05
   8.5051943e+05
   8.5101006e+05
   8.5216371e+05
   8.5276132e+05
   8.5315167e+05
   8.5379826e+05
   8.5446860e+05
   8.5511614e+05
   8.5569266e+05
   8.5622824e+05
   8.5685930e+05
   8.5731380e+05
   8.5798464e+05
   8.5952533e+05
   8.6021361e+05
   8.6115322e+05
   8.6170795e+05
   8.6205388e+05
   8.6277163e+05
   8.7574167e+05
   8.7716306e+05
   8.7920994e+05
   8.7967103e+05
   9.0069431e+05
   9.0121839e+05
   9.0196273e+05
   9.0274542e+05
   9.0345310e+05
   9.0383473e+05
   9.0424899e+05
   9.0495479e+05
   9.0759837e+05
   9.0831398e+05
   9.0898415e+05
   9.0975319e+05
   9.1049703e+05
   9.1135684e+05
   9.1217236e+05
   9.1258826e+05
   9.1307719e+05
   9.1349257e+05
   9.1411661e+05
   9.1466459e+05
   9.1536617e+05
   9.1580844e+05
   9.1654439e+05
   9.1720088e+05
   9.1763706e+05
   9.1823691e+05
   9.1897934e+05
   9.1969607e+05
   9.2033623e+05
   9.2115727e+05
   9.2186991e+05
   9.2248554e+05
   9.2330284e+05
   9.2434581e+05
   9.2499861e+05
   9.2572160e+05
   9.2810401e+05
   9.2885233e+05
   9.2959319e+05
   9.2995710e+05
   9.3091108e+05
   9.3178499e+05
   9.3268711e+05
   9.3553951e+05
   9.3601072e+05
   9.3652622e+05
   9.3789903e+05
   9.3844795e+05
   9.3908358e+05
   9.3953392e+05
   9.6045296e+05
   9.6086340e+05
   9.6136329e+05
   9.6187638e+05
   9.6284023e+05
   9.6389918e+05
   9.6435624e+05
   9.6489891e+05
   9.6595669e+05
   9.6639719e+05
   9.6689081e+05
   9.6740731e+05
   9.6800422e+05
   9.6855012e+05
   9.6909748e+05
   9.7007199e+05
   9.7097767e+05
   9.7158549e+05
   9.7211212e+05
   9.7432525e+05
   9.7506522e+05
   9.7569828e+05
   9.7626570e+05
   9.7708058e+05
   9.7757755e+05
   9.7862302e+05
   9.7967553e+05
   9.8045745e+05
   9.8091897e+05
   9.8161756e+05
   9.8241800e+05
   9.8301398e+05
   9.8468486e+05
   9.8537688e+05
   9.8582646e+05
   9.8630597e+05
   9.8730959e+05
   9.8766995e+05
   9.8822142e+05
   9.8934014e+05
   9.8965954e+05
   9.9014913e+05
   9.9058992e+05
   9.9120190e+05
   9.9207115e+05
   9.9265838e+05
   1.0204674e+06
   1.0210322e+06
   1.0217522e+06
   1.0224808e+06
   1.0236421e+06
   1.0241791e+06
   1.0247068e+06
   1.0252042e+06
   1.0257542e+06
   1.0262367e+06
   1.0268270e+06
   1.0275344e+06
   1.0280230e+06
   1.0284105e+06
   1.0298900e+06
   1.0304174e+06
   1.0307913e+06
   1.0317796e+06
   1.0321664e+06
   1.0332253e+06
   1.0338078e+06
   1.0345859e+06
   1.0352959e+06
   1.0362671e+06
   1.0374245e+06
   1.0383438e+06
   1.0391413e+06
   1.0395922e+06
   1.0407602e+06
   1.0413894e+06
   1.0419803e+06
   1.0426454e+06
   1.0436844e+06
   1.0454394e+06
   1.0461212e+06
   1.0474931e+06
   1.0489818e+06
   1.0494860e+06
   1.0501152e+06
   1.0519592e+06
   1.0524264e+06
   1.0529594e+06
   1.0547109e+06
   1.0552742e+06
   1.0558675e+06
   1.0563537e+06
   1.0574133e+06
   1.0577847e+06
   1.0583846e+06
   1.0806715e+06
   1.0814790e+06
   1.0818505e+06
   1.0822811e+06
   1.0827670e+06
   1.0833971e+06
   1.0843432e+06
   1.0847921e+06
   1.0856630e+06
   1.0865385e+06
   1.0872831e+06
   1.0880092e+06
   1.0890258e+06
   1.0898359e+06
   1.0904511e+06
   1.0917167e+06
   1.0922882e+06
   1.0931210e+06
   1.0935407e+06
   1.0943288e+06
   1.0947063e+06
   1.0952260e+06
   1.0960074e+06
   1.0964325e+06
   1.0968797e+06
   1.0972351e+06
   1.0984104e+06
   1.0989602e+06
   1.0995116e+06
   1.1001963e+06
   1.1008051e+06
   1.1013831e+06
   1.1019376e+06
   1.1027429e+06
   1.1030893e+06
   1.1063644e+06
   1.1071888e+06
   1.1081066e+06
   1.1150741e+06
   1.1157986e+06
   1.1162623e+06
   1.1167689e+06
   1.1190478e+06
   1.1197553e+06
   1.1409256e+06
   1.1413555e+06
   1.1417044e+06
   1.1427405e+06
   1.1432568e+06
   1.1438755e+06
   1.1451610e+06
   1.1457338e+06
   1.1464270e+06
   1.1470692e+06
   1.1481806e+06
   1.1490103e+06
   1.1499183e+06
   1.1504369e+06
   1.1514624e+06
   1.1520340e+06
   1.1530821e+06
   1.1534840e+06
   1.1544093e+06
   1.1550495e+06
   1.1555916e+06
   1.1562010e+06
   1.1569041e+06
   1.1574087e+06
   1.1584587e+06
   1.1589347e+06
   1.1594018e+06
   1.1599604e+06
   1.1603721e+06
   1.1608079e+06
   1.1622066e+06
   1.1626584e+06
   1.1631251e+06
   1.1637441e+06
   1.1643247e+06
   1.1648409e+06
   1.1652605e+06
   1.1658671e+06
   1.1664842e+06
   1.1670619e+06
   1.1677432e+06
   1.1683112e+06
   1.1690175e+06
   1.1693764e+06
   1.1700326e+06
   1.1707337e+06
   1.1718325e+06
   1.1723315e+06
   1.1728184e+06
   1.1731846e+06
   1.1737477e+06
   1.1742027e+06
   1.1747188e+06
   1.1759731e+06
   1.1766163e+06
   1.1774097e+06
   1.1785869e+06
   1.1789880e+06
   1.1795695e+06
   1.2011300e+06
   1.2016355e+06
   1.2021581e+06
   1.2034048e+06
   1.2042462e+06
   1.2047289e+06
   1.2051617e+06
   1.2060608e+06
   1.2064537e+06
   1.2070320e+06
   1.2077717e+06
   1.2082614e+06
   1.2088968e+06
   1.2094536e+06
   1.2108849e+06
   1.2607769e+06
   1.2612510e+06
   1.2618972e+06
   1.2622397e+06
   1.2631292e+06
   1.2638109e+06
   1.2647429e+06
   1.2652442e+06
   1.2659301e+06
   1.2677198e+06
   1.2689073e+06
   1.2695898e+06
   1.2701230e+06
   1.2706294e+06
   1.2712158e+06
   1.2721635e+06
   1.2725342e+06
   1.2738363e+06
   1.2865920e+06
   1.2871892e+06
   1.2878552e+06
   1.2882664e+06
   1.2886858e+06
   1.2900963e+06
   1.2916625e+06
   1.2924285e+06
   1.2929146e+06
   1.2938791e+06
   1.2944302e+06
   1.2948560e+06
   1.2955071e+06
   1.2958211e+06
   1.2963979e+06
   1.2971115e+06
   1.2976001e+06
   1.2987620e+06
   1.2991782e+06
   1.2996006e+06
   1.3203313e+06
   1.3212839e+06
   1.3223851e+06
   1.3229689e+06
   1.3248100e+06
   1.3255634e+06
   1.3263778e+06
   1.3271702e+06
   1.3277489e+06
   1.3286157e+06
   1.3290561e+06
   1.3301565e+06
   1.3333385e+06
   1.3337684e+06
   1.3344070e+06
   1.3349972e+06
   1.3359061e+06
   1.3369462e+06
   1.3377759e+06
   1.3386488e+06
   1.3393006e+06
   1.3398065e+06
   1.3409484e+06
   1.3415385e+06
   1.3421156e+06
   1.3428748e+06
   1.3435808e+06
   1.3452325e+06
   1.3456572e+06
   1.3472184e+06
   1.3478355e+06
   1.3483889e+06
   1.3490075e+06
   1.3495079e+06
   1.3502252e+06
   1.3508030e+06
   1.3518376e+06
   1.3526658e+06
   1.3531863e+06
   1.3537181e+06
   1.3542744e+06
   1.3548151e+06
   1.3552501e+06
   1.3557699e+06
   1.3561623e+06
   1.3566520e+06
   1.3573928e+06
   1.3809479e+06
   1.3813781e+06
   1.3818877e+06
   1.3825874e+06
   1.3835480e+06
   1.3840186e+06
   1.3849573e+06
   1.3856135e+06
   1.3866555e+06
   1.3871239e+06
   1.3876078e+06
   1.3884367e+06
   1.3890536e+06
   1.3897467e+06
   1.3908967e+06
   1.3914278e+06
   1.3921665e+06
   1.3926642e+06
   1.3934776e+06
   1.3938560e+06
   1.3943857e+06
   1.3966368e+06
   1.3975218e+06
   1.3988398e+06
   1.3993553e+06
   1.3997990e+06
   1.4002150e+06
   1.4005825e+06
   1.4014740e+06
   1.4036246e+06
   1.4041267e+06
   1.4052179e+06
   1.4055892e+06
   1.4064797e+06
   1.4073560e+06
   1.4080508e+06
   1.4087111e+06
   1.4091200e+06
   1.4098275e+06
   1.4110368e+06
   1.4118046e+06
   1.4124223e+06
   1.4128269e+06
   1.4132288e+06
   1.4136065e+06
   1.4154290e+06
   1.4164464e+06
   1.4168046e+06
   1.4195661e+06
   1.4406150e+06
   1.4412101e+06
   1.4417997e+06
   1.4436322e+06
   1.4440142e+06
   1.4445211e+06
   1.4453582e+06
   1.4457989e+06
   1.4467349e+06
   1.4473031e+06
   1.4478064e+06
   1.4483729e+06
   1.4490083e+06
   1.4496342e+06
   1.4501229e+06
   1.4505397e+06
   1.4508872e+06
   1.4514262e+06
   1.4520549e+06
   1.4526742e+06
   1.4530278e+06
   1.4536125e+06
   1.4539759e+06
   1.4548623e+06
   1.4552868e+06
   1.4557440e+06
   1.4569115e+06
   1.4576637e+06
   1.4583239e+06
   1.4592936e+06
   1.4596897e+06
   1.4603065e+06
   1.4609931e+06
   1.4617368e+06
   1.4621723e+06
   1.4628099e+06
   1.4636953e+06
   1.4644012e+06
   1.4656925e+06
   1.4664502e+06
   1.4669823e+06
   1.4678697e+06
   1.4686360e+06
   1.4691891e+06
   1.4704393e+06
   1.4710204e+06
   1.4715141e+06
   1.4722156e+06
   1.4753489e+06
   1.4758855e+06
   1.4764279e+06
   1.4770100e+06
   1.4773952e+06
   1.4778457e+06
   1.4783457e+06
   1.4789896e+06
   1.4797568e+06
   1.5008734e+06
   1.5015638e+06
   1.5021368e+06
   1.5035792e+06
   1.5057296e+06
   1.5076962e+06
   1.5082531e+06
   1.5093722e+06
   1.5099696e+06
   1.5107483e+06
   1.5109975e+06
   1.5114077e+06
   1.5119056e+06
   1.5126491e+06
   1.5143153e+06
   1.5149571e+06
   1.5156228e+06
   1.5163049e+06
   1.5169087e+06
   1.5183247e+06
   1.5188360e+06
   1.5193263e+06
   1.5202328e+06
   1.5217984e+06
   1.5223566e+06
   1.5228224e+06
   1.5234474e+06
   1.5238262e+06
   1.5243552e+06
   1.5249236e+06
   1.5253071e+06
   1.5263010e+06
   1.5278729e+06
   1.5296869e+06
   1.5319121e+06
   1.5325678e+06
   1.5332385e+06
   1.5338397e+06
   1.5342316e+06
   1.5349254e+06
   1.5354071e+06
   1.5360829e+06
   1.5365696e+06
   1.5372044e+06
   1.5380342e+06
   1.5386851e+06
   1.5394247e+06
   1.5609041e+06
   1.5613475e+06
   1.5620527e+06
   1.5625464e+06
   1.5631140e+06
   1.5636208e+06
   1.5658035e+06
   1.5663388e+06
   1.5669505e+06
   1.5675735e+06
   1.5686684e+06
   1.5692334e+06
   1.5700673e+06
   1.5710035e+06
   1.5715145e+06
   1.5723660e+06
   1.5730895e+06
   1.5743468e+06
   1.5748351e+06
   1.5753465e+06
   1.5758918e+06
   1.5762587e+06
   1.5769283e+06
   1.5774566e+06
   1.5778380e+06
   1.5786986e+06
   1.5794153e+06
   1.5799341e+06
   1.5810083e+06
   1.5821172e+06
   1.5842849e+06
   1.5859764e+06
   1.5863974e+06
   1.5868894e+06
   1.5877089e+06
   1.5880564e+06
   1.5885592e+06
   1.5891317e+06
   1.5898931e+06
   1.5904423e+06
   1.5910385e+06
   1.5916867e+06
   1.5923306e+06
   1.5930569e+06
   1.5938741e+06
   1.5943596e+06
   1.5950394e+06
   1.5957315e+06
   1.5961811e+06
   1.5968110e+06
   1.5974158e+06
   1.5978582e+06
   1.5991883e+06
   1.5997512e+06
   1.6211014e+06
   1.6215226e+06
   1.6227598e+06
   1.6232446e+06
   1.6236951e+06
   1.6243431e+06
   1.6252803e+06
   1.6258203e+06
   1.6263683e+06
   1.6273236e+06
   1.6278421e+06
   1.6282321e+06
   1.6287324e+06
   1.6294776e+06
   1.6299372e+06
   1.6304175e+06
   1.6308903e+06
   1.6320149e+06
   1.6326389e+06
   1.6334488e+06
   1.6341618e+06
   1.6347098e+06
   1.6351242e+06
   1.6362090e+06
   1.6370840e+06
   1.6378908e+06
   1.6384618e+06
   1.6390788e+06
   1.6398484e+06
   1.6403469e+06
   1.6412152e+06
   1.6422852e+06
   1.6433293e+06
   1.6441959e+06
   1.6448685e+06
   1.6460081e+06
   1.6469371e+06
   1.6474679e+06
   1.6487770e+06
   1.6496730e+06
   1.6502413e+06
   1.6508164e+06
   1.6528481e+06
   1.6535718e+06
   1.6542524e+06
   1.6546167e+06
   1.6550196e+06
   1.6555966e+06
   1.6561908e+06
   1.6572515e+06
   1.6578724e+06
   1.6585806e+06
   1.6593587e+06
   1.6598064e+06
   1.6804067e+06
   1.6813917e+06
   1.6820202e+06
   1.6826325e+06
   1.6831488e+06
   1.6835844e+06
   1.6842494e+06
   1.6846528e+06
   1.6852618e+06
   1.6857426e+06
   1.6862565e+06
   1.6868452e+06
   1.6875323e+06
   1.6903185e+06
   1.6919994e+06
   1.6924420e+06
   1.6931018e+06
   1.6935226e+06
   1.6940109e+06
   1.6944772e+06
   1.6950098e+06
   1.6954004e+06
   1.6959914e+06
   1.6963025e+06
   1.6967575e+06
   1.6971529e+06
   1.6980003e+06
   1.6988558e+06
   1.6994216e+06
   1.7007920e+06
   1.7017241e+06
   1.7024893e+06
   1.7033138e+06
   1.7042020e+06
   1.7047270e+06
   1.7054687e+06
   1.7060502e+06
   1.7067832e+06
   1.7076821e+06
   1.7083408e+06
   1.7091115e+06
   1.7096993e+06
   1.7101542e+06
   1.7106791e+06
   1.7111179e+06
   1.7115307e+06
   1.7120276e+06
   1.7125606e+06
   1.7130719e+06
   1.7135724e+06
   1.7145054e+06
   1.7154842e+06
   1.7160271e+06
   1.7167835e+06
   1.7176267e+06
   1.7184931e+06
   1.7190997e+06
   1.7199262e+06
   1.7405478e+06
   1.7410585e+06
   1.7418868e+06
   1.7424859e+06
   1.7438249e+06
   1.7444768e+06
   1.7450475e+06
   1.7456180e+06
   1.7464676e+06
   1.7472792e+06
   1.7480177e+06
   1.7487229e+06
   1.7494001e+06
   1.7501851e+06
   1.7511422e+06
   1.7516931e+06
   1.7523229e+06
   1.7531039e+06
   1.7535041e+06
   1.7543916e+06
   1.7549629e+06
   1.7556342e+06
   1.7561132e+06
   1.7569497e+06
   1.7576493e+06
   1.7587301e+06
   1.7593111e+06
   1.7599398e+06
   1.7610361e+06
   1.7616791e+06
   1.7621525e+06
   1.7630082e+06
   1.7637234e+06
   1.7642205e+06
   1.7646397e+06
   1.7652654e+06
   1.7661633e+06
   1.7667265e+06
   1.7673456e+06
   1.7687461e+06
   1.7706178e+06
   1.7711538e+06
   1.7715847e+06
   1.7723461e+06
   1.7734365e+06
   1.7738937e+06
   1.7744258e+06
   1.7749500e+06
   1.7753634e+06
   1.7759094e+06
   1.7768467e+06
   1.7777522e+06
   1.7785300e+06
   1.8003662e+06
   1.8019785e+06
   1.8028227e+06
   1.8045831e+06
   1.8056594e+06
   1.8080005e+06
   1.8086636e+06
   1.8098818e+06
   1.8103129e+06
   1.8106369e+06
   1.8122881e+06
   1.8125830e+06
   1.8137117e+06
   1.8142617e+06
   1.8148658e+06
   1.8153550e+06
   1.8162764e+06
   1.8167616e+06
   1.8176159e+06
   1.8183653e+06
   1.8188545e+06
   1.8193619e+06
   1.8197421e+06
   1.8201880e+06
   1.8210537e+06
   1.8219437e+06
   1.8230137e+06
   1.8251875e+06
   1.8256901e+06
   1.8261654e+06
   1.8268321e+06
   1.8278785e+06
   1.8288327e+06
   1.8293509e+06
   1.8315847e+06
   1.8320603e+06
   1.8326951e+06
   1.8336880e+06
   1.8341406e+06
   1.8345687e+06
   1.8351426e+06
   1.8357487e+06
   1.8363398e+06
   1.8380270e+06
   1.8385494e+06
   1.8390679e+06
   1.8399674e+06
   1.8615888e+06
   1.8623653e+06
   1.8629937e+06
   1.8635262e+06
   1.8640866e+06
   1.8645913e+06
   1.8661466e+06
   1.8668948e+06
   1.8675595e+06
   1.8680453e+06
   1.8700085e+06
   1.8727187e+06
   1.8731580e+06
   1.8737789e+06
   1.8742617e+06
   1.8748622e+06
   1.8754501e+06
   1.8758981e+06
   1.8766217e+06
   1.8778960e+06
   1.8783393e+06
   1.8788059e+06
   1.8794738e+06
   1.8800067e+06
   1.8805553e+06
   1.8813555e+06
   1.8819442e+06
   1.8827237e+06
   1.8833411e+06
   1.8848339e+06
   1.8852966e+06
   1.8862077e+06
   1.8869650e+06
   1.8879497e+06
   1.8885208e+06
   1.8899793e+06
   1.8904375e+06
   1.8909071e+06
   1.8914756e+06
   1.8919301e+06
   1.8926726e+06
   1.8931891e+06
   1.8939445e+06
   1.8945877e+06
   1.8949710e+06
   1.8956812e+06
   1.8960603e+06
   1.8390725e+06
   1.8396933e+06
   1.8605100e+06
   1.8615342e+06
   1.8619703e+06
   1.8624347e+06
   1.8630187e+06
   1.8650940e+06
   1.8657822e+06
   1.8662324e+06
   1.8668746e+06
   1.8675825e+06
   1.8680781e+06
   1.8696435e+06
   1.8700615e+06
   1.8705612e+06
   1.8712183e+06
   1.8723021e+06
   1.8731550e+06
   1.8742497e+06
   1.8749363e+06
   1.8759290e+06
   1.8764742e+06
   1.8777814e+06
   1.8781942e+06
   1.8788857e+06
   1.8796509e+06
   1.8801328e+06
   1.8807208e+06
   1.8812806e+06
   1.8818198e+06
   1.8824097e+06
   1.8830197e+06
   1.8840302e+06
   1.8883515e+06
   1.8888145e+06
   1.8891725e+06
   1.8896515e+06
   1.8903008e+06
   1.8907226e+06
   1.8914288e+06
   1.8918030e+06
   1.8941841e+06
   1.8945477e+06
   1.8952411e+06
   1.8957511e+06
   1.8965303e+06
   1.8969198e+06
   1.8982733e+06
   1.8990923e+06
   1.8994781e+06
   1.8999210e+06
   1.8711192e+06
   1.8719412e+06
   1.8733233e+06
   1.8741840e+06
   1.8749286e+06
   1.8754432e+06
   1.8759394e+06
   1.8768184e+06
   1.8775899e+06
   1.8781686e+06
   1.8788774e+06
   1.8798245e+06
   1.8806813e+06
   1.8822766e+06
   1.8827054e+06
   1.8834739e+06
   1.8844953e+06
   1.8849011e+06
   1.8855559e+06
   1.8863607e+06
   1.8870156e+06
   1.8876639e+06
   1.8881521e+06
   1.8885845e+06
   1.8901436e+06
   1.8910026e+06
   1.8952170e+06
   1.8985879e+06
   1.8997581e+06
   1.8950668e+06
   1.8956972e+06
   1.8964008e+06
   1.8967464e+06
   1.8973846e+06
   1.8978311e+06
   1.8989247e+06
   1.8993307e+06
   1.8997260e+06
   1.8958159e+06
   1.8962971e+06
   1.8969350e+06
   1.8973229e+06
   1.8979088e+06
   1.8989991e+06
   1.8994849e+06
