   1.2814472e+03
   3.1657135e+03
   4.8820282e+03
   6.7045283e+03
   8.1595700e+03
   9.7339773e+03
   1.2187482e+04
   1.4222510e+04
   1.5602810e+04
   1.7205894e+04
   1.8721205e+04
   2.0301048e+04
   2.1999271e+04
   2.3724598e+04
   2.5170295e+04
   2.6801640e+04
   2.8143715e+04
   2.9404514e+04
   3.1043787e+04
   3.2411036e+04
   3.5203990e+04
   3.6981837e+04
   3.8872505e+04
   4.0478139e+04
   4.0680623e+04
   4.1967122e+04
   4.2919072e+04
   4.4254362e+04
   4.5449281e+04
   4.6594150e+04
   4.8544807e+04
   4.9834962e+04
   5.1098452e+04
   5.2744347e+04
   5.5653221e+04
   5.6817268e+04
   5.7722826e+04
   5.9202207e+04
   1.0170050e+05
   1.0305758e+05
   1.0445386e+05
   1.0541066e+05
   1.0698238e+05
   1.0845646e+05
   1.0954140e+05
   1.1040826e+05
   1.1194167e+05
   1.1394666e+05
   1.1516275e+05
   1.1616827e+05
   1.1714208e+05
   1.1846196e+05
   1.1972445e+05
   1.6097343e+05
   1.6198860e+05
   1.6293669e+05
   1.6390768e+05
   1.6481998e+05
   1.6564377e+05
   1.6659540e+05
   1.6805543e+05
   1.6925151e+05
   1.7036533e+05
   1.7153252e+05
   1.7287652e+05
   1.7550337e+05
   1.7653393e+05
   1.7806030e+05
   1.7917251e+05
   2.2080580e+05
   2.2208958e+05
   2.2322117e+05
   2.2439889e+05
   2.2572472e+05
   2.2800928e+05
   2.2903041e+05
   2.3016295e+05
   2.3206156e+05
   2.3350120e+05
   2.3504883e+05
   2.3649740e+05
   2.3786811e+05
   2.3895701e+05
   2.3983520e+05
   2.8121752e+05
   2.8271262e+05
   2.8370702e+05
   2.8498988e+05
   2.8612233e+05
   2.8802691e+05
   2.8974241e+05
   2.9092336e+05
   2.9177611e+05
   2.9315278e+05
   2.9515702e+05
   2.9619155e+05
   2.9852999e+05
   3.4114522e+05
   3.4343007e+05
   3.4458632e+05
   3.4685148e+05
   3.4830819e+05
   3.4992535e+05
   3.5090480e+05
   3.5244048e+05
   3.5379273e+05
   3.5541658e+05
   3.5654358e+05
   3.5807873e+05
   3.5904600e+05
   4.0107006e+05
   4.0255958e+05
   4.0367257e+05
   4.0481485e+05
   4.0639673e+05
   4.0802369e+05
   4.0923964e+05
   4.1063594e+05
   4.1158249e+05
   4.1309570e+05
   4.1510622e+05
   4.1652019e+05
   4.1750561e+05
   4.1859832e+05
   4.6121998e+05
   4.6263722e+05
   4.6377944e+05
   4.6533049e+05
   4.6642869e+05
   4.6819410e+05
   4.6923190e+05
   4.7045232e+05
   4.7121096e+05
   4.7243041e+05
   4.7371712e+05
   4.7605541e+05
   4.7747615e+05
   4.7915264e+05
   5.2093500e+05
   5.2197979e+05
   5.2324590e+05
   5.2532557e+05
   5.2650827e+05
   5.2851694e+05
   5.2969372e+05
   5.3120753e+05
   5.3276206e+05
   5.3513406e+05
   5.3616193e+05
   5.3728949e+05
   5.3840280e+05
   5.3947721e+05
   5.8109378e+05
   5.8266162e+05
   5.8358589e+05
   5.8460176e+05
   5.8565436e+05
   5.8825819e+05
   5.8943456e+05
   5.9082335e+05
   5.9220378e+05
   5.9325041e+05
   5.9747626e+05
   5.9905975e+05
   6.0140317e+05
   6.0273401e+05
   6.0417488e+05
   6.0555124e+05
   6.0694869e+05
   6.0782354e+05
   6.0971322e+05
   6.1143304e+05
   6.1271665e+05
   6.1434311e+05
   6.1629306e+05
   6.1894336e+05
   6.2084707e+05
   6.2226631e+05
   6.2495652e+05
   6.2748909e+05
   6.2855298e+05
   6.2979005e+05
   6.3211852e+05
   6.3335502e+05
   6.3443856e+05
   6.3580403e+05
   6.3726357e+05
   6.3861011e+05
   6.4052965e+05
   6.4185866e+05
   6.4315358e+05
   6.4445391e+05
   6.4682752e+05
   6.5117163e+05
   6.5290744e+05
   6.5536275e+05
   6.6029239e+05
   6.6173277e+05
   6.6397361e+05
   6.6604275e+05
   6.6741554e+05
   6.6857644e+05
   6.7010372e+05
   6.7152530e+05
   6.7336528e+05
   6.7530715e+05
   6.7678470e+05
   6.7792697e+05
   6.7991845e+05
   6.8087912e+05
   6.8253595e+05
   6.8372123e+05
   6.8564003e+05
   6.8830827e+05
   6.9005518e+05
   6.9133633e+05
   6.9319148e+05
   6.9603930e+05
   6.9734606e+05
   6.9838162e+05
   7.0057573e+05
   7.0201048e+05
   7.0371699e+05
   7.0519567e+05
   7.0690120e+05
   7.0860037e+05
   7.1012790e+05
   7.1153221e+05
   7.1287766e+05
   7.1395909e+05
   7.1554158e+05
   7.1663159e+05
   7.1821508e+05
   7.1920290e+05
   7.2258961e+05
   7.2489583e+05
   7.2686125e+05
   7.3032854e+05
   7.3272314e+05
   7.3468427e+05
   7.3630532e+05
   7.3839901e+05
   7.3985460e+05
   7.4172599e+05
   7.4294156e+05
   7.5055709e+05
   7.5284988e+05
   7.5677209e+05
   7.5967640e+05
   7.6371459e+05
   7.6522650e+05
   7.6644384e+05
   7.6839862e+05
   7.7057312e+05
   7.7208584e+05
   7.7540501e+05
   7.7680462e+05
   7.7802508e+05
   7.7912906e+05
   8.2143847e+05
   8.2410659e+05
   8.2559597e+05
   8.2693949e+05
   8.2832311e+05
   8.2980990e+05
   8.3090771e+05
   8.3241035e+05
   8.3541791e+05
   8.3762767e+05
   8.3910837e+05
   8.8161852e+05
   8.8309677e+05
   8.8558355e+05
   8.8681595e+05
   8.8818598e+05
   8.9161008e+05
   8.9281858e+05
   8.9377780e+05
   8.9595634e+05
   8.9735979e+05
   8.9955269e+05
   9.4158244e+05
   9.4279475e+05
   9.4423606e+05
   9.4549986e+05
   9.4683173e+05
   9.4792590e+05
   9.4926454e+05
   9.5085440e+05
   9.5214465e+05
   9.5324804e+05
   9.5552004e+05
   9.5745392e+05
   9.5904776e+05
   1.0014185e+06
   1.0027867e+06
   1.0040306e+06
   1.0066742e+06
   1.0081618e+06
   1.0096348e+06
   1.0131565e+06
   1.0161373e+06
   1.0176797e+06
   1.0186614e+06
   1.0616052e+06
   1.0633803e+06
   1.0648847e+06
   1.0669961e+06
   1.0722381e+06
   1.0758059e+06
   1.0782225e+06
   1.0798514e+06
   1.1213793e+06
   1.1247003e+06
   1.1254863e+06
   1.1307803e+06
   1.1323638e+06
   1.1369790e+06
   1.1386598e+06
   1.1811303e+06
   1.1832559e+06
   1.1845793e+06
   1.1860789e+06
   1.1886887e+06
   1.1903913e+06
   1.1916351e+06
   1.1934514e+06
   1.1964540e+06
   1.1981388e+06
   1.1996768e+06
   1.2415895e+06
   1.2428475e+06
   1.2444629e+06
   1.2458805e+06
   1.2482610e+06
   1.2493366e+06
   1.2509166e+06
   1.2520578e+06
   1.2534770e+06
   1.2551071e+06
   1.2577439e+06
   1.2590834e+06
   1.3012350e+06
   1.3028386e+06
   1.3050851e+06
   1.3060878e+06
   1.3090850e+06
   1.3102702e+06
   1.3113105e+06
   1.3152326e+06
   1.3169803e+06
   1.3182428e+06
   1.3622369e+06
   1.3645649e+06
   1.3659168e+06
   1.3682623e+06
   1.3700252e+06
   1.3712848e+06
   1.3726366e+06
   1.3754039e+06
   1.3769214e+06
   1.3799455e+06
   1.4212775e+06
   1.4227904e+06
   1.4252235e+06
   1.4283509e+06
   1.4309693e+06
   1.4334805e+06
   1.4358736e+06
   1.4371045e+06
   1.4386251e+06
   1.4399620e+06
   1.4812201e+06
   1.4826328e+06
   1.4850840e+06
   1.4864524e+06
   1.4888568e+06
   1.4912812e+06
   1.4924124e+06
   1.4937105e+06
   1.4952167e+06
   1.4966552e+06
   1.5417140e+06
   1.5426153e+06
   1.5435611e+06
   1.5453943e+06
   1.5466365e+06
   1.5487765e+06
   1.5499531e+06
   1.5517864e+06
   1.5533238e+06
   1.5559495e+06
   1.5575283e+06
   1.5590532e+06
   1.6012867e+06
   1.6023460e+06
   1.6037293e+06
   1.6051677e+06
   1.6082496e+06
   1.6094954e+06
   1.6105048e+06
   1.6115875e+06
   1.6135910e+06
   1.6157304e+06
   1.6177929e+06
   1.6192556e+06
   1.6634670e+06
   1.6656632e+06
   1.6667808e+06
   1.6681134e+06
   1.6694301e+06
   1.6707525e+06
   1.6718214e+06
   1.6757475e+06
   1.6776957e+06
   1.6790731e+06
   1.7218180e+06
   1.7230257e+06
   1.7243507e+06
   1.7257668e+06
   1.7268016e+06
   1.7288404e+06
   1.7312586e+06
   1.7329191e+06
   1.7356736e+06
   1.7369063e+06
   1.7398365e+06
   1.7815415e+06
   1.7832080e+06
   1.7842599e+06
   1.7857378e+06
   1.7889353e+06
   1.7899973e+06
   1.7917340e+06
   1.7931083e+06
   1.7952290e+06
   1.7981826e+06
   1.8411255e+06
   1.8424708e+06
   1.8434743e+06
   1.8443515e+06
   1.8455280e+06
   1.8468833e+06
   1.8484794e+06
   1.8516092e+06
   1.8527729e+06
   1.8562373e+06
   1.8573018e+06
   1.8585654e+06
   1.9018605e+06
   1.9029935e+06
   1.9042067e+06
   1.9056370e+06
   1.9086124e+06
   1.9099512e+06
   1.9117084e+06
   1.9134085e+06
   1.9153110e+06
   1.9176070e+06
   1.9189856e+06
   6.1833765e+04
   6.4420091e+04
   6.5594198e+04
   6.8056646e+04
   6.9105391e+04
   7.0651224e+04
   7.1754142e+04
   7.2724407e+04
   7.3973708e+04
   7.5206815e+04
   7.6657263e+04
   7.8347123e+04
   7.9577313e+04
   8.1166020e+04
   8.2695726e+04
   8.3559560e+04
   8.5118066e+04
   8.7106718e+04
   8.8237513e+04
   9.0418463e+04
   9.1634796e+04
   9.2960592e+04
   9.3999064e+04
   9.5339727e+04
   9.6797317e+04
   9.8294841e+04
   9.9395202e+04
   1.2196920e+05
   1.2441960e+05
   1.2587712e+05
   1.2718607e+05
   1.2838230e+05
   1.2953803e+05
   1.3109438e+05
   1.3305568e+05
   1.3444659e+05
   1.3730902e+05
   1.3851564e+05
   1.3961738e+05
   1.4156426e+05
   1.4301339e+05
   1.4405774e+05
   1.4542417e+05
   1.4691804e+05
   1.4850908e+05
   1.5105555e+05
   1.5360595e+05
   1.5504571e+05
   1.5706124e+05
   1.5850174e+05
   1.5962607e+05
   1.8109150e+05
   1.8383815e+05
   1.8517113e+05
   1.8668153e+05
   1.8855296e+05
   1.8991321e+05
   1.9181328e+05
   1.9846687e+05
   2.0010618e+05
   2.0121437e+05
   2.0282830e+05
   2.0463064e+05
   2.0610274e+05
   2.0698136e+05
   2.0887053e+05
   2.1051356e+05
   2.1201470e+05
   2.1359427e+05
   2.1483306e+05
   2.1666861e+05
   2.1830796e+05
   2.4147870e+05
   2.4288453e+05
   2.4470229e+05
   2.4742678e+05
   2.4876698e+05
   2.5042570e+05
   2.5174760e+05
   2.5297009e+05
   2.5470139e+05
   2.5583505e+05
   2.5738100e+05
   2.5852754e+05
   2.5979977e+05
   2.6200135e+05
   2.6330358e+05
   2.6438379e+05
   2.6640759e+05
   2.6761267e+05
   2.6946175e+05
   2.7061314e+05
   2.7204420e+05
   2.7323210e+05
   2.7434474e+05
   2.7639203e+05
   2.7788878e+05
   2.7936675e+05
   3.0132084e+05
   3.0334634e+05
   3.0495612e+05
   3.0609164e+05
   3.0809229e+05
   3.0993372e+05
   3.1176837e+05
   3.1296111e+05
   3.1455603e+05
   3.1594678e+05
   3.1839166e+05
   3.1997754e+05
   3.2112977e+05
   3.2222670e+05
   3.2327234e+05
   3.2416485e+05
   3.2530246e+05
   3.2718775e+05
   3.2847842e+05
   3.2996224e+05
   3.3125694e+05
   3.3275056e+05
   3.3467692e+05
   3.3657343e+05
   3.3906076e+05
   3.6147066e+05
   3.6254885e+05
   3.6427914e+05
   3.6696032e+05
   3.6812570e+05
   3.6915747e+05
   3.7017685e+05
   3.7180427e+05
   3.7387460e+05
   3.7663709e+05
   3.7823628e+05
   3.8111326e+05
   3.8269183e+05
   3.8451135e+05
   3.8563488e+05
   3.8682359e+05
   3.8819424e+05
   3.9223596e+05
   3.9396123e+05
   3.9528071e+05
   3.9660187e+05
   3.9815832e+05
   3.9942141e+05
   4.2100352e+05
   4.2219458e+05
   4.2337525e+05
   4.2436938e+05
   4.2572666e+05
   4.2692242e+05
   4.2838678e+05
   4.2983621e+05
   4.3506106e+05
   4.3769394e+05
   4.3915996e+05
   4.4074493e+05
   4.4200143e+05
   4.4377915e+05
   4.4497254e+05
   4.4672904e+05
   4.4850545e+05
   4.4974061e+05
   4.5071570e+05
   4.5204252e+05
   4.5374152e+05
   4.5489912e+05
   4.5636827e+05
   4.5838803e+05
   4.5954611e+05
   4.8096441e+05
   4.8316306e+05
   4.8591435e+05
   4.8728482e+05
   4.8869120e+05
   4.9022942e+05
   4.9148580e+05
   4.9272442e+05
   4.9396217e+05
   4.9640675e+05
   4.9804843e+05
   4.9897680e+05
   5.0686501e+05
   5.0779668e+05
   5.1041741e+05
   5.1189122e+05
   5.1310537e+05
   5.1400298e+05
   5.1493489e+05
   5.1648561e+05
   5.1773819e+05
   5.1910949e+05
   5.4298448e+05
   5.4396192e+05
   5.4544527e+05
   5.4713690e+05
   5.4840314e+05
   5.4953058e+05
   5.5093457e+05
   5.5237601e+05
   5.5501726e+05
   5.5696330e+05
   5.5823577e+05
   5.5971594e+05
   5.6081468e+05
   5.6226937e+05
   5.6336988e+05
   5.6505097e+05
   5.6609683e+05
   5.6819059e+05
   5.6953744e+05
   5.7116356e+05
   5.7240929e+05
   5.7370885e+05
   5.7652664e+05
   7.8326406e+05
   7.8472033e+05
   7.8575402e+05
   7.8765211e+05
   7.8917894e+05
   7.9119782e+05
   7.9282822e+05
   7.9519733e+05
   7.9839169e+05
   8.0019298e+05
   8.0286500e+05
   8.0485962e+05
   8.0654675e+05
   8.0858240e+05
   8.1091488e+05
   8.1307388e+05
   8.1483900e+05
   8.1634454e+05
   8.4147673e+05
   8.4285742e+05
   8.4469876e+05
   8.4651636e+05
   8.4925466e+05
   8.5315035e+05
   8.5638240e+05
   8.5968167e+05
   8.6094556e+05
   8.6253399e+05
   8.6424241e+05
   8.6546739e+05
   8.6681242e+05
   8.6884859e+05
   8.7115976e+05
   8.7264675e+05
   8.7465118e+05
   8.7723416e+05
   8.7981629e+05
   9.0160304e+05
   9.0483269e+05
   9.0696027e+05
   9.1407736e+05
   9.1570537e+05
   9.2060650e+05
   9.2270977e+05
   9.2450033e+05
   9.2575225e+05
   9.2776552e+05
   9.2980141e+05
   9.3262991e+05
   9.3402369e+05
   9.3583137e+05
   9.3857127e+05
   9.3988960e+05
   9.6169814e+05
   9.6342416e+05
   9.6518317e+05
   9.6676458e+05
   9.6811931e+05
   9.7264134e+05
   9.7523848e+05
   9.7727413e+05
   9.7878850e+05
   9.8101374e+05
   9.8388958e+05
   9.8793488e+05
   9.8916296e+05
   1.0211449e+06
   1.0226688e+06
   1.0237783e+06
   1.0276336e+06
   1.0290766e+06
   1.0302389e+06
   1.0314383e+06
   1.0339750e+06
   1.0359325e+06
   1.0374596e+06
   1.0407508e+06
   1.0422796e+06
   1.0500506e+06
   1.0510836e+06
   1.0524892e+06
   1.0543752e+06
   1.0560465e+06
   1.0576163e+06
   1.0593068e+06
   1.0830730e+06
   1.0847137e+06
   1.0937769e+06
   1.0958184e+06
   1.0971563e+06
   1.0986499e+06
   1.1002057e+06
   1.1019410e+06
   1.1043737e+06
   1.1086841e+06
   1.1107865e+06
   1.1127763e+06
   1.1152123e+06
   1.1181151e+06
   1.1418891e+06
   1.1434156e+06
   1.1486975e+06
   1.1507354e+06
   1.1532421e+06
   1.1588967e+06
   1.1602285e+06
   1.1630453e+06
   1.1667619e+06
   1.1692983e+06
   1.1717486e+06
   1.1737583e+06
   1.1755533e+06
   1.1775200e+06
   1.2013006e+06
   1.2026278e+06
   1.2046010e+06
   1.2065478e+06
   1.2081754e+06
   1.2093954e+06
   1.2110576e+06
   1.2168426e+06
   1.2230734e+06
   1.2247623e+06
   1.2265455e+06
   1.2294627e+06
   1.2311023e+06
   1.2340456e+06
   1.2386249e+06
   1.2620904e+06
   1.2634852e+06
   1.2651686e+06
   1.2679383e+06
   1.2694184e+06
   1.2716909e+06
   1.2730463e+06
   1.2751729e+06
   1.2767094e+06
   1.2783813e+06
   1.2800285e+06
   1.2823372e+06
   1.2852990e+06
   1.2896569e+06
   1.2908770e+06
   1.2923933e+06
   1.2937074e+06
   1.2949177e+06
   1.2978783e+06
   1.2998940e+06
   1.3218742e+06
   1.3240317e+06
   1.3253653e+06
   1.3276965e+06
   1.3340280e+06
   1.3355945e+06
   1.3368894e+06
   1.3385505e+06
   1.3400046e+06
   1.3420802e+06
   1.3437410e+06
   1.3461279e+06
   1.3475597e+06
   1.3493048e+06
   1.3544775e+06
   1.3565928e+06
   1.3579355e+06
   1.3593923e+06
   1.3841532e+06
   1.3860194e+06
   1.3876009e+06
   1.3897950e+06
   1.3946799e+06
   1.3973544e+06
   1.3995963e+06
   1.4015680e+06
   1.4048183e+06
   1.4066318e+06
   1.4074779e+06
   1.4087483e+06
   1.4099978e+06
   1.4116694e+06
   1.4141473e+06
   1.4160621e+06
   1.4170791e+06
   1.4193050e+06
   1.4421069e+06
   1.4438777e+06
   1.4453791e+06
   1.4468894e+06
   1.4509722e+06
   1.4536055e+06
   1.4565312e+06
   1.4576543e+06
   1.4595310e+06
   1.4612942e+06
   1.4626002e+06
   1.4649035e+06
   1.4683566e+06
   1.4701952e+06
   1.4752051e+06
   1.5015023e+06
   1.5027824e+06
   1.5047559e+06
   1.5067672e+06
   1.5083778e+06
   1.5097546e+06
   1.5115430e+06
   1.5134342e+06
   1.5162456e+06
   1.5182730e+06
   1.5205940e+06
   1.5229453e+06
   1.5243626e+06
   1.5259876e+06
   1.5277961e+06
   1.5294880e+06
   1.5308906e+06
   1.5327813e+06
   1.5344541e+06
   1.5367184e+06
   1.5387739e+06
   1.5619136e+06
   1.5651459e+06
   1.5673897e+06
   1.5689905e+06
   1.5711063e+06
   1.5735713e+06
   1.5756699e+06
   1.5770828e+06
   1.5792460e+06
   1.5812975e+06
   1.5836882e+06
   1.5855529e+06
   1.5868655e+06
   1.5880919e+06
   1.5896642e+06
   1.5908254e+06
   1.5931922e+06
   1.5945631e+06
   1.5966717e+06
   1.5998353e+06
   1.6215236e+06
   1.6254950e+06
   1.6275555e+06
   1.6292197e+06
   1.6304676e+06
   1.6319310e+06
   1.6336078e+06
   1.6354261e+06
   1.6372524e+06
   1.6387298e+06
   1.6413899e+06
   1.6435302e+06
   1.6451328e+06
   1.6469193e+06
   1.6483438e+06
   1.6511518e+06
   1.6527834e+06
   1.6538715e+06
   1.6550965e+06
   1.6565797e+06
   1.6579514e+06
   1.6812104e+06
   1.6825880e+06
   1.6841765e+06
   1.6855200e+06
   1.6871593e+06
   1.6896365e+06
   1.6912380e+06
   1.6925202e+06
   1.6935251e+06
   1.6960604e+06
   1.6976451e+06
   1.6995104e+06
   1.7012983e+06
   1.7034709e+06
   1.7058085e+06
   1.7087028e+06
   1.7117752e+06
   1.7132503e+06
   1.7162896e+06
   1.7190251e+06
   1.7446891e+06
   1.7458836e+06
   1.7471901e+06
   1.7492669e+06
   1.7510352e+06
   1.7534676e+06
   1.7556845e+06
   1.7639200e+06
   1.7655955e+06
   1.7680385e+06
   1.7711679e+06
   1.7737707e+06
   1.8018541e+06
   1.8112020e+06
   1.8129878e+06
   1.8165789e+06
   1.8189158e+06
   1.8205241e+06
   1.8224212e+06
   1.8245661e+06
   1.8261481e+06
   1.8295790e+06
   1.8308941e+06
   1.8328947e+06
   1.8344786e+06
   1.8625422e+06
   1.8662261e+06
   1.8677656e+06
   1.8729819e+06
   1.8753514e+06
   1.8774490e+06
   1.8819254e+06
   1.8955230e+06
   1.8970428e+06
