   2.4327245e+03
   6.1769897e+03
   8.2367857e+03
   1.1200241e+04
   1.3346962e+04
   1.6289354e+04
   1.9778580e+04
   2.1161912e+04
   2.3287032e+04
   2.5305400e+04
   2.7657945e+04
   2.9918209e+04
   4.3557198e+04
   4.0052439e+04
   4.0676556e+04
   4.3407208e+04
   4.4706796e+04
   4.8882306e+04
   5.0150757e+04
   5.5153632e+04
   5.6718050e+04
   5.8261798e+04
   5.9610924e+04
   1.0024399e+05
   1.0127085e+05
   1.0311936e+05
   1.0597858e+05
   1.0669355e+05
   1.0837399e+05
   1.0976426e+05
   1.1170426e+05
   1.1418056e+05
   1.1634364e+05
   1.1761995e+05
   1.6001973e+05
   1.6106927e+05
   1.6249149e+05
   1.6372939e+05
   1.6564096e+05
   1.6848357e+05
   1.7101341e+05
   1.7341626e+05
   1.7596211e+05
   1.7791547e+05
   1.7955429e+05
   2.2010886e+05
   2.2064487e+05
   2.2205940e+05
   2.2349088e+05
   2.2747509e+05
   2.2942684e+05
   2.3360585e+05
   2.3599789e+05
   2.3751488e+05
   2.3938266e+05
   2.8003091e+05
   2.8082003e+05
   2.8536812e+05
   2.8697266e+05
   2.8955227e+05
   2.9207219e+05
   2.9331225e+05
   2.9725073e+05
   2.9988047e+05
   3.4210252e+05
   3.4430390e+05
   3.4594685e+05
   3.4697223e+05
   3.4794972e+05
   3.5063825e+05
   3.5280358e+05
   3.5482513e+05
   3.5631941e+05
   3.5898806e+05
   4.0000074e+05
   4.0212447e+05
   4.0327497e+05
   4.0531531e+05
   4.0689396e+05
   4.0792095e+05
   4.1086202e+05
   4.1219855e+05
   4.1406509e+05
   4.1480146e+05
   4.1616759e+05
   4.1749330e+05
   4.1891236e+05
   4.6019929e+05
   4.6400149e+05
   4.6800959e+05
   4.7020673e+05
   4.7197162e+05
   4.7377846e+05
   4.7526820e+05
   4.7646091e+05
   4.7771202e+05
   4.7929778e+05
   5.2030346e+05
   5.2258977e+05
   5.2943281e+05
   5.3079612e+05
   5.3246408e+05
   5.3593287e+05
   5.3796331e+05
   5.8007755e+05
   5.8046262e+05
   5.8224422e+05
   5.8487266e+05
   5.8802043e+05
   5.8961212e+05
   5.9078953e+05
   5.9186541e+05
   5.9338202e+05
   5.9624669e+05
   5.9802962e+05
   5.9946009e+05
   6.0482171e+05
   6.0911433e+05
   6.1146353e+05
   6.1339317e+05
   6.3191283e+05
   6.3404147e+05
   6.3560837e+05
   6.3817716e+05
   6.8840972e+05
   6.9113461e+05
   7.0131273e+05
   7.0367882e+05
   7.0665427e+05
   7.0958177e+05
   7.1211836e+05
   7.1665387e+05
   7.1877876e+05
   7.2184259e+05
   7.2627012e+05
   7.2784197e+05
   7.3001269e+05
   7.3203003e+05
   7.3379078e+05
   7.3562396e+05
   7.3733782e+05
   7.4365181e+05
   7.4581303e+05
   7.4704304e+05
   7.5009249e+05
   7.5272018e+05
   7.5651748e+05
   7.6095719e+05
   7.6175218e+05
   7.6279284e+05
   7.6365706e+05
   7.6494684e+05
   7.6570428e+05
   7.6648934e+05
   7.6944548e+05
   7.7355706e+05
   7.7551096e+05
   7.7912361e+05
   8.2141770e+05
   8.2247469e+05
   8.2431085e+05
   8.2520051e+05
   8.2643372e+05
   8.2833150e+05
   8.2996368e+05
   8.3190131e+05
   8.3329367e+05
   8.3677115e+05
   8.3927237e+05
   8.8097095e+05
   8.8186382e+05
   8.8300353e+05
   8.8410286e+05
   8.8492706e+05
   8.8605058e+05
   8.8692008e+05
   8.8922426e+05
   8.9112108e+05
   8.9365393e+05
   8.9603926e+05
   8.9971905e+05
   9.4080011e+05
   9.4266674e+05
   9.4345054e+05
   9.4457182e+05
   9.4561504e+05
   9.4805250e+05
   9.5622983e+05
   9.5779988e+05
   1.0018092e+06
   1.0032361e+06
   1.0041111e+06
   1.0054731e+06
   1.0061928e+06
   1.0104480e+06
   1.0164898e+06
   1.0191489e+06
   1.0614919e+06
   1.0627028e+06
   1.0637432e+06
   1.0650279e+06
   1.0663925e+06
   1.0684608e+06
   1.0703318e+06
   1.0759768e+06
   1.0774317e+06
   1.0789897e+06
   1.1210763e+06
   1.1231380e+06
   1.1242345e+06
   1.1257565e+06
   1.1267886e+06
   1.1297613e+06
   1.1318818e+06
   1.1365158e+06
   1.1379269e+06
   1.1813232e+06
   1.1825747e+06
   1.1841812e+06
   1.1852419e+06
   1.1868149e+06
   1.1894032e+06
   1.1915580e+06
   1.1963241e+06
   1.1981913e+06
   1.2409302e+06
   1.2429955e+06
   1.2444136e+06
   1.2456503e+06
   1.2489165e+06
   1.2575299e+06
   1.2586526e+06
   1.3017496e+06
   1.3028878e+06
   1.3051763e+06
   1.3065037e+06
   1.3083438e+06
   1.3120350e+06
   1.3172977e+06
   1.3612932e+06
   1.3630884e+06
   1.3641742e+06
   1.3658158e+06
   1.3669082e+06
   1.3687115e+06
   1.3699609e+06
   1.3729579e+06
   1.3759398e+06
   1.3775890e+06
   1.4210117e+06
   1.4222480e+06
   1.4244784e+06
   1.4259884e+06
   1.4285715e+06
   1.4323373e+06
   1.4337181e+06
   1.4356576e+06
   1.4381798e+06
   1.4808116e+06
   1.4828780e+06
   1.4842582e+06
   1.4857809e+06
   1.4932749e+06
   1.4954961e+06
   1.4977325e+06
   1.5416986e+06
   1.5435525e+06
   1.5484210e+06
   1.5517896e+06
   1.6014633e+06
   1.6033849e+06
   1.6047948e+06
   1.6112380e+06
   1.6124088e+06
   1.6168069e+06
   1.6191925e+06
   1.6615360e+06
   1.6628764e+06
   1.6641694e+06
   1.6655733e+06
   1.6687996e+06
   1.6730892e+06
   1.6760859e+06
   1.6783144e+06
   1.7244670e+06
   1.7257761e+06
   1.7269915e+06
   1.7285726e+06
   1.7301071e+06
   1.7326089e+06
   1.7366838e+06
   1.7380828e+06
   1.7395458e+06
   1.7811056e+06
   1.7827954e+06
   1.7847753e+06
   1.7864374e+06
   1.7896922e+06
   1.7911548e+06
   1.7935605e+06
   1.7976441e+06
   1.7995548e+06
   1.8413856e+06
   1.8432155e+06
   1.8456052e+06
   1.8532547e+06
   1.8570304e+06
   1.9012429e+06
   1.9026704e+06
   1.9039888e+06
   1.9063306e+06
   1.9085095e+06
   1.9100938e+06
   1.9126423e+06
   1.9159062e+06
   1.9187835e+06
   6.0944404e+04
   6.4595218e+04
   6.7515344e+04
   6.9139245e+04
   7.0916425e+04
   7.2727825e+04
   7.7953977e+04
   8.0726110e+04
   8.2690987e+04
   9.0978256e+04
   9.1983648e+04
   9.4679765e+04
   9.7247925e+04
   1.2232803e+05
   1.2799986e+05
   1.3039851e+05
   1.8335127e+05
   1.8772442e+05
   1.9028098e+05
   1.9200550e+05
   1.9339943e+05
   1.9618323e+05
   1.9778203e+05
   2.0332828e+05
   2.0498463e+05
   2.0641781e+05
   2.0949299e+05
   2.1110539e+05
   2.1249450e+05
   2.4042915e+05
   2.4217610e+05
   2.4599140e+05
   2.4757640e+05
   2.5081549e+05
   2.5222158e+05
   2.5491775e+05
   2.5667926e+05
   2.5859734e+05
   2.6107762e+05
   2.6274282e+05
   3.0027074e+05
   3.0207300e+05
   3.0793951e+05
   3.1259983e+05
   3.1543889e+05
   3.1677828e+05
   3.1965040e+05
   3.2201008e+05
   3.2582354e+05
   3.6222291e+05
   3.6348791e+05
   3.6609022e+05
   4.2395248e+05
   4.2801313e+05
   4.3159278e+05
   4.3395884e+05
   4.3593418e+05
   4.3798352e+05
   4.4167203e+05
   4.4847412e+05
   4.5061965e+05
   4.5320589e+05
   4.5503036e+05
   4.5761990e+05
   4.5911437e+05
   4.9381477e+05
   4.9607635e+05
   4.9918228e+05
   5.1425582e+05
   5.1612141e+05
   5.4311143e+05
   5.4551110e+05
   5.5204623e+05
   5.5452781e+05
   5.5595834e+05
   5.5787868e+05
   5.6231036e+05
   5.6474751e+05
   5.6873712e+05
   5.7016766e+05
   5.7166000e+05
   5.7471412e+05
   8.4154275e+05
   8.4291626e+05
   8.4463843e+05
   8.4923167e+05
   8.5099535e+05
   8.5283886e+05
   8.6218713e+05
   8.6576267e+05
   8.6729844e+05
   9.0748354e+05
   9.0936128e+05
   9.6134719e+05
   9.6397095e+05
   9.6529484e+05
   9.6764040e+05
   9.6993538e+05
   9.7830270e+05
   9.7996289e+05
   9.8205019e+05
   9.8389023e+05
   9.8644168e+05
   9.8818633e+05
   1.0220395e+06
   1.0268150e+06
   1.0401632e+06
   1.0419393e+06
   1.0490232e+06
   1.0510967e+06
   1.0524250e+06
   1.0549728e+06
   1.0569508e+06
   1.0593903e+06
   1.0835395e+06
   1.0850155e+06
   1.0870056e+06
   1.0888636e+06
   1.0924904e+06
   1.0945211e+06
   1.0961813e+06
   1.1001191e+06
   1.1012476e+06
   1.1041594e+06
   1.1062636e+06
   1.1097339e+06
   1.1138518e+06
   1.1177036e+06
   1.1419551e+06
   1.1457120e+06
   1.2061821e+06
   1.2093876e+06
   1.2107799e+06
   1.2132565e+06
   1.2151761e+06
   1.2183395e+06
   1.2206889e+06
   1.2220197e+06
   1.2238988e+06
   1.2259933e+06
   1.2637999e+06
   1.2655431e+06
   1.2686200e+06
   1.2715101e+06
   1.2748731e+06
   1.2773144e+06
   1.2801853e+06
   1.2893164e+06
   1.2913190e+06
   1.2928608e+06
   1.2965549e+06
   1.2980169e+06
   1.2996984e+06
   1.3222276e+06
   1.3252441e+06
   1.3277565e+06
   1.3322546e+06
   1.3343203e+06
   1.3392600e+06
   1.3411288e+06
   1.3435758e+06
   1.3817511e+06
   1.3839614e+06
   1.3878790e+06
   1.4005397e+06
   1.4028144e+06
   1.4088383e+06
   1.4172741e+06
   1.4431461e+06
   1.4455446e+06
   1.4483460e+06
   1.4514078e+06
   1.4540522e+06
   1.4589012e+06
   1.4648072e+06
   1.4677880e+06
   1.4699074e+06
   1.4725532e+06
   1.4753048e+06
   1.4774324e+06
   1.5039586e+06
   1.5059006e+06
   1.5077241e+06
   1.5091138e+06
   1.5123157e+06
   1.5157488e+06
   1.5185766e+06
   1.5202491e+06
   1.5219079e+06
   1.5242130e+06
   1.5265587e+06
   1.5299315e+06
   1.5314373e+06
   1.5329136e+06
   1.5354158e+06
   1.5369447e+06
   1.5390461e+06
   1.5616409e+06
   1.5661234e+06
   1.5680065e+06
   1.5697014e+06
   1.5726072e+06
   1.5774411e+06
   1.5787727e+06
   1.5808994e+06
   1.5934464e+06
   1.5955966e+06
   1.5969327e+06
   1.5995531e+06
   1.6233191e+06
   1.6289767e+06
   1.6312293e+06
   1.6334265e+06
   1.6348194e+06
   1.7074830e+06
   1.7100877e+06
   1.7118171e+06
   1.7423954e+06
   1.7490589e+06
   1.7500643e+06
   1.7534234e+06
   1.7564033e+06
   1.7583069e+06
   1.7617796e+06
   1.7724435e+06
   1.7772737e+06
   1.8013048e+06
   1.8034985e+06
   1.8055979e+06
   1.8080682e+06
   1.8101361e+06
   1.8116770e+06
   1.8132500e+06
   1.8164248e+06
   1.8194010e+06
   1.8215593e+06
   1.8235034e+06
   1.8260737e+06
   1.8271937e+06
   1.8287085e+06
   1.8313058e+06
   1.8336962e+06
   1.8357901e+06
   1.8380416e+06
   1.8393465e+06
   1.8616289e+06
   1.8632817e+06
   1.8708749e+06
   1.8765219e+06
   1.8776882e+06
   1.8788778e+06
   1.8807223e+06
   1.8823986e+06
   1.8844415e+06
   1.8863128e+06
   1.8899677e+06
   1.8919589e+06
   1.8937517e+06
   1.8962673e+06
   1.8989167e+06
   3.5922831e+05
   3.5936836e+05
   3.5956936e+05
   3.5975081e+05
   3.5997543e+05
   4.1930953e+05
   4.1946622e+05
   4.1959687e+05
   4.1978510e+05
   4.7916825e+05
   4.7966935e+05
   4.7979503e+05
   4.7999301e+05
   5.3923373e+05
   5.3941335e+05
   5.3970008e+05
   5.3989221e+05
   5.9951323e+05
   5.9969370e+05
   5.9990886e+05
   1.5140165e+06
   1.5181250e+06
   1.5213910e+06
   1.5227505e+06
   1.5246322e+06
   1.5280120e+06
   1.5299323e+06
   1.5369464e+06
   1.5386869e+06
   1.5636710e+06
   1.5701447e+06
   1.5730651e+06
   1.5744909e+06
   1.5758292e+06
   1.5783637e+06
   1.5800994e+06
   1.5821854e+06
   1.5878093e+06
   1.5910151e+06
   1.5930093e+06
   1.5944436e+06
   1.5969039e+06
   1.5987671e+06
   1.6256141e+06
   1.6271767e+06
   1.6814326e+06
   1.6852868e+06
   1.6899811e+06
   1.6977356e+06
   1.7011638e+06
   1.7030847e+06
   1.7070388e+06
   1.7099680e+06
   1.7114102e+06
   1.7126539e+06
   1.7147619e+06
   1.7163778e+06
   1.7179226e+06
   1.7194895e+06
   1.8028934e+06
   1.8150053e+06
   1.8171200e+06
   1.8187986e+06
   1.8209414e+06
   1.8233800e+06
   1.8252101e+06
   1.8279599e+06
   1.8301088e+06
   1.8321594e+06
   1.8337362e+06
   1.8353196e+06
   1.8618263e+06
   1.8651765e+06
   1.8729442e+06
   1.8765601e+06
   1.8854275e+06
   1.8883989e+06
   1.8899670e+06
   1.8929821e+06
   1.8961852e+06
   1.8999862e+06
   4.1913735e+05
   4.1949288e+05
   4.1980994e+05
   4.1997686e+05
   4.7920738e+05
   4.7944177e+05
   4.7955023e+05
   4.7973033e+05
   4.7987239e+05
   5.3920599e+05
   5.3935321e+05
   5.3948367e+05
   5.3977931e+05
   5.3996443e+05
   5.9911550e+05
   5.9929242e+05
   5.9949902e+05
   5.9971683e+05
   4.1964592e+05
   4.1983063e+05
   4.1994940e+05
   4.7918687e+05
   4.7938815e+05
   4.7953330e+05
   4.7967362e+05
   5.3912056e+05
   5.3930525e+05
   5.3949049e+05
   5.3969895e+05
   5.3999485e+05
   5.9928880e+05
   5.9943080e+05
   5.9954958e+05
   5.9991558e+05
