   7.0035627e+02
   1.3114340e+03
   1.8360946e+03
   2.3690488e+03
   2.8124890e+03
   3.1072606e+03
   3.5784622e+03
   4.2969595e+03
   4.8431817e+03
   5.2575499e+03
   6.6925342e+03
   8.2021726e+03
   8.9711934e+03
   9.4574573e+03
   1.0034812e+04
   1.0498856e+04
   1.0845040e+04
   1.1313535e+04
   1.2030421e+04
   1.2448941e+04
   1.2794369e+04
   1.3256657e+04
   1.3704169e+04
   1.4067900e+04
   1.4474699e+04
   1.4773581e+04
   1.5389323e+04
   1.5830390e+04
   1.6204896e+04
   1.6922197e+04
   1.7331415e+04
   1.7827023e+04
   1.8330205e+04
   1.8847410e+04
   1.9304008e+04
   1.9755308e+04
   2.0090536e+04
   2.1086040e+04
   2.1708052e+04
   2.2185021e+04
   2.2701970e+04
   2.3201460e+04
   2.3620029e+04
   2.3882076e+04
   2.4218187e+04
   2.4450870e+04
   2.5070426e+04
   2.5644984e+04
   2.5985871e+04
   2.6355573e+04
   2.6729968e+04
   2.7173661e+04
   2.7648799e+04
   2.8178949e+04
   2.8728188e+04
   2.9141213e+04
   2.9496268e+04
   2.9952242e+04
   3.0434750e+04
   3.0925836e+04
   3.1468700e+04
   3.1855415e+04
   3.2504127e+04
   3.3447707e+04
   3.4306185e+04
   3.4889274e+04
   3.5362805e+04
   3.5795978e+04
   3.6155417e+04
   3.6641279e+04
   3.7465291e+04
   3.7916470e+04
   3.8334437e+04
   3.8617724e+04
   3.9120487e+04
   3.9771383e+04
   4.0597799e+04
   4.0067487e+04
   4.0418803e+04
   4.0891618e+04
   4.1237070e+04
   4.1816008e+04
   4.2189757e+04
   4.2652323e+04
   4.3127242e+04
   4.3440266e+04
   4.4053669e+04
   4.4498260e+04
   4.5225563e+04
   4.5626968e+04
   4.6019014e+04
   4.6525444e+04
   4.7222786e+04
   4.7778987e+04
   4.8139513e+04
   4.8595051e+04
   4.8863339e+04
   4.9190808e+04
   4.9621185e+04
   4.9955830e+04
   5.0489632e+04
   5.0872251e+04
   5.1138844e+04
   5.2180668e+04
   5.2504433e+04
   5.3023384e+04
   5.3540498e+04
   5.3982879e+04
   5.4168524e+04
   5.4529762e+04
   5.5404970e+04
   5.5777866e+04
   5.6181912e+04
   5.6912355e+04
   5.7255005e+04
   5.8043263e+04
   5.8590635e+04
   5.9002832e+04
   5.9437985e+04
   1.0051027e+05
   1.0099202e+05
   1.0176932e+05
   1.0214458e+05
   1.0259524e+05
   1.0291471e+05
   1.0347470e+05
   1.0391547e+05
   1.0446534e+05
   1.0475275e+05
   1.0507873e+05
   1.0540572e+05
   1.0589203e+05
   1.0627751e+05
   1.0659776e+05
   1.0696844e+05
   1.0734610e+05
   1.0767118e+05
   1.0795878e+05
   1.0838695e+05
   1.0866305e+05
   1.0933698e+05
   1.0973250e+05
   1.1002401e+05
   1.1048128e+05
   1.1086126e+05
   1.1148004e+05
   1.1220583e+05
   1.1263001e+05
   1.1307222e+05
   1.1350090e+05
   1.1384845e+05
   1.1418321e+05
   1.1470904e+05
   1.1513779e+05
   1.1542643e+05
   1.1594160e+05
   1.1633688e+05
   1.1705470e+05
   1.1770198e+05
   1.1807013e+05
   1.1854948e+05
   1.1889020e+05
   1.1942727e+05
   1.1974813e+05
   1.6040065e+05
   1.6078095e+05
   1.6154616e+05
   1.6206383e+05
   1.6261375e+05
   1.6317409e+05
   1.6351115e+05
   1.6404450e+05
   1.6441827e+05
   1.6475984e+05
   1.6505463e+05
   1.6533305e+05
   1.6571016e+05
   1.6600625e+05
   1.6654264e+05
   1.6717801e+05
   1.6839463e+05
   1.6889313e+05
   1.6943632e+05
   1.6987566e+05
   1.7031280e+05
   1.7081941e+05
   1.7127589e+05
   1.7179956e+05
   1.7234240e+05
   1.7288212e+05
   1.7340916e+05
   1.7375839e+05
   1.7428767e+05
   1.7479785e+05
   1.7510593e+05
   1.7554933e+05
   1.7614856e+05
   1.7645553e+05
   1.7682406e+05
   1.7732050e+05
   1.7802268e+05
   1.7841003e+05
   1.7888001e+05
   1.7919407e+05
   1.7971926e+05
   2.2063080e+05
   2.2117582e+05
   2.2163202e+05
   2.2216859e+05
   2.2257480e+05
   2.2298267e+05
   2.2347479e+05
   2.2385109e+05
   2.2428210e+05
   2.2472191e+05
   2.2573873e+05
   2.2615836e+05
   2.2646484e+05
   2.2681023e+05
   2.2708736e+05
   2.2755277e+05
   2.2804811e+05
   2.2856933e+05
   2.2891712e+05
   2.2942557e+05
   2.3003067e+05
   2.3055434e+05
   2.3113100e+05
   2.3148231e+05
   2.3179920e+05
   2.3213361e+05
   2.3241956e+05
   2.3280372e+05
   2.3307558e+05
   2.3361177e+05
   2.3443227e+05
   2.3487661e+05
   2.3551929e+05
   2.3585490e+05
   2.3632870e+05
   2.3678477e+05
   2.3720994e+05
   2.3753774e+05
   2.3795758e+05
   2.3863031e+05
   2.3898580e+05
   2.3927813e+05
   2.3956561e+05
   2.3996721e+05
   2.8035945e+05
   2.8114126e+05
   2.8144908e+05
   2.8180349e+05
   2.8217915e+05
   2.8272934e+05
   2.8320022e+05
   2.8361712e+05
   2.8404235e+05
   2.8432114e+05
   2.8465914e+05
   2.8507197e+05
   2.8627346e+05
   2.8664199e+05
   2.8721377e+05
   2.8750055e+05
   2.8819072e+05
   2.8870903e+05
   2.8899546e+05
   2.8928893e+05
   2.8971902e+05
   2.9012212e+05
   2.9047555e+05
   2.9092053e+05
   2.9131342e+05
   2.9161957e+05
   2.9252926e+05
   2.9291425e+05
   2.9331497e+05
   2.9367023e+05
   2.9397818e+05
   2.9405192e+05
   2.9453011e+05
   2.9499669e+05
   2.9555373e+05
   2.9611738e+05
   2.9643844e+05
   2.9683090e+05
   2.9744725e+05
   2.9800441e+05
   2.9853071e+05
   3.4022113e+05
   3.4053777e+05
   3.4098580e+05
   3.4144854e+05
   3.4182286e+05
   3.4207441e+05
   3.4303374e+05
   3.4344797e+05
   3.4367497e+05
   3.4415187e+05
   3.4450044e+05
   3.4495032e+05
   3.4529113e+05
   3.4568310e+05
   3.4605121e+05
   3.4645729e+05
   3.4693885e+05
   3.4729780e+05
   3.4773302e+05
   3.4895434e+05
   3.4938968e+05
   3.4973787e+05
   3.5019894e+05
   3.5054078e+05
   3.5084960e+05
   3.5123356e+05
   3.5157035e+05
   3.5195428e+05
   3.5253370e+05
   3.5340090e+05
   3.5372654e+05
   3.5404053e+05
   3.5436276e+05
   3.5482062e+05
   3.5524020e+05
   3.5557933e+05
   3.5589704e+05
   3.5623617e+05
   3.5664499e+05
   3.5701047e+05
   3.5738548e+05
   3.5791002e+05
   3.5825891e+05
   3.5853385e+05
   3.5881594e+05
   3.5914526e+05
   3.5967720e+05
   4.0040544e+05
   4.0071945e+05
   4.0107952e+05
   4.0173471e+05
   4.0216204e+05
   4.0249752e+05
   4.0276968e+05
   4.0310318e+05
   4.0341793e+05
   4.0369083e+05
   4.0402371e+05
   4.0434765e+05
   4.0458950e+05
   4.0492359e+05
   4.0526314e+05
   4.0558722e+05
   4.0593780e+05
   4.0630204e+05
   4.0669807e+05
   4.0744163e+05
   4.0790618e+05
   4.0825879e+05
   4.0862361e+05
   4.0910723e+05
   4.0945504e+05
   4.0994921e+05
   4.1075107e+05
   4.1109256e+05
   4.1157118e+05
   4.1207228e+05
   4.1294035e+05
   4.1360666e+05
   4.1415575e+05
   4.1449647e+05
   4.1479855e+05
   4.1506518e+05
   4.1544430e+05
   4.1577604e+05
   4.1610219e+05
   4.1660994e+05
   4.1699071e+05
   4.1728490e+05
   4.1762630e+05
   4.1797394e+05
   4.1856874e+05
   4.1895384e+05
   4.1933102e+05
   4.1962008e+05
   4.1992749e+05
   4.6026128e+05
   4.6055973e+05
   4.6091040e+05
   4.6133847e+05
   4.6172194e+05
   4.6218731e+05
   4.6247420e+05
   4.6280804e+05
   4.6317855e+05
   4.6348098e+05
   4.6396446e+05
   4.6423448e+05
   4.6464889e+05
   4.6496089e+05
   4.6529013e+05
   4.6571454e+05
   4.6596373e+05
   4.6627980e+05
   4.6665708e+05
   4.6704791e+05
   4.6736705e+05
   4.6763375e+05
   4.6807136e+05
   4.6847008e+05
   4.6875737e+05
   4.6917923e+05
   4.6955628e+05
   4.6991479e+05
   4.7033860e+05
   4.7067813e+05
   4.7111303e+05
   4.7150250e+05
   4.7204059e+05
   4.7233854e+05
   4.7268989e+05
   4.7303786e+05
   4.7348004e+05
   4.7398539e+05
   4.7442900e+05
   4.7473070e+05
   4.7540474e+05
   4.7582657e+05
   4.7616948e+05
   4.7652958e+05
   4.7698432e+05
   4.7729992e+05
   4.7763023e+05
   4.7798623e+05
   4.7842230e+05
   4.7873657e+05
   4.7912189e+05
   4.7952780e+05
   4.7993870e+05
   5.2018674e+05
   5.2047668e+05
   5.2078516e+05
   5.2108339e+05
   5.2137911e+05
   5.2171830e+05
   5.2195612e+05
   5.2225583e+05
   5.2256784e+05
   5.2280452e+05
   5.2325492e+05
   5.2354366e+05
   5.2377834e+05
   5.2417082e+05
   5.2448253e+05
   5.2484920e+05
   5.2516704e+05
   5.2543843e+05
   5.2573265e+05
   5.2601281e+05
   5.2631375e+05
   5.2657156e+05
   5.2683506e+05
   5.2716409e+05
   5.2742819e+05
   5.2772845e+05
   5.2802365e+05
   5.2837961e+05
   5.2871112e+05
   5.2899959e+05
   5.2939874e+05
   5.2982485e+05
   5.3014828e+05
   5.3043206e+05
   5.3077184e+05
   5.3122347e+05
   5.3158462e+05
   5.3201606e+05
   5.3240795e+05
   5.3269412e+05
   5.3298788e+05
   5.3334746e+05
   5.3376652e+05
   5.3426085e+05
   5.3463358e+05
   5.3491097e+05
   5.3528021e+05
   5.3561209e+05
   5.3595062e+05
   5.3633921e+05
   5.3665390e+05
   5.3710466e+05
   5.3741153e+05
   5.3768267e+05
   5.3799539e+05
   5.3847594e+05
   5.3880019e+05
   5.3923754e+05
   5.3968159e+05
   5.8010890e+05
   5.8036523e+05
   5.8064799e+05
   5.8132252e+05
   5.8157985e+05
   5.8196945e+05
   5.8226247e+05
   5.8262193e+05
   5.8288011e+05
   5.8322942e+05
   5.8350982e+05
   5.8381146e+05
   5.8418073e+05
   5.8460928e+05
   5.8503892e+05
   5.8543596e+05
   5.8567563e+05
   5.8610922e+05
   5.8646722e+05
   5.8676407e+05
   5.8730074e+05
   5.8761163e+05
   5.8814794e+05
   5.8853951e+05
   5.8894795e+05
   5.8926888e+05
   5.8961143e+05
   5.8993027e+05
   5.9039466e+05
   5.9079012e+05
   5.9129245e+05
   5.9175389e+05
   5.9226149e+05
   5.9280219e+05
   5.9315559e+05
   5.9372907e+05
   5.9416137e+05
   5.9464242e+05
   5.9504955e+05
   5.9536368e+05
   5.9581122e+05
   5.9665825e+05
   5.9704731e+05
   5.9745886e+05
   5.9775420e+05
   5.9828533e+05
   5.9869040e+05
   5.9910113e+05
   5.9952000e+05
   5.9987025e+05
   6.0060383e+05
   6.0136174e+05
   6.0184265e+05
   6.0244093e+05
   6.0285702e+05
   6.0325804e+05
   6.0415803e+05
   6.0461542e+05
   6.0495792e+05
   6.0529011e+05
   6.0584570e+05
   6.0626344e+05
   6.0660791e+05
   6.0698402e+05
   6.0737094e+05
   6.0793596e+05
   6.0837503e+05
   6.0891853e+05
   6.0964212e+05
   6.0995292e+05
   6.1032776e+05
   6.1065407e+05
   6.1128209e+05
   6.1162056e+05
   6.1203992e+05
   6.1425464e+05
   6.1487152e+05
   6.1534958e+05
   6.1592630e+05
   6.1645648e+05
   6.1688187e+05
   6.1751152e+05
   6.1803458e+05
   6.1841665e+05
   6.1887084e+05
   6.1921520e+05
   6.1966179e+05
   6.2038127e+05
   6.2083055e+05
   6.2120596e+05
   6.2157130e+05
   6.2220062e+05
   6.2267193e+05
   6.2312456e+05
   6.2372053e+05
   6.2420386e+05
   6.2470772e+05
   6.2511277e+05
   6.2586683e+05
   6.2622933e+05
   6.2683379e+05
   6.2724408e+05
   6.2772110e+05
   6.2812932e+05
   6.2847968e+05
   6.2893072e+05
   6.3062177e+05
   6.3147222e+05
   6.3190849e+05
   6.3224784e+05
   6.3276450e+05
   6.3340161e+05
   6.3377438e+05
   6.3427773e+05
   6.3465367e+05
   6.3522835e+05
   6.3565341e+05
   6.3633775e+05
   6.3684452e+05
   6.3717769e+05
   6.3768451e+05
   6.3810004e+05
   6.3864160e+05
   6.3908947e+05
   6.3950371e+05
   6.3996823e+05
   6.4042820e+05
   6.4090098e+05
   6.4127720e+05
   6.4232042e+05
   6.4267970e+05
   6.4313386e+05
   6.4351584e+05
   6.4399300e+05
   6.4440322e+05
   6.4481201e+05
   6.4520728e+05
   6.4598622e+05
   6.4663578e+05
   6.4695780e+05
   6.4729265e+05
   6.4770594e+05
   6.4808806e+05
   6.4858711e+05
   6.4902295e+05
   6.4944770e+05
   6.4983717e+05
   6.5033408e+05
   6.5077593e+05
   6.5130850e+05
   6.5190908e+05
   6.5231110e+05
   6.5281708e+05
   6.5325318e+05
   6.5357477e+05
   6.5390525e+05
   6.5447040e+05
   6.5497666e+05
   6.5537623e+05
   6.5575686e+05
   6.5633685e+05
   6.5669982e+05
   6.5719153e+05
   6.5759774e+05
   6.5807566e+05
   6.5857821e+05
   6.5907957e+05
   6.5958483e+05
   6.5995859e+05
   6.6030964e+05
   6.6073887e+05
   6.6130840e+05
   6.6181624e+05
   6.6235654e+05
   6.6269365e+05
   6.6316372e+05
   6.6369401e+05
   6.6405385e+05
   6.6452741e+05
   6.6489791e+05
   6.6537749e+05
   6.6582944e+05
   6.6626537e+05
   6.6687778e+05
   6.6731343e+05
   6.6764123e+05
   6.6803190e+05
   6.6847270e+05
   6.6890238e+05
   6.6951303e+05
   6.6977904e+05
   6.7021486e+05
   6.7066956e+05
   6.7119586e+05
   6.7151127e+05
   6.7191668e+05
   6.7222883e+05
   6.7265547e+05
   6.7320135e+05
   6.7385003e+05
   6.7449370e+05
   6.7533587e+05
   6.7581065e+05
   6.7610327e+05
   6.7684270e+05
   6.7716288e+05
   6.7781050e+05
   6.8244710e+05
   6.8295404e+05
   6.8350796e+05
   6.8414607e+05
   6.8482561e+05
   6.8529951e+05
   6.8570911e+05
   6.8622350e+05
   6.8671482e+05
   6.8710815e+05
   6.8746903e+05
   6.8783928e+05
   6.8820976e+05
   6.8869231e+05
   6.8928549e+05
   6.8961130e+05
   6.8995847e+05
   6.9030723e+05
   6.9078525e+05
   6.9128530e+05
   6.9187222e+05
   6.9236428e+05
   6.9274660e+05
   6.9316294e+05
   6.9344924e+05
   6.9372190e+05
   6.9399506e+05
   6.9454347e+05
   6.9498532e+05
   6.9541918e+05
   6.9611895e+05
   6.9700997e+05
   6.9751522e+05
   6.9794854e+05
   6.9857299e+05
   6.9916535e+05
   6.9971936e+05
   7.0017479e+05
   7.0079890e+05
   7.0133518e+05
   7.0181719e+05
   7.0223937e+05
   7.0284201e+05
   7.0341429e+05
   7.0384894e+05
   7.0443333e+05
   7.0509887e+05
   7.0550491e+05
   7.0609216e+05
   7.0726795e+05
   7.0753067e+05
   7.0788202e+05
   7.0839188e+05
   7.0878829e+05
   7.0944026e+05
   7.1006143e+05
   7.1041102e+05
   7.1105114e+05
   7.1141075e+05
   7.1192979e+05
   7.1243633e+05
   7.1312436e+05
   7.1368457e+05
   7.1416910e+05
   7.1460270e+05
   7.1504806e+05
   7.1569753e+05
   7.1611011e+05
   7.1649901e+05
   7.1681858e+05
   7.1729716e+05
   7.1811036e+05
   7.1847263e+05
   7.1910464e+05
   7.1964181e+05
   7.1999276e+05
   7.2216217e+05
   7.2255221e+05
   7.2335741e+05
   7.2400587e+05
   7.2445039e+05
   7.2481741e+05
   7.2551335e+05
   7.2598472e+05
   7.2663246e+05
   7.2737934e+05
   7.2786022e+05
   7.2836006e+05
   7.2908758e+05
   7.2952000e+05
   7.3023966e+05
   7.3070664e+05
   7.3139924e+05
   7.3212955e+05
   7.3253242e+05
   7.3319493e+05
   7.3411379e+05
   7.3477046e+05
   7.3601165e+05
   7.3638976e+05
   7.3680998e+05
   7.3756725e+05
   7.3907638e+05
   7.4001853e+05
   7.4068398e+05
   7.4098217e+05
   7.4378655e+05
   7.4889775e+05
   7.4962887e+05
   7.5038046e+05
   7.5110455e+05
   7.5187847e+05
   7.5228713e+05
   7.5323620e+05
   7.5381314e+05
   7.5491111e+05
   7.5582708e+05
   7.5676262e+05
   7.5751220e+05
   7.5821517e+05
   7.5895724e+05
   7.5939496e+05
   7.6053982e+05
   7.6080733e+05
   7.6107535e+05
   7.6140310e+05
   7.6172959e+05
   7.6207026e+05
   7.6241806e+05
   7.6276747e+05
   7.6322038e+05
   7.6362684e+05
   7.6410150e+05
   7.6456170e+05
   7.6482257e+05
   7.6517613e+05
   7.6567528e+05
   7.6603621e+05
   7.6636954e+05
   7.6668062e+05
   7.6755327e+05
   7.6807431e+05
   7.6881390e+05
   7.6932088e+05
   7.6988954e+05
   7.7020325e+05
   7.7062246e+05
   7.7121371e+05
   7.7160925e+05
   7.7194229e+05
   7.7238124e+05
   7.7279339e+05
   7.7464601e+05
   7.7542461e+05
   7.7641624e+05
   7.7691755e+05
   7.7727540e+05
   7.7777240e+05
   7.7836975e+05
   7.7881631e+05
   7.7944442e+05
   8.2035662e+05
   8.2066515e+05
   8.2097214e+05
   8.2133379e+05
   8.2189255e+05
   8.2218727e+05
   8.2253509e+05
   8.2292073e+05
   8.2325699e+05
   8.2364037e+05
   8.2408001e+05
   8.2455689e+05
   8.2500321e+05
   8.2532800e+05
   8.2582046e+05
   8.2624444e+05
   8.2670775e+05
   8.2755744e+05
   8.2804796e+05
   8.2862220e+05
   8.2903661e+05
   8.2967562e+05
   8.3029313e+05
   8.3077698e+05
   8.3132161e+05
   8.3178504e+05
   8.3237838e+05
   8.3280325e+05
   8.3357795e+05
   8.3479470e+05
   8.3525221e+05
   8.3588297e+05
   8.3684743e+05
   8.3742837e+05
   8.3802426e+05
   8.3843016e+05
   8.3888584e+05
   8.3957819e+05
   8.8033936e+05
   8.8069608e+05
   8.8101823e+05
   8.8130463e+05
   8.8168482e+05
   8.8196203e+05
   8.8250337e+05
   8.8276655e+05
   8.8318486e+05
   8.8357525e+05
   8.8381140e+05
   8.8408798e+05
   8.8443548e+05
   8.8499755e+05
   8.8525205e+05
   8.8555881e+05
   8.8591807e+05
   8.8623775e+05
   8.8655756e+05
   8.8687386e+05
   8.8745984e+05
   8.8778470e+05
   8.8867103e+05
   8.8919417e+05
   8.8961739e+05
   8.9020718e+05
   8.9063501e+05
   8.9100951e+05
   8.9177126e+05
   8.9250037e+05
   8.9302003e+05
   8.9354634e+05
   8.9456369e+05
   8.9535238e+05
   8.9590395e+05
   8.9708351e+05
   8.9754230e+05
   8.9798694e+05
   8.9854158e+05
   8.9894715e+05
   8.9935800e+05
   8.9982131e+05
   9.4029161e+05
   9.4074362e+05
   9.4112487e+05
   9.4145054e+05
   9.4180363e+05
   9.4217198e+05
   9.4257024e+05
   9.4288742e+05
   9.4322970e+05
   9.4359064e+05
   9.4402416e+05
   9.4438899e+05
   9.4476251e+05
   9.4520432e+05
   9.4559888e+05
   9.4608463e+05
   9.4646584e+05
   9.4674204e+05
   9.4749880e+05
   9.4801946e+05
   9.4852731e+05
   9.4897809e+05
   9.4956931e+05
   9.4996115e+05
   9.5042149e+05
   9.5099645e+05
   9.5144777e+05
   9.5185869e+05
   9.5242731e+05
   9.5313176e+05
   9.5500444e+05
   9.5539363e+05
   9.5610489e+05
   9.5671291e+05
   9.5731747e+05
   9.5772044e+05
   9.5811301e+05
   9.5911679e+05
   9.5968842e+05
   1.0003967e+06
   1.0008434e+06
   1.0010886e+06
   1.0014572e+06
   1.0020047e+06
   1.0026697e+06
   1.0031974e+06
   1.0035227e+06
   1.0040167e+06
   1.0042869e+06
   1.0046171e+06
   1.0050619e+06
   1.0054418e+06
   1.0058279e+06
   1.0061261e+06
   1.0066958e+06
   1.0074975e+06
   1.0078775e+06
   1.0085193e+06
   1.0088414e+06
   1.0092457e+06
   1.0096659e+06
   1.0100020e+06
   1.0105865e+06
   1.0110250e+06
   1.0115612e+06
   1.0120808e+06
   1.0125479e+06
   1.0130834e+06
   1.0136577e+06
   1.0144678e+06
   1.0149017e+06
   1.0152904e+06
   1.0159982e+06
   1.0163892e+06
   1.0169772e+06
   1.0178102e+06
   1.0181863e+06
   1.0186932e+06
   1.0191464e+06
   1.0195449e+06
   1.0199354e+06
   1.0604586e+06
   1.0607867e+06
   1.0615443e+06
   1.0619657e+06
   1.0624652e+06
   1.0628838e+06
   1.0633453e+06
   1.0637125e+06
   1.0641723e+06
   1.0645435e+06
   1.0648382e+06
   1.0650852e+06
   1.0654948e+06
   1.0658632e+06
   1.0662795e+06
   1.0667732e+06
   1.0675148e+06
   1.0680845e+06
   1.0686497e+06
   1.0692527e+06
   1.0696921e+06
   1.0705983e+06
   1.0710471e+06
   1.0715261e+06
   1.0720442e+06
   1.0723993e+06
   1.0727713e+06
   1.0733496e+06
   1.0737762e+06
   1.0744668e+06
   1.0747965e+06
   1.0754274e+06
   1.0761660e+06
   1.0764674e+06
   1.0771136e+06
   1.0778336e+06
   1.0784366e+06
   1.0789017e+06
   1.1204990e+06
   1.1208168e+06
   1.1211906e+06
   1.1216738e+06
   1.1222139e+06
   1.1225197e+06
   1.1229883e+06
   1.1234731e+06
   1.1238178e+06
   1.1243425e+06
   1.1247253e+06
   1.1250349e+06
   1.1253016e+06
   1.1257890e+06
   1.1261515e+06
   1.1264999e+06
   1.1268108e+06
   1.1278890e+06
   1.1284369e+06
   1.1297646e+06
   1.1311984e+06
   1.1317669e+06
   1.1344345e+06
   1.1352355e+06
   1.1359432e+06
   1.1363428e+06
   1.1370991e+06
   1.1380732e+06
   1.1384767e+06
   1.1397380e+06
   1.1803401e+06
   1.1806813e+06
   1.1810630e+06
   1.1814997e+06
   1.1818075e+06
   1.1821435e+06
   1.1824615e+06
   1.1828295e+06
   1.1832785e+06
   1.1835386e+06
   1.1842129e+06
   1.1845471e+06
   1.1848166e+06
   1.1852973e+06
   1.1857784e+06
   1.1861795e+06
   1.1865061e+06
   1.1869268e+06
   1.1874386e+06
   1.1881098e+06
   1.1888075e+06
   1.1894432e+06
   1.1901653e+06
   1.1910502e+06
   1.1915341e+06
   1.1919013e+06
   1.1924809e+06
   1.1928830e+06
   1.1935997e+06
   1.1944038e+06
   1.1950163e+06
   1.1955841e+06
   1.1962153e+06
   1.1967518e+06
   1.1974336e+06
   1.1978677e+06
   1.1984254e+06
   1.1990476e+06
   1.1995327e+06
   1.2404119e+06
   1.2409624e+06
   1.2413194e+06
   1.2418822e+06
   1.2422146e+06
   1.2426521e+06
   1.2429410e+06
   1.2435053e+06
   1.2439351e+06
   1.2443330e+06
   1.2447048e+06
   1.2450714e+06
   1.2454276e+06
   1.2458268e+06
   1.2462306e+06
   1.2465190e+06
   1.2469716e+06
   1.2476810e+06
   1.2482163e+06
   1.2499546e+06
   1.2506353e+06
   1.2511753e+06
   1.2517026e+06
   1.2521273e+06
   1.2527917e+06
   1.2535681e+06
   1.2553014e+06
   1.2558990e+06
   1.2565469e+06
   1.2580937e+06
   1.2589161e+06
   1.2595642e+06
   1.3002677e+06
   1.3005832e+06
   1.3010998e+06
   1.3017238e+06
   1.3022653e+06
   1.3025656e+06
   1.3029124e+06
   1.3031719e+06
   1.3035842e+06
   1.3039161e+06
   1.3047376e+06
   1.3050971e+06
   1.3054637e+06
   1.3058175e+06
   1.3063327e+06
   1.3068388e+06
   1.3085891e+06
   1.3092613e+06
   1.3096525e+06
   1.3101373e+06
   1.3106152e+06
   1.3112009e+06
   1.3117644e+06
   1.3132380e+06
   1.3136113e+06
   1.3154310e+06
   1.3161263e+06
   1.3168186e+06
   1.3175150e+06
   1.3180286e+06
   1.3186331e+06
   1.3189256e+06
   1.3194126e+06
   1.3198037e+06
   1.3603144e+06
   1.3607645e+06
   1.3614047e+06
   1.3620041e+06
   1.3623995e+06
   1.3627756e+06
   1.3632531e+06
   1.3638259e+06
   1.3642563e+06
   1.3646017e+06
   1.3660773e+06
   1.3665373e+06
   1.3669047e+06
   1.3678688e+06
   1.3682769e+06
   1.3685706e+06
   1.3696222e+06
   1.3701721e+06
   1.3705042e+06
   1.3711072e+06
   1.3715816e+06
   1.3720744e+06
   1.3724420e+06
   1.3731164e+06
   1.3735194e+06
   1.3749904e+06
   1.3753006e+06
   1.3757717e+06
   1.3761787e+06
   1.3766301e+06
   1.3772200e+06
   1.3776620e+06
   1.3780725e+06
   1.3786585e+06
   1.3793960e+06
   1.3799012e+06
   1.4203567e+06
   1.4209001e+06
   1.4213239e+06
   1.4218925e+06
   1.4224867e+06
   1.4232513e+06
   1.4237045e+06
   1.4240959e+06
   1.4244365e+06
   1.4249803e+06
   1.4253693e+06
   1.4260199e+06
   1.4265255e+06
   1.4274672e+06
   1.4280315e+06
   1.4286143e+06
   1.4290594e+06
   1.4294601e+06
   1.4299723e+06
   1.4306045e+06
   1.4311517e+06
   1.4315387e+06
   1.4323801e+06
   1.4328826e+06
   1.4334082e+06
   1.4337854e+06
   1.4344046e+06
   1.4349988e+06
   1.4355112e+06
   1.4360186e+06
   1.4362943e+06
   1.4375589e+06
   1.4388178e+06
   1.4396965e+06
   1.4804030e+06
   1.4808837e+06
   1.4812778e+06
   1.4819060e+06
   1.4823284e+06
   1.4827039e+06
   1.4832221e+06
   1.4836015e+06
   1.4839408e+06
   1.4844521e+06
   1.4849100e+06
   1.4853774e+06
   1.4859298e+06
   1.4865822e+06
   1.4874496e+06
   1.4878463e+06
   1.4884351e+06
   1.4890044e+06
   1.4896586e+06
   1.4908717e+06
   1.4913451e+06
   1.4918849e+06
   1.4925858e+06
   1.4937665e+06
   1.4946253e+06
   1.4951904e+06
   1.4958524e+06
   1.4963110e+06
   1.4969303e+06
   1.5404133e+06
   1.5408426e+06
   1.5413094e+06
   1.5420272e+06
   1.5424185e+06
   1.5428521e+06
   1.5433536e+06
   1.5439613e+06
   1.5444421e+06
   1.5448650e+06
   1.5451716e+06
   1.5456050e+06
   1.5459585e+06
   1.5462377e+06
   1.5466154e+06
   1.5469543e+06
   1.5484023e+06
   1.5490228e+06
   1.5516972e+06
   1.5521960e+06
   1.5527958e+06
   1.5533705e+06
   1.5544866e+06
   1.5554892e+06
   1.5558213e+06
   1.5565187e+06
   1.5569613e+06
   1.5573144e+06
   1.5582845e+06
   1.5591573e+06
   1.6006862e+06
   1.6011527e+06
   1.6015463e+06
   1.6020466e+06
   1.6029693e+06
   1.6033149e+06
   1.6038051e+06
   1.6041291e+06
   1.6068009e+06
   1.6076333e+06
   1.6082511e+06
   1.6087415e+06
   1.6092357e+06
   1.6104879e+06
   1.6110991e+06
   1.6114173e+06
   1.6118845e+06
   1.6126430e+06
   1.6135039e+06
   1.6139983e+06
   1.6149038e+06
   1.6156211e+06
   1.6162825e+06
   1.6169333e+06
   1.6176627e+06
   1.6184611e+06
   1.6188191e+06
   1.6194765e+06
   1.6199707e+06
   1.6604162e+06
   1.6614894e+06
   1.6619462e+06
   1.6623657e+06
   1.6630113e+06
   1.6635325e+06
   1.6645007e+06
   1.6652446e+06
   1.6657676e+06
   1.6663352e+06
   1.6667461e+06
   1.6684140e+06
   1.6690077e+06
   1.6696119e+06
   1.6702718e+06
   1.6707171e+06
   1.6723423e+06
   1.6730560e+06
   1.6735716e+06
   1.6744969e+06
   1.6748658e+06
   1.6753656e+06
   1.6760482e+06
   1.6766073e+06
   1.6776542e+06
   1.6781492e+06
   1.6793717e+06
   1.6799226e+06
   1.7203912e+06
   1.7208660e+06
   1.7215534e+06
   1.7222690e+06
   1.7227319e+06
   1.7231882e+06
   1.7240078e+06
   1.7249798e+06
   1.7252773e+06
   1.7256614e+06
   1.7260600e+06
   1.7266171e+06
   1.7273921e+06
   1.7278237e+06
   1.7283168e+06
   1.7288354e+06
   1.7297550e+06
   1.7304230e+06
   1.7309544e+06
   1.7317742e+06
   1.7322215e+06
   1.7326509e+06
   1.7336158e+06
   1.7345489e+06
   1.7351048e+06
   1.7356226e+06
   1.7361088e+06
   1.7366667e+06
   1.7371464e+06
   1.7376079e+06
   1.7380389e+06
   1.7384665e+06
   1.7389926e+06
   1.7398994e+06
   1.7809842e+06
   1.7816455e+06
   1.7820428e+06
   1.7823427e+06
   1.7826404e+06
   1.7830776e+06
   1.7834536e+06
   1.7839918e+06
   1.7845326e+06
   1.7852350e+06
   1.7856576e+06
   1.7862968e+06
   1.7867910e+06
   1.7875911e+06
   1.7883634e+06
   1.7888016e+06
   1.7895101e+06
   1.7900185e+06
   1.7906672e+06
   1.7917845e+06
   1.7923864e+06
   1.7931371e+06
   1.7947973e+06
   1.7953680e+06
   1.7958434e+06
   1.7963078e+06
   1.7969580e+06
   1.7974455e+06
   1.7978981e+06
   1.7982291e+06
   1.7986299e+06
   1.7991359e+06
   1.7995585e+06
   1.8406692e+06
   1.8412358e+06
   1.8418288e+06
   1.8423722e+06
   1.8429468e+06
   1.8436883e+06
   1.8440921e+06
   1.8446900e+06
   1.8456258e+06
   1.8476460e+06
   1.8500016e+06
   1.8514853e+06
   1.8521957e+06
   1.8526204e+06
   1.8530013e+06
   1.8534281e+06
   1.8544217e+06
   1.8548330e+06
   1.8553929e+06
   1.8558643e+06
   1.8569002e+06
   1.8575188e+06
   1.8582941e+06
   1.8588131e+06
   1.8594547e+06
   1.9006223e+06
   1.9011804e+06
   1.9016257e+06
   1.9025651e+06
   1.9033192e+06
   1.9038185e+06
   1.9044392e+06
   1.9055914e+06
   1.9061803e+06
   1.9067083e+06
   1.9075961e+06
   1.9083018e+06
   1.9095932e+06
   1.9109251e+06
   1.9114344e+06
   1.9119722e+06
   1.9125079e+06
   1.9131282e+06
   1.9135376e+06
   1.9137939e+06
   1.9146060e+06
   1.9149810e+06
   1.9156559e+06
   1.9161789e+06
   1.9168016e+06
   1.9181223e+06
   1.9189258e+06
   1.9193823e+06
   6.0534447e+04
   6.1304893e+04
   6.1999265e+04
   6.2343186e+04
   6.2732150e+04
   6.3163366e+04
   6.3895634e+04
   6.4281847e+04
   6.4964444e+04
   6.5274463e+04
   6.5530198e+04
   6.5834416e+04
   6.6248193e+04
   6.6800813e+04
   6.7452764e+04
   6.7803785e+04
   6.8363282e+04
   6.8841864e+04
   6.9340899e+04
   6.9698087e+04
   7.0183708e+04
   7.0601815e+04
   7.1082516e+04
   7.1544337e+04
   7.1928360e+04
   7.2357180e+04
   7.2980112e+04
   7.3427126e+04
   7.4077997e+04
   7.4362574e+04
   7.4995389e+04
   7.5411111e+04
   7.5705823e+04
   7.6181737e+04
   7.6588105e+04
   7.7070623e+04
   7.7964018e+04
   7.8271073e+04
   7.8905615e+04
   7.9305775e+04
   7.9794586e+04
   8.0372506e+04
   8.0825968e+04
   8.1703193e+04
   8.2399864e+04
   8.2992789e+04
   8.3427867e+04
   8.3954442e+04
   8.4279372e+04
   8.4976598e+04
   8.5397185e+04
   8.6061176e+04
   8.6328412e+04
   8.6716414e+04
   8.7620499e+04
   8.8405847e+04
   8.8818187e+04
   8.9352712e+04
   8.9709850e+04
   9.0151837e+04
   9.0467568e+04
   9.0893843e+04
   9.1592650e+04
   9.1951027e+04
   9.2858840e+04
   9.3403655e+04
   9.4076445e+04
   9.4464271e+04
   9.5055241e+04
   9.5539290e+04
   9.5928510e+04
   9.6425819e+04
   9.6822967e+04
   9.7421031e+04
   9.7970542e+04
   9.8429114e+04
   9.9503583e+04
   1.2033525e+05
   1.2085778e+05
   1.2116646e+05
   1.2144362e+05
   1.2188714e+05
   1.2230058e+05
   1.2274026e+05
   1.2325192e+05
   1.2367618e+05
   1.2412398e+05
   1.2453129e+05
   1.2486863e+05
   1.2538669e+05
   1.2590069e+05
   1.2645772e+05
   1.2681632e+05
   1.2716151e+05
   1.2776106e+05
   1.2832892e+05
   1.2882306e+05
   1.2922697e+05
   1.2954508e+05
   1.2990185e+05
   1.3023608e+05
   1.3131472e+05
   1.3163797e+05
   1.3225575e+05
   1.3262163e+05
   1.3299113e+05
   1.3335389e+05
   1.3392295e+05
   1.3448980e+05
   1.3496159e+05
   1.3535610e+05
   1.3590324e+05
   1.3623620e+05
   1.3667803e+05
   1.3716727e+05
   1.3745038e+05
   1.3786857e+05
   1.3830649e+05
   1.3875091e+05
   1.3911275e+05
   1.3950574e+05
   1.3989482e+05
   1.4034373e+05
   1.4085010e+05
   1.4150587e+05
   1.4199901e+05
   1.4277818e+05
   1.4322333e+05
   1.4379247e+05
   1.4431689e+05
   1.4495703e+05
   1.4546796e+05
   1.4591958e+05
   1.4729301e+05
   1.4780775e+05
   1.4812181e+05
   1.4846577e+05
   1.4914780e+05
   1.4972026e+05
   1.5019679e+05
   1.5061038e+05
   1.5119736e+05
   1.5162838e+05
   1.5197938e+05
   1.5235865e+05
   1.5283214e+05
   1.5319850e+05
   1.5362011e+05
   1.5430438e+05
   1.5475012e+05
   1.5528509e+05
   1.5569064e+05
   1.5613177e+05
   1.5659856e+05
   1.5702532e+05
   1.5749127e+05
   1.5818116e+05
   1.5887084e+05
   1.5929405e+05
   1.5966451e+05
   1.8035180e+05
   1.8084622e+05
   1.8122115e+05
   1.8169705e+05
   1.8219403e+05
   1.8261309e+05
   1.8299018e+05
   1.8346598e+05
   1.8409097e+05
   1.8463205e+05
   1.8506948e+05
   1.8586979e+05
   1.8639538e+05
   1.8702657e+05
   1.8741987e+05
   1.8788498e+05
   1.8831331e+05
   1.8890652e+05
   1.8929252e+05
   1.8968244e+05
   1.9024258e+05
   1.9095028e+05
   1.9158927e+05
   1.9219425e+05
   1.9279103e+05
   1.9311695e+05
   1.9368728e+05
   1.9415258e+05
   1.9458142e+05
   1.9499575e+05
   1.9538474e+05
   1.9596673e+05
   1.9647402e+05
   1.9684167e+05
   1.9738907e+05
   1.9804374e+05
   1.9854104e+05
   1.9903457e+05
   1.9946458e+05
   1.9998010e+05
   2.0031866e+05
   2.0073585e+05
   2.0108962e+05
   2.0143185e+05
   2.0219472e+05
   2.0286486e+05
   2.0333401e+05
   2.0363641e+05
   2.0410686e+05
   2.0445115e+05
   2.0487534e+05
   2.0537459e+05
   2.0619875e+05
   2.0655474e+05
   2.0690105e+05
   2.0733677e+05
   2.0781770e+05
   2.0817585e+05
   2.0853980e+05
   2.0898540e+05
   2.0990983e+05
   2.1039613e+05
   2.1093142e+05
   2.1125446e+05
   2.1169514e+05
   2.1233262e+05
   2.1292033e+05
   2.1335004e+05
   2.1376812e+05
   2.1432362e+05
   2.1480440e+05
   2.1535035e+05
   2.1580228e+05
   2.1640729e+05
   2.1680863e+05
   2.1712990e+05
   2.1763907e+05
   2.1810809e+05
   2.1854026e+05
   2.1900007e+05
   2.1962176e+05
   2.4039530e+05
   2.4095808e+05
   2.4158769e+05
   2.4193721e+05
   2.4264511e+05
   2.4367338e+05
   2.4405273e+05
   2.4450129e+05
   2.4498070e+05
   2.4532598e+05
   2.4598977e+05
   2.4656705e+05
   2.4697465e+05
   2.4744297e+05
   2.4780107e+05
   2.4818478e+05
   2.4845272e+05
   2.4905861e+05
   2.4956278e+05
   2.5000397e+05
   2.5039006e+05
   2.5079450e+05
   2.5138723e+05
   2.5170926e+05
   2.5208161e+05
   2.5247252e+05
   2.5294651e+05
   2.5349395e+05
   2.5385736e+05
   2.5423264e+05
   2.5479801e+05
   2.5525978e+05
   2.5564845e+05
   2.5603532e+05
   2.5660101e+05
   2.5712548e+05
   2.5740401e+05
   2.5794491e+05
   2.5888647e+05
   2.5966863e+05
   2.6039594e+05
   2.6075183e+05
   2.6136683e+05
   2.6185762e+05
   2.6262723e+05
   2.6315908e+05
   2.6355066e+05
   2.6425550e+05
   2.6479203e+05
   2.6531334e+05
   2.6582270e+05
   2.6628910e+05
   2.6702262e+05
   2.6752684e+05
   2.6838550e+05
   2.6879424e+05
   2.6914362e+05
   2.6955978e+05
   2.6999867e+05
   2.7038565e+05
   2.7139854e+05
   2.7189332e+05
   2.7241064e+05
   2.7275591e+05
   2.7330496e+05
   2.7372106e+05
   2.7432470e+05
   2.7492416e+05
   2.7553287e+05
   2.7590101e+05
   2.7630800e+05
   2.7670859e+05
   2.7719622e+05
   2.7786602e+05
   2.7841715e+05
   2.7884521e+05
   2.7918072e+05
   2.7953544e+05
   2.7988833e+05
   3.0046403e+05
   3.0098711e+05
   3.0170203e+05
   3.0204272e+05
   3.0260737e+05
   3.0294534e+05
   3.0328533e+05
   3.0371679e+05
   3.0404550e+05
   3.0467577e+05
   3.0497890e+05
   3.0572829e+05
   3.0621033e+05
   3.0672199e+05
   3.0726108e+05
   3.0789352e+05
   3.0824913e+05
   3.0865121e+05
   3.0898285e+05
   3.0981199e+05
   3.1032512e+05
   3.1109684e+05
   3.1186404e+05
   3.1248549e+05
   3.1288667e+05
   3.1330122e+05
   3.1363989e+05
   3.1434693e+05
   3.1540910e+05
   3.1581732e+05
   3.1621049e+05
   3.1666850e+05
   3.1711242e+05
   3.1747707e+05
   3.1795512e+05
   3.1834516e+05
   3.1904237e+05
   3.1942003e+05
   3.1972309e+05
   3.2026760e+05
   3.2090537e+05
   3.2130364e+05
   3.2158276e+05
   3.2184754e+05
   3.2236522e+05
   3.2266922e+05
   3.2315582e+05
   3.2364631e+05
   3.2432274e+05
   3.2469739e+05
   3.2503600e+05
   3.2608072e+05
   3.2655512e+05
   3.2712482e+05
   3.2750551e+05
   3.2850469e+05
   3.2910066e+05
   3.2943610e+05
   3.2981950e+05
   3.3024153e+05
   3.3085884e+05
   3.3122535e+05
   3.3180683e+05
   3.3231823e+05
   3.3274617e+05
   3.3319363e+05
   3.3349858e+05
   3.3402214e+05
   3.3450240e+05
   3.3488089e+05
   3.3531680e+05
   3.3568337e+05
   3.3630693e+05
   3.3700049e+05
   3.3729185e+05
   3.3802971e+05
   3.3846788e+05
   3.3888961e+05
   3.3944418e+05
   3.3995173e+05
   3.6039199e+05
   3.6095849e+05
   3.6146224e+05
   3.6185306e+05
   3.6225203e+05
   3.6272251e+05
   3.6319202e+05
   3.6375431e+05
   3.6409443e+05
   3.6481021e+05
   3.6520435e+05
   3.6619178e+05
   3.6691339e+05
   3.6723138e+05
   3.6774184e+05
   3.6819636e+05
   3.6866394e+05
   3.6927158e+05
   3.6981654e+05
   3.7024376e+05
   3.7101313e+05
   3.7144069e+05
   3.7176854e+05
   3.7213113e+05
   3.7266357e+05
   3.7326919e+05
   3.7371105e+05
   3.7412447e+05
   3.7469494e+05
   3.7496832e+05
   3.7561346e+05
   3.7636907e+05
   3.7679939e+05
   3.7733436e+05
   3.7786711e+05
   3.7819797e+05
   3.7876168e+05
   3.7934180e+05
   3.7993791e+05
   3.8033415e+05
   3.8083835e+05
   3.8130458e+05
   3.8193720e+05
   3.8239624e+05
   3.8281026e+05
   3.8320343e+05
   3.8352983e+05
   3.8396043e+05
   3.8428140e+05
   3.8493659e+05
   3.8541131e+05
   3.8579811e+05
   3.8611201e+05
   3.8654723e+05
   3.8703940e+05
   3.8752779e+05
   3.8792258e+05
   3.8826798e+05
   3.8868188e+05
   3.8936779e+05
   3.8990560e+05
   3.9028863e+05
   3.9080580e+05
   3.9139769e+05
   3.9174697e+05
   3.9202020e+05
   3.9248442e+05
   3.9287797e+05
   3.9330590e+05
   3.9377044e+05
   3.9451453e+05
   3.9503768e+05
   3.9576718e+05
   3.9623228e+05
   3.9710760e+05
   3.9747420e+05
   3.9818102e+05
   3.9856344e+05
   3.9933844e+05
   3.9973959e+05
   4.2054952e+05
   4.2097059e+05
   4.2136395e+05
   4.2182220e+05
   4.2285070e+05
   4.2331467e+05
   4.2389539e+05
   4.2445599e+05
   4.2500347e+05
   4.2540137e+05
   4.2589520e+05
   4.2642918e+05
   4.2670092e+05
   4.2723098e+05
   4.2751434e+05
   4.2810965e+05
   4.2836707e+05
   4.2876792e+05
   4.2913619e+05
   4.2947115e+05
   4.2978526e+05
   4.3015049e+05
   4.3058648e+05
   4.3105739e+05
   4.3155108e+05
   4.3204919e+05
   4.3243784e+05
   4.3316841e+05
   4.3358449e+05
   4.3393443e+05
   4.3430479e+05
   4.3478649e+05
   4.3525939e+05
   4.3551362e+05
   4.3594879e+05
   4.3641891e+05
   4.3724615e+05
   4.3788699e+05
   4.3832967e+05
   4.3882756e+05
   4.3923799e+05
   4.3964772e+05
   4.4012834e+05
   4.4054089e+05
   4.4143506e+05
   4.4179331e+05
   4.4230248e+05
   4.4292748e+05
   4.4328710e+05
   4.4371626e+05
   4.4427519e+05
   4.4489254e+05
   4.4537036e+05
   4.4598726e+05
   4.4684355e+05
   4.4769103e+05
   4.4835232e+05
   4.4973127e+05
   4.5040953e+05
   4.5085551e+05
   4.5148956e+05
   4.5197460e+05
   4.5245793e+05
   4.5297686e+05
   4.5346386e+05
   4.5388254e+05
   4.5437358e+05
   4.5492890e+05
   4.5541251e+05
   4.5609005e+05
   4.5660617e+05
   4.5709224e+05
   4.5772691e+05
   4.5808062e+05
   4.5848018e+05
   4.5898849e+05
   4.5955657e+05
   4.8063253e+05
   4.8100907e+05
   4.8148799e+05
   4.8200096e+05
   4.8241423e+05
   4.8286100e+05
   4.8337142e+05
   4.8396445e+05
   4.8453825e+05
   4.8509198e+05
   4.8553368e+05
   4.8598141e+05
   4.8630016e+05
   4.8683501e+05
   4.8729601e+05
   4.8765762e+05
   4.8821557e+05
   4.8867569e+05
   4.8936338e+05
   4.8973680e+05
   4.9008408e+05
   4.9065088e+05
   4.9096594e+05
   4.9133644e+05
   4.9189120e+05
   4.9227634e+05
   4.9265321e+05
   4.9336517e+05
   4.9420319e+05
   4.9467065e+05
   4.9522763e+05
   4.9585746e+05
   4.9655827e+05
   4.9714249e+05
   4.9777209e+05
   4.9858197e+05
   4.9895822e+05
   4.9939494e+05
   4.9976685e+05
   5.0034335e+05
   5.0094041e+05
   5.0136616e+05
   5.0173357e+05
   5.0216993e+05
   5.0266936e+05
   5.0296883e+05
   5.0330941e+05
   5.0363932e+05
   5.0428529e+05
   5.0468519e+05
   5.0499987e+05
   5.0545885e+05
   5.0575954e+05
   5.0633927e+05
   5.0679807e+05
   5.0715590e+05
   5.0843078e+05
   5.0943229e+05
   5.0987264e+05
   5.1029024e+05
   5.1084357e+05
   5.1145177e+05
   5.1272758e+05
   5.1307467e+05
   5.1362155e+05
   5.1404165e+05
   5.1434237e+05
   5.1474840e+05
   5.1530429e+05
   5.1571999e+05
   5.1663730e+05
   5.1739321e+05
   5.1781058e+05
   5.1815305e+05
   5.1856026e+05
   5.1897827e+05
   5.1942702e+05
   5.1979434e+05
   5.4047705e+05
   5.4103539e+05
   5.4135910e+05
   5.4174703e+05
   5.4213171e+05
   5.4266678e+05
   5.4317238e+05
   5.4346979e+05
   5.4399752e+05
   5.4450666e+05
   5.4495442e+05
   5.4559246e+05
   5.4592406e+05
   5.4624094e+05
   5.4663117e+05
   5.4696914e+05
   5.4746509e+05
   5.4784134e+05
   5.4840535e+05
   5.4878983e+05
   5.4917445e+05
   5.4962970e+05
   5.5010963e+05
   5.5047075e+05
   5.5093873e+05
   5.5160486e+05
   5.5203066e+05
   5.5231775e+05
   5.5274944e+05
   5.5328070e+05
   5.5366921e+05
   5.5399142e+05
   5.5442569e+05
   5.5482253e+05
   5.5535688e+05
   5.5583923e+05
   5.5634675e+05
   5.5688939e+05
   5.5738721e+05
   5.5774731e+05
   5.5830799e+05
   5.5870791e+05
   5.5916098e+05
   5.5971809e+05
   5.6021313e+05
   5.6088183e+05
   5.6127083e+05
   5.6165636e+05
   5.6215167e+05
   5.6276713e+05
   5.6325623e+05
   5.6373337e+05
   5.6426291e+05
   5.6482405e+05
   5.6518360e+05
   5.6554104e+05
   5.6621839e+05
   5.6662150e+05
   5.6729502e+05
   5.6760649e+05
   5.6788528e+05
   5.6867522e+05
   5.6907951e+05
   5.6974638e+05
   5.7030683e+05
   5.7075359e+05
   5.7112783e+05
   5.7166750e+05
   5.7221913e+05
   5.7254231e+05
   5.7314552e+05
   5.7356913e+05
   5.7413245e+05
   5.7450511e+05
   5.7490644e+05
   5.7640698e+05
   5.7700879e+05
   5.7765922e+05
   5.7844516e+05
   5.7883122e+05
   5.7920039e+05
   5.7961611e+05
   5.7990907e+05
   7.8038798e+05
   7.8084897e+05
   7.8133612e+05
   7.8257362e+05
   7.8309015e+05
   7.8377391e+05
   7.8624845e+05
   7.8696094e+05
   7.8795733e+05
   7.8856644e+05
   7.8928111e+05
   7.8983367e+05
   7.9029717e+05
   7.9102896e+05
   7.9220235e+05
   7.9313176e+05
   7.9364440e+05
   7.9401753e+05
   7.9594473e+05
   7.9633947e+05
   7.9687277e+05
   7.9742981e+05
   7.9791567e+05
   7.9843377e+05
   7.9889071e+05
   7.9967578e+05
   8.0035285e+05
   8.0086663e+05
   8.0133722e+05
   8.0194942e+05
   8.0387070e+05
   8.0472491e+05
   8.0557029e+05
   8.0642287e+05
   8.0705099e+05
   8.0769749e+05
   8.0812935e+05
   8.0884013e+05
   8.0961015e+05
   8.1004259e+05
   8.1068387e+05
   8.1127468e+05
   8.1190443e+05
   8.1242584e+05
   8.1308834e+05
   8.1343050e+05
   8.1396271e+05
   8.1466565e+05
   8.1518877e+05
   8.1621349e+05
   8.1676700e+05
   8.1791529e+05
   8.1848527e+05
   8.1897489e+05
   8.4044440e+05
   8.4119352e+05
   8.4176068e+05
   8.4249429e+05
   8.4332282e+05
   8.4369572e+05
   8.4419122e+05
   8.4496384e+05
   8.4583058e+05
   8.4657237e+05
   8.4714187e+05
   8.4776604e+05
   8.4856344e+05
   8.4917695e+05
   8.4981265e+05
   8.5038037e+05
   8.5133286e+05
   8.5207987e+05
   8.5312653e+05
   8.5383798e+05
   8.5435849e+05
   8.5497112e+05
   8.5539200e+05
   8.5568481e+05
   8.5635508e+05
   8.5729401e+05
   8.5787106e+05
   8.5858195e+05
   8.5977861e+05
   8.6046931e+05
   8.6085001e+05
   8.6154500e+05
   8.6222676e+05
   8.6281168e+05
   8.6330054e+05
   8.6391542e+05
   8.6461867e+05
   8.6517021e+05
   8.6597086e+05
   8.6671755e+05
   8.6740373e+05
   8.6802896e+05
   8.6876022e+05
   8.7429478e+05
   8.7472180e+05
   8.7613299e+05
   8.7678281e+05
   8.7772816e+05
   8.7836084e+05
   8.7881220e+05
   8.7933726e+05
   9.0044986e+05
   9.0099400e+05
   9.0143392e+05
   9.0205788e+05
   9.0254030e+05
   9.0331559e+05
   9.0388776e+05
   9.0432511e+05
   9.0590799e+05
   9.0670268e+05
   9.0706319e+05
   9.0806416e+05
   9.0864041e+05
   9.0929911e+05
   9.1025864e+05
   9.1072242e+05
   9.1146623e+05
   9.1234569e+05
   9.1321013e+05
   9.1397468e+05
   9.1455326e+05
   9.1518585e+05
   9.1570633e+05
   9.1610229e+05
   9.1821949e+05
   9.1864792e+05
   9.1914371e+05
   9.1992863e+05
   9.2195888e+05
   9.2250741e+05
   9.2323192e+05
   9.2401300e+05
   9.2452904e+05
   9.2508410e+05
   9.2582173e+05
   9.2702377e+05
   9.2735120e+05
   9.2801421e+05
   9.2852648e+05
   9.2903600e+05
   9.2974782e+05
   9.3059187e+05
   9.3160059e+05
   9.3225743e+05
   9.3294127e+05
   9.3374849e+05
   9.3531029e+05
   9.3593834e+05
   9.3652799e+05
   9.3721335e+05
   9.3833231e+05
   9.6054182e+05
   9.6201608e+05
   9.6256914e+05
   9.6353664e+05
   9.6414919e+05
   9.6473724e+05
   9.6545172e+05
   9.6572991e+05
   9.6642872e+05
   9.6718156e+05
   9.6782290e+05
   9.6867911e+05
   9.6911763e+05
   9.6946552e+05
   9.6988431e+05
   9.7044406e+05
   9.7114157e+05
   9.7178083e+05
   9.7230851e+05
   9.7396117e+05
   9.7468496e+05
   9.7520257e+05
   9.7575307e+05
   9.7620273e+05
   9.7668896e+05
   9.7813930e+05
   9.7850171e+05
   9.8613878e+05
   9.8674031e+05
   9.8763920e+05
   9.8872325e+05
   9.8922681e+05
   9.8991403e+05
   9.9132652e+05
   9.9187533e+05
   9.9228997e+05
   9.9293252e+05
   9.9357965e+05
   9.9452293e+05
   9.9489292e+05
   9.9614127e+05
   9.9660950e+05
   9.9727684e+05
   9.9772844e+05
   9.9817514e+05
   9.9870353e+05
   1.0205776e+06
   1.0209973e+06
   1.0216134e+06
   1.0220398e+06
   1.0226090e+06
   1.0232444e+06
   1.0237644e+06
   1.0241739e+06
   1.0248029e+06
   1.0259131e+06
   1.0264892e+06
   1.0268251e+06
   1.0276399e+06
   1.0280905e+06
   1.0286246e+06
   1.0292796e+06
   1.0298348e+06
   1.0306058e+06
   1.0313476e+06
   1.0319967e+06
   1.0326804e+06
   1.0331704e+06
   1.0339486e+06
   1.0343913e+06
   1.0350659e+06
   1.0358908e+06
   1.0364534e+06
   1.0369639e+06
   1.0377541e+06
   1.0387133e+06
   1.0408085e+06
   1.0414432e+06
   1.0418045e+06
   1.0424507e+06
   1.0430067e+06
   1.0435555e+06
   1.0445180e+06
   1.0460355e+06
   1.0480752e+06
   1.0484847e+06
   1.0489760e+06
   1.0493920e+06
   1.0510685e+06
   1.0515045e+06
   1.0521614e+06
   1.0525866e+06
   1.0530320e+06
   1.0536830e+06
   1.0548072e+06
   1.0553036e+06
   1.0559029e+06
   1.0586020e+06
   1.0592325e+06
   1.0597255e+06
   1.0804443e+06
   1.0825185e+06
   1.0830349e+06
   1.0837045e+06
   1.0851891e+06
   1.0857043e+06
   1.0863163e+06
   1.0866585e+06
   1.0873901e+06
   1.0882497e+06
   1.0888856e+06
   1.0896159e+06
   1.0900450e+06
   1.0908172e+06
   1.0920935e+06
   1.0927894e+06
   1.0937137e+06
   1.0941366e+06
   1.0948622e+06
   1.0954233e+06
   1.0963555e+06
   1.0970855e+06
   1.1000100e+06
   1.1005508e+06
   1.1009814e+06
   1.1017150e+06
   1.1022285e+06
   1.1038736e+06
   1.1047756e+06
   1.1056219e+06
   1.1080687e+06
   1.1085417e+06
   1.1091982e+06
   1.1100688e+06
   1.1106484e+06
   1.1118393e+06
   1.1129130e+06
   1.1136536e+06
   1.1142473e+06
   1.1147923e+06
   1.1156889e+06
   1.1162596e+06
   1.1167907e+06
   1.1173361e+06
   1.1177664e+06
   1.1183612e+06
   1.1193649e+06
   1.1198127e+06
   1.1405695e+06
   1.1411893e+06
   1.1417498e+06
   1.1424882e+06
   1.1452949e+06
   1.1460752e+06
   1.1467753e+06
   1.1534499e+06
   1.1539973e+06
   1.1545463e+06
   1.1550945e+06
   1.1558834e+06
   1.1563815e+06
   1.1567566e+06
   1.1586203e+06
   1.1591501e+06
   1.1597126e+06
   1.1602845e+06
   1.1609021e+06
   1.1615150e+06
   1.1626116e+06
   1.1631960e+06
   1.1640027e+06
   1.1648329e+06
   1.1655873e+06
   1.1662691e+06
   1.1666115e+06
   1.1673751e+06
   1.1680466e+06
   1.1695837e+06
   1.1704533e+06
   1.1714961e+06
   1.1722659e+06
   1.1730852e+06
   1.1740327e+06
   1.1744099e+06
   1.1749426e+06
   1.1753749e+06
   1.1758654e+06
   1.1763068e+06
   1.1769893e+06
   1.1777906e+06
   1.1782177e+06
   1.1787887e+06
   1.1791826e+06
   1.2004455e+06
   1.2018217e+06
   1.2024496e+06
   1.2029842e+06
   1.2037993e+06
   1.2042360e+06
   1.2046835e+06
   1.2057831e+06
   1.2064663e+06
   1.2069874e+06
   1.2074721e+06
   1.2078941e+06
   1.2085667e+06
   1.2091283e+06
   1.2097437e+06
   1.2106107e+06
   1.2115022e+06
   1.2119819e+06
   1.2126252e+06
   1.2131798e+06
   1.2138056e+06
   1.2143136e+06
   1.2146916e+06
   1.2159331e+06
   1.2164539e+06
   1.2170354e+06
   1.2175482e+06
   1.2182370e+06
   1.2187947e+06
   1.2194787e+06
   1.2201126e+06
   1.2209398e+06
   1.2224185e+06
   1.2230660e+06
   1.2237575e+06
   1.2243491e+06
   1.2260008e+06
   1.2268163e+06
   1.2273449e+06
   1.2285964e+06
   1.2289455e+06
   1.2293828e+06
   1.2303397e+06
   1.2327217e+06
   1.2353989e+06
   1.2360096e+06
   1.2365633e+06
   1.2373563e+06
   1.2390828e+06
   1.2397013e+06
   1.2608900e+06
   1.2617076e+06
   1.2626182e+06
   1.2630288e+06
   1.2635503e+06
   1.2652460e+06
   1.2656732e+06
   1.2664132e+06
   1.2671035e+06
   1.2677509e+06
   1.2683719e+06
   1.2702535e+06
   1.2711847e+06
   1.2720745e+06
   1.2725033e+06
   1.2730522e+06
   1.2735751e+06
   1.2739044e+06
   1.2745872e+06
   1.2760486e+06
   1.2765089e+06
   1.2772637e+06
   1.2778457e+06
   1.2782210e+06
   1.2788817e+06
   1.2793548e+06
   1.2801791e+06
   1.2807134e+06
   1.2814165e+06
   1.2829650e+06
   1.2836425e+06
   1.2841936e+06
   1.2848824e+06
   1.2854968e+06
   1.2863822e+06
   1.2872446e+06
   1.2877475e+06
   1.2883489e+06
   1.2893015e+06
   1.2899031e+06
   1.2906675e+06
   1.2913131e+06
   1.2921813e+06
   1.2925494e+06
   1.2929923e+06
   1.2946550e+06
   1.2955111e+06
   1.2960644e+06
   1.2991670e+06
   1.2996395e+06
   1.3206281e+06
   1.3211187e+06
   1.3216625e+06
   1.3221159e+06
   1.3228608e+06
   1.3236335e+06
   1.3242896e+06
   1.3251218e+06
   1.3256301e+06
   1.3261836e+06
   1.3266139e+06
   1.3271236e+06
   1.3277966e+06
   1.3282070e+06
   1.3287247e+06
   1.3296631e+06
   1.3303735e+06
   1.3313136e+06
   1.3320190e+06
   1.3327634e+06
   1.3332876e+06
   1.3337267e+06
   1.3345757e+06
   1.3350530e+06
   1.3354186e+06
   1.3359030e+06
   1.3368771e+06
   1.3379085e+06
   1.3385719e+06
   1.3391978e+06
   1.3395483e+06
   1.3400612e+06
   1.3408003e+06
   1.3418227e+06
   1.3422768e+06
   1.3434107e+06
   1.3439452e+06
   1.3444119e+06
   1.3448724e+06
   1.3456688e+06
   1.3460638e+06
   1.3471792e+06
   1.3478104e+06
   1.3481204e+06
   1.3493148e+06
   1.3496949e+06
   1.3502704e+06
   1.3509671e+06
   1.3514513e+06
   1.3520231e+06
   1.3526511e+06
   1.3530824e+06
   1.3537614e+06
   1.3551157e+06
   1.3572835e+06
   1.3577363e+06
   1.3584171e+06
   1.3804646e+06
   1.3810921e+06
   1.3816998e+06
   1.3821506e+06
   1.3826801e+06
   1.3831063e+06
   1.3835168e+06
   1.3839623e+06
   1.3847204e+06
   1.3853420e+06
   1.3859808e+06
   1.3865627e+06
   1.3871474e+06
   1.3877345e+06
   1.3882007e+06
   1.3886935e+06
   1.3892442e+06
   1.3897029e+06
   1.3909891e+06
   1.3913733e+06
   1.3928169e+06
   1.3939987e+06
   1.3948914e+06
   1.3961281e+06
   1.3967252e+06
   1.3971822e+06
   1.3975414e+06
   1.3985236e+06
   1.3989996e+06
   1.3998398e+06
   1.4003278e+06
   1.4007626e+06
   1.4041133e+06
   1.4044354e+06
   1.4051152e+06
   1.4056999e+06
   1.4063763e+06
   1.4076094e+06
   1.4081732e+06
   1.4091405e+06
   1.4103076e+06
   1.4108465e+06
   1.4115384e+06
   1.4120289e+06
   1.4123490e+06
   1.4129472e+06
   1.4136260e+06
   1.4140937e+06
   1.4149890e+06
   1.4157058e+06
   1.4161353e+06
   1.4166008e+06
   1.4169192e+06
   1.4176177e+06
   1.4183146e+06
   1.4188314e+06
   1.4195440e+06
   1.4199359e+06
   1.4406056e+06
   1.4410421e+06
   1.4415106e+06
   1.4420652e+06
   1.4425428e+06
   1.4430069e+06
   1.4435962e+06
   1.4449458e+06
   1.4454982e+06
   1.4459461e+06
   1.4465553e+06
   1.4470965e+06
   1.4473998e+06
   1.4479346e+06
   1.4484765e+06
   1.4488495e+06
   1.4492355e+06
   1.4498342e+06
   1.4503177e+06
   1.4509667e+06
   1.4519609e+06
   1.4525064e+06
   1.4530274e+06
   1.4535765e+06
   1.4540238e+06
   1.4547988e+06
   1.4557824e+06
   1.4561317e+06
   1.4569156e+06
   1.4579486e+06
   1.4584295e+06
   1.4590282e+06
   1.4599261e+06
   1.4607045e+06
   1.4613734e+06
   1.4618964e+06
   1.4625620e+06
   1.4631831e+06
   1.4639380e+06
   1.4644729e+06
   1.4664188e+06
   1.4668316e+06
   1.4673709e+06
   1.4681443e+06
   1.4686468e+06
   1.4690652e+06
   1.4696526e+06
   1.4702405e+06
   1.4710845e+06
   1.4716052e+06
   1.4725674e+06
   1.4730856e+06
   1.4741233e+06
   1.4745649e+06
   1.4750380e+06
   1.4755132e+06
   1.4760635e+06
   1.4765825e+06
   1.4775303e+06
   1.4781061e+06
   1.4787700e+06
   1.4797237e+06
   1.5014848e+06
   1.5018773e+06
   1.5025950e+06
   1.5030982e+06
   1.5035554e+06
   1.5039738e+06
   1.5046447e+06
   1.5053447e+06
   1.5067920e+06
   1.5072713e+06
   1.5083273e+06
   1.5092044e+06
   1.5100432e+06
   1.5108829e+06
   1.5114605e+06
   1.5119491e+06
   1.5123304e+06
   1.5134947e+06
   1.5143270e+06
   1.5148889e+06
   1.5153479e+06
   1.5158362e+06
   1.5176511e+06
   1.5182848e+06
   1.5190125e+06
   1.5195963e+06
   1.5215537e+06
   1.5220625e+06
   1.5223718e+06
   1.5229960e+06
   1.5237801e+06
   1.5244697e+06
   1.5249724e+06
   1.5255694e+06
   1.5276575e+06
   1.5282526e+06
   1.5288074e+06
   1.5294641e+06
   1.5299080e+06
   1.5305035e+06
   1.5309197e+06
   1.5316729e+06
   1.5324542e+06
   1.5331887e+06
   1.5336176e+06
   1.5341487e+06
   1.5348615e+06
   1.5353869e+06
   1.5359239e+06
   1.5366707e+06
   1.5371837e+06
   1.5383474e+06
   1.5388435e+06
   1.5393986e+06
   1.5608398e+06
   1.5654687e+06
   1.5658434e+06
   1.5664295e+06
   1.5671665e+06
   1.5698386e+06
   1.5703445e+06
   1.5712109e+06
   1.5717088e+06
   1.5723959e+06
   1.5730594e+06
   1.5734541e+06
   1.5742085e+06
   1.5746210e+06
   1.5755166e+06
   1.5772030e+06
   1.5777679e+06
   1.5781781e+06
   1.5785332e+06
   1.5788525e+06
   1.5794956e+06
   1.5799205e+06
   1.5807132e+06
   1.5814327e+06
   1.5818917e+06
   1.5824407e+06
   1.5835155e+06
   1.5853062e+06
   1.5863390e+06
   1.5870013e+06
   1.5874318e+06
   1.5881224e+06
   1.5885499e+06
   1.5891363e+06
   1.5895220e+06
   1.5900521e+06
   1.5905599e+06
   1.5909639e+06
   1.5916569e+06
   1.5921555e+06
   1.5926161e+06
   1.5934393e+06
   1.5942234e+06
   1.5947519e+06
   1.5955818e+06
   1.5960685e+06
   1.5964986e+06
   1.5971178e+06
   1.5976568e+06
   1.5983979e+06
   1.5988515e+06
   1.5992618e+06
   1.5997206e+06
   1.6205051e+06
   1.6212984e+06
   1.6222602e+06
   1.6229538e+06
   1.6235856e+06
   1.6247664e+06
   1.6254716e+06
   1.6266582e+06
   1.6277772e+06
   1.6283355e+06
   1.6286714e+06
   1.6293886e+06
   1.6301380e+06
   1.6306507e+06
   1.6311844e+06
   1.6321141e+06
   1.6326348e+06
   1.6332019e+06
   1.6346712e+06
   1.6351372e+06
   1.6358197e+06
   1.6362070e+06
   1.6366805e+06
   1.6371111e+06
   1.6376410e+06
   1.6382869e+06
   1.6387700e+06
   1.6393740e+06
   1.6398111e+06
   1.6403595e+06
   1.6408177e+06
   1.6414649e+06
   1.6420079e+06
   1.6426968e+06
   1.6434332e+06
   1.6441096e+06
   1.6448474e+06
   1.6455006e+06
   1.6460831e+06
   1.6478287e+06
   1.6484263e+06
   1.6492456e+06
   1.6501352e+06
   1.6506180e+06
   1.6522996e+06
   1.6530208e+06
   1.6534636e+06
   1.6540233e+06
   1.6544949e+06
   1.6551054e+06
   1.6557099e+06
   1.6563399e+06
   1.6568850e+06
   1.6576109e+06
   1.6581913e+06
   1.6588672e+06
   1.6592938e+06
   1.6804824e+06
   1.6810158e+06
   1.6814411e+06
   1.6819445e+06
   1.6824215e+06
   1.6829806e+06
   1.6838611e+06
   1.6846265e+06
   1.6849813e+06
   1.6857009e+06
   1.6863064e+06
   1.6867871e+06
   1.6875535e+06
   1.6881572e+06
   1.6888708e+06
   1.6898392e+06
   1.6904213e+06
   1.6910803e+06
   1.6915154e+06
   1.6923832e+06
   1.6934863e+06
   1.6941386e+06
   1.6947392e+06
   1.6952978e+06
   1.6959575e+06
   1.6962948e+06
   1.6965992e+06
   1.6972346e+06
   1.6976260e+06
   1.6983429e+06
   1.6989475e+06
   1.6995976e+06
   1.7003089e+06
   1.7008068e+06
   1.7017159e+06
   1.7021518e+06
   1.7043903e+06
   1.7048981e+06
   1.7054611e+06
   1.7059503e+06
   1.7065553e+06
   1.7073813e+06
   1.7101482e+06
   1.7107762e+06
   1.7113362e+06
   1.7118720e+06
   1.7124048e+06
   1.7130407e+06
   1.7145667e+06
   1.7150590e+06
   1.7154749e+06
   1.7169399e+06
   1.7175583e+06
   1.7184132e+06
   1.7191046e+06
   1.7196076e+06
   1.7411192e+06
   1.7417917e+06
   1.7424636e+06
   1.7430680e+06
   1.7436319e+06
   1.7441487e+06
   1.7447866e+06
   1.7451538e+06
   1.7457097e+06
   1.7464623e+06
   1.7468343e+06
   1.7475478e+06
   1.7484666e+06
   1.7492879e+06
   1.7498699e+06
   1.7511128e+06
   1.7516326e+06
   1.7524693e+06
   1.7530575e+06
   1.7535373e+06
   1.7542486e+06
   1.7551386e+06
   1.7564807e+06
   1.7570739e+06
   1.7575104e+06
   1.7581645e+06
   1.7587864e+06
   1.7592424e+06
   1.7599823e+06
   1.7610192e+06
   1.7624253e+06
   1.7631111e+06
   1.7641285e+06
   1.7653554e+06
   1.7694762e+06
   1.7699269e+06
   1.7704640e+06
   1.7708275e+06
   1.7726597e+06
   1.7734624e+06
   1.7739178e+06
   1.7744302e+06
   1.7753948e+06
   1.7765122e+06
   1.7771746e+06
   1.7775507e+06
   1.7778979e+06
   1.7786628e+06
   1.7792830e+06
   1.8021677e+06
   1.8027238e+06
   1.8032999e+06
   1.8038704e+06
   1.8042985e+06
   1.8050913e+06
   1.8058523e+06
   1.8064119e+06
   1.8079842e+06
   1.8083728e+06
   1.8087593e+06
   1.8095130e+06
   1.8102480e+06
   1.8111827e+06
   1.8118604e+06
   1.8123617e+06
   1.8131358e+06
   1.8138430e+06
   1.8141838e+06
   1.8147258e+06
   1.8154235e+06
   1.8161132e+06
   1.8167272e+06
   1.8181489e+06
   1.8185435e+06
   1.8192156e+06
   1.8201659e+06
   1.8209322e+06
   1.8223776e+06
   1.8227640e+06
   1.8242100e+06
   1.8250714e+06
   1.8259494e+06
   1.8265221e+06
   1.8272041e+06
   1.8278750e+06
   1.8289184e+06
   1.8294461e+06
   1.8311500e+06
   1.8317246e+06
   1.8322244e+06
   1.8330060e+06
   1.8336391e+06
   1.8343623e+06
   1.8351169e+06
   1.8357825e+06
   1.8364675e+06
   1.8370774e+06
   1.8374056e+06
   1.8379213e+06
   1.8388210e+06
   1.8391681e+06
   1.8604449e+06
   1.8617474e+06
   1.8621015e+06
   1.8626907e+06
   1.8633570e+06
   1.8637135e+06
   1.8641785e+06
   1.8646486e+06
   1.8652583e+06
   1.8661069e+06
   1.8665764e+06
   1.8673623e+06
   1.8680900e+06
   1.8686896e+06
   1.8699104e+06
   1.8703870e+06
   1.8709583e+06
   1.8713173e+06
   1.8723509e+06
   1.8729311e+06
   1.8734071e+06
   1.8739483e+06
   1.8747617e+06
   1.8753625e+06
   1.8760581e+06
   1.8767762e+06
   1.8780275e+06
   1.8785842e+06
   1.8796216e+06
   1.8805709e+06
   1.8815248e+06
   1.8820933e+06
   1.8825271e+06
   1.8835886e+06
   1.8843426e+06
   1.8848430e+06
   1.8864022e+06
   1.8869081e+06
   1.8876298e+06
   1.8883928e+06
   1.8892475e+06
   1.8900482e+06
   1.8905806e+06
   1.8909823e+06
   1.8916112e+06
   1.8922382e+06
   1.8928156e+06
   1.8938369e+06
   1.8942310e+06
   1.8946726e+06
   1.8951116e+06
   1.8956106e+06
   1.8963525e+06
   1.8975960e+06
   1.8980955e+06
   1.8985501e+06
   1.8993175e+06
   1.8999084e+06
   1.8988535e+06
   1.8995528e+06
   1.8376763e+06
   1.8382239e+06
   1.8386635e+06
   1.8393562e+06
   1.8605398e+06
   1.8609554e+06
   1.8640707e+06
   1.8647659e+06
   1.8658202e+06
   1.8662317e+06
   1.8668252e+06
   1.8672624e+06
   1.8677315e+06
   1.8685265e+06
   1.8689446e+06
   1.8702398e+06
   1.8705838e+06
   1.8711193e+06
   1.8717929e+06
   1.8725478e+06
   1.8729742e+06
   1.8735226e+06
   1.8741210e+06
   1.8744385e+06
   1.8750353e+06
   1.8763075e+06
   1.8766699e+06
   1.8770360e+06
   1.8775413e+06
   1.8780457e+06
   1.8785519e+06
   1.8808540e+06
   1.8818601e+06
   1.8826243e+06
   1.8831007e+06
   1.8834758e+06
   1.8839210e+06
   1.8847424e+06
   1.8852931e+06
   1.8857855e+06
   1.8864510e+06
   1.8871751e+06
   1.8875430e+06
   1.8879769e+06
   1.8894303e+06
   1.8900108e+06
   1.8913229e+06
   1.8922356e+06
   1.8928438e+06
   1.8944812e+06
   1.8954863e+06
   1.8960797e+06
   1.8965892e+06
   1.8973614e+06
   1.8980533e+06
   1.8985445e+06
   1.8999216e+06
