   3.1564151e+02
   1.0541573e+03
   1.5339028e+03
   2.0664466e+03
   2.6423353e+03
   2.9957632e+03
   3.5046911e+03
   4.0791557e+03
   4.4944506e+03
   5.2349816e+03
   5.6197478e+03
   5.9669939e+03
   6.4338559e+03
   6.8320821e+03
   7.2938880e+03
   7.7197733e+03
   8.2455932e+03
   9.4903939e+03
   9.9090853e+03
   1.0826197e+04
   1.1675777e+04
   1.2260615e+04
   1.2779613e+04
   1.3144200e+04
   1.3754414e+04
   1.4235245e+04
   1.4671400e+04
   1.5233259e+04
   1.5748782e+04
   1.6122888e+04
   1.6578074e+04
   1.6944806e+04
   1.7425113e+04
   1.7766084e+04
   1.8383753e+04
   1.8925244e+04
   1.9327157e+04
   1.9651850e+04
   1.9966127e+04
   2.0782887e+04
   2.1151718e+04
   2.1851527e+04
   2.2317525e+04
   2.2872637e+04
   2.3600013e+04
   2.3975161e+04
   2.4438494e+04
   2.4881791e+04
   2.5478223e+04
   2.6271145e+04
   2.6694474e+04
   2.7176425e+04
   2.7760244e+04
   2.8119731e+04
   2.8544944e+04
   2.9050124e+04
   2.9474792e+04
   2.9828363e+04
   3.0384934e+04
   3.0804078e+04
   3.1266083e+04
   3.1836772e+04
   3.2208916e+04
   3.2586152e+04
   3.3193263e+04
   3.3730437e+04
   3.4176960e+04
   3.4579490e+04
   3.4879018e+04
   3.5809549e+04
   3.6188869e+04
   3.6773821e+04
   3.7447456e+04
   3.7806730e+04
   3.8365746e+04
   3.8824490e+04
   3.9746162e+04
   4.0218986e+04
   4.0176873e+04
   4.0537080e+04
   4.0996634e+04
   4.1637664e+04
   4.2169463e+04
   4.2563522e+04
   4.2976504e+04
   4.3473986e+04
   4.3937980e+04
   4.4509026e+04
   4.4870418e+04
   4.5155416e+04
   4.5819491e+04
   4.6149960e+04
   4.6583643e+04
   4.6881846e+04
   4.7009237e+04
   4.7868749e+04
   4.8526648e+04
   4.8832113e+04
   4.9298185e+04
   4.9951779e+04
   5.0413098e+04
   5.0858745e+04
   5.1374961e+04
   5.1809832e+04
   5.2305066e+04
   5.2679943e+04
   5.3165795e+04
   5.3474236e+04
   5.3846554e+04
   5.4374330e+04
   5.4741758e+04
   5.5276728e+04
   5.5648778e+04
   5.6187540e+04
   5.6974681e+04
   5.7438429e+04
   5.7791742e+04
   5.8318516e+04
   5.8716343e+04
   5.9139073e+04
   5.9582136e+04
   1.0088289e+05
   1.0130143e+05
   1.0159403e+05
   1.0217446e+05
   1.0264911e+05
   1.0303071e+05
   1.0371732e+05
   1.0418934e+05
   1.0451396e+05
   1.0497990e+05
   1.0537246e+05
   1.0579869e+05
   1.0617308e+05
   1.0664905e+05
   1.0720500e+05
   1.0763503e+05
   1.0799030e+05
   1.0857756e+05
   1.0896340e+05
   1.0937045e+05
   1.0981120e+05
   1.1016386e+05
   1.1064794e+05
   1.1097714e+05
   1.1164786e+05
   1.1199042e+05
   1.1270354e+05
   1.1329407e+05
   1.1383932e+05
   1.1423927e+05
   1.1458626e+05
   1.1508404e+05
   1.1581209e+05
   1.1615939e+05
   1.1648617e+05
   1.1683434e+05
   1.1723572e+05
   1.1753071e+05
   1.1834554e+05
   1.1867245e+05
   1.1913363e+05
   1.1942888e+05
   1.6018786e+05
   1.6055887e+05
   1.6085502e+05
   1.6125791e+05
   1.6165925e+05
   1.6200781e+05
   1.6236428e+05
   1.6263540e+05
   1.6297476e+05
   1.6332975e+05
   1.6375346e+05
   1.6426586e+05
   1.6460065e+05
   1.6527707e+05
   1.6561172e+05
   1.6594102e+05
   1.6635921e+05
   1.6692714e+05
   1.6739611e+05
   1.6782355e+05
   1.6814766e+05
   1.6863343e+05
   1.6899851e+05
   1.6974673e+05
   1.7011847e+05
   1.7056504e+05
   1.7091683e+05
   1.7140417e+05
   1.7171956e+05
   1.7216662e+05
   1.7248954e+05
   1.7286663e+05
   1.7331837e+05
   1.7379170e+05
   1.7418372e+05
   1.7461989e+05
   1.7514881e+05
   1.7551436e+05
   1.7584476e+05
   1.7612775e+05
   1.7662953e+05
   1.7694794e+05
   1.7735762e+05
   1.7775997e+05
   1.7810324e+05
   1.7847826e+05
   1.7873578e+05
   1.7900502e+05
   1.7934355e+05
   1.7973726e+05
   2.2009037e+05
   2.2045489e+05
   2.2110986e+05
   2.2165676e+05
   2.2249360e+05
   2.2281993e+05
   2.2322804e+05
   2.2363174e+05
   2.2413555e+05
   2.2451125e+05
   2.2486639e+05
   2.2535516e+05
   2.2579552e+05
   2.2626300e+05
   2.2655642e+05
   2.2732301e+05
   2.2778609e+05
   2.2815588e+05
   2.2852756e+05
   2.2904660e+05
   2.2939189e+05
   2.2975298e+05
   2.3005324e+05
   2.3042272e+05
   2.3078807e+05
   2.3116666e+05
   2.3154055e+05
   2.3197282e+05
   2.3235471e+05
   2.3271299e+05
   2.3309830e+05
   2.3349145e+05
   2.3436863e+05
   2.3479346e+05
   2.3516936e+05
   2.3583012e+05
   2.3621052e+05
   2.3683819e+05
   2.3734671e+05
   2.3789998e+05
   2.3827311e+05
   2.3886293e+05
   2.3916865e+05
   2.3957102e+05
   2.3998998e+05
   2.8019193e+05
   2.8080705e+05
   2.8126472e+05
   2.8176449e+05
   2.8207740e+05
   2.8258625e+05
   2.8288383e+05
   2.8315295e+05
   2.8345569e+05
   2.8382837e+05
   2.8428217e+05
   2.8459461e+05
   2.8500501e+05
   2.8542780e+05
   2.8576885e+05
   2.8615988e+05
   2.8657351e+05
   2.8692663e+05
   2.8722167e+05
   2.8756117e+05
   2.8788211e+05
   2.8832443e+05
   2.8862828e+05
   2.8892104e+05
   2.8928728e+05
   2.8975854e+05
   2.9023177e+05
   2.9077804e+05
   2.9113339e+05
   2.9152269e+05
   2.9185863e+05
   2.9225068e+05
   2.9277960e+05
   2.9315314e+05
   2.9351532e+05
   2.9414523e+05
   2.9463223e+05
   2.9509814e+05
   2.9563317e+05
   2.9605261e+05
   2.9649610e+05
   2.9694550e+05
   2.9736800e+05
   2.9780173e+05
   2.9866490e+05
   2.9897610e+05
   2.9958467e+05
   2.9997032e+05
   3.4025055e+05
   3.4055644e+05
   3.4081761e+05
   3.4142750e+05
   3.4171654e+05
   3.4207057e+05
   3.4244536e+05
   3.4297982e+05
   3.4337203e+05
   3.4376540e+05
   3.4418692e+05
   3.4455856e+05
   3.4486167e+05
   3.4530931e+05
   3.4563738e+05
   3.4603909e+05
   3.4635929e+05
   3.4666767e+05
   3.4724204e+05
   3.4764742e+05
   3.4819497e+05
   3.4856689e+05
   3.4890709e+05
   3.4926602e+05
   3.4966748e+05
   3.5014926e+05
   3.5051680e+05
   3.5103245e+05
   3.5136438e+05
   3.5180292e+05
   3.5209570e+05
   3.5251759e+05
   3.5296043e+05
   3.5340462e+05
   3.5384953e+05
   3.5421932e+05
   3.5464490e+05
   3.5506579e+05
   3.5547254e+05
   3.5611717e+05
   3.5650305e+05
   3.5681191e+05
   3.5720893e+05
   3.5777444e+05
   3.5806532e+05
   3.5840273e+05
   3.5877658e+05
   3.5911361e+05
   3.5951813e+05
   3.5996816e+05
   4.0017608e+05
   4.0060203e+05
   4.0089919e+05
   4.0112864e+05
   4.0150699e+05
   4.0181348e+05
   4.0211946e+05
   4.0257655e+05
   4.0362858e+05
   4.0392620e+05
   4.0418001e+05
   4.0445515e+05
   4.0484512e+05
   4.0527093e+05
   4.0582974e+05
   4.0624875e+05
   4.0660987e+05
   4.0710755e+05
   4.0753631e+05
   4.0794480e+05
   4.0832111e+05
   4.0861603e+05
   4.0891667e+05
   4.0927266e+05
   4.0976551e+05
   4.1023154e+05
   4.1065638e+05
   4.1096901e+05
   4.1132343e+05
   4.1161978e+05
   4.1213055e+05
   4.1238567e+05
   4.1269323e+05
   4.1306866e+05
   4.1336386e+05
   4.1391472e+05
   4.1432353e+05
   4.1478270e+05
   4.1504656e+05
   4.1531053e+05
   4.1564121e+05
   4.1603255e+05
   4.1662747e+05
   4.1701486e+05
   4.1805978e+05
   4.1833124e+05
   4.1884415e+05
   4.1927586e+05
   4.1957650e+05
   4.1987656e+05
   4.6029649e+05
   4.6057148e+05
   4.6094727e+05
   4.6130150e+05
   4.6163259e+05
   4.6207876e+05
   4.6254275e+05
   4.6284773e+05
   4.6324972e+05
   4.6360861e+05
   4.6400833e+05
   4.6440416e+05
   4.6475204e+05
   4.6515570e+05
   4.6541601e+05
   4.6580236e+05
   4.6604513e+05
   4.6658278e+05
   4.6686600e+05
   4.6716035e+05
   4.6760510e+05
   4.6806260e+05
   4.6839399e+05
   4.6878406e+05
   4.6912694e+05
   4.6952118e+05
   4.7012366e+05
   4.7037653e+05
   4.7066369e+05
   4.7096581e+05
   4.7129240e+05
   4.7169525e+05
   4.7220994e+05
   4.7254255e+05
   4.7302541e+05
   4.7351497e+05
   4.7390921e+05
   4.7407492e+05
   4.7455212e+05
   4.7501353e+05
   4.7563536e+05
   4.7596244e+05
   4.7647634e+05
   4.7727024e+05
   4.7772127e+05
   4.7818737e+05
   4.7842213e+05
   4.7878454e+05
   4.7915160e+05
   4.7953005e+05
   4.7994770e+05
   5.2016475e+05
   5.2051293e+05
   5.2086247e+05
   5.2114957e+05
   5.2148867e+05
   5.2185224e+05
   5.2224385e+05
   5.2254927e+05
   5.2288489e+05
   5.2316840e+05
   5.2347331e+05
   5.2385285e+05
   5.2413884e+05
   5.2444956e+05
   5.2469822e+05
   5.2504884e+05
   5.2540846e+05
   5.2578439e+05
   5.2605667e+05
   5.2632461e+05
   5.2660132e+05
   5.2691574e+05
   5.2719429e+05
   5.2752094e+05
   5.2787726e+05
   5.2827662e+05
   5.2889536e+05
   5.2926727e+05
   5.2960236e+05
   5.2992794e+05
   5.3029478e+05
   5.3059645e+05
   5.3089514e+05
   5.3122667e+05
   5.3170533e+05
   5.3207597e+05
   5.3231830e+05
   5.3257190e+05
   5.3306760e+05
   5.3361968e+05
   5.3396022e+05
   5.3407559e+05
   5.3444814e+05
   5.3479388e+05
   5.3503539e+05
   5.3536655e+05
   5.3565637e+05
   5.3605530e+05
   5.3638284e+05
   5.3676648e+05
   5.3724997e+05
   5.3755852e+05
   5.3786971e+05
   5.3822555e+05
   5.3856744e+05
   5.3885123e+05
   5.3916035e+05
   5.3980922e+05
   5.8019147e+05
   5.8058104e+05
   5.8081216e+05
   5.8116996e+05
   5.8145943e+05
   5.8173377e+05
   5.8204594e+05
   5.8233867e+05
   5.8266027e+05
   5.8298600e+05
   5.8332818e+05
   5.8359797e+05
   5.8384632e+05
   5.8426411e+05
   5.8452469e+05
   5.8493715e+05
   5.8540922e+05
   5.8571550e+05
   5.8600280e+05
   5.8651625e+05
   5.8678880e+05
   5.8705697e+05
   5.8745569e+05
   5.8780879e+05
   5.8828970e+05
   5.8873993e+05
   5.8928327e+05
   5.8970710e+05
   5.9008372e+05
   5.9062889e+05
   5.9101680e+05
   5.9156259e+05
   5.9203273e+05
   5.9263126e+05
   5.9286415e+05
   5.9341685e+05
   5.9376746e+05
   5.9425496e+05
   5.9463787e+05
   5.9502187e+05
   5.9532155e+05
   5.9566748e+05
   5.9613369e+05
   5.9652560e+05
   5.9687645e+05
   5.9715375e+05
   5.9744987e+05
   5.9785634e+05
   5.9824137e+05
   5.9870417e+05
   5.9911979e+05
   5.9945156e+05
   5.9980770e+05
   6.0032150e+05
   6.0078826e+05
   6.0139549e+05
   6.0185146e+05
   6.0231217e+05
   6.0295891e+05
   6.0337256e+05
   6.0373584e+05
   6.0428350e+05
   6.0470191e+05
   6.0510624e+05
   6.0552809e+05
   6.0593493e+05
   6.0683044e+05
   6.0711100e+05
   6.0763899e+05
   6.0825256e+05
   6.0876851e+05
   6.0916453e+05
   6.0958367e+05
   6.1001117e+05
   6.1051264e+05
   6.1084464e+05
   6.1119118e+05
   6.1182357e+05
   6.1225459e+05
   6.1291763e+05
   6.1334490e+05
   6.1374818e+05
   6.1427176e+05
   6.1473402e+05
   6.1518402e+05
   6.1559528e+05
   6.1600282e+05
   6.1637082e+05
   6.1681302e+05
   6.1752950e+05
   6.1815218e+05
   6.1853441e+05
   6.1902609e+05
   6.1941355e+05
   6.1982550e+05
   6.2024181e+05
   6.2135196e+05
   6.2168862e+05
   6.2229870e+05
   6.2287765e+05
   6.2347362e+05
   6.2396587e+05
   6.2428562e+05
   6.2460205e+05
   6.2501174e+05
   6.2577301e+05
   6.2652807e+05
   6.2703096e+05
   6.2758433e+05
   6.2802713e+05
   6.2845328e+05
   6.2877404e+05
   6.2916305e+05
   6.2947517e+05
   6.3000624e+05
   6.3041269e+05
   6.3099184e+05
   6.3129777e+05
   6.3172311e+05
   6.3221002e+05
   6.3271438e+05
   6.3317966e+05
   6.3356719e+05
   6.3393929e+05
   6.3425802e+05
   6.3460938e+05
   6.3515273e+05
   6.3549513e+05
   6.3618043e+05
   6.3657851e+05
   6.3706786e+05
   6.3753947e+05
   6.3793838e+05
   6.3838639e+05
   6.3903098e+05
   6.3951601e+05
   6.4008026e+05
   6.4042342e+05
   6.4079521e+05
   6.4126140e+05
   6.4180906e+05
   6.4232480e+05
   6.4269013e+05
   6.4309744e+05
   6.4365234e+05
   6.4397202e+05
   6.4473209e+05
   6.4522427e+05
   6.4575196e+05
   6.4612209e+05
   6.4660004e+05
   6.4702288e+05
   6.4746781e+05
   6.4790974e+05
   6.4834999e+05
   6.4876630e+05
   6.4935872e+05
   6.4970352e+05
   6.5008363e+05
   6.5051285e+05
   6.5095583e+05
   6.5157482e+05
   6.5234537e+05
   6.5270921e+05
   6.5307334e+05
   6.5425273e+05
   6.5546880e+05
   6.5591655e+05
   6.5631864e+05
   6.5660608e+05
   6.5738275e+05
   6.5784182e+05
   6.5825238e+05
   6.5873447e+05
   6.5907450e+05
   6.5950810e+05
   6.6020287e+05
   6.6082957e+05
   6.6162395e+05
   6.6239427e+05
   6.6286255e+05
   6.6349969e+05
   6.6380942e+05
   6.6415828e+05
   6.6459449e+05
   6.6491292e+05
   6.6541483e+05
   6.6586247e+05
   6.6619473e+05
   6.6661738e+05
   6.6707968e+05
   6.6756890e+05
   6.6796621e+05
   6.6848924e+05
   6.6919247e+05
   6.6970883e+05
   6.7042088e+05
   6.7081958e+05
   6.7135110e+05
   6.7185191e+05
   6.7227924e+05
   6.7285561e+05
   6.7350278e+05
   6.7457584e+05
   6.7507449e+05
   6.7547008e+05
   6.7592755e+05
   6.7640985e+05
   6.7673195e+05
   6.7705489e+05
   6.7757543e+05
   6.7804575e+05
   6.7860975e+05
   6.7972112e+05
   6.8015056e+05
   6.8050749e+05
   6.8081239e+05
   6.8123146e+05
   6.8217380e+05
   6.8256427e+05
   6.8297992e+05
   6.8354354e+05
   6.8396660e+05
   6.8449510e+05
   6.8490214e+05
   6.8608013e+05
   6.8650171e+05
   6.8688680e+05
   6.8736566e+05
   6.8768346e+05
   6.8856496e+05
   6.8903040e+05
   6.8934276e+05
   6.8994959e+05
   6.9043062e+05
   6.9081642e+05
   6.9116516e+05
   6.9169711e+05
   6.9231475e+05
   6.9293234e+05
   6.9368604e+05
   6.9412237e+05
   6.9453830e+05
   6.9518757e+05
   6.9555911e+05
   6.9590131e+05
   6.9682020e+05
   6.9729077e+05
   6.9781013e+05
   6.9823239e+05
   6.9853613e+05
   6.9897597e+05
   6.9947100e+05
   6.9990184e+05
   7.0030493e+05
   7.0064130e+05
   7.0110828e+05
   7.0151471e+05
   7.0181807e+05
   7.0216124e+05
   7.0269931e+05
   7.0317089e+05
   7.0370849e+05
   7.0447622e+05
   7.0505648e+05
   7.0553430e+05
   7.0595666e+05
   7.0630157e+05
   7.0670721e+05
   7.0703255e+05
   7.0772540e+05
   7.0826170e+05
   7.0879393e+05
   7.0944568e+05
   7.0985839e+05
   7.1023367e+05
   7.1061201e+05
   7.1104261e+05
   7.1155004e+05
   7.1196546e+05
   7.1246226e+05
   7.1315862e+05
   7.1379584e+05
   7.1430844e+05
   7.1473932e+05
   7.1524377e+05
   7.1560821e+05
   7.1605736e+05
   7.1643526e+05
   7.1680997e+05
   7.1748159e+05
   7.1784239e+05
   7.1823375e+05
   7.1892310e+05
   7.1936746e+05
   7.1982132e+05
   7.2032345e+05
   7.2083230e+05
   7.2175697e+05
   7.2280574e+05
   7.2343560e+05
   7.2430991e+05
   7.2475981e+05
   7.2541232e+05
   7.2614542e+05
   7.2661073e+05
   7.2732080e+05
   7.2789890e+05
   7.3002354e+05
   7.3072420e+05
   7.3280198e+05
   7.3360437e+05
   7.3497547e+05
   7.3576929e+05
   7.3663061e+05
   7.3763179e+05
   7.3818508e+05
   7.3885667e+05
   7.3928052e+05
   7.3992077e+05
   7.4089302e+05
   7.4185397e+05
   7.4215574e+05
   7.4262987e+05
   7.4334706e+05
   7.4383967e+05
   7.4455551e+05
   7.4516531e+05
   7.4586394e+05
   7.4637902e+05
   7.4734210e+05
   7.4858756e+05
   7.4916990e+05
   7.4990301e+05
   7.5051936e+05
   7.5108361e+05
   7.5164084e+05
   7.5236844e+05
   7.5269930e+05
   7.5382310e+05
   7.5595766e+05
   7.5639286e+05
   7.5680249e+05
   7.5793882e+05
   7.6037485e+05
   7.6075902e+05
   7.6118411e+05
   7.6146348e+05
   7.6182469e+05
   7.6219155e+05
   7.6271858e+05
   7.6312975e+05
   7.6345728e+05
   7.6389954e+05
   7.6428518e+05
   7.6468376e+05
   7.6522493e+05
   7.6571372e+05
   7.6643746e+05
   7.6671732e+05
   7.6766529e+05
   7.6824037e+05
   7.6880805e+05
   7.6941788e+05
   7.7011780e+05
   7.7048357e+05
   7.7153055e+05
   7.7215816e+05
   7.7260705e+05
   7.7293632e+05
   7.7336028e+05
   7.7380690e+05
   7.7449935e+05
   7.7517936e+05
   7.7595884e+05
   7.7656634e+05
   7.7736136e+05
   7.7772704e+05
   7.7832807e+05
   7.7871133e+05
   7.7985520e+05
   8.2038823e+05
   8.2084545e+05
   8.2123925e+05
   8.2156131e+05
   8.2222658e+05
   8.2253161e+05
   8.2303171e+05
   8.2346902e+05
   8.2378467e+05
   8.2412860e+05
   8.2448844e+05
   8.2490482e+05
   8.2528219e+05
   8.2559266e+05
   8.2594575e+05
   8.2632286e+05
   8.2666842e+05
   8.2755256e+05
   8.2790890e+05
   8.2844606e+05
   8.2929522e+05
   8.3063608e+05
   8.3113026e+05
   8.3241487e+05
   8.3334710e+05
   8.3381817e+05
   8.3447243e+05
   8.3501822e+05
   8.3584554e+05
   8.3637063e+05
   8.3706610e+05
   8.3767219e+05
   8.3826583e+05
   8.3866864e+05
   8.3914836e+05
   8.3964535e+05
   8.8032394e+05
   8.8065703e+05
   8.8116740e+05
   8.8162220e+05
   8.8194165e+05
   8.8223451e+05
   8.8266034e+05
   8.8301320e+05
   8.8337940e+05
   8.8369093e+05
   8.8404030e+05
   8.8429703e+05
   8.8479154e+05
   8.8526772e+05
   8.8560276e+05
   8.8598173e+05
   8.8622143e+05
   8.8661128e+05
   8.8745441e+05
   8.8792606e+05
   8.8832962e+05
   8.8874233e+05
   8.8949843e+05
   8.9006707e+05
   8.9040774e+05
   8.9092930e+05
   8.9139557e+05
   8.9179116e+05
   8.9227954e+05
   8.9284038e+05
   8.9324499e+05
   8.9448810e+05
   8.9511495e+05
   8.9547923e+05
   8.9602090e+05
   8.9660013e+05
   8.9734981e+05
   8.9856233e+05
   8.9894619e+05
   8.9966533e+05
   9.4030129e+05
   9.4087456e+05
   9.4122127e+05
   9.4161917e+05
   9.4208380e+05
   9.4256075e+05
   9.4281798e+05
   9.4310742e+05
   9.4343414e+05
   9.4377325e+05
   9.4408985e+05
   9.4436205e+05
   9.4479240e+05
   9.4531310e+05
   9.4555403e+05
   9.4585103e+05
   9.4627189e+05
   9.4658559e+05
   9.4691083e+05
   9.4763713e+05
   9.4798195e+05
   9.4848305e+05
   9.4917384e+05
   9.4978559e+05
   9.5020354e+05
   9.5080749e+05
   9.5121583e+05
   9.5158548e+05
   9.5200303e+05
   9.5258128e+05
   9.5450148e+05
   9.5497839e+05
   9.5560355e+05
   9.5625591e+05
   9.5686110e+05
   9.5738052e+05
   9.5837235e+05
   9.5923213e+05
   9.5963801e+05
   1.0002616e+06
   1.0007356e+06
   1.0012571e+06
   1.0014988e+06
   1.0017720e+06
   1.0021958e+06
   1.0025685e+06
   1.0029413e+06
   1.0033497e+06
   1.0036414e+06
   1.0042231e+06
   1.0046670e+06
   1.0049885e+06
   1.0053470e+06
   1.0056239e+06
   1.0059522e+06
   1.0062690e+06
   1.0066771e+06
   1.0073874e+06
   1.0077071e+06
   1.0082816e+06
   1.0086236e+06
   1.0094525e+06
   1.0098144e+06
   1.0102824e+06
   1.0107534e+06
   1.0111861e+06
   1.0120418e+06
   1.0124391e+06
   1.0128044e+06
   1.0132599e+06
   1.0136692e+06
   1.0149193e+06
   1.0152678e+06
   1.0159408e+06
   1.0165994e+06
   1.0188279e+06
   1.0604330e+06
   1.0608295e+06
   1.0612573e+06
   1.0615985e+06
   1.0620202e+06
   1.0624655e+06
   1.0629172e+06
   1.0632442e+06
   1.0635738e+06
   1.0638380e+06
   1.0646743e+06
   1.0650492e+06
   1.0656205e+06
   1.0660472e+06
   1.0666753e+06
   1.0669820e+06
   1.0675789e+06
   1.0681963e+06
   1.0688961e+06
   1.0693238e+06
   1.0696817e+06
   1.0704145e+06
   1.0709955e+06
   1.0714367e+06
   1.0724858e+06
   1.0729066e+06
   1.0735246e+06
   1.0746610e+06
   1.0752608e+06
   1.0758652e+06
   1.0764568e+06
   1.0767836e+06
   1.0771975e+06
   1.0782956e+06
   1.0788025e+06
   1.0793722e+06
   1.0796771e+06
   1.1204708e+06
   1.1208177e+06
   1.1211480e+06
   1.1215621e+06
   1.1219719e+06
   1.1227116e+06
   1.1230436e+06
   1.1232942e+06
   1.1235216e+06
   1.1238880e+06
   1.1243164e+06
   1.1245785e+06
   1.1251268e+06
   1.1254467e+06
   1.1263260e+06
   1.1267363e+06
   1.1274204e+06
   1.1288868e+06
   1.1295200e+06
   1.1298983e+06
   1.1303367e+06
   1.1307184e+06
   1.1315793e+06
   1.1320205e+06
   1.1324496e+06
   1.1329207e+06
   1.1332225e+06
   1.1347525e+06
   1.1355990e+06
   1.1361626e+06
   1.1365366e+06
   1.1369815e+06
   1.1379834e+06
   1.1384136e+06
   1.1390682e+06
   1.1395113e+06
   1.1803613e+06
   1.1808796e+06
   1.1812003e+06
   1.1815381e+06
   1.1818670e+06
   1.1822515e+06
   1.1826060e+06
   1.1829978e+06
   1.1834308e+06
   1.1837231e+06
   1.1840802e+06
   1.1843722e+06
   1.1847158e+06
   1.1851986e+06
   1.1855620e+06
   1.1859889e+06
   1.1862985e+06
   1.1866453e+06
   1.1874260e+06
   1.1894911e+06
   1.1900091e+06
   1.1904152e+06
   1.1913041e+06
   1.1917496e+06
   1.1923228e+06
   1.1927014e+06
   1.1933658e+06
   1.1937794e+06
   1.1946163e+06
   1.1951646e+06
   1.1957253e+06
   1.1961991e+06
   1.1966498e+06
   1.1971711e+06
   1.1978597e+06
   1.1984388e+06
   1.1989094e+06
   1.1996483e+06
   1.2403941e+06
   1.2409331e+06
   1.2414217e+06
   1.2418004e+06
   1.2423122e+06
   1.2426730e+06
   1.2432173e+06
   1.2435254e+06
   1.2438697e+06
   1.2443675e+06
   1.2448488e+06
   1.2452594e+06
   1.2456765e+06
   1.2460010e+06
   1.2464126e+06
   1.2467185e+06
   1.2475199e+06
   1.2479672e+06
   1.2486813e+06
   1.2489857e+06
   1.2494880e+06
   1.2500116e+06
   1.2505481e+06
   1.2509221e+06
   1.2513155e+06
   1.2525568e+06
   1.2529613e+06
   1.2533664e+06
   1.2539202e+06
   1.2545641e+06
   1.2552446e+06
   1.2556923e+06
   1.2563712e+06
   1.2578620e+06
   1.2583379e+06
   1.2587636e+06
   1.2591408e+06
   1.2598097e+06
   1.3005691e+06
   1.3009251e+06
   1.3013603e+06
   1.3017800e+06
   1.3021592e+06
   1.3026936e+06
   1.3031244e+06
   1.3035007e+06
   1.3038883e+06
   1.3042776e+06
   1.3046149e+06
   1.3049463e+06
   1.3052755e+06
   1.3056626e+06
   1.3063132e+06
   1.3066833e+06
   1.3075887e+06
   1.3079468e+06
   1.3085134e+06
   1.3092276e+06
   1.3100526e+06
   1.3104968e+06
   1.3110991e+06
   1.3114537e+06
   1.3118834e+06
   1.3130826e+06
   1.3135564e+06
   1.3145141e+06
   1.3149861e+06
   1.3154217e+06
   1.3159295e+06
   1.3164896e+06
   1.3169409e+06
   1.3175772e+06
   1.3179006e+06
   1.3187052e+06
   1.3191632e+06
   1.3194862e+06
   1.3603627e+06
   1.3607735e+06
   1.3613902e+06
   1.3618360e+06
   1.3621817e+06
   1.3627750e+06
   1.3633246e+06
   1.3637208e+06
   1.3640849e+06
   1.3646343e+06
   1.3655319e+06
   1.3662103e+06
   1.3667479e+06
   1.3673709e+06
   1.3677945e+06
   1.3689333e+06
   1.3698009e+06
   1.3705434e+06
   1.3710680e+06
   1.3715512e+06
   1.3724471e+06
   1.3734741e+06
   1.3743645e+06
   1.3749248e+06
   1.3755127e+06
   1.3759592e+06
   1.3764586e+06
   1.3773776e+06
   1.3778554e+06
   1.3781987e+06
   1.3786386e+06
   1.3793987e+06
   1.4205625e+06
   1.4211986e+06
   1.4216620e+06
   1.4220456e+06
   1.4225353e+06
   1.4230469e+06
   1.4234860e+06
   1.4239076e+06
   1.4241835e+06
   1.4245028e+06
   1.4248338e+06
   1.4252547e+06
   1.4256230e+06
   1.4266450e+06
   1.4277374e+06
   1.4282545e+06
   1.4302008e+06
   1.4307079e+06
   1.4311775e+06
   1.4317560e+06
   1.4327118e+06
   1.4333400e+06
   1.4336748e+06
   1.4349471e+06
   1.4354429e+06
   1.4362753e+06
   1.4370890e+06
   1.4377677e+06
   1.4383520e+06
   1.4388237e+06
   1.4396611e+06
   1.4803734e+06
   1.4811486e+06
   1.4815028e+06
   1.4818674e+06
   1.4821947e+06
   1.4825767e+06
   1.4832163e+06
   1.4835499e+06
   1.4840982e+06
   1.4845933e+06
   1.4849333e+06
   1.4852678e+06
   1.4858166e+06
   1.4863607e+06
   1.4868967e+06
   1.4875019e+06
   1.4881495e+06
   1.4887684e+06
   1.4891509e+06
   1.4895400e+06
   1.4898497e+06
   1.4902345e+06
   1.4909474e+06
   1.4913754e+06
   1.4917575e+06
   1.4922192e+06
   1.4929623e+06
   1.4933196e+06
   1.4938356e+06
   1.4946474e+06
   1.4952449e+06
   1.4956341e+06
   1.4964226e+06
   1.4970592e+06
   1.4975229e+06
   1.4983074e+06
   1.4989436e+06
   1.4995683e+06
   1.5404841e+06
   1.5412311e+06
   1.5418723e+06
   1.5424235e+06
   1.5431197e+06
   1.5435029e+06
   1.5438975e+06
   1.5441827e+06
   1.5447137e+06
   1.5453375e+06
   1.5459561e+06
   1.5464106e+06
   1.5467528e+06
   1.5473864e+06
   1.5478623e+06
   1.5483661e+06
   1.5490800e+06
   1.5494595e+06
   1.5499477e+06
   1.5507520e+06
   1.5513688e+06
   1.5524110e+06
   1.5531361e+06
   1.5546780e+06
   1.5555978e+06
   1.5561860e+06
   1.5566385e+06
   1.5579204e+06
   1.5586766e+06
   1.5593362e+06
   1.5598252e+06
   1.6020634e+06
   1.6025293e+06
   1.6028369e+06
   1.6032604e+06
   1.6038783e+06
   1.6046614e+06
   1.6053187e+06
   1.6057916e+06
   1.6061694e+06
   1.6067718e+06
   1.6080595e+06
   1.6084696e+06
   1.6090807e+06
   1.6100848e+06
   1.6105973e+06
   1.6110700e+06
   1.6116739e+06
   1.6120663e+06
   1.6126130e+06
   1.6130655e+06
   1.6136056e+06
   1.6147318e+06
   1.6151450e+06
   1.6155983e+06
   1.6166310e+06
   1.6174585e+06
   1.6177810e+06
   1.6183520e+06
   1.6186652e+06
   1.6198364e+06
   1.6603954e+06
   1.6610114e+06
   1.6613951e+06
   1.6619015e+06
   1.6623655e+06
   1.6629427e+06
   1.6636608e+06
   1.6640792e+06
   1.6644438e+06
   1.6650159e+06
   1.6656327e+06
   1.6660802e+06
   1.6666493e+06
   1.6675084e+06
   1.6679926e+06
   1.6683680e+06
   1.6687285e+06
   1.6693552e+06
   1.6697436e+06
   1.6702960e+06
   1.6709114e+06
   1.6715644e+06
   1.6719884e+06
   1.6723484e+06
   1.6729503e+06
   1.6735510e+06
   1.6745399e+06
   1.6750944e+06
   1.6756835e+06
   1.6762329e+06
   1.6768564e+06
   1.6775280e+06
   1.6780394e+06
   1.6785925e+06
   1.6792505e+06
   1.6796493e+06
   1.7207422e+06
   1.7212204e+06
   1.7219607e+06
   1.7224446e+06
   1.7229715e+06
   1.7237101e+06
   1.7245839e+06
   1.7250992e+06
   1.7257945e+06
   1.7264309e+06
   1.7276121e+06
   1.7282711e+06
   1.7302464e+06
   1.7305552e+06
   1.7312625e+06
   1.7322869e+06
   1.7328205e+06
   1.7334656e+06
   1.7343861e+06
   1.7354088e+06
   1.7358085e+06
   1.7361804e+06
   1.7366066e+06
   1.7372026e+06
   1.7378919e+06
   1.7393862e+06
   1.7399480e+06
   1.7805551e+06
   1.7810414e+06
   1.7815467e+06
   1.7827889e+06
   1.7839160e+06
   1.7863409e+06
   1.7881437e+06
   1.7884667e+06
   1.7889780e+06
   1.7895938e+06
   1.7901321e+06
   1.7909011e+06
   1.7911757e+06
   1.7917048e+06
   1.7922991e+06
   1.7952871e+06
   1.7956940e+06
   1.7961693e+06
   1.7966020e+06
   1.7969951e+06
   1.7973819e+06
   1.7978772e+06
   1.7982600e+06
   1.7988003e+06
   1.7994006e+06
   1.7999748e+06
   1.8404998e+06
   1.8410972e+06
   1.8415607e+06
   1.8422065e+06
   1.8427006e+06
   1.8430803e+06
   1.8438985e+06
   1.8443297e+06
   1.8449467e+06
   1.8454332e+06
   1.8467695e+06
   1.8475462e+06
   1.8481773e+06
   1.8490955e+06
   1.8494870e+06
   1.8498781e+06
   1.8512498e+06
   1.8517368e+06
   1.8527515e+06
   1.8532662e+06
   1.8537491e+06
   1.8548283e+06
   1.8554384e+06
   1.8559323e+06
   1.8564391e+06
   1.8575904e+06
   1.8580753e+06
   1.8588200e+06
   1.8592132e+06
   1.8595274e+06
   1.8599514e+06
   1.9005054e+06
   1.9013012e+06
   1.9019839e+06
   1.9024430e+06
   1.9028090e+06
   1.9034612e+06
   1.9037810e+06
   1.9044308e+06
   1.9051773e+06
   1.9058278e+06
   1.9062998e+06
   1.9074586e+06
   1.9080628e+06
   1.9086217e+06
   1.9098865e+06
   1.9113422e+06
   1.9125260e+06
   1.9130012e+06
   1.9133693e+06
   1.9139044e+06
   1.9146027e+06
   1.9156531e+06
   1.9162275e+06
   1.9170436e+06
   1.9175869e+06
   1.9183298e+06
   1.9187442e+06
   1.9191599e+06
   1.9197469e+06
   6.0759577e+04
   6.1111593e+04
   6.1560399e+04
   6.1961995e+04
   6.2878720e+04
   6.3403245e+04
   6.3830686e+04
   6.4147904e+04
   6.4631333e+04
   6.5033719e+04
   6.5831621e+04
   6.6195555e+04
   6.6746264e+04
   6.7334725e+04
   6.7852450e+04
   6.8306026e+04
   6.9061452e+04
   6.9511331e+04
   6.9827843e+04
   7.0461956e+04
   7.0878129e+04
   7.1464730e+04
   7.2062532e+04
   7.2436110e+04
   7.2870713e+04
   7.3519901e+04
   7.4055395e+04
   7.4330542e+04
   7.5282775e+04
   7.5772072e+04
   7.6416811e+04
   7.6873053e+04
   7.7278393e+04
   7.7921894e+04
   7.8501763e+04
   7.9786177e+04
   8.0419293e+04
   8.1094346e+04
   8.2642713e+04
   8.2932057e+04
   8.3345294e+04
   8.4043852e+04
   8.4397473e+04
   8.4874544e+04
   8.5519019e+04
   8.5998507e+04
   8.6451616e+04
   8.6884043e+04
   8.7377818e+04
   8.8594728e+04
   8.8974798e+04
   8.9671443e+04
   9.0202117e+04
   9.0727359e+04
   9.1030379e+04
   9.1504883e+04
   9.1908320e+04
   9.2379803e+04
   9.2834694e+04
   9.3109680e+04
   9.3571995e+04
   9.4248705e+04
   9.4703800e+04
   9.5380993e+04
   9.5675547e+04
   9.6129498e+04
   9.6905219e+04
   9.7243407e+04
   9.8073812e+04
   9.8657465e+04
   9.9009042e+04
   9.9717337e+04
   1.2097719e+05
   1.2132745e+05
   1.2181441e+05
   1.2219384e+05
   1.2267938e+05
   1.2347312e+05
   1.2392997e+05
   1.2437740e+05
   1.2473371e+05
   1.2511611e+05
   1.2546897e+05
   1.2592836e+05
   1.2631602e+05
   1.2697118e+05
   1.2748653e+05
   1.2817491e+05
   1.2866401e+05
   1.2910396e+05
   1.2951406e+05
   1.2987603e+05
   1.3042275e+05
   1.3079508e+05
   1.3126536e+05
   1.3161378e+05
   1.3213931e+05
   1.3253703e+05
   1.3300322e+05
   1.3358418e+05
   1.3405004e+05
   1.3457206e+05
   1.3499962e+05
   1.3570619e+05
   1.3628532e+05
   1.3676321e+05
   1.3718698e+05
   1.3769041e+05
   1.3818415e+05
   1.3858832e+05
   1.3902198e+05
   1.3966477e+05
   1.4018404e+05
   1.4073473e+05
   1.4149423e+05
   1.4189979e+05
   1.4237954e+05
   1.4284917e+05
   1.4327978e+05
   1.4360708e+05
   1.4425428e+05
   1.4470283e+05
   1.4513707e+05
   1.4556591e+05
   1.4614669e+05
   1.4649137e+05
   1.4678338e+05
   1.4704031e+05
   1.4744673e+05
   1.4775878e+05
   1.4818412e+05
   1.4873797e+05
   1.4915605e+05
   1.4971909e+05
   1.5028751e+05
   1.5071596e+05
   1.5107358e+05
   1.5139536e+05
   1.5177377e+05
   1.5229592e+05
   1.5261507e+05
   1.5328224e+05
   1.5371322e+05
   1.5430618e+05
   1.5482209e+05
   1.5521292e+05
   1.5581371e+05
   1.5608849e+05
   1.5654206e+05
   1.5718408e+05
   1.5811555e+05
   1.5840844e+05
   1.5922238e+05
   1.5969121e+05
   1.8040954e+05
   1.8080254e+05
   1.8118078e+05
   1.8163536e+05
   1.8219997e+05
   1.8296374e+05
   1.8369763e+05
   1.8412681e+05
   1.8444461e+05
   1.8490353e+05
   1.8527882e+05
   1.8601394e+05
   1.8638077e+05
   1.8730238e+05
   1.8792270e+05
   1.8820907e+05
   1.8865304e+05
   1.8961845e+05
   1.9002211e+05
   1.9045690e+05
   1.9078607e+05
   1.9126262e+05
   1.9178253e+05
   1.9233499e+05
   1.9279912e+05
   1.9319402e+05
   1.9348770e+05
   1.9412113e+05
   1.9448702e+05
   1.9492267e+05
   1.9557455e+05
   1.9608493e+05
   1.9655725e+05
   1.9698280e+05
   1.9785652e+05
   1.9830329e+05
   1.9878912e+05
   1.9933260e+05
   1.9973085e+05
   2.0038805e+05
   2.0087394e+05
   2.0129096e+05
   2.0162321e+05
   2.0222444e+05
   2.0280086e+05
   2.0327642e+05
   2.0360111e+05
   2.0406036e+05
   2.0449158e+05
   2.0485220e+05
   2.0549448e+05
   2.0586474e+05
   2.0652378e+05
   2.0690431e+05
   2.0737683e+05
   2.0806134e+05
   2.0844910e+05
   2.0880310e+05
   2.0924923e+05
   2.0965659e+05
   2.1016658e+05
   2.1063639e+05
   2.1097490e+05
   2.1154677e+05
   2.1200372e+05
   2.1245596e+05
   2.1279368e+05
   2.1346032e+05
   2.1436620e+05
   2.1464635e+05
   2.1541343e+05
   2.1584054e+05
   2.1633911e+05
   2.1664934e+05
   2.1725125e+05
   2.1820741e+05
   2.1881777e+05
   2.1918815e+05
   2.1963944e+05
   2.1994858e+05
   2.4036373e+05
   2.4073986e+05
   2.4130899e+05
   2.4173496e+05
   2.4222489e+05
   2.4261469e+05
   2.4294149e+05
   2.4374344e+05
   2.4417707e+05
   2.4489885e+05
   2.4538602e+05
   2.4603666e+05
   2.4658977e+05
   2.4742475e+05
   2.4788759e+05
   2.4831731e+05
   2.4867481e+05
   2.4929036e+05
   2.4963926e+05
   2.5008000e+05
   2.5060617e+05
   2.5101403e+05
   2.5131988e+05
   2.5167687e+05
   2.5201045e+05
   2.5244928e+05
   2.5290723e+05
   2.5335751e+05
   2.5497583e+05
   2.5533178e+05
   2.5570485e+05
   2.5611577e+05
   2.5651150e+05
   2.5694607e+05
   2.5733385e+05
   2.5770296e+05
   2.5874156e+05
   2.5908853e+05
   2.5954882e+05
   2.5996930e+05
   2.6035524e+05
   2.6077368e+05
   2.6152523e+05
   2.6204895e+05
   2.6242776e+05
   2.6291749e+05
   2.6326330e+05
   2.6382747e+05
   2.6424232e+05
   2.6486390e+05
   2.6526628e+05
   2.6582413e+05
   2.6626410e+05
   2.6678350e+05
   2.6716060e+05
   2.6792455e+05
   2.6836718e+05
   2.6867817e+05
   2.6946798e+05
   2.7020478e+05
   2.7067206e+05
   2.7100939e+05
   2.7132345e+05
   2.7169844e+05
   2.7244740e+05
   2.7284524e+05
   2.7321008e+05
   2.7355017e+05
   2.7393569e+05
   2.7427894e+05
   2.7462555e+05
   2.7528739e+05
   2.7575663e+05
   2.7622234e+05
   2.7666069e+05
   2.7717769e+05
   2.7800701e+05
   2.7848165e+05
   2.7898860e+05
   2.7982811e+05
   3.0040165e+05
   3.0078545e+05
   3.0123924e+05
   3.0189585e+05
   3.0222704e+05
   3.0298772e+05
   3.0342413e+05
   3.0385000e+05
   3.0432942e+05
   3.0484733e+05
   3.0520585e+05
   3.0558941e+05
   3.0671475e+05
   3.0700338e+05
   3.0731154e+05
   3.0778652e+05
   3.0818199e+05
   3.0863001e+05
   3.0946956e+05
   3.0977108e+05
   3.1072447e+05
   3.1125660e+05
   3.1189122e+05
   3.1254290e+05
   3.1284264e+05
   3.1324571e+05
   3.1378057e+05
   3.1421168e+05
   3.1457370e+05
   3.1497902e+05
   3.1554660e+05
   3.1606822e+05
   3.1637914e+05
   3.1675709e+05
   3.1701387e+05
   3.1741255e+05
   3.1802493e+05
   3.1835601e+05
   3.1916101e+05
   3.1951942e+05
   3.1984238e+05
   3.2029777e+05
   3.2064723e+05
   3.2102999e+05
   3.2198790e+05
   3.2243301e+05
   3.2285113e+05
   3.2316646e+05
   3.2367669e+05
   3.2416845e+05
   3.2466416e+05
   3.2519118e+05
   3.2575827e+05
   3.2629688e+05
   3.2714286e+05
   3.2811542e+05
   3.2848891e+05
   3.2920568e+05
   3.2958309e+05
   3.2979999e+05
   3.3046632e+05
   3.3098601e+05
   3.3135968e+05
   3.3172303e+05
   3.3229870e+05
   3.3313271e+05
   3.3347365e+05
   3.3381201e+05
   3.3420964e+05
   3.3458864e+05
   3.3497085e+05
   3.3557990e+05
   3.3614822e+05
   3.3642755e+05
   3.3686323e+05
   3.3726950e+05
   3.3763625e+05
   3.3829670e+05
   3.3882623e+05
   3.3991769e+05
   3.6036883e+05
   3.6084705e+05
   3.6118692e+05
   3.6166336e+05
   3.6212905e+05
   3.6242803e+05
   3.6281491e+05
   3.6315055e+05
   3.6347635e+05
   3.6395602e+05
   3.6439494e+05
   3.6479065e+05
   3.6521641e+05
   3.6595066e+05
   3.6667272e+05
   3.6711481e+05
   3.6788007e+05
   3.6835212e+05
   3.6886075e+05
   3.6932385e+05
   3.6978889e+05
   3.7025339e+05
   3.7076010e+05
   3.7136652e+05
   3.7170627e+05
   3.7222160e+05
   3.7271112e+05
   3.7307398e+05
   3.7380463e+05
   3.7437725e+05
   3.7473920e+05
   3.7507749e+05
   3.7602940e+05
   3.7639399e+05
   3.7686582e+05
   3.7734386e+05
   3.7779794e+05
   3.7813011e+05
   3.7855557e+05
   3.7894833e+05
   3.7927498e+05
   3.7977542e+05
   3.8008750e+05
   3.8064386e+05
   3.8320496e+05
   3.8365358e+05
   3.8407114e+05
   3.8459496e+05
   3.8663167e+05
   3.8692850e+05
   3.8730509e+05
   3.8786064e+05
   3.8847341e+05
   3.8877522e+05
   3.8922193e+05
   3.9002116e+05
   3.9049644e+05
   3.9110809e+05
   3.9165241e+05
   3.9206037e+05
   3.9243591e+05
   3.9305132e+05
   3.9363954e+05
   3.9416364e+05
   3.9491020e+05
   3.9548953e+05
   3.9598994e+05
   3.9639411e+05
   3.9706352e+05
   3.9741418e+05
   3.9778921e+05
   3.9824136e+05
   3.9863139e+05
   3.9907738e+05
   3.9952594e+05
   4.2042860e+05
   4.2104132e+05
   4.2145401e+05
   4.2209662e+05
   4.2268820e+05
   4.2322055e+05
   4.2385307e+05
   4.2429214e+05
   4.2573561e+05
   4.2606764e+05
   4.2655751e+05
   4.2699040e+05
   4.2754705e+05
   4.2802071e+05
   4.2837159e+05
   4.2879433e+05
   4.2918661e+05
   4.2961278e+05
   4.3000754e+05
   4.3082191e+05
   4.3127570e+05
   4.3184193e+05
   4.3232614e+05
   4.3271378e+05
   4.3322619e+05
   4.3366265e+05
   4.3407018e+05
   4.3453376e+05
   4.3506219e+05
   4.3553888e+05
   4.3604432e+05
   4.3666648e+05
   4.3723272e+05
   4.3775218e+05
   4.3808690e+05
   4.3854979e+05
   4.3917293e+05
   4.3962746e+05
   4.4016038e+05
   4.4052408e+05
   4.4116725e+05
   4.4161811e+05
   4.4209989e+05
   4.4251705e+05
   4.4292098e+05
   4.4331354e+05
   4.4366308e+05
   4.4407146e+05
   4.4481917e+05
   4.4523457e+05
   4.4561777e+05
   4.4630721e+05
   4.4679096e+05
   4.4736069e+05
   4.4783555e+05
   4.4814230e+05
   4.4845965e+05
   4.4891005e+05
   4.4938591e+05
   4.4993095e+05
   4.5028371e+05
   4.5094611e+05
   4.5137499e+05
   4.5168385e+05
   4.5217210e+05
   4.5269456e+05
   4.5307756e+05
   4.5361227e+05
   4.5403870e+05
   4.5450247e+05
   4.5499280e+05
   4.5537871e+05
   4.5598147e+05
   4.5631919e+05
   4.5672483e+05
   4.5736980e+05
   4.5796380e+05
   4.5848201e+05
   4.5889770e+05
   4.5923697e+05
   4.5955968e+05
   4.5994585e+05
   4.8073330e+05
   4.8112736e+05
   4.8151739e+05
   4.8240081e+05
   4.8290311e+05
   4.8331779e+05
   4.8376261e+05
   4.8420313e+05
   4.8485037e+05
   4.8562662e+05
   4.8606448e+05
   4.8653952e+05
   4.8693179e+05
   4.8728067e+05
   4.8776487e+05
   4.8837195e+05
   4.8871673e+05
   4.8905564e+05
   4.8953731e+05
   4.8995664e+05
   4.9037559e+05
   4.9078190e+05
   4.9157728e+05
   4.9193833e+05
   4.9244577e+05
   4.9281644e+05
   4.9338735e+05
   4.9376306e+05
   4.9422320e+05
   4.9470051e+05
   4.9510254e+05
   4.9558259e+05
   4.9610832e+05
   4.9645354e+05
   4.9692180e+05
   4.9731204e+05
   4.9766038e+05
   4.9802850e+05
   4.9855992e+05
   4.9891894e+05
   4.9926584e+05
   4.9993955e+05
   5.0111934e+05
   5.0145968e+05
   5.0201026e+05
   5.0228420e+05
   5.0287324e+05
   5.0334142e+05
   5.0366587e+05
   5.0417403e+05
   5.0489005e+05
   5.0542326e+05
   5.0597149e+05
   5.0636848e+05
   5.0683421e+05
   5.0714540e+05
   5.0762823e+05
   5.0803766e+05
   5.0870019e+05
   5.0912169e+05
   5.0956098e+05
   5.1009722e+05
   5.1064033e+05
   5.1099538e+05
   5.1165821e+05
   5.1217603e+05
   5.1265241e+05
   5.1302139e+05
   5.1340434e+05
   5.1388714e+05
   5.1424218e+05
   5.1466370e+05
   5.1514356e+05
   5.1561145e+05
   5.1626446e+05
   5.1680541e+05
   5.1727820e+05
   5.1766049e+05
   5.1814343e+05
   5.1859015e+05
   5.1923647e+05
   5.1958243e+05
   5.4040221e+05
   5.4104814e+05
   5.4193748e+05
   5.4230023e+05
   5.4265854e+05
   5.4307003e+05
   5.4355315e+05
   5.4388257e+05
   5.4467574e+05
   5.4509917e+05
   5.4597077e+05
   5.4642020e+05
   5.4686046e+05
   5.4743612e+05
   5.4820875e+05
   5.4875092e+05
   5.4916380e+05
   5.4999372e+05
   5.5050478e+05
   5.5096382e+05
   5.5156423e+05
   5.5205907e+05
   5.5234539e+05
   5.5264412e+05
   5.5296729e+05
   5.5363199e+05
   5.5405025e+05
   5.5475749e+05
   5.5527672e+05
   5.5569589e+05
   5.5626897e+05
   5.5673295e+05
   5.5723980e+05
   5.5787055e+05
   5.5868318e+05
   5.5928155e+05
   5.5974112e+05
   5.6021715e+05
   5.6050604e+05
   5.6103414e+05
   5.6171270e+05
   5.6264026e+05
   5.6323191e+05
   5.6365070e+05
   5.6437392e+05
   5.6484410e+05
   5.6513345e+05
   5.6562608e+05
   5.6612343e+05
   5.6655586e+05
   5.6707413e+05
   5.6739683e+05
   5.6823360e+05
   5.6868029e+05
   5.7021699e+05
   5.7051767e+05
   5.7089667e+05
   5.7145515e+05
   5.7195527e+05
   5.7236433e+05
   5.7272226e+05
   5.7338416e+05
   5.7384637e+05
   5.7420067e+05
   5.7463952e+05
   5.7495007e+05
   5.7578452e+05
   5.7625808e+05
   5.7671908e+05
   5.7707922e+05
   5.7735358e+05
   5.7809603e+05
   5.7856286e+05
   5.7908941e+05
   5.7958211e+05
   5.7992304e+05
   7.8054302e+05
   7.8118622e+05
   7.8208336e+05
   7.8248583e+05
   7.8295485e+05
   7.8362386e+05
   7.8415605e+05
   7.8567362e+05
   7.8645257e+05
   7.8757662e+05
   7.8819262e+05
   7.8858947e+05
   7.8993680e+05
   7.9030681e+05
   7.9068554e+05
   7.9114590e+05
   7.9230050e+05
   7.9290967e+05
   7.9361467e+05
   7.9426996e+05
   7.9490019e+05
   7.9598728e+05
   7.9705480e+05
   7.9826176e+05
   7.9886764e+05
   7.9945141e+05
   7.9988783e+05
   8.0037808e+05
   8.0087819e+05
   8.0161119e+05
   8.0233331e+05
   8.0296629e+05
   8.0350513e+05
   8.0389155e+05
   8.0449611e+05
   8.0503435e+05
   8.0567458e+05
   8.0625413e+05
   8.0686369e+05
   8.0768916e+05
   8.0829946e+05
   8.0917644e+05
   8.0960797e+05
   8.1002183e+05
   8.1058682e+05
   8.1147047e+05
   8.1235324e+05
   8.1315047e+05
   8.1363516e+05
   8.1427794e+05
   8.1480485e+05
   8.1531345e+05
   8.1569824e+05
   8.1610505e+05
   8.1666401e+05
   8.1767883e+05
   8.1841836e+05
   8.1900409e+05
   8.1962940e+05
   8.4043531e+05
   8.4128561e+05
   8.4214423e+05
   8.4268577e+05
   8.4315455e+05
   8.4432821e+05
   8.4495508e+05
   8.4545537e+05
   8.4586011e+05
   8.4875991e+05
   8.4928093e+05
   8.4999475e+05
   8.5053666e+05
   8.5157135e+05
   8.5250598e+05
   8.5299704e+05
   8.5438397e+05
   8.5483844e+05
   8.5567579e+05
   8.5633447e+05
   8.5697553e+05
   8.5773704e+05
   8.5845322e+05
   8.5929831e+05
   8.5996780e+05
   8.6054647e+05
   8.6125796e+05
   8.6211472e+05
   8.6251078e+05
   8.6338862e+05
   8.6398977e+05
   8.6495628e+05
   8.6554983e+05
   8.6595432e+05
   8.6637338e+05
   8.6714680e+05
   8.6768259e+05
   8.6835483e+05
   8.6878745e+05
   8.6975828e+05
   8.7042190e+05
   8.7155871e+05
   8.7204928e+05
   8.7244641e+05
   8.7342924e+05
   8.7409579e+05
   8.7477603e+05
   8.7597219e+05
   8.7657469e+05
   8.7768743e+05
   8.7831818e+05
   8.7887585e+05
   8.7968648e+05
   9.0256442e+05
   9.0307642e+05
   9.0394924e+05
   9.0464883e+05
   9.0537480e+05
   9.0613355e+05
   9.0654630e+05
   9.0708930e+05
   9.0760657e+05
   9.0792435e+05
   9.0887473e+05
   9.0927556e+05
   9.1017873e+05
   9.1072929e+05
   9.1191267e+05
   9.1247162e+05
   9.1302729e+05
   9.1362350e+05
   9.1413701e+05
   9.1468336e+05
   9.1525395e+05
   9.1571192e+05
   9.1617912e+05
   9.1669038e+05
   9.2009972e+05
   9.2076584e+05
   9.2127345e+05
   9.2168763e+05
   9.2281223e+05
   9.2339371e+05
   9.2394101e+05
   9.2440381e+05
   9.2526275e+05
   9.2579359e+05
   9.2659267e+05
   9.2699367e+05
   9.2758970e+05
   9.2823186e+05
   9.2971006e+05
   9.3075544e+05
   9.3143519e+05
   9.3191914e+05
   9.3245321e+05
   9.3296813e+05
   9.3497483e+05
   9.3583964e+05
   9.3670061e+05
   9.3707980e+05
   9.3762259e+05
   9.6040606e+05
   9.6086506e+05
   9.6137431e+05
   9.6186972e+05
   9.6238375e+05
   9.6301192e+05
   9.6354454e+05
   9.6419529e+05
   9.6486137e+05
   9.6587898e+05
   9.6660547e+05
   9.6757518e+05
   9.6813024e+05
   9.6916207e+05
   9.6956312e+05
   9.7011782e+05
   9.7062854e+05
   9.7104632e+05
   9.7195205e+05
   9.7256694e+05
   9.7319781e+05
   9.7364323e+05
   9.7421715e+05
   9.7521736e+05
   9.7651401e+05
   9.7692996e+05
   9.7737583e+05
   9.8388791e+05
   9.8432189e+05
   9.8496415e+05
   9.8551324e+05
   9.8595159e+05
   9.8684877e+05
   9.8761253e+05
   9.8820090e+05
   9.8861101e+05
   9.8940679e+05
   9.8993143e+05
   9.9057358e+05
   9.9126633e+05
   9.9250194e+05
   9.9301477e+05
   9.9383680e+05
   9.9444038e+05
   9.9488564e+05
   9.9559452e+05
   9.9607031e+05
   9.9660336e+05
   9.9755516e+05
   9.9809633e+05
   9.9892596e+05
   9.9963381e+05
   1.0211772e+06
   1.0216826e+06
   1.0223579e+06
   1.0231477e+06
   1.0239487e+06
   1.0243238e+06
   1.0248840e+06
   1.0260298e+06
   1.0265726e+06
   1.0273417e+06
   1.0278980e+06
   1.0285049e+06
   1.0294127e+06
   1.0297513e+06
   1.0301904e+06
   1.0305175e+06
   1.0312025e+06
   1.0322170e+06
   1.0331210e+06
   1.0340999e+06
   1.0346453e+06
   1.0353918e+06
   1.0361154e+06
   1.0367322e+06
   1.0385013e+06
   1.0392496e+06
   1.0396801e+06
   1.0402389e+06
   1.0411133e+06
   1.0415802e+06
   1.0421292e+06
   1.0550449e+06
   1.0554577e+06
   1.0559729e+06
   1.0565448e+06
   1.0572368e+06
   1.0586815e+06
   1.0592225e+06
   1.0597291e+06
   1.0806801e+06
   1.0813170e+06
   1.0820667e+06
   1.0827890e+06
   1.0832505e+06
   1.0842166e+06
   1.0846370e+06
   1.0851821e+06
   1.0857993e+06
   1.0863958e+06
   1.0875382e+06
   1.0882793e+06
   1.0890485e+06
   1.0895202e+06
   1.0905261e+06
   1.0909789e+06
   1.0916301e+06
   1.0922006e+06
   1.0928177e+06
   1.0940575e+06
   1.0947334e+06
   1.0966754e+06
   1.0970979e+06
   1.0980162e+06
   1.0986810e+06
   1.0991474e+06
   1.0998057e+06
   1.1005276e+06
   1.1010996e+06
   1.1016800e+06
   1.1025538e+06
   1.1030873e+06
   1.1037624e+06
   1.1045329e+06
   1.1051658e+06
   1.1061103e+06
   1.1064267e+06
   1.1072217e+06
   1.1077472e+06
   1.1081535e+06
   1.1086844e+06
   1.1093028e+06
   1.1099293e+06
   1.1138061e+06
   1.1148253e+06
   1.1154776e+06
   1.1161685e+06
   1.1166835e+06
   1.1176694e+06
   1.1179829e+06
   1.1190451e+06
   1.1196768e+06
   1.1411434e+06
   1.1417490e+06
   1.1423128e+06
   1.1430172e+06
   1.1434104e+06
   1.1440345e+06
   1.1447487e+06
   1.1454433e+06
   1.1458769e+06
   1.1466214e+06
   1.1472395e+06
   1.1479569e+06
   1.1485456e+06
   1.1502023e+06
   1.1520627e+06
   1.1525764e+06
   1.1530288e+06
   1.1539108e+06
   1.1547077e+06
   1.1555140e+06
   1.1561190e+06
   1.1565319e+06
   1.1569679e+06
   1.1577717e+06
   1.1586845e+06
   1.1593668e+06
   1.1597819e+06
   1.1606716e+06
   1.1613326e+06
   1.1626633e+06
   1.1635726e+06
   1.1644782e+06
   1.1648602e+06
   1.1667772e+06
   1.1698562e+06
   1.1704525e+06
   1.1708978e+06
   1.1717745e+06
   1.1721418e+06
   1.1727684e+06
   1.1731526e+06
   1.1735669e+06
   1.1746712e+06
   1.1758204e+06
   1.1770733e+06
   1.1781790e+06
   1.1787402e+06
   1.1790486e+06
   1.1798186e+06
   1.2018985e+06
   1.2025117e+06
   1.2031506e+06
   1.2037778e+06
   1.2044665e+06
   1.2060391e+06
   1.2065527e+06
   1.2073287e+06
   1.2077654e+06
   1.2080981e+06
   1.2086066e+06
   1.2091880e+06
   1.2097763e+06
   1.2101910e+06
   1.2115105e+06
   1.2126425e+06
   1.2134501e+06
   1.2143265e+06
   1.2149537e+06
   1.2154049e+06
   1.2162355e+06
   1.2166916e+06
   1.2181771e+06
   1.2188880e+06
   1.2193778e+06
   1.2199937e+06
   1.2207881e+06
   1.2215113e+06
   1.2220218e+06
   1.2226038e+06
   1.2231279e+06
   1.2238783e+06
   1.2270752e+06
   1.2279709e+06
   1.2285448e+06
   1.2289121e+06
   1.2293752e+06
   1.2301267e+06
   1.2309479e+06
   1.2315031e+06
   1.2319615e+06
   1.2325908e+06
   1.2330598e+06
   1.2335900e+06
   1.2343916e+06
   1.2349855e+06
   1.2359878e+06
   1.2372624e+06
   1.2376812e+06
   1.2385932e+06
   1.2391132e+06
   1.2398072e+06
   1.2605644e+06
   1.2610122e+06
   1.2619462e+06
   1.2636483e+06
   1.2643347e+06
   1.2649517e+06
   1.2654542e+06
   1.2660387e+06
   1.2667050e+06
   1.2670536e+06
   1.2676263e+06
   1.2680370e+06
   1.2690912e+06
   1.2695313e+06
   1.2699725e+06
   1.2707082e+06
   1.2711548e+06
   1.2718562e+06
   1.2728454e+06
   1.2734714e+06
   1.2740447e+06
   1.2750078e+06
   1.2760219e+06
   1.2769415e+06
   1.2773846e+06
   1.2780360e+06
   1.2788789e+06
   1.2796198e+06
   1.2804484e+06
   1.2810519e+06
   1.2823006e+06
   1.2844922e+06
   1.2855173e+06
   1.2862951e+06
   1.2873896e+06
   1.2879347e+06
   1.2892636e+06
   1.2898570e+06
   1.2903366e+06
   1.2906958e+06
   1.2910787e+06
   1.2917103e+06
   1.2922010e+06
   1.2930568e+06
   1.2935875e+06
   1.2941375e+06
   1.2945724e+06
   1.2950131e+06
   1.2957832e+06
   1.2963187e+06
   1.2986298e+06
   1.2994115e+06
   1.2998315e+06
   1.3204492e+06
   1.3209125e+06
   1.3213581e+06
   1.3218614e+06
   1.3225154e+06
   1.3235083e+06
   1.3240041e+06
   1.3283234e+06
   1.3289283e+06
   1.3295977e+06
   1.3300078e+06
   1.3305308e+06
   1.3312357e+06
   1.3319343e+06
   1.3379262e+06
   1.3386482e+06
   1.3393339e+06
   1.3398253e+06
   1.3403620e+06
   1.3409814e+06
   1.3415308e+06
   1.3423709e+06
   1.3427978e+06
   1.3432131e+06
   1.3440122e+06
   1.3444424e+06
   1.3451027e+06
   1.3457459e+06
   1.3467354e+06
   1.3471151e+06
   1.3476631e+06
   1.3482548e+06
   1.3489668e+06
   1.3495537e+06
   1.3506469e+06
   1.3514657e+06
   1.3525072e+06
   1.3531558e+06
   1.3542777e+06
   1.3546478e+06
   1.3553195e+06
   1.3558180e+06
   1.3569332e+06
   1.3575461e+06
   1.3581838e+06
   1.3588381e+06
   1.3805123e+06
   1.3812315e+06
   1.3822490e+06
   1.3828733e+06
   1.3832552e+06
   1.3837232e+06
   1.3841764e+06
   1.3846166e+06
   1.3855486e+06
   1.3860425e+06
   1.3867904e+06
   1.3872731e+06
   1.3877280e+06
   1.3881515e+06
   1.3887311e+06
   1.3894972e+06
   1.3901948e+06
   1.3906893e+06
   1.3911997e+06
   1.3919274e+06
   1.3923471e+06
   1.3928839e+06
   1.3935523e+06
   1.3942991e+06
   1.3947754e+06
   1.3955487e+06
   1.3961842e+06
   1.3968347e+06
   1.3973641e+06
   1.3986013e+06
   1.3989590e+06
   1.3998436e+06
   1.4019114e+06
   1.4026763e+06
   1.4030992e+06
   1.4034700e+06
   1.4039421e+06
   1.4052021e+06
   1.4063671e+06
   1.4072673e+06
   1.4079954e+06
   1.4087978e+06
   1.4092869e+06
   1.4096992e+06
   1.4105978e+06
   1.4110722e+06
   1.4120295e+06
   1.4126351e+06
   1.4141224e+06
   1.4146720e+06
   1.4154560e+06
   1.4161541e+06
   1.4167666e+06
   1.4172326e+06
   1.4178858e+06
   1.4184392e+06
   1.4191557e+06
   1.4197301e+06
   1.4404406e+06
   1.4410715e+06
   1.4467345e+06
   1.4474181e+06
   1.4494882e+06
   1.4498906e+06
   1.4506912e+06
   1.4512599e+06
   1.4518800e+06
   1.4526892e+06
   1.4531342e+06
   1.4539101e+06
   1.4545822e+06
   1.4566714e+06
   1.4576083e+06
   1.4581111e+06
   1.4585642e+06
   1.4595848e+06
   1.4603509e+06
   1.4606856e+06
   1.4612794e+06
   1.4621785e+06
   1.4632812e+06
   1.4638681e+06
   1.4644294e+06
   1.4650884e+06
   1.4657532e+06
   1.4664983e+06
   1.4669808e+06
   1.4677498e+06
   1.4683104e+06
   1.4702183e+06
   1.4706816e+06
   1.4715130e+06
   1.4722665e+06
   1.4729399e+06
   1.4734744e+06
   1.4739377e+06
   1.4746082e+06
   1.4750789e+06
   1.4762201e+06
   1.4769102e+06
   1.4774057e+06
   1.4779987e+06
   1.4785123e+06
   1.4790700e+06
   1.4795278e+06
   1.5005847e+06
   1.5011767e+06
   1.5015713e+06
   1.5021819e+06
   1.5028210e+06
   1.5036769e+06
   1.5041976e+06
   1.5046679e+06
   1.5051368e+06
   1.5055774e+06
   1.5061168e+06
   1.5069741e+06
   1.5073018e+06
   1.5092385e+06
   1.5098283e+06
   1.5103699e+06
   1.5112056e+06
   1.5117962e+06
   1.5124325e+06
   1.5137773e+06
   1.5145086e+06
   1.5150838e+06
   1.5160493e+06
   1.5166072e+06
   1.5175560e+06
   1.5189475e+06
   1.5202338e+06
   1.5210104e+06
   1.5214382e+06
   1.5218541e+06
   1.5228144e+06
   1.5235813e+06
   1.5240815e+06
   1.5250193e+06
   1.5256821e+06
   1.5331349e+06
   1.5335210e+06
   1.5345560e+06
   1.5350268e+06
   1.5358149e+06
   1.5366455e+06
   1.5371108e+06
   1.5376441e+06
   1.5381329e+06
   1.5385849e+06
   1.5608483e+06
   1.5625288e+06
   1.5630726e+06
   1.5634466e+06
   1.5639757e+06
   1.5646599e+06
   1.5653309e+06
   1.5659705e+06
   1.5663980e+06
   1.5669979e+06
   1.5674254e+06
   1.5681618e+06
   1.5687697e+06
   1.5695010e+06
   1.5700116e+06
   1.5708823e+06
   1.5712867e+06
   1.5717047e+06
   1.5722341e+06
   1.5727296e+06
   1.5731725e+06
   1.5737308e+06
   1.5741969e+06
   1.5754137e+06
   1.5760516e+06
   1.5768103e+06
   1.5772349e+06
   1.5779738e+06
   1.5788783e+06
   1.5797660e+06
   1.5803790e+06
   1.5807618e+06
   1.5821309e+06
   1.5828577e+06
   1.5833501e+06
   1.5839173e+06
   1.5844532e+06
   1.5848298e+06
   1.5854063e+06
   1.5868249e+06
   1.5875026e+06
   1.5881468e+06
   1.5890912e+06
   1.5896232e+06
   1.5900692e+06
   1.5908533e+06
   1.5913278e+06
   1.5917476e+06
   1.5923913e+06
   1.5939398e+06
   1.5951035e+06
   1.5959471e+06
   1.5968175e+06
   1.5978657e+06
   1.5999284e+06
   1.6206864e+06
   1.6212309e+06
   1.6218198e+06
   1.6225043e+06
   1.6230962e+06
   1.6238241e+06
   1.6246054e+06
   1.6251465e+06
   1.6255259e+06
   1.6259087e+06
   1.6266029e+06
   1.6271571e+06
   1.6281720e+06
   1.6287054e+06
   1.6294062e+06
   1.6299532e+06
   1.6304163e+06
   1.6309093e+06
   1.6315625e+06
   1.6320518e+06
   1.6328840e+06
   1.6333473e+06
   1.6348860e+06
   1.6368690e+06
   1.6375272e+06
   1.6382388e+06
   1.6400508e+06
   1.6406000e+06
   1.6423000e+06
   1.6430958e+06
   1.6435723e+06
   1.6440774e+06
   1.6448356e+06
   1.6453857e+06
   1.6470553e+06
   1.6476598e+06
   1.6486611e+06
   1.6494878e+06
   1.6500756e+06
   1.6505577e+06
   1.6511725e+06
   1.6526146e+06
   1.6529555e+06
   1.6536806e+06
   1.6548506e+06
   1.6557029e+06
   1.6565730e+06
   1.6573621e+06
   1.6579607e+06
   1.6592815e+06
   1.6599255e+06
   1.6812921e+06
   1.6819888e+06
   1.6824603e+06
   1.6829356e+06
   1.6835646e+06
   1.6842356e+06
   1.6852460e+06
   1.6857553e+06
   1.6862020e+06
   1.6867262e+06
   1.6872053e+06
   1.6880616e+06
   1.6887991e+06
   1.6894824e+06
   1.6907710e+06
   1.6914650e+06
   1.6921319e+06
   1.6926675e+06
   1.6930735e+06
   1.6936161e+06
   1.6945592e+06
   1.6949590e+06
   1.6955591e+06
   1.6961214e+06
   1.6971874e+06
   1.6978934e+06
   1.6985842e+06
   1.6995157e+06
   1.7000046e+06
   1.7010922e+06
   1.7018850e+06
   1.7033841e+06
   1.7040355e+06
   1.7046047e+06
   1.7050292e+06
   1.7056715e+06
   1.7068152e+06
   1.7072755e+06
   1.7080760e+06
   1.7088828e+06
   1.7094856e+06
   1.7102070e+06
   1.7106341e+06
   1.7405053e+06
   1.7411247e+06
   1.7414686e+06
   1.7422190e+06
   1.7427406e+06
   1.7431552e+06
   1.7436058e+06
   1.7440373e+06
   1.7445493e+06
   1.7449919e+06
   1.7458059e+06
   1.7473719e+06
   1.7479347e+06
   1.7483968e+06
   1.7490842e+06
   1.7499242e+06
   1.7504023e+06
   1.7509889e+06
   1.7516931e+06
   1.7526092e+06
   1.7529606e+06
   1.7547932e+06
   1.7558719e+06
   1.7568326e+06
   1.7573423e+06
   1.7578806e+06
   1.7583486e+06
   1.7592531e+06
   1.7598591e+06
   1.7602149e+06
   1.7606586e+06
   1.7624643e+06
   1.7632247e+06
   1.7641106e+06
   1.7650805e+06
   1.7656619e+06
   1.7663682e+06
   1.7667938e+06
   1.7675050e+06
   1.7680028e+06
   1.7684640e+06
   1.7691427e+06
   1.7699779e+06
   1.7710118e+06
   1.7758774e+06
   1.7763379e+06
   1.7767979e+06
   1.7775744e+06
   1.7781281e+06
   1.7788735e+06
   1.7796917e+06
   1.8013074e+06
   1.8025367e+06
   1.8032146e+06
   1.8038374e+06
   1.8043651e+06
   1.8047640e+06
   1.8052673e+06
   1.8058282e+06
   1.8062582e+06
   1.8067886e+06
   1.8074900e+06
   1.8079549e+06
   1.8086886e+06
   1.8090818e+06
   1.8098238e+06
   1.8105125e+06
   1.8115171e+06
   1.8125066e+06
   1.8131032e+06
   1.8141158e+06
   1.8148432e+06
   1.8157129e+06
   1.8183665e+06
   1.8189979e+06
   1.8195852e+06
   1.8201565e+06
   1.8208884e+06
   1.8216653e+06
   1.8223429e+06
   1.8229185e+06
   1.8235098e+06
   1.8240491e+06
   1.8245773e+06
   1.8264395e+06
   1.8267972e+06
   1.8272544e+06
   1.8284566e+06
   1.8290366e+06
   1.8295232e+06
   1.8302131e+06
   1.8308756e+06
   1.8316791e+06
   1.8323495e+06
   1.8330114e+06
   1.8335539e+06
   1.8345547e+06
   1.8355177e+06
   1.8361954e+06
   1.8369561e+06
   1.8378501e+06
   1.8384839e+06
   1.8399170e+06
   1.8609197e+06
   1.8614771e+06
   1.8619582e+06
   1.8624229e+06
   1.8633014e+06
   1.8637318e+06
   1.8647814e+06
   1.8654241e+06
   1.8660129e+06
   1.8668534e+06
   1.8674285e+06
   1.8678502e+06
   1.8684511e+06
   1.8690537e+06
   1.8696237e+06
   1.8701914e+06
   1.8705417e+06
   1.8711035e+06
   1.8717092e+06
   1.8730227e+06
   1.8734897e+06
   1.8738915e+06
   1.8745523e+06
   1.8749096e+06
   1.8755287e+06
   1.8761339e+06
   1.8767573e+06
   1.8773296e+06
   1.8778440e+06
   1.8789452e+06
   1.8798610e+06
   1.8803059e+06
   1.8807941e+06
   1.8820969e+06
   1.8827259e+06
   1.8835034e+06
   1.8839341e+06
   1.8844699e+06
   1.8851032e+06
   1.8858017e+06
   1.8872042e+06
   1.8877529e+06
   1.8885507e+06
   1.8891281e+06
   1.8896580e+06
   1.8900481e+06
   1.8903866e+06
   1.8910451e+06
   1.8917092e+06
   1.8923243e+06
   1.8927398e+06
   1.8936518e+06
   1.8943181e+06
   1.8948365e+06
   1.8956286e+06
   1.8962810e+06
   1.8971050e+06
   1.8982449e+06
   1.8990472e+06
   1.8996543e+06
   1.8885845e+06
   1.8901436e+06
   1.8910026e+06
   1.8952170e+06
   1.8985879e+06
   1.8997581e+06
   1.8950668e+06
   1.8956972e+06
   1.8964008e+06
   1.8967464e+06
   1.8973846e+06
   1.8978311e+06
   1.8989247e+06
   1.8993307e+06
   1.8997260e+06
   1.8958159e+06
   1.8962971e+06
   1.8969350e+06
   1.8973229e+06
   1.8979088e+06
   1.8989991e+06
   1.8994849e+06
