   1.1212676e+03
   3.7386373e+03
   4.2584860e+03
   5.1381577e+03
   5.7288067e+03
   6.2669040e+03
   6.6292911e+03
   7.1549411e+03
   7.5703233e+03
   8.1479813e+03
   8.9387749e+03
   9.5408163e+03
   1.1457588e+04
   1.1924450e+04
   1.2372595e+04
   1.3281404e+04
   1.3808912e+04
   1.4514910e+04
   1.5057482e+04
   1.5924836e+04
   1.7485217e+04
   1.8130883e+04
   1.8811112e+04
   1.9157919e+04
   2.0374848e+04
   2.1267509e+04
   2.2010987e+04
   2.2837926e+04
   2.3320184e+04
   2.3982997e+04
   2.4689592e+04
   2.5103137e+04
   2.5873554e+04
   2.6534529e+04
   2.6947092e+04
   2.7371087e+04
   2.7976547e+04
   2.8814577e+04
   2.9924382e+04
   3.0535196e+04
   3.1265149e+04
   3.3749988e+04
   3.4340603e+04
   3.4980315e+04
   3.5634306e+04
   3.6062960e+04
   3.6547260e+04
   3.7319030e+04
   3.8913947e+04
   3.9565868e+04
   4.0145110e+04
   4.0422634e+04
   4.1860642e+04
   4.2523312e+04
   4.3310090e+04
   4.3693049e+04
   4.4409087e+04
   4.4956258e+04
   4.7430727e+04
   4.7862502e+04
   4.8221322e+04
   4.8734268e+04
   4.9380511e+04
   4.9949720e+04
   5.1036823e+04
   5.1472727e+04
   5.2045375e+04
   5.2495451e+04
   5.3750189e+04
   5.5414068e+04
   5.5966260e+04
   5.6575360e+04
   5.7077929e+04
   5.8555009e+04
   5.8936840e+04
   5.9731061e+04
   1.0060259e+05
   1.0149816e+05
   1.0253716e+05
   1.0289896e+05
   1.0369196e+05
   1.0480314e+05
   1.0531855e+05
   1.0595407e+05
   1.0659908e+05
   1.0739738e+05
   1.0792336e+05
   1.0866025e+05
   1.0939860e+05
   1.1085211e+05
   1.1138712e+05
   1.1251113e+05
   1.1293774e+05
   1.1342540e+05
   1.1387325e+05
   1.1567346e+05
   1.1616047e+05
   1.1728915e+05
   1.1807096e+05
   1.1859256e+05
   1.1986028e+05
   1.6112229e+05
   1.6179280e+05
   1.6267994e+05
   1.6414763e+05
   1.6550955e+05
   1.6694150e+05
   1.6815109e+05
   1.6953897e+05
   1.7110040e+05
   1.7207650e+05
   1.7257194e+05
   1.7444429e+05
   1.7484009e+05
   1.7521063e+05
   1.7572368e+05
   1.7646887e+05
   1.7730982e+05
   1.7828769e+05
   1.7895200e+05
   1.7959490e+05
   2.2080089e+05
   2.2142604e+05
   2.2180671e+05
   2.2230099e+05
   2.2268061e+05
   2.2339743e+05
   2.2392688e+05
   2.2459494e+05
   2.2517590e+05
   2.2573498e+05
   2.2847497e+05
   2.2888707e+05
   2.2945413e+05
   2.3026954e+05
   2.3481113e+05
   2.3533871e+05
   2.3572263e+05
   2.3843444e+05
   2.3897460e+05
   2.3935212e+05
   2.3985556e+05
   2.8032841e+05
   2.8077599e+05
   2.8162387e+05
   2.8219053e+05
   2.8285139e+05
   2.8331522e+05
   2.8396035e+05
   2.8443334e+05
   2.8509501e+05
   2.8580658e+05
   2.8615885e+05
   2.8685227e+05
   2.8743088e+05
   2.8813174e+05
   2.8867627e+05
   2.9336411e+05
   2.9388894e+05
   2.9436683e+05
   2.9520549e+05
   2.9559585e+05
   2.9592943e+05
   2.9662678e+05
   2.9703738e+05
   2.9764401e+05
   2.9805413e+05
   2.9881858e+05
   2.9932709e+05
   3.4043640e+05
   3.4233003e+05
   3.4282840e+05
   3.4400032e+05
   3.4453329e+05
   3.4587805e+05
   3.4649718e+05
   3.4695499e+05
   3.4749534e+05
   3.4802410e+05
   3.4855748e+05
   3.4899059e+05
   3.4980016e+05
   3.5039980e+05
   3.5096559e+05
   3.5143993e+05
   3.5205836e+05
   3.5250871e+05
   3.5314150e+05
   3.5485093e+05
   3.5605811e+05
   3.5669387e+05
   3.5768964e+05
   3.5818657e+05
   3.5856146e+05
   3.5938146e+05
   4.0128673e+05
   4.0169780e+05
   4.0207387e+05
   4.0255403e+05
   4.0312901e+05
   4.0411843e+05
   4.0452736e+05
   4.0543947e+05
   4.0640458e+05
   4.0753874e+05
   4.0821755e+05
   4.0882347e+05
   4.0922281e+05
   4.1000517e+05
   4.1075828e+05
   4.1198820e+05
   4.1275363e+05
   4.1323572e+05
   4.1399808e+05
   4.1459365e+05
   4.1539846e+05
   4.1604790e+05
   4.1667695e+05
   4.1724172e+05
   4.1806611e+05
   4.1865942e+05
   4.1945548e+05
   4.1992351e+05
   4.6096068e+05
   4.6145120e+05
   4.6193405e+05
   4.6248946e+05
   4.6299062e+05
   4.6337078e+05
   4.6387529e+05
   4.6438239e+05
   4.6518658e+05
   4.6577814e+05
   4.6630719e+05
   4.6693050e+05
   4.6784517e+05
   4.6864918e+05
   4.6920134e+05
   4.6975268e+05
   4.7028366e+05
   4.7080072e+05
   4.7121801e+05
   4.7174751e+05
   4.7229809e+05
   4.7286455e+05
   4.7331837e+05
   4.7464321e+05
   4.7691931e+05
   4.7771794e+05
   4.7863956e+05
   4.7940539e+05
   4.7990281e+05
   5.2051133e+05
   5.2093919e+05
   5.2185909e+05
   5.2312293e+05
   5.2343839e+05
   5.2456140e+05
   5.2497958e+05
   5.2536491e+05
   5.2629230e+05
   5.2781557e+05
   5.2836694e+05
   5.2892393e+05
   5.3008846e+05
   5.3061234e+05
   5.3174155e+05
   5.3221363e+05
   5.3305706e+05
   5.3380750e+05
   5.3483490e+05
   5.3540087e+05
   5.3609999e+05
   5.3671038e+05
   5.3745740e+05
   5.3823500e+05
   5.3975357e+05
   5.8078231e+05
   5.8282845e+05
   5.8340852e+05
   5.8403134e+05
   5.8434763e+05
   5.8478742e+05
   5.8546007e+05
   5.8597331e+05
   5.8670312e+05
   5.8751704e+05
   5.8852458e+05
   5.8927821e+05
   5.8971584e+05
   5.9015076e+05
   5.9092448e+05
   5.9140474e+05
   5.9203934e+05
   5.9241820e+05
   5.9287964e+05
   5.9383719e+05
   5.9461324e+05
   5.9540951e+05
   5.9613933e+05
   5.9655084e+05
   5.9715377e+05
   5.9777619e+05
   5.9830883e+05
   6.0070094e+05
   6.0138136e+05
   6.0218192e+05
   6.0274325e+05
   6.0327394e+05
   6.0413932e+05
   6.0463523e+05
   6.0521797e+05
   6.0555302e+05
   6.0792721e+05
   6.0843132e+05
   6.0890020e+05
   6.0949114e+05
   6.1135740e+05
   6.1197294e+05
   6.1256235e+05
   6.1336419e+05
   6.1413060e+05
   6.1469547e+05
   6.1522320e+05
   6.1563750e+05
   6.2861115e+05
   6.2948174e+05
   6.2995597e+05
   6.3617647e+05
   6.3697221e+05
   6.3798106e+05
   6.3911559e+05
   6.3973697e+05
   6.4035285e+05
   6.4144148e+05
   6.4194328e+05
   6.4248448e+05
   6.4338947e+05
   6.4419804e+05
   6.4475477e+05
   6.4606811e+05
   6.4669235e+05
   6.4849526e+05
   6.4902468e+05
   6.4950096e+05
   6.5077969e+05
   6.5125873e+05
   6.5203762e+05
   6.5247910e+05
   6.5295775e+05
   6.5347012e+05
   6.5409138e+05
   6.6686994e+05
   6.6780487e+05
   6.6819074e+05
   6.6878860e+05
   6.6936516e+05
   6.6980609e+05
   6.7081937e+05
   6.7154399e+05
   6.7236364e+05
   6.7298610e+05
   6.7385269e+05
   6.7436259e+05
   6.7487504e+05
   6.7550436e+05
   6.7625740e+05
   6.7686179e+05
   6.7744382e+05
   6.7799910e+05
   6.7848333e+05
   6.7923833e+05
   6.8012628e+05
   6.8084611e+05
   6.8120858e+05
   6.8175098e+05
   6.8232143e+05
   6.8310611e+05
   6.8370147e+05
   6.8428828e+05
   6.8520124e+05
   6.8558625e+05
   6.8630634e+05
   6.8705759e+05
   6.8798037e+05
   6.8876602e+05
   6.8921328e+05
   6.8996241e+05
   6.9063539e+05
   6.9149126e+05
   6.9182101e+05
   6.9254430e+05
   6.9308764e+05
   6.9617449e+05
   6.9663999e+05
   6.9746290e+05
   6.9804068e+05
   6.9846430e+05
   6.9922867e+05
   7.0013579e+05
   7.0080323e+05
   7.0143328e+05
   7.0229999e+05
   7.0269292e+05
   7.0315975e+05
   7.0355244e+05
   7.0433283e+05
   7.0578705e+05
   7.0637997e+05
   7.0745400e+05
   7.0791031e+05
   7.0841581e+05
   7.0929717e+05
   7.0989919e+05
   7.1236580e+05
   7.1298577e+05
   7.1371786e+05
   7.1461173e+05
   7.1499597e+05
   7.1543027e+05
   7.1682998e+05
   7.1741183e+05
   7.1794859e+05
   7.1949962e+05
   7.2054785e+05
   7.2097295e+05
   7.2178346e+05
   7.2226839e+05
   7.2269537e+05
   7.2342515e+05
   7.2405649e+05
   7.2446082e+05
   7.2532224e+05
   7.2598380e+05
   7.2722757e+05
   7.2802720e+05
   7.2880528e+05
   7.2940976e+05
   7.3000442e+05
   7.3044949e+05
   7.3094325e+05
   7.3135720e+05
   7.3181724e+05
   7.3250459e+05
   7.3313296e+05
   7.3355165e+05
   7.3800551e+05
   7.3875544e+05
   7.3961488e+05
   7.4011846e+05
   7.4065869e+05
   7.4097569e+05
   7.4145763e+05
   7.4199797e+05
   7.4257843e+05
   7.4318958e+05
   7.4358592e+05
   7.4532468e+05
   7.4609954e+05
   7.4802921e+05
   7.4857291e+05
   7.4934034e+05
   7.4989358e+05
   7.5052733e+05
   7.5097520e+05
   7.5150105e+05
   7.5230288e+05
   7.5305766e+05
   7.5373285e+05
   7.5461747e+05
   7.5516863e+05
   7.5559208e+05
   7.5612546e+05
   7.5675083e+05
   7.5704520e+05
   7.5746133e+05
   7.5787380e+05
   7.5881951e+05
   7.5942755e+05
   7.5990922e+05
   7.6046408e+05
   7.6096284e+05
   7.6209434e+05
   7.6259732e+05
   7.6317165e+05
   7.6363174e+05
   7.6413531e+05
   7.6484057e+05
   7.6542233e+05
   7.6599239e+05
   7.6663228e+05
   7.6739786e+05
   7.6790009e+05
   7.6830766e+05
   7.6876718e+05
   7.6924063e+05
   7.6969282e+05
   7.7019808e+05
   7.7057491e+05
   7.7111806e+05
   7.7149889e+05
   7.7219317e+05
   7.7250766e+05
   7.7315058e+05
   7.7350210e+05
   7.7468678e+05
   7.7516639e+05
   7.7555097e+05
   7.7593168e+05
   7.7634733e+05
   7.7684992e+05
   7.7750713e+05
   7.7911079e+05
   7.7967843e+05
   8.2044882e+05
   8.2104360e+05
   8.2171003e+05
   8.2214731e+05
   8.2251130e+05
   8.2309516e+05
   8.2346100e+05
   8.2378296e+05
   8.2417215e+05
   8.2454621e+05
   8.2510136e+05
   8.2554887e+05
   8.2590960e+05
   8.2621561e+05
   8.2682729e+05
   8.2776700e+05
   8.2828212e+05
   8.2884979e+05
   8.2936171e+05
   8.2990141e+05
   8.3069514e+05
   8.3127485e+05
   8.3179621e+05
   8.3233383e+05
   8.3270362e+05
   8.3326784e+05
   8.3369032e+05
   8.3442081e+05
   8.3481450e+05
   8.3535714e+05
   8.3571877e+05
   8.3634656e+05
   8.3678519e+05
   8.3714857e+05
   8.3768417e+05
   8.3795736e+05
   8.3849014e+05
   8.3904262e+05
   8.3951575e+05
   8.8078082e+05
   8.8289611e+05
   8.8327048e+05
   8.8387286e+05
   8.8482956e+05
   8.8535965e+05
   8.8605349e+05
   8.8643086e+05
   8.8697519e+05
   8.8783696e+05
   8.8820956e+05
   8.8939471e+05
   8.9011816e+05
   8.9101641e+05
   8.9151337e+05
   8.9188950e+05
   8.9245638e+05
   8.9288943e+05
   8.9340791e+05
   8.9393463e+05
   8.9578813e+05
   8.9617505e+05
   8.9659016e+05
   8.9701708e+05
   8.9759760e+05
   8.9846046e+05
   8.9891615e+05
   9.4059558e+05
   9.4108652e+05
   9.4154636e+05
   9.4200462e+05
   9.4245007e+05
   9.4278088e+05
   9.4366952e+05
   9.4418558e+05
   9.4456667e+05
   9.4511178e+05
   9.4695876e+05
   9.4769824e+05
   9.4803979e+05
   9.4843700e+05
   9.4895818e+05
   9.4974278e+05
   9.5028621e+05
   9.5099781e+05
   9.5133740e+05
   9.5168614e+05
   9.5232159e+05
   9.5279491e+05
   9.5322342e+05
   9.5433688e+05
   9.5485204e+05
   9.5559722e+05
   9.5625781e+05
   9.5668571e+05
   9.5730241e+05
   9.5787798e+05
   9.5829362e+05
   9.5881995e+05
   9.5938722e+05
   9.5981068e+05
   1.0013759e+06
   1.0017385e+06
   1.0022711e+06
   1.0029844e+06
   1.0033703e+06
   1.0041917e+06
   1.0048055e+06
   1.0053160e+06
   1.0061671e+06
   1.0082685e+06
   1.0089205e+06
   1.0117277e+06
   1.0123057e+06
   1.0129027e+06
   1.0133187e+06
   1.0139621e+06
   1.0143668e+06
   1.0147651e+06
   1.0154252e+06
   1.0159410e+06
   1.0165805e+06
   1.0169991e+06
   1.0175491e+06
   1.0187417e+06
   1.0193590e+06
   1.0198908e+06
   1.0605065e+06
   1.0614644e+06
   1.0622670e+06
   1.0633843e+06
   1.0639220e+06
   1.0650997e+06
   1.0655186e+06
   1.0660285e+06
   1.0665582e+06
   1.0674840e+06
   1.0679050e+06
   1.0684252e+06
   1.0689990e+06
   1.0697609e+06
   1.0702162e+06
   1.0709474e+06
   1.0714428e+06
   1.0720072e+06
   1.0730851e+06
   1.0736148e+06
   1.0744668e+06
   1.0748334e+06
   1.0754949e+06
   1.0760255e+06
   1.0763560e+06
   1.0770301e+06
   1.0779207e+06
   1.0782770e+06
   1.0787033e+06
   1.0791377e+06
   1.0797264e+06
   1.1206437e+06
   1.1210486e+06
   1.1213553e+06
   1.1225869e+06
   1.1232444e+06
   1.1238099e+06
   1.1257757e+06
   1.1266502e+06
   1.1277210e+06
   1.1281494e+06
   1.1289559e+06
   1.1295213e+06
   1.1298419e+06
   1.1303764e+06
   1.1311160e+06
   1.1315787e+06
   1.1324686e+06
   1.1329147e+06
   1.1334464e+06
   1.1338023e+06
   1.1344046e+06
   1.1347523e+06
   1.1350971e+06
   1.1361016e+06
   1.1364362e+06
   1.1373485e+06
   1.1377368e+06
   1.1384490e+06
   1.1390168e+06
   1.1395854e+06
   1.1812986e+06
   1.1821070e+06
   1.1827791e+06
   1.1835551e+06
   1.1840163e+06
   1.1844264e+06
   1.1856733e+06
   1.1861226e+06
   1.1878987e+06
   1.1886003e+06
   1.1891649e+06
   1.1897485e+06
   1.1901393e+06
   1.1906849e+06
   1.1916629e+06
   1.1922706e+06
   1.1928360e+06
   1.1933760e+06
   1.1943616e+06
   1.1949476e+06
   1.1953911e+06
   1.1958294e+06
   1.1961693e+06
   1.1964623e+06
   1.1968775e+06
   1.1973643e+06
   1.1978100e+06
   1.1982226e+06
   1.1985704e+06
   1.1990605e+06
   1.1995950e+06
   1.1999468e+06
   1.2405207e+06
   1.2409980e+06
   1.2418636e+06
   1.2427217e+06
   1.2432814e+06
   1.2438909e+06
   1.2443851e+06
   1.2451124e+06
   1.2454869e+06
   1.2460305e+06
   1.2466643e+06
   1.2486772e+06
   1.2491516e+06
   1.2504553e+06
   1.2512931e+06
   1.2519349e+06
   1.2524169e+06
   1.2528007e+06
   1.2532927e+06
   1.2547063e+06
   1.2552177e+06
   1.2558115e+06
   1.2564840e+06
   1.2568852e+06
   1.2598154e+06
   1.3005317e+06
   1.3009532e+06
   1.3015879e+06
   1.3024007e+06
   1.3028909e+06
   1.3037270e+06
   1.3047436e+06
   1.3054200e+06
   1.3057765e+06
   1.3062220e+06
   1.3068234e+06
   1.3074938e+06
   1.3079019e+06
   1.3083581e+06
   1.3088670e+06
   1.3092937e+06
   1.3105704e+06
   1.3115117e+06
   1.3119655e+06
   1.3129800e+06
   1.3146521e+06
   1.3155399e+06
   1.3161360e+06
   1.3166817e+06
   1.3171932e+06
   1.3178571e+06
   1.3183304e+06
   1.3189981e+06
   1.3198314e+06
   1.3607838e+06
   1.3619177e+06
   1.3633040e+06
   1.3637762e+06
   1.3643591e+06
   1.3667811e+06
   1.3679624e+06
   1.3684644e+06
   1.3691652e+06
   1.3696795e+06
   1.3705889e+06
   1.3716312e+06
   1.3722590e+06
   1.3729479e+06
   1.3734134e+06
   1.3751423e+06
   1.3761006e+06
   1.3764520e+06
   1.3770609e+06
   1.3776167e+06
   1.3781004e+06
   1.3786380e+06
   1.3792544e+06
   1.4218633e+06
   1.4224414e+06
   1.4232085e+06
   1.4248980e+06
   1.4253899e+06
   1.4266958e+06
   1.4273173e+06
   1.4278700e+06
   1.4282538e+06
   1.4285933e+06
   1.4290326e+06
   1.4295975e+06
   1.4299474e+06
   1.4305993e+06
   1.4310295e+06
   1.4314314e+06
   1.4318733e+06
   1.4322164e+06
   1.4327333e+06
   1.4331799e+06
   1.4336428e+06
   1.4344437e+06
   1.4348328e+06
   1.4353292e+06
   1.4360033e+06
   1.4364713e+06
   1.4367918e+06
   1.4371148e+06
   1.4377474e+06
   1.4381652e+06
   1.4387742e+06
   1.4809076e+06
   1.4814701e+06
   1.4840900e+06
   1.4848452e+06
   1.4862158e+06
   1.4867421e+06
   1.4874420e+06
   1.4879466e+06
   1.4883814e+06
   1.4888345e+06
   1.4892575e+06
   1.4895905e+06
   1.4902112e+06
   1.4906386e+06
   1.4911609e+06
   1.4917028e+06
   1.4921687e+06
   1.4928183e+06
   1.4931955e+06
   1.4936477e+06
   1.4944340e+06
   1.4955842e+06
   1.4960008e+06
   1.4978390e+06
   1.4985468e+06
   1.4990323e+06
   1.4994861e+06
   1.4999841e+06
   1.5403988e+06
   1.5412777e+06
   1.5418403e+06
   1.5424349e+06
   1.5428644e+06
   1.5433534e+06
   1.5437438e+06
   1.5441855e+06
   1.5445531e+06
   1.5450094e+06
   1.5454406e+06
   1.5459085e+06
   1.5462916e+06
   1.5468361e+06
   1.5475076e+06
   1.5481317e+06
   1.5489892e+06
   1.5494056e+06
   1.5498769e+06
   1.5505743e+06
   1.5510741e+06
   1.5524571e+06
   1.5529693e+06
   1.5536425e+06
   1.5544300e+06
   1.5549276e+06
   1.5552645e+06
   1.5556351e+06
   1.5561303e+06
   1.5568694e+06
   1.5574988e+06
   1.5579181e+06
   1.5590475e+06
   1.5596088e+06
   1.6083002e+06
   1.6088134e+06
   1.6093480e+06
   1.6097874e+06
   1.6102187e+06
   1.6108478e+06
   1.6113600e+06
   1.6118891e+06
   1.6123414e+06
   1.6138828e+06
   1.6145836e+06
   1.6154136e+06
   1.6159440e+06
   1.6166455e+06
   1.6172755e+06
   1.6177227e+06
   1.6183269e+06
   1.6186398e+06
   1.6191363e+06
   1.6197079e+06
   1.6604145e+06
   1.6609070e+06
   1.6616000e+06
   1.6621626e+06
   1.6625704e+06
   1.6631382e+06
   1.6634501e+06
   1.6639973e+06
   1.6643397e+06
   1.6649537e+06
   1.6655208e+06
   1.6663214e+06
   1.6669468e+06
   1.6674155e+06
   1.6679394e+06
   1.6683512e+06
   1.6689447e+06
   1.6695168e+06
   1.6745784e+06
   1.6754622e+06
   1.6760924e+06
   1.6766473e+06
   1.6774396e+06
   1.6779209e+06
   1.6784856e+06
   1.6788879e+06
   1.6792636e+06
   1.7211896e+06
   1.7217085e+06
   1.7225968e+06
   1.7230582e+06
   1.7241430e+06
   1.7255378e+06
   1.7262352e+06
   1.7281356e+06
   1.7285038e+06
   1.7291039e+06
   1.7295277e+06
   1.7301629e+06
   1.7307088e+06
   1.7311293e+06
   1.7316480e+06
   1.7321797e+06
   1.7325810e+06
   1.7330698e+06
   1.7337446e+06
   1.7343832e+06
   1.7348791e+06
   1.7353096e+06
   1.7358080e+06
   1.7363112e+06
   1.7369673e+06
   1.7373914e+06
   1.7379145e+06
   1.7383240e+06
   1.7390756e+06
   1.7394640e+06
   1.7398980e+06
   1.7804355e+06
   1.7809690e+06
   1.7816331e+06
   1.7825622e+06
   1.7831397e+06
   1.7835475e+06
   1.7839605e+06
   1.7849564e+06
   1.7860350e+06
   1.7868908e+06
   1.7877044e+06
   1.7881082e+06
   1.7892280e+06
   1.7899762e+06
   1.7914077e+06
   1.7917933e+06
   1.7924835e+06
   1.7930592e+06
   1.7933693e+06
   1.7945056e+06
   1.7951470e+06
   1.7955964e+06
   1.7959921e+06
   1.7964828e+06
   1.7971760e+06
   1.7977277e+06
   1.7980706e+06
   1.7986924e+06
   1.7991739e+06
   1.7998727e+06
   1.8407831e+06
   1.8413381e+06
   1.8421453e+06
   1.8425467e+06
   1.8428690e+06
   1.8435772e+06
   1.8439210e+06
   1.8445548e+06
   1.8452515e+06
   1.8457740e+06
   1.8463227e+06
   1.8468618e+06
   1.8477048e+06
   1.8482697e+06
   1.8489025e+06
   1.8493716e+06
   1.8497371e+06
   1.8502430e+06
   1.8506785e+06
   1.8512127e+06
   1.8515810e+06
   1.8519810e+06
   1.8525138e+06
   1.8531997e+06
   1.8538076e+06
   1.8544580e+06
   1.8549963e+06
   1.8575525e+06
   1.8580607e+06
   1.8586355e+06
   1.8593472e+06
   1.8599795e+06
   1.9003930e+06
   1.9007512e+06
   1.9014648e+06
   1.9018375e+06
   1.9025866e+06
   1.9030731e+06
   1.9035980e+06
   1.9042367e+06
   1.9048697e+06
   1.9056893e+06
   1.9062584e+06
   1.9067665e+06
   1.9075189e+06
   1.9081526e+06
   1.9090464e+06
   1.9096041e+06
   1.9100163e+06
   1.9103761e+06
   1.9110473e+06
   1.9115770e+06
   1.9122425e+06
   1.9127216e+06
   1.9133006e+06
   1.9137935e+06
   1.9153003e+06
   1.9158256e+06
   1.9165432e+06
   1.9171942e+06
   1.9175989e+06
   1.9180889e+06
   1.9186363e+06
   1.9191667e+06
   6.0577983e+04
   6.2281039e+04
   6.3064238e+04
   6.3389526e+04
   6.3926480e+04
   6.4754501e+04
   6.5796267e+04
   6.7038370e+04
   7.1201011e+04
   7.2051433e+04
   7.2706461e+04
   8.9521840e+04
   9.0013068e+04
   9.0582365e+04
   9.4589147e+04
   9.5600055e+04
   9.6665686e+04
   9.7356765e+04
   1.2049865e+05
   1.2141042e+05
   1.2220927e+05
   1.2269021e+05
   1.2456335e+05
   1.2539540e+05
   1.2599778e+05
   1.2667901e+05
   1.2744520e+05
   1.2850382e+05
   1.2900369e+05
   1.2982886e+05
   1.3079196e+05
   1.3140767e+05
   1.3192913e+05
   1.3261342e+05
   1.3349574e+05
   1.3418955e+05
   1.3498548e+05
   1.3548238e+05
   1.3612877e+05
   1.3674228e+05
   1.3793917e+05
   1.3885651e+05
   1.3943474e+05
   1.4001989e+05
   1.4058576e+05
   1.4129391e+05
   1.4195707e+05
   1.4264914e+05
   1.4442389e+05
   1.4524663e+05
   1.4559783e+05
   1.4643254e+05
   1.4724419e+05
   1.4837795e+05
   1.4917550e+05
   1.5020955e+05
   1.5078364e+05
   1.5120626e+05
   1.5160400e+05
   1.5218850e+05
   1.5265966e+05
   1.5318262e+05
   1.5385904e+05
   1.5538162e+05
   1.5604047e+05
   1.5685501e+05
   1.5741641e+05
   1.5831325e+05
   1.5892661e+05
   1.5932469e+05
   1.8066197e+05
   1.8124860e+05
   1.8205597e+05
   1.8257747e+05
   1.8348589e+05
   1.8416647e+05
   1.8467842e+05
   1.8520818e+05
   1.8576257e+05
   1.8640330e+05
   1.8697031e+05
   1.8825166e+05
   1.8887272e+05
   1.8951301e+05
   1.9011025e+05
   1.9075813e+05
   1.9152763e+05
   1.9210145e+05
   1.9317820e+05
   1.9353753e+05
   1.9388198e+05
   1.9462300e+05
   1.9541458e+05
   1.9616575e+05
   1.9817318e+05
   1.9878711e+05
   2.0050862e+05
   2.0110060e+05
   2.0153406e+05
   2.0226648e+05
   2.0307831e+05
   2.0368109e+05
   2.0441940e+05
   2.0516299e+05
   2.0572409e+05
   2.0623300e+05
   2.0687787e+05
   2.0781251e+05
   2.0837373e+05
   2.0889012e+05
   2.1105598e+05
   2.1152253e+05
   2.1235588e+05
   2.1295679e+05
   2.1356924e+05
   2.1430900e+05
   2.1478421e+05
   2.1515862e+05
   2.1582845e+05
   2.1630000e+05
   2.1700201e+05
   2.1785112e+05
   2.1844524e+05
   2.1918104e+05
   2.4070928e+05
   2.4123826e+05
   2.4176328e+05
   2.4225920e+05
   2.4296334e+05
   2.4412226e+05
   2.4462522e+05
   2.4545779e+05
   2.4817850e+05
   2.4872997e+05
   2.4928011e+05
   2.4992075e+05
   2.5057966e+05
   2.5103663e+05
   2.5152648e+05
   2.5274620e+05
   2.5465359e+05
   2.5509930e+05
   2.5564951e+05
   2.5653022e+05
   2.5719901e+05
   2.5774533e+05
   2.5822952e+05
   2.5883088e+05
   2.5938452e+05
   2.5994449e+05
   2.6073431e+05
   2.6135429e+05
   2.6234763e+05
   2.6328692e+05
   2.6468951e+05
   2.6509360e+05
   2.6547761e+05
   2.6605641e+05
   2.6682773e+05
   2.6726962e+05
   2.6840615e+05
   2.6898338e+05
   2.6960148e+05
   2.7248799e+05
   2.7354260e+05
   2.7586554e+05
   2.7625376e+05
   2.7842374e+05
   2.7963608e+05
   3.0042602e+05
   3.0140180e+05
   3.0190336e+05
   3.0258424e+05
   3.0321681e+05
   3.0369258e+05
   3.0420748e+05
   3.0568111e+05
   3.0677027e+05
   3.0725882e+05
   3.0788962e+05
   3.0890360e+05
   3.0977154e+05
   3.1011800e+05
   3.1081715e+05
   3.1126153e+05
   3.1242369e+05
   3.1347283e+05
   3.1415902e+05
   3.1533444e+05
   3.1906408e+05
   3.2110760e+05
   3.2225320e+05
   3.2289494e+05
   3.2340494e+05
   3.2397206e+05
   3.2454641e+05
   3.2529580e+05
   3.2602124e+05
   3.2655016e+05
   3.2718449e+05
   3.2781419e+05
   3.2879334e+05
   3.2921335e+05
   3.2998077e+05
   3.3178710e+05
   3.3246446e+05
   3.3343949e+05
   3.3479328e+05
   3.3639072e+05
   3.3732840e+05
   3.3791799e+05
   3.3921469e+05
   3.6055559e+05
   3.6120002e+05
   3.6251065e+05
   3.6363554e+05
   3.6475426e+05
   3.6538933e+05
   3.6574554e+05
   3.6640190e+05
   3.6692728e+05
   3.6768341e+05
   3.6992837e+05
   3.7052788e+05
   3.7126082e+05
   3.7196660e+05
   3.7241096e+05
   3.7441446e+05
   3.7506774e+05
   3.7547285e+05
   3.7615726e+05
   3.7667747e+05
   3.7742775e+05
   3.7787141e+05
   3.7861286e+05
   3.7929288e+05
   3.7991018e+05
   3.8034664e+05
   3.8078915e+05
   3.8133757e+05
   3.8211394e+05
   3.8278872e+05
   3.8397086e+05
   3.8514479e+05
   3.8566863e+05
   3.8625125e+05
   3.8668960e+05
   3.8729242e+05
   3.8771236e+05
   3.8845295e+05
   3.8916642e+05
   3.8983442e+05
   3.9074827e+05
   3.9173119e+05
   3.9229052e+05
   3.9287697e+05
   3.9371429e+05
   3.9437802e+05
   3.9476902e+05
   3.9530194e+05
   3.9586069e+05
   3.9641906e+05
   3.9699052e+05
   3.9801270e+05
   4.2061471e+05
   4.2103678e+05
   4.2152019e+05
   4.2192555e+05
   4.2348483e+05
   4.2398774e+05
   4.2570989e+05
   4.2661419e+05
   4.2709690e+05
   4.2841342e+05
   4.2905575e+05
   4.3001184e+05
   4.3050580e+05
   4.3113976e+05
   4.3159313e+05
   4.3244058e+05
   4.3297083e+05
   4.3534047e+05
   4.3606623e+05
   4.3661331e+05
   4.3753783e+05
   4.3829218e+05
   4.3883439e+05
   4.3942665e+05
   4.3996192e+05
   4.4045388e+05
   4.4127132e+05
   4.4172669e+05
   4.4228477e+05
   4.4272644e+05
   4.4363142e+05
   4.4399476e+05
   4.4473272e+05
   4.4624931e+05
   4.4672998e+05
   4.4730476e+05
   4.4793498e+05
   4.4846950e+05
   4.4918078e+05
   4.4979225e+05
   4.5033535e+05
   4.5151329e+05
   4.5197194e+05
   4.5256979e+05
   4.5383606e+05
   4.5429062e+05
   4.5650561e+05
   4.5705783e+05
   4.5783936e+05
   4.5856725e+05
   4.5939033e+05
   4.8051339e+05
   4.8452748e+05
   4.8529592e+05
   4.8603524e+05
   4.8663598e+05
   4.8811858e+05
   4.8867134e+05
   4.8912130e+05
   4.8999276e+05
   4.9135379e+05
   4.9182708e+05
   4.9244479e+05
   4.9283762e+05
   4.9448084e+05
   4.9521431e+05
   4.9598866e+05
   4.9647901e+05
   4.9730651e+05
   4.9844203e+05
   4.9934114e+05
   5.0039731e+05
   5.0153042e+05
   5.0192564e+05
   5.0249396e+05
   5.0420760e+05
   5.0719519e+05
   5.0760215e+05
   5.0861279e+05
   5.0908743e+05
   5.0980340e+05
   5.1052224e+05
   5.1120043e+05
   5.1169492e+05
   5.1252943e+05
   5.1329119e+05
   5.1579159e+05
   5.1636780e+05
   5.1726233e+05
   5.1802546e+05
   5.1877965e+05
   5.1918268e+05
   5.1960262e+05
   5.4203348e+05
   5.4246289e+05
   5.4399873e+05
   5.4486012e+05
   5.4541221e+05
   5.4635810e+05
   5.4722268e+05
   5.4804176e+05
   5.4887544e+05
   5.4942637e+05
   5.5005432e+05
   5.5049050e+05
   5.5117091e+05
   5.5155045e+05
   5.5200039e+05
   5.5287083e+05
   5.5340421e+05
   5.5463513e+05
   5.5565794e+05
   5.5611509e+05
   5.5662930e+05
   5.5708086e+05
   5.5771627e+05
   5.5825839e+05
   5.5868953e+05
   5.5939628e+05
   5.6144413e+05
   5.6191012e+05
   5.6256133e+05
   5.6300983e+05
   5.6343181e+05
   5.6392388e+05
   5.6452822e+05
   5.6524005e+05
   5.6588926e+05
   5.6648379e+05
   5.6723035e+05
   5.6912203e+05
   5.6963329e+05
   5.7009437e+05
   5.7109430e+05
   5.7183636e+05
   5.7229760e+05
   5.7290978e+05
   5.7488954e+05
   5.7574963e+05
   5.7623726e+05
   5.7691870e+05
   5.7740477e+05
   5.7795464e+05
   5.7846745e+05
   5.7988014e+05
   7.8087912e+05
   7.8120523e+05
   7.8203452e+05
   7.8244180e+05
   7.8306413e+05
   7.8403798e+05
   7.8466244e+05
   7.8514030e+05
   7.8554499e+05
   7.8619214e+05
   7.8842184e+05
   7.8905377e+05
   7.9028617e+05
   7.9085773e+05
   7.9132305e+05
   7.9183573e+05
   7.9574005e+05
   7.9647685e+05
   7.9682699e+05
   7.9834534e+05
   7.9897125e+05
   7.9953121e+05
   8.0025674e+05
   8.0138807e+05
   8.0205155e+05
   8.0427518e+05
   8.0470412e+05
   8.0564930e+05
   8.0645734e+05
   8.0717703e+05
   8.0825039e+05
   8.0900234e+05
   8.1004041e+05
   8.1066444e+05
   8.1144581e+05
   8.1193766e+05
   8.1252839e+05
   8.1296373e+05
   8.1352370e+05
   8.1434173e+05
   8.1509776e+05
   8.1625840e+05
   8.1680684e+05
   8.1720792e+05
   8.1767170e+05
   8.1866790e+05
   8.1920371e+05
   8.1993670e+05
   8.4075713e+05
   8.4131144e+05
   8.4176546e+05
   8.4213342e+05
   8.4291443e+05
   8.4349604e+05
   8.4418052e+05
   8.4521876e+05
   8.4565963e+05
   8.4634963e+05
   8.4730404e+05
   8.4814008e+05
   8.4885990e+05
   8.4927123e+05
   8.5009026e+05
   8.5101235e+05
   8.5154366e+05
   8.5196527e+05
   8.5244249e+05
   8.5338725e+05
   8.5409989e+05
   8.5470525e+05
   8.5524931e+05
   8.5577642e+05
   8.5650397e+05
   8.5707315e+05
   8.5788492e+05
   8.5837531e+05
   8.5914163e+05
   8.6025569e+05
   8.6119490e+05
   8.6188479e+05
   8.6230805e+05
   8.6273291e+05
   8.6323103e+05
   8.6414379e+05
   8.6460616e+05
   8.6516795e+05
   8.6586633e+05
   8.6669086e+05
   8.6711704e+05
   8.6813434e+05
   8.6859014e+05
   8.6930907e+05
   8.6998747e+05
   8.7075239e+05
   8.7133762e+05
   8.7255556e+05
   8.7300923e+05
   8.7356471e+05
   8.7547517e+05
   8.7584058e+05
   8.7691833e+05
   8.7741477e+05
   8.7833841e+05
   8.7892698e+05
   8.7942090e+05
   9.0108288e+05
   9.0146812e+05
   9.0217432e+05
   9.0313513e+05
   9.0354619e+05
   9.0420177e+05
   9.0494127e+05
   9.0522410e+05
   9.0596464e+05
   9.0696094e+05
   9.1054754e+05
   9.1103922e+05
   9.1144316e+05
   9.1235471e+05
   9.1292274e+05
   9.1352962e+05
   9.1392212e+05
   9.1463391e+05
   9.1517862e+05
   9.1644731e+05
   9.1691673e+05
   9.1755000e+05
   9.1829289e+05
   9.1877077e+05
   9.1931342e+05
   9.1983772e+05
   9.2032164e+05
   9.2066876e+05
   9.2128905e+05
   9.2174015e+05
   9.2253687e+05
   9.2329503e+05
   9.2372431e+05
   9.2543411e+05
   9.2586574e+05
   9.2653928e+05
   9.2736214e+05
   9.2822960e+05
   9.2901037e+05
   9.2967731e+05
   9.3062536e+05
   9.3368730e+05
   9.3439709e+05
   9.3505512e+05
   9.3558372e+05
   9.3618217e+05
   9.3763943e+05
   9.3816008e+05
   9.3864126e+05
   9.3956125e+05
   9.6053231e+05
   9.6110707e+05
   9.6229318e+05
   9.6295349e+05
   9.6338810e+05
   9.6483977e+05
   9.6533286e+05
   9.6603939e+05
   9.6649489e+05
   9.6725872e+05
   9.6828153e+05
   9.6955022e+05
   9.7017563e+05
   9.7111288e+05
   9.7176932e+05
   9.7246286e+05
   9.7307107e+05
   9.7397639e+05
   9.7451435e+05
   9.7560234e+05
   9.7655366e+05
   9.7744726e+05
   9.7804032e+05
   9.7934724e+05
   9.8052847e+05
   9.8094501e+05
   9.8180667e+05
   9.8238642e+05
   9.8299253e+05
   9.8612683e+05
   9.8677193e+05
   9.8752150e+05
   9.8884596e+05
   9.8922173e+05
   9.8980577e+05
   9.9081544e+05
   9.9172099e+05
   9.9219058e+05
   9.9276490e+05
   9.9324286e+05
   9.9375156e+05
   9.9436606e+05
   9.9501599e+05
   9.9570118e+05
   9.9618273e+05
   9.9646539e+05
   9.9854483e+05
   1.0209785e+06
   1.0213706e+06
   1.0217500e+06
   1.0222951e+06
   1.0226729e+06
   1.0231907e+06
   1.0237664e+06
   1.0242118e+06
   1.0251449e+06
   1.0262472e+06
   1.0268726e+06
   1.0277789e+06
   1.0286882e+06
   1.0290643e+06
   1.0299223e+06
   1.0309573e+06
   1.0315707e+06
   1.0320880e+06
   1.0334045e+06
   1.0342012e+06
   1.0346093e+06
   1.0351052e+06
   1.0357629e+06
   1.0361273e+06
   1.0365653e+06
   1.0370340e+06
   1.0374970e+06
   1.0382170e+06
   1.0387885e+06
   1.0401048e+06
   1.0408291e+06
   1.0411932e+06
   1.0422434e+06
   1.0432274e+06
   1.0444852e+06
   1.0449442e+06
   1.0454261e+06
   1.0461558e+06
   1.0468159e+06
   1.0474567e+06
   1.0482965e+06
   1.0487885e+06
   1.0492978e+06
   1.0496837e+06
   1.0507282e+06
   1.0520150e+06
   1.0532826e+06
   1.0541663e+06
   1.0560708e+06
   1.0567704e+06
   1.0574701e+06
   1.0578985e+06
   1.0591385e+06
   1.0597601e+06
   1.0806178e+06
   1.0813480e+06
   1.0819636e+06
   1.0825175e+06
   1.0830152e+06
   1.0836516e+06
   1.0841920e+06
   1.0846581e+06
   1.0861500e+06
   1.0868131e+06
   1.0876377e+06
   1.0879496e+06
   1.0883990e+06
   1.0898960e+06
   1.0903957e+06
   1.0911443e+06
   1.0917251e+06
   1.0924177e+06
   1.0930257e+06
   1.0936467e+06
   1.0969961e+06
   1.0974700e+06
   1.0979977e+06
   1.0988760e+06
   1.0994967e+06
   1.1000554e+06
   1.1006567e+06
   1.1020840e+06
   1.1026521e+06
   1.1032884e+06
   1.1043452e+06
   1.1047438e+06
   1.1051395e+06
   1.1060366e+06
   1.1064527e+06
   1.1071843e+06
   1.1080948e+06
   1.1086014e+06
   1.1093176e+06
   1.1098512e+06
   1.1106704e+06
   1.1114697e+06
   1.1119344e+06
   1.1127059e+06
   1.1133803e+06
   1.1141577e+06
   1.1147036e+06
   1.1153725e+06
   1.1160425e+06
   1.1174156e+06
   1.1181191e+06
   1.1405364e+06
   1.1410234e+06
   1.1418967e+06
   1.1424540e+06
   1.1431282e+06
   1.1442486e+06
   1.1446077e+06
   1.1450516e+06
   1.1454516e+06
   1.1459613e+06
   1.1470107e+06
   1.1475050e+06
   1.1479616e+06
   1.1486344e+06
   1.1493498e+06
   1.1500200e+06
   1.1519200e+06
   1.1522655e+06
   1.1531142e+06
   1.1535334e+06
   1.1539360e+06
   1.1546964e+06
   1.1552136e+06
   1.1558500e+06
   1.1569031e+06
   1.1574599e+06
   1.1579708e+06
   1.1585852e+06
   1.1594528e+06
   1.1600302e+06
   1.1613816e+06
   1.1618741e+06
   1.1622933e+06
   1.1627806e+06
   1.1633718e+06
   1.1642062e+06
   1.1647468e+06
   1.1655200e+06
   1.1663256e+06
   1.1672438e+06
   1.1676244e+06
   1.1679951e+06
   1.1686973e+06
   1.1690661e+06
   1.1695338e+06
   1.1700539e+06
   1.1704028e+06
   1.1708528e+06
   1.1714042e+06
   1.1728985e+06
   1.1736628e+06
   1.1758527e+06
   1.1764452e+06
   1.1772369e+06
   1.1778152e+06
   1.1786835e+06
   1.1791667e+06
   1.2007223e+06
   1.2019550e+06
   1.2027203e+06
   1.2032273e+06
   1.2038916e+06
   1.2044901e+06
   1.2066474e+06
   1.2073522e+06
   1.2080608e+06
   1.2087956e+06
   1.2106694e+06
   1.2117545e+06
   1.2122414e+06
   1.2128871e+06
   1.2134871e+06
   1.2150710e+06
   1.2156870e+06
   1.2163539e+06
   1.2172940e+06
   1.2179267e+06
   1.2184480e+06
   1.2193193e+06
   1.2199723e+06
   1.2202877e+06
   1.2207655e+06
   1.2212479e+06
   1.2220128e+06
   1.2228099e+06
   1.2233924e+06
   1.2240346e+06
   1.2245119e+06
   1.2250868e+06
   1.2255896e+06
   1.2261264e+06
   1.2268193e+06
   1.2287626e+06
   1.2297651e+06
   1.2302086e+06
   1.2307815e+06
   1.2313657e+06
   1.2323986e+06
   1.2338879e+06
   1.2344402e+06
   1.2351507e+06
   1.2360793e+06
   1.2370666e+06
   1.2374968e+06
   1.2380796e+06
   1.2395918e+06
   1.2605392e+06
   1.2621533e+06
   1.2627713e+06
   1.2638576e+06
   1.2648726e+06
   1.2655914e+06
   1.2666513e+06
   1.2677411e+06
   1.2682815e+06
   1.2690569e+06
   1.2698834e+06
   1.2705406e+06
   1.2712860e+06
   1.2719866e+06
   1.2723357e+06
   1.2727865e+06
   1.2732455e+06
   1.2743084e+06
   1.2748197e+06
   1.2756065e+06
   1.2782708e+06
   1.2787882e+06
   1.2794929e+06
   1.2798716e+06
   1.2805599e+06
   1.2822548e+06
   1.2830457e+06
   1.2834967e+06
   1.2840898e+06
   1.2850293e+06
   1.2854419e+06
   1.2861499e+06
   1.2864996e+06
   1.2869473e+06
   1.2873079e+06
   1.2880554e+06
   1.2888138e+06
   1.2900136e+06
   1.2904669e+06
   1.2909670e+06
   1.2916325e+06
   1.2920070e+06
   1.2927057e+06
   1.2932708e+06
   1.2940134e+06
   1.2946960e+06
   1.2953903e+06
   1.2964478e+06
   1.2970378e+06
   1.2978423e+06
   1.3205942e+06
   1.3211738e+06
   1.3217199e+06
   1.3221161e+06
   1.3226699e+06
   1.3235989e+06
   1.3241191e+06
   1.3248660e+06
   1.3257049e+06
   1.3268526e+06
   1.3277015e+06
   1.3283248e+06
   1.3293282e+06
   1.3299981e+06
   1.3303706e+06
   1.3310268e+06
   1.3314403e+06
   1.3318520e+06
   1.3325544e+06
   1.3331975e+06
   1.3338004e+06
   1.3342270e+06
   1.3345851e+06
   1.3350766e+06
   1.3358067e+06
   1.3362973e+06
   1.3375432e+06
   1.3379641e+06
   1.3388151e+06
   1.3394806e+06
   1.3402811e+06
   1.3408349e+06
   1.3413123e+06
   1.3424057e+06
   1.3433387e+06
   1.3438069e+06
   1.3443303e+06
   1.3447308e+06
   1.3458436e+06
   1.3465368e+06
   1.3474850e+06
   1.3478597e+06
   1.3486254e+06
   1.3489480e+06
   1.3494286e+06
   1.3498774e+06
   1.3504474e+06
   1.3513730e+06
   1.3519649e+06
   1.3524008e+06
   1.3532037e+06
   1.3559616e+06
   1.3574261e+06
   1.3584874e+06
   1.3590018e+06
   1.3594604e+06
   1.3816149e+06
   1.3824356e+06
   1.3832762e+06
   1.3837747e+06
   1.3843088e+06
   1.3849252e+06
   1.3854888e+06
   1.3858471e+06
   1.3863188e+06
   1.3867037e+06
   1.3875387e+06
   1.3880390e+06
   1.3888842e+06
   1.3896044e+06
   1.3900188e+06
   1.3907901e+06
   1.3914083e+06
   1.3919428e+06
   1.3924561e+06
   1.3937585e+06
   1.3943958e+06
   1.3948725e+06
   1.3954522e+06
   1.3958318e+06
   1.3962488e+06
   1.3976399e+06
   1.4000191e+06
   1.4012786e+06
   1.4020211e+06
   1.4030106e+06
   1.4037039e+06
   1.4046575e+06
   1.4056992e+06
   1.4064695e+06
   1.4068720e+06
   1.4076875e+06
   1.4093246e+06
   1.4098958e+06
   1.4104511e+06
   1.4109044e+06
   1.4118525e+06
   1.4122678e+06
   1.4127145e+06
   1.4133037e+06
   1.4137937e+06
   1.4142915e+06
   1.4151195e+06
   1.4154952e+06
   1.4158124e+06
   1.4164565e+06
   1.4172304e+06
   1.4185401e+06
   1.4190800e+06
   1.4195079e+06
   1.4407190e+06
   1.4413810e+06
   1.4418992e+06
   1.4424495e+06
   1.4434246e+06
   1.4440999e+06
   1.4446754e+06
   1.4457603e+06
   1.4466055e+06
   1.4470116e+06
   1.4473553e+06
   1.4477636e+06
   1.4484200e+06
   1.4489691e+06
   1.4496521e+06
   1.4503051e+06
   1.4509578e+06
   1.4519656e+06
   1.4526427e+06
   1.4531668e+06
   1.4536437e+06
   1.4545253e+06
   1.4549992e+06
   1.4559073e+06
   1.4564750e+06
   1.4569352e+06
   1.4592396e+06
   1.4596945e+06
   1.4607734e+06
   1.4612922e+06
   1.4617927e+06
   1.4623469e+06
   1.4628866e+06
   1.4635971e+06
   1.4642689e+06
   1.4650531e+06
   1.4656347e+06
   1.4667328e+06
   1.4670453e+06
   1.4675872e+06
   1.4683923e+06
   1.4691230e+06
   1.4697281e+06
   1.4703364e+06
   1.4713445e+06
   1.4722050e+06
   1.4760252e+06
   1.4766917e+06
   1.4776685e+06
   1.4782167e+06
   1.4792215e+06
   1.5007824e+06
   1.5013596e+06
   1.5018833e+06
   1.5025172e+06
   1.5031980e+06
   1.5042431e+06
   1.5047181e+06
   1.5051951e+06
   1.5058449e+06
   1.5063720e+06
   1.5071600e+06
   1.5076986e+06
   1.5083773e+06
   1.5092570e+06
   1.5103945e+06
   1.5110380e+06
   1.5116481e+06
   1.5121141e+06
   1.5131754e+06
   1.5137090e+06
   1.5142265e+06
   1.5148027e+06
   1.5157414e+06
   1.5160982e+06
   1.5165269e+06
   1.5178190e+06
   1.5182547e+06
   1.5187174e+06
   1.5191030e+06
   1.5199901e+06
   1.5204845e+06
   1.5211492e+06
   1.5219403e+06
   1.5232704e+06
   1.5239866e+06
   1.5245500e+06
   1.5251192e+06
   1.5256180e+06
   1.5261942e+06
   1.5267043e+06
   1.5272729e+06
   1.5276121e+06
   1.5280930e+06
   1.5288940e+06
   1.5292741e+06
   1.5301774e+06
   1.5307450e+06
   1.5312088e+06
   1.5316105e+06
   1.5325150e+06
   1.5334711e+06
   1.5342264e+06
   1.5354972e+06
   1.5358940e+06
   1.5371731e+06
   1.5377372e+06
   1.5383298e+06
   1.5388197e+06
   1.5392032e+06
   1.5604121e+06
   1.5610113e+06
   1.5617552e+06
   1.5621559e+06
   1.5634097e+06
   1.5639956e+06
   1.5646330e+06
   1.5651141e+06
   1.5658326e+06
   1.5665758e+06
   1.5677421e+06
   1.5687691e+06
   1.5695607e+06
   1.5700402e+06
   1.5708045e+06
   1.5718292e+06
   1.5727132e+06
   1.5733109e+06
   1.5740995e+06
   1.5747293e+06
   1.5752318e+06
   1.5759900e+06
   1.5766819e+06
   1.5772501e+06
   1.5776829e+06
   1.5781283e+06
   1.5787291e+06
   1.5793830e+06
   1.5799630e+06
   1.5804122e+06
   1.5809071e+06
   1.5814050e+06
   1.5817958e+06
   1.5829082e+06
   1.5834300e+06
   1.5840333e+06
   1.5847729e+06
   1.5853030e+06
   1.5857865e+06
   1.5865278e+06
   1.5869439e+06
   1.5875097e+06
   1.5881725e+06
   1.5888263e+06
   1.5899862e+06
   1.5906516e+06
   1.5912307e+06
   1.5917492e+06
   1.5922641e+06
   1.5926792e+06
   1.5932594e+06
   1.5940482e+06
   1.5958628e+06
   1.5966344e+06
   1.5978244e+06
   1.5982962e+06
   1.5988868e+06
   1.5995932e+06
   1.6209036e+06
   1.6214226e+06
   1.6224865e+06
   1.6229533e+06
   1.6236189e+06
   1.6248246e+06
   1.6252960e+06
   1.6263886e+06
   1.6271939e+06
   1.6275813e+06
   1.6281288e+06
   1.6288163e+06
   1.6292245e+06
   1.6297599e+06
   1.6306271e+06
   1.6312711e+06
   1.6317724e+06
   1.6330140e+06
   1.6334328e+06
   1.6338018e+06
   1.6342203e+06
   1.6354561e+06
   1.6359498e+06
   1.6363825e+06
   1.6369058e+06
   1.6374308e+06
   1.6377444e+06
   1.6383018e+06
   1.6431868e+06
   1.6438602e+06
   1.6447556e+06
   1.6452358e+06
   1.6459918e+06
   1.6464283e+06
   1.6470606e+06
   1.6483282e+06
   1.6487480e+06
   1.6495325e+06
   1.6502879e+06
   1.6513438e+06
   1.6517725e+06
   1.6522302e+06
   1.6525512e+06
   1.6546267e+06
   1.6554402e+06
   1.6560963e+06
   1.6566088e+06
   1.6572145e+06
   1.6576674e+06
   1.6582669e+06
   1.6588892e+06
   1.6592499e+06
   1.6804431e+06
   1.6809321e+06
   1.6818929e+06
   1.6823433e+06
   1.6829435e+06
   1.6835649e+06
   1.6842551e+06
   1.6850182e+06
   1.6856429e+06
   1.6862652e+06
   1.6872946e+06
   1.6883762e+06
   1.6893825e+06
   1.6898140e+06
   1.6902520e+06
   1.6907669e+06
   1.6912215e+06
   1.6916417e+06
   1.6924519e+06
   1.6928626e+06
   1.6937668e+06
   1.6947917e+06
   1.6952563e+06
   1.6959235e+06
   1.6986928e+06
   1.6991522e+06
   1.6995504e+06
   1.7005273e+06
   1.7050704e+06
   1.7060862e+06
   1.7066944e+06
   1.7078254e+06
   1.7091725e+06
   1.7096172e+06
   1.7102145e+06
   1.7107493e+06
   1.7113438e+06
   1.7124178e+06
   1.7134132e+06
   1.7152618e+06
   1.7158894e+06
   1.7163958e+06
   1.7169906e+06
   1.7176390e+06
   1.7188713e+06
   1.7194527e+06
   1.7407473e+06
   1.7415827e+06
   1.7419989e+06
   1.7424622e+06
   1.7428211e+06
   1.7433421e+06
   1.7439601e+06
   1.7444799e+06
   1.7454569e+06
   1.7458423e+06
   1.7464849e+06
   1.7473653e+06
   1.7478177e+06
   1.7486900e+06
   1.7492665e+06
   1.7499417e+06
   1.7509180e+06
   1.7514180e+06
   1.7523842e+06
   1.7527843e+06
   1.7530947e+06
   1.7536010e+06
   1.7600183e+06
   1.7605648e+06
   1.7610999e+06
   1.7630713e+06
   1.7636314e+06
   1.7641020e+06
   1.7651775e+06
   1.7656447e+06
   1.7665026e+06
   1.7671917e+06
   1.7676296e+06
   1.7682570e+06
   1.7707859e+06
   1.7711532e+06
   1.7719958e+06
   1.7725739e+06
   1.7731623e+06
   1.7735994e+06
   1.7742529e+06
   1.7746800e+06
   1.7758940e+06
   1.7764655e+06
   1.7769292e+06
   1.7785888e+06
   1.7794731e+06
   1.8006609e+06
   1.8064948e+06
   1.8071153e+06
   1.8082378e+06
   1.8088038e+06
   1.8093844e+06
   1.8100112e+06
   1.8116389e+06
   1.8126318e+06
   1.8136487e+06
   1.8144060e+06
   1.8153399e+06
   1.8160765e+06
   1.8169007e+06
   1.8173437e+06
   1.8178404e+06
   1.8183226e+06
   1.8190089e+06
   1.8198213e+06
   1.8201604e+06
   1.8207426e+06
   1.8212258e+06
   1.8218041e+06
   1.8221577e+06
   1.8241154e+06
   1.8246845e+06
   1.8252594e+06
   1.8262303e+06
   1.8267761e+06
   1.8274257e+06
   1.8282624e+06
   1.8291366e+06
   1.8300434e+06
   1.8310675e+06
   1.8316576e+06
   1.8324238e+06
   1.8331885e+06
   1.8336917e+06
   1.8342636e+06
   1.8353948e+06
   1.8366739e+06
   1.8370357e+06
   1.8378470e+06
   1.8609959e+06
   1.8615244e+06
   1.8628418e+06
   1.8634604e+06
   1.8639615e+06
   1.8643812e+06
   1.8648156e+06
   1.8655545e+06
   1.8663002e+06
   1.8672911e+06
   1.8676329e+06
   1.8687826e+06
   1.8695983e+06
   1.8700680e+06
   1.8709965e+06
   1.8714677e+06
   1.8729275e+06
   1.8734398e+06
   1.8739037e+06
   1.8745515e+06
   1.8750628e+06
   1.8756681e+06
   1.8763320e+06
   1.8769605e+06
   1.8775170e+06
   1.8781879e+06
   1.8826156e+06
   1.8832745e+06
   1.8846278e+06
   1.8850942e+06
   1.8855520e+06
   1.8859333e+06
   1.8863840e+06
   1.8868759e+06
   1.8872830e+06
   1.8876287e+06
   1.8881488e+06
   1.8885246e+06
   1.8890874e+06
   1.8899914e+06
   1.8903723e+06
   1.8909831e+06
   1.8916191e+06
   1.8930130e+06
   1.8935913e+06
   1.8941593e+06
   1.8947586e+06
   1.8952298e+06
   1.8963643e+06
   1.8984458e+06
   1.8990466e+06
   1.8994856e+06
   1.8300043e+06
   1.8305078e+06
   1.8309576e+06
   1.8319183e+06
   1.8325551e+06
   1.8329766e+06
   1.8335664e+06
   1.8342295e+06
   1.8349512e+06
   1.8364259e+06
   1.8379046e+06
   1.8385360e+06
   1.8395477e+06
   1.8604612e+06
   1.8610825e+06
   1.8615272e+06
   1.8632157e+06
   1.8637869e+06
   1.8644598e+06
   1.8653664e+06
   1.8659527e+06
   1.8668796e+06
   1.8676314e+06
   1.8680845e+06
   1.8688205e+06
   1.8696792e+06
   1.8703294e+06
   1.8706725e+06
   1.8715917e+06
   1.8723459e+06
   1.8730132e+06
   1.8737279e+06
   1.8742482e+06
   1.8751298e+06
   1.8758817e+06
   1.8767090e+06
   1.8773631e+06
   1.8779751e+06
   1.8788443e+06
   1.8805079e+06
   1.8810831e+06
   1.8818473e+06
   1.8824124e+06
   1.8829242e+06
   1.8837353e+06
   1.8842013e+06
   1.8848954e+06
   1.8853679e+06
   1.8859061e+06
   1.8870653e+06
   1.8876197e+06
   1.8880588e+06
   1.8890768e+06
   1.8895794e+06
   1.8904704e+06
   1.8909453e+06
   1.8915717e+06
   1.8920655e+06
   1.8925208e+06
   1.8935567e+06
   1.8942214e+06
   1.8948751e+06
   1.8952941e+06
   1.8958586e+06
   1.8968779e+06
   1.8976112e+06
   1.8980781e+06
   1.8990786e+06
   1.8999642e+06
   1.8929295e+06
   1.8933550e+06
   1.8941007e+06
   1.8949676e+06
   1.8955801e+06
   1.8964951e+06
   1.8971269e+06
   1.8977853e+06
   1.8985355e+06
   1.8991428e+06
   1.8999029e+06
