   2.8569603e+03
   7.5216793e+03
   9.3253844e+03
   1.0276031e+04
   1.2559177e+04
   1.5899415e+04
   1.8990112e+04
   2.2005679e+04
   2.6961672e+04
   2.8767920e+04
   3.4442640e+04
   3.7553951e+04
   4.0344640e+04
   4.0969694e+04
   4.4583560e+04
   4.5943843e+04
   4.6791542e+04
   5.1140166e+04
   5.5062847e+04
   5.6701380e+04
   5.9398005e+04
   1.0009265e+05
   9.6561045e+04
   9.8984179e+04
   1.0068753e+05
   1.0329300e+05
   1.0480913e+05
   1.0654367e+05
   1.0731864e+05
   1.0969250e+05
   1.1163933e+05
   1.1384928e+05
   1.1506217e+05
   1.1640760e+05
   1.2001717e+05
   1.6001269e+05
   1.6156534e+05
   1.6317795e+05
   1.6461195e+05
   1.6710896e+05
   1.6913911e+05
   1.7307202e+05
   1.7853384e+05
   2.2016530e+05
   2.2047367e+05
   2.2173080e+05
   2.2395885e+05
   2.2539131e+05
   2.2846095e+05
   2.2982753e+05
   2.3153073e+05
   2.3396591e+05
   2.3491893e+05
   2.3719318e+05
   2.3856827e+05
   2.4009279e+05
   2.8019330e+05
   2.8092974e+05
   2.8475194e+05
   2.8823485e+05
   2.8999429e+05
   2.9312038e+05
   2.9977475e+05
   3.4173411e+05
   3.4423052e+05
   3.4677576e+05
   3.4889088e+05
   3.5096030e+05
   3.5425881e+05
   3.5683910e+05
   3.5998673e+05
   4.0003766e+05
   4.0099775e+05
   4.0283189e+05
   4.0418024e+05
   4.0773281e+05
   4.0929579e+05
   4.1495740e+05
   4.1713624e+05
   4.1995616e+05
   4.6142397e+05
   4.6324847e+05
   4.6550061e+05
   4.6708214e+05
   4.6831980e+05
   4.6982084e+05
   4.7303955e+05
   4.7371260e+05
   4.7862439e+05
   5.2090667e+05
   5.2283054e+05
   5.2481643e+05
   5.2660575e+05
   5.2835354e+05
   5.3022144e+05
   5.3137440e+05
   5.3348371e+05
   5.3600793e+05
   5.3694405e+05
   5.3830515e+05
   5.8079686e+05
   5.8208702e+05
   5.8362670e+05
   5.8558999e+05
   5.8803932e+05
   5.8971808e+05
   5.9140153e+05
   5.9302855e+05
   5.9695377e+05
   5.9824604e+05
   5.9980266e+05
   6.0179189e+05
   6.0455111e+05
   6.0747837e+05
   6.1468222e+05
   6.2219767e+05
   6.2404619e+05
   6.2588632e+05
   6.2769232e+05
   6.2905397e+05
   6.3150348e+05
   6.3358575e+05
   6.3515261e+05
   6.3735356e+05
   6.4025439e+05
   6.4198244e+05
   6.5053042e+05
   6.5329746e+05
   6.5530887e+05
   6.5788210e+05
   6.6283702e+05
   6.6874692e+05
   6.7132593e+05
   6.7358527e+05
   6.7526954e+05
   6.7663574e+05
   6.7932641e+05
   6.8108709e+05
   6.8555663e+05
   6.8994595e+05
   6.9109203e+05
   6.9253029e+05
   6.9564183e+05
   6.9871234e+05
   7.0244252e+05
   7.0441968e+05
   7.0669576e+05
   7.1040360e+05
   7.1216088e+05
   7.1797863e+05
   7.1924595e+05
   7.2180110e+05
   7.2339765e+05
   7.2906855e+05
   7.3907699e+05
   7.4029373e+05
   7.4154582e+05
   7.4313766e+05
   7.4471686e+05
   7.5552865e+05
   7.5684713e+05
   7.6076223e+05
   7.6173249e+05
   7.6229906e+05
   7.6323290e+05
   7.6405408e+05
   7.6497252e+05
   7.6558964e+05
   7.6638989e+05
   7.6972188e+05
   7.7138645e+05
   7.7238718e+05
   7.7567182e+05
   7.7724116e+05
   7.7972228e+05
   8.2090692e+05
   8.2182231e+05
   8.2315563e+05
   8.2425943e+05
   8.2511237e+05
   8.2632629e+05
   8.3618287e+05
   8.3755664e+05
   8.3873504e+05
   8.8171398e+05
   8.8298782e+05
   8.8428445e+05
   8.8543044e+05
   8.8651246e+05
   8.8855897e+05
   8.9050344e+05
   8.9294450e+05
   8.9730224e+05
   8.9980919e+05
   9.4111952e+05
   9.4208570e+05
   9.4358651e+05
   9.4444075e+05
   9.4520684e+05
   9.4602155e+05
   9.4685830e+05
   9.4839139e+05
   9.5104453e+05
   9.5306130e+05
   9.5597868e+05
   9.5784331e+05
   9.5994791e+05
   1.0008112e+06
   1.0018045e+06
   1.0027486e+06
   1.0039588e+06
   1.0050386e+06
   1.0063457e+06
   1.0081625e+06
   1.0092334e+06
   1.0118590e+06
   1.0166604e+06
   1.0189338e+06
   1.0611706e+06
   1.0622528e+06
   1.0648165e+06
   1.0661373e+06
   1.0691744e+06
   1.0709233e+06
   1.0730074e+06
   1.0762610e+06
   1.0786514e+06
   1.1218031e+06
   1.1232470e+06
   1.1242397e+06
   1.1252302e+06
   1.1264480e+06
   1.1287558e+06
   1.1305561e+06
   1.1318485e+06
   1.1368323e+06
   1.1384898e+06
   1.1811273e+06
   1.1825912e+06
   1.1836394e+06
   1.1851889e+06
   1.1865821e+06
   1.1894034e+06
   1.1911539e+06
   1.1927549e+06
   1.1939812e+06
   1.1990026e+06
   1.2437562e+06
   1.2452566e+06
   1.2464230e+06
   1.2490978e+06
   1.2507893e+06
   1.2552449e+06
   1.2581094e+06
   1.3013370e+06
   1.3023135e+06
   1.3036746e+06
   1.3049823e+06
   1.3069469e+06
   1.3087956e+06
   1.3101740e+06
   1.3117451e+06
   1.3156392e+06
   1.3188301e+06
   1.3622717e+06
   1.3636569e+06
   1.3650178e+06
   1.3667992e+06
   1.3690060e+06
   1.3758071e+06
   1.3775574e+06
   1.3790953e+06
   1.4219461e+06
   1.4231657e+06
   1.4244915e+06
   1.4291451e+06
   1.4305779e+06
   1.4375094e+06
   1.4815112e+06
   1.4830995e+06
   1.4861569e+06
   1.4895405e+06
   1.4916793e+06
   1.4932462e+06
   1.4964537e+06
   1.4980507e+06
   1.5418678e+06
   1.5428393e+06
   1.5444086e+06
   1.5462891e+06
   1.5491157e+06
   1.5506301e+06
   1.5523582e+06
   1.5552902e+06
   1.5571433e+06
   1.5589372e+06
   1.6019730e+06
   1.6044463e+06
   1.6065582e+06
   1.6182680e+06
   1.6613685e+06
   1.6630668e+06
   1.6661656e+06
   1.6688460e+06
   1.6707167e+06
   1.6759842e+06
   1.6774519e+06
   1.7215765e+06
   1.7227968e+06
   1.7245035e+06
   1.7260883e+06
   1.7284912e+06
   1.7359736e+06
   1.7376682e+06
   1.7391326e+06
   1.7816670e+06
   1.7836083e+06
   1.7846606e+06
   1.7858180e+06
   1.7977204e+06
   1.7992949e+06
   1.8413760e+06
   1.8430248e+06
   1.8444199e+06
   1.8461998e+06
   1.8494104e+06
   1.8511244e+06
   1.8529462e+06
   1.8561836e+06
   1.8578137e+06
   1.8592168e+06
   1.9012511e+06
   1.9022268e+06
   1.9034039e+06
   1.9059024e+06
   1.9091450e+06
   1.9112574e+06
   1.9128748e+06
   1.9155346e+06
   1.9175264e+06
   1.9192729e+06
   6.0052571e+04
   6.2209504e+04
   6.8881948e+04
   7.1011535e+04
   7.4720913e+04
   7.5993061e+04
   7.8034430e+04
   8.1092421e+04
   8.2474730e+04
   8.4257983e+04
   8.6506747e+04
   1.2011907e+05
   1.2317185e+05
   1.2550432e+05
   1.2960075e+05
   1.3128441e+05
   1.3318257e+05
   1.3577653e+05
   1.3846299e+05
   1.4316693e+05
   1.5063681e+05
   1.5255555e+05
   1.5401157e+05
   1.8132114e+05
   1.8333038e+05
   1.8570803e+05
   1.8754979e+05
   1.9193096e+05
   1.9473252e+05
   1.9746890e+05
   1.9906662e+05
   2.0292806e+05
   2.0606582e+05
   2.0790489e+05
   2.0940744e+05
   2.1298937e+05
   2.4382692e+05
   2.4637841e+05
   2.4842217e+05
   2.5164218e+05
   2.5738912e+05
   2.5973602e+05
   2.6293635e+05
   2.6533604e+05
   2.6764876e+05
   2.7343469e+05
   2.7557444e+05
   3.0136958e+05
   3.0239746e+05
   3.0453235e+05
   3.0866047e+05
   3.1082601e+05
   3.1273827e+05
   3.1459824e+05
   3.1850016e+05
   3.2005530e+05
   3.2372776e+05
   3.2675854e+05
   3.2977241e+05
   3.3209175e+05
   3.3469953e+05
   3.6276069e+05
   3.6506591e+05
   3.6716020e+05
   3.6957348e+05
   3.7117670e+05
   3.7231018e+05
   3.7404776e+05
   3.7566046e+05
   3.8317257e+05
   3.8804640e+05
   3.8990657e+05
   3.9133608e+05
   3.9368593e+05
   3.9586223e+05
   3.9892868e+05
   4.2265595e+05
   4.2347491e+05
   4.2792919e+05
   4.3026746e+05
   4.3212230e+05
   4.3479968e+05
   4.3627085e+05
   4.4560675e+05
   4.4819882e+05
   4.5007644e+05
   4.5329101e+05
   4.5579115e+05
   4.5708758e+05
   4.5900781e+05
   4.8150592e+05
   4.8430282e+05
   4.8583155e+05
   4.8847092e+05
   4.9275482e+05
   4.9535902e+05
   4.9748863e+05
   4.9940003e+05
   5.0155711e+05
   5.0391442e+05
   5.0633212e+05
   5.0839066e+05
   5.1009176e+05
   5.1117713e+05
   5.1396792e+05
   5.1670697e+05
   5.4542255e+05
   5.4860388e+05
   5.5190499e+05
   5.5446403e+05
   5.5624456e+05
   5.5855051e+05
   5.6126809e+05
   5.6405882e+05
   5.6543973e+05
   5.6736132e+05
   5.6908971e+05
   5.7214703e+05
   5.7360947e+05
   5.7560716e+05
   5.7926966e+05
   7.8222972e+05
   7.8436392e+05
   7.8635525e+05
   7.8803532e+05
   7.8914335e+05
   7.9072178e+05
   7.9244498e+05
   7.9437873e+05
   7.9678378e+05
   7.9898866e+05
   8.0171507e+05
   8.0615773e+05
   8.0906089e+05
   8.1172212e+05
   8.1365886e+05
   8.1602045e+05
   8.1938441e+05
   8.4543902e+05
   8.4681274e+05
   8.5332848e+05
   8.5480915e+05
   8.5827448e+05
   8.6033579e+05
   8.6720652e+05
   8.7229755e+05
   8.7559800e+05
   8.7991067e+05
   9.0240931e+05
   9.0433607e+05
   9.0611926e+05
   9.0843124e+05
   9.1071082e+05
   9.1290581e+05
   9.1430094e+05
   9.1644991e+05
   9.1777843e+05
   9.6180357e+05
   9.6334356e+05
   9.6492814e+05
   9.7720635e+05
   9.8166332e+05
   9.8373434e+05
   9.8594769e+05
   9.8900611e+05
   9.9146956e+05
   9.9421917e+05
   9.9822513e+05
   1.0226257e+06
   1.0274321e+06
   1.0321625e+06
   1.0367312e+06
   1.0818029e+06
   1.0842873e+06
   1.0863926e+06
   1.0879826e+06
   1.0901959e+06
   1.0925523e+06
   1.0951847e+06
   1.1010093e+06
   1.1027468e+06
   1.1077004e+06
   1.1101221e+06
   1.1130635e+06
   1.1147051e+06
   1.1164701e+06
   1.1198195e+06
   1.1417879e+06
   1.1459902e+06
   1.1487037e+06
   1.1516005e+06
   1.1540171e+06
   1.1578236e+06
   1.1591650e+06
   1.1611056e+06
   1.1625310e+06
   1.1667634e+06
   1.1721657e+06
   1.1749868e+06
   1.2013869e+06
   1.2102301e+06
   1.2118468e+06
   1.2141755e+06
   1.2343468e+06
   1.2365005e+06
   1.2381863e+06
   1.2635906e+06
   1.2683985e+06
   1.2717647e+06
   1.2743022e+06
   1.2786692e+06
   1.2989613e+06
   1.3226169e+06
   1.3241319e+06
   1.3262569e+06
   1.3289581e+06
   1.3342974e+06
   1.3380921e+06
   1.3397035e+06
   1.3420494e+06
   1.3490158e+06
   1.3511705e+06
   1.3538790e+06
   1.3814140e+06
   1.3837226e+06
   1.3927100e+06
   1.3944939e+06
   1.4136917e+06
   1.4419602e+06
   1.4479433e+06
   1.4496375e+06
   1.4526557e+06
   1.4568516e+06
   1.4582974e+06
   1.4617410e+06
   1.4664860e+06
   1.4685941e+06
   1.4726188e+06
   1.4754082e+06
   1.4772821e+06
   1.5012643e+06
   1.5044385e+06
   1.5075885e+06
   1.5103187e+06
   1.5120631e+06
   1.5170500e+06
   1.5193331e+06
   1.5219834e+06
   1.5241957e+06
   1.5294165e+06
   1.5319219e+06
   1.5336470e+06
   1.5621714e+06
   1.5635147e+06
   1.5669230e+06
   1.5736122e+06
   1.5757826e+06
   1.5793374e+06
   1.5816149e+06
   1.5866047e+06
   1.5882232e+06
   1.5899804e+06
   1.5915090e+06
   1.5933548e+06
   1.5970929e+06
   1.5987763e+06
   1.6225304e+06
   1.6240444e+06
   1.6261629e+06
   1.6338418e+06
   1.6359052e+06
   1.6382779e+06
   1.6416674e+06
   1.6511899e+06
   1.6528105e+06
   1.6547458e+06
   1.6570488e+06
   1.6816135e+06
   1.6842591e+06
   1.6886559e+06
   1.6925898e+06
   1.6993291e+06
   1.7008376e+06
   1.7024770e+06
   1.7079648e+06
   1.7093449e+06
   1.7113201e+06
   1.7127440e+06
   1.7152339e+06
   1.7169771e+06
   1.7186983e+06
   1.7425019e+06
   1.7445416e+06
   1.7472475e+06
   1.7541124e+06
   1.7560506e+06
   1.7574798e+06
   1.7593025e+06
   1.7606180e+06
   1.7628832e+06
   1.7644873e+06
   1.7678779e+06
   1.7695327e+06
   1.7750026e+06
   1.7764667e+06
   1.7782452e+06
   1.8015793e+06
   1.8039955e+06
   1.8055515e+06
   1.8087321e+06
   1.8118201e+06
   1.8210630e+06
   1.8239719e+06
   1.8256380e+06
   1.8276099e+06
   1.8335594e+06
   1.8369913e+06
   1.8625956e+06
   1.8656942e+06
   1.8674031e+06
   1.8713542e+06
   1.8737861e+06
   1.8754066e+06
   1.8793489e+06
   1.8949312e+06
   1.8975904e+06
   1.8999972e+06
   3.5917980e+05
   3.5934696e+05
   3.5952823e+05
   3.5980996e+05
   3.5994743e+05
   4.1911942e+05
   4.1946597e+05
   4.1960634e+05
   4.1984198e+05
   4.7914731e+05
   4.7966211e+05
   4.7983347e+05
   5.3911899e+05
   5.3931988e+05
   5.3950353e+05
   5.3978816e+05
   5.3998139e+05
   5.9928266e+05
   5.9944867e+05
   5.9957519e+05
   5.9975368e+05
   5.9998860e+05
