   5.5541641e+02
   1.3449671e+03
   2.3514203e+03
   3.1254925e+03
   3.6694896e+03
   4.1723281e+03
   4.5861711e+03
   5.0742106e+03
   5.7125304e+03
   6.1663365e+03
   6.6504327e+03
   7.9493406e+03
   1.4098076e+04
   1.4645035e+04
   1.5310407e+04
   1.5983410e+04
   1.6704599e+04
   1.7565281e+04
   1.8030798e+04
   1.8518757e+04
   1.8960288e+04
   2.2628603e+04
   2.3079251e+04
   2.4250621e+04
   2.5529939e+04
   2.6255093e+04
   2.7413727e+04
   2.8202492e+04
   2.8790066e+04
   2.9544077e+04
   3.0034264e+04
   3.0588736e+04
   3.1274457e+04
   3.3266071e+04
   3.3729768e+04
   3.4408085e+04
   3.5072550e+04
   3.5646657e+04
   3.6470372e+04
   3.6808823e+04
   3.7374044e+04
   3.8004238e+04
   4.0414465e+04
   4.0369427e+04
   4.0653396e+04
   4.1349811e+04
   4.1746416e+04
   4.2165508e+04
   4.2705242e+04
   4.3581792e+04
   4.4015832e+04
   4.4483457e+04
   4.5312764e+04
   4.6343599e+04
   4.6857956e+04
   4.7418604e+04
   4.7727772e+04
   4.8437951e+04
   4.9211570e+04
   4.9525462e+04
   5.0281487e+04
   5.0860212e+04
   5.1452334e+04
   5.2338838e+04
   5.3284873e+04
   5.3681731e+04
   5.4698172e+04
   5.5260600e+04
   5.5697617e+04
   5.6687123e+04
   5.7341867e+04
   5.7959116e+04
   5.8289712e+04
   5.9294597e+04
   5.9821811e+04
   1.0065293e+05
   1.0751324e+05
   1.0798330e+05
   1.0856504e+05
   1.0915673e+05
   1.0991916e+05
   1.1121147e+05
   1.1187566e+05
   1.1217511e+05
   1.1268244e+05
   1.1445954e+05
   1.1513518e+05
   1.1669277e+05
   1.1751526e+05
   1.1874114e+05
   1.1916675e+05
   1.1989122e+05
   1.6036976e+05
   1.6078642e+05
   1.6140157e+05
   1.6229011e+05
   1.6265951e+05
   1.6324198e+05
   1.6397319e+05
   1.6483381e+05
   1.6535676e+05
   1.6600717e+05
   1.6661959e+05
   1.6699766e+05
   1.6766110e+05
   1.6826117e+05
   1.6886407e+05
   1.6931067e+05
   1.6961940e+05
   1.7011162e+05
   1.7047173e+05
   1.7130854e+05
   1.7190281e+05
   1.7302794e+05
   1.7370994e+05
   1.7465350e+05
   1.7508160e+05
   1.7576815e+05
   1.7677574e+05
   1.7748493e+05
   1.7796648e+05
   1.7931424e+05
   1.7998013e+05
   2.2083242e+05
   2.2126604e+05
   2.2238178e+05
   2.2273733e+05
   2.2324237e+05
   2.2358344e+05
   2.2392212e+05
   2.2442311e+05
   2.2482227e+05
   2.2533863e+05
   2.2581630e+05
   2.2668392e+05
   2.2804695e+05
   2.2844527e+05
   2.2913800e+05
   2.2964465e+05
   2.3003036e+05
   2.3083257e+05
   2.3160528e+05
   2.3241525e+05
   2.3296357e+05
   2.3507481e+05
   2.3575433e+05
   2.3641957e+05
   2.3711906e+05
   2.3760443e+05
   2.3817867e+05
   2.3889638e+05
   2.3950929e+05
   2.8087482e+05
   2.8159328e+05
   2.8200948e+05
   2.8340804e+05
   2.8382507e+05
   2.8460749e+05
   2.8523355e+05
   2.8644231e+05
   2.8677859e+05
   2.8754524e+05
   2.8840353e+05
   2.8943024e+05
   2.8986177e+05
   2.9023451e+05
   2.9115047e+05
   2.9172219e+05
   2.9237677e+05
   2.9279975e+05
   2.9354523e+05
   2.9497594e+05
   2.9543241e+05
   2.9624102e+05
   2.9693638e+05
   2.9754630e+05
   2.9808303e+05
   2.9848685e+05
   2.9906608e+05
   2.9976901e+05
   3.4064667e+05
   3.4208716e+05
   3.4246777e+05
   3.4303974e+05
   3.4377285e+05
   3.4419512e+05
   3.4465571e+05
   3.4579168e+05
   3.4618559e+05
   3.4686742e+05
   3.4821599e+05
   3.4920991e+05
   3.4977800e+05
   3.5023334e+05
   3.5098430e+05
   3.5174219e+05
   3.5213122e+05
   3.5253370e+05
   3.5303876e+05
   3.5474206e+05
   3.5582707e+05
   3.5683958e+05
   3.5754209e+05
   3.5798193e+05
   3.5853346e+05
   3.5973662e+05
   4.0045995e+05
   4.0099865e+05
   4.0183183e+05
   4.0225690e+05
   4.0329022e+05
   4.0372684e+05
   4.0424398e+05
   4.0470526e+05
   4.0792451e+05
   4.0850959e+05
   4.0927751e+05
   4.0997952e+05
   4.1043551e+05
   4.1238849e+05
   4.1321135e+05
   4.1468224e+05
   4.1529070e+05
   4.1574368e+05
   4.1620842e+05
   4.1663276e+05
   4.1704515e+05
   4.1772976e+05
   4.1820767e+05
   4.1867199e+05
   4.1956758e+05
   4.1989685e+05
   4.6077783e+05
   4.6115722e+05
   4.6319807e+05
   4.6382826e+05
   4.6490664e+05
   4.6562554e+05
   4.6626424e+05
   4.6764604e+05
   4.6810733e+05
   4.6847490e+05
   4.6895630e+05
   4.6939003e+05
   4.7013529e+05
   4.7149138e+05
   4.7211404e+05
   4.7256538e+05
   4.7300027e+05
   4.7360741e+05
   4.7396355e+05
   4.7512044e+05
   4.7640276e+05
   4.7681672e+05
   4.7749114e+05
   5.2043544e+05
   5.2101580e+05
   5.2149741e+05
   5.2187635e+05
   5.2231057e+05
   5.2281123e+05
   5.2328264e+05
   5.2374911e+05
   5.2433121e+05
   5.2525386e+05
   5.2648743e+05
   5.2693891e+05
   5.2766339e+05
   5.2860509e+05
   5.2971288e+05
   5.3024729e+05
   5.3078509e+05
   5.3123016e+05
   5.3167500e+05
   5.3225031e+05
   5.3289719e+05
   5.3366677e+05
   5.3483845e+05
   5.3571976e+05
   5.3633560e+05
   5.3680038e+05
   5.3746973e+05
   5.3808878e+05
   5.3892068e+05
   5.3949559e+05
   5.8068267e+05
   5.8213721e+05
   5.8397362e+05
   5.8480774e+05
   5.8575025e+05
   5.8655933e+05
   5.8783221e+05
   5.8820812e+05
   5.8862799e+05
   5.8897859e+05
   5.8978836e+05
   5.9036391e+05
   5.9086558e+05
   5.9142306e+05
   5.9193064e+05
   5.9224822e+05
   5.9295882e+05
   5.9344283e+05
   5.9451154e+05
   5.9509895e+05
   5.9676246e+05
   5.9761474e+05
   5.9850334e+05
   5.9920910e+05
   6.0036961e+05
   6.0153933e+05
   6.0320616e+05
   6.0386693e+05
   6.0443817e+05
   6.0486104e+05
   6.0531589e+05
   6.0601845e+05
   6.0667144e+05
   6.0770706e+05
   6.0861843e+05
   6.0911446e+05
   6.0975557e+05
   6.1032536e+05
   6.1224057e+05
   6.1280960e+05
   6.1361475e+05
   6.1454630e+05
   6.1540795e+05
   6.1588921e+05
   6.1722537e+05
   6.1777072e+05
   6.1849088e+05
   6.1917147e+05
   6.1972236e+05
   6.2069595e+05
   6.2123920e+05
   6.2162264e+05
   6.2245121e+05
   6.2286422e+05
   6.2392943e+05
   6.2427664e+05
   6.2481381e+05
   6.2977605e+05
   6.3027355e+05
   6.3094359e+05
   6.3127180e+05
   6.3219906e+05
   6.3257459e+05
   6.3837995e+05
   6.3872028e+05
   6.3970160e+05
   6.4028183e+05
   6.4095245e+05
   6.4142746e+05
   6.4203320e+05
   6.4245275e+05
   6.4306844e+05
   6.4428010e+05
   6.4620298e+05
   6.4676459e+05
   6.4710359e+05
   6.4760594e+05
   6.4833666e+05
   6.4886204e+05
   6.4953789e+05
   6.5016978e+05
   6.5060374e+05
   6.5099361e+05
   6.5224413e+05
   6.5376328e+05
   6.5411609e+05
   6.5482540e+05
   6.5543246e+05
   6.5576746e+05
   6.5631472e+05
   6.5671769e+05
   6.5727967e+05
   6.5795779e+05
   6.5857883e+05
   6.5926635e+05
   6.5977056e+05
   6.6044876e+05
   6.6139258e+05
   6.6205313e+05
   6.6270637e+05
   6.6361877e+05
   6.6426443e+05
   6.6489446e+05
   6.6550714e+05
   6.7050883e+05
   6.7131912e+05
   6.7203163e+05
   6.7268630e+05
   6.7387576e+05
   6.7461619e+05
   6.7591797e+05
   6.7653610e+05
   6.7707119e+05
   6.7750778e+05
   6.7807670e+05
   6.7842164e+05
   6.7923624e+05
   6.8023729e+05
   6.8113156e+05
   6.8182580e+05
   6.8221890e+05
   6.8270519e+05
   6.8347082e+05
   6.8394873e+05
   6.8462356e+05
   6.8494688e+05
   6.8541993e+05
   6.8606605e+05
   6.8669318e+05
   6.8729227e+05
   6.8767547e+05
   6.8820581e+05
   6.8903531e+05
   6.8953254e+05
   6.9004139e+05
   6.9195664e+05
   6.9310707e+05
   6.9372337e+05
   6.9434490e+05
   6.9524348e+05
   6.9580884e+05
   6.9627060e+05
   6.9682623e+05
   6.9735425e+05
   6.9852921e+05
   6.9922277e+05
   6.9996361e+05
   7.0051222e+05
   7.0109890e+05
   7.0157884e+05
   7.0193889e+05
   7.0224773e+05
   7.0301700e+05
   7.0379785e+05
   7.0428441e+05
   7.0467767e+05
   7.0542384e+05
   7.0596365e+05
   7.0651924e+05
   7.0696916e+05
   7.0809322e+05
   7.0919513e+05
   7.0991122e+05
   7.1037099e+05
   7.1082063e+05
   7.1176892e+05
   7.1226047e+05
   7.1297536e+05
   7.1367814e+05
   7.1422711e+05
   7.1476485e+05
   7.1532138e+05
   7.1735073e+05
   7.1815911e+05
   7.1884604e+05
   7.1927825e+05
   7.1984925e+05
   7.2181033e+05
   7.2233850e+05
   7.2289302e+05
   7.2341085e+05
   7.2403180e+05
   7.2452292e+05
   7.2514936e+05
   7.2570922e+05
   7.2640688e+05
   7.2700423e+05
   7.2734983e+05
   7.2781848e+05
   7.2878566e+05
   7.2944617e+05
   7.3015353e+05
   7.3125769e+05
   7.3232334e+05
   7.3300759e+05
   7.3353523e+05
   7.3437005e+05
   7.3507083e+05
   7.3542178e+05
   7.3593963e+05
   7.3672280e+05
   7.3722821e+05
   7.3786550e+05
   7.3860201e+05
   7.3939270e+05
   7.3976443e+05
   7.4093876e+05
   7.4152084e+05
   7.4250768e+05
   7.4342544e+05
   7.4420930e+05
   7.4520365e+05
   7.4586205e+05
   7.4647220e+05
   7.4721924e+05
   7.4811443e+05
   7.4881186e+05
   7.4970468e+05
   7.5046144e+05
   7.5097248e+05
   7.5155838e+05
   7.5197844e+05
   7.5270231e+05
   7.5309941e+05
   7.5390675e+05
   7.5461010e+05
   7.5522293e+05
   7.5576351e+05
   7.5659433e+05
   7.5755907e+05
   7.5797705e+05
   7.5845504e+05
   7.5920756e+05
   7.5983730e+05
   7.6074468e+05
   7.6122363e+05
   7.6201273e+05
   7.6239136e+05
   7.6305172e+05
   7.6360179e+05
   7.6415714e+05
   7.6462992e+05
   7.6524939e+05
   7.6598578e+05
   7.6639451e+05
   7.6682296e+05
   7.6732262e+05
   7.6809938e+05
   7.6868104e+05
   7.6910421e+05
   7.6960339e+05
   7.7001956e+05
   7.7050036e+05
   7.7098053e+05
   7.7157367e+05
   7.7213749e+05
   7.7272680e+05
   7.7300478e+05
   7.7334611e+05
   7.7492564e+05
   7.7537593e+05
   7.7604573e+05
   7.7675915e+05
   7.7741809e+05
   7.7808758e+05
   7.7849651e+05
   7.7921170e+05
   7.7979790e+05
   8.2078405e+05
   8.2137587e+05
   8.2184139e+05
   8.2237348e+05
   8.2331370e+05
   8.2400682e+05
   8.2465452e+05
   8.2549328e+05
   8.2604052e+05
   8.2649201e+05
   8.2813329e+05
   8.2852858e+05
   8.2906685e+05
   8.3001878e+05
   8.3046795e+05
   8.3104464e+05
   8.3267192e+05
   8.3336073e+05
   8.3375369e+05
   8.3441696e+05
   8.3483127e+05
   8.3593214e+05
   8.3679608e+05
   8.3723131e+05
   8.3769473e+05
   8.3821000e+05
   8.3888122e+05
   8.3923779e+05
   8.8047676e+05
   8.8120985e+05
   8.8162607e+05
   8.8227137e+05
   8.8358543e+05
   8.8398718e+05
   8.8451423e+05
   8.8493193e+05
   8.8542318e+05
   8.8601681e+05
   8.8648056e+05
   8.8694117e+05
   8.8744714e+05
   8.8806023e+05
   8.8846683e+05
   8.8907311e+05
   8.9196001e+05
   8.9241289e+05
   8.9348985e+05
   8.9470877e+05
   8.9513453e+05
   8.9624032e+05
   8.9682959e+05
   8.9753480e+05
   8.9881230e+05
   8.9938231e+05
   9.4039107e+05
   9.4093227e+05
   9.4151999e+05
   9.4202715e+05
   9.4272119e+05
   9.4616929e+05
   9.4656395e+05
   9.4750963e+05
   9.4816804e+05
   9.4858915e+05
   9.4921928e+05
   9.4974726e+05
   9.5044808e+05
   9.5301920e+05
   9.5346010e+05
   9.5451754e+05
   9.5501568e+05
   9.5543707e+05
   9.5590499e+05
   9.5655804e+05
   9.5699778e+05
   9.5754146e+05
   9.5793919e+05
   9.5896489e+05
   9.5944040e+05
   9.5992778e+05
   1.0005596e+06
   1.0009331e+06
   1.0015026e+06
   1.0019632e+06
   1.0025044e+06
   1.0028763e+06
   1.0033599e+06
   1.0038870e+06
   1.0044173e+06
   1.0051414e+06
   1.0062042e+06
   1.0075676e+06
   1.0079442e+06
   1.0082809e+06
   1.0091901e+06
   1.0097448e+06
   1.0108111e+06
   1.0114195e+06
   1.0120264e+06
   1.0124139e+06
   1.0130502e+06
   1.0136037e+06
   1.0145042e+06
   1.0153095e+06
   1.0157303e+06
   1.0164185e+06
   1.0168857e+06
   1.0194282e+06
   1.0198894e+06
   1.0604820e+06
   1.0613191e+06
   1.0617741e+06
   1.0622165e+06
   1.0626856e+06
   1.0635107e+06
   1.0639599e+06
   1.0645075e+06
   1.0648869e+06
   1.0652705e+06
   1.0658932e+06
   1.0664090e+06
   1.0668556e+06
   1.0675345e+06
   1.0679547e+06
   1.0689066e+06
   1.0692412e+06
   1.0696577e+06
   1.0703988e+06
   1.0707185e+06
   1.0712779e+06
   1.0717019e+06
   1.0721773e+06
   1.0727026e+06
   1.0733481e+06
   1.0737601e+06
   1.0746545e+06
   1.0753260e+06
   1.0758418e+06
   1.0773982e+06
   1.0782606e+06
   1.0788210e+06
   1.0793973e+06
   1.0797654e+06
   1.1203966e+06
   1.1208351e+06
   1.1217087e+06
   1.1228065e+06
   1.1233614e+06
   1.1237544e+06
   1.1244883e+06
   1.1253101e+06
   1.1257079e+06
   1.1267980e+06
   1.1274327e+06
   1.1278257e+06
   1.1288076e+06
   1.1293231e+06
   1.1300517e+06
   1.1303928e+06
   1.1307817e+06
   1.1314307e+06
   1.1318281e+06
   1.1321415e+06
   1.1327091e+06
   1.1332622e+06
   1.1337987e+06
   1.1345413e+06
   1.1348592e+06
   1.1354717e+06
   1.1359486e+06
   1.1363508e+06
   1.1368595e+06
   1.1372923e+06
   1.1378014e+06
   1.1382642e+06
   1.1390103e+06
   1.1395231e+06
   1.1806525e+06
   1.1812843e+06
   1.1822713e+06
   1.1829476e+06
   1.1834507e+06
   1.1843375e+06
   1.1848637e+06
   1.1855464e+06
   1.1874526e+06
   1.1879804e+06
   1.1891487e+06
   1.1950875e+06
   1.1956705e+06
   1.1962096e+06
   1.1966222e+06
   1.1974294e+06
   1.1980337e+06
   1.1985545e+06
   1.1989745e+06
   1.1992990e+06
   1.2403411e+06
   1.2419210e+06
   1.2424867e+06
   1.2430068e+06
   1.2436480e+06
   1.2440788e+06
   1.2451229e+06
   1.2456468e+06
   1.2462965e+06
   1.2473498e+06
   1.2479044e+06
   1.2484675e+06
   1.2488235e+06
   1.2491676e+06
   1.2495344e+06
   1.2501047e+06
   1.2505706e+06
   1.2509819e+06
   1.2514482e+06
   1.2519077e+06
   1.2522440e+06
   1.2533819e+06
   1.2546552e+06
   1.2553478e+06
   1.2557337e+06
   1.2562888e+06
   1.2567578e+06
   1.2572787e+06
   1.2580527e+06
   1.2585174e+06
   1.2594983e+06
   1.3006099e+06
   1.3013166e+06
   1.3019044e+06
   1.3024684e+06
   1.3032876e+06
   1.3043488e+06
   1.3049972e+06
   1.3057260e+06
   1.3061715e+06
   1.3076679e+06
   1.3079908e+06
   1.3088794e+06
   1.3095040e+06
   1.3100349e+06
   1.3105234e+06
   1.3124723e+06
   1.3145956e+06
   1.3150367e+06
   1.3166932e+06
   1.3174754e+06
   1.3180244e+06
   1.3185789e+06
   1.3191770e+06
   1.3604661e+06
   1.3610988e+06
   1.3616920e+06
   1.3620779e+06
   1.3624524e+06
   1.3631099e+06
   1.3637871e+06
   1.3644531e+06
   1.3651461e+06
   1.3654832e+06
   1.3660912e+06
   1.3664785e+06
   1.3674234e+06
   1.3678576e+06
   1.3689853e+06
   1.3697921e+06
   1.3704846e+06
   1.3709734e+06
   1.3715939e+06
   1.3722463e+06
   1.3726325e+06
   1.3733435e+06
   1.3738269e+06
   1.3745506e+06
   1.3752658e+06
   1.3761413e+06
   1.3765812e+06
   1.3769088e+06
   1.3772780e+06
   1.3779583e+06
   1.3783166e+06
   1.3791069e+06
   1.3794050e+06
   1.3799056e+06
   1.4204245e+06
   1.4209951e+06
   1.4215922e+06
   1.4230162e+06
   1.4235984e+06
   1.4242025e+06
   1.4248708e+06
   1.4255696e+06
   1.4262368e+06
   1.4266828e+06
   1.4276659e+06
   1.4281561e+06
   1.4284859e+06
   1.4290807e+06
   1.4295336e+06
   1.4307272e+06
   1.4313565e+06
   1.4318794e+06
   1.4325994e+06
   1.4330859e+06
   1.4335413e+06
   1.4344845e+06
   1.4348801e+06
   1.4353299e+06
   1.4357595e+06
   1.4361295e+06
   1.4367948e+06
   1.4386451e+06
   1.4390931e+06
   1.4396630e+06
   1.4804959e+06
   1.4808852e+06
   1.4818059e+06
   1.4823164e+06
   1.4829616e+06
   1.4837304e+06
   1.4845055e+06
   1.4857430e+06
   1.4861974e+06
   1.4867061e+06
   1.4874876e+06
   1.4881960e+06
   1.4887288e+06
   1.4892592e+06
   1.4904153e+06
   1.4911066e+06
   1.4918818e+06
   1.4923346e+06
   1.4928155e+06
   1.4931808e+06
   1.4939488e+06
   1.4945964e+06
   1.4950891e+06
   1.4959184e+06
   1.4963491e+06
   1.4969143e+06
   1.4973065e+06
   1.4977605e+06
   1.4985293e+06
   1.4996897e+06
   1.5409379e+06
   1.5417817e+06
   1.5426286e+06
   1.5429801e+06
   1.5437361e+06
   1.5441468e+06
   1.5446198e+06
   1.5453165e+06
   1.5456560e+06
   1.5461345e+06
   1.5469580e+06
   1.5474718e+06
   1.5480053e+06
   1.5486222e+06
   1.5492393e+06
   1.5498247e+06
   1.5502864e+06
   1.5511478e+06
   1.5518163e+06
   1.5522178e+06
   1.5527919e+06
   1.5532309e+06
   1.5539990e+06
   1.5545551e+06
   1.5549167e+06
   1.5574864e+06
   1.5579075e+06
   1.5583164e+06
   1.5586950e+06
   1.5593333e+06
   1.5599665e+06
   1.6006694e+06
   1.6012171e+06
   1.6016052e+06
   1.6020922e+06
   1.6025184e+06
   1.6029094e+06
   1.6032669e+06
   1.6036847e+06
   1.6041348e+06
   1.6045851e+06
   1.6049725e+06
   1.6052997e+06
   1.6058176e+06
   1.6062574e+06
   1.6066324e+06
   1.6069987e+06
   1.6075825e+06
   1.6083662e+06
   1.6089608e+06
   1.6096585e+06
   1.6100541e+06
   1.6108100e+06
   1.6114323e+06
   1.6120120e+06
   1.6127426e+06
   1.6135148e+06
   1.6146854e+06
   1.6152018e+06
   1.6158602e+06
   1.6167182e+06
   1.6172382e+06
   1.6178235e+06
   1.6183456e+06
   1.6188490e+06
   1.6192698e+06
   1.6199706e+06
   1.6605323e+06
   1.6613468e+06
   1.6619280e+06
   1.6628675e+06
   1.6637206e+06
   1.6644981e+06
   1.6649200e+06
   1.6653859e+06
   1.6660617e+06
   1.6664301e+06
   1.6676238e+06
   1.6680906e+06
   1.6689267e+06
   1.6693377e+06
   1.6698415e+06
   1.6702504e+06
   1.6707024e+06
   1.6713073e+06
   1.6716968e+06
   1.6722095e+06
   1.6726702e+06
   1.6731284e+06
   1.6744510e+06
   1.6759298e+06
   1.6766978e+06
   1.6773540e+06
   1.6784620e+06
   1.6790381e+06
   1.6795455e+06
   1.7203930e+06
   1.7209030e+06
   1.7212846e+06
   1.7219359e+06
   1.7225379e+06
   1.7233345e+06
   1.7237533e+06
   1.7243601e+06
   1.7248044e+06
   1.7253458e+06
   1.7259656e+06
   1.7265795e+06
   1.7269894e+06
   1.7273514e+06
   1.7277834e+06
   1.7284412e+06
   1.7291713e+06
   1.7295918e+06
   1.7302447e+06
   1.7308352e+06
   1.7316093e+06
   1.7322779e+06
   1.7326776e+06
   1.7332704e+06
   1.7339219e+06
   1.7344766e+06
   1.7348869e+06
   1.7353033e+06
   1.7362738e+06
   1.7368987e+06
   1.7372409e+06
   1.7377554e+06
   1.7382800e+06
   1.7389049e+06
   1.7395812e+06
   1.7808384e+06
   1.7812555e+06
   1.7818009e+06
   1.7822850e+06
   1.7827306e+06
   1.7836439e+06
   1.7841147e+06
   1.7847221e+06
   1.7855001e+06
   1.7862132e+06
   1.7867050e+06
   1.7876319e+06
   1.7880685e+06
   1.7910700e+06
   1.7926089e+06
   1.7932405e+06
   1.7936226e+06
   1.7946818e+06
   1.7954284e+06
   1.7957747e+06
   1.7963849e+06
   1.7968317e+06
   1.7972904e+06
   1.7977976e+06
   1.7988734e+06
   1.8405775e+06
   1.8410425e+06
   1.8417359e+06
   1.8424136e+06
   1.8429460e+06
   1.8433328e+06
   1.8437848e+06
   1.8442262e+06
   1.8447994e+06
   1.8454197e+06
   1.8463619e+06
   1.8476517e+06
   1.8484934e+06
   1.8489997e+06
   1.8497839e+06
   1.8505325e+06
   1.8509807e+06
   1.8517976e+06
   1.8529457e+06
   1.8534155e+06
   1.8539472e+06
   1.8544942e+06
   1.8549160e+06
   1.8555123e+06
   1.8558605e+06
   1.8566050e+06
   1.8576557e+06
   1.8580217e+06
   1.8584450e+06
   1.8588394e+06
   1.8593530e+06
   1.8599083e+06
   1.9006381e+06
   1.9013706e+06
   1.9017297e+06
   1.9026786e+06
   1.9041275e+06
   1.9045635e+06
   1.9051356e+06
   1.9055281e+06
   1.9060893e+06
   1.9068956e+06
   1.9074703e+06
   1.9078685e+06
   1.9083974e+06
   1.9091356e+06
   1.9097688e+06
   1.9103356e+06
   1.9112034e+06
   1.9120182e+06
   1.9126535e+06
   1.9131951e+06
   1.9145429e+06
   1.9151649e+06
   1.9156012e+06
   1.9163855e+06
   1.9168996e+06
   1.9173655e+06
   1.9180462e+06
   1.9199823e+06
   6.0581823e+04
   6.3065312e+04
   6.3512167e+04
   6.4605671e+04
   6.5327058e+04
   6.5850677e+04
   6.6336555e+04
   6.7237342e+04
   6.7957155e+04
   6.8429424e+04
   6.9129786e+04
   6.9655453e+04
   7.0422136e+04
   7.1085888e+04
   7.1623552e+04
   7.2299076e+04
   7.2857507e+04
   8.1773325e+04
   8.2307568e+04
   8.2754581e+04
   8.3314434e+04
   8.4112878e+04
   8.4656141e+04
   8.5877029e+04
   8.6350230e+04
   8.6806176e+04
   8.7313021e+04
   8.9438510e+04
   9.0025433e+04
   9.0818372e+04
   9.1149844e+04
   9.1735628e+04
   9.2254401e+04
   9.2727762e+04
   9.3290913e+04
   9.4091169e+04
   9.4402810e+04
   9.5030778e+04
   9.5627769e+04
   9.6223178e+04
   9.6645300e+04
   9.7207825e+04
   9.7761801e+04
   9.8532652e+04
   9.8890234e+04
   9.9867138e+04
   1.2074351e+05
   1.2197904e+05
   1.2279172e+05
   1.2364079e+05
   1.2406456e+05
   1.2536000e+05
   1.2630079e+05
   1.2764734e+05
   1.2867792e+05
   1.2919496e+05
   1.2967078e+05
   1.3035955e+05
   1.3116459e+05
   1.3171391e+05
   1.3228152e+05
   1.3306185e+05
   1.3345151e+05
   1.3390243e+05
   1.3476333e+05
   1.3524017e+05
   1.3620065e+05
   1.3693255e+05
   1.3786383e+05
   1.3845277e+05
   1.3907080e+05
   1.3975899e+05
   1.4043032e+05
   1.4090872e+05
   1.4139452e+05
   1.4206183e+05
   1.4268302e+05
   1.4333105e+05
   1.4389392e+05
   1.4418036e+05
   1.4468141e+05
   1.4516280e+05
   1.4607823e+05
   1.4653643e+05
   1.4748023e+05
   1.4815511e+05
   1.4950335e+05
   1.5031269e+05
   1.5076804e+05
   1.5239477e+05
   1.5361265e+05
   1.5473721e+05
   1.5552474e+05
   1.5604465e+05
   1.5654746e+05
   1.5763363e+05
   1.5816589e+05
   1.5854805e+05
   1.5893522e+05
   1.5965396e+05
   1.8037863e+05
   1.8091915e+05
   1.8132553e+05
   1.8325894e+05
   1.8407458e+05
   1.8471457e+05
   1.8507139e+05
   1.8585849e+05
   1.8648224e+05
   1.8761742e+05
   1.8827421e+05
   1.8876237e+05
   1.8970655e+05
   1.9018229e+05
   1.9093277e+05
   1.9234269e+05
   1.9311065e+05
   1.9365954e+05
   1.9439198e+05
   1.9510349e+05
   1.9610387e+05
   1.9727810e+05
   1.9782315e+05
   2.0108010e+05
   2.0371497e+05
   2.0491771e+05
   2.0549627e+05
   2.0599524e+05
   2.0713571e+05
   2.0827757e+05
   2.0909283e+05
   2.0994676e+05
   2.1099992e+05
   2.1135446e+05
   2.1249797e+05
   2.1384654e+05
   2.1603219e+05
   2.1817997e+05
   2.1901047e+05
   2.1948432e+05
   2.4051913e+05
   2.4103635e+05
   2.4168191e+05
   2.4259838e+05
   2.4336741e+05
   2.4438631e+05
   2.4487086e+05
   2.4558043e+05
   2.4615056e+05
   2.4667009e+05
   2.4716840e+05
   2.4789326e+05
   2.4894965e+05
   2.4956181e+05
   2.5018422e+05
   2.5085699e+05
   2.5156109e+05
   2.5281859e+05
   2.5369533e+05
   2.5437946e+05
   2.5495056e+05
   2.5617429e+05
   2.5701350e+05
   2.5766611e+05
   2.5815459e+05
   2.5878195e+05
   2.5985901e+05
   2.6111710e+05
   2.6175104e+05
   2.6231545e+05
   2.6311693e+05
   2.6395143e+05
   2.6480796e+05
   2.6619671e+05
   2.6723553e+05
   2.6829652e+05
   2.6891631e+05
   2.6989833e+05
   2.7040406e+05
   2.7110588e+05
   2.7194222e+05
   2.7283708e+05
   2.7385463e+05
   2.7427579e+05
   2.7514336e+05
   2.7637967e+05
   2.7747350e+05
   2.7821762e+05
   2.7934739e+05
   2.7996986e+05
   3.0082973e+05
   3.0165880e+05
   3.0228978e+05
   3.0277415e+05
   3.0328130e+05
   3.0388307e+05
   3.0482882e+05
   3.0634154e+05
   3.0726427e+05
   3.0815041e+05
   3.0853264e+05
   3.0963283e+05
   3.1142017e+05
   3.1308609e+05
   3.1390715e+05
   3.1453822e+05
   3.1507262e+05
   3.1602676e+05
   3.1678374e+05
   3.1742999e+05
   3.1905163e+05
   3.2010325e+05
   3.2193880e+05
   3.2252525e+05
   3.2375159e+05
   3.2424075e+05
   3.2484224e+05
   3.2607775e+05
   3.2701069e+05
   3.2757138e+05
   3.2819923e+05
   3.2860374e+05
   3.2905841e+05
   3.2952706e+05
   3.3136885e+05
   3.3208725e+05
   3.3259863e+05
   3.3353990e+05
   3.3436718e+05
   3.3524566e+05
   3.3588407e+05
   3.3714011e+05
   3.3767676e+05
   3.3838624e+05
   3.3873970e+05
   3.6082929e+05
   3.6185198e+05
   3.6330759e+05
   3.6372810e+05
   3.6430025e+05
   3.6501345e+05
   3.6554862e+05
   3.6652440e+05
   3.6717336e+05
   3.6847244e+05
   3.6889844e+05
   3.6957566e+05
   3.7016969e+05
   3.7084887e+05
   3.7145861e+05
   3.7194685e+05
   3.7228764e+05
   3.7271907e+05
   3.7339730e+05
   3.7406589e+05
   3.7454883e+05
   3.7515815e+05
   3.7574105e+05
   3.7634319e+05
   3.7696010e+05
   3.7750054e+05
   3.7831315e+05
   3.7873726e+05
   3.7915172e+05
   3.7978320e+05
   3.8053826e+05
   3.8094151e+05
   3.8151946e+05
   3.8191253e+05
   3.8351768e+05
   3.8424703e+05
   3.8466440e+05
   3.8516623e+05
   3.8573788e+05
   3.8715673e+05
   3.8765736e+05
   3.8827241e+05
   3.8888634e+05
   3.8942920e+05
   3.9001493e+05
   3.9063673e+05
   3.9118984e+05
   3.9189150e+05
   3.9237726e+05
   3.9274024e+05
   3.9316232e+05
   3.9375840e+05
   3.9424273e+05
   3.9465764e+05
   3.9511513e+05
   3.9583754e+05
   3.9623743e+05
   3.9664519e+05
   3.9706917e+05
   3.9780997e+05
   3.9831303e+05
   3.9904832e+05
   4.2037874e+05
   4.2087854e+05
   4.2148853e+05
   4.2209620e+05
   4.2315018e+05
   4.2360338e+05
   4.2434356e+05
   4.2476484e+05
   4.2539774e+05
   4.2601935e+05
   4.2757204e+05
   4.2799318e+05
   4.2946450e+05
   4.3011878e+05
   4.3078447e+05
   4.3147940e+05
   4.3191544e+05
   4.3262403e+05
   4.3384901e+05
   4.3442491e+05
   4.3518501e+05
   4.3554310e+05
   4.3653683e+05
   4.3734542e+05
   4.3777485e+05
   4.3830327e+05
   4.3880594e+05
   4.3947427e+05
   4.4003084e+05
   4.4071995e+05
   4.4170272e+05
   4.4218149e+05
   4.4248865e+05
   4.4303925e+05
   4.4464726e+05
   4.4523362e+05
   4.4635059e+05
   4.4710156e+05
   4.4806880e+05
   4.4853647e+05
   4.4897830e+05
   4.4991594e+05
   4.5072110e+05
   4.5147141e+05
   4.5248476e+05
   4.5560816e+05
   4.5617404e+05
   4.5661943e+05
   4.5784078e+05
   4.5873531e+05
   4.8095198e+05
   4.8137909e+05
   4.8207646e+05
   4.8249818e+05
   4.8381161e+05
   4.8441608e+05
   4.8500722e+05
   4.8559664e+05
   4.8604651e+05
   4.8879231e+05
   4.8912762e+05
   4.8956958e+05
   4.9026375e+05
   4.9095564e+05
   4.9141021e+05
   4.9187793e+05
   4.9261252e+05
   4.9340542e+05
   4.9394179e+05
   4.9482038e+05
   4.9566435e+05
   4.9603918e+05
   4.9682564e+05
   4.9734190e+05
   4.9807480e+05
   4.9942807e+05
   5.0033992e+05
   5.0090972e+05
   5.0171523e+05
   5.0242773e+05
   5.0286342e+05
   5.0505935e+05
   5.0548511e+05
   5.0636434e+05
   5.0691746e+05
   5.0756210e+05
   5.0800715e+05
   5.0851836e+05
   5.0899386e+05
   5.0949970e+05
   5.1014664e+05
   5.1081219e+05
   5.1201143e+05
   5.1271872e+05
   5.1371249e+05
   5.1477063e+05
   5.1540439e+05
   5.4050584e+05
   5.4111258e+05
   5.4151432e+05
   5.4203977e+05
   5.4251883e+05
   5.4312144e+05
   5.4515135e+05
   5.4580428e+05
   5.4618122e+05
   5.4655787e+05
   5.4695783e+05
   5.4874237e+05
   5.5085615e+05
   5.5146469e+05
   5.5376412e+05
   5.5510619e+05
   5.5558685e+05
   5.5606697e+05
   5.5651395e+05
   5.5700837e+05
   5.5751975e+05
   5.5859499e+05
   5.5936892e+05
   5.5982482e+05
   5.6091257e+05
   5.6131354e+05
   5.6251276e+05
   5.6313987e+05
   5.6372734e+05
   5.6421901e+05
   5.6504277e+05
   5.6586885e+05
   5.6628063e+05
   5.6721607e+05
   5.6765726e+05
   5.6868658e+05
   5.6914277e+05
   5.6973234e+05
   5.7024798e+05
   5.7082996e+05
   5.7168249e+05
   5.7232539e+05
   5.7276490e+05
   5.7338171e+05
   5.7390128e+05
   5.7480054e+05
   5.7534890e+05
   5.7602063e+05
   5.7682547e+05
   5.7748746e+05
   5.7851233e+05
   5.7915657e+05
   7.8115808e+05
   7.8160193e+05
   7.8234586e+05
   7.8288330e+05
   7.8349315e+05
   7.8416367e+05
   7.8492936e+05
   7.8659604e+05
   7.8709234e+05
   7.8786820e+05
   7.8903611e+05
   7.8955930e+05
   7.9006828e+05
   7.9164169e+05
   7.9221693e+05
   7.9283916e+05
   7.9361476e+05
   7.9394964e+05
   7.9466784e+05
   7.9500844e+05
   7.9531220e+05
   7.9567512e+05
   7.9652012e+05
   7.9706307e+05
   7.9912037e+05
   8.0035760e+05
   8.0096044e+05
   8.0206142e+05
   8.0243203e+05
   8.0333006e+05
   8.0376368e+05
   8.0411613e+05
   8.0485862e+05
   8.0531919e+05
   8.0598751e+05
   8.0654374e+05
   8.0701117e+05
   8.0791079e+05
   8.0852326e+05
   8.0902895e+05
   8.1078846e+05
   8.1136528e+05
   8.1238530e+05
   8.1307239e+05
   8.1359021e+05
   8.1443272e+05
   8.1481592e+05
   8.1555648e+05
   8.1609004e+05
   8.1673599e+05
   8.1724611e+05
   8.1787947e+05
   8.1836976e+05
   8.1884433e+05
   8.1931380e+05
   8.1991440e+05
   8.4080381e+05
   8.4326330e+05
   8.4384258e+05
   8.4449623e+05
   8.4488924e+05
   8.4536072e+05
   8.4570905e+05
   8.4610321e+05
   8.4699955e+05
   8.4760410e+05
   8.4817089e+05
   8.4884961e+05
   8.4980948e+05
   8.5062847e+05
   8.5115502e+05
   8.5171614e+05
   8.5248839e+05
   8.5323774e+05
   8.5677506e+05
   8.5734169e+05
   8.5786937e+05
   8.5834517e+05
   8.5920106e+05
   8.5992723e+05
   8.6045307e+05
   8.6089137e+05
   8.6145511e+05
   8.6982690e+05
   8.7044319e+05
   8.7116807e+05
   8.7215995e+05
   8.7280103e+05
   8.7369608e+05
   8.7645340e+05
   8.7690904e+05
   8.7751486e+05
   8.7789272e+05
   8.7848762e+05
   8.7983167e+05
   9.0090449e+05
   9.0170935e+05
   9.0225312e+05
   9.0286848e+05
   9.0394609e+05
   9.0471325e+05
   9.0570211e+05
   9.0608681e+05
   9.0689168e+05
   9.1058014e+05
   9.1105830e+05
   9.1173037e+05
   9.1230749e+05
   9.1310091e+05
   9.1359467e+05
   9.1402031e+05
   9.1458513e+05
   9.1521090e+05
   9.1568418e+05
   9.1617404e+05
   9.1660806e+05
   9.1716633e+05
   9.1768948e+05
   9.1810675e+05
   9.1877609e+05
   9.1946819e+05
   9.2058717e+05
   9.2102501e+05
   9.2152218e+05
   9.2209901e+05
   9.2518051e+05
   9.2618505e+05
   9.2665416e+05
   9.2720003e+05
   9.2761203e+05
   9.2816185e+05
   9.2861999e+05
   9.2955933e+05
   9.3031861e+05
   9.3117067e+05
   9.3159552e+05
   9.3241460e+05
   9.3406102e+05
   9.3452986e+05
   9.3532763e+05
   9.3584051e+05
   9.3658289e+05
   9.3710981e+05
   9.3750183e+05
   9.3895408e+05
   9.3972908e+05
   9.6059056e+05
   9.6103817e+05
   9.6150877e+05
   9.6199907e+05
   9.6270174e+05
   9.6326242e+05
   9.6427187e+05
   9.6472007e+05
   9.6554161e+05
   9.6639892e+05
   9.6680624e+05
   9.6717883e+05
   9.6917766e+05
   9.7004922e+05
   9.7058018e+05
   9.7136036e+05
   9.7180524e+05
   9.7226615e+05
   9.7282196e+05
   9.7349297e+05
   9.7432272e+05
   9.7479298e+05
   9.7541651e+05
   9.7734651e+05
   9.7800762e+05
   9.7864677e+05
   9.7902090e+05
   9.8092026e+05
   9.8260869e+05
   9.8315533e+05
   9.8370618e+05
   9.8421500e+05
   9.8468183e+05
   9.8557562e+05
   9.8652829e+05
   9.8790203e+05
   9.8839244e+05
   9.8907148e+05
   9.8958881e+05
   9.8996143e+05
   9.9040743e+05
   9.9132165e+05
   9.9196408e+05
   9.9233536e+05
   9.9290352e+05
   9.9325324e+05
   9.9385572e+05
   9.9490128e+05
   9.9553837e+05
   9.9617821e+05
   9.9677893e+05
   9.9915902e+05
   9.9951729e+05
   9.9992560e+05
   1.0210075e+06
   1.0216232e+06
   1.0225670e+06
   1.0232539e+06
   1.0239402e+06
   1.0247518e+06
   1.0252387e+06
   1.0256053e+06
   1.0268066e+06
   1.0273835e+06
   1.0279663e+06
   1.0803446e+06
   1.0809323e+06
   1.0817574e+06
   1.0824728e+06
   1.0831261e+06
   1.0836909e+06
   1.0841636e+06
   1.0849576e+06
   1.0853545e+06
   1.0875513e+06
   1.0882728e+06
   1.0894091e+06
   1.0916345e+06
   1.0926749e+06
   1.0934916e+06
   1.0942043e+06
   1.0946841e+06
   1.0955441e+06
   1.0961638e+06
   1.0968190e+06
   1.1019169e+06
   1.1025689e+06
   1.1031243e+06
   1.1035461e+06
   1.1042059e+06
   1.1047550e+06
   1.1052560e+06
   1.1059790e+06
   1.1064093e+06
   1.1069426e+06
   1.1077098e+06
   1.1087144e+06
   1.1092672e+06
   1.1098466e+06
   1.1103323e+06
   1.1112581e+06
   1.1119154e+06
   1.1123637e+06
   1.1128172e+06
   1.1132053e+06
   1.1138828e+06
   1.1141865e+06
   1.1147832e+06
   1.1155046e+06
   1.1162605e+06
   1.1171191e+06
   1.1182150e+06
   1.1191210e+06
   1.1404928e+06
   1.1411173e+06
   1.1415049e+06
   1.1422665e+06
   1.1429550e+06
   1.1432995e+06
   1.1441054e+06
   1.1458157e+06
   1.1463678e+06
   1.1468837e+06
   1.1477391e+06
   1.1482465e+06
   1.1488872e+06
   1.1493753e+06
   1.1502698e+06
   1.1507460e+06
   1.1514732e+06
   1.1523382e+06
   1.1531541e+06
   1.1545615e+06
   1.1559080e+06
   1.1565701e+06
   1.1572549e+06
   1.1576884e+06
   1.1581729e+06
   1.1586436e+06
   1.1591749e+06
   1.1596570e+06
   1.1599837e+06
   1.1618671e+06
   1.1623605e+06
   1.1630489e+06
   1.1633933e+06
   1.1639286e+06
   1.1648647e+06
   1.1654087e+06
   1.1659617e+06
   1.1669248e+06
   1.1676854e+06
   1.1686108e+06
   1.1692338e+06
   1.1698709e+06
   1.1702866e+06
   1.1715743e+06
   1.1720651e+06
   1.1732971e+06
   1.1738143e+06
   1.1742471e+06
   1.1748108e+06
   1.1753215e+06
   1.1756664e+06
   1.1761564e+06
   1.1770997e+06
   1.1779203e+06
   1.1785382e+06
   1.1792790e+06
   1.1798876e+06
   1.2005787e+06
   1.2010612e+06
   1.2022700e+06
   1.2026528e+06
   1.2031701e+06
   1.2038467e+06
   1.2045382e+06
   1.2052752e+06
   1.2057324e+06
   1.2065020e+06
   1.2073391e+06
   1.2077845e+06
   1.2094565e+06
   1.2099106e+06
   1.2107171e+06
   1.2126950e+06
   1.2132695e+06
   1.2140256e+06
   1.2146316e+06
   1.2156393e+06
   1.2162836e+06
   1.2168703e+06
   1.2182891e+06
   1.2188462e+06
   1.2194015e+06
   1.2203286e+06
   1.2206553e+06
   1.2213384e+06
   1.2219068e+06
   1.2224773e+06
   1.2229901e+06
   1.2235086e+06
   1.2239754e+06
   1.2243719e+06
   1.2247078e+06
   1.2254625e+06
   1.2269679e+06
   1.2273463e+06
   1.2280469e+06
   1.2288941e+06
   1.2300068e+06
   1.2304752e+06
   1.2309956e+06
   1.2314121e+06
   1.2319251e+06
   1.2327129e+06
   1.2331568e+06
   1.2354618e+06
   1.2360121e+06
   1.2371115e+06
   1.2377092e+06
   1.2381247e+06
   1.2386579e+06
   1.2392046e+06
   1.2397163e+06
   1.2607032e+06
   1.2612614e+06
   1.2618372e+06
   1.2623293e+06
   1.2628229e+06
   1.2633243e+06
   1.2638870e+06
   1.2654893e+06
   1.2658915e+06
   1.2667837e+06
   1.2671628e+06
   1.2681055e+06
   1.2693818e+06
   1.2701083e+06
   1.2708541e+06
   1.2712154e+06
   1.2716652e+06
   1.2720623e+06
   1.2728391e+06
   1.2733224e+06
   1.2738107e+06
   1.2743027e+06
   1.2748980e+06
   1.2757197e+06
   1.2762641e+06
   1.2767928e+06
   1.2773007e+06
   1.2781737e+06
   1.2787333e+06
   1.2792153e+06
   1.2797156e+06
   1.2804978e+06
   1.2810065e+06
   1.2815346e+06
   1.2820146e+06
   1.2824118e+06
   1.2829481e+06
   1.2841548e+06
   1.2850075e+06
   1.2858389e+06
   1.2867949e+06
   1.2876521e+06
   1.2881720e+06
   1.2886441e+06
   1.2891798e+06
   1.2897696e+06
   1.2912229e+06
   1.2922277e+06
   1.2927282e+06
   1.2933507e+06
   1.2938869e+06
   1.2945378e+06
   1.2953717e+06
   1.2958707e+06
   1.2963961e+06
   1.2969965e+06
   1.2979467e+06
   1.2984748e+06
   1.2991561e+06
   1.2998060e+06
   1.3205032e+06
   1.3213766e+06
   1.3222241e+06
   1.3229391e+06
   1.3239435e+06
   1.3248016e+06
   1.3251978e+06
   1.3256140e+06
   1.3265654e+06
   1.3272544e+06
   1.3288579e+06
   1.3293070e+06
   1.3301242e+06
   1.3306686e+06
   1.3311299e+06
   1.3316594e+06
   1.3323089e+06
   1.3331014e+06
   1.3337065e+06
   1.3340857e+06
   1.3347067e+06
   1.3351520e+06
   1.3364823e+06
   1.3372351e+06
   1.3466053e+06
   1.3471498e+06
   1.3480408e+06
   1.3490389e+06
   1.3496361e+06
   1.3500168e+06
   1.3507449e+06
   1.3517476e+06
   1.3525817e+06
   1.3551589e+06
   1.3556146e+06
   1.3560294e+06
   1.3565411e+06
   1.3571562e+06
   1.3576357e+06
   1.3582473e+06
   1.3594082e+06
   1.3806531e+06
   1.3811358e+06
   1.3818990e+06
   1.3827161e+06
   1.3840970e+06
   1.3846822e+06
   1.3857301e+06
   1.3862078e+06
   1.3866392e+06
   1.3873211e+06
   1.3890288e+06
   1.3896425e+06
   1.3902440e+06
   1.3905905e+06
   1.3911070e+06
   1.3916842e+06
   1.3923267e+06
   1.3927815e+06
   1.3932809e+06
   1.3936963e+06
   1.3948604e+06
   1.3955502e+06
   1.3963852e+06
   1.3971033e+06
   1.3980133e+06
   1.3984774e+06
   1.3988444e+06
   1.3994529e+06
   1.3998356e+06
   1.4002023e+06
   1.4006924e+06
   1.4011500e+06
   1.4016529e+06
   1.4024071e+06
   1.4029696e+06
   1.4035041e+06
   1.4042653e+06
   1.4047696e+06
   1.4053305e+06
   1.4057933e+06
   1.4065773e+06
   1.4070365e+06
   1.4080862e+06
   1.4089784e+06
   1.4098413e+06
   1.4104058e+06
   1.4109592e+06
   1.4120823e+06
   1.4134255e+06
   1.4139298e+06
   1.4147815e+06
   1.4163539e+06
   1.4173654e+06
   1.4177141e+06
   1.4195596e+06
   1.4406050e+06
   1.4411461e+06
   1.4416300e+06
   1.4432218e+06
   1.4444095e+06
   1.4451134e+06
   1.4454825e+06
   1.4460871e+06
   1.4471454e+06
   1.4476570e+06
   1.4605944e+06
   1.4609496e+06
   1.4614250e+06
   1.4624574e+06
   1.4632202e+06
   1.4638752e+06
   1.4647323e+06
   1.4657482e+06
   1.4666220e+06
   1.4671391e+06
   1.4676113e+06
   1.4681907e+06
   1.4696097e+06
   1.4704816e+06
   1.4710433e+06
   1.4718869e+06
   1.4728147e+06
   1.4737540e+06
   1.4742050e+06
   1.4745540e+06
   1.4751130e+06
   1.4755054e+06
   1.4760068e+06
   1.4765077e+06
   1.4769538e+06
   1.4777371e+06
   1.4792156e+06
   1.4796495e+06
   1.5005737e+06
   1.5011656e+06
   1.5017036e+06
   1.5026973e+06
   1.5033818e+06
   1.5039614e+06
   1.5046094e+06
   1.5052698e+06
   1.5057608e+06
   1.5060775e+06
   1.5066778e+06
   1.5073901e+06
   1.5083094e+06
   1.5092072e+06
   1.5097923e+06
   1.5105356e+06
   1.5113657e+06
   1.5118561e+06
   1.5122989e+06
   1.5127279e+06
   1.5133830e+06
   1.5141876e+06
   1.5148703e+06
   1.5154430e+06
   1.5159009e+06
   1.5165147e+06
   1.5169828e+06
   1.5183145e+06
   1.5187593e+06
   1.5193350e+06
   1.5201583e+06
   1.5211499e+06
   1.5215227e+06
   1.5220553e+06
   1.5228184e+06
   1.5232213e+06
   1.5240767e+06
   1.5245487e+06
   1.5251218e+06
   1.5278769e+06
   1.5283478e+06
   1.5289207e+06
   1.5293804e+06
   1.5301068e+06
   1.5306565e+06
   1.5314728e+06
   1.5323282e+06
   1.5334527e+06
   1.5339460e+06
   1.5346476e+06
   1.5350731e+06
   1.5356302e+06
   1.5371037e+06
   1.5378033e+06
   1.5382396e+06
   1.5388408e+06
   1.5396516e+06
   1.5603649e+06
   1.5617583e+06
   1.5625052e+06
   1.5630085e+06
   1.5633147e+06
   1.5638315e+06
   1.5646251e+06
   1.5652473e+06
   1.5658786e+06
   1.5666912e+06
   1.5674899e+06
   1.5685370e+06
   1.5692424e+06
   1.5698695e+06
   1.5709373e+06
   1.5715601e+06
   1.5720071e+06
   1.5734788e+06
   1.5740447e+06
   1.5744719e+06
   1.5748721e+06
   1.5758552e+06
   1.5766563e+06
   1.5770269e+06
   1.5776311e+06
   1.5780778e+06
   1.5794428e+06
   1.5802098e+06
   1.5809387e+06
   1.5817617e+06
   1.5824225e+06
   1.5828923e+06
   1.5847508e+06
   1.5864895e+06
   1.5868424e+06
   1.5883164e+06
   1.5889626e+06
   1.5896904e+06
   1.5904535e+06
   1.5932389e+06
   1.5939308e+06
   1.5946788e+06
   1.5955455e+06
   1.5969946e+06
   1.5978202e+06
   1.5986450e+06
   1.5994630e+06
   1.5999652e+06
   1.6211825e+06
   1.6215348e+06
   1.6220663e+06
   1.6234504e+06
   1.6246771e+06
   1.6252464e+06
   1.6261109e+06
   1.6266785e+06
   1.6274995e+06
   1.6280942e+06
   1.6287368e+06
   1.6291821e+06
   1.6297771e+06
   1.6308256e+06
   1.6313537e+06
   1.6317858e+06
   1.6325482e+06
   1.6329715e+06
   1.6336901e+06
   1.6343560e+06
   1.6349859e+06
   1.6356090e+06
   1.6360185e+06
   1.6366353e+06
   1.6374035e+06
   1.6387179e+06
   1.6391639e+06
   1.6404728e+06
   1.6411243e+06
   1.6415148e+06
   1.6424725e+06
   1.6427738e+06
   1.6432116e+06
   1.6448621e+06
   1.6452445e+06
   1.6459642e+06
   1.6465606e+06
   1.6473500e+06
   1.6480918e+06
   1.6487289e+06
   1.6495367e+06
   1.6506266e+06
   1.6514049e+06
   1.6517861e+06
   1.6531271e+06
   1.6536644e+06
   1.6542154e+06
   1.6558459e+06
   1.6569213e+06
   1.6577043e+06
   1.6585278e+06
   1.6590724e+06
   1.6596698e+06
   1.6812508e+06
   1.6816157e+06
   1.6824768e+06
   1.6829002e+06
   1.6832845e+06
   1.6840719e+06
   1.6846155e+06
   1.6851190e+06
   1.6859195e+06
   1.6863546e+06
   1.6869043e+06
   1.6876346e+06
   1.6881478e+06
   1.6902277e+06
   1.6909475e+06
   1.6916105e+06
   1.6929270e+06
   1.7407914e+06
   1.7413272e+06
   1.7420406e+06
   1.7424109e+06
   1.7430317e+06
   1.7437126e+06
   1.7441763e+06
   1.7446222e+06
   1.7455498e+06
   1.7461323e+06
   1.7465869e+06
   1.7471494e+06
   1.7480253e+06
   1.7485426e+06
   1.7490609e+06
   1.7495294e+06
   1.7500919e+06
   1.7507875e+06
   1.7512087e+06
   1.7519938e+06
   1.7527560e+06
   1.7531948e+06
   1.7543158e+06
   1.7553150e+06
   1.7558512e+06
   1.7563439e+06
   1.7569808e+06
   1.7574312e+06
   1.7601996e+06
   1.7613405e+06
   1.7621455e+06
   1.7626738e+06
   1.7634400e+06
   1.7638965e+06
   1.7644747e+06
   1.7648949e+06
   1.7653294e+06
   1.7661811e+06
   1.7670014e+06
   1.7673379e+06
   1.7679259e+06
   1.7693819e+06
   1.7699961e+06
   1.7705103e+06
   1.7712754e+06
   1.7725153e+06
   1.7728566e+06
   1.7733831e+06
   1.7744289e+06
   1.7750557e+06
   1.7756293e+06
   1.7762942e+06
   1.7767578e+06
   1.7771632e+06
   1.7775150e+06
   1.7780880e+06
   1.7787289e+06
   1.7793404e+06
   1.7798548e+06
   1.8008185e+06
   1.8017909e+06
   1.8027806e+06
   1.8037593e+06
   1.8044065e+06
   1.8055210e+06
   1.8061318e+06
   1.8065450e+06
   1.8071359e+06
   1.8076616e+06
   1.8083525e+06
   1.8104338e+06
   1.8109618e+06
   1.8116179e+06
   1.8122636e+06
   1.8126953e+06
   1.8135877e+06
   1.8139596e+06
   1.8142518e+06
   1.8149792e+06
   1.8155613e+06
   1.8161090e+06
   1.8166304e+06
   1.8171670e+06
   1.8179923e+06
   1.8184997e+06
   1.8190561e+06
   1.8200754e+06
   1.8207011e+06
   1.8215841e+06
   1.8225745e+06
   1.8231289e+06
   1.8238407e+06
   1.8245018e+06
   1.8251394e+06
   1.8259354e+06
   1.8264479e+06
   1.8268280e+06
   1.8275176e+06
   1.8284264e+06
   1.8291087e+06
   1.8296897e+06
   1.8300861e+06
   1.8306948e+06
   1.8313873e+06
   1.8334107e+06
   1.8339249e+06
   1.8361090e+06
   1.8373795e+06
   1.8383287e+06
   1.8390129e+06
   1.8605301e+06
   1.8610775e+06
   1.8615640e+06
   1.8627530e+06
   1.8632110e+06
   1.8640082e+06
   1.8644945e+06
   1.8652920e+06
   1.8662734e+06
   1.8673317e+06
   1.8680567e+06
   1.8686431e+06
   1.8697486e+06
   1.8702473e+06
   1.8710621e+06
   1.8717384e+06
   1.8723359e+06
   1.8729152e+06
   1.8736133e+06
   1.8741579e+06
   1.8746169e+06
   1.8750605e+06
   1.8761809e+06
   1.8767864e+06
   1.8772079e+06
   1.8787006e+06
   1.8793815e+06
   1.8800189e+06
   1.8805463e+06
   1.8810990e+06
   1.8817797e+06
   1.8824723e+06
   1.8830065e+06
   1.8837063e+06
   1.8851488e+06
   1.8856909e+06
   1.8862014e+06
   1.8868505e+06
   1.8872994e+06
   1.8893817e+06
   1.8898471e+06
   1.8907005e+06
   1.8915556e+06
   1.8927527e+06
   1.8932918e+06
   1.8942753e+06
   1.8946803e+06
   1.8951260e+06
   1.8960732e+06
   1.8970999e+06
   1.8976742e+06
   1.8982584e+06
   1.8987437e+06
   1.8991760e+06
   1.8281797e+06
   1.8300043e+06
   1.8305078e+06
   1.8309576e+06
   1.8319183e+06
   1.8325551e+06
   1.8329766e+06
   1.8335664e+06
   1.8342295e+06
   1.8349512e+06
   1.8364259e+06
   1.8379046e+06
   1.8385360e+06
   1.8395477e+06
   1.8604612e+06
   1.8610825e+06
   1.8615272e+06
   1.8632157e+06
   1.8637869e+06
   1.8644598e+06
   1.8653664e+06
   1.8659527e+06
   1.8668796e+06
   1.8676314e+06
   1.8680845e+06
   1.8688205e+06
   1.8696792e+06
   1.8703294e+06
   1.8706725e+06
   1.8715917e+06
   1.8723459e+06
   1.8730132e+06
   1.8737279e+06
   1.8742482e+06
   1.8751298e+06
   1.8758817e+06
   1.8767090e+06
   1.8773631e+06
   1.8779751e+06
   1.8788443e+06
   1.8805079e+06
   1.8810831e+06
   1.8818473e+06
   1.8824124e+06
   1.8829242e+06
   1.8837353e+06
   1.8842013e+06
   1.8848954e+06
   1.8853679e+06
   1.8859061e+06
   1.8870653e+06
   1.8876197e+06
   1.8880588e+06
   1.8890768e+06
   1.8895794e+06
   1.8904704e+06
   1.8909453e+06
   1.8915717e+06
   1.8920655e+06
   1.8925208e+06
   1.8935567e+06
   1.8942214e+06
   1.8948751e+06
   1.8952941e+06
   1.8958586e+06
   1.8968779e+06
   1.8976112e+06
   1.8980781e+06
   1.8990786e+06
   1.8999642e+06
   1.8929295e+06
   1.8933550e+06
   1.8941007e+06
   1.8949676e+06
   1.8955801e+06
   1.8964951e+06
   1.8971269e+06
   1.8977853e+06
   1.8985355e+06
   1.8991428e+06
   1.8999029e+06
