   5.1608121e+02
   1.2781465e+03
   1.8900883e+03
   2.3809396e+03
   2.8068446e+03
   3.4314776e+03
   3.9925408e+03
   4.6661342e+03
   6.5089145e+03
   1.8797136e+04
   1.9455739e+04
   2.0413770e+04
   2.1275175e+04
   2.1743021e+04
   2.2229747e+04
   2.2872410e+04
   2.5591451e+04
   2.5997662e+04
   2.6364867e+04
   2.6853736e+04
   2.7550538e+04
   2.8346018e+04
   2.9214111e+04
   3.1640691e+04
   3.2210543e+04
   3.3595559e+04
   3.4235162e+04
   3.4800512e+04
   3.5270069e+04
   3.5636940e+04
   3.6748972e+04
   3.7612005e+04
   3.8190292e+04
   3.8906603e+04
   3.9384181e+04
   4.0074811e+04
   4.0975297e+04
   4.1863460e+04
   4.2866958e+04
   4.3670976e+04
   4.4231204e+04
   4.4806480e+04
   4.5356059e+04
   4.6018695e+04
   4.6436533e+04
   4.7668656e+04
   4.8073371e+04
   4.8704241e+04
   4.9736766e+04
   5.0211646e+04
   5.0916262e+04
   5.1311831e+04
   5.2013273e+04
   5.2857997e+04
   5.3491667e+04
   5.4713377e+04
   5.7453209e+04
   5.8162111e+04
   5.8672437e+04
   5.9172979e+04
   5.9825415e+04
   1.0043103e+05
   1.0102323e+05
   1.0155697e+05
   1.0256010e+05
   1.0296651e+05
   1.0408333e+05
   1.0468243e+05
   1.0565235e+05
   1.0602371e+05
   1.0651856e+05
   1.0692780e+05
   1.0757033e+05
   1.0791574e+05
   1.0849929e+05
   1.0908778e+05
   1.0999505e+05
   1.1120533e+05
   1.1209043e+05
   1.1269301e+05
   1.1393399e+05
   1.1457432e+05
   1.1542612e+05
   1.1656554e+05
   1.1743992e+05
   1.1787117e+05
   1.1828987e+05
   1.1865047e+05
   1.1918763e+05
   1.6057432e+05
   1.6117261e+05
   1.6164449e+05
   1.6204002e+05
   1.6247470e+05
   1.6386919e+05
   1.6459789e+05
   1.6540269e+05
   1.6607116e+05
   1.6644298e+05
   1.6676082e+05
   1.6874143e+05
   1.6932438e+05
   1.7022882e+05
   1.7063319e+05
   1.7234036e+05
   1.7288876e+05
   1.7357748e+05
   1.7448538e+05
   1.7493439e+05
   1.7540320e+05
   1.7602913e+05
   1.7656427e+05
   1.7707243e+05
   1.7759903e+05
   1.7817189e+05
   1.7894549e+05
   1.7970721e+05
   2.2048901e+05
   2.2773881e+05
   2.2826475e+05
   2.2878244e+05
   2.2932904e+05
   2.2978004e+05
   2.3068461e+05
   2.3123809e+05
   2.3191028e+05
   2.3240885e+05
   2.3356828e+05
   2.3456187e+05
   2.3526684e+05
   2.3568294e+05
   2.3621339e+05
   2.3662860e+05
   2.3698533e+05
   2.3749684e+05
   2.3789962e+05
   2.3845218e+05
   2.8052741e+05
   2.8107438e+05
   2.8150457e+05
   2.8236265e+05
   2.8315887e+05
   2.8359012e+05
   2.8443327e+05
   2.8515802e+05
   2.8573049e+05
   2.8618502e+05
   2.8665492e+05
   2.8755812e+05
   2.8824026e+05
   2.8865631e+05
   2.8909837e+05
   2.8949802e+05
   2.9016685e+05
   2.9069556e+05
   2.9101083e+05
   2.9140533e+05
   2.9226114e+05
   2.9266287e+05
   2.9383769e+05
   2.9473414e+05
   2.9510139e+05
   2.9567980e+05
   2.9658445e+05
   2.9758546e+05
   2.9801331e+05
   2.9850668e+05
   2.9921828e+05
   3.4036359e+05
   3.4112988e+05
   3.4168730e+05
   3.4218815e+05
   3.4264918e+05
   3.4320843e+05
   3.4361500e+05
   3.4510790e+05
   3.4545432e+05
   3.4600550e+05
   3.4647577e+05
   3.4687731e+05
   3.4742229e+05
   3.4812615e+05
   3.4863320e+05
   3.4912628e+05
   3.4959239e+05
   3.5010571e+05
   3.5046458e+05
   3.5085718e+05
   3.5173172e+05
   3.5208476e+05
   3.5303487e+05
   3.5384586e+05
   3.5455345e+05
   3.5532021e+05
   3.5604117e+05
   3.5662017e+05
   3.5703614e+05
   3.5858117e+05
   3.5900935e+05
   3.5954907e+05
   4.0044755e+05
   4.0094574e+05
   4.0138964e+05
   4.0206004e+05
   4.0271891e+05
   4.0347124e+05
   4.0461048e+05
   4.0514713e+05
   4.0752909e+05
   4.0805847e+05
   4.1012466e+05
   4.1079410e+05
   4.1146297e+05
   4.1195527e+05
   4.1282121e+05
   4.1329666e+05
   4.1587798e+05
   4.1762504e+05
   4.1798203e+05
   4.1829417e+05
   4.1878412e+05
   4.1988675e+05
   4.6046539e+05
   4.6090388e+05
   4.6207864e+05
   4.6277548e+05
   4.6330556e+05
   4.6385045e+05
   4.6421593e+05
   4.6486729e+05
   4.6539507e+05
   4.6590667e+05
   4.6637608e+05
   4.6684089e+05
   4.6740148e+05
   4.6797793e+05
   4.6857719e+05
   4.6922207e+05
   4.7030126e+05
   4.7094504e+05
   4.7140120e+05
   4.7226651e+05
   4.7273895e+05
   4.7319953e+05
   4.7390801e+05
   4.7513888e+05
   4.7550450e+05
   4.7628026e+05
   4.7712086e+05
   4.7775627e+05
   4.7881824e+05
   4.7928291e+05
   4.7973470e+05
   5.2037906e+05
   5.2124965e+05
   5.2175488e+05
   5.2288768e+05
   5.2334009e+05
   5.2426566e+05
   5.2509110e+05
   5.2607690e+05
   5.2670644e+05
   5.2759633e+05
   5.2862998e+05
   5.2909985e+05
   5.2977522e+05
   5.3055248e+05
   5.3108313e+05
   5.3140739e+05
   5.3186835e+05
   5.3335393e+05
   5.3374544e+05
   5.3466609e+05
   5.3523592e+05
   5.3574393e+05
   5.3848160e+05
   5.3891920e+05
   5.3948902e+05
   5.8062226e+05
   5.8174200e+05
   5.8269024e+05
   5.8333357e+05
   5.8378260e+05
   5.8438786e+05
   5.8490217e+05
   5.8546551e+05
   5.8595222e+05
   5.8643888e+05
   5.8692420e+05
   5.8753291e+05
   5.8809656e+05
   5.8858086e+05
   5.8974567e+05
   5.9043336e+05
   5.9092109e+05
   5.9207699e+05
   5.9265916e+05
   5.9467100e+05
   5.9511552e+05
   5.9579552e+05
   5.9627652e+05
   5.9688420e+05
   5.9732463e+05
   5.9786989e+05
   5.9835837e+05
   5.9881197e+05
   5.9925441e+05
   5.9995951e+05
   6.0049538e+05
   6.0113561e+05
   6.0168352e+05
   6.0243235e+05
   6.0570153e+05
   6.0623904e+05
   6.0687913e+05
   6.0739609e+05
   6.0815462e+05
   6.0867905e+05
   6.0903252e+05
   6.0946332e+05
   6.0991164e+05
   6.1053590e+05
   6.1140992e+05
   6.1244085e+05
   6.1317558e+05
   6.1367021e+05
   6.1411596e+05
   6.1502329e+05
   6.1550248e+05
   6.1960351e+05
   6.2018961e+05
   6.2093602e+05
   6.2166217e+05
   6.2212569e+05
   6.2265104e+05
   6.2338629e+05
   6.2391445e+05
   6.2495831e+05
   6.2542657e+05
   6.2637449e+05
   6.2691153e+05
   6.2792869e+05
   6.2859377e+05
   6.2954064e+05
   6.3049581e+05
   6.3158556e+05
   6.3212349e+05
   6.3312418e+05
   6.3358771e+05
   6.3416702e+05
   6.3569557e+05
   6.3609838e+05
   6.3715514e+05
   6.3786729e+05
   6.3889379e+05
   6.3933880e+05
   6.3978517e+05
   6.4028625e+05
   6.4115846e+05
   6.4211867e+05
   6.4269287e+05
   6.4322951e+05
   6.4408811e+05
   6.4493739e+05
   6.4563507e+05
   6.4606227e+05
   6.5139352e+05
   6.5200112e+05
   6.5288031e+05
   6.5336846e+05
   6.5401576e+05
   6.5453368e+05
   6.5512055e+05
   6.5560927e+05
   6.5649322e+05
   6.5696499e+05
   6.5746200e+05
   6.5810197e+05
   6.5874229e+05
   6.5944707e+05
   6.6032302e+05
   6.6206224e+05
   6.6258839e+05
   6.6310454e+05
   6.6376749e+05
   6.6446807e+05
   6.6517277e+05
   6.6566015e+05
   6.6599812e+05
   6.6659655e+05
   6.6727041e+05
   6.6802489e+05
   6.6884220e+05
   6.7348262e+05
   6.7402680e+05
   6.7477280e+05
   6.7543027e+05
   6.7604685e+05
   6.7663360e+05
   6.7711088e+05
   6.7807171e+05
   6.8495434e+05
   6.8531246e+05
   6.8583069e+05
   6.8640029e+05
   6.8677898e+05
   6.8752357e+05
   6.8803676e+05
   6.8854948e+05
   6.8978133e+05
   6.9120777e+05
   6.9175754e+05
   6.9242926e+05
   6.9305187e+05
   6.9359140e+05
   6.9716595e+05
   6.9762547e+05
   6.9814482e+05
   6.9898328e+05
   6.9982783e+05
   7.0041005e+05
   7.0092269e+05
   7.0184089e+05
   7.0265654e+05
   7.0348780e+05
   7.0404839e+05
   7.0506782e+05
   7.0702379e+05
   7.0773276e+05
   7.0824010e+05
   7.0906047e+05
   7.1039856e+05
   7.1096872e+05
   7.1184748e+05
   7.1351166e+05
   7.1395820e+05
   7.1490926e+05
   7.1631146e+05
   7.1703142e+05
   7.1761401e+05
   7.1808102e+05
   7.1844592e+05
   7.1928620e+05
   7.1974284e+05
   7.2050099e+05
   7.2113757e+05
   7.2175592e+05
   7.2205749e+05
   7.2262841e+05
   7.2355569e+05
   7.2404790e+05
   7.2462341e+05
   7.2511994e+05
   7.2569803e+05
   7.2676868e+05
   7.2807119e+05
   7.2882262e+05
   7.2931302e+05
   7.2972154e+05
   7.3121069e+05
   7.3204283e+05
   7.3287076e+05
   7.3337218e+05
   7.3398792e+05
   7.3447963e+05
   7.3538558e+05
   7.3612351e+05
   7.3717021e+05
   7.3770535e+05
   7.3857049e+05
   7.3920762e+05
   7.4008915e+05
   7.4063862e+05
   7.5416870e+05
   7.5471968e+05
   7.5514721e+05
   7.5616243e+05
   7.5748352e+05
   7.5791437e+05
   7.5859880e+05
   7.5917157e+05
   7.5977343e+05
   7.6096616e+05
   7.6274017e+05
   7.6355020e+05
   7.6402982e+05
   7.6446978e+05
   7.6542722e+05
   7.6597790e+05
   7.6632213e+05
   7.6675229e+05
   7.6755431e+05
   7.6833208e+05
   7.6940954e+05
   7.6987955e+05
   7.7024339e+05
   7.7087865e+05
   7.7172556e+05
   7.7241837e+05
   7.7295698e+05
   7.7366112e+05
   7.7455579e+05
   7.7519038e+05
   7.7585657e+05
   7.7641047e+05
   7.7701650e+05
   7.7838205e+05
   7.7922543e+05
   7.7961843e+05
   8.2064876e+05
   8.2230413e+05
   8.2287361e+05
   8.2336602e+05
   8.2380600e+05
   8.2497999e+05
   8.2539783e+05
   8.2592003e+05
   8.2659040e+05
   8.2754373e+05
   8.2823902e+05
   8.2897809e+05
   8.3023698e+05
   8.3075293e+05
   8.3123086e+05
   8.3167239e+05
   8.3252387e+05
   8.3293653e+05
   8.3363179e+05
   8.3455547e+05
   8.3543694e+05
   8.3584244e+05
   8.3655294e+05
   8.3773838e+05
   8.3842846e+05
   8.3895391e+05
   8.3984367e+05
   8.8058251e+05
   8.8211069e+05
   8.8280890e+05
   8.8341788e+05
   8.8381161e+05
   8.8419580e+05
   8.8476316e+05
   8.8531748e+05
   8.8579615e+05
   8.8644261e+05
   8.8815132e+05
   8.8855244e+05
   8.8915245e+05
   8.8948833e+05
   8.9024162e+05
   8.9069357e+05
   8.9112280e+05
   8.9154251e+05
   8.9259853e+05
   8.9308475e+05
   8.9364216e+05
   8.9487157e+05
   8.9556386e+05
   8.9606902e+05
   8.9647089e+05
   8.9726982e+05
   8.9782761e+05
   8.9875522e+05
   8.9922404e+05
   9.4054195e+05
   9.4093470e+05
   9.4139192e+05
   9.4223007e+05
   9.4283739e+05
   9.4329749e+05
   9.4387603e+05
   9.4447112e+05
   9.4487062e+05
   9.4520045e+05
   9.4599687e+05
   9.4766304e+05
   9.4866032e+05
   9.4915824e+05
   9.4971749e+05
   9.5026135e+05
   9.5106091e+05
   9.5188119e+05
   9.5242285e+05
   9.5326515e+05
   9.5369524e+05
   9.5446139e+05
   9.5489062e+05
   9.5576135e+05
   9.5610920e+05
   9.5646399e+05
   9.5718757e+05
   9.5766859e+05
   9.5862378e+05
   9.5950237e+05
   9.5986053e+05
   1.0005167e+06
   1.0010945e+06
   1.0015910e+06
   1.0022163e+06
   1.0053134e+06
   1.0062471e+06
   1.0077548e+06
   1.0083496e+06
   1.0086927e+06
   1.0093906e+06
   1.0098211e+06
   1.0102802e+06
   1.0108492e+06
   1.0130509e+06
   1.0133194e+06
   1.0136366e+06
   1.0139744e+06
   1.0145187e+06
   1.0150408e+06
   1.0154371e+06
   1.0158063e+06
   1.0164013e+06
   1.0170596e+06
   1.0176526e+06
   1.0180106e+06
   1.0184240e+06
   1.0195785e+06
   1.0607033e+06
   1.0613207e+06
   1.0616708e+06
   1.0623724e+06
   1.0632276e+06
   1.0637218e+06
   1.0642439e+06
   1.0654708e+06
   1.0659859e+06
   1.0666085e+06
   1.0675282e+06
   1.0680443e+06
   1.0684284e+06
   1.0688872e+06
   1.0696168e+06
   1.0702344e+06
   1.0706232e+06
   1.0711469e+06
   1.0747318e+06
   1.0751042e+06
   1.0758516e+06
   1.0763635e+06
   1.0767977e+06
   1.0772916e+06
   1.0786088e+06
   1.0791030e+06
   1.0798096e+06
   1.1204574e+06
   1.1211383e+06
   1.1218665e+06
   1.1227026e+06
   1.1230682e+06
   1.1235587e+06
   1.1241370e+06
   1.1246274e+06
   1.1255022e+06
   1.1259253e+06
   1.1263611e+06
   1.1267732e+06
   1.1273481e+06
   1.1282209e+06
   1.1286628e+06
   1.1293817e+06
   1.1301272e+06
   1.1305237e+06
   1.1321588e+06
   1.1327245e+06
   1.1337163e+06
   1.1343813e+06
   1.1348576e+06
   1.1355526e+06
   1.1359949e+06
   1.1365225e+06
   1.1373472e+06
   1.1379263e+06
   1.1383691e+06
   1.1387313e+06
   1.1391023e+06
   1.1397544e+06
   1.1804119e+06
   1.1809284e+06
   1.1813532e+06
   1.1816914e+06
   1.1824086e+06
   1.1828338e+06
   1.1835353e+06
   1.1839190e+06
   1.1844398e+06
   1.1858381e+06
   1.1864338e+06
   1.1878197e+06
   1.1881636e+06
   1.1890797e+06
   1.1896872e+06
   1.1901634e+06
   1.1910252e+06
   1.1914891e+06
   1.1919950e+06
   1.1924044e+06
   1.1929739e+06
   1.1935889e+06
   1.1948285e+06
   1.1954588e+06
   1.1961842e+06
   1.1981483e+06
   1.1985850e+06
   1.1989595e+06
   1.2403307e+06
   1.2407214e+06
   1.2413470e+06
   1.2419295e+06
   1.2424338e+06
   1.2428190e+06
   1.2431915e+06
   1.2435542e+06
   1.2440901e+06
   1.2446019e+06
   1.2449510e+06
   1.2453809e+06
   1.2457092e+06
   1.2461927e+06
   1.2465294e+06
   1.2469675e+06
   1.2476412e+06
   1.2482573e+06
   1.2488374e+06
   1.2492111e+06
   1.2498237e+06
   1.2503130e+06
   1.2510818e+06
   1.2525171e+06
   1.2534741e+06
   1.2544512e+06
   1.2550285e+06
   1.2559905e+06
   1.2568147e+06
   1.2579852e+06
   1.2585325e+06
   1.2590202e+06
   1.2597994e+06
   1.3007069e+06
   1.3011607e+06
   1.3022740e+06
   1.3036426e+06
   1.3046257e+06
   1.3054281e+06
   1.3061417e+06
   1.3066121e+06
   1.3082494e+06
   1.3093259e+06
   1.3096803e+06
   1.3103900e+06
   1.3108050e+06
   1.3113922e+06
   1.3123495e+06
   1.3128038e+06
   1.3137744e+06
   1.3145277e+06
   1.3151271e+06
   1.3155448e+06
   1.3159048e+06
   1.3166740e+06
   1.3172393e+06
   1.3603925e+06
   1.3607190e+06
   1.3615209e+06
   1.3620053e+06
   1.3624427e+06
   1.3631158e+06
   1.3634605e+06
   1.3641499e+06
   1.3653635e+06
   1.3658796e+06
   1.3661881e+06
   1.3666780e+06
   1.3673961e+06
   1.3678315e+06
   1.3681841e+06
   1.3689749e+06
   1.3693987e+06
   1.3698274e+06
   1.3703516e+06
   1.3707321e+06
   1.3714990e+06
   1.3719097e+06
   1.3724476e+06
   1.3729523e+06
   1.3735137e+06
   1.3739531e+06
   1.3746517e+06
   1.3750890e+06
   1.3762478e+06
   1.3767640e+06
   1.3772572e+06
   1.3777610e+06
   1.3783688e+06
   1.3787732e+06
   1.3791265e+06
   1.4207823e+06
   1.4217642e+06
   1.4223180e+06
   1.4241383e+06
   1.4246183e+06
   1.4252501e+06
   1.4256358e+06
   1.4260005e+06
   1.4264467e+06
   1.4275177e+06
   1.4280499e+06
   1.4285861e+06
   1.4291199e+06
   1.4296317e+06
   1.4299982e+06
   1.4303338e+06
   1.4307821e+06
   1.4313173e+06
   1.4317151e+06
   1.4323765e+06
   1.4330584e+06
   1.4335604e+06
   1.4344937e+06
   1.4348957e+06
   1.4352613e+06
   1.4357030e+06
   1.4361521e+06
   1.4375198e+06
   1.4382348e+06
   1.4388659e+06
   1.4392413e+06
   1.4803716e+06
   1.4807588e+06
   1.4815298e+06
   1.4821828e+06
   1.4825355e+06
   1.4829826e+06
   1.4834614e+06
   1.4840195e+06
   1.4845569e+06
   1.4849071e+06
   1.4853944e+06
   1.4861499e+06
   1.4866651e+06
   1.4875376e+06
   1.4879440e+06
   1.4883817e+06
   1.4888582e+06
   1.4894073e+06
   1.4900816e+06
   1.4907416e+06
   1.4911241e+06
   1.4914714e+06
   1.4919434e+06
   1.4923572e+06
   1.4927163e+06
   1.4931616e+06
   1.4936777e+06
   1.4943896e+06
   1.4948116e+06
   1.4954542e+06
   1.4958668e+06
   1.4963964e+06
   1.4970726e+06
   1.4975362e+06
   1.4979331e+06
   1.4983485e+06
   1.4989545e+06
   1.4995650e+06
   1.5413598e+06
   1.5418564e+06
   1.5422240e+06
   1.5447549e+06
   1.5460463e+06
   1.5464779e+06
   1.5469718e+06
   1.5474728e+06
   1.5480411e+06
   1.5485688e+06
   1.5492460e+06
   1.5498072e+06
   1.5504302e+06
   1.5508790e+06
   1.5512106e+06
   1.5517352e+06
   1.5521749e+06
   1.5528009e+06
   1.5532580e+06
   1.5537478e+06
   1.5545341e+06
   1.5553100e+06
   1.5557587e+06
   1.5561953e+06
   1.5570921e+06
   1.5574930e+06
   1.5582708e+06
   1.5586298e+06
   1.5590215e+06
   1.5596149e+06
   1.6002907e+06
   1.6009315e+06
   1.6013009e+06
   1.6017779e+06
   1.6025248e+06
   1.6030247e+06
   1.6034283e+06
   1.6042803e+06
   1.6049284e+06
   1.6056165e+06
   1.6059907e+06
   1.6066351e+06
   1.6080149e+06
   1.6085161e+06
   1.6090844e+06
   1.6096105e+06
   1.6100154e+06
   1.6106829e+06
   1.6112708e+06
   1.6124189e+06
   1.6128711e+06
   1.6136100e+06
   1.6146286e+06
   1.6149234e+06
   1.6151911e+06
   1.6156678e+06
   1.6161933e+06
   1.6167464e+06
   1.6171395e+06
   1.6179715e+06
   1.6189387e+06
   1.6197710e+06
   1.6606238e+06
   1.6619144e+06
   1.6625444e+06
   1.6633096e+06
   1.6636909e+06
   1.6643547e+06
   1.6647294e+06
   1.6652292e+06
   1.6660879e+06
   1.6665044e+06
   1.6678039e+06
   1.6683386e+06
   1.6688392e+06
   1.6696150e+06
   1.6700096e+06
   1.6706023e+06
   1.6711893e+06
   1.6716656e+06
   1.6723878e+06
   1.6735594e+06
   1.6744101e+06
   1.6752663e+06
   1.6756248e+06
   1.6760655e+06
   1.6767667e+06
   1.6775905e+06
   1.6779143e+06
   1.6790805e+06
   1.6795086e+06
   1.7205272e+06
   1.7210362e+06
   1.7214576e+06
   1.7219403e+06
   1.7222247e+06
   1.7226368e+06
   1.7231404e+06
   1.7235248e+06
   1.7241942e+06
   1.7247479e+06
   1.7256094e+06
   1.7261937e+06
   1.7274570e+06
   1.7281435e+06
   1.7286325e+06
   1.7302222e+06
   1.7307491e+06
   1.7310847e+06
   1.7314847e+06
   1.7320096e+06
   1.7326262e+06
   1.7336887e+06
   1.7344018e+06
   1.7348366e+06
   1.7352067e+06
   1.7362129e+06
   1.7367236e+06
   1.7377048e+06
   1.7383062e+06
   1.7388143e+06
   1.7394875e+06
   1.7807197e+06
   1.7816765e+06
   1.7823158e+06
   1.7829218e+06
   1.7832820e+06
   1.7837220e+06
   1.7842023e+06
   1.7848157e+06
   1.7851662e+06
   1.7863365e+06
   1.7867390e+06
   1.7876884e+06
   1.7883809e+06
   1.7888254e+06
   1.7898314e+06
   1.7927037e+06
   1.7934117e+06
   1.7944371e+06
   1.7948769e+06
   1.7952448e+06
   1.7956919e+06
   1.7963722e+06
   1.7969995e+06
   1.7978673e+06
   1.7982340e+06
   1.7988786e+06
   1.7999456e+06
   1.8408647e+06
   1.8412388e+06
   1.8417488e+06
   1.8424740e+06
   1.8434060e+06
   1.8444153e+06
   1.8450886e+06
   1.8455994e+06
   1.8461309e+06
   1.8469194e+06
   1.8475464e+06
   1.8481495e+06
   1.8488359e+06
   1.8492931e+06
   1.8500911e+06
   1.8507842e+06
   1.8512460e+06
   1.8516559e+06
   1.8544754e+06
   1.8552042e+06
   1.8555380e+06
   1.8566579e+06
   1.8570662e+06
   1.8580671e+06
   1.8586410e+06
   1.8591687e+06
   1.8596384e+06
   1.9003937e+06
   1.9008547e+06
   1.9016582e+06
   1.9022667e+06
   1.9032794e+06
   1.9036532e+06
   1.9039988e+06
   1.9045591e+06
   1.9052773e+06
   1.9056646e+06
   1.9062115e+06
   1.9067159e+06
   1.9079805e+06
   1.9083648e+06
   1.9088119e+06
   1.9092582e+06
   1.9101692e+06
   1.9123625e+06
   1.9129713e+06
   1.9135078e+06
   1.9139843e+06
   1.9147137e+06
   1.9152374e+06
   1.9158543e+06
   1.9165074e+06
   1.9172371e+06
   1.9176767e+06
   1.9180723e+06
   1.9186711e+06
   1.9190375e+06
   1.9196330e+06
   6.0382918e+04
   6.0843169e+04
   6.2658538e+04
   6.3449511e+04
   6.4709927e+04
   6.5166684e+04
   6.6333894e+04
   6.7192211e+04
   6.7863893e+04
   7.7694988e+04
   7.8318273e+04
   7.9341813e+04
   8.0101292e+04
   8.1000776e+04
   8.1441462e+04
   8.1994984e+04
   8.3388261e+04
   8.3979395e+04
   8.4673429e+04
   8.5061408e+04
   8.5733009e+04
   8.6514413e+04
   8.6937318e+04
   8.7564525e+04
   9.1468577e+04
   9.1957191e+04
   9.2504507e+04
   9.3180662e+04
   9.3537164e+04
   9.4312784e+04
   9.5341708e+04
   9.5745439e+04
   9.6281363e+04
   9.7426014e+04
   9.8286894e+04
   9.8844434e+04
   9.9261600e+04
   9.9798800e+04
   1.2151883e+05
   1.2252730e+05
   1.2437002e+05
   1.2525840e+05
   1.2564168e+05
   1.2633234e+05
   1.2870344e+05
   1.2968108e+05
   1.3069351e+05
   1.3149745e+05
   1.3496686e+05
   1.3597726e+05
   1.3673835e+05
   1.3815064e+05
   1.3910740e+05
   1.4048300e+05
   1.4127797e+05
   1.4197029e+05
   1.4288613e+05
   1.4347825e+05
   1.4416643e+05
   1.4458143e+05
   1.4513650e+05
   1.4623347e+05
   1.4691892e+05
   1.4775994e+05
   1.5053317e+05
   1.5113648e+05
   1.5166242e+05
   1.5264492e+05
   1.5310455e+05
   1.5400960e+05
   1.5595267e+05
   1.5708543e+05
   1.5800464e+05
   1.5841486e+05
   1.5947595e+05
   1.8079626e+05
   1.8129121e+05
   1.8171365e+05
   1.8237380e+05
   1.8288483e+05
   1.8345697e+05
   1.8411128e+05
   1.8477347e+05
   1.8509303e+05
   1.8615509e+05
   1.8661231e+05
   1.8713811e+05
   1.8777587e+05
   1.8827177e+05
   1.8932157e+05
   1.9004952e+05
   1.9071171e+05
   1.9140517e+05
   1.9193943e+05
   1.9260125e+05
   1.9326590e+05
   1.9394192e+05
   1.9539984e+05
   1.9621589e+05
   1.9696462e+05
   1.9801929e+05
   1.9869903e+05
   1.9989639e+05
   2.0046304e+05
   2.0079357e+05
   2.0149007e+05
   2.0215291e+05
   2.0268278e+05
   2.0340461e+05
   2.0413262e+05
   2.0585537e+05
   2.0648561e+05
   2.0699290e+05
   2.0788980e+05
   2.0872021e+05
   2.0968684e+05
   2.1033971e+05
   2.1118185e+05
   2.1215571e+05
   2.1274291e+05
   2.1315374e+05
   2.1504625e+05
   2.1558061e+05
   2.1603253e+05
   2.1659829e+05
   2.1774170e+05
   2.1950300e+05
   2.1989529e+05
   2.4080825e+05
   2.4500302e+05
   2.4587926e+05
   2.4639307e+05
   2.4683631e+05
   2.4750701e+05
   2.4797839e+05
   2.4837756e+05
   2.4908950e+05
   2.4982944e+05
   2.5029084e+05
   2.5088760e+05
   2.5157370e+05
   2.5292868e+05
   2.5368148e+05
   2.5408706e+05
   2.5489815e+05
   2.5603079e+05
   2.5666018e+05
   2.5709451e+05
   2.5776211e+05
   2.5825108e+05
   2.5872740e+05
   2.5958880e+05
   2.5999007e+05
   2.6038497e+05
   2.6106248e+05
   2.6199091e+05
   2.6265023e+05
   2.6332380e+05
   2.6463006e+05
   2.6523131e+05
   2.6600678e+05
   2.6767960e+05
   2.6816452e+05
   2.6964412e+05
   2.7018794e+05
   2.7113665e+05
   2.7465491e+05
   2.7514249e+05
   2.7602581e+05
   2.7679537e+05
   2.7748795e+05
   2.7808394e+05
   2.7856983e+05
   2.7906767e+05
   2.7949309e+05
   3.0053712e+05
   3.0102112e+05
   3.0146230e+05
   3.0223250e+05
   3.0266813e+05
   3.0390415e+05
   3.0445104e+05
   3.0520552e+05
   3.0564555e+05
   3.0637057e+05
   3.0684473e+05
   3.0739093e+05
   3.0786653e+05
   3.0831530e+05
   3.0898405e+05
   3.1082539e+05
   3.1123349e+05
   3.1191797e+05
   3.1286136e+05
   3.1350644e+05
   3.1419881e+05
   3.1508992e+05
   3.1584839e+05
   3.1801642e+05
   3.1880934e+05
   3.1969113e+05
   3.2077418e+05
   3.2141846e+05
   3.2193947e+05
   3.2277294e+05
   3.2348514e+05
   3.2414298e+05
   3.2462259e+05
   3.2510612e+05
   3.2559534e+05
   3.2617056e+05
   3.2656057e+05
   3.2741743e+05
   3.2802850e+05
   3.2858094e+05
   3.2950611e+05
   3.3030090e+05
   3.3139950e+05
   3.3196363e+05
   3.3233971e+05
   3.3327149e+05
   3.3376186e+05
   3.3470998e+05
   3.3530425e+05
   3.3619621e+05
   3.3651533e+05
   3.3702465e+05
   3.3754266e+05
   3.3816311e+05
   3.3888444e+05
   3.6261235e+05
   3.6322001e+05
   3.6494743e+05
   3.6624506e+05
   3.6697015e+05
   3.6735454e+05
   3.6916260e+05
   3.6965558e+05
   3.7001477e+05
   3.7048222e+05
   3.7104208e+05
   3.7139844e+05
   3.7204492e+05
   3.7271669e+05
   3.7321081e+05
   3.7368335e+05
   3.7413426e+05
   3.7452247e+05
   3.7495808e+05
   3.7545638e+05
   3.7594266e+05
   3.7652146e+05
   3.7703099e+05
   3.7809283e+05
   3.7886413e+05
   3.7981166e+05
   3.8043253e+05
   3.8122990e+05
   3.8243414e+05
   3.8296999e+05
   3.8342439e+05
   3.8403545e+05
   3.8531242e+05
   3.8573344e+05
   3.8627689e+05
   3.8669859e+05
   3.8828944e+05
   3.9017161e+05
   3.9130007e+05
   3.9189276e+05
   3.9245916e+05
   3.9329576e+05
   3.9393607e+05
   3.9503253e+05
   3.9544617e+05
   3.9616808e+05
   3.9663929e+05
   3.9714342e+05
   3.9779132e+05
   3.9882444e+05
   3.9930735e+05
   4.2051988e+05
   4.2129944e+05
   4.2193848e+05
   4.2265720e+05
   4.2361985e+05
   4.2536139e+05
   4.2599234e+05
   4.2725643e+05
   4.2780773e+05
   4.2827166e+05
   4.2924431e+05
   4.2971660e+05
   4.3034954e+05
   4.3296880e+05
   4.3356252e+05
   4.3419350e+05
   4.3475724e+05
   4.3537443e+05
   4.3589216e+05
   4.3650758e+05
   4.3765647e+05
   4.3837837e+05
   4.3955624e+05
   4.4022192e+05
   4.4144748e+05
   4.4230535e+05
   4.4289820e+05
   4.4385198e+05
   4.4482130e+05
   4.4534961e+05
   4.4630048e+05
   4.4672566e+05
   4.4754255e+05
   4.4939840e+05
   4.5007988e+05
   4.5059349e+05
   4.5113636e+05
   4.5404179e+05
   4.5579037e+05
   4.5713231e+05
   4.5841894e+05
   4.5896875e+05
   4.5951714e+05
   4.8039890e+05
   4.8089541e+05
   4.8302633e+05
   4.8373062e+05
   4.8459349e+05
   4.8508206e+05
   4.8572657e+05
   4.8641625e+05
   4.8713852e+05
   4.8815578e+05
   4.8886653e+05
   4.8949458e+05
   4.9019183e+05
   4.9126908e+05
   4.9201419e+05
   4.9381194e+05
   4.9459389e+05
   4.9523715e+05
   4.9593926e+05
   4.9643303e+05
   4.9752855e+05
   4.9829342e+05
   4.9882604e+05
   4.9921785e+05
   4.9980124e+05
   5.0114224e+05
   5.0186969e+05
   5.0253817e+05
   5.0342194e+05
   5.0405019e+05
   5.0461890e+05
   5.0630144e+05
   5.0694716e+05
   5.0794146e+05
   5.0829220e+05
   5.0875741e+05
   5.0989363e+05
   5.1055019e+05
   5.1123538e+05
   5.1198681e+05
   5.1273714e+05
   5.1349712e+05
   5.1436515e+05
   5.1470157e+05
   5.1507036e+05
   5.1556184e+05
   5.1616453e+05
   5.4089894e+05
   5.4140837e+05
   5.4210296e+05
   5.4268763e+05
   5.4375281e+05
   5.4547057e+05
   5.4729505e+05
   5.4797940e+05
   5.5023420e+05
   5.5081454e+05
   5.5177541e+05
   5.5263191e+05
   5.5433366e+05
   5.5552562e+05
   5.5604374e+05
   5.5694499e+05
   5.5767196e+05
   5.5848263e+05
   5.5908893e+05
   5.5970799e+05
   5.6055688e+05
   5.6106639e+05
   5.6171966e+05
   5.6322243e+05
   5.6403644e+05
   5.6478844e+05
   5.6562460e+05
   5.6718899e+05
   7.8099036e+05
   7.8145944e+05
   7.8205145e+05
   7.8250638e+05
   7.8346310e+05
   7.8385123e+05
   7.8538959e+05
   7.8583914e+05
   7.8762402e+05
   7.8811844e+05
   7.8873044e+05
   7.8914519e+05
   7.8976382e+05
   7.9224752e+05
   7.9289998e+05
   7.9365846e+05
   7.9411477e+05
   7.9473464e+05
   7.9560233e+05
   7.9773679e+05
   7.9827481e+05
   7.9878317e+05
   7.9951960e+05
   8.0036655e+05
   8.0469716e+05
   8.0570008e+05
   8.0635064e+05
   8.0687831e+05
   8.0785928e+05
   8.0867986e+05
   8.0936756e+05
   8.1032195e+05
   8.1112334e+05
   8.1170114e+05
   8.1227792e+05
   8.1411836e+05
   8.1483664e+05
   8.1561051e+05
   8.1667028e+05
   8.1706174e+05
   8.1801132e+05
   8.1909413e+05
   8.1994724e+05
   8.4045346e+05
   8.4102550e+05
   8.4154054e+05
   8.4197752e+05
   8.4395743e+05
   8.4454535e+05
   8.4500978e+05
   8.4535615e+05
   8.4637113e+05
   8.4718417e+05
   8.4769398e+05
   8.4816656e+05
   8.4924209e+05
   8.4979026e+05
   8.5043537e+05
   8.5174528e+05
   8.5271430e+05
   8.5329950e+05
   8.5382952e+05
   8.5442879e+05
   8.5496409e+05
   8.5552152e+05
   8.5659181e+05
   8.5726860e+05
   8.5785087e+05
   8.5866120e+05
   8.5944208e+05
   8.5977546e+05
   8.6045001e+05
   8.6120574e+05
   8.6196475e+05
   8.6263646e+05
   8.6352880e+05
   8.6405089e+05
   8.6458328e+05
   8.6514639e+05
   8.6608528e+05
   8.6804946e+05
   8.6864436e+05
   8.6904574e+05
   8.6949802e+05
   8.7038328e+05
   8.7133714e+05
   8.7209386e+05
   8.7261046e+05
   8.7309164e+05
   8.7350743e+05
   8.7465126e+05
   8.7526994e+05
   8.7573766e+05
   8.7641490e+05
   8.7719913e+05
   8.7805784e+05
   8.7861341e+05
   8.7930842e+05
   8.7980099e+05
   9.0039833e+05
   9.0106330e+05
   9.0180515e+05
   9.0227285e+05
   9.0294240e+05
   9.0343265e+05
   9.0398758e+05
   9.0500043e+05
   9.0557035e+05
   9.0602947e+05
   9.0658478e+05
   9.0740514e+05
   9.0799452e+05
   9.0841356e+05
   9.0902962e+05
   9.1004892e+05
   9.1292430e+05
   9.1332114e+05
   9.1378447e+05
   9.1448395e+05
   9.1508896e+05
   9.1685054e+05
   9.1741612e+05
   9.1822066e+05
   9.1866048e+05
   9.1938831e+05
   9.1975512e+05
   9.2049637e+05
   9.2121374e+05
   9.2254535e+05
   9.2341646e+05
   9.2403420e+05
   9.2503096e+05
   9.2640936e+05
   9.2750739e+05
   9.2814758e+05
   9.2867138e+05
   9.2913493e+05
   9.2970551e+05
   9.3013718e+05
   9.3052055e+05
   9.3122195e+05
   9.3163035e+05
   9.3207236e+05
   9.3279664e+05
   9.3348461e+05
   9.3618767e+05
   9.3809213e+05
   9.3893273e+05
   9.3970832e+05
   9.6044676e+05
   9.6106124e+05
   9.6181028e+05
   9.6228328e+05
   9.6282191e+05
   9.6457492e+05
   9.6660696e+05
   9.6727995e+05
   9.6796276e+05
   9.6858249e+05
   9.6913264e+05
   9.7018145e+05
   9.7098877e+05
   9.7151079e+05
   9.7345509e+05
   9.7420960e+05
   9.7457756e+05
   9.7563688e+05
   9.7627921e+05
   9.7734468e+05
   9.7820364e+05
   9.7900027e+05
   9.7947550e+05
   9.8037027e+05
   9.8087710e+05
   9.8142561e+05
   9.8221912e+05
   9.8298430e+05
   9.8400567e+05
   9.8483170e+05
   9.8526043e+05
   9.8682358e+05
   9.8723551e+05
   9.8790552e+05
   9.8867413e+05
   9.8930653e+05
   9.9009609e+05
   9.9047149e+05
   9.9175305e+05
   9.9248477e+05
   9.9303866e+05
   9.9344007e+05
   9.9506784e+05
   9.9659178e+05
   9.9698838e+05
   9.9766958e+05
   9.9843402e+05
   9.9880405e+05
   9.9935126e+05
   1.0206101e+06
   1.0215162e+06
   1.0219253e+06
   1.0254208e+06
   1.0264760e+06
   1.0270624e+06
   1.0274765e+06
   1.0279685e+06
   1.0284289e+06
   1.0292588e+06
   1.0297385e+06
   1.0304429e+06
   1.0311305e+06
   1.0315981e+06
   1.0324692e+06
   1.0330804e+06
   1.0335253e+06
   1.0341688e+06
   1.0348253e+06
   1.0355697e+06
   1.0359506e+06
   1.0367907e+06
   1.0372986e+06
   1.0381707e+06
   1.0400764e+06
   1.0407778e+06
   1.0417442e+06
   1.0423993e+06
   1.0433694e+06
   1.0440032e+06
   1.0445611e+06
   1.0451329e+06
   1.0456572e+06
   1.0461124e+06
   1.0466985e+06
   1.0473714e+06
   1.0479834e+06
   1.0483270e+06
   1.0492599e+06
   1.0501457e+06
   1.0505018e+06
   1.0512151e+06
   1.0517077e+06
   1.0522092e+06
   1.0526385e+06
   1.0532541e+06
   1.0539356e+06
   1.0545503e+06
   1.0552590e+06
   1.0558633e+06
   1.0577241e+06
   1.0583068e+06
   1.0595878e+06
   1.0599761e+06
   1.0805504e+06
   1.0814654e+06
   1.0820051e+06
   1.0824777e+06
   1.0828251e+06
   1.0832447e+06
   1.0907362e+06
   1.0912939e+06
   1.0920645e+06
   1.0927892e+06
   1.0936663e+06
   1.0942808e+06
   1.0949715e+06
   1.0955573e+06
   1.0961064e+06
   1.0976390e+06
   1.0980381e+06
   1.0987902e+06
   1.1001538e+06
   1.1007044e+06
   1.1011528e+06
   1.1016747e+06
   1.1022115e+06
   1.1028768e+06
   1.1044016e+06
   1.1103792e+06
   1.1107782e+06
   1.1118108e+06
   1.1123250e+06
   1.1128878e+06
   1.1133131e+06
   1.1138607e+06
   1.1143797e+06
   1.1147463e+06
   1.1152201e+06
   1.1157565e+06
   1.1161242e+06
   1.1165419e+06
   1.1172991e+06
   1.1177601e+06
   1.1184791e+06
   1.1193200e+06
   1.1404613e+06
   1.1413461e+06
   1.1421896e+06
   1.1432211e+06
   1.1439826e+06
   1.1445182e+06
   1.1451818e+06
   1.1456960e+06
   1.1463246e+06
   1.1468944e+06
   1.1474591e+06
   1.1491046e+06
   1.1497013e+06
   1.1501993e+06
   1.1506343e+06
   1.1512116e+06
   1.1521976e+06
   1.1525273e+06
   1.1528831e+06
   1.1534156e+06
   1.1542400e+06
   1.1552555e+06
   1.1559796e+06
   1.1565075e+06
   1.1569347e+06
   1.1574104e+06
   1.1582158e+06
   1.1587561e+06
   1.1590981e+06
   1.1622372e+06
   1.1639701e+06
   1.1645458e+06
   1.1654292e+06
   1.1663219e+06
   1.1670227e+06
   1.1676856e+06
   1.1682093e+06
   1.1686192e+06
   1.1695881e+06
   1.1701003e+06
   1.1706214e+06
   1.1713856e+06
   1.1720009e+06
   1.1733937e+06
   1.1738960e+06
   1.1754196e+06
   1.1760132e+06
   1.2006249e+06
   1.2013268e+06
   1.2018936e+06
   1.2027342e+06
   1.2032830e+06
   1.2041292e+06
   1.2046302e+06
   1.2054844e+06
   1.2059053e+06
   1.2066633e+06
   1.2072450e+06
   1.2078004e+06
   1.2088411e+06
   1.2091746e+06
   1.2103345e+06
   1.2109438e+06
   1.2112952e+06
   1.2121052e+06
   1.2126668e+06
   1.2132073e+06
   1.2141341e+06
   1.2149737e+06
   1.2155476e+06
   1.2160630e+06
   1.2166219e+06
   1.2175963e+06
   1.2184030e+06
   1.2190903e+06
   1.2195909e+06
   1.2216747e+06
   1.2222731e+06
   1.2229474e+06
   1.2236435e+06
   1.2240680e+06
   1.2245858e+06
   1.2251794e+06
   1.2259957e+06
   1.2265660e+06
   1.2269920e+06
   1.2277825e+06
   1.2286129e+06
   1.2293117e+06
   1.2300639e+06
   1.2311711e+06
   1.2315530e+06
   1.2319875e+06
   1.2326371e+06
   1.2331690e+06
   1.2338436e+06
   1.2343274e+06
   1.2347890e+06
   1.2353138e+06
   1.2357555e+06
   1.2362244e+06
   1.2366920e+06
   1.2373295e+06
   1.2379819e+06
   1.2389738e+06
   1.2394127e+06
   1.2399357e+06
   1.2604213e+06
   1.2609281e+06
   1.2620101e+06
   1.2625457e+06
   1.2632503e+06
   1.2639234e+06
   1.2647178e+06
   1.2653632e+06
   1.2657709e+06
   1.2665811e+06
   1.2674840e+06
   1.2684180e+06
   1.2689672e+06
   1.2695212e+06
   1.2699497e+06
   1.2704907e+06
   1.2709927e+06
   1.2715055e+06
   1.2720868e+06
   1.2729464e+06
   1.2738668e+06
   1.2743787e+06
   1.2747732e+06
   1.2758848e+06
   1.2768402e+06
   1.2784223e+06
   1.2796253e+06
   1.2808631e+06
   1.2821730e+06
   1.2826631e+06
   1.2832706e+06
   1.2841485e+06
   1.2846161e+06
   1.2854256e+06
   1.2859718e+06
   1.2871769e+06
   1.2879067e+06
   1.2882646e+06
   1.2888179e+06
   1.2895172e+06
   1.2900969e+06
   1.2905790e+06
   1.2913262e+06
   1.2917804e+06
   1.2923220e+06
   1.2929224e+06
   1.2938471e+06
   1.2958739e+06
   1.2972774e+06
   1.2982227e+06
   1.2991993e+06
   1.2996732e+06
   1.3211663e+06
   1.3221320e+06
   1.3239068e+06
   1.3251593e+06
   1.3256938e+06
   1.3261103e+06
   1.3265767e+06
   1.3269596e+06
   1.3275242e+06
   1.3280929e+06
   1.3287599e+06
   1.3293960e+06
   1.3300497e+06
   1.3306146e+06
   1.3314060e+06
   1.3320427e+06
   1.3331830e+06
   1.3336553e+06
   1.3348169e+06
   1.3354533e+06
   1.3360752e+06
   1.3367619e+06
   1.3370961e+06
   1.3374381e+06
   1.3380575e+06
   1.3387288e+06
   1.3392550e+06
   1.3396706e+06
   1.3401849e+06
   1.3406839e+06
   1.3418179e+06
   1.3422602e+06
   1.3427090e+06
   1.3437545e+06
   1.3442594e+06
   1.3456159e+06
   1.3468119e+06
   1.3473422e+06
   1.3478696e+06
   1.3483720e+06
   1.3515235e+06
   1.3529220e+06
   1.3533718e+06
   1.3538674e+06
   1.3543319e+06
   1.3548646e+06
   1.3557681e+06
   1.3563530e+06
   1.3569478e+06
   1.3575858e+06
   1.3579469e+06
   1.3583954e+06
   1.3590773e+06
   1.3804953e+06
   1.3810181e+06
   1.3815984e+06
   1.3821426e+06
   1.3825514e+06
   1.3830752e+06
   1.3836300e+06
   1.3840612e+06
   1.3846286e+06
   1.3851691e+06
   1.3860649e+06
   1.3865398e+06
   1.3872744e+06
   1.3876727e+06
   1.3882738e+06
   1.3889528e+06
   1.3904681e+06
   1.3915094e+06
   1.3930861e+06
   1.3937919e+06
   1.3945725e+06
   1.3959738e+06
   1.3968573e+06
   1.3976132e+06
   1.3989005e+06
   1.3995693e+06
   1.4003992e+06
   1.4008841e+06
   1.4014172e+06
   1.4022197e+06
   1.4042064e+06
   1.4048100e+06
   1.4052905e+06
   1.4061285e+06
   1.4065300e+06
   1.4077622e+06
   1.4098981e+06
   1.4107474e+06
   1.4111484e+06
   1.4115093e+06
   1.4121714e+06
   1.4125841e+06
   1.4129618e+06
   1.4134555e+06
   1.4141081e+06
   1.4146876e+06
   1.4152784e+06
   1.4164786e+06
   1.4170226e+06
   1.4178033e+06
   1.4183164e+06
   1.4192876e+06
   1.4405624e+06
   1.4409391e+06
   1.4415597e+06
   1.4422577e+06
   1.4428079e+06
   1.4433282e+06
   1.4439882e+06
   1.4501125e+06
   1.4506820e+06
   1.4515145e+06
   1.4524261e+06
   1.4528945e+06
   1.4537145e+06
   1.4544414e+06
   1.4548692e+06
   1.4555823e+06
   1.4561868e+06
   1.4570556e+06
   1.4574899e+06
   1.4578303e+06
   1.4582894e+06
   1.4587559e+06
   1.4595846e+06
   1.4600813e+06
   1.4608120e+06
   1.4612116e+06
   1.4617247e+06
   1.4628183e+06
   1.4633516e+06
   1.4644343e+06
   1.4647844e+06
   1.4651964e+06
   1.4659026e+06
   1.4671421e+06
   1.4680435e+06
   1.4686145e+06
   1.4691192e+06
   1.4708729e+06
   1.4714283e+06
   1.4718840e+06
   1.4723601e+06
   1.4728016e+06
   1.4735235e+06
   1.4750098e+06
   1.4755977e+06
   1.4763173e+06
   1.4768444e+06
   1.4775817e+06
   1.4782828e+06
   1.4788221e+06
   1.4792215e+06
   1.5008445e+06
   1.5015078e+06
   1.5021497e+06
   1.5028301e+06
   1.5037937e+06
   1.5045275e+06
   1.5052314e+06
   1.5058900e+06
   1.5069188e+06
   1.5072275e+06
   1.5081979e+06
   1.5090291e+06
   1.5096316e+06
   1.5106364e+06
   1.5111357e+06
   1.5115321e+06
   1.5121909e+06
   1.5127754e+06
   1.5132474e+06
   1.5136872e+06
   1.5140222e+06
   1.5160435e+06
   1.5165148e+06
   1.5172696e+06
   1.5178943e+06
   1.5183631e+06
   1.5189095e+06
   1.5198137e+06
   1.5203810e+06
   1.5210395e+06
   1.5216971e+06
   1.5226283e+06
   1.5230580e+06
   1.5235564e+06
   1.5245644e+06
   1.5252458e+06
   1.5256460e+06
   1.5264198e+06
   1.5273072e+06
   1.5295620e+06
   1.5300463e+06
   1.5304824e+06
   1.5308584e+06
   1.5316828e+06
   1.5324369e+06
   1.5328075e+06
   1.5333547e+06
   1.5338069e+06
   1.5344886e+06
   1.5351255e+06
   1.5355488e+06
   1.5360554e+06
   1.5367019e+06
   1.5372140e+06
   1.5383322e+06
   1.5389620e+06
   1.5394314e+06
   1.5399192e+06
   1.5605360e+06
   1.5610440e+06
   1.5614251e+06
   1.5623902e+06
   1.5629731e+06
   1.5633738e+06
   1.5639827e+06
   1.5646453e+06
   1.5657532e+06
   1.5664072e+06
   1.5668516e+06
   1.5677522e+06
   1.5680813e+06
   1.5684353e+06
   1.5690685e+06
   1.5695394e+06
   1.5700098e+06
   1.5708945e+06
   1.5750030e+06
   1.5771680e+06
   1.5780358e+06
   1.5788404e+06
   1.5799583e+06
   1.5822073e+06
   1.5830190e+06
   1.5835741e+06
   1.5839693e+06
   1.5848078e+06
   1.5854425e+06
   1.5862345e+06
   1.5871612e+06
   1.5876321e+06
   1.5884063e+06
   1.5894877e+06
   1.5898643e+06
   1.5903686e+06
   1.5910122e+06
   1.5917130e+06
   1.5922400e+06
   1.5929497e+06
   1.5934920e+06
   1.5940678e+06
   1.5947610e+06
   1.5957347e+06
   1.5960741e+06
   1.5970262e+06
   1.5975965e+06
   1.5984837e+06
   1.5992124e+06
   1.5998429e+06
   1.6203934e+06
   1.6211414e+06
   1.6219525e+06
   1.6228110e+06
   1.6236120e+06
   1.6242797e+06
   1.6247842e+06
   1.6254729e+06
   1.6260604e+06
   1.6268312e+06
   1.6273841e+06
   1.6280671e+06
   1.6288462e+06
   1.6293028e+06
   1.6299113e+06
   1.6303491e+06
   1.6308310e+06
   1.6312514e+06
   1.6316338e+06
   1.6326962e+06
   1.6333949e+06
   1.6339581e+06
   1.6346322e+06
   1.6351371e+06
   1.6361463e+06
   1.6367705e+06
   1.6370987e+06
   1.6376591e+06
   1.6383627e+06
   1.6387715e+06
   1.6391771e+06
   1.6396381e+06
   1.6401069e+06
   1.6403930e+06
   1.6409580e+06
   1.6414721e+06
   1.6420125e+06
   1.6425114e+06
   1.6432332e+06
   1.6436431e+06
   1.6441784e+06
   1.6447679e+06
   1.6452848e+06
   1.6457838e+06
   1.6463429e+06
   1.6471283e+06
   1.6478228e+06
   1.6482989e+06
   1.6487586e+06
   1.6491657e+06
   1.6496822e+06
   1.6505445e+06
   1.6510121e+06
   1.6515119e+06
   1.6519344e+06
   1.6524328e+06
   1.6532160e+06
   1.6536748e+06
   1.6540439e+06
   1.6544707e+06
   1.6548697e+06
   1.6556656e+06
   1.6561666e+06
   1.6575867e+06
   1.6584475e+06
   1.6591130e+06
   1.6806365e+06
   1.6822938e+06
   1.6833172e+06
   1.6838102e+06
   1.6850001e+06
   1.6855130e+06
   1.6861320e+06
   1.6879027e+06
   1.6883960e+06
   1.6894376e+06
   1.6903300e+06
   1.6906001e+06
   1.6916323e+06
   1.6927696e+06
   1.6938117e+06
   1.6946875e+06
   1.6953215e+06
   1.6965365e+06
   1.6970997e+06
   1.6979035e+06
   1.6985418e+06
   1.6990556e+06
   1.7005112e+06
   1.7014825e+06
   1.7026201e+06
   1.7034651e+06
   1.7040006e+06
   1.7050715e+06
   1.7057105e+06
   1.7069637e+06
   1.7074865e+06
   1.7081958e+06
   1.7090099e+06
   1.7096738e+06
   1.7099956e+06
   1.7107655e+06
   1.7156732e+06
   1.7165000e+06
   1.7177911e+06
   1.7184109e+06
   1.7195053e+06
   1.7405121e+06
   1.7410286e+06
   1.7414329e+06
   1.7421557e+06
   1.7429123e+06
   1.7436040e+06
   1.7439728e+06
   1.7444455e+06
   1.7450045e+06
   1.7457066e+06
   1.7462923e+06
   1.7467992e+06
   1.7474167e+06
   1.7479194e+06
   1.7484237e+06
   1.7489328e+06
   1.7493010e+06
   1.7498431e+06
   1.7508690e+06
   1.7520403e+06
   1.7546540e+06
   1.7549934e+06
   1.7554584e+06
   1.7561395e+06
   1.7570280e+06
   1.7577420e+06
   1.7582892e+06
   1.7609262e+06
   1.7618011e+06
   1.7623666e+06
   1.7631150e+06
   1.7638116e+06
   1.7649162e+06
   1.7654844e+06
   1.7667009e+06
   1.7673330e+06
   1.7677343e+06
   1.7685135e+06
   1.7691752e+06
   1.7700509e+06
   1.7706096e+06
   1.7711018e+06
   1.7714651e+06
   1.7719426e+06
   1.7724215e+06
   1.7732732e+06
   1.7739568e+06
   1.7744875e+06
   1.7749946e+06
   1.7756585e+06
   1.7761474e+06
   1.7765810e+06
   1.7770816e+06
   1.7776694e+06
   1.7783618e+06
   1.7787512e+06
   1.7796643e+06
   1.8004764e+06
   1.8011261e+06
   1.8018704e+06
   1.8024541e+06
   1.8029984e+06
   1.8035859e+06
   1.8041678e+06
   1.8053104e+06
   1.8058232e+06
   1.8063186e+06
   1.8067357e+06
   1.8074886e+06
   1.8081667e+06
   1.8086198e+06
   1.8091967e+06
   1.8096919e+06
   1.8105029e+06
   1.8112689e+06
   1.8117836e+06
   1.8127096e+06
   1.8136852e+06
   1.8144620e+06
   1.8158164e+06
   1.8169787e+06
   1.8173888e+06
   1.8178684e+06
   1.8183585e+06
   1.8190980e+06
   1.8195638e+06
   1.8202970e+06
   1.8212575e+06
   1.8217706e+06
   1.8223472e+06
   1.8235094e+06
   1.8239538e+06
   1.8246810e+06
   1.8254410e+06
   1.8262719e+06
   1.8267891e+06
   1.8277902e+06
   1.8281736e+06
   1.8290790e+06
   1.8297273e+06
   1.8305588e+06
   1.8312286e+06
   1.8324315e+06
   1.8328768e+06
   1.8333667e+06
   1.8340139e+06
   1.8350019e+06
   1.8361275e+06
   1.8365827e+06
   1.8373447e+06
   1.8378699e+06
   1.8382817e+06
   1.8389451e+06
   1.8395065e+06
   1.8603929e+06
   1.8609389e+06
   1.8616617e+06
   1.8624432e+06
   1.8631887e+06
   1.8641132e+06
   1.8648364e+06
   1.8652527e+06
   1.8659197e+06
   1.8663370e+06
   1.8669593e+06
   1.8674262e+06
   1.8679241e+06
   1.8684059e+06
   1.8693776e+06
   1.8707522e+06
   1.8717626e+06
   1.8775863e+06
   1.8780737e+06
   1.8792177e+06
   1.8796551e+06
   1.8802551e+06
   1.8807946e+06
   1.8812093e+06
   1.8817263e+06
   1.8823240e+06
   1.8826733e+06
   1.8837381e+06
   1.8845575e+06
   1.8851760e+06
   1.8855615e+06
   1.8860896e+06
   1.8867940e+06
   1.8873278e+06
   1.8882913e+06
   1.8893262e+06
   1.8899662e+06
   1.8904271e+06
   1.8913642e+06
   1.8927081e+06
   1.8932773e+06
   1.8943513e+06
   1.8950232e+06
   1.8961468e+06
   1.8966056e+06
   1.8971321e+06
   1.8977565e+06
   1.8982797e+06
   1.8989229e+06
   1.8993126e+06
   1.8703595e+06
   1.8711275e+06
   1.8715514e+06
   1.8725141e+06
   1.8729688e+06
   1.8734354e+06
   1.8740675e+06
   1.8744754e+06
   1.8750392e+06
   1.8756694e+06
   1.8769527e+06
   1.8775230e+06
   1.8780857e+06
   1.8786481e+06
   1.8793359e+06
   1.8798737e+06
   1.8807916e+06
   1.8812083e+06
   1.8820729e+06
   1.8828854e+06
   1.8833105e+06
   1.8836906e+06
   1.8844940e+06
   1.8848097e+06
   1.8852495e+06
   1.8859985e+06
   1.8866123e+06
   1.8870441e+06
   1.8875222e+06
   1.8881520e+06
   1.8906527e+06
   1.8934164e+06
   1.8938796e+06
   1.8942989e+06
   1.8949000e+06
   1.8953619e+06
   1.8967849e+06
   1.8975052e+06
   1.8984546e+06
   1.8990097e+06
   1.8995044e+06
   1.8724448e+06
   1.8734649e+06
   1.8741461e+06
   1.8747889e+06
   1.8753637e+06
   1.8759041e+06
   1.8766407e+06
   1.8782884e+06
   1.8786914e+06
   1.8791030e+06
   1.8798531e+06
   1.8803013e+06
   1.8809263e+06
   1.8817332e+06
   1.8825407e+06
   1.8830434e+06
   1.8836038e+06
   1.8842176e+06
   1.8847895e+06
   1.8851651e+06
   1.8856325e+06
   1.8861649e+06
   1.8879838e+06
   1.8886939e+06
   1.8895709e+06
   1.8901366e+06
   1.8907193e+06
   1.8913713e+06
   1.8925358e+06
   1.8929295e+06
   1.8933550e+06
   1.8941007e+06
   1.8949676e+06
   1.8955801e+06
   1.8964951e+06
   1.8971269e+06
   1.8977853e+06
   1.8985355e+06
   1.8991428e+06
   1.8999029e+06
