   4.0591670e+02
   1.1462459e+03
   1.7778514e+03
   2.2756217e+03
   2.7813911e+03
   3.3643426e+03
   3.7400586e+03
   4.1995107e+03
   4.7674912e+03
   5.1799860e+03
   5.9687361e+03
   6.4782655e+03
   7.0779770e+03
   7.5971968e+03
   7.8881089e+03
   8.4819196e+03
   8.8430458e+03
   9.2267893e+03
   9.6086399e+03
   1.0141526e+04
   1.0605150e+04
   1.1070150e+04
   1.1408641e+04
   1.2242300e+04
   1.2646691e+04
   1.3224696e+04
   1.3712603e+04
   1.4115955e+04
   1.4687309e+04
   1.5350845e+04
   1.5819284e+04
   1.6420137e+04
   1.9031673e+04
   1.9669463e+04
   2.0078888e+04
   2.0387001e+04
   2.0741910e+04
   2.1190893e+04
   2.1520534e+04
   2.1827719e+04
   2.2123249e+04
   2.2803756e+04
   2.3258974e+04
   2.3558937e+04
   2.3915839e+04
   2.4441907e+04
   2.4881471e+04
   2.5167217e+04
   2.5664154e+04
   2.6027215e+04
   2.6371555e+04
   2.6741681e+04
   2.7095578e+04
   2.7732210e+04
   2.8479704e+04
   2.8948808e+04
   2.9356410e+04
   2.9664766e+04
   3.0062955e+04
   3.0921286e+04
   3.1418164e+04
   3.2031105e+04
   3.2559303e+04
   3.3111984e+04
   3.3513969e+04
   3.4229236e+04
   3.4593404e+04
   3.5090202e+04
   3.5583597e+04
   3.6101514e+04
   3.6599975e+04
   3.7051064e+04
   3.7457082e+04
   3.7829972e+04
   3.8404543e+04
   3.8699660e+04
   3.9042476e+04
   3.9564027e+04
   4.0140086e+04
   4.0387907e+04
   4.0755421e+04
   4.1024150e+04
   4.1477574e+04
   4.1947977e+04
   4.2367038e+04
   4.2807453e+04
   4.3263316e+04
   4.3644840e+04
   4.4093164e+04
   4.4472390e+04
   4.4787504e+04
   4.5198709e+04
   4.5766982e+04
   4.6057103e+04
   4.6378445e+04
   4.6807397e+04
   4.7155424e+04
   4.7559446e+04
   4.8205544e+04
   4.8603962e+04
   4.8927676e+04
   4.9552854e+04
   5.0000487e+04
   5.0277122e+04
   5.0889100e+04
   5.1317026e+04
   5.1717474e+04
   5.2197106e+04
   5.2718280e+04
   5.3450188e+04
   5.3914016e+04
   5.4620628e+04
   5.5074160e+04
   5.5477885e+04
   5.5839602e+04
   5.6460784e+04
   5.6826561e+04
   5.7172892e+04
   5.7453850e+04
   5.7784824e+04
   5.8157816e+04
   5.8657461e+04
   5.8934187e+04
   5.9630690e+04
   1.0038302e+05
   1.0065864e+05
   1.0113884e+05
   1.0145982e+05
   1.0176060e+05
   1.0202878e+05
   1.0269454e+05
   1.0300187e+05
   1.0351296e+05
   1.0403042e+05
   1.0437894e+05
   1.0485192e+05
   1.0518645e+05
   1.0563626e+05
   1.0602512e+05
   1.0654602e+05
   1.0722343e+05
   1.0760167e+05
   1.0791026e+05
   1.0828432e+05
   1.0893755e+05
   1.0924636e+05
   1.0964122e+05
   1.1003957e+05
   1.1059423e+05
   1.1100788e+05
   1.1137796e+05
   1.1216693e+05
   1.1271820e+05
   1.1317342e+05
   1.1355323e+05
   1.1390008e+05
   1.1425618e+05
   1.1458186e+05
   1.1486499e+05
   1.1527200e+05
   1.1579802e+05
   1.1644153e+05
   1.1680763e+05
   1.1723649e+05
   1.1755118e+05
   1.1802041e+05
   1.1856244e+05
   1.1892138e+05
   1.1943750e+05
   1.1984489e+05
   1.6021197e+05
   1.6084927e+05
   1.6126645e+05
   1.6164351e+05
   1.6193818e+05
   1.6242584e+05
   1.6280151e+05
   1.6324739e+05
   1.6370755e+05
   1.6409196e+05
   1.6446972e+05
   1.6516105e+05
   1.6549600e+05
   1.6580095e+05
   1.6627690e+05
   1.6663287e+05
   1.6719898e+05
   1.6752853e+05
   1.6781680e+05
   1.6824825e+05
   1.6883503e+05
   1.6929330e+05
   1.6964720e+05
   1.7001638e+05
   1.7057420e+05
   1.7134744e+05
   1.7174854e+05
   1.7212370e+05
   1.7251294e+05
   1.7321600e+05
   1.7410478e+05
   1.7572290e+05
   1.7614406e+05
   1.7649957e+05
   1.7712171e+05
   1.7754466e+05
   1.7818438e+05
   1.7856473e+05
   1.7895499e+05
   1.7938316e+05
   1.7987640e+05
   2.2016797e+05
   2.2081879e+05
   2.2124708e+05
   2.2174696e+05
   2.2260315e+05
   2.2541158e+05
   2.2587013e+05
   2.2624253e+05
   2.2662219e+05
   2.2706405e+05
   2.2758722e+05
   2.2787786e+05
   2.2868264e+05
   2.2912725e+05
   2.2957358e+05
   2.3010226e+05
   2.3036889e+05
   2.3097837e+05
   2.3139318e+05
   2.3170187e+05
   2.3202908e+05
   2.3236353e+05
   2.3269570e+05
   2.3306169e+05
   2.3328808e+05
   2.3378247e+05
   2.3417797e+05
   2.3468062e+05
   2.3509717e+05
   2.3541923e+05
   2.3597598e+05
   2.3628146e+05
   2.3661477e+05
   2.3704991e+05
   2.3756527e+05
   2.3786901e+05
   2.3833687e+05
   2.3873179e+05
   2.3907737e+05
   2.3975333e+05
   2.8030174e+05
   2.8068280e+05
   2.8102371e+05
   2.8135478e+05
   2.8181218e+05
   2.8209374e+05
   2.8247604e+05
   2.8283687e+05
   2.8326657e+05
   2.8362017e+05
   2.8404807e+05
   2.8446274e+05
   2.8490565e+05
   2.8529491e+05
   2.8586281e+05
   2.8630826e+05
   2.8661065e+05
   2.8743945e+05
   2.8819473e+05
   2.8866936e+05
   2.8900996e+05
   2.8942530e+05
   2.8986418e+05
   2.9032536e+05
   2.9076489e+05
   2.9126308e+05
   2.9171098e+05
   2.9232891e+05
   2.9280916e+05
   2.9352981e+05
   2.9422132e+05
   2.9460799e+05
   2.9517860e+05
   2.9554380e+05
   2.9592226e+05
   2.9644112e+05
   2.9686849e+05
   2.9722438e+05
   2.9769236e+05
   2.9813187e+05
   2.9851616e+05
   2.9902884e+05
   2.9940035e+05
   2.9964203e+05
   3.4006538e+05
   3.4072620e+05
   3.4108022e+05
   3.4146752e+05
   3.4180696e+05
   3.4223413e+05
   3.4263772e+05
   3.4310519e+05
   3.4343016e+05
   3.4386314e+05
   3.4482728e+05
   3.4579436e+05
   3.4639454e+05
   3.4691359e+05
   3.4790303e+05
   3.4822045e+05
   3.4859845e+05
   3.4903736e+05
   3.4946225e+05
   3.5009977e+05
   3.5052470e+05
   3.5094388e+05
   3.5127587e+05
   3.5157756e+05
   3.5194057e+05
   3.5228933e+05
   3.5274298e+05
   3.5333471e+05
   3.5379121e+05
   3.5422413e+05
   3.5463003e+05
   3.5500494e+05
   3.5544144e+05
   3.5572463e+05
   3.5602922e+05
   3.5643812e+05
   3.5683250e+05
   3.5710535e+05
   3.5741774e+05
   3.5773765e+05
   3.5813153e+05
   3.5840626e+05
   3.5878895e+05
   3.5904336e+05
   3.5938262e+05
   3.5981096e+05
   4.0003312e+05
   4.0032990e+05
   4.0068727e+05
   4.0107601e+05
   4.0155267e+05
   4.0211925e+05
   4.0241934e+05
   4.0273422e+05
   4.0298255e+05
   4.0341353e+05
   4.0371064e+05
   4.0402577e+05
   4.0444281e+05
   4.0476277e+05
   4.0519324e+05
   4.0567284e+05
   4.0630738e+05
   4.0665524e+05
   4.0720169e+05
   4.0753953e+05
   4.0819419e+05
   4.0854925e+05
   4.0889878e+05
   4.0943892e+05
   4.0984574e+05
   4.1012226e+05
   4.1060822e+05
   4.1097931e+05
   4.1144069e+05
   4.1184870e+05
   4.1231244e+05
   4.1285168e+05
   4.1354714e+05
   4.1394931e+05
   4.1421680e+05
   4.1478882e+05
   4.1513675e+05
   4.1552569e+05
   4.1589366e+05
   4.1634367e+05
   4.1683360e+05
   4.1737425e+05
   4.1778544e+05
   4.1810548e+05
   4.1853831e+05
   4.1897102e+05
   4.1931694e+05
   4.1970734e+05
   4.6019752e+05
   4.6049518e+05
   4.6102253e+05
   4.6136654e+05
   4.6173156e+05
   4.6209514e+05
   4.6239074e+05
   4.6268975e+05
   4.6302759e+05
   4.6333811e+05
   4.6370972e+05
   4.6403657e+05
   4.6439985e+05
   4.6471605e+05
   4.6497977e+05
   4.6525548e+05
   4.6560998e+05
   4.6600928e+05
   4.6638856e+05
   4.6686912e+05
   4.6707642e+05
   4.6734887e+05
   4.6774153e+05
   4.6819003e+05
   4.6860892e+05
   4.6899212e+05
   4.6931196e+05
   4.7019552e+05
   4.7044627e+05
   4.7081348e+05
   4.7112516e+05
   4.7171019e+05
   4.7249210e+05
   4.7286952e+05
   4.7325663e+05
   4.7355686e+05
   4.7381528e+05
   4.7413636e+05
   4.7440797e+05
   4.7470262e+05
   4.7509342e+05
   4.7544240e+05
   4.7574681e+05
   4.7604053e+05
   4.7646284e+05
   4.7674863e+05
   4.7711922e+05
   4.7753865e+05
   4.7796729e+05
   4.7826449e+05
   4.7864509e+05
   4.7896717e+05
   4.7939713e+05
   4.7997362e+05
   5.2019528e+05
   5.2046792e+05
   5.2088295e+05
   5.2128715e+05
   5.2158109e+05
   5.2197553e+05
   5.2230173e+05
   5.2262246e+05
   5.2292143e+05
   5.2321218e+05
   5.2358079e+05
   5.2405812e+05
   5.2447513e+05
   5.2476184e+05
   5.2504566e+05
   5.2531158e+05
   5.2561204e+05
   5.2598975e+05
   5.2623588e+05
   5.2656568e+05
   5.2691455e+05
   5.2724484e+05
   5.2759043e+05
   5.2810444e+05
   5.2850387e+05
   5.2897366e+05
   5.2936845e+05
   5.2974808e+05
   5.3016736e+05
   5.3067902e+05
   5.3135470e+05
   5.3180509e+05
   5.3239398e+05
   5.3276713e+05
   5.3318979e+05
   5.3353942e+05
   5.3420187e+05
   5.3461921e+05
   5.3491537e+05
   5.3516947e+05
   5.3554577e+05
   5.3587294e+05
   5.3614255e+05
   5.3641992e+05
   5.3672532e+05
   5.3710863e+05
   5.3742560e+05
   5.3783291e+05
   5.3819426e+05
   5.3850434e+05
   5.3880403e+05
   5.3942999e+05
   5.3969815e+05
   5.8004108e+05
   5.8028665e+05
   5.8057511e+05
   5.8089604e+05
   5.8115199e+05
   5.8142998e+05
   5.8169856e+05
   5.8190518e+05
   5.8219336e+05
   5.8250952e+05
   5.8269197e+05
   5.8300643e+05
   5.8327973e+05
   5.8347104e+05
   5.8379879e+05
   5.8399759e+05
   5.8427482e+05
   5.8457523e+05
   5.8494257e+05
   5.8526748e+05
   5.8549038e+05
   5.8575470e+05
   5.8596213e+05
   5.8627571e+05
   5.8658643e+05
   5.8683914e+05
   5.8726134e+05
   5.8772699e+05
   5.8848111e+05
   5.8880496e+05
   5.8920494e+05
   5.8952733e+05
   5.8987541e+05
   5.9063699e+05
   5.9097654e+05
   5.9130855e+05
   5.9174052e+05
   5.9226227e+05
   5.9268217e+05
   5.9309173e+05
   5.9353465e+05
   5.9388897e+05
   5.9412966e+05
   5.9444911e+05
   5.9473744e+05
   5.9510368e+05
   5.9558981e+05
   5.9613425e+05
   5.9644610e+05
   5.9669593e+05
   5.9724904e+05
   5.9760617e+05
   5.9803804e+05
   5.9844992e+05
   5.9874597e+05
   5.9916785e+05
   5.9951104e+05
   5.9976812e+05
   6.0072606e+05
   6.0123719e+05
   6.0172860e+05
   6.0227542e+05
   6.0278424e+05
   6.0321675e+05
   6.0377005e+05
   6.0438876e+05
   6.0487480e+05
   6.0521835e+05
   6.0559723e+05
   6.0600469e+05
   6.0628623e+05
   6.0670132e+05
   6.0715335e+05
   6.0763158e+05
   6.0821839e+05
   6.0859508e+05
   6.0897005e+05
   6.0942254e+05
   6.0997583e+05
   6.1041019e+05
   6.1098698e+05
   6.1146779e+05
   6.1195457e+05
   6.1237857e+05
   6.1413682e+05
   6.1460174e+05
   6.1517921e+05
   6.1556707e+05
   6.1586496e+05
   6.1656696e+05
   6.1732801e+05
   6.1773294e+05
   6.1814593e+05
   6.1870357e+05
   6.1920856e+05
   6.1971016e+05
   6.2005524e+05
   6.2036565e+05
   6.2097283e+05
   6.2160640e+05
   6.2206219e+05
   6.2261440e+05
   6.2299623e+05
   6.2347599e+05
   6.2397640e+05
   6.2438374e+05
   6.2483839e+05
   6.2575772e+05
   6.2614276e+05
   6.2655423e+05
   6.2706680e+05
   6.2764710e+05
   6.2821838e+05
   6.2862462e+05
   6.2901950e+05
   6.2954328e+05
   6.3015902e+05
   6.3058340e+05
   6.3100673e+05
   6.3188128e+05
   6.3244492e+05
   6.3290134e+05
   6.3335733e+05
   6.3373838e+05
   6.3423216e+05
   6.3462357e+05
   6.3509358e+05
   6.3549355e+05
   6.3629728e+05
   6.3666481e+05
   6.3697198e+05
   6.3738610e+05
   6.3797988e+05
   6.3862147e+05
   6.3909926e+05
   6.3942759e+05
   6.3981282e+05
   6.4024286e+05
   6.4056215e+05
   6.4125497e+05
   6.4172135e+05
   6.4266296e+05
   6.4354169e+05
   6.4393721e+05
   6.4434041e+05
   6.4485277e+05
   6.4520411e+05
   6.4554178e+05
   6.4596499e+05
   6.4656498e+05
   6.4705565e+05
   6.4764117e+05
   6.4816615e+05
   6.4850171e+05
   6.4897961e+05
   6.4934154e+05
   6.4971556e+05
   6.5003167e+05
   6.5051461e+05
   6.5099383e+05
   6.5132233e+05
   6.5170441e+05
   6.5259706e+05
   6.5316565e+05
   6.5367952e+05
   6.5418789e+05
   6.5454268e+05
   6.5479374e+05
   6.5526529e+05
   6.5567720e+05
   6.5605928e+05
   6.5642483e+05
   6.5681677e+05
   6.5738984e+05
   6.5798004e+05
   6.5888809e+05
   6.5928221e+05
   6.5961588e+05
   6.6009856e+05
   6.6053961e+05
   6.6081543e+05
   6.6137083e+05
   6.6229229e+05
   6.6283606e+05
   6.6343715e+05
   6.6381955e+05
   6.6429164e+05
   6.6472086e+05
   6.6512365e+05
   6.6569367e+05
   6.6626829e+05
   6.6693185e+05
   6.6731565e+05
   6.6802014e+05
   6.6841419e+05
   6.6884051e+05
   6.6927836e+05
   6.6977792e+05
   6.7014011e+05
   6.7057406e+05
   6.7108404e+05
   6.7164075e+05
   6.7259414e+05
   6.7309496e+05
   6.7352835e+05
   6.7386567e+05
   6.7425357e+05
   6.7459731e+05
   6.7498460e+05
   6.7546314e+05
   6.7577246e+05
   6.7616076e+05
   6.7656672e+05
   6.7708637e+05
   6.7760025e+05
   6.7790487e+05
   6.7830353e+05
   6.7928790e+05
   6.7977164e+05
   6.8024481e+05
   6.8108538e+05
   6.8178084e+05
   6.8231350e+05
   6.8320040e+05
   6.8388097e+05
   6.8434417e+05
   6.8491508e+05
   6.8531158e+05
   6.8571319e+05
   6.8614839e+05
   6.8654556e+05
   6.8700856e+05
   6.8749840e+05
   6.8793019e+05
   6.8856014e+05
   6.8896121e+05
   6.8965560e+05
   6.9014533e+05
   6.9068245e+05
   6.9146574e+05
   6.9191538e+05
   6.9241469e+05
   6.9287149e+05
   6.9330315e+05
   6.9364824e+05
   6.9403378e+05
   6.9435213e+05
   6.9472190e+05
   6.9535185e+05
   6.9566425e+05
   6.9598551e+05
   6.9631382e+05
   6.9698377e+05
   6.9752669e+05
   6.9783233e+05
   6.9814824e+05
   6.9876825e+05
   6.9918493e+05
   6.9951686e+05
   6.9998936e+05
   7.0049671e+05
   7.0110372e+05
   7.0150151e+05
   7.0321479e+05
   7.0354517e+05
   7.0400509e+05
   7.0439970e+05
   7.0471920e+05
   7.0512447e+05
   7.0551020e+05
   7.0587775e+05
   7.0623601e+05
   7.0687262e+05
   7.0751008e+05
   7.0806015e+05
   7.0850480e+05
   7.0939675e+05
   7.1008703e+05
   7.1061045e+05
   7.1100027e+05
   7.1147074e+05
   7.1178836e+05
   7.1247052e+05
   7.1291061e+05
   7.1324487e+05
   7.1379000e+05
   7.1429912e+05
   7.1467334e+05
   7.1514109e+05
   7.1556080e+05
   7.1592484e+05
   7.1640680e+05
   7.1685618e+05
   7.1725618e+05
   7.2055782e+05
   7.2104762e+05
   7.2147056e+05
   7.2192939e+05
   7.2248922e+05
   7.2333691e+05
   7.2436734e+05
   7.2496393e+05
   7.2554132e+05
   7.2636046e+05
   7.2699907e+05
   7.2761296e+05
   7.2929762e+05
   7.2979820e+05
   7.3018593e+05
   7.3064133e+05
   7.3130272e+05
   7.3195042e+05
   7.3249781e+05
   7.3337623e+05
   7.3396417e+05
   7.3429154e+05
   7.3499657e+05
   7.3544045e+05
   7.3621685e+05
   7.3726238e+05
   7.3798123e+05
   7.3976910e+05
   7.4036924e+05
   7.4353775e+05
   7.4394257e+05
   7.6053926e+05
   7.6091652e+05
   7.6133332e+05
   7.6166027e+05
   7.6214070e+05
   7.6243702e+05
   7.6279128e+05
   7.6328970e+05
   7.6359779e+05
   7.6391548e+05
   7.6423564e+05
   7.6452606e+05
   7.6490768e+05
   7.6534136e+05
   7.6570630e+05
   7.6602821e+05
   7.6634452e+05
   7.6669812e+05
   7.6761882e+05
   7.6806258e+05
   7.6859874e+05
   7.6964663e+05
   7.7015916e+05
   7.7066627e+05
   7.7112097e+05
   7.7303649e+05
   7.7366039e+05
   7.7436191e+05
   7.7497625e+05
   7.7549808e+05
   7.7622648e+05
   7.7658754e+05
   7.7700916e+05
   7.7748910e+05
   7.7792238e+05
   7.7844210e+05
   7.7907380e+05
   7.7951580e+05
   8.2027582e+05
   8.2064541e+05
   8.2089553e+05
   8.2132486e+05
   8.2171838e+05
   8.2213974e+05
   8.2238597e+05
   8.2272334e+05
   8.2306932e+05
   8.2340307e+05
   8.2377939e+05
   8.2423543e+05
   8.2465880e+05
   8.2497234e+05
   8.2535486e+05
   8.2576916e+05
   8.2605495e+05
   8.2646597e+05
   8.2690052e+05
   8.2761913e+05
   8.2850415e+05
   8.2909199e+05
   8.2953648e+05
   8.3033775e+05
   8.3076460e+05
   8.3138768e+05
   8.3187180e+05
   8.3247515e+05
   8.3289022e+05
   8.3382539e+05
   8.3435084e+05
   8.3473134e+05
   8.3504030e+05
   8.3572795e+05
   8.3611184e+05
   8.3711174e+05
   8.3780260e+05
   8.3808325e+05
   8.3850473e+05
   8.3893471e+05
   8.3930670e+05
   8.3977193e+05
   8.8036404e+05
   8.8097743e+05
   8.8128385e+05
   8.8164440e+05
   8.8205401e+05
   8.8239856e+05
   8.8278956e+05
   8.8332761e+05
   8.8398119e+05
   8.8437617e+05
   8.8466763e+05
   8.8502700e+05
   8.8536893e+05
   8.8575633e+05
   8.8609607e+05
   8.8659665e+05
   8.8692603e+05
   8.8745681e+05
   8.8787344e+05
   8.8850727e+05
   8.8895982e+05
   8.8939717e+05
   8.8985353e+05
   8.9023139e+05
   8.9076425e+05
   8.9108577e+05
   8.9227707e+05
   8.9266189e+05
   8.9312600e+05
   8.9354267e+05
   8.9388070e+05
   8.9480997e+05
   8.9546889e+05
   8.9590748e+05
   8.9637312e+05
   8.9688062e+05
   8.9729546e+05
   8.9764511e+05
   8.9815595e+05
   8.9852028e+05
   8.9939385e+05
   8.9978975e+05
   9.4039544e+05
   9.4095660e+05
   9.4127443e+05
   9.4156938e+05
   9.4180803e+05
   9.4233096e+05
   9.4274894e+05
   9.4308601e+05
   9.4346273e+05
   9.4373989e+05
   9.4412728e+05
   9.4447634e+05
   9.4493106e+05
   9.4533565e+05
   9.4581085e+05
   9.4616196e+05
   9.4683416e+05
   9.4753362e+05
   9.4817134e+05
   9.4920639e+05
   9.4963532e+05
   9.5009225e+05
   9.5056984e+05
   9.5100489e+05
   9.5161272e+05
   9.5223235e+05
   9.5274978e+05
   9.5315722e+05
   9.5468853e+05
   9.5561793e+05
   9.5592014e+05
   9.5633970e+05
   9.5673824e+05
   9.5767747e+05
   9.5825049e+05
   9.5880904e+05
   9.5927258e+05
   9.5975314e+05
   1.0006205e+06
   1.0009859e+06
   1.0013667e+06
   1.0018369e+06
   1.0021764e+06
   1.0025146e+06
   1.0028976e+06
   1.0032191e+06
   1.0036807e+06
   1.0042876e+06
   1.0046604e+06
   1.0049595e+06
   1.0053142e+06
   1.0057258e+06
   1.0060545e+06
   1.0065196e+06
   1.0075281e+06
   1.0103485e+06
   1.0107771e+06
   1.0112595e+06
   1.0117758e+06
   1.0122179e+06
   1.0128320e+06
   1.0132120e+06
   1.0139332e+06
   1.0145693e+06
   1.0151082e+06
   1.0155785e+06
   1.0163035e+06
   1.0167652e+06
   1.0172212e+06
   1.0176478e+06
   1.0181575e+06
   1.0187046e+06
   1.0196036e+06
   1.0604042e+06
   1.0606337e+06
   1.0609037e+06
   1.0613689e+06
   1.0616376e+06
   1.0619788e+06
   1.0623478e+06
   1.0626959e+06
   1.0630003e+06
   1.0633126e+06
   1.0636499e+06
   1.0640290e+06
   1.0644571e+06
   1.0647673e+06
   1.0651862e+06
   1.0655892e+06
   1.0659060e+06
   1.0663070e+06
   1.0666409e+06
   1.0669654e+06
   1.0673724e+06
   1.0678623e+06
   1.0687476e+06
   1.0691738e+06
   1.0695300e+06
   1.0700320e+06
   1.0707366e+06
   1.0716284e+06
   1.0721563e+06
   1.0729257e+06
   1.0734574e+06
   1.0743490e+06
   1.0748034e+06
   1.0754058e+06
   1.0761346e+06
   1.0767554e+06
   1.0770985e+06
   1.0775718e+06
   1.0781527e+06
   1.0784758e+06
   1.0789298e+06
   1.0794551e+06
   1.1203115e+06
   1.1208172e+06
   1.1212450e+06
   1.1217475e+06
   1.1221441e+06
   1.1226300e+06
   1.1228983e+06
   1.1231862e+06
   1.1235972e+06
   1.1239827e+06
   1.1243065e+06
   1.1246662e+06
   1.1250001e+06
   1.1253921e+06
   1.1258862e+06
   1.1262334e+06
   1.1264932e+06
   1.1269576e+06
   1.1275663e+06
   1.1284516e+06
   1.1290150e+06
   1.1294506e+06
   1.1300639e+06
   1.1309407e+06
   1.1313834e+06
   1.1318888e+06
   1.1323413e+06
   1.1327927e+06
   1.1334517e+06
   1.1348188e+06
   1.1353987e+06
   1.1361181e+06
   1.1366622e+06
   1.1373395e+06
   1.1378456e+06
   1.1390462e+06
   1.1393304e+06
   1.1399693e+06
   1.1804805e+06
   1.1807795e+06
   1.1813765e+06
   1.1819471e+06
   1.1823620e+06
   1.1828665e+06
   1.1832227e+06
   1.1837097e+06
   1.1840623e+06
   1.1843723e+06
   1.1847729e+06
   1.1852621e+06
   1.1856413e+06
   1.1861666e+06
   1.1865605e+06
   1.1869832e+06
   1.1873944e+06
   1.1881040e+06
   1.1886474e+06
   1.1890912e+06
   1.1900202e+06
   1.1904501e+06
   1.1909122e+06
   1.1913067e+06
   1.1917238e+06
   1.1923084e+06
   1.1933970e+06
   1.1937545e+06
   1.1944830e+06
   1.1949065e+06
   1.1957953e+06
   1.1964671e+06
   1.1969025e+06
   1.1979029e+06
   1.1983187e+06
   1.1989611e+06
   1.1994251e+06
   1.1999862e+06
   1.2404732e+06
   1.2409614e+06
   1.2414227e+06
   1.2421477e+06
   1.2424725e+06
   1.2428541e+06
   1.2434542e+06
   1.2438544e+06
   1.2442334e+06
   1.2448768e+06
   1.2452306e+06
   1.2455888e+06
   1.2459004e+06
   1.2463688e+06
   1.2468548e+06
   1.2485774e+06
   1.2489025e+06
   1.2493419e+06
   1.2497414e+06
   1.2504267e+06
   1.2510915e+06
   1.2524904e+06
   1.2546255e+06
   1.2549662e+06
   1.2553427e+06
   1.2559247e+06
   1.2565708e+06
   1.2571286e+06
   1.2575665e+06
   1.2583368e+06
   1.2587068e+06
   1.2593171e+06
   1.2597066e+06
   1.3003593e+06
   1.3007706e+06
   1.3015385e+06
   1.3020768e+06
   1.3027372e+06
   1.3030316e+06
   1.3034347e+06
   1.3038392e+06
   1.3043054e+06
   1.3047117e+06
   1.3051586e+06
   1.3056193e+06
   1.3065302e+06
   1.3069959e+06
   1.3073728e+06
   1.3078052e+06
   1.3082224e+06
   1.3091443e+06
   1.3095693e+06
   1.3099499e+06
   1.3104564e+06
   1.3110204e+06
   1.3114301e+06
   1.3119556e+06
   1.3123898e+06
   1.3128049e+06
   1.3136481e+06
   1.3150012e+06
   1.3156293e+06
   1.3160789e+06
   1.3167465e+06
   1.3171585e+06
   1.3181689e+06
   1.3187240e+06
   1.3191757e+06
   1.3605791e+06
   1.3610308e+06
   1.3617460e+06
   1.3621747e+06
   1.3625963e+06
   1.3632315e+06
   1.3637669e+06
   1.3642007e+06
   1.3645401e+06
   1.3664221e+06
   1.3669233e+06
   1.3674253e+06
   1.3681193e+06
   1.3686998e+06
   1.3690135e+06
   1.3697135e+06
   1.3701697e+06
   1.3705709e+06
   1.3709850e+06
   1.3717745e+06
   1.3721693e+06
   1.3726345e+06
   1.3739925e+06
   1.3743874e+06
   1.3748865e+06
   1.3754588e+06
   1.3759022e+06
   1.3765141e+06
   1.3770767e+06
   1.3775751e+06
   1.3779226e+06
   1.3784712e+06
   1.3788796e+06
   1.3792197e+06
   1.3796659e+06
   1.4203852e+06
   1.4207056e+06
   1.4212228e+06
   1.4216333e+06
   1.4219733e+06
   1.4226341e+06
   1.4229295e+06
   1.4234544e+06
   1.4238192e+06
   1.4242124e+06
   1.4248128e+06
   1.4252874e+06
   1.4256892e+06
   1.4261377e+06
   1.4266215e+06
   1.4269319e+06
   1.4276303e+06
   1.4283867e+06
   1.4288373e+06
   1.4292742e+06
   1.4299130e+06
   1.4304039e+06
   1.4308182e+06
   1.4313568e+06
   1.4318301e+06
   1.4328362e+06
   1.4332333e+06
   1.4338112e+06
   1.4346928e+06
   1.4355754e+06
   1.4370140e+06
   1.4374661e+06
   1.4379087e+06
   1.4383462e+06
   1.4390295e+06
   1.4397308e+06
   1.4804255e+06
   1.4807963e+06
   1.4812629e+06
   1.4816355e+06
   1.4820200e+06
   1.4828901e+06
   1.4832420e+06
   1.4837845e+06
   1.4845235e+06
   1.4850244e+06
   1.4876009e+06
   1.4882265e+06
   1.4887396e+06
   1.4891140e+06
   1.4899085e+06
   1.4905354e+06
   1.4912354e+06
   1.4917800e+06
   1.4928859e+06
   1.4934836e+06
   1.4938593e+06
   1.4945272e+06
   1.4950247e+06
   1.4961216e+06
   1.4966209e+06
   1.4970887e+06
   1.4975485e+06
   1.4980004e+06
   1.4989420e+06
   1.4992326e+06
   1.5405157e+06
   1.5410039e+06
   1.5416500e+06
   1.5422714e+06
   1.5428217e+06
   1.5433405e+06
   1.5439042e+06
   1.5445026e+06
   1.5451714e+06
   1.5457036e+06
   1.5463459e+06
   1.5468375e+06
   1.5476393e+06
   1.5481304e+06
   1.5485712e+06
   1.5489106e+06
   1.5507883e+06
   1.5512028e+06
   1.5516970e+06
   1.5522799e+06
   1.5526793e+06
   1.5534381e+06
   1.5538311e+06
   1.5545317e+06
   1.5551720e+06
   1.5556186e+06
   1.5560592e+06
   1.5567108e+06
   1.5573960e+06
   1.5581943e+06
   1.5585773e+06
   1.5590788e+06
   1.5595125e+06
   1.6004467e+06
   1.6010179e+06
   1.6021221e+06
   1.6035630e+06
   1.6041746e+06
   1.6047656e+06
   1.6051984e+06
   1.6060302e+06
   1.6064704e+06
   1.6069607e+06
   1.6079161e+06
   1.6083500e+06
   1.6090112e+06
   1.6095608e+06
   1.6099342e+06
   1.6103267e+06
   1.6113011e+06
   1.6117674e+06
   1.6122419e+06
   1.6127397e+06
   1.6134505e+06
   1.6138502e+06
   1.6144813e+06
   1.6149760e+06
   1.6153370e+06
   1.6156845e+06
   1.6161880e+06
   1.6169334e+06
   1.6176148e+06
   1.6188629e+06
   1.6191753e+06
   1.6198850e+06
   1.6605865e+06
   1.6609718e+06
   1.6616461e+06
   1.6622521e+06
   1.6629277e+06
   1.6635900e+06
   1.6639624e+06
   1.6643900e+06
   1.6649021e+06
   1.6654361e+06
   1.6658771e+06
   1.6664513e+06
   1.6668148e+06
   1.6676859e+06
   1.6682642e+06
   1.6687374e+06
   1.6692307e+06
   1.6697596e+06
   1.6703446e+06
   1.6707994e+06
   1.6712921e+06
   1.6719967e+06
   1.6724289e+06
   1.6729957e+06
   1.6734175e+06
   1.6738561e+06
   1.6745071e+06
   1.6751045e+06
   1.6756150e+06
   1.6762476e+06
   1.6770693e+06
   1.6776869e+06
   1.6782661e+06
   1.6787675e+06
   1.6793029e+06
   1.6798001e+06
   1.7206373e+06
   1.7210932e+06
   1.7214972e+06
   1.7220904e+06
   1.7225588e+06
   1.7231010e+06
   1.7235357e+06
   1.7246826e+06
   1.7252607e+06
   1.7258775e+06
   1.7263192e+06
   1.7266825e+06
   1.7275609e+06
   1.7280183e+06
   1.7284720e+06
   1.7290639e+06
   1.7303329e+06
   1.7308616e+06
   1.7312792e+06
   1.7317892e+06
   1.7321676e+06
   1.7328663e+06
   1.7334469e+06
   1.7339980e+06
   1.7349498e+06
   1.7354878e+06
   1.7360940e+06
   1.7365949e+06
   1.7377392e+06
   1.7383466e+06
   1.7395552e+06
   1.7399448e+06
   1.7804270e+06
   1.7808565e+06
   1.7814890e+06
   1.7819029e+06
   1.7822924e+06
   1.7827526e+06
   1.7835070e+06
   1.7849157e+06
   1.7855615e+06
   1.7865319e+06
   1.7875095e+06
   1.7880119e+06
   1.7886526e+06
   1.7897493e+06
   1.7905756e+06
   1.7914176e+06
   1.7919128e+06
   1.7923865e+06
   1.7935547e+06
   1.7939492e+06
   1.7945837e+06
   1.7952788e+06
   1.7957101e+06
   1.7961700e+06
   1.7967208e+06
   1.7971641e+06
   1.7979393e+06
   1.7983826e+06
   1.7991897e+06
   1.7996998e+06
   1.8404585e+06
   1.8411311e+06
   1.8415305e+06
   1.8420101e+06
   1.8428440e+06
   1.8433047e+06
   1.8437347e+06
   1.8443181e+06
   1.8446851e+06
   1.8456776e+06
   1.8460858e+06
   1.8467370e+06
   1.8475539e+06
   1.8480648e+06
   1.8487976e+06
   1.8493097e+06
   1.8500911e+06
   1.8504817e+06
   1.8514885e+06
   1.8519504e+06
   1.8523579e+06
   1.8530163e+06
   1.8539230e+06
   1.8543977e+06
   1.8551889e+06
   1.8555658e+06
   1.8560581e+06
   1.8565723e+06
   1.8569525e+06
   1.8574633e+06
   1.8578469e+06
   1.8583186e+06
   1.8591410e+06
   1.8595604e+06
   1.8599491e+06
   1.9004408e+06
   1.9010162e+06
   1.9015073e+06
   1.9024961e+06
   1.9030773e+06
   1.9035771e+06
   1.9042059e+06
   1.9047075e+06
   1.9055193e+06
   1.9060408e+06
   1.9065402e+06
   1.9075004e+06
   1.9084979e+06
   1.9088921e+06
   1.9095892e+06
   1.9102941e+06
   1.9107118e+06
   1.9113308e+06
   1.9118657e+06
   1.9124465e+06
   1.9148498e+06
   1.9153804e+06
   1.9159386e+06
   1.9164718e+06
   1.9168288e+06
   1.9174189e+06
   1.9191829e+06
   1.9197725e+06
   6.0528770e+04
   6.0898153e+04
   6.1475928e+04
   6.1986511e+04
   6.2345800e+04
   6.2972234e+04
   6.3333210e+04
   6.3707189e+04
   6.4091631e+04
   6.4647519e+04
   6.5223489e+04
   6.5929203e+04
   6.6242007e+04
   6.7242915e+04
   6.7893111e+04
   6.8284262e+04
   6.8866144e+04
   6.9533405e+04
   6.9975047e+04
   7.0476595e+04
   7.1328687e+04
   7.1685183e+04
   7.2060690e+04
   7.2667611e+04
   7.3046574e+04
   7.3413687e+04
   7.3895687e+04
   7.4359216e+04
   7.5669132e+04
   7.6171052e+04
   7.6649824e+04
   7.7155231e+04
   7.7702171e+04
   7.8279649e+04
   7.8840172e+04
   7.9258332e+04
   7.9746118e+04
   8.0131783e+04
   8.0724642e+04
   8.1222463e+04
   8.1688153e+04
   8.2226130e+04
   8.2814870e+04
   8.3180477e+04
   8.3601673e+04
   8.4245962e+04
   8.4867279e+04
   8.5526256e+04
   8.6006802e+04
   8.6485069e+04
   8.7324990e+04
   8.7759169e+04
   8.8091400e+04
   8.8613031e+04
   8.9197141e+04
   8.9562187e+04
   8.9906126e+04
   9.0286782e+04
   9.0677350e+04
   9.1200169e+04
   9.1701090e+04
   9.2841331e+04
   9.3285234e+04
   9.3844768e+04
   9.4317368e+04
   9.4923751e+04
   9.5493842e+04
   9.6552392e+04
   9.7135242e+04
   9.7557239e+04
   9.8032546e+04
   9.8348676e+04
   9.8878121e+04
   9.9197877e+04
   9.9729323e+04
   1.2042347e+05
   1.2094429e+05
   1.2151772e+05
   1.2202067e+05
   1.2259229e+05
   1.2296733e+05
   1.2335014e+05
   1.2365443e+05
   1.2426825e+05
   1.2502279e+05
   1.2565762e+05
   1.2612182e+05
   1.2687124e+05
   1.2734212e+05
   1.2790262e+05
   1.2827996e+05
   1.2881682e+05
   1.2922147e+05
   1.2975508e+05
   1.3006522e+05
   1.3040950e+05
   1.3082952e+05
   1.3119612e+05
   1.3192542e+05
   1.3235486e+05
   1.3269463e+05
   1.3312766e+05
   1.3340315e+05
   1.3394302e+05
   1.3458358e+05
   1.3506229e+05
   1.3555181e+05
   1.3616941e+05
   1.3675635e+05
   1.3761165e+05
   1.3799423e+05
   1.3865852e+05
   1.3936216e+05
   1.3971272e+05
   1.4004085e+05
   1.4047796e+05
   1.4098806e+05
   1.4154708e+05
   1.4187817e+05
   1.4240973e+05
   1.4301929e+05
   1.4332492e+05
   1.4372418e+05
   1.4417923e+05
   1.4447482e+05
   1.4480826e+05
   1.4543938e+05
   1.4602117e+05
   1.4647025e+05
   1.4702160e+05
   1.4734467e+05
   1.4789448e+05
   1.4827331e+05
   1.4873284e+05
   1.4957078e+05
   1.5015456e+05
   1.5061094e+05
   1.5132301e+05
   1.5166883e+05
   1.5221402e+05
   1.5272830e+05
   1.5321742e+05
   1.5362641e+05
   1.5399675e+05
   1.5463597e+05
   1.5527907e+05
   1.5567418e+05
   1.5608639e+05
   1.5666981e+05
   1.5707025e+05
   1.5752081e+05
   1.5806176e+05
   1.5846451e+05
   1.5919226e+05
   1.5971041e+05
   1.8037996e+05
   1.8121151e+05
   1.8165981e+05
   1.8197752e+05
   1.8225067e+05
   1.8267205e+05
   1.8306059e+05
   1.8337871e+05
   1.8384410e+05
   1.8430080e+05
   1.8495089e+05
   1.8539497e+05
   1.8578740e+05
   1.8614305e+05
   1.8644152e+05
   1.8683201e+05
   1.8743676e+05
   1.8780550e+05
   1.8823667e+05
   1.8872734e+05
   1.8906781e+05
   1.8969532e+05
   1.9013488e+05
   1.9048172e+05
   1.9079298e+05
   1.9109295e+05
   1.9209046e+05
   1.9256914e+05
   1.9302326e+05
   1.9342373e+05
   1.9384942e+05
   1.9433836e+05
   1.9474599e+05
   1.9532358e+05
   1.9592757e+05
   1.9654680e+05
   1.9724757e+05
   1.9764345e+05
   1.9799493e+05
   1.9835530e+05
   1.9891317e+05
   2.0034168e+05
   2.0102068e+05
   2.0176774e+05
   2.0216225e+05
   2.0262384e+05
   2.0300596e+05
   2.0348213e+05
   2.0373756e+05
   2.0409712e+05
   2.0482208e+05
   2.0529190e+05
   2.0562009e+05
   2.0610162e+05
   2.0654826e+05
   2.0692521e+05
   2.0720187e+05
   2.0772616e+05
   2.0818946e+05
   2.0858699e+05
   2.0918151e+05
   2.0984759e+05
   2.1034710e+05
   2.1078568e+05
   2.1120663e+05
   2.1160960e+05
   2.1197505e+05
   2.1235441e+05
   2.1285851e+05
   2.1350120e+05
   2.1404799e+05
   2.1454121e+05
   2.1494825e+05
   2.1525699e+05
   2.1562435e+05
   2.1609921e+05
   2.1656766e+05
   2.1694956e+05
   2.1741082e+05
   2.1769677e+05
   2.1822776e+05
   2.1867550e+05
   2.1937843e+05
   2.1996823e+05
   2.4040117e+05
   2.4114139e+05
   2.4155341e+05
   2.4234880e+05
   2.4282919e+05
   2.4363196e+05
   2.4404707e+05
   2.4456963e+05
   2.4498029e+05
   2.4571019e+05
   2.4613354e+05
   2.4655354e+05
   2.4702670e+05
   2.4768544e+05
   2.4811247e+05
   2.4849882e+05
   2.4900650e+05
   2.4946898e+05
   2.4997531e+05
   2.5033827e+05
   2.5077852e+05
   2.5172008e+05
   2.5218289e+05
   2.5251780e+05
   2.5296570e+05
   2.5354358e+05
   2.5403520e+05
   2.5440184e+05
   2.5491627e+05
   2.5518984e+05
   2.5574948e+05
   2.5621230e+05
   2.5662321e+05
   2.5701423e+05
   2.5746016e+05
   2.5799492e+05
   2.5838765e+05
   2.5886716e+05
   2.5920051e+05
   2.5968929e+05
   2.6020007e+05
   2.6071096e+05
   2.6111559e+05
   2.6158859e+05
   2.6189356e+05
   2.6261921e+05
   2.6306112e+05
   2.6343834e+05
   2.6381612e+05
   2.6418361e+05
   2.6456926e+05
   2.6529810e+05
   2.6578627e+05
   2.6655434e+05
   2.6705062e+05
   2.6735483e+05
   2.6778191e+05
   2.6847442e+05
   2.6878629e+05
   2.6952573e+05
   2.7000582e+05
   2.7059791e+05
   2.7107101e+05
   2.7153767e+05
   2.7189648e+05
   2.7238884e+05
   2.7275478e+05
   2.7410239e+05
   2.7478337e+05
   2.7527987e+05
   2.7569132e+05
   2.7644142e+05
   2.7690941e+05
   2.7730638e+05
   2.7795472e+05
   2.7837441e+05
   2.7870452e+05
   2.7907761e+05
   2.7950611e+05
   3.0119451e+05
   3.0165135e+05
   3.0211760e+05
   3.0254306e+05
   3.0315539e+05
   3.0376119e+05
   3.0426426e+05
   3.0463643e+05
   3.0498576e+05
   3.0542850e+05
   3.0578084e+05
   3.0611644e+05
   3.0636523e+05
   3.0682875e+05
   3.0725790e+05
   3.0780485e+05
   3.0814049e+05
   3.0852212e+05
   3.0913247e+05
   3.0963785e+05
   3.0998505e+05
   3.1028081e+05
   3.1076546e+05
   3.1106441e+05
   3.1139129e+05
   3.1181197e+05
   3.1234329e+05
   3.1284786e+05
   3.1334839e+05
   3.1376065e+05
   3.1410666e+05
   3.1454383e+05
   3.1484395e+05
   3.1522482e+05
   3.1586237e+05
   3.1653922e+05
   3.1747449e+05
   3.1797570e+05
   3.1840115e+05
   3.1907423e+05
   3.1955290e+05
   3.2008645e+05
   3.2045520e+05
   3.2084479e+05
   3.2143209e+05
   3.2193896e+05
   3.2267596e+05
   3.2388944e+05
   3.2454484e+05
   3.2517642e+05
   3.2557295e+05
   3.2594344e+05
   3.2639645e+05
   3.2710288e+05
   3.2755734e+05
   3.2780939e+05
   3.2813618e+05
   3.2874749e+05
   3.2911465e+05
   3.2984352e+05
   3.3039215e+05
   3.3079342e+05
   3.3144861e+05
   3.3236025e+05
   3.3266878e+05
   3.3324440e+05
   3.3375798e+05
   3.3427623e+05
   3.3486514e+05
   3.3524382e+05
   3.3580531e+05
   3.3625836e+05
   3.3669313e+05
   3.3714087e+05
   3.3772734e+05
   3.3830684e+05
   3.3898127e+05
   3.3940642e+05
   3.3983388e+05
   3.6056521e+05
   3.6096732e+05
   3.6135112e+05
   3.6274999e+05
   3.6320880e+05
   3.6382454e+05
   3.6429760e+05
   3.6477303e+05
   3.6541861e+05
   3.6584744e+05
   3.6614462e+05
   3.6667616e+05
   3.6755862e+05
   3.6788633e+05
   3.6817092e+05
   3.6859172e+05
   3.6893161e+05
   3.6923181e+05
   3.6962765e+05
   3.6997534e+05
   3.7050302e+05
   3.7111561e+05
   3.7157239e+05
   3.7195236e+05
   3.7232708e+05
   3.7276445e+05
   3.7312796e+05
   3.7344248e+05
   3.7373876e+05
   3.7414105e+05
   3.7478403e+05
   3.7554543e+05
   3.7591505e+05
   3.7631694e+05
   3.7656372e+05
   3.7692279e+05
   3.7742450e+05
   3.7783734e+05
   3.7857008e+05
   3.7903979e+05
   3.7949748e+05
   3.8020702e+05
   3.8085585e+05
   3.8135910e+05
   3.8187452e+05
   3.8227531e+05
   3.8283674e+05
   3.8337146e+05
   3.8419148e+05
   3.8523239e+05
   3.8565292e+05
   3.8600704e+05
   3.8636778e+05
   3.8692162e+05
   3.8759216e+05
   3.8795295e+05
   3.8837602e+05
   3.8878505e+05
   3.8910887e+05
   3.8987609e+05
   3.9021059e+05
   3.9052551e+05
   3.9100302e+05
   3.9143252e+05
   3.9228253e+05
   3.9273196e+05
   3.9311190e+05
   3.9355727e+05
   3.9400654e+05
   3.9463369e+05
   3.9521400e+05
   3.9559076e+05
   3.9616847e+05
   3.9704757e+05
   3.9753181e+05
   3.9811247e+05
   3.9846484e+05
   3.9882120e+05
   3.9920322e+05
   3.9961640e+05
   4.2033933e+05
   4.2084363e+05
   4.2123599e+05
   4.2159795e+05
   4.2193058e+05
   4.2233584e+05
   4.2262563e+05
   4.2319659e+05
   4.2365605e+05
   4.2401153e+05
   4.2449376e+05
   4.2479556e+05
   4.2513508e+05
   4.2573710e+05
   4.2656448e+05
   4.2699108e+05
   4.2748424e+05
   4.2807036e+05
   4.2896056e+05
   4.2950506e+05
   4.3006290e+05
   4.3042396e+05
   4.3072904e+05
   4.3100670e+05
   4.3153482e+05
   4.3203979e+05
   4.3236634e+05
   4.3284838e+05
   4.3324550e+05
   4.3366797e+05
   4.3422068e+05
   4.3475071e+05
   4.3514399e+05
   4.3563113e+05
   4.3599020e+05
   4.3659012e+05
   4.3727041e+05
   4.3763121e+05
   4.3798159e+05
   4.3848633e+05
   4.3880411e+05
   4.3926611e+05
   4.4001167e+05
   4.4055702e+05
   4.4099985e+05
   4.4151363e+05
   4.4216355e+05
   4.4404549e+05
   4.4442107e+05
   4.4494310e+05
   4.4533435e+05
   4.4565265e+05
   4.4611982e+05
   4.4645565e+05
   4.4719105e+05
   4.4758363e+05
   4.4807326e+05
   4.4848590e+05
   4.4884656e+05
   4.4942334e+05
   4.4975112e+05
   4.5022191e+05
   4.5059838e+05
   4.5124862e+05
   4.5176954e+05
   4.5229111e+05
   4.5261296e+05
   4.5309160e+05
   4.5344663e+05
   4.5400365e+05
   4.5449857e+05
   4.5485803e+05
   4.5569050e+05
   4.5786737e+05
   4.5833519e+05
   4.5868974e+05
   4.5922210e+05
   4.5958453e+05
   4.8048482e+05
   4.8091616e+05
   4.8135704e+05
   4.8186303e+05
   4.8236298e+05
   4.8266120e+05
   4.8315610e+05
   4.8363267e+05
   4.8415777e+05
   4.8459620e+05
   4.8510722e+05
   4.8554618e+05
   4.8596444e+05
   4.8634674e+05
   4.8668935e+05
   4.8711248e+05
   4.8750043e+05
   4.8794524e+05
   4.8840835e+05
   4.8872803e+05
   4.8906289e+05
   4.8940512e+05
   4.8971934e+05
   4.9028681e+05
   4.9066512e+05
   4.9126903e+05
   4.9211037e+05
   4.9275537e+05
   4.9311537e+05
   4.9360459e+05
   4.9412852e+05
   4.9461456e+05
   4.9540721e+05
   4.9596999e+05
   4.9629046e+05
   4.9682993e+05
   4.9728987e+05
   4.9782043e+05
   4.9817505e+05
   4.9942095e+05
   4.9979776e+05
   5.0137649e+05
   5.0226758e+05
   5.0274938e+05
   5.0318301e+05
   5.0399131e+05
   5.0448935e+05
   5.0485181e+05
   5.0519095e+05
   5.0565972e+05
   5.0610848e+05
   5.0666656e+05
   5.0703133e+05
   5.0766670e+05
   5.0806639e+05
   5.0836227e+05
   5.0873824e+05
   5.0908863e+05
   5.0947130e+05
   5.0981111e+05
   5.1026151e+05
   5.1061720e+05
   5.1091822e+05
   5.1138292e+05
   5.1174591e+05
   5.1270547e+05
   5.1313497e+05
   5.1387820e+05
   5.1430529e+05
   5.1493084e+05
   5.1529667e+05
   5.1615078e+05
   5.1652762e+05
   5.1698013e+05
   5.1782144e+05
   5.1842797e+05
   5.1891105e+05
   5.1941858e+05
   5.1993220e+05
   5.4059385e+05
   5.4121921e+05
   5.4161209e+05
   5.4198905e+05
   5.4254422e+05
   5.4297428e+05
   5.4333054e+05
   5.4371841e+05
   5.4416912e+05
   5.4451865e+05
   5.4500313e+05
   5.4532500e+05
   5.4588928e+05
   5.4623453e+05
   5.4675984e+05
   5.4754058e+05
   5.4788757e+05
   5.4873014e+05
   5.4924424e+05
   5.4970033e+05
   5.5025798e+05
   5.5075135e+05
   5.5124583e+05
   5.5157941e+05
   5.5201642e+05
   5.5242326e+05
   5.5271692e+05
   5.5306875e+05
   5.5347719e+05
   5.5386615e+05
   5.5441079e+05
   5.5496044e+05
   5.5537199e+05
   5.5582676e+05
   5.5646741e+05
   5.5692930e+05
   5.5732144e+05
   5.5759174e+05
   5.5808168e+05
   5.5859744e+05
   5.5899282e+05
   5.5940800e+05
   5.5977345e+05
   5.6038978e+05
   5.6113778e+05
   5.6158943e+05
   5.6199514e+05
   5.6256045e+05
   5.6303713e+05
   5.6351935e+05
   5.6394477e+05
   5.6442638e+05
   5.6481767e+05
   5.6536691e+05
   5.6578470e+05
   5.6621998e+05
   5.6714817e+05
   5.6750862e+05
   5.6796925e+05
   5.6854690e+05
   5.6888963e+05
   5.6948149e+05
   5.6980864e+05
   5.7012915e+05
   5.7047190e+05
   5.7084170e+05
   5.7149225e+05
   5.7193935e+05
   5.7228227e+05
   5.7271239e+05
   5.7317475e+05
   5.7353618e+05
   5.7395234e+05
   5.7474232e+05
   5.7602045e+05
   5.7641176e+05
   5.7669456e+05
   5.7711255e+05
   5.7767492e+05
   5.7820627e+05
   5.7854790e+05
   5.7891529e+05
   5.7936960e+05
   5.7981049e+05
   7.8172592e+05
   7.8231247e+05
   7.8272674e+05
   7.8340476e+05
   7.8391889e+05
   7.8443034e+05
   7.8530154e+05
   7.8568595e+05
   7.8607934e+05
   7.8650230e+05
   7.8711913e+05
   7.8766955e+05
   7.8949078e+05
   7.9109404e+05
   7.9156923e+05
   7.9210767e+05
   7.9258159e+05
   7.9323376e+05
   7.9527796e+05
   7.9578694e+05
   7.9647762e+05
   7.9702584e+05
   7.9796493e+05
   7.9952913e+05
   7.9989285e+05
   8.0024013e+05
   8.0127534e+05
   8.0189567e+05
   8.0229148e+05
   8.0297254e+05
   8.0344156e+05
   8.0404203e+05
   8.0449096e+05
   8.0494599e+05
   8.0557496e+05
   8.0605256e+05
   8.0702880e+05
   8.0751514e+05
   8.0839676e+05
   8.0919630e+05
   8.1000510e+05
   8.1062449e+05
   8.1099382e+05
   8.1168712e+05
   8.1242391e+05
   8.1333905e+05
   8.1390547e+05
   8.1485947e+05
   8.1527658e+05
   8.1595693e+05
   8.1677388e+05
   8.1729038e+05
   8.1969139e+05
   8.4066334e+05
   8.4127194e+05
   8.4208282e+05
   8.4276055e+05
   8.4334738e+05
   8.4382335e+05
   8.4433636e+05
   8.4482292e+05
   8.4591512e+05
   8.4744516e+05
   8.4834990e+05
   8.4882085e+05
   8.4932278e+05
   8.4981876e+05
   8.5077637e+05
   8.5125312e+05
   8.5191755e+05
   8.5251495e+05
   8.5317852e+05
   8.5451667e+05
   8.5512623e+05
   8.5580299e+05
   8.5643519e+05
   8.5710889e+05
   8.5956544e+05
   8.6010047e+05
   8.6078495e+05
   8.6151476e+05
   8.6205527e+05
   8.6282406e+05
   8.6370529e+05
   8.6427578e+05
   8.6477920e+05
   8.6531389e+05
   8.6588164e+05
   8.6641270e+05
   8.6707493e+05
   8.6759720e+05
   8.6881657e+05
   8.6950343e+05
   8.7002482e+05
   8.7084115e+05
   8.7170739e+05
   8.7211927e+05
   8.7336025e+05
   8.7387132e+05
   8.7552848e+05
   8.7642803e+05
   8.7720997e+05
   8.7783490e+05
   8.7834434e+05
   8.7875040e+05
   8.7982294e+05
   9.0149007e+05
   9.0255981e+05
   9.0295791e+05
   9.0361321e+05
   9.0419899e+05
   9.0517536e+05
   9.0574150e+05
   9.0606662e+05
   9.0650964e+05
   9.0710558e+05
   9.0752142e+05
   9.0786831e+05
   9.0821033e+05
   9.0887732e+05
   9.0929936e+05
   9.0978500e+05
   9.1055067e+05
   9.1184679e+05
   9.1279894e+05
   9.1333481e+05
   9.1417796e+05
   9.1468132e+05
   9.1528651e+05
   9.1578906e+05
   9.1677613e+05
   9.1728045e+05
   9.1826731e+05
   9.1900519e+05
   9.1980350e+05
   9.2034870e+05
   9.2084937e+05
   9.2124313e+05
   9.2175914e+05
   9.2217416e+05
   9.2263687e+05
   9.2341562e+05
   9.2422131e+05
   9.2465851e+05
   9.2537379e+05
   9.2595277e+05
   9.2643492e+05
   9.2683983e+05
   9.2762028e+05
   9.2814007e+05
   9.2880901e+05
   9.2992329e+05
   9.3070702e+05
   9.3135745e+05
   9.3206309e+05
   9.3300893e+05
   9.3354071e+05
   9.3419097e+05
   9.3489994e+05
   9.3544808e+05
   9.3673130e+05
   9.3742810e+05
   9.3826308e+05
   9.6054243e+05
   9.6243073e+05
   9.6292297e+05
   9.6444168e+05
   9.6523256e+05
   9.6645779e+05
   9.6709377e+05
   9.6793953e+05
   9.6889709e+05
   9.7023730e+05
   9.7073015e+05
   9.7269268e+05
   9.7360010e+05
   9.7451668e+05
   9.7559775e+05
   9.7614528e+05
   9.7674174e+05
   9.7737576e+05
   9.7906333e+05
   9.7978643e+05
   9.8017436e+05
   9.8078619e+05
   9.8118990e+05
   9.8179238e+05
   9.8274866e+05
   9.8334783e+05
   9.8386104e+05
   9.8686862e+05
   9.8745196e+05
   9.8806019e+05
   9.8853215e+05
   9.8932279e+05
   9.8995272e+05
   9.9127754e+05
   9.9169488e+05
   9.9244707e+05
   9.9412776e+05
   9.9510535e+05
   9.9589287e+05
   9.9642160e+05
   9.9691394e+05
   9.9725030e+05
   1.0204875e+06
   1.0208393e+06
   1.0212366e+06
   1.0219381e+06
   1.0224354e+06
   1.0234319e+06
   1.0239062e+06
   1.0245187e+06
   1.0253089e+06
   1.0259579e+06
   1.0264278e+06
   1.0273435e+06
   1.0278368e+06
   1.0283471e+06
   1.0291752e+06
   1.0298838e+06
   1.0303032e+06
   1.0308832e+06
   1.0313703e+06
   1.0319869e+06
   1.0323656e+06
   1.0448037e+06
   1.0464503e+06
   1.0475232e+06
   1.0486240e+06
   1.0498071e+06
   1.0508900e+06
   1.0515026e+06
   1.0534617e+06
   1.0549613e+06
   1.0555882e+06
   1.0562450e+06
   1.0568271e+06
   1.0573527e+06
   1.0577223e+06
   1.0582150e+06
   1.0590792e+06
   1.0594867e+06
   1.0805198e+06
   1.0812320e+06
   1.0819751e+06
   1.0825967e+06
   1.0835626e+06
   1.0842548e+06
   1.0848585e+06
   1.0902688e+06
   1.0908027e+06
   1.0925988e+06
   1.0937889e+06
   1.0943215e+06
   1.0955500e+06
   1.0962452e+06
   1.0966823e+06
   1.0973042e+06
   1.0984651e+06
   1.0989359e+06
   1.0994415e+06
   1.0999820e+06
   1.1003778e+06
   1.1019202e+06
   1.1024132e+06
   1.1032449e+06
   1.1049525e+06
   1.1055315e+06
   1.1060294e+06
   1.1067105e+06
   1.1079564e+06
   1.1083149e+06
   1.1090919e+06
   1.1097749e+06
   1.1104730e+06
   1.1109382e+06
   1.1115919e+06
   1.1125108e+06
   1.1130351e+06
   1.1136558e+06
   1.1143279e+06
   1.1148164e+06
   1.1152391e+06
   1.1163692e+06
   1.1166874e+06
   1.1179094e+06
   1.1186048e+06
   1.1193843e+06
   1.1197821e+06
   1.1404967e+06
   1.1410993e+06
   1.1422353e+06
   1.1430018e+06
   1.1436360e+06
   1.1443158e+06
   1.1447306e+06
   1.1453971e+06
   1.1457686e+06
   1.1462705e+06
   1.1468597e+06
   1.1473106e+06
   1.1479341e+06
   1.1483656e+06
   1.1489138e+06
   1.1494032e+06
   1.1499847e+06
   1.1511946e+06
   1.1516942e+06
   1.1524934e+06
   1.1539252e+06
   1.1545208e+06
   1.1548284e+06
   1.1555791e+06
   1.1560033e+06
   1.1565154e+06
   1.1569207e+06
   1.1574309e+06
   1.1581094e+06
   1.1587245e+06
   1.1595859e+06
   1.1605670e+06
   1.1610269e+06
   1.1618238e+06
   1.1632202e+06
   1.1639526e+06
   1.1647634e+06
   1.1658623e+06
   1.1665262e+06
   1.1671814e+06
   1.1680359e+06
   1.1690703e+06
   1.1696374e+06
   1.1701335e+06
   1.1707066e+06
   1.1713085e+06
   1.1719349e+06
   1.1724589e+06
   1.1742569e+06
   1.1746884e+06
   1.1752913e+06
   1.1758966e+06
   1.1764676e+06
   1.1771027e+06
   1.1779498e+06
   1.1783395e+06
   1.1787431e+06
   1.1792066e+06
   1.2006999e+06
   1.2013081e+06
   1.2020820e+06
   1.2027147e+06
   1.2037143e+06
   1.2043180e+06
   1.2046746e+06
   1.2054396e+06
   1.2061723e+06
   1.2068498e+06
   1.2079236e+06
   1.2088141e+06
   1.2091431e+06
   1.2094933e+06
   1.2099967e+06
   1.2103247e+06
   1.2112122e+06
   1.2115490e+06
   1.2121767e+06
   1.2125388e+06
   1.2131336e+06
   1.2136090e+06
   1.2141819e+06
   1.2147349e+06
   1.2152437e+06
   1.2161252e+06
   1.2168487e+06
   1.2173275e+06
   1.2180393e+06
   1.2184722e+06
   1.2190363e+06
   1.2196280e+06
   1.2206175e+06
   1.2212518e+06
   1.2216795e+06
   1.2221184e+06
   1.2230674e+06
   1.2234928e+06
   1.2241208e+06
   1.2246297e+06
   1.2257446e+06
   1.2262782e+06
   1.2268631e+06
   1.2277658e+06
   1.2280874e+06
   1.2291790e+06
   1.2296632e+06
   1.2310461e+06
   1.2319307e+06
   1.2328840e+06
   1.2333084e+06
   1.2340439e+06
   1.2344428e+06
   1.2351092e+06
   1.2358678e+06
   1.2364610e+06
   1.2369044e+06
   1.2377959e+06
   1.2387285e+06
   1.2391829e+06
   1.2397026e+06
   1.2604745e+06
   1.2609893e+06
   1.2617067e+06
   1.2621475e+06
   1.2626310e+06
   1.2630544e+06
   1.2634797e+06
   1.2645634e+06
   1.2662501e+06
   1.2675626e+06
   1.2681448e+06
   1.2688843e+06
   1.2694642e+06
   1.2700947e+06
   1.2708530e+06
   1.2723325e+06
   1.2730092e+06
   1.2736936e+06
   1.2745558e+06
   1.2755701e+06
   1.2759380e+06
   1.2780108e+06
   1.2786351e+06
   1.2792360e+06
   1.2800454e+06
   1.2807173e+06
   1.2813088e+06
   1.2818351e+06
   1.2824935e+06
   1.2838280e+06
   1.2842794e+06
   1.2848454e+06
   1.2852058e+06
   1.2857815e+06
   1.2863771e+06
   1.2867449e+06
   1.2871735e+06
   1.2875769e+06
   1.2884011e+06
   1.2888944e+06
   1.2893062e+06
   1.2903550e+06
   1.2909021e+06
   1.2916240e+06
   1.2923509e+06
   1.2935161e+06
   1.2942872e+06
   1.2955658e+06
   1.2959938e+06
   1.3205854e+06
   1.3213903e+06
   1.3222642e+06
   1.3227455e+06
   1.3235836e+06
   1.3242710e+06
   1.3250335e+06
   1.3254230e+06
   1.3259062e+06
   1.3262820e+06
   1.3269588e+06
   1.3277239e+06
   1.3286581e+06
   1.3293760e+06
   1.3298926e+06
   1.3305113e+06
   1.3312382e+06
   1.3316246e+06
   1.3322695e+06
   1.3333707e+06
   1.3369548e+06
   1.3373444e+06
   1.3378687e+06
   1.3387518e+06
   1.3391497e+06
   1.3397506e+06
   1.3401940e+06
   1.3409999e+06
   1.3413912e+06
   1.3419329e+06
   1.3429012e+06
   1.3434174e+06
   1.3444051e+06
   1.3448264e+06
   1.3462365e+06
   1.3468259e+06
   1.3473897e+06
   1.3479986e+06
   1.3486626e+06
   1.3491443e+06
   1.3499906e+06
   1.3505402e+06
   1.3526625e+06
   1.3532560e+06
   1.3542104e+06
   1.3557402e+06
   1.3568084e+06
   1.3576269e+06
   1.3584268e+06
   1.3591307e+06
   1.3597665e+06
   1.3805271e+06
   1.3817499e+06
   1.3824762e+06
   1.3834186e+06
   1.3837569e+06
   1.3842787e+06
   1.3853219e+06
   1.3861779e+06
   1.3867008e+06
   1.3875388e+06
   1.3884094e+06
   1.3888976e+06
   1.3897184e+06
   1.3903245e+06
   1.3913384e+06
   1.3918890e+06
   1.4404835e+06
   1.4409479e+06
   1.4413499e+06
   1.4421149e+06
   1.4426479e+06
   1.4435117e+06
   1.4440262e+06
   1.4449914e+06
   1.4454227e+06
   1.4459645e+06
   1.4466502e+06
   1.4472345e+06
   1.4478011e+06
   1.4482960e+06
   1.4490212e+06
   1.4495627e+06
   1.4501862e+06
   1.4508678e+06
   1.4514457e+06
   1.4524000e+06
   1.4528643e+06
   1.4538811e+06
   1.4544872e+06
   1.4552168e+06
   1.4558218e+06
   1.4561223e+06
   1.4570738e+06
   1.4575677e+06
   1.4581779e+06
   1.4588276e+06
   1.4598521e+06
   1.4604218e+06
   1.4610623e+06
   1.4615523e+06
   1.4620394e+06
   1.4625986e+06
   1.4635797e+06
   1.4654237e+06
   1.4660250e+06
   1.4666281e+06
   1.4670526e+06
   1.4679447e+06
   1.4703624e+06
   1.4711944e+06
   1.4722226e+06
   1.4728192e+06
   1.4736884e+06
   1.4741446e+06
   1.4745581e+06
   1.4752366e+06
   1.4758746e+06
   1.4765612e+06
   1.4770538e+06
   1.4776111e+06
   1.4781723e+06
   1.4787036e+06
   1.4794373e+06
   1.5004901e+06
   1.5009524e+06
   1.5014337e+06
   1.5017609e+06
   1.5037148e+06
   1.5043169e+06
   1.5047208e+06
   1.5052290e+06
   1.5055905e+06
   1.5066609e+06
   1.5074357e+06
   1.5080888e+06
   1.5092590e+06
   1.5097722e+06
   1.5104692e+06
   1.5111702e+06
   1.5117095e+06
   1.5127113e+06
   1.5133968e+06
   1.5140875e+06
   1.5147829e+06
   1.5152477e+06
   1.5158372e+06
   1.5176293e+06
   1.5182418e+06
   1.5201010e+06
   1.5207554e+06
   1.5213582e+06
   1.5217860e+06
   1.5223790e+06
   1.5233578e+06
   1.5238667e+06
   1.5244263e+06
   1.5256334e+06
   1.5262096e+06
   1.5265883e+06
   1.5272065e+06
   1.5276079e+06
   1.5281540e+06
   1.5293309e+06
   1.5300588e+06
   1.5310168e+06
   1.5319717e+06
   1.5325359e+06
   1.5329636e+06
   1.5337198e+06
   1.5343784e+06
   1.5349970e+06
   1.5356855e+06
   1.5362774e+06
   1.5367256e+06
   1.5380050e+06
   1.5387842e+06
   1.5393177e+06
   1.5396476e+06
   1.5606724e+06
   1.5614273e+06
   1.5620982e+06
   1.5629786e+06
   1.5636764e+06
   1.5642016e+06
   1.5649080e+06
   1.5653980e+06
   1.5681297e+06
   1.5692262e+06
   1.5697037e+06
   1.5702943e+06
   1.5706596e+06
   1.5759774e+06
   1.5766075e+06
   1.5775404e+06
   1.5780764e+06
   1.5786494e+06
   1.5792273e+06
   1.5799388e+06
   1.5805851e+06
   1.5814180e+06
   1.5824164e+06
   1.5829170e+06
   1.5833258e+06
   1.5838051e+06
   1.5842198e+06
   1.5861797e+06
   1.5866714e+06
   1.5872719e+06
   1.5880580e+06
   1.5893139e+06
   1.5898710e+06
   1.5904885e+06
   1.5913435e+06
   1.5917406e+06
   1.5923018e+06
   1.5930435e+06
   1.5934051e+06
   1.5938665e+06
   1.5944098e+06
   1.5949400e+06
   1.5979672e+06
   1.5985941e+06
   1.5992636e+06
   1.5998320e+06
   1.6204447e+06
   1.6210837e+06
   1.6214966e+06
   1.6222612e+06
   1.6228189e+06
   1.6233171e+06
   1.6243636e+06
   1.6281053e+06
   1.6288771e+06
   1.6292381e+06
   1.6299790e+06
   1.6308179e+06
   1.6321275e+06
   1.6329100e+06
   1.6334700e+06
   1.6345648e+06
   1.6362308e+06
   1.6367392e+06
   1.6445608e+06
   1.6457223e+06
   1.6460769e+06
   1.6465138e+06
   1.6476408e+06
   1.6481916e+06
   1.6487147e+06
   1.6495766e+06
   1.6501342e+06
   1.6504886e+06
   1.6509054e+06
   1.6516388e+06
   1.6523370e+06
   1.6529409e+06
   1.6538309e+06
   1.6545861e+06
   1.6550515e+06
   1.6558097e+06
   1.6561721e+06
   1.6565820e+06
   1.6570230e+06
   1.6576061e+06
   1.6581345e+06
   1.6587159e+06
   1.6592302e+06
   1.6811907e+06
   1.6817340e+06
   1.6823633e+06
   1.6829333e+06
   1.6834216e+06
   1.6846190e+06
   1.6853080e+06
   1.6860678e+06
   1.6865666e+06
   1.6871446e+06
   1.6875864e+06
   1.6880042e+06
   1.6886876e+06
   1.6892593e+06
   1.6900665e+06
   1.6906506e+06
   1.6913362e+06
   1.6918348e+06
   1.6922804e+06
   1.6937693e+06
   1.6942697e+06
   1.6951110e+06
   1.6968828e+06
   1.6975494e+06
   1.6983374e+06
   1.6990692e+06
   1.6996345e+06
   1.7013327e+06
   1.7020933e+06
   1.7027362e+06
   1.7032783e+06
   1.7039552e+06
   1.7044545e+06
   1.7115694e+06
   1.7129278e+06
   1.7133545e+06
   1.7145766e+06
   1.7152700e+06
   1.7160304e+06
   1.7166709e+06
   1.7170703e+06
   1.7175947e+06
   1.7180897e+06
   1.7197182e+06
   1.7403595e+06
   1.7407396e+06
   1.7413724e+06
   1.7422495e+06
   1.7432364e+06
   1.7438810e+06
   1.7446701e+06
   1.7454392e+06
   1.7459359e+06
   1.7466431e+06
   1.7473066e+06
   1.7478967e+06
   1.7491089e+06
   1.7498189e+06
   1.7503418e+06
   1.7508200e+06
   1.7513038e+06
   1.7520900e+06
   1.7528192e+06
   1.7532711e+06
   1.7537026e+06
   1.7540705e+06
   1.7546441e+06
   1.7552763e+06
   1.7561720e+06
   1.7565932e+06
   1.7575765e+06
   1.7584684e+06
   1.7590099e+06
   1.7596203e+06
   1.7601519e+06
   1.7608673e+06
   1.7612672e+06
   1.7621977e+06
   1.7628602e+06
   1.7637983e+06
   1.7646430e+06
   1.7660313e+06
   1.7663992e+06
   1.7668183e+06
   1.7677178e+06
   1.7682838e+06
   1.7688060e+06
   1.7692384e+06
   1.7699963e+06
   1.7703871e+06
   1.7711956e+06
   1.7718008e+06
   1.7723450e+06
   1.7728581e+06
   1.7733889e+06
   1.7741865e+06
   1.7747255e+06
   1.7752430e+06
   1.7756800e+06
   1.7762740e+06
   1.7767938e+06
   1.7774401e+06
   1.7780383e+06
   1.7788656e+06
   1.7794531e+06
   1.7799778e+06
   1.8007665e+06
   1.8018952e+06
   1.8025742e+06
   1.8032100e+06
   1.8036865e+06
   1.8041048e+06
   1.8057058e+06
   1.8065200e+06
   1.8073281e+06
   1.8077924e+06
   1.8086830e+06
   1.8095430e+06
   1.8102020e+06
   1.8109078e+06
   1.8112887e+06
   1.8117107e+06
   1.8120948e+06
   1.8125732e+06
   1.8241432e+06
   1.8251085e+06
   1.8255528e+06
   1.8261665e+06
   1.8265702e+06
   1.8307452e+06
   1.8312510e+06
   1.8318823e+06
   1.8323544e+06
   1.8329221e+06
   1.8334550e+06
   1.8340081e+06
   1.8349650e+06
   1.8354114e+06
   1.8357061e+06
   1.8365043e+06
   1.8371608e+06
   1.8376584e+06
   1.8383355e+06
   1.8387222e+06
   1.8393600e+06
   1.8607236e+06
   1.8611551e+06
   1.8618376e+06
   1.8626187e+06
   1.8633606e+06
   1.8638068e+06
   1.8643533e+06
   1.8651679e+06
   1.8661321e+06
   1.8678401e+06
   1.8682434e+06
   1.8687628e+06
   1.8704735e+06
   1.8712982e+06
   1.8718525e+06
   1.8724190e+06
   1.8733127e+06
   1.8741065e+06
   1.8746537e+06
   1.8757258e+06
   1.8764478e+06
   1.8783632e+06
   1.8790917e+06
   1.8795720e+06
   1.8801364e+06
   1.8808903e+06
   1.8816549e+06
   1.8824140e+06
   1.8829006e+06
   1.8840445e+06
   1.8865975e+06
   1.8871696e+06
   1.8879947e+06
   1.8884685e+06
   1.8893056e+06
   1.8898435e+06
   1.8905493e+06
   1.8909036e+06
   1.8924104e+06
   1.8941058e+06
   1.8949977e+06
   1.8957405e+06
   1.8964263e+06
   1.8977096e+06
   1.8982797e+06
   1.8989952e+06
   1.8994090e+06
   1.8910573e+06
   1.8915291e+06
   1.8920320e+06
   1.8926882e+06
   1.8932484e+06
   1.8938943e+06
   1.8943549e+06
   1.8948952e+06
   1.8954501e+06
   1.8959936e+06
   1.8964635e+06
   1.8969288e+06
   1.8987334e+06
   1.8992891e+06
   1.8999675e+06
   1.8380972e+06
   1.8389679e+06
   1.8603727e+06
   1.8610926e+06
   1.8621498e+06
   1.8629572e+06
   1.8644591e+06
   1.8678360e+06
   1.8686606e+06
   1.8692076e+06
   1.8698209e+06
   1.8702269e+06
   1.8706504e+06
   1.8714355e+06
   1.8730981e+06
   1.8735093e+06
   1.8743172e+06
   1.8752461e+06
   1.8758617e+06
   1.8763171e+06
   1.8771693e+06
   1.8778667e+06
   1.8784366e+06
   1.8791306e+06
   1.8801590e+06
   1.8808821e+06
   1.8817819e+06
   1.8823020e+06
   1.8829965e+06
   1.8833631e+06
   1.8838005e+06
   1.8844129e+06
   1.8853958e+06
   1.8859255e+06
   1.8862863e+06
   1.8876422e+06
   1.8880360e+06
   1.8888942e+06
   1.8893296e+06
   1.8902094e+06
   1.8907180e+06
   1.8913289e+06
   1.8922540e+06
   1.8934949e+06
   1.8940203e+06
   1.8946331e+06
   1.8951274e+06
   1.8957139e+06
   1.8983865e+06
   1.8988535e+06
   1.8995528e+06
   1.8376763e+06
   1.8382239e+06
   1.8386635e+06
   1.8393562e+06
   1.8605398e+06
   1.8609554e+06
   1.8640707e+06
   1.8647659e+06
   1.8658202e+06
   1.8662317e+06
   1.8668252e+06
   1.8672624e+06
   1.8677315e+06
   1.8685265e+06
   1.8689446e+06
   1.8702398e+06
   1.8705838e+06
   1.8711193e+06
   1.8717929e+06
   1.8725478e+06
   1.8729742e+06
   1.8735226e+06
   1.8741210e+06
   1.8744385e+06
   1.8750353e+06
   1.8763075e+06
   1.8766699e+06
   1.8770360e+06
   1.8775413e+06
   1.8780457e+06
   1.8785519e+06
   1.8808540e+06
   1.8818601e+06
   1.8826243e+06
   1.8831007e+06
   1.8834758e+06
   1.8839210e+06
   1.8847424e+06
   1.8852931e+06
   1.8857855e+06
   1.8864510e+06
   1.8871751e+06
   1.8875430e+06
   1.8879769e+06
   1.8894303e+06
   1.8900108e+06
   1.8913229e+06
   1.8922356e+06
   1.8928438e+06
   1.8944812e+06
   1.8954863e+06
   1.8960797e+06
   1.8965892e+06
   1.8973614e+06
   1.8980533e+06
   1.8985445e+06
   1.8999216e+06
