   1.1611436e+03
   2.5508125e+03
   3.8760258e+03
   5.7865624e+03
   1.1260260e+04
   1.2481831e+04
   1.3835650e+04
   1.5517871e+04
   1.6730787e+04
   1.8318144e+04
   2.0014825e+04
   2.1104408e+04
   2.2288151e+04
   2.3147340e+04
   2.4673793e+04
   2.8453077e+04
   3.0258119e+04
   3.1589313e+04
   3.4130188e+04
   3.5501677e+04
   3.7308317e+04
   3.8735564e+04
   4.0502767e+04
   4.0939171e+04
   4.1876872e+04
   4.2769120e+04
   4.3829587e+04
   4.4907192e+04
   4.6132089e+04
   4.8543455e+04
   5.0361996e+04
   5.1445267e+04
   5.2412612e+04
   5.3909077e+04
   5.5230367e+04
   5.6341494e+04
   5.7547654e+04
   5.8687074e+04
   5.9578745e+04
   1.0272780e+05
   1.0394322e+05
   1.0616743e+05
   1.0822657e+05
   1.0926043e+05
   1.1066994e+05
   1.1195691e+05
   1.1333728e+05
   1.1499082e+05
   1.1640278e+05
   1.1735006e+05
   1.1822615e+05
   1.1921271e+05
   1.6067862e+05
   1.6205397e+05
   1.6384433e+05
   1.6522591e+05
   1.6649550e+05
   1.6993793e+05
   1.7104555e+05
   1.7310421e+05
   1.7516818e+05
   1.7647355e+05
   1.7777464e+05
   1.7926707e+05
   2.2091057e+05
   2.2189777e+05
   2.2296122e+05
   2.2449471e+05
   2.2611244e+05
   2.2870623e+05
   2.3014151e+05
   2.3171945e+05
   2.3306810e+05
   2.3496463e+05
   2.3592596e+05
   2.3690092e+05
   2.3858185e+05
   2.3991765e+05
   2.8109582e+05
   2.8186215e+05
   2.8278987e+05
   2.8377855e+05
   2.8497875e+05
   2.8573346e+05
   2.8698272e+05
   2.8813380e+05
   2.8968144e+05
   2.9194678e+05
   2.9303448e+05
   2.9536092e+05
   2.9747442e+05
   2.9853809e+05
   3.4104784e+05
   3.4191454e+05
   3.4304300e+05
   3.4498243e+05
   3.4674647e+05
   3.4792023e+05
   3.4926694e+05
   3.5060912e+05
   3.5158720e+05
   3.5260405e+05
   3.5394572e+05
   3.5523255e+05
   3.5650093e+05
   3.5762025e+05
   3.5884901e+05
   4.0134825e+05
   4.0271004e+05
   4.0385271e+05
   4.0544952e+05
   4.0873694e+05
   4.1050510e+05
   4.1156136e+05
   4.1361551e+05
   4.1547173e+05
   4.1688818e+05
   4.1841325e+05
   4.1991901e+05
   4.6108251e+05
   4.6221790e+05
   4.6367075e+05
   4.6649980e+05
   4.6817105e+05
   4.6983973e+05
   4.7155449e+05
   4.7279722e+05
   4.7385310e+05
   4.7552732e+05
   4.7713326e+05
   4.7813793e+05
   5.2104277e+05
   5.2246166e+05
   5.2338855e+05
   5.2486068e+05
   5.2582565e+05
   5.2829521e+05
   5.2976148e+05
   5.3109445e+05
   5.3232300e+05
   5.3505800e+05
   5.3632034e+05
   5.3798268e+05
   5.3904934e+05
   5.8126482e+05
   5.8213547e+05
   5.8332850e+05
   5.8426272e+05
   5.8555709e+05
   5.8671762e+05
   5.8844818e+05
   5.8964215e+05
   5.9079798e+05
   5.9322338e+05
   5.9511514e+05
   5.9650809e+05
   5.9755801e+05
   5.9855377e+05
   5.9951511e+05
   6.0122999e+05
   6.0277304e+05
   6.0374800e+05
   6.0539163e+05
   6.0659677e+05
   6.0897238e+05
   6.1121709e+05
   6.1237901e+05
   6.1427109e+05
   6.1649715e+05
   6.1776507e+05
   6.1910285e+05
   6.2101118e+05
   6.2256196e+05
   6.2366952e+05
   6.2501027e+05
   6.2656802e+05
   6.2805360e+05
   6.2990348e+05
   6.3198181e+05
   6.3319377e+05
   6.3452756e+05
   6.3564223e+05
   6.3733206e+05
   6.3851551e+05
   6.3983441e+05
   6.4151695e+05
   6.4363221e+05
   6.4478629e+05
   6.4611312e+05
   6.4784502e+05
   6.4957615e+05
   6.5171249e+05
   6.5334789e+05
   6.5539085e+05
   6.5663612e+05
   6.5810059e+05
   6.5929939e+05
   6.6161056e+05
   6.6267918e+05
   6.6629690e+05
   6.6816635e+05
   6.6923903e+05
   6.7082513e+05
   6.7327475e+05
   6.7456474e+05
   6.7611084e+05
   6.7771229e+05
   6.7935876e+05
   6.8173013e+05
   6.8304103e+05
   6.8414151e+05
   6.8575349e+05
   6.8753770e+05
   6.8951950e+05
   6.9088898e+05
   6.9205392e+05
   6.9390277e+05
   6.9490864e+05
   6.9741164e+05
   6.9901297e+05
   7.0103294e+05
   7.0305440e+05
   7.0416926e+05
   7.0539565e+05
   7.0702058e+05
   7.0862146e+05
   7.1065610e+05
   7.1271011e+05
   7.1371664e+05
   7.1599735e+05
   7.1790848e+05
   7.1957322e+05
   7.2132337e+05
   7.2244834e+05
   7.2417257e+05
   7.3425860e+05
   7.3711263e+05
   7.3933263e+05
   7.4121091e+05
   7.4285364e+05
   7.4397506e+05
   7.4562972e+05
   7.4750603e+05
   7.4892291e+05
   7.5068034e+05
   7.5296601e+05
   7.5459576e+05
   7.5730192e+05
   7.5947790e+05
   7.6242232e+05
   7.6413959e+05
   7.6552279e+05
   7.6694093e+05
   7.6856782e+05
   7.7069550e+05
   7.7334761e+05
   7.7525011e+05
   8.2164538e+05
   8.2279484e+05
   8.2463488e+05
   8.2686987e+05
   8.2827979e+05
   8.3099399e+05
   8.3599735e+05
   8.3738940e+05
   8.3849726e+05
   8.8169178e+05
   8.8316398e+05
   8.8464164e+05
   8.8625310e+05
   8.8828899e+05
   8.8968003e+05
   8.9066437e+05
   8.9614515e+05
   8.9856406e+05
   8.9979509e+05
   9.4204914e+05
   9.4374081e+05
   9.4556048e+05
   9.4817573e+05
   9.4904260e+05
   9.5535330e+05
   9.5660068e+05
   9.5837602e+05
   1.0019769e+06
   1.0051297e+06
   1.0068051e+06
   1.0082038e+06
   1.0097569e+06
   1.0115697e+06
   1.0136508e+06
   1.0157102e+06
   1.0192636e+06
   1.0622722e+06
   1.0635299e+06
   1.0657025e+06
   1.0691505e+06
   1.0701414e+06
   1.0724219e+06
   1.0750731e+06
   1.0766486e+06
   1.0778250e+06
   1.0798872e+06
   1.1216502e+06
   1.1231645e+06
   1.1245656e+06
   1.1269485e+06
   1.1292189e+06
   1.1310773e+06
   1.1326020e+06
   1.1361399e+06
   1.1374177e+06
   1.1395589e+06
   1.1812910e+06
   1.1824160e+06
   1.1841104e+06
   1.1852831e+06
   1.1865974e+06
   1.1903351e+06
   1.1922893e+06
   1.1963741e+06
   1.1974502e+06
   1.2415056e+06
   1.2447834e+06
   1.2469436e+06
   1.2479649e+06
   1.2492930e+06
   1.2518002e+06
   1.2537239e+06
   1.2563961e+06
   1.2582252e+06
   1.3013772e+06
   1.3024504e+06
   1.3085486e+06
   1.3102871e+06
   1.3115926e+06
   1.3127411e+06
   1.3612489e+06
   1.3626060e+06
   1.3638400e+06
   1.3648803e+06
   1.3661965e+06
   1.3687553e+06
   1.3703195e+06
   1.3725942e+06
   1.3762562e+06
   1.3780059e+06
   1.3793673e+06
   1.4211835e+06
   1.4229100e+06
   1.4240258e+06
   1.4254398e+06
   1.4266895e+06
   1.4278681e+06
   1.4294318e+06
   1.4311149e+06
   1.4333280e+06
   1.4359082e+06
   1.4384904e+06
   1.4821500e+06
   1.4833042e+06
   1.4845794e+06
   1.4857201e+06
   1.4888793e+06
   1.4911131e+06
   1.4922455e+06
   1.4939573e+06
   1.4953944e+06
   1.4967895e+06
   1.4978522e+06
   1.4992251e+06
   1.5409944e+06
   1.5428836e+06
   1.5440970e+06
   1.5456343e+06
   1.5464168e+06
   1.5488315e+06
   1.5509575e+06
   1.5523434e+06
   1.5533912e+06
   1.5550038e+06
   1.5565347e+06
   1.5583747e+06
   1.5595755e+06
   1.6011840e+06
   1.6025872e+06
   1.6037581e+06
   1.6058600e+06
   1.6167972e+06
   1.6176695e+06
   1.6198124e+06
   1.6616253e+06
   1.6630651e+06
   1.6643035e+06
   1.6656691e+06
   1.6689371e+06
   1.6708696e+06
   1.6721162e+06
   1.6751523e+06
   1.6760936e+06
   1.6773943e+06
   1.6786326e+06
   1.7221674e+06
   1.7231354e+06
   1.7246468e+06
   1.7264748e+06
   1.7291164e+06
   1.7306488e+06
   1.7319817e+06
   1.7352479e+06
   1.7811494e+06
   1.7826585e+06
   1.7838394e+06
   1.7858120e+06
   1.7902175e+06
   1.7921738e+06
   1.7939301e+06
   1.7965168e+06
   1.7980557e+06
   1.7989852e+06
   1.8412635e+06
   1.8431249e+06
   1.8443713e+06
   1.8456507e+06
   1.8467481e+06
   1.8487702e+06
   1.8504971e+06
   1.8519088e+06
   1.8532327e+06
   1.8575618e+06
   1.8592273e+06
   1.9010191e+06
   1.9026662e+06
   1.9046251e+06
   1.9069698e+06
   1.9090103e+06
   1.9108114e+06
   1.9123160e+06
   1.9135395e+06
   1.9159953e+06
   1.9175180e+06
   1.9191015e+06
   6.1585295e+04
   6.7451622e+04
   6.9313196e+04
   7.0538371e+04
   7.2242986e+04
   7.4477342e+04
   7.5565037e+04
   7.7033085e+04
   7.8834101e+04
   8.0021235e+04
   8.1749591e+04
   8.2817718e+04
   8.3667121e+04
   8.5509088e+04
   8.7176657e+04
   8.9430219e+04
   9.1111071e+04
   9.2653420e+04
   9.4236600e+04
   9.5620513e+04
   9.7300585e+04
   9.8540726e+04
   9.9730707e+04
   1.2102030e+05
   1.2222568e+05
   1.2353706e+05
   1.2474454e+05
   1.2648727e+05
   1.2784348e+05
   1.2957944e+05
   1.3233137e+05
   1.3562692e+05
   1.3717925e+05
   1.3838269e+05
   1.4025732e+05
   1.4163661e+05
   1.4288755e+05
   1.4399729e+05
   1.4519285e+05
   1.4621298e+05
   1.4745810e+05
   1.4929674e+05
   1.5208538e+05
   1.5336959e+05
   1.5513676e+05
   1.5635173e+05
   1.5761005e+05
   1.5882655e+05
   1.8160641e+05
   1.8378712e+05
   1.8585066e+05
   1.8727306e+05
   1.8866299e+05
   1.9028697e+05
   1.9134362e+05
   1.9415588e+05
   1.9690045e+05
   1.9804854e+05
   1.9917197e+05
   2.0051781e+05
   2.0263621e+05
   2.0417440e+05
   2.0521788e+05
   2.0709311e+05
   2.0837510e+05
   2.0990606e+05
   2.1166368e+05
   2.1357187e+05
   2.1482860e+05
   2.1641277e+05
   2.1814083e+05
   2.4131165e+05
   2.4295545e+05
   2.4426123e+05
   2.4519269e+05
   2.4645571e+05
   2.4735241e+05
   2.4847317e+05
   2.5179495e+05
   2.5272482e+05
   2.5451615e+05
   2.5573167e+05
   2.5695437e+05
   2.5837756e+05
   2.5983388e+05
   2.6096937e+05
   2.6250924e+05
   2.6384010e+05
   2.6481506e+05
   2.6642969e+05
   2.6768924e+05
   2.6867195e+05
   2.6969244e+05
   2.7156743e+05
   2.7425536e+05
   2.7650233e+05
   2.7773345e+05
   2.7891036e+05
   2.7987814e+05
   3.0138830e+05
   3.0282271e+05
   3.0418651e+05
   3.0584697e+05
   3.0733683e+05
   3.0850260e+05
   3.1074522e+05
   3.1201738e+05
   3.1314276e+05
   3.1405506e+05
   3.1567004e+05
   3.1693063e+05
   3.1885376e+05
   3.2023241e+05
   3.2166327e+05
   3.2452868e+05
   3.2577683e+05
   3.2728868e+05
   3.2932887e+05
   3.3091590e+05
   3.3228416e+05
   3.3458822e+05
   3.3704768e+05
   3.3833256e+05
   3.3984235e+05
   3.6128883e+05
   3.6315494e+05
   3.6487822e+05
   3.6643202e+05
   3.6739237e+05
   3.6926614e+05
   3.7036403e+05
   3.7228897e+05
   3.7382940e+05
   3.7576304e+05
   3.7708310e+05
   3.7882873e+05
   3.8059087e+05
   3.8230740e+05
   3.8353371e+05
   3.8463347e+05
   3.8647784e+05
   3.8817917e+05
   3.8937973e+05
   3.9080186e+05
   3.9207121e+05
   3.9331061e+05
   3.9438893e+05
   3.9614300e+05
   3.9823387e+05
   3.9928372e+05
   4.2125996e+05
   4.2219733e+05
   4.2345742e+05
   4.2452938e+05
   4.2583552e+05
   4.2686865e+05
   4.2808932e+05
   4.2924689e+05
   4.3072012e+05
   4.3279409e+05
   4.3424594e+05
   4.3586801e+05
   4.3697462e+05
   4.3845585e+05
   4.4004859e+05
   4.4167124e+05
   4.4324375e+05
   4.4446614e+05
   4.4537184e+05
   4.4800627e+05
   4.4927871e+05
   4.5095739e+05
   4.5264470e+05
   4.5407398e+05
   4.5654654e+05
   4.5791969e+05
   4.8099057e+05
   4.8220212e+05
   4.8364658e+05
   4.8455200e+05
   4.8588551e+05
   4.8783933e+05
   4.8959208e+05
   4.9150919e+05
   4.9378708e+05
   4.9496016e+05
   4.9602764e+05
   4.9768947e+05
   4.9897277e+05
   5.0053988e+05
   5.0328341e+05
   5.0452232e+05
   5.0549031e+05
   5.0751976e+05
   5.0856411e+05
   5.0973998e+05
   5.1255359e+05
   5.1455731e+05
   5.1572928e+05
   5.1670296e+05
   5.1822277e+05
   5.1949819e+05
   5.4392436e+05
   5.4620876e+05
   5.4768355e+05
   5.4873960e+05
   5.4965115e+05
   5.5065844e+05
   5.5333008e+05
   5.5514526e+05
   5.5654743e+05
   5.5774691e+05
   5.5903385e+05
   5.6019410e+05
   5.6415296e+05
   5.6531218e+05
   5.6636432e+05
   5.6793105e+05
   5.6932477e+05
   5.7039117e+05
   5.7292553e+05
   5.7455857e+05
   5.7613742e+05
   5.7713413e+05
   5.7866480e+05
   5.7985601e+05
   7.8121971e+05
   7.8345177e+05
   7.8482374e+05
   7.8864494e+05
   7.8967664e+05
   7.9183561e+05
   7.9366536e+05
   7.9496910e+05
   7.9800527e+05
   7.9931468e+05
   8.0163469e+05
   8.0282149e+05
   8.0551946e+05
   8.0695002e+05
   8.0877256e+05
   8.1004898e+05
   8.1202521e+05
   8.1688550e+05
   8.1887097e+05
   8.4102143e+05
   8.4382881e+05
   8.4626535e+05
   8.4786235e+05
   8.4964940e+05
   8.5129495e+05
   8.5334209e+05
   8.5635630e+05
   8.5848590e+05
   8.6068159e+05
   8.6212528e+05
   8.6327644e+05
   8.7172915e+05
   8.7314645e+05
   8.7632995e+05
   8.7917355e+05
   9.0613537e+05
   9.1095200e+05
   9.1339512e+05
   9.1493964e+05
   9.1735492e+05
   9.2034049e+05
   9.2205330e+05
   9.2477472e+05
   9.2640414e+05
   9.2923862e+05
   9.3191419e+05
   9.3482603e+05
   9.3752226e+05
   9.6183056e+05
   9.6437191e+05
   9.6664665e+05
   9.6867045e+05
   9.7046612e+05
   9.7325343e+05
   9.7824581e+05
   9.8105099e+05
   9.8361910e+05
   9.8810374e+05
   9.9001253e+05
   9.9225376e+05
   9.9438941e+05
   9.9678785e+05
   1.0220394e+06
   1.0242730e+06
   1.0267345e+06
   1.0376371e+06
   1.0426412e+06
   1.0440029e+06
   1.0458236e+06
   1.0480089e+06
   1.0596969e+06
   1.0824636e+06
   1.0845004e+06
   1.0887754e+06
   1.0901705e+06
   1.0916741e+06
   1.0945465e+06
   1.0968566e+06
   1.1036155e+06
   1.1072742e+06
   1.1090835e+06
   1.1114678e+06
   1.1148681e+06
   1.1169868e+06
   1.1187369e+06
   1.1443677e+06
   1.1456368e+06
   1.1468952e+06
   1.1501427e+06
   1.1522571e+06
   1.1556108e+06
   1.1580542e+06
   1.1651175e+06
   1.1689516e+06
   1.1703611e+06
   1.1725160e+06
   1.1743484e+06
   1.1779399e+06
   1.2017955e+06
   1.2040482e+06
   1.2064163e+06
   1.2100115e+06
   1.2114180e+06
   1.2132349e+06
   1.2144493e+06
   1.2163223e+06
   1.2185739e+06
   1.2207116e+06
   1.2232775e+06
   1.2253016e+06
   1.2265083e+06
   1.2281392e+06
   1.2295910e+06
   1.2380436e+06
   1.2620999e+06
   1.2637528e+06
   1.2664909e+06
   1.2682963e+06
   1.2700174e+06
   1.2711317e+06
   1.2724471e+06
   1.2742219e+06
   1.2780133e+06
   1.2792034e+06
   1.2819676e+06
   1.2833830e+06
   1.2855128e+06
   1.2932021e+06
   1.2946923e+06
   1.2965497e+06
   1.2985480e+06
   1.3212852e+06
   1.3276671e+06
   1.3291756e+06
   1.3335195e+06
   1.3358634e+06
   1.3382898e+06
   1.3397768e+06
   1.3816920e+06
   1.3834409e+06
   1.3851632e+06
   1.3866176e+06
   1.3902657e+06
   1.3928486e+06
   1.3950248e+06
   1.3969477e+06
   1.4015648e+06
   1.4027760e+06
   1.4041786e+06
   1.4060050e+06
   1.4097212e+06
   1.4118739e+06
   1.4138782e+06
   1.4156075e+06
   1.4184566e+06
   1.4420136e+06
   1.4448642e+06
   1.4474474e+06
   1.4491714e+06
   1.4518737e+06
   1.4536740e+06
   1.4565252e+06
   1.4579254e+06
   1.4592990e+06
   1.4605698e+06
   1.4633135e+06
   1.4652446e+06
   1.4676907e+06
   1.4707709e+06
   1.4729900e+06
   1.4751849e+06
   1.4794540e+06
   1.5019576e+06
   1.5037147e+06
   1.5054675e+06
   1.5093662e+06
   1.5108809e+06
   1.5127320e+06
   1.5144575e+06
   1.5162549e+06
   1.5188548e+06
   1.5201807e+06
   1.5219727e+06
   1.5240454e+06
   1.5256328e+06
   1.5271400e+06
   1.5291504e+06
   1.5303789e+06
   1.5333507e+06
   1.5355332e+06
   1.5378060e+06
   1.5389616e+06
   1.5612192e+06
   1.5643813e+06
   1.5687073e+06
   1.5709830e+06
   1.5797391e+06
   1.5815934e+06
   1.5851813e+06
   1.5889417e+06
   1.5908964e+06
   1.5928706e+06
   1.5946840e+06
   1.5969670e+06
   1.5987497e+06
   1.6217007e+06
   1.6296968e+06
   1.6313513e+06
   1.6326406e+06
   1.6347571e+06
   1.6372231e+06
   1.6394298e+06
   1.6408000e+06
   1.6439850e+06
   1.6458770e+06
   1.6482901e+06
   1.6499863e+06
   1.6514328e+06
   1.6535674e+06
   1.6556532e+06
   1.6573974e+06
   1.6833033e+06
   1.6852473e+06
   1.6881607e+06
   1.6897891e+06
   1.6920749e+06
   1.6954969e+06
   1.6965465e+06
   1.6977577e+06
   1.7018285e+06
   1.7053097e+06
   1.7078850e+06
   1.7092321e+06
   1.7120941e+06
   1.7149039e+06
   1.7166075e+06
   1.7178935e+06
   1.7420105e+06
   1.7435435e+06
   1.7474690e+06
   1.7492860e+06
   1.7507982e+06
   1.7538062e+06
   1.7578273e+06
   1.7591544e+06
   1.7606500e+06
   1.7638351e+06
   1.7650859e+06
   1.7663188e+06
   1.7677365e+06
   1.7702630e+06
   1.7729004e+06
   1.7745359e+06
   1.7761463e+06
   1.7781539e+06
   1.7797800e+06
   1.8018310e+06
   1.8100473e+06
   1.8133069e+06
   1.8148939e+06
   1.8168436e+06
   1.8188993e+06
   1.8207327e+06
   1.8230490e+06
   1.8258964e+06
   1.8269239e+06
   1.8286383e+06
   1.8317191e+06
   1.8367799e+06
   1.8385259e+06
   1.8623051e+06
   1.8663263e+06
   1.8680924e+06
   1.8698603e+06
   1.8715830e+06
   1.8735875e+06
   1.8772852e+06
   1.8797767e+06
   1.8809669e+06
   1.8849285e+06
   1.8866791e+06
   1.8880843e+06
   1.8899735e+06
   1.8921510e+06
   1.8943372e+06
   1.8971477e+06
   1.8997573e+06
   1.8219466e+06
   1.8230870e+06
   1.8250241e+06
   1.8267121e+06
   1.8289025e+06
   1.8305650e+06
   1.8325899e+06
   1.8337130e+06
   1.8352493e+06
   1.8367322e+06
   1.8375657e+06
   1.8394835e+06
   1.8636104e+06
   1.8660580e+06
   1.8676886e+06
   1.8689611e+06
   1.8712569e+06
   1.8726246e+06
   1.8742144e+06
   1.8760674e+06
   1.8797689e+06
   1.8886006e+06
   1.8900973e+06
   1.8928266e+06
   1.8940622e+06
   1.8961907e+06
   1.8977048e+06
