   3.6552572e+02
   6.9886297e+02
   1.2944213e+03
   1.6923532e+03
   2.0537131e+03
   2.5806329e+03
   3.1290190e+03
   3.6005531e+03
   4.0343279e+03
   4.4117640e+03
   4.7546778e+03
   5.1450200e+03
   5.6280022e+03
   5.8821094e+03
   6.4048031e+03
   7.3148750e+03
   7.6629604e+03
   7.9753816e+03
   8.4851105e+03
   8.8803448e+03
   9.4380535e+03
   9.6959693e+03
   1.0097090e+04
   1.0477142e+04
   1.0915003e+04
   1.1467390e+04
   1.2049918e+04
   1.2563807e+04
   1.2976773e+04
   1.3359863e+04
   1.3770687e+04
   1.4145547e+04
   1.4507132e+04
   1.4871829e+04
   1.5356710e+04
   1.5799827e+04
   1.6159335e+04
   1.6378381e+04
   1.6947865e+04
   1.7403076e+04
   1.7762754e+04
   1.8258134e+04
   1.8800592e+04
   1.9273484e+04
   1.9918682e+04
   2.0364003e+04
   2.0809569e+04
   2.1248937e+04
   2.1738095e+04
   2.2134891e+04
   2.2899100e+04
   2.3389624e+04
   2.3897648e+04
   2.4519970e+04
   2.4917016e+04
   2.5340479e+04
   2.5784376e+04
   2.6153859e+04
   2.6553043e+04
   2.7114134e+04
   2.7657656e+04
   2.8055464e+04
   2.8392346e+04
   2.9103568e+04
   2.9468115e+04
   2.9894419e+04
   3.0636730e+04
   3.1011563e+04
   3.1509580e+04
   3.1982801e+04
   3.2476233e+04
   3.2801506e+04
   3.3719221e+04
   3.4146564e+04
   3.4920289e+04
   3.5386957e+04
   3.5914868e+04
   3.6305518e+04
   3.6602624e+04
   3.6908884e+04
   3.7395484e+04
   3.7766277e+04
   3.8145866e+04
   3.8894815e+04
   3.9385428e+04
   3.9926127e+04
   4.0416894e+04
   4.0745973e+04
   4.1924214e+04
   4.2652234e+04
   4.3099362e+04
   4.3803582e+04
   4.4225383e+04
   4.4879006e+04
   4.5234496e+04
   4.5650951e+04
   4.6031536e+04
   4.6418963e+04
   4.6967207e+04
   4.7353137e+04
   4.7766706e+04
   4.8060055e+04
   4.8401627e+04
   4.8719040e+04
   4.9104767e+04
   4.9408170e+04
   4.9854945e+04
   5.0484262e+04
   5.0795628e+04
   5.1292658e+04
   5.1676731e+04
   5.1987170e+04
   5.2296572e+04
   5.2909318e+04
   5.3259183e+04
   5.3653462e+04
   5.4117481e+04
   5.4468401e+04
   5.4864558e+04
   5.5258290e+04
   5.5596618e+04
   5.5968675e+04
   5.6340760e+04
   5.6748988e+04
   5.7165465e+04
   5.7427162e+04
   5.7698487e+04
   5.8659389e+04
   5.9291598e+04
   5.9615706e+04
   5.9972427e+04
   1.0017023e+05
   1.0054258e+05
   1.0103319e+05
   1.0154772e+05
   1.0277457e+05
   1.0332614e+05
   1.0370781e+05
   1.0407784e+05
   1.0453097e+05
   1.0501334e+05
   1.0534467e+05
   1.0563662e+05
   1.0599203e+05
   1.0627205e+05
   1.0684215e+05
   1.0723298e+05
   1.0765331e+05
   1.0802994e+05
   1.0865315e+05
   1.0916308e+05
   1.0947596e+05
   1.1010841e+05
   1.1051710e+05
   1.1169242e+05
   1.1225246e+05
   1.1274529e+05
   1.1361622e+05
   1.1383295e+05
   1.1412009e+05
   1.1487092e+05
   1.1524900e+05
   1.1559972e+05
   1.1589813e+05
   1.1624062e+05
   1.1656167e+05
   1.1685819e+05
   1.1717287e+05
   1.1754017e+05
   1.1849930e+05
   1.1896706e+05
   1.1938394e+05
   1.1984650e+05
   1.6053499e+05
   1.6108927e+05
   1.6138178e+05
   1.6206503e+05
   1.6241963e+05
   1.6313563e+05
   1.6364324e+05
   1.6402779e+05
   1.6442100e+05
   1.6496225e+05
   1.6527193e+05
   1.6566739e+05
   1.6618582e+05
   1.6659022e+05
   1.6738431e+05
   1.6771932e+05
   1.6814792e+05
   1.6853628e+05
   1.6914302e+05
   1.6948308e+05
   1.6984119e+05
   1.7054442e+05
   1.7099732e+05
   1.7139876e+05
   1.7169001e+05
   1.7217489e+05
   1.7252965e+05
   1.7291280e+05
   1.7335606e+05
   1.7371272e+05
   1.7433136e+05
   1.7480436e+05
   1.7517930e+05
   1.7582097e+05
   1.7623742e+05
   1.7662159e+05
   1.7696477e+05
   1.7732867e+05
   1.7776810e+05
   1.7819720e+05
   1.7848844e+05
   1.7883908e+05
   1.7916590e+05
   1.7966878e+05
   2.2015138e+05
   2.2051057e+05
   2.2113937e+05
   2.2153344e+05
   2.2192033e+05
   2.2243290e+05
   2.2292832e+05
   2.2356711e+05
   2.2392715e+05
   2.2437946e+05
   2.2490065e+05
   2.2526549e+05
   2.2574821e+05
   2.2607485e+05
   2.2690618e+05
   2.2729400e+05
   2.2770974e+05
   2.2817018e+05
   2.2847477e+05
   2.2877633e+05
   2.2919836e+05
   2.2964647e+05
   2.2989780e+05
   2.3024951e+05
   2.3062238e+05
   2.3116574e+05
   2.3168337e+05
   2.3217655e+05
   2.3247563e+05
   2.3284808e+05
   2.3325796e+05
   2.3359655e+05
   2.3394396e+05
   2.3362998e+05
   2.3427403e+05
   2.3482853e+05
   2.3528813e+05
   2.3575092e+05
   2.3620287e+05
   2.3665527e+05
   2.3698483e+05
   2.3736181e+05
   2.3784575e+05
   2.3817496e+05
   2.3858569e+05
   2.3922671e+05
   2.3972966e+05
   2.8027635e+05
   2.8058673e+05
   2.8089966e+05
   2.8131937e+05
   2.8162704e+05
   2.8209367e+05
   2.8247557e+05
   2.8288720e+05
   2.8329639e+05
   2.8363846e+05
   2.8391707e+05
   2.8428417e+05
   2.8481200e+05
   2.8528297e+05
   2.8576794e+05
   2.8607598e+05
   2.8650194e+05
   2.8679154e+05
   2.8712048e+05
   2.8757694e+05
   2.8810264e+05
   2.8843380e+05
   2.8882317e+05
   2.8922400e+05
   2.8962394e+05
   2.9005959e+05
   2.9089275e+05
   2.9128423e+05
   2.9172061e+05
   2.9198937e+05
   2.9233497e+05
   2.9266500e+05
   2.9307855e+05
   2.9377320e+05
   2.9413587e+05
   2.9460066e+05
   2.9506949e+05
   2.9533846e+05
   2.9570852e+05
   2.9623402e+05
   2.9662909e+05
   2.9726812e+05
   2.9777695e+05
   2.9823810e+05
   2.9854234e+05
   2.9882499e+05
   2.9929876e+05
   2.9989901e+05
   3.4023215e+05
   3.4059995e+05
   3.4089070e+05
   3.4146106e+05
   3.4179554e+05
   3.4213627e+05
   3.4250692e+05
   3.4294127e+05
   3.4331469e+05
   3.4375794e+05
   3.4427868e+05
   3.4479949e+05
   3.4545839e+05
   3.4612328e+05
   3.4658096e+05
   3.4728602e+05
   3.4770014e+05
   3.4803447e+05
   3.4837115e+05
   3.4880057e+05
   3.4918494e+05
   3.4949377e+05
   3.4980716e+05
   3.5026468e+05
   3.5062857e+05
   3.5118852e+05
   3.5166737e+05
   3.5210011e+05
   3.5248275e+05
   3.5332658e+05
   3.5386325e+05
   3.5422051e+05
   3.5470723e+05
   3.5509746e+05
   3.5556748e+05
   3.5608643e+05
   3.5649668e+05
   3.5702194e+05
   3.5739425e+05
   3.5774768e+05
   3.5807110e+05
   3.5877729e+05
   3.5913327e+05
   3.5952251e+05
   3.5989991e+05
   4.0017479e+05
   4.0061511e+05
   4.0090826e+05
   4.0116858e+05
   4.0172002e+05
   4.0210652e+05
   4.0248523e+05
   4.0359147e+05
   4.0397298e+05
   4.0431208e+05
   4.0465650e+05
   4.0511660e+05
   4.0549623e+05
   4.0615338e+05
   4.0651986e+05
   4.0686570e+05
   4.0717819e+05
   4.0756978e+05
   4.0790862e+05
   4.0822064e+05
   4.0870195e+05
   4.0902149e+05
   4.0933395e+05
   4.0965523e+05
   4.1003317e+05
   4.1036160e+05
   4.1071646e+05
   4.1105394e+05
   4.1148920e+05
   4.1183823e+05
   4.1240176e+05
   4.1301172e+05
   4.1330595e+05
   4.1364432e+05
   4.1446676e+05
   4.1490882e+05
   4.1526461e+05
   4.1562747e+05
   4.1591366e+05
   4.1628124e+05
   4.1665968e+05
   4.1718306e+05
   4.1760841e+05
   4.1804777e+05
   4.1833177e+05
   4.1901959e+05
   4.1936954e+05
   4.1977001e+05
   4.6011409e+05
   4.6044400e+05
   4.6087034e+05
   4.6132449e+05
   4.6164206e+05
   4.6191560e+05
   4.6228981e+05
   4.6281456e+05
   4.6312303e+05
   4.6345412e+05
   4.6385154e+05
   4.6428379e+05
   4.6457292e+05
   4.6480176e+05
   4.6508706e+05
   4.6538554e+05
   4.6584235e+05
   4.6614210e+05
   4.6656096e+05
   4.6689946e+05
   4.6719462e+05
   4.6830759e+05
   4.6933791e+05
   4.6968625e+05
   4.7006224e+05
   4.7041532e+05
   4.7084259e+05
   4.7130927e+05
   4.7162974e+05
   4.7194300e+05
   4.7232638e+05
   4.7261081e+05
   4.7302609e+05
   4.7348451e+05
   4.7417692e+05
   4.7460187e+05
   4.7514380e+05
   4.7553487e+05
   4.7593808e+05
   4.7635250e+05
   4.7673235e+05
   4.7713989e+05
   4.7754717e+05
   4.7782730e+05
   4.7828072e+05
   4.7867715e+05
   4.7896679e+05
   4.7922337e+05
   4.7949792e+05
   4.7979912e+05
   5.2017091e+05
   5.2055911e+05
   5.2083095e+05
   5.2106698e+05
   5.2132589e+05
   5.2165515e+05
   5.2191676e+05
   5.2229645e+05
   5.2263149e+05
   5.2293313e+05
   5.2340248e+05
   5.2393815e+05
   5.2431611e+05
   5.2466146e+05
   5.2503318e+05
   5.2537733e+05
   5.2575029e+05
   5.2611674e+05
   5.2642724e+05
   5.2677151e+05
   5.2714826e+05
   5.2739826e+05
   5.2772038e+05
   5.2804399e+05
   5.2838488e+05
   5.2869354e+05
   5.2895882e+05
   5.2926089e+05
   5.2966770e+05
   5.2999473e+05
   5.3054961e+05
   5.3092467e+05
   5.3133295e+05
   5.3177369e+05
   5.3220556e+05
   5.3249932e+05
   5.3276860e+05
   5.3317705e+05
   5.3354219e+05
   5.3392719e+05
   5.3416383e+05
   5.3447734e+05
   5.3496381e+05
   5.3531166e+05
   5.3572163e+05
   5.3614504e+05
   5.3642894e+05
   5.3684144e+05
   5.3721595e+05
   5.3760658e+05
   5.3792082e+05
   5.3831477e+05
   5.3865689e+05
   5.3912525e+05
   5.3941932e+05
   5.3971551e+05
   5.8007795e+05
   5.8033079e+05
   5.8059981e+05
   5.8086400e+05
   5.8124308e+05
   5.8154313e+05
   5.8176615e+05
   5.8201698e+05
   5.8231340e+05
   5.8261194e+05
   5.8292088e+05
   5.8324750e+05
   5.8357355e+05
   5.8384887e+05
   5.8414817e+05
   5.8445255e+05
   5.8472343e+05
   5.8499046e+05
   5.8530683e+05
   5.8568444e+05
   5.8598828e+05
   5.8623730e+05
   5.8655379e+05
   5.8677858e+05
   5.8716142e+05
   5.8748696e+05
   5.8784852e+05
   5.8810634e+05
   5.8852425e+05
   5.8897977e+05
   5.8934716e+05
   5.8979936e+05
   5.9019172e+05
   5.9061330e+05
   5.9090390e+05
   5.9133343e+05
   5.9175039e+05
   5.9220047e+05
   5.9251415e+05
   5.9289144e+05
   5.9328602e+05
   5.9368800e+05
   5.9399926e+05
   5.9430094e+05
   5.9458885e+05
   5.9491957e+05
   5.9542203e+05
   5.9579375e+05
   5.9636615e+05
   5.9668714e+05
   5.9702017e+05
   5.9755054e+05
   5.9807788e+05
   5.9844423e+05
   5.9874753e+05
   5.9898437e+05
   5.9943455e+05
   5.9978272e+05
   6.0039356e+05
   6.0073671e+05
   6.0116492e+05
   6.0163735e+05
   6.0203534e+05
   6.0254803e+05
   6.0316294e+05
   6.0346867e+05
   6.0389139e+05
   6.0434166e+05
   6.0484687e+05
   6.0524520e+05
   6.0597286e+05
   6.0635253e+05
   6.0668378e+05
   6.0733477e+05
   6.0772982e+05
   6.0822039e+05
   6.0879808e+05
   6.0924018e+05
   6.0958145e+05
   6.1006494e+05
   6.1056407e+05
   6.1107718e+05
   6.1153555e+05
   6.1195061e+05
   6.1248684e+05
   6.1297237e+05
   6.1349711e+05
   6.1382618e+05
   6.1416153e+05
   6.1454327e+05
   6.1501704e+05
   6.1551433e+05
   6.1606261e+05
   6.1653570e+05
   6.1714874e+05
   6.1760323e+05
   6.1813032e+05
   6.1853821e+05
   6.1888930e+05
   6.1934935e+05
   6.1979693e+05
   6.2039371e+05
   6.2079897e+05
   6.2117634e+05
   6.2147300e+05
   6.2189040e+05
   6.2225377e+05
   6.2299931e+05
   6.2353250e+05
   6.2394375e+05
   6.2475849e+05
   6.2515552e+05
   6.2551044e+05
   6.2626528e+05
   6.2669808e+05
   6.2718657e+05
   6.2799243e+05
   6.2857952e+05
   6.2906710e+05
   6.2954220e+05
   6.2987841e+05
   6.3032348e+05
   6.3070785e+05
   6.3114477e+05
   6.3168386e+05
   6.3214517e+05
   6.3244474e+05
   6.3291243e+05
   6.3332500e+05
   6.3380128e+05
   6.3437366e+05
   6.3530727e+05
   6.3564434e+05
   6.3598084e+05
   6.3667262e+05
   6.3723537e+05
   6.3758597e+05
   6.3835842e+05
   6.3869069e+05
   6.3939073e+05
   6.3978072e+05
   6.4009045e+05
   6.4092492e+05
   6.4134486e+05
   6.4164201e+05
   6.4205499e+05
   6.4257770e+05
   6.4324456e+05
   6.4373115e+05
   6.4420471e+05
   6.4486672e+05
   6.4522107e+05
   6.4575696e+05
   6.4615492e+05
   6.4651404e+05
   6.4681021e+05
   6.4727652e+05
   6.4774844e+05
   6.4827105e+05
   6.4901080e+05
   6.4943873e+05
   6.4980627e+05
   6.5058109e+05
   6.5115522e+05
   6.5177699e+05
   6.5216657e+05
   6.5263739e+05
   6.5311691e+05
   6.5349478e+05
   6.5393526e+05
   6.5465651e+05
   6.5555736e+05
   6.5585574e+05
   6.5652215e+05
   6.5686303e+05
   6.5735692e+05
   6.5776664e+05
   6.5821944e+05
   6.5865903e+05
   6.5908328e+05
   6.5940610e+05
   6.5984942e+05
   6.6035631e+05
   6.6086896e+05
   6.6132346e+05
   6.6182142e+05
   6.6229855e+05
   6.6265179e+05
   6.6322886e+05
   6.6356404e+05
   6.6386417e+05
   6.6426716e+05
   6.6479014e+05
   6.6523766e+05
   6.6558081e+05
   6.6598640e+05
   6.6648098e+05
   6.6712314e+05
   6.6753863e+05
   6.6820706e+05
   6.6861470e+05
   6.6943057e+05
   6.6985284e+05
   6.7028111e+05
   6.7063512e+05
   6.7099070e+05
   6.7160815e+05
   6.7205970e+05
   6.7243345e+05
   6.7305812e+05
   6.7348637e+05
   6.7387498e+05
   6.7428604e+05
   6.7461313e+05
   6.7492282e+05
   6.7535127e+05
   6.7603057e+05
   6.7708885e+05
   6.7751102e+05
   6.7807889e+05
   6.7881890e+05
   6.7947881e+05
   6.7992066e+05
   6.8042366e+05
   6.8083007e+05
   6.8126797e+05
   6.8180513e+05
   6.8226367e+05
   6.8266852e+05
   6.8309570e+05
   6.8350428e+05
   6.8401177e+05
   6.8431283e+05
   6.8470280e+05
   6.8515451e+05
   6.8569786e+05
   6.8614430e+05
   6.8645069e+05
   6.8704153e+05
   6.8740047e+05
   6.8781527e+05
   6.8811493e+05
   6.8870372e+05
   6.8912996e+05
   6.8954339e+05
   6.8997456e+05
   6.9036831e+05
   6.9085265e+05
   6.9127835e+05
   6.9200964e+05
   6.9244492e+05
   6.9292891e+05
   6.9333990e+05
   6.9362659e+05
   6.9418512e+05
   6.9477869e+05
   6.9586497e+05
   6.9625126e+05
   6.9665854e+05
   6.9710423e+05
   6.9761031e+05
   6.9812899e+05
   6.9843037e+05
   6.9897397e+05
   6.9945845e+05
   7.0005616e+05
   7.0055780e+05
   7.0124473e+05
   7.0213920e+05
   7.0255910e+05
   7.0292871e+05
   7.0381642e+05
   7.0417510e+05
   7.0463272e+05
   7.0508260e+05
   7.0549964e+05
   7.0592605e+05
   7.0627357e+05
   7.0667139e+05
   7.0701689e+05
   7.0739235e+05
   7.0796894e+05
   7.0846493e+05
   7.0879199e+05
   7.0907505e+05
   7.0994167e+05
   7.1088885e+05
   7.1175676e+05
   7.1200831e+05
   7.1241183e+05
   7.1274903e+05
   7.1301199e+05
   7.1385211e+05
   7.1433134e+05
   7.1501191e+05
   7.1540531e+05
   7.1593404e+05
   7.1641697e+05
   7.1696292e+05
   7.1749295e+05
   7.1783618e+05
   7.1828397e+05
   7.1884873e+05
   7.1941471e+05
   7.2062208e+05
   7.2120671e+05
   7.2173613e+05
   7.2250298e+05
   7.2290007e+05
   7.2375879e+05
   7.2416710e+05
   7.2482696e+05
   7.2549741e+05
   7.2582387e+05
   7.2632836e+05
   7.2681074e+05
   7.2729586e+05
   7.2786359e+05
   7.2849048e+05
   7.2906257e+05
   7.2975266e+05
   7.3052759e+05
   7.3102937e+05
   7.3184685e+05
   7.3263963e+05
   7.3359180e+05
   7.6025479e+05
   7.6068282e+05
   7.6120049e+05
   7.6149783e+05
   7.6189669e+05
   7.6235528e+05
   7.6274832e+05
   7.6318454e+05
   7.6353116e+05
   7.6396073e+05
   7.6430628e+05
   7.6500411e+05
   7.6523955e+05
   7.6572807e+05
   7.6611669e+05
   7.6665482e+05
   7.6778418e+05
   7.6829276e+05
   7.6889702e+05
   7.6927420e+05
   7.7005934e+05
   7.7043604e+05
   7.7080271e+05
   7.7121288e+05
   7.7167437e+05
   7.7205568e+05
   7.7247267e+05
   7.7287832e+05
   7.7317992e+05
   7.7369303e+05
   7.7482848e+05
   7.7516888e+05
   7.7612438e+05
   7.7656374e+05
   7.7694616e+05
   7.7751605e+05
   7.7789581e+05
   7.7843032e+05
   7.7895276e+05
   7.7934523e+05
   7.7976882e+05
   8.2049616e+05
   8.2084486e+05
   8.2115934e+05
   8.2149698e+05
   8.2187987e+05
   8.2228139e+05
   8.2263850e+05
   8.2298360e+05
   8.2341640e+05
   8.2385300e+05
   8.2419274e+05
   8.2449050e+05
   8.2491663e+05
   8.2537575e+05
   8.2572385e+05
   8.2622011e+05
   8.2652641e+05
   8.2688306e+05
   8.2760431e+05
   8.2817042e+05
   8.2879638e+05
   8.2918620e+05
   8.2985135e+05
   8.3043294e+05
   8.3085371e+05
   8.3132844e+05
   8.3170961e+05
   8.3221267e+05
   8.3285298e+05
   8.3330713e+05
   8.3389896e+05
   8.3445157e+05
   8.3503726e+05
   8.3582317e+05
   8.3631810e+05
   8.3689888e+05
   8.3778323e+05
   8.3837554e+05
   8.3907526e+05
   8.3967363e+05
   8.8042457e+05
   8.8070617e+05
   8.8104296e+05
   8.8135888e+05
   8.8167352e+05
   8.8200636e+05
   8.8230481e+05
   8.8266147e+05
   8.8305523e+05
   8.8344879e+05
   8.8393640e+05
   8.8427375e+05
   8.8469305e+05
   8.8512992e+05
   8.8561238e+05
   8.8601034e+05
   8.8632217e+05
   8.8694972e+05
   8.8781936e+05
   8.8811247e+05
   8.8865471e+05
   8.8927820e+05
   8.8981882e+05
   8.9023675e+05
   8.9057983e+05
   8.9127114e+05
   8.9188596e+05
   8.9230998e+05
   8.9286402e+05
   8.9330058e+05
   8.9399352e+05
   8.9584220e+05
   8.9625720e+05
   8.9727134e+05
   8.9762903e+05
   8.9807286e+05
   8.9847413e+05
   8.9894759e+05
   8.9963399e+05
   9.4057701e+05
   9.4085301e+05
   9.4117967e+05
   9.4156897e+05
   9.4198688e+05
   9.4237592e+05
   9.4319697e+05
   9.4360874e+05
   9.4396831e+05
   9.4433028e+05
   9.4469499e+05
   9.4514183e+05
   9.4555671e+05
   9.4595775e+05
   9.4625951e+05
   9.4663328e+05
   9.4758383e+05
   9.4826191e+05
   9.4862145e+05
   9.4903982e+05
   9.4932215e+05
   9.4973649e+05
   9.5013585e+05
   9.5049455e+05
   9.5096790e+05
   9.5147363e+05
   9.5204247e+05
   9.5282463e+05
   9.5324181e+05
   9.5357425e+05
   9.5396263e+05
   9.5457286e+05
   9.5503520e+05
   9.5552832e+05
   9.5596310e+05
   9.5651058e+05
   9.5712140e+05
   9.5743169e+05
   9.5842795e+05
   9.5915685e+05
   9.5949000e+05
   9.5983042e+05
   1.0005121e+06
   1.0011305e+06
   1.0014844e+06
   1.0017469e+06
   1.0021321e+06
   1.0025086e+06
   1.0028923e+06
   1.0034031e+06
   1.0037922e+06
   1.0041368e+06
   1.0044696e+06
   1.0048608e+06
   1.0055042e+06
   1.0058326e+06
   1.0061936e+06
   1.0064815e+06
   1.0069806e+06
   1.0073880e+06
   1.0081571e+06
   1.0086873e+06
   1.0091339e+06
   1.0097544e+06
   1.0102838e+06
   1.0107239e+06
   1.0111931e+06
   1.0120243e+06
   1.0124555e+06
   1.0128207e+06
   1.0134779e+06
   1.0147355e+06
   1.0151780e+06
   1.0154928e+06
   1.0159494e+06
   1.0163098e+06
   1.0169048e+06
   1.0172708e+06
   1.0176071e+06
   1.0181496e+06
   1.0187822e+06
   1.0198699e+06
   1.0603080e+06
   1.0610097e+06
   1.0612967e+06
   1.0616483e+06
   1.0621008e+06
   1.0625424e+06
   1.0629589e+06
   1.0634942e+06
   1.0639269e+06
   1.0642815e+06
   1.0646351e+06
   1.0649135e+06
   1.0653847e+06
   1.0658303e+06
   1.0663642e+06
   1.0669552e+06
   1.0676631e+06
   1.0684681e+06
   1.0690663e+06
   1.0746602e+06
   1.0764471e+06
   1.0769930e+06
   1.0775763e+06
   1.0778867e+06
   1.0784761e+06
   1.0789677e+06
   1.0793989e+06
   1.0798619e+06
   1.1204562e+06
   1.1210295e+06
   1.1213410e+06
   1.1216821e+06
   1.1220605e+06
   1.1225272e+06
   1.1229033e+06
   1.1231781e+06
   1.1237633e+06
   1.1242408e+06
   1.1247278e+06
   1.1252191e+06
   1.1256760e+06
   1.1259630e+06
   1.1263767e+06
   1.1268875e+06
   1.1275277e+06
   1.1280718e+06
   1.1284723e+06
   1.1287970e+06
   1.1290776e+06
   1.1295702e+06
   1.1306254e+06
   1.1310734e+06
   1.1314865e+06
   1.1322050e+06
   1.1325937e+06
   1.1332145e+06
   1.1338459e+06
   1.1344432e+06
   1.1350611e+06
   1.1354018e+06
   1.1357153e+06
   1.1361186e+06
   1.1366630e+06
   1.1373762e+06
   1.1379330e+06
   1.1387358e+06
   1.1391614e+06
   1.1397383e+06
   1.1805169e+06
   1.1808753e+06
   1.1812720e+06
   1.1818269e+06
   1.1823262e+06
   1.1828309e+06
   1.1834057e+06
   1.1845448e+06
   1.1849879e+06
   1.1854528e+06
   1.1858586e+06
   1.1863397e+06
   1.1875965e+06
   1.1879822e+06
   1.1885047e+06
   1.1890326e+06
   1.1894171e+06
   1.1899622e+06
   1.1906310e+06
   1.1911490e+06
   1.1917791e+06
   1.1922413e+06
   1.1927368e+06
   1.1933879e+06
   1.1944121e+06
   1.1949558e+06
   1.1954028e+06
   1.1959418e+06
   1.1969260e+06
   1.1979719e+06
   1.1984167e+06
   1.1990579e+06
   1.1994581e+06
   1.1999897e+06
   1.2404540e+06
   1.2410326e+06
   1.2414567e+06
   1.2419524e+06
   1.2427515e+06
   1.2431348e+06
   1.2437636e+06
   1.2440937e+06
   1.2444156e+06
   1.2449922e+06
   1.2453070e+06
   1.2458650e+06
   1.2462565e+06
   1.2468450e+06
   1.2477334e+06
   1.2483542e+06
   1.2490666e+06
   1.2498681e+06
   1.2502168e+06
   1.2508226e+06
   1.2513999e+06
   1.2518800e+06
   1.2524965e+06
   1.2529257e+06
   1.2535829e+06
   1.2546920e+06
   1.2550883e+06
   1.2555592e+06
   1.2560091e+06
   1.2568345e+06
   1.2578452e+06
   1.2582974e+06
   1.2588332e+06
   1.2593571e+06
   1.2598285e+06
   1.3006605e+06
   1.3010336e+06
   1.3014364e+06
   1.3018897e+06
   1.3024113e+06
   1.3030495e+06
   1.3034918e+06
   1.3040053e+06
   1.3044136e+06
   1.3049475e+06
   1.3053899e+06
   1.3057556e+06
   1.3067686e+06
   1.3073631e+06
   1.3078439e+06
   1.3082551e+06
   1.3106995e+06
   1.3112398e+06
   1.3120059e+06
   1.3124899e+06
   1.3129962e+06
   1.3136634e+06
   1.3143961e+06
   1.3148331e+06
   1.3153892e+06
   1.3157917e+06
   1.3164717e+06
   1.3169004e+06
   1.3175954e+06
   1.3179725e+06
   1.3188487e+06
   1.3194924e+06
   1.3605631e+06
   1.3611824e+06
   1.3617793e+06
   1.3622460e+06
   1.3629002e+06
   1.3633108e+06
   1.3637696e+06
   1.3641175e+06
   1.3644569e+06
   1.3649200e+06
   1.3656187e+06
   1.3659989e+06
   1.3664909e+06
   1.3668767e+06
   1.3674649e+06
   1.3682835e+06
   1.3689130e+06
   1.3692876e+06
   1.3701964e+06
   1.3708578e+06
   1.3712929e+06
   1.3720265e+06
   1.3727898e+06
   1.3732895e+06
   1.3737218e+06
   1.3744712e+06
   1.3751477e+06
   1.3755249e+06
   1.3763901e+06
   1.3769246e+06
   1.3777886e+06
   1.3781397e+06
   1.3785529e+06
   1.3797182e+06
   1.4203528e+06
   1.4206765e+06
   1.4210427e+06
   1.4213238e+06
   1.4218609e+06
   1.4222450e+06
   1.4228356e+06
   1.4232160e+06
   1.4242470e+06
   1.4249090e+06
   1.4253008e+06
   1.4258301e+06
   1.4264833e+06
   1.4269341e+06
   1.4273594e+06
   1.4282136e+06
   1.4291251e+06
   1.4294784e+06
   1.4302065e+06
   1.4307993e+06
   1.4314239e+06
   1.4321547e+06
   1.4325311e+06
   1.4329479e+06
   1.4334026e+06
   1.4339958e+06
   1.4344187e+06
   1.4364708e+06
   1.4370516e+06
   1.4377899e+06
   1.4803959e+06
   1.4808522e+06
   1.4814805e+06
   1.4818432e+06
   1.4821846e+06
   1.4826401e+06
   1.4830147e+06
   1.4835638e+06
   1.4838751e+06
   1.4843686e+06
   1.4847521e+06
   1.4852825e+06
   1.4858249e+06
   1.4862474e+06
   1.4866862e+06
   1.4873057e+06
   1.4875996e+06
   1.4883407e+06
   1.4891257e+06
   1.4895433e+06
   1.4902747e+06
   1.4909099e+06
   1.4913581e+06
   1.4918099e+06
   1.4921699e+06
   1.4925533e+06
   1.4929126e+06
   1.4933061e+06
   1.4945411e+06
   1.4950727e+06
   1.4956151e+06
   1.4959761e+06
   1.4964530e+06
   1.4975185e+06
   1.4989336e+06
   1.4994196e+06
   1.4999409e+06
   1.5405399e+06
   1.5408920e+06
   1.5414735e+06
   1.5419194e+06
   1.5425537e+06
   1.5428738e+06
   1.5432913e+06
   1.5437402e+06
   1.5446172e+06
   1.5454196e+06
   1.5459724e+06
   1.5464782e+06
   1.5468901e+06
   1.5478160e+06
   1.5482774e+06
   1.5488226e+06
   1.5491877e+06
   1.5496318e+06
   1.5501138e+06
   1.5504302e+06
   1.5512549e+06
   1.5519849e+06
   1.5527356e+06
   1.5535324e+06
   1.5566323e+06
   1.5571478e+06
   1.5576175e+06
   1.5582816e+06
   1.5598449e+06
   1.6004552e+06
   1.6009236e+06
   1.6013588e+06
   1.6018412e+06
   1.6022881e+06
   1.6026694e+06
   1.6035414e+06
   1.6041616e+06
   1.6045203e+06
   1.6049896e+06
   1.6055468e+06
   1.6059846e+06
   1.6066997e+06
   1.6076556e+06
   1.6082052e+06
   1.6086352e+06
   1.6093041e+06
   1.6102110e+06
   1.6105552e+06
   1.6109782e+06
   1.6113311e+06
   1.6123207e+06
   1.6127112e+06
   1.6130896e+06
   1.6135484e+06
   1.6139943e+06
   1.6148804e+06
   1.6152668e+06
   1.6157657e+06
   1.6163488e+06
   1.6169749e+06
   1.6175606e+06
   1.6179336e+06
   1.6186123e+06
   1.6191370e+06
   1.6196428e+06
   1.6605779e+06
   1.6611225e+06
   1.6621864e+06
   1.6636228e+06
   1.6644634e+06
   1.6649363e+06
   1.6654510e+06
   1.6662885e+06
   1.6666046e+06
   1.6674639e+06
   1.6682829e+06
   1.6687692e+06
   1.6691369e+06
   1.6697371e+06
   1.6704480e+06
   1.6730620e+06
   1.6736412e+06
   1.6739677e+06
   1.6747764e+06
   1.6752405e+06
   1.6755739e+06
   1.6760897e+06
   1.6767057e+06
   1.6772520e+06
   1.6777164e+06
   1.6783049e+06
   1.6791009e+06
   1.6796920e+06
   1.7211989e+06
   1.7216750e+06
   1.7223562e+06
   1.7243715e+06
   1.7248237e+06
   1.7254276e+06
   1.7261208e+06
   1.7269562e+06
   1.7278469e+06
   1.7284195e+06
   1.7289174e+06
   1.7298292e+06
   1.7304160e+06
   1.7308932e+06
   1.7314713e+06
   1.7321180e+06
   1.7325871e+06
   1.7335957e+06
   1.7349905e+06
   1.7358443e+06
   1.7365712e+06
   1.7371311e+06
   1.7378903e+06
   1.7382270e+06
   1.7393361e+06
   1.7396745e+06
   1.7804721e+06
   1.7810939e+06
   1.7815253e+06
   1.7823530e+06
   1.7828066e+06
   1.7836730e+06
   1.7841086e+06
   1.7846313e+06
   1.7851593e+06
   1.7856048e+06
   1.7861988e+06
   1.7869853e+06
   1.7878520e+06
   1.7885239e+06
   1.7891198e+06
   1.7896099e+06
   1.7907311e+06
   1.7913225e+06
   1.7920732e+06
   1.7925468e+06
   1.7928870e+06
   1.7932115e+06
   1.7936701e+06
   1.7945283e+06
   1.7952255e+06
   1.7956924e+06
   1.7963305e+06
   1.7967610e+06
   1.7973428e+06
   1.7979239e+06
   1.7986536e+06
   1.7991456e+06
   1.7994854e+06
   1.7999185e+06
   1.8403214e+06
   1.8407119e+06
   1.8411260e+06
   1.8417294e+06
   1.8424946e+06
   1.8429795e+06
   1.8436424e+06
   1.8441253e+06
   1.8445754e+06
   1.8451290e+06
   1.8456223e+06
   1.8460388e+06
   1.8465900e+06
   1.8522741e+06
   1.8532482e+06
   1.8545390e+06
   1.8554424e+06
   1.8558570e+06
   1.8566889e+06
   1.8572083e+06
   1.8583924e+06
   1.8587958e+06
   1.8592805e+06
   1.8596716e+06
   1.9014672e+06
   1.9018197e+06
   1.9023439e+06
   1.9030081e+06
   1.9034537e+06
   1.9038050e+06
   1.9044165e+06
   1.9048812e+06
   1.9053635e+06
   1.9058862e+06
   1.9064072e+06
   1.9078033e+06
   1.9082476e+06
   1.9087255e+06
   1.9093918e+06
   1.9098493e+06
   1.9102618e+06
   1.9107292e+06
   1.9112804e+06
   1.9118548e+06
   1.9123673e+06
   1.9131083e+06
   1.9136189e+06
   1.9145314e+06
   1.9150576e+06
   1.9154037e+06
   1.9160721e+06
   1.9166838e+06
   1.9171971e+06
   1.9183114e+06
   1.9188460e+06
   1.9194871e+06
   6.0548213e+04
   6.1123647e+04
   6.1468161e+04
   6.1860202e+04
   6.2379930e+04
   6.2823249e+04
   6.3294179e+04
   6.4189380e+04
   6.4590332e+04
   6.5045636e+04
   6.5506164e+04
   6.5886676e+04
   6.6978635e+04
   6.7859360e+04
   6.8310563e+04
   6.8710561e+04
   6.9292947e+04
   6.9879387e+04
   7.0433866e+04
   7.1731479e+04
   7.2175173e+04
   7.2479592e+04
   7.3051201e+04
   7.3385529e+04
   7.4056537e+04
   7.4560195e+04
   7.5004824e+04
   7.5504386e+04
   7.7595762e+04
   7.7957862e+04
   7.8348680e+04
   7.8742140e+04
   7.9049739e+04
   7.9715676e+04
   8.0085141e+04
   8.0655761e+04
   8.1573407e+04
   8.1931632e+04
   8.2333034e+04
   8.2771621e+04
   8.3145929e+04
   8.3414399e+04
   8.3772020e+04
   8.4257973e+04
   8.4736113e+04
   8.5034203e+04
   8.5364546e+04
   8.5761272e+04
   8.6185811e+04
   8.6604553e+04
   8.7107054e+04
   8.7646447e+04
   8.7944564e+04
   8.8687684e+04
   9.1563031e+04
   9.2341363e+04
   9.2710919e+04
   9.3024194e+04
   9.3402532e+04
   9.3863783e+04
   9.4284021e+04
   9.4626323e+04
   9.4964811e+04
   9.5330149e+04
   9.5734085e+04
   9.6894700e+04
   9.7425355e+04
   9.7786160e+04
   9.8087171e+04
   9.8567396e+04
   9.8976391e+04
   9.9294242e+04
   1.2033225e+05
   1.2073006e+05
   1.2126569e+05
   1.2191751e+05
   1.2221330e+05
   1.2262905e+05
   1.2326184e+05
   1.2372044e+05
   1.2435984e+05
   1.2463078e+05
   1.2505426e+05
   1.2548278e+05
   1.2591605e+05
   1.2631958e+05
   1.2682338e+05
   1.2732357e+05
   1.2769892e+05
   1.2799644e+05
   1.2887760e+05
   1.2935343e+05
   1.2990052e+05
   1.3039819e+05
   1.3102215e+05
   1.3138876e+05
   1.3185309e+05
   1.3230663e+05
   1.3288658e+05
   1.3329020e+05
   1.3370350e+05
   1.3409020e+05
   1.3466237e+05
   1.3500860e+05
   1.3563668e+05
   1.3593807e+05
   1.3675185e+05
   1.3728508e+05
   1.3795063e+05
   1.3835740e+05
   1.3878161e+05
   1.3931506e+05
   1.4002324e+05
   1.4044226e+05
   1.4080565e+05
   1.4157600e+05
   1.4201332e+05
   1.4256383e+05
   1.4303164e+05
   1.4348846e+05
   1.4393683e+05
   1.4432289e+05
   1.4479811e+05
   1.4555680e+05
   1.4608661e+05
   1.4641433e+05
   1.4691787e+05
   1.4760560e+05
   1.4807110e+05
   1.4849495e+05
   1.4903046e+05
   1.4952409e+05
   1.5016134e+05
   1.5080798e+05
   1.5114752e+05
   1.5159084e+05
   1.5203331e+05
   1.5251532e+05
   1.5310047e+05
   1.5390025e+05
   1.5430214e+05
   1.5471478e+05
   1.5523649e+05
   1.5566897e+05
   1.5600422e+05
   1.5643605e+05
   1.5686263e+05
   1.5750154e+05
   1.5846292e+05
   1.5884629e+05
   1.5923371e+05
   1.5962171e+05
   1.8050051e+05
   1.8092424e+05
   1.8135806e+05
   1.8175989e+05
   1.8235803e+05
   1.8276772e+05
   1.8335273e+05
   1.8406770e+05
   1.8450845e+05
   1.8490030e+05
   1.8528807e+05
   1.8565118e+05
   1.8607060e+05
   1.8657962e+05
   1.8715688e+05
   1.8757234e+05
   1.9092488e+05
   1.9148048e+05
   1.9184208e+05
   1.9261282e+05
   1.9299030e+05
   1.9349645e+05
   1.9384425e+05
   1.9438277e+05
   1.9474353e+05
   1.9518186e+05
   1.9596657e+05
   1.9660147e+05
   1.9696556e+05
   1.9734617e+05
   1.9774738e+05
   1.9814820e+05
   1.9903471e+05
   1.9932092e+05
   2.0000988e+05
   2.0040461e+05
   2.0076819e+05
   2.0105707e+05
   2.0133501e+05
   2.0165015e+05
   2.0228762e+05
   2.0275024e+05
   2.0311744e+05
   2.0491879e+05
   2.0540976e+05
   2.0591886e+05
   2.0637838e+05
   2.0683772e+05
   2.0760420e+05
   2.0806549e+05
   2.0852278e+05
   2.0886136e+05
   2.0935734e+05
   2.0984713e+05
   2.1026654e+05
   2.1077033e+05
   2.1120894e+05
   2.1158661e+05
   2.1224940e+05
   2.1261965e+05
   2.1304414e+05
   2.1347560e+05
   2.1391848e+05
   2.1444366e+05
   2.1472667e+05
   2.1526708e+05
   2.1582541e+05
   2.1618287e+05
   2.1668902e+05
   2.1720575e+05
   2.1759692e+05
   2.1809544e+05
   2.1863585e+05
   2.1907198e+05
   2.1944654e+05
   2.1983573e+05
   2.4033950e+05
   2.4094090e+05
   2.4136410e+05
   2.4182009e+05
   2.4227333e+05
   2.4286866e+05
   2.4347067e+05
   2.4413434e+05
   2.4462010e+05
   2.4509474e+05
   2.4553547e+05
   2.4586877e+05
   2.4634981e+05
   2.4668468e+05
   2.4707539e+05
   2.4744602e+05
   2.4799387e+05
   2.4840817e+05
   2.4883206e+05
   2.4954268e+05
   2.5023653e+05
   2.5069588e+05
   2.5122966e+05
   2.5165976e+05
   2.5226211e+05
   2.5264858e+05
   2.5325602e+05
   2.5374827e+05
   2.5414390e+05
   2.5450175e+05
   2.5487055e+05
   2.5530753e+05
   2.5568511e+05
   2.5609644e+05
   2.5641438e+05
   2.5759939e+05
   2.5811063e+05
   2.5863803e+05
   2.5896832e+05
   2.5934356e+05
   2.5980010e+05
   2.6009833e+05
   2.6051652e+05
   2.6091846e+05
   2.6122603e+05
   2.6181942e+05
   2.6225093e+05
   2.6256875e+05
   2.6292476e+05
   2.6350527e+05
   2.6402459e+05
   2.6429475e+05
   2.6494256e+05
   2.6538583e+05
   2.6571964e+05
   2.6616378e+05
   2.6654979e+05
   2.6697021e+05
   2.6788318e+05
   2.6821084e+05
   2.6874020e+05
   2.6914717e+05
   2.6971192e+05
   2.7017513e+05
   2.7046097e+05
   2.7108901e+05
   2.7148246e+05
   2.7179392e+05
   2.7227902e+05
   2.7289881e+05
   2.7342743e+05
   2.7380269e+05
   2.7416755e+05
   2.7447736e+05
   2.7499251e+05
   2.7533124e+05
   2.7591450e+05
   2.7640545e+05
   2.7719906e+05
   2.7767890e+05
   2.7818625e+05
   2.7863136e+05
   2.7906371e+05
   2.7963201e+05
   3.0034327e+05
   3.0069880e+05
   3.0131492e+05
   3.0169685e+05
   3.0206753e+05
   3.0263734e+05
   3.0324843e+05
   3.0388066e+05
   3.0419013e+05
   3.0479329e+05
   3.0531858e+05
   3.0566615e+05
   3.0609995e+05
   3.0647788e+05
   3.0718295e+05
   3.0746664e+05
   3.0812268e+05
   3.0862450e+05
   3.0918027e+05
   3.0962649e+05
   3.1001339e+05
   3.1066111e+05
   3.1115111e+05
   3.1163629e+05
   3.1235337e+05
   3.1279127e+05
   3.1316910e+05
   3.1355280e+05
   3.1407278e+05
   3.1472995e+05
   3.1541374e+05
   3.1586531e+05
   3.1685674e+05
   3.1725756e+05
   3.1789946e+05
   3.1838867e+05
   3.1895290e+05
   3.1983580e+05
   3.2039934e+05
   3.2075068e+05
   3.2116620e+05
   3.2147977e+05
   3.2195964e+05
   3.2234626e+05
   3.2279973e+05
   3.2333667e+05
   3.2372753e+05
   3.2415231e+05
   3.2483531e+05
   3.2516761e+05
   3.2581800e+05
   3.2635569e+05
   3.2701249e+05
   3.2787339e+05
   3.2834540e+05
   3.2895286e+05
   3.2942248e+05
   3.2983609e+05
   3.3020231e+05
   3.3117065e+05
   3.3160134e+05
   3.3200747e+05
   3.3241908e+05
   3.3268336e+05
   3.3320362e+05
   3.3358062e+05
   3.3404929e+05
   3.3458255e+05
   3.3500184e+05
   3.3565822e+05
   3.3603069e+05
   3.3641246e+05
   3.3680977e+05
   3.3712327e+05
   3.3759668e+05
   3.3814088e+05
   3.3882127e+05
   3.3975855e+05
   3.6045917e+05
   3.6076940e+05
   3.6120945e+05
   3.6163476e+05
   3.6230014e+05
   3.6266743e+05
   3.6311055e+05
   3.6347459e+05
   3.6383856e+05
   3.6420879e+05
   3.6475699e+05
   3.6520211e+05
   3.6633371e+05
   3.6673760e+05
   3.6725462e+05
   3.6756977e+05
   3.6811473e+05
   3.6858100e+05
   3.6899512e+05
   3.6930705e+05
   3.6955930e+05
   3.7050925e+05
   3.7086820e+05
   3.7142760e+05
   3.7183570e+05
   3.7212509e+05
   3.7250059e+05
   3.7303938e+05
   3.7344196e+05
   3.7401037e+05
   3.7468258e+05
   3.7507980e+05
   3.7543773e+05
   3.7579452e+05
   3.7617705e+05
   3.7669734e+05
   3.7714141e+05
   3.7741001e+05
   3.7781967e+05
   3.7820624e+05
   3.7892189e+05
   3.7941673e+05
   3.7990179e+05
   3.8045986e+05
   3.8084995e+05
   3.8148068e+05
   3.8181793e+05
   3.8229585e+05
   3.8292141e+05
   3.8357000e+05
   3.8398773e+05
   3.8465495e+05
   3.8504611e+05
   3.8544244e+05
   3.8594614e+05
   3.8631905e+05
   3.8683231e+05
   3.8726993e+05
   3.8782146e+05
   3.8822136e+05
   3.8854160e+05
   3.8905464e+05
   3.8939941e+05
   3.8967066e+05
   3.9015756e+05
   3.9067230e+05
   3.9127145e+05
   3.9176873e+05
   3.9220407e+05
   3.9265674e+05
   3.9316083e+05
   3.9353898e+05
   3.9443836e+05
   3.9502692e+05
   3.9534333e+05
   3.9578694e+05
   3.9612627e+05
   3.9657054e+05
   3.9708976e+05
   3.9755570e+05
   3.9804735e+05
   3.9855916e+05
   3.9891956e+05
   3.9928629e+05
   3.9965400e+05
   4.2042728e+05
   4.2083381e+05
   4.2118871e+05
   4.2169318e+05
   4.2200515e+05
   4.2233055e+05
   4.2270052e+05
   4.2311456e+05
   4.2360799e+05
   4.2411398e+05
   4.2446359e+05
   4.2541013e+05
   4.2584847e+05
   4.2621422e+05
   4.2656709e+05
   4.2695856e+05
   4.2744128e+05
   4.2793621e+05
   4.2844635e+05
   4.2893213e+05
   4.2950462e+05
   4.3008024e+05
   4.3041272e+05
   4.3086338e+05
   4.3133289e+05
   4.3163560e+05
   4.3204658e+05
   4.3247245e+05
   4.3326879e+05
   4.3358962e+05
   4.3394073e+05
   4.3447532e+05
   4.3482896e+05
   4.3519011e+05
   4.3559335e+05
   4.3609411e+05
   4.3637422e+05
   4.3672383e+05
   4.3756474e+05
   4.3802404e+05
   4.3850051e+05
   4.4025843e+05
   4.4124249e+05
   4.4207965e+05
   4.4250608e+05
   4.4308704e+05
   4.4355061e+05
   4.4436535e+05
   4.4490987e+05
   4.4552051e+05
   4.4594721e+05
   4.4654114e+05
   4.4696722e+05
   4.4739457e+05
   4.4782571e+05
   4.4817557e+05
   4.4861595e+05
   4.4917168e+05
   4.4965606e+05
   4.5006209e+05
   4.5097542e+05
   4.5133959e+05
   4.5164845e+05
   4.5240827e+05
   4.5315049e+05
   4.5353679e+05
   4.5403427e+05
   4.5466077e+05
   4.5498574e+05
   4.5527720e+05
   4.5571081e+05
   4.5623638e+05
   4.5671112e+05
   4.5709888e+05
   4.5742285e+05
   4.5788933e+05
   4.5841532e+05
   4.5870709e+05
   4.5920521e+05
   4.5970112e+05
   4.8036451e+05
   4.8066442e+05
   4.8106221e+05
   4.8151044e+05
   4.8193983e+05
   4.8222552e+05
   4.8281924e+05
   4.8316873e+05
   4.8344647e+05
   4.8384565e+05
   4.8475703e+05
   4.8529423e+05
   4.8584803e+05
   4.8699806e+05
   4.8745852e+05
   4.8799730e+05
   4.8854024e+05
   4.8885771e+05
   4.8967510e+05
   4.9002710e+05
   4.9063608e+05
   4.9112377e+05
   4.9149632e+05
   4.9185645e+05
   4.9232675e+05
   4.9274200e+05
   4.9317506e+05
   4.9342933e+05
   4.9391074e+05
   4.9421954e+05
   4.9452476e+05
   4.9493090e+05
   4.9525977e+05
   4.9569582e+05
   4.9621948e+05
   4.9662138e+05
   4.9722925e+05
   4.9769975e+05
   4.9812688e+05
   4.9853698e+05
   4.9908827e+05
   4.9961923e+05
   5.0019924e+05
   5.0083950e+05
   5.0143681e+05
   5.0199705e+05
   5.0251868e+05
   5.0301935e+05
   5.0337198e+05
   5.0368162e+05
   5.0473351e+05
   5.0535479e+05
   5.0578118e+05
   5.0619771e+05
   5.0664755e+05
   5.0704211e+05
   5.0809124e+05
   5.0874796e+05
   5.0920875e+05
   5.0966615e+05
   5.0999838e+05
   5.1041729e+05
   5.1132011e+05
   5.1178360e+05
   5.1305884e+05
   5.1356630e+05
   5.1399330e+05
   5.1440565e+05
   5.1497079e+05
   5.1559454e+05
   5.1612486e+05
   5.1645804e+05
   5.1693605e+05
   5.1729872e+05
   5.1774739e+05
   5.1822010e+05
   5.1863703e+05
   5.1912834e+05
   5.1949339e+05
   5.1988085e+05
   5.4081666e+05
   5.4122125e+05
   5.4162895e+05
   5.4216446e+05
   5.4268547e+05
   5.4310508e+05
   5.4367004e+05
   5.4407759e+05
   5.4442395e+05
   5.4473519e+05
   5.4538858e+05
   5.4589211e+05
   5.4638419e+05
   5.4704497e+05
   5.4753620e+05
   5.4791507e+05
   5.4830775e+05
   5.4884887e+05
   5.4920633e+05
   5.4973379e+05
   5.5009211e+05
   5.5049697e+05
   5.5107071e+05
   5.5145658e+05
   5.5198443e+05
   5.5290848e+05
   5.5335536e+05
   5.5375874e+05
   5.5428090e+05
   5.5458558e+05
   5.5485621e+05
   5.5518197e+05
   5.5598576e+05
   5.5630310e+05
   5.5668393e+05
   5.5714601e+05
   5.5764560e+05
   5.5834392e+05
   5.5881363e+05
   5.5941880e+05
   5.5984761e+05
   5.6023693e+05
   5.6053520e+05
   5.6097800e+05
   5.6143946e+05
   5.6182329e+05
   5.6234877e+05
   5.6276663e+05
   5.6318588e+05
   5.6391302e+05
   5.6440103e+05
   5.6476082e+05
   5.6521389e+05
   5.6564817e+05
   5.6611516e+05
   5.6663403e+05
   5.6690354e+05
   5.6731687e+05
   5.6767115e+05
   5.6800667e+05
   5.6845459e+05
   5.6897363e+05
   5.6937748e+05
   5.7014262e+05
   5.7059104e+05
   5.7087253e+05
   5.7133693e+05
   5.7209836e+05
   5.7246502e+05
   5.7344223e+05
   5.7388886e+05
   5.7454380e+05
   5.7512778e+05
   5.7553929e+05
   5.7594523e+05
   5.7640317e+05
   5.7702534e+05
   5.7808207e+05
   5.7841142e+05
   5.7878917e+05
   5.7912104e+05
   5.7953479e+05
   7.8083290e+05
   7.8165075e+05
   7.8249985e+05
   7.8339000e+05
   7.8447106e+05
   7.8503981e+05
   7.8665079e+05
   7.8754103e+05
   7.8821839e+05
   7.8914904e+05
   7.9065931e+05
   7.9125630e+05
   7.9215239e+05
   7.9278173e+05
   7.9331407e+05
   7.9388482e+05
   7.9426104e+05
   7.9489241e+05
   7.9534810e+05
   7.9602110e+05
   7.9695816e+05
   7.9758968e+05
   7.9810357e+05
   7.9842387e+05
   7.9882215e+05
   8.0015953e+05
   8.0195388e+05
   8.0248363e+05
   8.0335586e+05
   8.0392205e+05
   8.0488904e+05
   8.0536987e+05
   8.0604577e+05
   8.0664026e+05
   8.0726803e+05
   8.0861187e+05
   8.0945776e+05
   8.1230181e+05
   8.1353696e+05
   8.1422727e+05
   8.1484352e+05
   8.1566288e+05
   8.4046788e+05
   8.4136359e+05
   8.4237316e+05
   8.4278025e+05
   8.4350802e+05
   8.4436572e+05
   8.4528364e+05
   8.4592066e+05
   8.4633991e+05
   8.4724444e+05
   8.4778520e+05
   8.4834664e+05
   8.4911724e+05
   8.4998187e+05
   8.5051305e+05
   8.5122969e+05
   8.5299698e+05
   8.5357376e+05
   8.5418086e+05
   8.5475150e+05
   8.5513753e+05
   8.5550364e+05
   8.5623393e+05
   8.5699836e+05
   8.5749327e+05
   8.5805727e+05
   8.5861461e+05
   8.5919850e+05
   8.6011616e+05
   8.6074460e+05
   8.6137778e+05
   8.6311939e+05
   8.6363547e+05
   8.6704361e+05
   8.6775746e+05
   8.6920457e+05
   8.6978883e+05
   8.7029387e+05
   8.7083871e+05
   8.7181334e+05
   8.7238406e+05
   8.7319883e+05
   8.7389465e+05
   8.7436569e+05
   8.7489660e+05
   8.7560848e+05
   8.7613258e+05
   8.7684961e+05
   8.7737708e+05
   8.7776073e+05
   8.7885114e+05
   8.7920201e+05
   8.7956303e+05
   9.0043552e+05
   9.0114476e+05
   9.0184481e+05
   9.0257572e+05
   9.0315405e+05
   9.0387036e+05
   9.0437529e+05
   9.0509971e+05
   9.0572751e+05
   9.0638462e+05
   9.0668625e+05
   9.0718334e+05
   9.0821242e+05
   9.0899949e+05
   9.1004331e+05
   9.1056040e+05
   9.1113691e+05
   9.1164865e+05
   9.1258532e+05
   9.1594990e+05
   9.1770887e+05
   9.1820809e+05
   9.1862886e+05
   9.1900017e+05
   9.1939549e+05
   9.2010638e+05
   9.2051005e+05
   9.2101993e+05
   9.2229499e+05
   9.2276297e+05
   9.2369230e+05
   9.2454114e+05
   9.2519170e+05
   9.2596629e+05
   9.2668864e+05
   9.2777335e+05
   9.2841838e+05
   9.2883172e+05
   9.2938619e+05
   9.3012060e+05
   9.3081379e+05
   9.3167185e+05
   9.3219731e+05
   9.3258921e+05
   9.3336070e+05
   9.3413480e+05
   9.3478984e+05
   9.3542964e+05
   9.3599762e+05
   9.3664278e+05
   9.3759025e+05
   9.3808895e+05
   9.3894839e+05
   9.3948468e+05
   9.6033792e+05
   9.6162489e+05
   9.6277827e+05
   9.6401052e+05
   9.6462152e+05
   9.6511044e+05
   9.6558389e+05
   9.6610322e+05
   9.6656779e+05
   9.6721030e+05
   9.6801472e+05
   9.6877387e+05
   9.7000990e+05
   9.7096682e+05
   9.7232063e+05
   9.7272033e+05
   9.7343327e+05
   9.7402304e+05
   9.7478734e+05
   9.7642816e+05
   9.7708835e+05
   9.7916012e+05
   9.7953382e+05
   9.8013747e+05
   9.8047706e+05
   9.8089937e+05
   9.8151393e+05
   9.8199886e+05
   9.8274476e+05
   9.8396968e+05
   9.8474134e+05
   9.8521847e+05
   9.8567629e+05
   9.8631269e+05
   9.8741421e+05
   9.8789973e+05
   9.8937580e+05
   9.9008129e+05
   9.9181168e+05
   9.9266605e+05
   9.9429260e+05
   9.9506562e+05
   9.9560355e+05
   9.9607669e+05
   9.9834746e+05
   9.9888573e+05
   9.9952554e+05
   9.9990467e+05
   1.0211989e+06
   1.0217341e+06
   1.0221627e+06
   1.0225958e+06
   1.0229592e+06
   1.0242339e+06
   1.0251633e+06
   1.0256500e+06
   1.0261792e+06
   1.0268756e+06
   1.0274102e+06
   1.0279949e+06
   1.0285302e+06
   1.0289961e+06
   1.0300128e+06
   1.0307442e+06
   1.0311231e+06
   1.0320168e+06
   1.0324754e+06
   1.0331573e+06
   1.0337495e+06
   1.0344259e+06
   1.0350029e+06
   1.0358702e+06
   1.0363578e+06
   1.0368161e+06
   1.0374298e+06
   1.0379559e+06
   1.0383694e+06
   1.0389219e+06
   1.0399082e+06
   1.0406396e+06
   1.0410626e+06
   1.0414860e+06
   1.0423545e+06
   1.0430647e+06
   1.0445736e+06
   1.0450817e+06
   1.0454467e+06
   1.0461778e+06
   1.0466136e+06
   1.0474229e+06
   1.0478611e+06
   1.0483830e+06
   1.0487265e+06
   1.0494887e+06
   1.0498303e+06
   1.0506095e+06
   1.0512767e+06
   1.0518133e+06
   1.0525403e+06
   1.0532498e+06
   1.0537360e+06
   1.0541556e+06
   1.0552463e+06
   1.0557716e+06
   1.0570926e+06
   1.0574149e+06
   1.0577911e+06
   1.0584678e+06
   1.0589675e+06
   1.0598812e+06
   1.0805204e+06
   1.0809194e+06
   1.0814973e+06
   1.0821804e+06
   1.0828293e+06
   1.0833295e+06
   1.0838865e+06
   1.0842555e+06
   1.0848114e+06
   1.0852747e+06
   1.0858721e+06
   1.0863579e+06
   1.0869679e+06
   1.0874061e+06
   1.0880746e+06
   1.0887983e+06
   1.0892920e+06
   1.0901400e+06
   1.0909751e+06
   1.0917401e+06
   1.0922300e+06
   1.0930523e+06
   1.0935342e+06
   1.0941606e+06
   1.0948191e+06
   1.0953962e+06
   1.0959792e+06
   1.0968037e+06
   1.0976682e+06
   1.0983185e+06
   1.1000080e+06
   1.1006454e+06
   1.1014042e+06
   1.1023429e+06
   1.1030136e+06
   1.1034722e+06
   1.1039390e+06
   1.1049392e+06
   1.1056874e+06
   1.1065822e+06
   1.1075709e+06
   1.1081870e+06
   1.1086091e+06
   1.1093407e+06
   1.1116274e+06
   1.1121212e+06
   1.1129535e+06
   1.1134564e+06
   1.1141391e+06
   1.1147734e+06
   1.1152517e+06
   1.1160682e+06
   1.1164795e+06
   1.1170475e+06
   1.1176491e+06
   1.1183770e+06
   1.1188017e+06
   1.1193849e+06
   1.1199174e+06
   1.1405204e+06
   1.1416610e+06
   1.1421781e+06
   1.1426714e+06
   1.1433597e+06
   1.1438284e+06
   1.1443435e+06
   1.1448626e+06
   1.1454241e+06
   1.1460472e+06
   1.1470042e+06
   1.1477901e+06
   1.1482667e+06
   1.1488333e+06
   1.1505915e+06
   1.1512319e+06
   1.1516804e+06
   1.1524909e+06
   1.1528883e+06
   1.1537021e+06
   1.1542680e+06
   1.1548651e+06
   1.1554075e+06
   1.1559527e+06
   1.1568516e+06
   1.1574677e+06
   1.1583506e+06
   1.1588557e+06
   1.1604352e+06
   1.1609138e+06
   1.1614264e+06
   1.1629997e+06
   1.1635577e+06
   1.1654946e+06
   1.1659599e+06
   1.1663182e+06
   1.1668859e+06
   1.1673032e+06
   1.1679924e+06
   1.1688166e+06
   1.1692392e+06
   1.1698311e+06
   1.1708330e+06
   1.1714151e+06
   1.1721529e+06
   1.1725948e+06
   1.1731353e+06
   1.1737676e+06
   1.1744189e+06
   1.1748839e+06
   1.1758632e+06
   1.1763378e+06
   1.1775417e+06
   1.1780617e+06
   1.1786819e+06
   1.1795080e+06
   1.1799564e+06
   1.2004735e+06
   1.2012986e+06
   1.2017867e+06
   1.2022584e+06
   1.2028037e+06
   1.2034767e+06
   1.2043158e+06
   1.2053381e+06
   1.2058658e+06
   1.2064757e+06
   1.2072598e+06
   1.2076672e+06
   1.2081871e+06
   1.2095454e+06
   1.2102038e+06
   1.2108639e+06
   1.2113383e+06
   1.2118898e+06
   1.2139067e+06
   1.2148165e+06
   1.2153357e+06
   1.2166531e+06
   1.2178241e+06
   1.2188461e+06
   1.2192251e+06
   1.2200812e+06
   1.2204433e+06
   1.2208874e+06
   1.2214009e+06
   1.2221458e+06
   1.2227593e+06
   1.2231696e+06
   1.2238530e+06
   1.2246976e+06
   1.2258091e+06
   1.2269801e+06
   1.2275615e+06
   1.2281101e+06
   1.2287525e+06
   1.2292513e+06
   1.2298985e+06
   1.2303429e+06
   1.2307909e+06
   1.2316642e+06
   1.2324518e+06
   1.2331605e+06
   1.2338647e+06
   1.2353254e+06
   1.2365943e+06
   1.2375093e+06
   1.2389250e+06
   1.2398625e+06
   1.2609542e+06
   1.2615360e+06
   1.2622736e+06
   1.2627355e+06
   1.2638347e+06
   1.2643061e+06
   1.2649469e+06
   1.2654657e+06
   1.2658733e+06
   1.2669668e+06
   1.2681215e+06
   1.2686606e+06
   1.2717355e+06
   1.2722869e+06
   1.2727185e+06
   1.2733939e+06
   1.2742597e+06
   1.2746706e+06
   1.2752067e+06
   1.2757482e+06
   1.2762496e+06
   1.2766188e+06
   1.2772769e+06
   1.2780362e+06
   1.2786924e+06
   1.2801539e+06
   1.2808443e+06
   1.2812926e+06
   1.2819527e+06
   1.2827517e+06
   1.2833557e+06
   1.2838497e+06
   1.2843945e+06
   1.2853063e+06
   1.2861502e+06
   1.2871072e+06
   1.2879858e+06
   1.2887680e+06
   1.2898593e+06
   1.2906685e+06
   1.2913956e+06
   1.2921352e+06
   1.2927080e+06
   1.2933342e+06
   1.2945620e+06
   1.2950147e+06
   1.2954237e+06
   1.2961264e+06
   1.2968706e+06
   1.2975013e+06
   1.2981805e+06
   1.2990740e+06
   1.3205258e+06
   1.3215834e+06
   1.3223250e+06
   1.3228797e+06
   1.3232587e+06
   1.3244967e+06
   1.3252684e+06
   1.3258254e+06
   1.3264649e+06
   1.3271109e+06
   1.3279433e+06
   1.3284032e+06
   1.3314823e+06
   1.3319446e+06
   1.3327600e+06
   1.3334961e+06
   1.3339565e+06
   1.3344239e+06
   1.3349023e+06
   1.3355099e+06
   1.3359132e+06
   1.3371180e+06
   1.3378317e+06
   1.3385103e+06
   1.3393261e+06
   1.3398151e+06
   1.3403189e+06
   1.3412446e+06
   1.3418485e+06
   1.3423452e+06
   1.3430117e+06
   1.3434170e+06
   1.3445466e+06
   1.3450911e+06
   1.3456703e+06
   1.3460629e+06
   1.3470791e+06
   1.3477352e+06
   1.3483398e+06
   1.3502289e+06
   1.3538444e+06
   1.3547846e+06
   1.3554579e+06
   1.3569471e+06
   1.3578297e+06
   1.3585024e+06
   1.3589995e+06
   1.3808249e+06
   1.3823030e+06
   1.3830841e+06
   1.3835544e+06
   1.3840114e+06
   1.3850107e+06
   1.3858198e+06
   1.3865410e+06
   1.3870043e+06
   1.3875899e+06
   1.3882417e+06
   1.3887751e+06
   1.3893418e+06
   1.3902765e+06
   1.3914728e+06
   1.3920663e+06
   1.3942423e+06
   1.3948182e+06
   1.3965281e+06
   1.3974635e+06
   1.3980216e+06
   1.4002017e+06
   1.4007749e+06
   1.4013030e+06
   1.4017839e+06
   1.4029967e+06
   1.4037022e+06
   1.4053455e+06
   1.4062332e+06
   1.4076476e+06
   1.4081235e+06
   1.4087876e+06
   1.4094845e+06
   1.4101693e+06
   1.4106760e+06
   1.4114379e+06
   1.4119856e+06
   1.4126807e+06
   1.4135175e+06
   1.4146811e+06
   1.4161623e+06
   1.4168000e+06
   1.4177852e+06
   1.4183896e+06
   1.4409768e+06
   1.4415156e+06
   1.4423300e+06
   1.4429659e+06
   1.4435792e+06
   1.4441918e+06
   1.4447426e+06
   1.4453001e+06
   1.4457495e+06
   1.4466635e+06
   1.4474150e+06
   1.4479523e+06
   1.4485747e+06
   1.4493706e+06
   1.4506692e+06
   1.4515690e+06
   1.4521090e+06
   1.4524868e+06
   1.4538114e+06
   1.4545698e+06
   1.4549464e+06
   1.4553319e+06
   1.4561537e+06
   1.4570602e+06
   1.4574708e+06
   1.4581694e+06
   1.4589787e+06
   1.4600410e+06
   1.4605099e+06
   1.4612666e+06
   1.4619124e+06
   1.4622812e+06
   1.4631679e+06
   1.4638001e+06
   1.4647703e+06
   1.4654095e+06
   1.4658118e+06
   1.4663137e+06
   1.4666607e+06
   1.4671520e+06
   1.4675394e+06
   1.4681786e+06
   1.4688599e+06
   1.4695952e+06
   1.4707467e+06
   1.4716860e+06
   1.4721954e+06
   1.4729860e+06
   1.4739125e+06
   1.4750757e+06
   1.4755275e+06
   1.4760555e+06
   1.4767410e+06
   1.4772711e+06
   1.4785909e+06
   1.4793011e+06
   1.4798682e+06
   1.5007844e+06
   1.5023647e+06
   1.5029073e+06
   1.5039810e+06
   1.5044283e+06
   1.5052314e+06
   1.5058622e+06
   1.5065465e+06
   1.5070918e+06
   1.5077287e+06
   1.5083316e+06
   1.5087403e+06
   1.5093073e+06
   1.5105526e+06
   1.5110127e+06
   1.5115648e+06
   1.5122888e+06
   1.5128545e+06
   1.5135162e+06
   1.5146167e+06
   1.5154847e+06
   1.5163686e+06
   1.5168771e+06
   1.5251753e+06
   1.5259726e+06
   1.5265861e+06
   1.5269721e+06
   1.5277141e+06
   1.5284912e+06
   1.5291903e+06
   1.5299603e+06
   1.5309080e+06
   1.5314405e+06
   1.5322069e+06
   1.5349520e+06
   1.5353757e+06
   1.5357891e+06
   1.5364905e+06
   1.5371804e+06
   1.5389697e+06
   1.5395030e+06
   1.5608224e+06
   1.5612854e+06
   1.5619141e+06
   1.5625849e+06
   1.5631180e+06
   1.5637849e+06
   1.5646842e+06
   1.5657547e+06
   1.5664390e+06
   1.5677068e+06
   1.5683102e+06
   1.5700495e+06
   1.5704269e+06
   1.5711198e+06
   1.5717923e+06
   1.5724082e+06
   1.5728107e+06
   1.5734517e+06
   1.5770362e+06
   1.5780145e+06
   1.5786190e+06
   1.5800267e+06
   1.5804814e+06
   1.5808483e+06
   1.5833567e+06
   1.5838554e+06
   1.5844468e+06
   1.5850731e+06
   1.5855997e+06
   1.5861191e+06
   1.5867720e+06
   1.5874612e+06
   1.5881413e+06
   1.5887061e+06
   1.5901269e+06
   1.5912526e+06
   1.5924271e+06
   1.5930930e+06
   1.6220446e+06
   1.6226227e+06
   1.6230910e+06
   1.6243995e+06
   1.6251876e+06
   1.6256357e+06
   1.6265232e+06
   1.6270137e+06
   1.6275511e+06
   1.6287564e+06
   1.6292557e+06
   1.6298842e+06
   1.6306993e+06
   1.6310817e+06
   1.6316398e+06
   1.6321498e+06
   1.6330987e+06
   1.6337374e+06
   1.6349161e+06
   1.6355991e+06
   1.6362585e+06
   1.6369491e+06
   1.6374542e+06
   1.6379780e+06
   1.6390046e+06
   1.6399341e+06
   1.6404228e+06
   1.6412685e+06
   1.6416470e+06
   1.6421668e+06
   1.6426015e+06
   1.6432503e+06
   1.6438146e+06
   1.6444232e+06
   1.6449198e+06
   1.6454109e+06
   1.6458713e+06
   1.6464871e+06
   1.6479395e+06
   1.6484648e+06
   1.6489638e+06
   1.6498942e+06
   1.6502569e+06
   1.6508572e+06
   1.6514937e+06
   1.6520150e+06
   1.6526533e+06
   1.6532863e+06
   1.6537847e+06
   1.6544143e+06
   1.6549078e+06
   1.6567534e+06
   1.6804076e+06
   1.6813564e+06
   1.6823349e+06
   1.6829139e+06
   1.6833858e+06
   1.6839034e+06
   1.6843771e+06
   1.6851078e+06
   1.6857303e+06
   1.6861873e+06
   1.6865991e+06
   1.6871917e+06
   1.6875318e+06
   1.6881177e+06
   1.6887581e+06
   1.6895028e+06
   1.6899858e+06
   1.6904435e+06
   1.6909441e+06
   1.6915128e+06
   1.6923200e+06
   1.6927477e+06
   1.6934734e+06
   1.6940358e+06
   1.6946146e+06
   1.6952383e+06
   1.6960394e+06
   1.6967984e+06
   1.6976753e+06
   1.6982430e+06
   1.6991357e+06
   1.6996289e+06
   1.7000594e+06
   1.7005568e+06
   1.7013132e+06
   1.7020955e+06
   1.7026804e+06
   1.7043338e+06
   1.7050405e+06
   1.7055752e+06
   1.7063431e+06
   1.7080744e+06
   1.7085897e+06
   1.7090044e+06
   1.7094246e+06
   1.7100299e+06
   1.7105878e+06
   1.7113401e+06
   1.7118362e+06
   1.7127344e+06
   1.7135056e+06
   1.7139664e+06
   1.7144896e+06
   1.7150005e+06
   1.7153783e+06
   1.7162867e+06
   1.7168503e+06
   1.7173429e+06
   1.7179349e+06
   1.7182969e+06
   1.7188321e+06
   1.7193182e+06
   1.7412859e+06
   1.7420462e+06
   1.7427809e+06
   1.7436512e+06
   1.7441958e+06
   1.7454828e+06
   1.7459697e+06
   1.7465156e+06
   1.7472038e+06
   1.7480881e+06
   1.7487366e+06
   1.7496332e+06
   1.7502925e+06
   1.7507456e+06
   1.7512238e+06
   1.7516821e+06
   1.7525336e+06
   1.7531436e+06
   1.7545742e+06
   1.7552496e+06
   1.7558347e+06
   1.7562468e+06
   1.7575873e+06
   1.7579522e+06
   1.7587976e+06
   1.7593498e+06
   1.7600841e+06
   1.7608453e+06
   1.7614251e+06
   1.7619343e+06
   1.7624690e+06
   1.7628512e+06
   1.7632608e+06
   1.7643106e+06
   1.7646144e+06
   1.7651954e+06
   1.7656557e+06
   1.7663685e+06
   1.7670906e+06
   1.7675206e+06
   1.7687098e+06
   1.7693734e+06
   1.7698751e+06
   1.7702649e+06
   1.7709656e+06
   1.7712691e+06
   1.7722407e+06
   1.7727196e+06
   1.7734308e+06
   1.7740424e+06
   1.7747761e+06
   1.7758082e+06
   1.7764138e+06
   1.7768167e+06
   1.7777635e+06
   1.7783036e+06
   1.7787055e+06
   1.7793194e+06
   1.8004737e+06
   1.8013142e+06
   1.8018047e+06
   1.8026411e+06
   1.8031425e+06
   1.8035890e+06
   1.8047284e+06
   1.8051091e+06
   1.8056275e+06
   1.8060045e+06
   1.8066862e+06
   1.8082845e+06
   1.8088208e+06
   1.8095537e+06
   1.8099524e+06
   1.8105190e+06
   1.8111129e+06
   1.8121853e+06
   1.8125566e+06
   1.8131658e+06
   1.8138060e+06
   1.8143105e+06
   1.8152638e+06
   1.8157077e+06
   1.8162045e+06
   1.8171174e+06
   1.8176306e+06
   1.8180572e+06
   1.8185918e+06
   1.8193099e+06
   1.8213369e+06
   1.8221080e+06
   1.8228791e+06
   1.8234477e+06
   1.8238705e+06
   1.8244628e+06
   1.8249004e+06
   1.8259861e+06
   1.8268666e+06
   1.8274251e+06
   1.8291334e+06
   1.8296124e+06
   1.8301103e+06
   1.8305648e+06
   1.8333566e+06
   1.8340124e+06
   1.8353336e+06
   1.8358651e+06
   1.8375694e+06
   1.8381866e+06
   1.8385644e+06
   1.8390347e+06
   1.8394861e+06
   1.8608913e+06
   1.8618787e+06
   1.8628961e+06
   1.8634344e+06
   1.8640844e+06
   1.8647388e+06
   1.8653505e+06
   1.8659787e+06
   1.8663622e+06
   1.8667677e+06
   1.8672679e+06
   1.8679218e+06
   1.8687165e+06
   1.8694326e+06
   1.8699080e+06
   1.8704298e+06
   1.8715421e+06
   1.8720423e+06
   1.8732865e+06
   1.8755666e+06
   1.8764844e+06
   1.8770134e+06
   1.8776745e+06
   1.8781598e+06
   1.8787280e+06
   1.8793581e+06
   1.8801300e+06
   1.8805124e+06
   1.8812843e+06
   1.8825349e+06
   1.8831334e+06
   1.8840836e+06
   1.8851854e+06
   1.8857472e+06
   1.8867953e+06
   1.8872123e+06
   1.8876922e+06
   1.8886557e+06
   1.8891869e+06
   1.8895623e+06
   1.8900661e+06
   1.8906111e+06
   1.8911123e+06
   1.8916202e+06
   1.8920749e+06
   1.8927304e+06
   1.8936233e+06
   1.8837776e+06
   1.8851630e+06
   1.8855521e+06
   1.8860891e+06
   1.8868942e+06
   1.8876351e+06
   1.8881065e+06
   1.8891103e+06
   1.8897152e+06
   1.8906433e+06
   1.8924800e+06
   1.8929347e+06
   1.8960042e+06
   1.8974120e+06
   1.8978639e+06
   1.8983101e+06
   1.8989038e+06
   1.8994993e+06
   1.8931253e+06
   1.8934635e+06
   1.8942438e+06
   1.8946801e+06
   1.8951891e+06
   1.8958159e+06
   1.8962971e+06
   1.8969350e+06
   1.8973229e+06
   1.8979088e+06
   1.8989991e+06
   1.8994849e+06
