   1.5350135e+03
   3.1000822e+03
   4.3643414e+03
   6.0601964e+03
   7.1075618e+03
   9.0977855e+03
   1.0546397e+04
   1.2190405e+04
   1.4094698e+04
   1.6136696e+04
   1.7803841e+04
   1.8983958e+04
   2.0692195e+04
   2.2877593e+04
   2.4026030e+04
   2.5523972e+04
   2.8979587e+04
   3.0273789e+04
   3.1475687e+04
   3.2571151e+04
   3.3573228e+04
   3.5376741e+04
   3.7346663e+04
   3.8720533e+04
   3.9721387e+04
   4.1299217e+04
   4.0065673e+04
   4.0412059e+04
   4.1769759e+04
   4.3105425e+04
   4.4028675e+04
   4.5196715e+04
   4.6323154e+04
   4.9139972e+04
   5.0484624e+04
   5.1952064e+04
   5.3502941e+04
   5.4746136e+04
   5.5942422e+04
   5.7416200e+04
   5.9634759e+04
   1.0048371e+05
   1.0258504e+05
   1.0334170e+05
   1.0450699e+05
   1.0558696e+05
   1.0679493e+05
   1.0763197e+05
   1.0922415e+05
   1.1063938e+05
   1.1248225e+05
   1.1580239e+05
   1.1721443e+05
   1.1807449e+05
   1.1925867e+05
   1.6008863e+05
   1.6205383e+05
   1.6312180e+05
   1.6454944e+05
   1.6578699e+05
   1.6657117e+05
   1.6821412e+05
   1.6909855e+05
   1.7006355e+05
   1.7123870e+05
   1.7253952e+05
   1.7366179e+05
   1.7488784e+05
   1.7708254e+05
   1.7808194e+05
   1.7989120e+05
   2.2009037e+05
   2.2062750e+05
   2.2209593e+05
   2.2325665e+05
   2.2459320e+05
   2.2592898e+05
   2.2743138e+05
   2.2933448e+05
   2.3023416e+05
   2.3131169e+05
   2.3256239e+05
   2.3354933e+05
   2.3508201e+05
   2.3649377e+05
   2.8090061e+05
   2.8280223e+05
   2.8402611e+05
   2.8614557e+05
   2.8774877e+05
   2.8923068e+05
   2.9046720e+05
   2.9157300e+05
   2.9283493e+05
   2.9422103e+05
   2.9530797e+05
   2.9654689e+05
   2.9781473e+05
   2.9941707e+05
   3.4003632e+05
   3.4098788e+05
   3.4200513e+05
   3.4304886e+05
   3.4432348e+05
   3.4518128e+05
   3.4593044e+05
   3.4815536e+05
   3.5007071e+05
   3.5238696e+05
   3.5546794e+05
   3.5645670e+05
   3.5734826e+05
   3.5864783e+05
   3.5976437e+05
   4.0001092e+05
   4.0043682e+05
   4.0133555e+05
   4.0251664e+05
   4.0353322e+05
   4.0491012e+05
   4.0616258e+05
   4.0778429e+05
   4.0909418e+05
   4.1043590e+05
   4.1351842e+05
   4.1454541e+05
   4.1566988e+05
   4.1701900e+05
   4.1809890e+05
   4.1911084e+05
   4.6000685e+05
   4.6101310e+05
   4.6236524e+05
   4.6329238e+05
   4.6437377e+05
   4.6704143e+05
   4.6827201e+05
   4.6906470e+05
   4.7032164e+05
   4.7139038e+05
   4.7271103e+05
   4.7365520e+05
   4.7425702e+05
   4.7513794e+05
   4.7603861e+05
   4.7703856e+05
   4.7875416e+05
   5.2008758e+05
   5.2052164e+05
   5.2157777e+05
   5.2256382e+05
   5.2410715e+05
   5.2514071e+05
   5.2620939e+05
   5.2842894e+05
   5.2993047e+05
   5.3130664e+05
   5.3267142e+05
   5.3491137e+05
   5.3611450e+05
   5.3735436e+05
   5.3849371e+05
   5.3938131e+05
   5.8007622e+05
   5.8080277e+05
   5.8189106e+05
   5.8332670e+05
   5.8455821e+05
   5.8567978e+05
   5.8865776e+05
   5.8969337e+05
   5.9116933e+05
   5.9310926e+05
   5.9452704e+05
   5.9581815e+05
   5.9667254e+05
   5.9773852e+05
   5.9876577e+05
   5.9996979e+05
   6.0104155e+05
   6.0258073e+05
   6.0391345e+05
   6.0541180e+05
   6.0652683e+05
   6.0785166e+05
   6.1064704e+05
   6.1184739e+05
   6.1340589e+05
   6.1431003e+05
   6.1665445e+05
   6.1771479e+05
   6.1955843e+05
   6.2103301e+05
   6.2221743e+05
   6.2330951e+05
   6.2512059e+05
   6.2611697e+05
   6.2714388e+05
   6.2976067e+05
   6.3103152e+05
   6.3455274e+05
   6.3733734e+05
   6.3838923e+05
   6.3967221e+05
   6.4153717e+05
   6.4328501e+05
   6.4550374e+05
   6.4703733e+05
   6.4832313e+05
   6.4960798e+05
   6.5092185e+05
   6.5294808e+05
   6.5457973e+05
   6.5603022e+05
   6.5717807e+05
   6.5843343e+05
   6.6131964e+05
   6.6244913e+05
   6.6669770e+05
   6.6777624e+05
   6.6929258e+05
   6.7022185e+05
   6.7147273e+05
   6.7252854e+05
   6.7389223e+05
   6.7552863e+05
   6.7680200e+05
   6.7832672e+05
   6.7956005e+05
   6.8184723e+05
   6.8281398e+05
   6.8450594e+05
   6.8578536e+05
   6.8715092e+05
   6.8947089e+05
   6.9062483e+05
   6.9185781e+05
   6.9394864e+05
   6.9517027e+05
   6.9735083e+05
   6.9865722e+05
   7.0000780e+05
   7.0105027e+05
   7.0228102e+05
   7.0399475e+05
   7.0621560e+05
   7.0795868e+05
   7.0928657e+05
   7.1037333e+05
   7.1160686e+05
   7.1288979e+05
   7.1467397e+05
   7.1607760e+05
   7.1738717e+05
   7.1905890e+05
   7.2262390e+05
   7.2419176e+05
   7.2613092e+05
   7.2861677e+05
   7.3089775e+05
   7.3253473e+05
   7.3798970e+05
   7.4254020e+05
   7.4527947e+05
   7.4685999e+05
   7.4884029e+05
   7.5082814e+05
   7.5192123e+05
   7.5418606e+05
   7.5640246e+05
   7.5824315e+05
   7.6103695e+05
   7.6201816e+05
   7.6290217e+05
   7.6372402e+05
   7.6457073e+05
   7.6546257e+05
   7.6628393e+05
   7.6837798e+05
   7.7001712e+05
   7.7182900e+05
   7.7347497e+05
   7.7693322e+05
   7.7900886e+05
   8.2100003e+05
   8.2203346e+05
   8.2270605e+05
   8.2361838e+05
   8.2459820e+05
   8.2537768e+05
   8.2623068e+05
   8.2912555e+05
   8.3331686e+05
   8.3587043e+05
   8.3727598e+05
   8.8093060e+05
   8.8192887e+05
   8.8320026e+05
   8.8392290e+05
   8.8467033e+05
   8.8545898e+05
   8.8632323e+05
   8.8857028e+05
   8.9118008e+05
   8.9395215e+05
   8.9702368e+05
   8.9942940e+05
   9.4095248e+05
   9.4172954e+05
   9.4285541e+05
   9.4361061e+05
   9.4456053e+05
   9.4551050e+05
   9.4651884e+05
   9.4815847e+05
   9.4986426e+05
   9.5298005e+05
   9.5569242e+05
   9.5705404e+05
   9.5837472e+05
   9.5939121e+05
   1.0013232e+06
   1.0024483e+06
   1.0031305e+06
   1.0038846e+06
   1.0048287e+06
   1.0058511e+06
   1.0068576e+06
   1.0087617e+06
   1.0110248e+06
   1.0150147e+06
   1.0162376e+06
   1.0177877e+06
   1.0613509e+06
   1.0626365e+06
   1.0636070e+06
   1.0645580e+06
   1.0654744e+06
   1.0662421e+06
   1.0680806e+06
   1.0689696e+06
   1.0704823e+06
   1.0727116e+06
   1.0737768e+06
   1.0764128e+06
   1.0790994e+06
   1.1207923e+06
   1.1215678e+06
   1.1223731e+06
   1.1234805e+06
   1.1248746e+06
   1.1258953e+06
   1.1269995e+06
   1.1282859e+06
   1.1301099e+06
   1.1312321e+06
   1.1322669e+06
   1.1338085e+06
   1.1353084e+06
   1.1369550e+06
   1.1385539e+06
   1.1399984e+06
   1.1807250e+06
   1.1815767e+06
   1.1823300e+06
   1.1834343e+06
   1.1843325e+06
   1.1851263e+06
   1.1858832e+06
   1.1865398e+06
   1.1907479e+06
   1.1926570e+06
   1.1955293e+06
   1.1979760e+06
   1.2414180e+06
   1.2424102e+06
   1.2438823e+06
   1.2448427e+06
   1.2461261e+06
   1.2469139e+06
   1.2486364e+06
   1.2502865e+06
   1.2521586e+06
   1.2533148e+06
   1.2559461e+06
   1.2574436e+06
   1.2590765e+06
   1.3009665e+06
   1.3017254e+06
   1.3025588e+06
   1.3033786e+06
   1.3043454e+06
   1.3051476e+06
   1.3061783e+06
   1.3081910e+06
   1.3095767e+06
   1.3108934e+06
   1.3127263e+06
   1.3157793e+06
   1.3168718e+06
   1.3193238e+06
   1.3609244e+06
   1.3619794e+06
   1.3630051e+06
   1.3638717e+06
   1.3647749e+06
   1.3655683e+06
   1.3668068e+06
   1.3680204e+06
   1.3698429e+06
   1.3718086e+06
   1.3765389e+06
   1.3778187e+06
   1.3792958e+06
   1.4209107e+06
   1.4217956e+06
   1.4225626e+06
   1.4235337e+06
   1.4244316e+06
   1.4251528e+06
   1.4265784e+06
   1.4285085e+06
   1.4297956e+06
   1.4308995e+06
   1.4323116e+06
   1.4337132e+06
   1.4353664e+06
   1.4373386e+06
   1.4394817e+06
   1.4808390e+06
   1.4818534e+06
   1.4832501e+06
   1.4841213e+06
   1.4849864e+06
   1.4861608e+06
   1.4886330e+06
   1.4902263e+06
   1.4925415e+06
   1.4951508e+06
   1.4974029e+06
   1.4994734e+06
   1.5409784e+06
   1.5424363e+06
   1.5431563e+06
   1.5439484e+06
   1.5448445e+06
   1.5457146e+06
   1.5466130e+06
   1.5490702e+06
   1.5518042e+06
   1.5550594e+06
   1.5575723e+06
   1.6008686e+06
   1.6017887e+06
   1.6028274e+06
   1.6037066e+06
   1.6049410e+06
   1.6059953e+06
   1.6084466e+06
   1.6101103e+06
   1.6119078e+06
   1.6136365e+06
   1.6158219e+06
   1.6174799e+06
   1.6606847e+06
   1.6616374e+06
   1.6627496e+06
   1.6637595e+06
   1.6645962e+06
   1.6653050e+06
   1.6661003e+06
   1.6686002e+06
   1.6700552e+06
   1.6713964e+06
   1.6727885e+06
   1.6769245e+06
   1.6788522e+06
   1.7210134e+06
   1.7218160e+06
   1.7231728e+06
   1.7239163e+06
   1.7246860e+06
   1.7256038e+06
   1.7267967e+06
   1.7290739e+06
   1.7311542e+06
   1.7325684e+06
   1.7356829e+06
   1.7369293e+06
   1.7389049e+06
   1.7809803e+06
   1.7817960e+06
   1.7825770e+06
   1.7832675e+06
   1.7844463e+06
   1.7863311e+06
   1.7897151e+06
   1.7910830e+06
   1.7923910e+06
   1.7938714e+06
   1.7959926e+06
   1.7972998e+06
   1.7991627e+06
   1.8413738e+06
   1.8423240e+06
   1.8432571e+06
   1.8440953e+06
   1.8485017e+06
   1.8497747e+06
   1.8512602e+06
   1.8553140e+06
   1.8579647e+06
   1.8593779e+06
   1.9012610e+06
   1.9021084e+06
   1.9029063e+06
   1.9038205e+06
   1.9050743e+06
   1.9059556e+06
   1.9087668e+06
   1.9101499e+06
   1.9118439e+06
   1.9139144e+06
   1.9152249e+06
   1.9165146e+06
   1.9179960e+06
   6.0449374e+04
   6.2003927e+04
   6.3155443e+04
   6.8056994e+04
   6.9937035e+04
   7.2057361e+04
   7.3292935e+04
   7.4896033e+04
   7.6070719e+04
   7.8329141e+04
   7.9992591e+04
   8.1133020e+04
   8.3294481e+04
   8.4521635e+04
   8.6067989e+04
   8.7816973e+04
   8.8903446e+04
   9.0236539e+04
   9.1292117e+04
   9.2646789e+04
   9.3803831e+04
   9.5973575e+04
   9.7257269e+04
   1.2066164e+05
   1.2208369e+05
   1.2293408e+05
   1.2419412e+05
   1.2713790e+05
   1.2856240e+05
   1.3013450e+05
   1.3184054e+05
   1.3322553e+05
   1.3453041e+05
   1.3630103e+05
   1.3771576e+05
   1.3902752e+05
   1.4093919e+05
   1.4229168e+05
   1.4392959e+05
   1.4505136e+05
   1.4657324e+05
   1.4753229e+05
   1.4875640e+05
   1.4984713e+05
   1.5142976e+05
   1.5233183e+05
   1.5367831e+05
   1.5527387e+05
   1.5643361e+05
   1.5771481e+05
   1.8064401e+05
   1.8234799e+05
   1.8452788e+05
   1.8584757e+05
   1.8811689e+05
   1.8986500e+05
   1.9109126e+05
   1.9206278e+05
   1.9364774e+05
   1.9496304e+05
   1.9758888e+05
   1.9873894e+05
   2.0160169e+05
   2.0282249e+05
   2.0406506e+05
   2.0513448e+05
   2.0704156e+05
   2.0794819e+05
   2.0959027e+05
   2.1112967e+05
   2.1214877e+05
   2.1355280e+05
   2.1511508e+05
   2.1644233e+05
   2.1797991e+05
   2.4016606e+05
   2.4102731e+05
   2.4303334e+05
   2.4421883e+05
   2.4553707e+05
   2.4632238e+05
   2.4786291e+05
   2.5378424e+05
   2.5482788e+05
   2.5694971e+05
   2.5905792e+05
   2.6022698e+05
   2.6151625e+05
   2.6285182e+05
   2.6431862e+05
   2.6535047e+05
   2.6684820e+05
   2.6836198e+05
   2.7059735e+05
   2.7158889e+05
   2.7330448e+05
   2.7493585e+05
   2.7597955e+05
   2.7717868e+05
   2.7835456e+05
   3.0031991e+05
   3.0176269e+05
   3.0348305e+05
   3.0432003e+05
   3.0532519e+05
   3.0712878e+05
   3.0830822e+05
   3.0950109e+05
   3.1181065e+05
   3.1338880e+05
   3.1493866e+05
   3.1702082e+05
   3.1876907e+05
   3.2012703e+05
   3.2139206e+05
   3.2401316e+05
   3.2570353e+05
   3.2713989e+05
   3.2834302e+05
   3.3135815e+05
   3.3311308e+05
   3.3446010e+05
   3.3583085e+05
   3.3703841e+05
   3.3826119e+05
   3.6111617e+05
   3.6253565e+05
   3.6353157e+05
   3.6484351e+05
   3.6633147e+05
   3.6808277e+05
   3.7263676e+05
   3.7447293e+05
   3.7691269e+05
   3.7877426e+05
   3.8048574e+05
   3.8208673e+05
   3.8303129e+05
   3.8415940e+05
   3.8552353e+05
   3.8764526e+05
   3.8899494e+05
   3.9034361e+05
   3.9142948e+05
   3.9356073e+05
   3.9494221e+05
   3.9659806e+05
   3.9787709e+05
   3.9974662e+05
   4.2099376e+05
   4.2262643e+05
   4.2434591e+05
   4.2728318e+05
   4.2844900e+05
   4.2971710e+05
   4.3130756e+05
   4.3265908e+05
   4.3372396e+05
   4.3495299e+05
   4.3619239e+05
   4.3815641e+05
   4.3962077e+05
   4.4063472e+05
   4.4165331e+05
   4.4300907e+05
   4.4387865e+05
   4.4595277e+05
   4.4694583e+05
   4.4802952e+05
   4.4928137e+05
   4.5082241e+05
   4.5202152e+05
   4.5323602e+05
   4.5521927e+05
   4.5623414e+05
   4.5748065e+05
   4.5856657e+05
   4.8166314e+05
   4.8382009e+05
   4.8517371e+05
   4.8676664e+05
   4.8770844e+05
   4.8869216e+05
   4.8987127e+05
   4.9117720e+05
   4.9253613e+05
   4.9383198e+05
   4.9508088e+05
   4.9667416e+05
   4.9781548e+05
   4.9921349e+05
   5.0150108e+05
   5.0360658e+05
   5.0510660e+05
   5.0635918e+05
   5.0787196e+05
   5.0907539e+05
   5.1063436e+05
   5.1197761e+05
   5.1378767e+05
   5.1555743e+05
   5.1659282e+05
   5.1819097e+05
   5.1925954e+05
   5.4097491e+05
   5.4209391e+05
   5.4385867e+05
   5.4594197e+05
   5.4768926e+05
   5.4873693e+05
   5.5038555e+05
   5.5182515e+05
   5.5286993e+05
   5.5418270e+05
   5.5527035e+05
   5.5739884e+05
   5.5890716e+05
   5.6044621e+05
   5.6170671e+05
   5.6282954e+05
   5.6398109e+05
   5.6616373e+05
   5.6751965e+05
   5.6904122e+05
   5.7021290e+05
   5.7122988e+05
   5.7216509e+05
   5.7314817e+05
   5.7466773e+05
   5.7601493e+05
   5.7697717e+05
   5.7869148e+05
   7.8310859e+05
   7.8546753e+05
   7.8813340e+05
   7.8956386e+05
   7.9092883e+05
   7.9353708e+05
   7.9659448e+05
   7.9933804e+05
   8.0222479e+05
   8.0500886e+05
   8.0626604e+05
   8.0807696e+05
   8.0947215e+05
   8.1162394e+05
   8.1439414e+05
   8.1695898e+05
   8.1846745e+05
   8.1969993e+05
   8.4140497e+05
   8.4293343e+05
   8.4557680e+05
   8.4713019e+05
   8.4934548e+05
   8.5083535e+05
   8.5198184e+05
   8.5360677e+05
   8.5558155e+05
   8.5798214e+05
   8.5965091e+05
   8.6083471e+05
   8.6317516e+05
   8.6472241e+05
   8.6701202e+05
   8.6920884e+05
   8.7119363e+05
   8.7336337e+05
   8.7455467e+05
   8.7587916e+05
   8.7801023e+05
   9.0186894e+05
   9.0408633e+05
   9.0625643e+05
   9.0868667e+05
   9.1598874e+05
   9.2345094e+05
   9.2507177e+05
   9.2728169e+05
   9.2864811e+05
   9.3056809e+05
   9.3314837e+05
   9.3451791e+05
   9.3705169e+05
   9.3891176e+05
   9.6140245e+05
   9.6344985e+05
   9.6707819e+05
   9.6872692e+05
   9.7053807e+05
   9.7250191e+05
   9.7692669e+05
   9.7956311e+05
   9.8181390e+05
   9.8488429e+05
   9.8714013e+05
   9.8904336e+05
   9.9284932e+05
   9.9409271e+05
   9.9619826e+05
   1.0237645e+06
   1.0260086e+06
   1.0292501e+06
   1.0314444e+06
   1.0340421e+06
   1.0354670e+06
   1.0381114e+06
   1.0403495e+06
   1.0418606e+06
   1.0435519e+06
   1.0468584e+06
   1.0485239e+06
   1.0591626e+06
   1.0815750e+06
   1.0833648e+06
   1.0932348e+06
   1.0953143e+06
   1.0971031e+06
   1.1000664e+06
   1.1022469e+06
   1.1055998e+06
   1.1067244e+06
   1.1087163e+06
   1.1103543e+06
   1.1119794e+06
   1.1145787e+06
   1.1176399e+06
   1.1429444e+06
   1.1450627e+06
   1.1468341e+06
   1.1480604e+06
   1.1496259e+06
   1.1512787e+06
   1.1549895e+06
   1.1573136e+06
   1.1596140e+06
   1.1615424e+06
   1.1644356e+06
   1.1655911e+06
   1.1668465e+06
   1.1682656e+06
   1.1701693e+06
   1.1727831e+06
   1.1743766e+06
   1.1771530e+06
   1.1794570e+06
   1.2013768e+06
   1.2036284e+06
   1.2049997e+06
   1.2267428e+06
   1.2299940e+06
   1.2316237e+06
   1.2331621e+06
   1.2361461e+06
   1.2378918e+06
   1.2397128e+06
   1.2622591e+06
   1.2660780e+06
   1.2670384e+06
   1.2686226e+06
   1.2702957e+06
   1.2719843e+06
   1.2732477e+06
   1.2764056e+06
   1.2780520e+06
   1.2807140e+06
   1.2823476e+06
   1.2836645e+06
   1.2873449e+06
   1.2891944e+06
   1.2924714e+06
   1.2943270e+06
   1.2964310e+06
   1.2985184e+06
   1.3213524e+06
   1.3231757e+06
   1.3254407e+06
   1.3266566e+06
   1.3290745e+06
   1.3306584e+06
   1.3321107e+06
   1.3340358e+06
   1.3358772e+06
   1.3382938e+06
   1.3410840e+06
   1.3425932e+06
   1.3438441e+06
   1.3452118e+06
   1.3465286e+06
   1.3500144e+06
   1.3509732e+06
   1.3549826e+06
   1.3568205e+06
   1.3593200e+06
   1.3849783e+06
   1.3961554e+06
   1.3976283e+06
   1.3995477e+06
   1.4012046e+06
   1.4031853e+06
   1.4053789e+06
   1.4076864e+06
   1.4124863e+06
   1.4137611e+06
   1.4180869e+06
   1.4422343e+06
   1.4451949e+06
   1.4473995e+06
   1.4489942e+06
   1.4500713e+06
   1.4512321e+06
   1.4542784e+06
   1.4554767e+06
   1.4570329e+06
   1.4582297e+06
   1.4595728e+06
   1.4778252e+06
   1.5011327e+06
   1.5025268e+06
   1.5041542e+06
   1.5058047e+06
   1.5075526e+06
   1.5088414e+06
   1.5097487e+06
   1.5112270e+06
   1.5130609e+06
   1.5165002e+06
   1.5178160e+06
   1.5212687e+06
   1.5229177e+06
   1.5262277e+06
   1.5283397e+06
   1.5304037e+06
   1.5320011e+06
   1.5353858e+06
   1.5381222e+06
   1.5399155e+06
   1.5612400e+06
   1.5630991e+06
   1.5663053e+06
   1.5679379e+06
   1.5703619e+06
   1.5720720e+06
   1.5744459e+06
   1.5773872e+06
   1.5810237e+06
   1.5832140e+06
   1.5846003e+06
   1.5859859e+06
   1.5873098e+06
   1.5896175e+06
   1.5906034e+06
   1.5932366e+06
   1.5957891e+06
   1.5974841e+06
   1.5989936e+06
   1.6228753e+06
   1.6240181e+06
   1.6274029e+06
   1.6291640e+06
   1.6316809e+06
   1.6337243e+06
   1.6347290e+06
   1.6357393e+06
   1.6374412e+06
   1.6414207e+06
   1.6438505e+06
   1.6460586e+06
   1.6492351e+06
   1.6515492e+06
   1.6535528e+06
   1.6567141e+06
   1.6585017e+06
   1.6816915e+06
   1.6830432e+06
   1.6843751e+06
   1.6865532e+06
   1.6888438e+06
   1.6901043e+06
   1.6946625e+06
   1.6967836e+06
   1.7009852e+06
   1.7040786e+06
   1.7073135e+06
   1.7086150e+06
   1.7106161e+06
   1.7120852e+06
   1.7142231e+06
   1.7191587e+06
   1.7418640e+06
   1.7440252e+06
   1.7465682e+06
   1.7488966e+06
   1.7518728e+06
   1.7531765e+06
   1.7544264e+06
   1.7608517e+06
   1.7619822e+06
   1.7688847e+06
   1.7701603e+06
   1.7759832e+06
   1.7793369e+06
   1.8019044e+06
   1.8038244e+06
   1.8057680e+06
   1.8082131e+06
   1.8105839e+06
   1.8125186e+06
   1.8142449e+06
   1.8189680e+06
   1.8206692e+06
   1.8224113e+06
   1.8242148e+06
   1.8274936e+06
   1.8293253e+06
   1.8314909e+06
   1.8338224e+06
   1.8348810e+06
   1.8384380e+06
   1.8621794e+06
   1.8660014e+06
   1.8701607e+06
   1.8724485e+06
   1.8740941e+06
   1.8766229e+06
   1.8779801e+06
   1.8790771e+06
   1.8952389e+06
   1.8976176e+06
   1.8993312e+06
   3.5923923e+05
   3.5961127e+05
   3.5980690e+05
   4.1934352e+05
   4.1959049e+05
   4.1977796e+05
   4.7931426e+05
   4.7943150e+05
   4.7971010e+05
   4.7989621e+05
   5.3918207e+05
   5.3933427e+05
   5.3953566e+05
   5.3977531e+05
   5.3993885e+05
   5.9914420e+05
   5.9954492e+05
   5.9979422e+05
   1.8928826e+06
   1.8942390e+06
   1.8961736e+06
   1.8995111e+06
   3.5926419e+05
   3.5969880e+05
   3.5993653e+05
   4.1929970e+05
   4.1953891e+05
   4.7910097e+05
   4.7925317e+05
   4.7961356e+05
   4.7975688e+05
   5.3925883e+05
   5.3935921e+05
   5.3956794e+05
   5.3991441e+05
   5.9912800e+05
   5.9953181e+05
   5.9968573e+05
   5.9986410e+05
