   1.0659462e+03
   1.3578756e+03
   2.9181410e+03
   3.2156176e+03
   3.7341318e+03
   4.4393757e+03
   4.7598398e+03
   5.1808724e+03
   7.1047993e+03
   7.3404397e+03
   7.9867659e+03
   9.4359362e+03
   1.0034155e+04
   1.1578929e+04
   1.2422290e+04
   1.8874385e+04
   1.9416692e+04
   1.9919261e+04
   2.0088516e+04
   2.0767475e+04
   2.2582661e+04
   2.3539589e+04
   2.4951997e+04
   2.5691978e+04
   2.7610223e+04
   3.3152955e+04
   3.4302335e+04
   3.9114185e+04
   4.0306079e+04
   4.0505829e+04
   4.0692143e+04
   4.0860246e+04
   4.1030006e+04
   4.1167540e+04
   4.1337678e+04
   4.1458344e+04
   4.1719962e+04
   4.1924061e+04
   4.2062559e+04
   4.2205638e+04
   4.2338098e+04
   4.2493588e+04
   4.2656090e+04
   4.2838288e+04
   4.3008852e+04
   4.3148139e+04
   4.3310091e+04
   4.3417787e+04
   4.3604207e+04
   4.3812841e+04
   4.4010297e+04
   4.4180540e+04
   4.4301229e+04
   4.4458130e+04
   4.4683387e+04
   4.4805960e+04
   4.4937848e+04
   4.5060397e+04
   4.5230867e+04
   4.5461895e+04
   4.5613665e+04
   4.5878849e+04
   4.6064578e+04
   4.6304589e+04
   4.6546008e+04
   4.6706293e+04
   4.6911267e+04
   4.7350235e+04
   4.7686210e+04
   4.8170743e+04
   4.8466292e+04
   4.8966324e+04
   4.9292011e+04
   4.9784728e+04
   5.0339069e+04
   5.0601255e+04
   5.0785885e+04
   5.1067373e+04
   5.1293179e+04
   5.1598672e+04
   5.2295908e+04
   5.2766267e+04
   5.3054932e+04
   5.3294637e+04
   5.3815252e+04
   5.4830999e+04
   5.5072686e+04
   5.5563996e+04
   5.5873298e+04
   5.6069929e+04
   5.6272565e+04
   5.6472998e+04
   5.6728368e+04
   5.7032807e+04
   5.7724387e+04
   5.8301512e+04
   5.8588629e+04
   5.8785283e+04
   5.9072837e+04
   5.9489082e+04
   5.9647136e+04
   5.9933631e+04
   6.0768379e+04
   6.1975755e+04
   6.2461191e+04
   6.3495024e+04
   6.4315942e+04
   6.5051175e+04
   6.5602595e+04
   7.1268553e+04
   7.1673317e+04
   7.1993582e+04
   7.2353618e+04
   7.6691699e+04
   7.7464412e+04
   7.7727219e+04
   7.8085706e+04
   8.6442693e+04
   1.0014272e+05
   1.0026174e+05
   1.0040754e+05
   1.0054056e+05
   1.0067611e+05
   1.0078814e+05
   1.0089868e+05
   1.0106583e+05
   1.0119662e+05
   1.0135263e+05
   1.0147016e+05
   1.0159326e+05
   1.0171905e+05
   1.0184254e+05
   1.0197180e+05
   1.0210536e+05
   1.0222065e+05
   1.0234765e+05
   1.0246357e+05
   1.0259916e+05
   1.0272684e+05
   1.0293137e+05
   1.0309193e+05
   1.0319773e+05
   1.0331949e+05
   1.0343657e+05
   1.0363424e+05
   1.0376600e+05
   1.0390660e+05
   1.0407362e+05
   1.0422679e+05
   1.0436383e+05
   1.0445497e+05
   1.0456139e+05
   1.0470408e+05
   1.0483006e+05
   1.0492666e+05
   1.0508903e+05
   1.0527858e+05
   1.0544897e+05
   1.0565539e+05
   1.0578766e+05
   1.0589996e+05
   1.0602407e+05
   1.0616290e+05
   1.0629980e+05
   1.0640448e+05
   1.0652814e+05
   1.0671689e+05
   1.0683713e+05
   1.0694964e+05
   1.0721279e+05
   1.0742969e+05
   1.0756482e+05
   1.0771003e+05
   1.0792638e+05
   1.0806853e+05
   1.0818818e+05
   1.0839195e+05
   1.0852985e+05
   1.0862804e+05
   1.0882211e+05
   1.0894508e+05
   1.0912816e+05
   1.0927002e+05
   1.0938902e+05
   1.0959691e+05
   1.0982607e+05
   1.0995849e+05
   1.1013938e+05
   1.1026186e+05
   1.1042293e+05
   1.1055031e+05
   1.1067193e+05
   1.1087678e+05
   1.1103445e+05
   1.1118291e+05
   1.1132173e+05
   1.1147807e+05
   1.1161045e+05
   1.1172589e+05
   1.1185812e+05
   1.1196734e+05
   1.1212613e+05
   1.1223748e+05
   1.1237188e+05
   1.1252223e+05
   1.1270405e+05
   1.1283287e+05
   1.1294678e+05
   1.1311848e+05
   1.1326994e+05
   1.1337958e+05
   1.1349796e+05
   1.1363367e+05
   1.1386054e+05
   1.1398679e+05
   1.1431095e+05
   1.1453612e+05
   1.1472409e+05
   1.1488714e+05
   1.1507573e+05
   1.1529029e+05
   1.1547955e+05
   1.1568508e+05
   1.1583967e+05
   1.1605645e+05
   1.1636063e+05
   1.1650748e+05
   1.1680283e+05
   1.1698747e+05
   1.1729136e+05
   1.1746568e+05
   1.1762766e+05
   1.1784733e+05
   1.1804071e+05
   1.1881507e+05
   1.1938804e+05
   1.1960434e+05
   1.1981121e+05
   1.2047627e+05
   1.2131553e+05
   1.2182375e+05
   1.2223695e+05
   1.2316054e+05
   1.4703726e+05
   1.4770639e+05
   1.4890158e+05
   1.4915583e+05
   1.5014869e+05
   1.5048503e+05
   1.5101591e+05
   1.5147057e+05
   1.5233372e+05
   1.5427668e+05
   1.5453492e+05
   1.5493927e+05
   1.5597816e+05
   1.5627320e+05
   1.5673459e+05
   1.5728594e+05
   1.5775190e+05
   1.5825997e+05
   1.5847257e+05
   1.5878795e+05
   1.5925399e+05
   1.5957916e+05
   1.5990545e+05
   1.6020032e+05
   1.6035721e+05
   1.6057021e+05
   1.6072435e+05
   1.6088182e+05
   1.6141226e+05
   1.6192814e+05
   1.6212930e+05
   1.6230414e+05
   1.6251395e+05
   1.6272075e+05
   1.6312130e+05
   1.6329734e+05
   1.6376321e+05
   1.6401760e+05
   1.6427946e+05
   1.6454811e+05
   1.6472968e+05
   1.6488678e+05
   1.6512824e+05
   1.6531262e+05
   1.6554683e+05
   1.6570950e+05
   1.6589385e+05
   1.6612851e+05
   1.6638082e+05
   1.6653317e+05
   1.6678042e+05
   1.6692842e+05
   1.6764511e+05
   1.6821433e+05
   1.6862817e+05
   1.6952927e+05
   1.6987937e+05
   1.7013482e+05
   1.7040772e+05
   1.7076793e+05
   1.7097992e+05
   1.7139696e+05
   1.7159501e+05
   1.7185507e+05
   1.7207459e+05
   1.7245290e+05
   1.7282753e+05
   1.7330663e+05
   1.7363734e+05
   1.7387281e+05
   1.7446937e+05
   1.7456747e+05
   1.7470391e+05
   1.7485311e+05
   1.7504142e+05
   1.7520517e+05
   1.7535100e+05
   1.7547774e+05
   1.7562798e+05
   1.7576290e+05
   1.7586637e+05
   1.7602365e+05
   1.7616314e+05
   1.7632120e+05
   1.7644026e+05
   1.7657748e+05
   1.7672623e+05
   1.7687277e+05
   1.7700655e+05
   1.7713012e+05
   1.7726515e+05
   1.7743384e+05
   1.7759816e+05
   1.7780081e+05
   1.7797050e+05
   1.7812002e+05
   1.7821343e+05
   1.7838102e+05
   1.7852656e+05
   1.7864208e+05
   1.7876164e+05
   1.7887174e+05
   1.7900036e+05
   1.7914429e+05
   1.7927306e+05
   1.7945751e+05
   1.7963972e+05
   1.7974844e+05
   1.7989266e+05
   1.8052851e+05
   1.8083918e+05
   1.8106421e+05
   1.8129320e+05
   1.8160697e+05
   1.8286364e+05
   1.8418678e+05
   1.8453690e+05
   1.8476916e+05
   1.8546038e+05
   1.8616768e+05
   1.8670270e+05
   1.8712430e+05
   1.8908669e+05
   1.8936078e+05
   1.8976098e+05
   1.9268797e+05
   1.9311319e+05
   1.9335405e+05
   1.9390130e+05
   1.9421221e+05
   1.9457342e+05
   1.9907403e+05
   1.9955796e+05
   1.9986526e+05
   2.0027465e+05
   2.0058078e+05
   2.0100652e+05
   2.0539747e+05
   2.0598469e+05
   2.0715075e+05
   2.0807817e+05
   2.0844155e+05
   2.0874633e+05
   2.0996203e+05
   2.1035687e+05
   2.1068707e+05
   2.1119821e+05
   2.1277301e+05
   2.1347591e+05
   2.1369524e+05
   2.1429443e+05
   2.1475382e+05
   2.1577044e+05
   2.1676625e+05
   2.1720735e+05
   2.1764783e+05
   2.1819383e+05
   2.2024054e+05
   2.2181183e+05
   2.2208296e+05
   2.2235540e+05
   2.2257947e+05
   2.2282108e+05
   2.2297951e+05
   2.2324102e+05
   2.2349107e+05
   2.2390598e+05
   2.2434056e+05
   2.2476593e+05
   2.2492272e+05
   2.2516722e+05
   2.2543004e+05
   2.2568637e+05
   2.2582754e+05
   2.2606078e+05
   2.2623547e+05
   2.2652645e+05
   2.2674972e+05
   2.2694490e+05
   2.2765572e+05
   2.2960386e+05
   2.2986803e+05
   2.3027378e+05
   2.3061818e+05
   2.3077804e+05
   2.3097125e+05
   2.3165082e+05
   2.3203996e+05
   2.3223799e+05
   2.3245871e+05
   2.3263502e+05
   2.3283756e+05
   2.3315981e+05
   2.3346034e+05
   2.3374231e+05
   2.3430071e+05
   2.3458068e+05
   2.3491438e+05
   2.3522931e+05
   2.3580844e+05
   2.3625936e+05
   2.3682347e+05
   2.3781841e+05
   2.3835763e+05
   2.3889670e+05
   2.3907626e+05
   2.3940904e+05
   2.3990082e+05
   2.4042978e+05
   2.4095826e+05
   2.8021954e+05
   2.8033679e+05
   2.8049914e+05
   2.8074994e+05
   2.8098916e+05
   2.8116184e+05
   2.8139800e+05
   2.8160634e+05
   2.8178815e+05
   2.8201795e+05
   2.8227492e+05
   2.8248793e+05
   2.8265171e+05
   2.8277102e+05
   2.8292760e+05
   2.8308851e+05
   2.8327215e+05
   2.8348472e+05
   2.8368310e+05
   2.8383532e+05
   2.8402541e+05
   2.8415519e+05
   2.8435192e+05
   2.8462373e+05
   2.8494344e+05
   2.8531410e+05
   2.8547616e+05
   2.8564878e+05
   2.8582168e+05
   2.8607764e+05
   2.8621678e+05
   2.8639369e+05
   2.8666860e+05
   2.8679759e+05
   2.8745853e+05
   2.8788243e+05
   2.8809365e+05
   2.8832527e+05
   2.8854219e+05
   2.8873838e+05
   2.8890720e+05
   2.8908110e+05
   2.8933444e+05
   2.8954310e+05
   2.9000077e+05
   2.9016037e+05
   2.9044269e+05
   2.9061678e+05
   2.9078141e+05
   2.9094487e+05
   2.9109910e+05
   2.9125507e+05
   2.9151573e+05
   2.9175948e+05
   2.9194012e+05
   2.9222348e+05
   2.9238952e+05
   2.9262554e+05
   2.9274712e+05
   2.9294563e+05
   2.9313975e+05
   2.9340154e+05
   2.9359855e+05
   2.9385294e+05
   2.9424972e+05
   2.9447654e+05
   2.9472622e+05
   2.9489585e+05
   2.9516693e+05
   2.9534424e+05
   2.9552446e+05
   2.9576684e+05
   2.9596847e+05
   2.9615615e+05
   2.9638694e+05
   2.9661259e+05
   2.9691153e+05
   2.9706025e+05
   2.9735351e+05
   2.9752006e+05
   2.9782795e+05
   2.9804186e+05
   2.9826465e+05
   2.9846234e+05
   2.9865992e+05
   2.9886315e+05
   2.9905238e+05
   2.9932049e+05
   2.9955586e+05
   3.0086691e+05
   3.0124512e+05
   3.0152384e+05
   3.0207023e+05
   3.0247542e+05
   3.0282888e+05
   3.0404932e+05
   3.0460615e+05
   3.0504875e+05
   3.0566353e+05
   3.0672748e+05
   3.0712576e+05
   3.0782090e+05
   3.0829357e+05
   3.0880729e+05
   3.0930952e+05
   3.0982230e+05
   3.1059319e+05
   3.1083284e+05
   3.1135838e+05
   3.1161769e+05
   3.1186612e+05
   3.1269523e+05
   3.1461650e+05
   3.1548314e+05
   3.1612982e+05
   3.1675661e+05
   3.1734535e+05
   3.1784342e+05
   3.1811308e+05
   3.1873307e+05
   3.1988133e+05
   3.2160721e+05
   3.2299885e+05
   3.2653172e+05
   3.2683173e+05
   3.2702494e+05
   3.2754343e+05
   3.3021126e+05
   3.3058811e+05
   3.3086924e+05
   3.3120538e+05
   3.3164069e+05
   3.3248833e+05
   3.3291221e+05
   3.3355106e+05
   3.3421566e+05
   3.3479843e+05
   3.3571976e+05
   3.3605326e+05
   3.3641360e+05
   3.3748982e+05
   3.3838699e+05
   3.3912962e+05
   3.3967377e+05
   3.4017290e+05
   3.4047501e+05
   3.4062931e+05
   3.4082975e+05
   3.4111842e+05
   3.4132333e+05
   3.4158277e+05
   3.4180363e+05
   3.4212759e+05
   3.4230489e+05
   3.4257889e+05
   3.4281641e+05
   3.4297970e+05
   3.4337635e+05
   3.4396262e+05
   3.4423729e+05
   3.4510552e+05
   3.4542454e+05
   3.4569469e+05
   3.4587168e+05
   3.4621983e+05
   3.4644750e+05
   3.4673110e+05
   3.4837372e+05
   3.4863934e+05
   3.4907539e+05
   3.4968531e+05
   3.5082759e+05
   3.5120764e+05
   3.5209486e+05
   3.5240726e+05
   3.5298179e+05
   3.5322320e+05
   3.5341627e+05
   3.5376653e+05
   3.5458295e+05
   3.5737975e+05
   3.5770162e+05
   3.5800370e+05
   3.6232739e+05
   3.6276588e+05
   3.6468305e+05
   3.6515327e+05
   3.6557956e+05
   3.6603780e+05
   3.6669451e+05
   3.6730078e+05
   3.6768610e+05
   3.6822329e+05
   3.6860305e+05
   3.6946084e+05
   3.6980055e+05
   3.7024905e+05
   3.7067698e+05
   3.7159144e+05
   3.7202353e+05
   3.7600753e+05
   3.7712924e+05
   3.7791041e+05
   3.8015490e+05
   3.8064334e+05
   3.8243042e+05
   3.8304605e+05
   3.8355558e+05
   3.8700268e+05
   3.8732690e+05
   3.8751906e+05
   3.8800434e+05
   3.8844890e+05
   3.8904666e+05
   3.8938135e+05
   3.9039783e+05
   3.9100637e+05
   3.9175082e+05
   3.9390549e+05
   3.9524796e+05
   3.9552614e+05
   3.9590079e+05
   3.9634012e+05
   3.9696603e+05
   3.9766329e+05
   3.9954117e+05
   3.9996776e+05
   4.0017279e+05
   4.0033392e+05
   4.0048505e+05
   4.0063379e+05
   4.0079593e+05
   4.0094525e+05
   4.0111018e+05
   4.0123864e+05
   4.0138137e+05
   4.0168904e+05
   4.0183701e+05
   4.0240840e+05
   4.0254835e+05
   4.0267269e+05
   4.0285152e+05
   4.0318921e+05
   4.0336653e+05
   4.0353752e+05
   4.0367991e+05
   4.0379445e+05
   4.0409501e+05
   4.0424278e+05
   4.0451503e+05
   4.0467933e+05
   4.0492347e+05
   4.0505480e+05
   4.0525452e+05
   4.0548840e+05
   4.0563438e+05
   4.0576141e+05
   4.0593188e+05
   4.0608499e+05
   4.0622078e+05
   4.0647874e+05
   4.0660598e+05
   4.0686087e+05
   4.0809256e+05
   4.0848165e+05
   4.0928960e+05
   4.0966655e+05
   4.1031360e+05
   4.1065488e+05
   4.1712873e+05
   4.2085913e+05
   4.2119113e+05
   4.2189654e+05
   4.2247509e+05
   4.3608701e+05
   4.3662848e+05
   4.3720979e+05
   4.3807422e+05
   4.3872370e+05
   4.3931758e+05
   4.4085595e+05
   4.4172548e+05
   4.4337909e+05
   4.4418601e+05
   4.4451258e+05
   4.4493945e+05
   4.4513978e+05
   4.4563534e+05
   4.4613214e+05
   4.4682493e+05
   4.4726261e+05
   4.4788775e+05
   4.4821143e+05
   4.4907989e+05
   4.5052998e+05
   4.5129522e+05
   4.5213872e+05
   4.5266177e+05
   4.5310596e+05
   4.5376561e+05
   4.5441463e+05
   4.5677974e+05
   4.5785076e+05
   4.5845767e+05
   4.5873040e+05
   4.5895081e+05
   4.5990056e+05
   4.6058544e+05
   4.6477775e+05
   4.6585748e+05
   4.6613640e+05
   4.6639868e+05
   4.6661914e+05
   4.6692531e+05
   4.6753920e+05
   4.6800961e+05
   4.6821881e+05
   4.6852970e+05
   4.6881754e+05
   4.6909326e+05
   4.6940558e+05
   4.6963667e+05
   4.6988650e+05
   4.7023362e+05
   4.7098388e+05
   4.7195500e+05
   4.7218727e+05
   4.7255906e+05
   4.7279616e+05
   4.7314075e+05
   4.7343007e+05
   4.7397112e+05
   4.7452585e+05
   4.7467623e+05
   4.7482928e+05
   4.7498676e+05
   4.7523504e+05
   4.7536351e+05
   4.7551383e+05
   4.7572420e+05
   4.7588953e+05
   4.7611406e+05
   4.7643490e+05
   4.7698987e+05
   4.7716057e+05
   4.7746395e+05
   4.7766661e+05
   4.7784625e+05
   4.7808533e+05
   4.7829622e+05
   4.7849746e+05
   4.7866981e+05
   4.7880873e+05
   4.7893565e+05
   4.7908300e+05
   4.7929857e+05
   4.7944390e+05
   4.7959824e+05
   4.7976202e+05
   4.7992993e+05
   4.8053972e+05
   4.8222223e+05
   4.8256696e+05
   4.8286904e+05
   4.8417468e+05
   4.8465153e+05
   4.8485845e+05
   4.8631839e+05
   4.9317441e+05
   4.9377374e+05
   4.9457658e+05
   4.9545748e+05
   5.1731193e+05
   5.1770677e+05
   5.1798689e+05
   5.1855325e+05
   5.1883959e+05
   5.2011099e+05
   5.2022906e+05
   5.2033396e+05
   5.2045004e+05
   5.2057078e+05
   5.2069882e+05
   5.2086634e+05
   5.2098053e+05
   5.2110428e+05
   5.2124353e+05
   5.2134768e+05
   5.2145181e+05
   5.2155734e+05
   5.2165807e+05
   5.2176209e+05
   5.2187090e+05
   5.2198591e+05
   5.2215114e+05
   5.2224842e+05
   5.2235865e+05
   5.2248373e+05
   5.2260280e+05
   5.2274987e+05
   5.2286548e+05
   5.2297737e+05
   5.2311255e+05
   5.2323945e+05
   5.2334532e+05
   5.2350854e+05
   5.2361901e+05
   5.2374706e+05
   5.2387658e+05
   5.2398083e+05
   5.2408398e+05
   5.2423389e+05
   5.2435686e+05
   5.2447768e+05
   5.2458834e+05
   5.2469374e+05
   5.2480209e+05
   5.2497280e+05
   5.2509866e+05
   5.2521350e+05
   5.2535513e+05
   5.2547382e+05
   5.2558730e+05
   5.2575661e+05
   5.2592445e+05
   5.2603489e+05
   5.2613851e+05
   5.2627132e+05
   5.2641292e+05
   5.2654958e+05
   5.2669390e+05
   5.2681544e+05
   5.2695031e+05
   5.2739631e+05
   5.2762199e+05
   5.2782168e+05
   5.2805571e+05
   5.2848492e+05
   5.2879592e+05
   5.2939387e+05
   5.2969010e+05
   5.2995313e+05
   5.3018176e+05
   5.3072086e+05
   5.3095135e+05
   5.3139891e+05
   5.3158694e+05
   5.3186265e+05
   5.3233946e+05
   5.3265327e+05
   5.3309367e+05
   5.3417433e+05
   5.3429419e+05
   5.3449317e+05
   5.3483622e+05
   5.3504690e+05
   5.3523118e+05
   5.3545239e+05
   5.3563508e+05
   5.3578125e+05
   5.3593624e+05
   5.3609312e+05
   5.3625908e+05
   5.3644155e+05
   5.3663901e+05
   5.3679975e+05
   5.3694384e+05
   5.3708898e+05
   5.3721354e+05
   5.3741808e+05
   5.3753304e+05
   5.3772348e+05
   5.3787937e+05
   5.3816097e+05
   5.3829228e+05
   5.3849651e+05
   5.3864815e+05
   5.3880451e+05
   5.3896230e+05
   5.3911732e+05
   5.3929244e+05
   5.3966232e+05
   5.3979909e+05
   5.4051111e+05
   5.4255195e+05
   5.5710859e+05
   5.5745751e+05
   5.5800698e+05
   5.5826238e+05
   5.6620160e+05
   5.6650505e+05
   5.6685052e+05
   5.8016988e+05
   5.8039713e+05
   5.8067205e+05
   5.8092056e+05
   5.8113209e+05
   5.8133673e+05
   5.8182207e+05
   5.8198172e+05
   5.8212330e+05
   5.8230587e+05
   5.8256777e+05
   5.8272086e+05
   5.8287426e+05
   5.8301319e+05
   5.8315383e+05
   5.8348226e+05
   5.8379367e+05
   5.8395504e+05
   5.8418872e+05
   5.8438542e+05
   5.8454517e+05
   5.8474194e+05
   5.8492804e+05
   5.8519517e+05
   5.8536765e+05
   5.8557409e+05
   5.8572128e+05
   5.8587101e+05
   5.8601069e+05
   5.8633924e+05
   5.8658478e+05
   5.8673840e+05
   5.8692600e+05
   5.8757996e+05
   5.8811482e+05
   5.8843270e+05
   5.9000074e+05
   5.9022747e+05
   5.9057218e+05
   5.9125991e+05
   5.9151122e+05
   5.9173068e+05
   5.9202886e+05
   5.9226311e+05
   5.9259373e+05
   5.9276355e+05
   5.9318889e+05
   5.9341976e+05
   5.9364461e+05
   5.9461600e+05
   5.9493613e+05
   5.9513685e+05
   5.9527714e+05
   5.9570643e+05
   5.9584754e+05
   5.9600732e+05
   5.9622310e+05
   5.9637209e+05
   5.9664030e+05
   5.9680761e+05
   5.9697055e+05
   5.9721967e+05
   5.9738220e+05
   5.9769918e+05
   5.9789514e+05
   5.9807307e+05
   5.9828479e+05
   5.9846718e+05
   5.9866908e+05
   5.9880742e+05
   5.9900627e+05
   5.9916078e+05
   5.9939842e+05
   5.9970125e+05
   5.9987710e+05
   6.0033327e+05
   6.0059239e+05
   6.0121579e+05
   6.0178007e+05
   6.0251692e+05
   6.0299813e+05
   6.0377547e+05
   6.0575475e+05
   6.0619649e+05
   6.0768331e+05
   6.1202943e+05
   6.1317195e+05
   6.1414733e+05
   6.1455916e+05
   6.1522764e+05
   6.1582418e+05
   6.1688508e+05
   6.1719523e+05
   6.1869262e+05
   6.1997803e+05
   6.3553671e+05
   6.3612766e+05
   6.3662586e+05
   6.3700337e+05
   6.3794781e+05
   6.3929242e+05
   6.3950618e+05
   6.3975899e+05
   6.4061463e+05
   6.4087189e+05
   6.4118877e+05
   6.4167780e+05
   6.4287261e+05
   6.4348936e+05
   6.4400141e+05
   6.4555932e+05
   6.4601176e+05
   6.4630466e+05
   6.4686228e+05
   6.4973059e+05
   6.5049902e+05
   6.5085311e+05
   6.5183273e+05
   6.5249413e+05
   6.5340659e+05
   6.5476583e+05
   6.5500789e+05
   6.5547050e+05
   6.5568356e+05
   6.5607197e+05
   6.5654432e+05
   6.5757989e+05
   6.5806213e+05
   6.5853056e+05
   6.6021570e+05
   6.6048217e+05
   6.6214184e+05
   6.6293731e+05
   6.6339525e+05
   6.6370263e+05
   6.6409717e+05
   6.6441241e+05
   6.6985367e+05
   6.7018683e+05
   6.7208139e+05
   6.7253676e+05
   6.7303493e+05
   6.7335991e+05
   6.7391185e+05
   6.7416217e+05
   6.7441273e+05
   6.7583817e+05
   6.7623354e+05
   6.7645769e+05
   7.2023021e+05
   7.2055744e+05
   7.2098187e+05
   7.2119112e+05
   7.2185130e+05
   7.2222054e+05
   7.2239185e+05
   7.2282818e+05
   7.2312705e+05
   7.4945031e+05
   7.5251563e+05
   7.5356421e+05
   7.5384136e+05
   7.5411134e+05
   7.5485561e+05
   7.5529922e+05
   7.5597174e+05
   7.5628319e+05
   7.5815774e+05
   7.5924829e+05
   7.5954927e+05
   7.6047680e+05
   7.6069885e+05
   7.6110114e+05
   7.6147968e+05
   7.6169944e+05
   7.6180896e+05
   7.6202963e+05
   7.6218011e+05
   7.6232839e+05
   7.6257920e+05
   7.6273093e+05
   7.6294285e+05
   7.6311321e+05
   7.6334927e+05
   7.6366495e+05
   7.6393582e+05
   7.6404538e+05
   7.6415750e+05
   7.6428446e+05
   7.6441627e+05
   7.6471403e+05
   7.6486094e+05
   7.6507489e+05
   7.6526348e+05
   7.6555303e+05
   7.6567779e+05
   7.6582809e+05
   7.6606129e+05
   7.6618174e+05
   7.6639190e+05
   7.6661772e+05
   7.6676786e+05
   7.6693578e+05
   7.6763683e+05
   7.6783948e+05
   7.6817256e+05
   7.6840748e+05
   7.7029729e+05
   7.7057966e+05
   7.7087093e+05
   7.7099306e+05
   7.7126994e+05
   7.7145662e+05
   7.7211906e+05
   7.7254126e+05
   7.7285044e+05
   7.7314684e+05
   7.7345088e+05
   7.7357443e+05
   7.7448682e+05
   7.7467422e+05
   7.7511965e+05
   7.7595333e+05
   7.7610115e+05
   7.7661275e+05
   7.7685042e+05
   7.7697803e+05
   7.7724193e+05
   7.7742198e+05
   7.7755655e+05
   7.7770216e+05
   7.7808492e+05
   7.7837843e+05
   7.7865280e+05
   7.7886882e+05
   7.7903237e+05
   7.7920203e+05
   7.7941435e+05
   7.7970560e+05
   7.7982508e+05
   7.7996633e+05
   7.8030237e+05
   7.8637532e+05
   7.8686057e+05
   7.8714889e+05
   7.8747044e+05
   7.8813665e+05
   7.8832217e+05
   7.8870143e+05
   7.9059619e+05
   7.9155309e+05
   7.9189331e+05
   7.9269553e+05
   7.9299945e+05
   7.9322647e+05
   7.9446620e+05
   7.9469711e+05
   7.9595034e+05
   7.9670870e+05
   7.9755423e+05
   7.9786336e+05
   7.9827965e+05
   7.9861560e+05
   7.9881422e+05
   7.9927840e+05
   7.9949037e+05
   7.9976756e+05
   7.9995138e+05
   8.0035288e+05
   8.0122598e+05
   8.0181161e+05
   8.0290004e+05
   8.0353437e+05
   8.0397401e+05
   8.0852307e+05
   8.0883592e+05
   8.1079780e+05
   8.1111285e+05
   8.1139452e+05
   8.1169277e+05
   8.1188382e+05
   8.1208681e+05
   8.1241940e+05
   8.1268846e+05
   8.1299278e+05
   8.1467448e+05
   8.1530003e+05
   8.1547047e+05
   8.1564400e+05
   8.1615958e+05
   8.1657982e+05
   8.1744342e+05
   8.1800843e+05
   8.1828336e+05
   8.1877856e+05
   8.1951202e+05
   8.1994195e+05
   8.2023162e+05
   8.2035694e+05
   8.2050298e+05
   8.2068492e+05
   8.2092709e+05
   8.2115810e+05
   8.2132783e+05
   8.2146526e+05
   8.2160705e+05
   8.2171582e+05
   8.2189298e+05
   8.2210976e+05
   8.2228527e+05
   8.2249165e+05
   8.2290515e+05
   8.2326466e+05
   8.2341959e+05
   8.2391179e+05
   8.2434743e+05
   8.2491941e+05
   8.2516054e+05
   8.2535481e+05
   8.2545979e+05
   8.2558797e+05
   8.2590937e+05
   8.2621952e+05
   8.2638372e+05
   8.2667761e+05
   8.2691610e+05
   8.2720341e+05
   8.2734346e+05
   8.2771623e+05
   8.2783192e+05
   8.2812861e+05
   8.2846407e+05
   8.2863810e+05
   8.2878203e+05
   8.2898786e+05
   8.2912677e+05
   8.2929748e+05
   8.2948866e+05
   8.2967826e+05
   8.2997853e+05
   8.3019493e+05
   8.3041353e+05
   8.3098718e+05
   8.3119046e+05
   8.3131120e+05
   8.3153690e+05
   8.3182859e+05
   8.3208312e+05
   8.3229377e+05
   8.3244657e+05
   8.3278310e+05
   8.3290206e+05
   8.3314438e+05
   8.3338431e+05
   8.3351082e+05
   8.3368944e+05
   8.3390507e+05
   8.3428218e+05
   8.3445694e+05
   8.3462177e+05
   8.3492238e+05
   8.3515529e+05
   8.3551731e+05
   8.3843938e+05
   8.3861181e+05
   8.3877475e+05
   8.3921167e+05
   8.3955752e+05
   8.4030845e+05
   8.4051116e+05
   8.4076018e+05
   8.4093863e+05
   8.4119145e+05
   8.4193381e+05
   8.4367409e+05
   8.4483093e+05
   8.4545158e+05
   8.4563950e+05
   8.4615433e+05
   8.4708369e+05
   8.4796148e+05
   8.5776201e+05
   8.5830741e+05
   8.5881686e+05
   8.5941200e+05
   8.5994847e+05
   8.6091866e+05
   8.6181964e+05
   8.6209293e+05
   8.6296201e+05
   8.6360333e+05
   8.6533069e+05
   8.6595569e+05
   8.8010470e+05
   8.8029300e+05
   8.8058445e+05
   8.8091160e+05
   8.8103472e+05
   8.8119115e+05
   8.8138103e+05
   8.8156564e+05
   8.8175192e+05
   8.8191612e+05
   8.8215641e+05
   8.8246524e+05
   8.8264285e+05
   8.8285259e+05
   8.8451509e+05
   8.8466121e+05
   8.8483650e+05
   8.8529591e+05
   8.8548861e+05
   8.8564793e+05
   8.8587718e+05
   8.8615773e+05
   8.8631396e+05
   8.8644445e+05
   8.8664768e+05
   8.8681508e+05
   8.8736012e+05
   8.8751904e+05
   8.8769411e+05
   8.8783849e+05
   8.8797408e+05
   8.8812158e+05
   8.8826370e+05
   8.8841722e+05
   8.8856968e+05
   8.8876165e+05
   8.8895907e+05
   8.8908571e+05
   8.8928325e+05
   8.8941078e+05
   8.8956241e+05
   8.9013865e+05
   8.9025546e+05
   8.9043553e+05
   8.9060216e+05
   8.9079568e+05
   8.9093123e+05
   8.9141597e+05
   8.9174498e+05
   8.9241678e+05
   8.9276278e+05
   8.9288090e+05
   8.9329465e+05
   8.9343310e+05
   8.9364755e+05
   8.9378612e+05
   8.9391090e+05
   8.9425873e+05
   8.9442529e+05
   8.9468729e+05
   8.9502157e+05
   8.9518585e+05
   8.9529009e+05
   8.9548670e+05
   8.9560916e+05
   8.9580292e+05
   8.9625455e+05
   8.9653723e+05
   8.9686647e+05
   8.9701708e+05
   8.9725836e+05
   8.9739545e+05
   8.9754254e+05
   8.9778063e+05
   8.9789245e+05
   8.9802216e+05
   8.9825150e+05
   8.9836564e+05
   8.9870556e+05
   8.9883926e+05
   8.9895108e+05
   8.9907139e+05
   8.9941195e+05
   8.9952089e+05
   8.9974791e+05
   8.9987744e+05
   9.0075788e+05
   9.0104059e+05
   9.0136579e+05
   9.0176241e+05
   9.0269066e+05
   9.0386265e+05
   9.0425173e+05
   9.0937254e+05
   9.0969466e+05
   9.1005107e+05
   9.1036447e+05
   9.1089331e+05
   9.1133366e+05
   9.1150619e+05
   9.1230214e+05
   9.1347702e+05
   9.1550371e+05
   9.1815888e+05
   9.1867590e+05
   9.1891985e+05
   9.2166871e+05
   9.2196938e+05
   9.2229966e+05
   9.2261189e+05
   9.2309031e+05
   9.2359635e+05
   9.2392145e+05
   9.2434482e+05
   9.2471605e+05
   9.2525380e+05
   9.2591152e+05
   9.2620576e+05
   9.2664053e+05
   9.2709309e+05
   9.2736801e+05
   9.4017780e+05
   9.4043519e+05
   9.4057132e+05
   9.4071144e+05
   9.4102043e+05
   9.4141227e+05
   9.4151193e+05
   9.4169795e+05
   9.4188427e+05
   9.4201930e+05
   9.4220958e+05
   9.4233487e+05
   9.4254587e+05
   9.4272216e+05
   9.4304576e+05
   9.4319484e+05
   9.4332928e+05
   9.4350791e+05
   9.4375901e+05
   9.4390503e+05
   9.4407003e+05
   9.4442662e+05
   9.4469619e+05
   9.4484405e+05
   9.4497542e+05
   9.4510795e+05
   9.4529210e+05
   9.4540470e+05
   9.4557874e+05
   9.4570556e+05
   9.4585091e+05
   9.4605475e+05
   9.4635394e+05
   9.4647174e+05
   9.4661041e+05
   9.4672199e+05
   9.4685954e+05
   9.4737472e+05
   9.4756612e+05
   9.4776875e+05
   9.4791859e+05
   9.4813848e+05
   9.4867494e+05
   9.4886823e+05
   9.4903297e+05
   9.4918964e+05
   9.4943794e+05
   9.4953508e+05
   9.4977897e+05
   9.4989648e+05
   9.5010021e+05
   9.5021242e+05
   9.5036767e+05
   9.5051023e+05
   9.5060208e+05
   9.5076626e+05
   9.5090936e+05
   9.5117106e+05
   9.5139903e+05
   9.5164182e+05
   9.5184799e+05
   9.5203808e+05
   9.5214925e+05
   9.5231073e+05
   9.5244792e+05
   9.5258342e+05
   9.5275615e+05
   9.5287651e+05
   9.5305101e+05
   9.5327232e+05
   9.5356904e+05
   9.5376239e+05
   9.5392840e+05
   9.5440560e+05
   9.5451051e+05
   9.5469180e+05
   9.5484679e+05
   9.5514977e+05
   9.5534280e+05
   9.5547770e+05
   9.5588011e+05
   9.5602270e+05
   9.5621847e+05
   9.5637237e+05
   9.5648104e+05
   9.5664733e+05
   9.5679929e+05
   9.5704288e+05
   9.5722115e+05
   9.5735166e+05
   9.5759072e+05
   9.5779999e+05
   9.5814752e+05
   9.5837519e+05
   9.5849675e+05
   9.5868227e+05
   9.5880686e+05
   9.5894639e+05
   9.5905012e+05
   9.5917972e+05
   9.5972481e+05
   9.6060596e+05
   9.6077454e+05
   9.6224304e+05
   9.6376182e+05
   9.6397525e+05
   9.6447671e+05
   9.6476087e+05
   9.6569936e+05
   9.6743337e+05
   9.6788042e+05
   9.6810101e+05
   9.6972437e+05
   9.6991079e+05
   9.7046101e+05
   9.7067414e+05
   9.7146484e+05
   9.7191098e+05
   9.7499342e+05
   9.7518370e+05
   9.7560718e+05
   9.7657305e+05
   9.7681573e+05
   9.7714028e+05
   9.8246004e+05
   9.8304683e+05
   9.8322656e+05
   9.8765302e+05
   9.8813332e+05
   9.8852400e+05
   9.8888959e+05
   9.8903761e+05
   9.8939418e+05
   9.8958349e+05
   9.8977614e+05
   9.9007672e+05
   9.9030891e+05
   9.9054137e+05
   9.9092706e+05
   9.9163931e+05
   9.9199012e+05
   9.9229084e+05
   9.9248797e+05
   9.9282308e+05
   9.9300794e+05
   9.9327203e+05
   9.9392894e+05
   9.9533943e+05
   9.9785725e+05
   9.9855314e+05
   9.9979995e+05
   1.0001248e+06
   1.0002664e+06
   1.0004175e+06
   1.0005367e+06
   1.0006409e+06
   1.0009540e+06
   1.0010883e+06
   1.0013003e+06
   1.0014235e+06
   1.0016530e+06
   1.0018087e+06
   1.0019090e+06
   1.0020364e+06
   1.0021630e+06
   1.0022553e+06
   1.0024913e+06
   1.0026826e+06
   1.0028149e+06
   1.0032638e+06
   1.0035176e+06
   1.0036720e+06
   1.0037669e+06
   1.0038989e+06
   1.0041983e+06
   1.0043402e+06
   1.0045639e+06
   1.0047229e+06
   1.0048804e+06
   1.0049673e+06
   1.0052242e+06
   1.0053161e+06
   1.0054640e+06
   1.0057576e+06
   1.0059677e+06
   1.0061034e+06
   1.0066547e+06
   1.0069113e+06
   1.0072211e+06
   1.0073256e+06
   1.0074792e+06
   1.0077457e+06
   1.0078373e+06
   1.0079905e+06
   1.0083687e+06
   1.0084916e+06
   1.0086535e+06
   1.0088377e+06
   1.0090055e+06
   1.0091076e+06
   1.0092969e+06
   1.0095435e+06
   1.0096748e+06
   1.0098256e+06
   1.0099925e+06
   1.0100975e+06
   1.0103054e+06
   1.0107661e+06
   1.0109158e+06
   1.0110753e+06
   1.0112003e+06
   1.0113911e+06
   1.0116367e+06
   1.0117474e+06
   1.0118788e+06
   1.0120783e+06
   1.0122031e+06
   1.0123174e+06
   1.0125261e+06
   1.0126712e+06
   1.0128143e+06
   1.0131759e+06
   1.0133586e+06
   1.0134744e+06
   1.0146260e+06
   1.0147877e+06
   1.0150242e+06
   1.0151255e+06
   1.0152542e+06
   1.0154461e+06
   1.0155532e+06
   1.0157545e+06
   1.0159121e+06
   1.0160308e+06
   1.0163161e+06
   1.0164311e+06
   1.0167139e+06
   1.0167930e+06
   1.0169798e+06
   1.0171489e+06
   1.0172388e+06
   1.0173443e+06
   1.0176268e+06
   1.0179068e+06
   1.0181014e+06
   1.0182727e+06
   1.0184718e+06
   1.0186054e+06
   1.0191060e+06
   1.0193369e+06
   1.0194767e+06
   1.0195855e+06
   1.0198199e+06
   1.0199760e+06
   1.0206237e+06
   1.0211877e+06
   1.0214778e+06
   1.0221260e+06
   1.0228649e+06
   1.0231507e+06
   1.0237237e+06
   1.0240928e+06
   1.0245203e+06
   1.0248868e+06
   1.0251050e+06
   1.0258288e+06
   1.0265744e+06
   1.0273734e+06
   1.0288163e+06
   1.0298479e+06
   1.0316302e+06
   1.0318525e+06
   1.0337570e+06
   1.0339905e+06
   1.0342946e+06
   1.0348633e+06
   1.0352557e+06
   1.0355099e+06
   1.0361623e+06
   1.0365475e+06
   1.0393010e+06
   1.0398551e+06
   1.0403489e+06
   1.0409253e+06
   1.0411947e+06
   1.0432339e+06
   1.0435284e+06
   1.0454692e+06
   1.0461300e+06
   1.0465661e+06
   1.0469127e+06
   1.0471310e+06
   1.0473621e+06
   1.0479087e+06
   1.0499452e+06
   1.0502679e+06
   1.0509740e+06
   1.0602036e+06
   1.0603284e+06
   1.0604603e+06
   1.0606175e+06
   1.0607686e+06
   1.0609339e+06
   1.0611889e+06
   1.0613246e+06
   1.0615446e+06
   1.0616774e+06
   1.0617961e+06
   1.0620162e+06
   1.0621309e+06
   1.0622884e+06
   1.0624011e+06
   1.0625883e+06
   1.0627294e+06
   1.0629556e+06
   1.0630717e+06
   1.0632171e+06
   1.0634097e+06
   1.0637146e+06
   1.0638257e+06
   1.0640357e+06
   1.0641976e+06
   1.0643321e+06
   1.0644778e+06
   1.0645700e+06
   1.0648120e+06
   1.0649365e+06
   1.0650570e+06
   1.0651862e+06
   1.0653422e+06
   1.0654482e+06
   1.0655514e+06
   1.0657939e+06
   1.0659269e+06
   1.0661234e+06
   1.0662246e+06
   1.0663327e+06
   1.0664448e+06
   1.0666023e+06
   1.0669531e+06
   1.0673443e+06
   1.0674438e+06
   1.0675652e+06
   1.0676797e+06
   1.0678405e+06
   1.0679944e+06
   1.0681192e+06
   1.0682388e+06
   1.0683838e+06
   1.0685384e+06
   1.0686326e+06
   1.0688839e+06
   1.0690605e+06
   1.0692261e+06
   1.0695759e+06
   1.0696944e+06
   1.0698038e+06
   1.0701324e+06
   1.0702670e+06
   1.0703971e+06
   1.0706470e+06
   1.0707857e+06
   1.0709126e+06
   1.0710237e+06
   1.0711111e+06
   1.0712497e+06
   1.0713972e+06
   1.0715252e+06
   1.0716276e+06
   1.0717451e+06
   1.0719325e+06
   1.0720556e+06
   1.0721871e+06
   1.0723888e+06
   1.0725417e+06
   1.0728084e+06
   1.0729248e+06
   1.0730590e+06
   1.0731621e+06
   1.0733753e+06
   1.0735827e+06
   1.0737084e+06
   1.0738516e+06
   1.0739975e+06
   1.0743575e+06
   1.0744913e+06
   1.0746008e+06
   1.0747083e+06
   1.0747989e+06
   1.0749673e+06
   1.0751082e+06
   1.0752468e+06
   1.0753968e+06
   1.0755197e+06
   1.0757693e+06
   1.0759384e+06
   1.0760764e+06
   1.0761876e+06
   1.0762980e+06
   1.0764688e+06
   1.0765723e+06
   1.0766992e+06
   1.0768658e+06
   1.0769606e+06
   1.0771896e+06
   1.0774163e+06
   1.0778297e+06
   1.0779459e+06
   1.0781171e+06
   1.0783956e+06
   1.0785790e+06
   1.0786727e+06
   1.0788206e+06
   1.0790068e+06
   1.0793329e+06
   1.0795009e+06
   1.0796562e+06
   1.0797993e+06
   1.0799018e+06
   1.0802133e+06
   1.0804692e+06
   1.0818988e+06
   1.0824876e+06
   1.0828235e+06
   1.0836596e+06
   1.0840331e+06
   1.0874129e+06
   1.0878419e+06
   1.0880851e+06
   1.0884012e+06
   1.0887111e+06
   1.0889569e+06
   1.0898563e+06
   1.0903159e+06
   1.0908775e+06
   1.0946711e+06
   1.0949829e+06
   1.0951166e+06
   1.0954972e+06
   1.0961896e+06
   1.0964196e+06
   1.0967375e+06
   1.0971602e+06
   1.0975082e+06
   1.0979477e+06
   1.0982492e+06
   1.0984635e+06
   1.0992296e+06
   1.0994435e+06
   1.0998683e+06
   1.1021757e+06
   1.1024036e+06
   1.1031008e+06
   1.1039341e+06
   1.1042274e+06
   1.1048513e+06
   1.1054550e+06
   1.1057833e+06
   1.1059603e+06
   1.1063475e+06
   1.1066545e+06
   1.1069769e+06
   1.1082093e+06
   1.1096519e+06
   1.1100678e+06
   1.1102932e+06
   1.1120170e+06
   1.1123539e+06
   1.1125176e+06
   1.1135648e+06
   1.1138286e+06
   1.1142223e+06
   1.1144359e+06
   1.1160676e+06
   1.1200953e+06
   1.1202112e+06
   1.1203711e+06
   1.1205591e+06
   1.1207210e+06
   1.1208358e+06
   1.1209631e+06
   1.1210745e+06
   1.1212008e+06
   1.1213250e+06
   1.1215020e+06
   1.1216289e+06
   1.1216937e+06
   1.1218216e+06
   1.1219846e+06
   1.1221275e+06
   1.1223404e+06
   1.1225266e+06
   1.1226190e+06
   1.1227305e+06
   1.1228164e+06
   1.1230448e+06
   1.1231824e+06
   1.1233177e+06
   1.1234185e+06
   1.1235262e+06
   1.1236871e+06
   1.1237995e+06
   1.1239360e+06
   1.1240784e+06
   1.1241902e+06
   1.1243325e+06
   1.1244618e+06
   1.1245541e+06
   1.1248418e+06
   1.1252398e+06
   1.1253885e+06
   1.1255221e+06
   1.1256391e+06
   1.1257165e+06
   1.1258557e+06
   1.1259625e+06
   1.1262014e+06
   1.1263899e+06
   1.1265406e+06
   1.1266780e+06
   1.1267910e+06
   1.1268946e+06
   1.1272304e+06
   1.1273386e+06
   1.1275201e+06
   1.1276582e+06
   1.1277914e+06
   1.1279178e+06
   1.1280262e+06
   1.1281594e+06
   1.1283092e+06
   1.1284135e+06
   1.1285350e+06
   1.1286698e+06
   1.1289245e+06
   1.1290425e+06
   1.1291903e+06
   1.1292953e+06
   1.1294417e+06
   1.1299086e+06
   1.1301058e+06
   1.1304565e+06
   1.1307019e+06
   1.1308236e+06
   1.1309909e+06
   1.1313013e+06
   1.1313913e+06
   1.1316315e+06
   1.1317497e+06
   1.1318630e+06
   1.1319839e+06
   1.1321039e+06
   1.1322990e+06
   1.1324145e+06
   1.1325777e+06
   1.1327407e+06
   1.1329408e+06
   1.1331176e+06
   1.1332407e+06
   1.1333824e+06
   1.1335152e+06
   1.1336364e+06
   1.1338407e+06
   1.1339615e+06
   1.1342084e+06
   1.1343284e+06
   1.1344187e+06
   1.1345190e+06
   1.1346677e+06
   1.1348044e+06
   1.1348982e+06
   1.1350762e+06
   1.1351838e+06
   1.1352669e+06
   1.1354083e+06
   1.1357162e+06
   1.1358719e+06
   1.1360171e+06
   1.1362845e+06
   1.1365387e+06
   1.1366450e+06
   1.1368299e+06
   1.1370375e+06
   1.1371952e+06
   1.1372959e+06
   1.1374226e+06
   1.1375400e+06
   1.1377321e+06
   1.1379537e+06
   1.1380836e+06
   1.1382000e+06
   1.1383958e+06
   1.1386747e+06
   1.1390682e+06
   1.1392301e+06
   1.1393682e+06
   1.1395077e+06
   1.1396487e+06
   1.1397637e+06
   1.1398962e+06
   1.1402758e+06
   1.1423056e+06
   1.1429307e+06
   1.1431689e+06
   1.1435103e+06
   1.1447711e+06
   1.1459300e+06
   1.1471636e+06
   1.1475312e+06
   1.1478259e+06
   1.1485951e+06
   1.1495126e+06
   1.1524389e+06
   1.1526513e+06
   1.1532879e+06
   1.1536256e+06
   1.1538516e+06
   1.1551318e+06
   1.1557172e+06
   1.1561391e+06
   1.1564312e+06
   1.1567921e+06
   1.1618213e+06
   1.1621707e+06
   1.1630889e+06
   1.1637063e+06
   1.1642708e+06
   1.1648633e+06
   1.1651376e+06
   1.1657339e+06
   1.1661103e+06
   1.1717076e+06
   1.1719276e+06
   1.1788029e+06
   1.1801577e+06
   1.1802955e+06
   1.1804365e+06
   1.1805210e+06
   1.1806130e+06
   1.1807164e+06
   1.1810136e+06
   1.1811077e+06
   1.1811942e+06
   1.1813138e+06
   1.1814446e+06
   1.1815652e+06
   1.1816832e+06
   1.1817901e+06
   1.1818876e+06
   1.1820899e+06
   1.1822282e+06
   1.1823445e+06
   1.1824448e+06
   1.1825756e+06
   1.1827250e+06
   1.1828648e+06
   1.1830454e+06
   1.1831700e+06
   1.1832982e+06
   1.1834518e+06
   1.1835338e+06
   1.1837006e+06
   1.1839143e+06
   1.1840613e+06
   1.1842246e+06
   1.1843375e+06
   1.1844494e+06
   1.1845543e+06
   1.1847125e+06
   1.1848923e+06
   1.1849871e+06
   1.1851689e+06
   1.1853831e+06
   1.1855031e+06
   1.1856488e+06
   1.1857454e+06
   1.1858717e+06
   1.1860766e+06
   1.1861964e+06
   1.1862891e+06
   1.1864379e+06
   1.1865549e+06
   1.1866738e+06
   1.1867721e+06
   1.1869822e+06
   1.1872583e+06
   1.1873706e+06
   1.1874980e+06
   1.1876603e+06
   1.1878197e+06
   1.1879096e+06
   1.1881843e+06
   1.1883246e+06
   1.1884252e+06
   1.1885397e+06
   1.1888446e+06
   1.1889566e+06
   1.1890608e+06
   1.1891552e+06
   1.1893125e+06
   1.1894279e+06
   1.1895632e+06
   1.1896456e+06
   1.1897969e+06
   1.1899007e+06
   1.1900780e+06
   1.1902214e+06
   1.1903301e+06
   1.1904558e+06
   1.1906148e+06
   1.1907506e+06
   1.1909372e+06
   1.1910836e+06
   1.1912842e+06
   1.1914422e+06
   1.1915525e+06
   1.1916911e+06
   1.1918097e+06
   1.1919376e+06
   1.1920334e+06
   1.1921284e+06
   1.1922900e+06
   1.1925497e+06
   1.1926545e+06
   1.1927482e+06
   1.1930128e+06
   1.1931362e+06
   1.1932394e+06
   1.1933786e+06
   1.1935731e+06
   1.1936933e+06
   1.1938740e+06
   1.1941487e+06
   1.1942601e+06
   1.1943727e+06
   1.1946629e+06
   1.1948605e+06
   1.1950710e+06
   1.1952887e+06
   1.1954603e+06
   1.1955572e+06
   1.1956976e+06
   1.1958813e+06
   1.1960142e+06
   1.1961640e+06
   1.1965588e+06
   1.1968114e+06
   1.1970198e+06
   1.1971483e+06
   1.1972757e+06
   1.1975225e+06
   1.1976586e+06
   1.1977589e+06
   1.1979214e+06
   1.1980413e+06
   1.1981880e+06
   1.1983509e+06
   1.1985239e+06
   1.1986713e+06
   1.1988319e+06
   1.1989930e+06
   1.1991483e+06
   1.1992798e+06
   1.1994173e+06
   1.1995455e+06
   1.1996713e+06
   1.1997780e+06
   1.1999354e+06
   1.2002378e+06
   1.2009377e+06
   1.2013150e+06
   1.2015898e+06
   1.2021553e+06
   1.2024436e+06
   1.2055024e+06
   1.2058541e+06
   1.2061694e+06
   1.2066442e+06
   1.2071719e+06
   1.2074820e+06
   1.2077032e+06
   1.2081704e+06
   1.2085184e+06
   1.2087023e+06
   1.2093454e+06
   1.2095076e+06
   1.2097692e+06
   1.2111471e+06
   1.2114629e+06
   1.2116874e+06
   1.2119196e+06
   1.2121777e+06
   1.2129061e+06
   1.2136539e+06
   1.2148986e+06
   1.2162381e+06
   1.2166725e+06
   1.2175311e+06
   1.2180397e+06
   1.2182181e+06
   1.2190151e+06
   1.2203388e+06
   1.2206716e+06
   1.2210079e+06
   1.2215456e+06
   1.2220620e+06
   1.2227789e+06
   1.2229627e+06
   1.2244877e+06
   1.2255807e+06
   1.2257722e+06
   1.2263301e+06
   1.2266220e+06
   1.2287661e+06
   1.2290905e+06
   1.2292590e+06
   1.2296507e+06
   1.2300674e+06
   1.2305786e+06
   1.2309680e+06
   1.2402772e+06
   1.2404250e+06
   1.2405517e+06
   1.2406450e+06
   1.2407728e+06
   1.2408955e+06
   1.2410206e+06
   1.2411350e+06
   1.2413164e+06
   1.2414752e+06
   1.2416101e+06
   1.2418365e+06
   1.2419590e+06
   1.2420702e+06
   1.2421734e+06
   1.2422869e+06
   1.2423723e+06
   1.2425197e+06
   1.2426424e+06
   1.2427440e+06
   1.2428650e+06
   1.2429831e+06
   1.2430663e+06
   1.2431556e+06
   1.2432450e+06
   1.2433612e+06
   1.2434583e+06
   1.2436207e+06
   1.2437141e+06
   1.2438149e+06
   1.2440483e+06
   1.2441624e+06
   1.2442776e+06
   1.2444048e+06
   1.2445763e+06
   1.2448231e+06
   1.2449249e+06
   1.2450431e+06
   1.2451721e+06
   1.2452843e+06
   1.2454525e+06
   1.2455477e+06
   1.2456381e+06
   1.2458212e+06
   1.2460675e+06
   1.2461854e+06
   1.2462993e+06
   1.2464436e+06
   1.2465511e+06
   1.2466867e+06
   1.2467968e+06
   1.2469954e+06
   1.2472099e+06
   1.2472870e+06
   1.2473994e+06
   1.2475316e+06
   1.2476640e+06
   1.2477798e+06
   1.2480905e+06
   1.2482503e+06
   1.2485510e+06
   1.2487097e+06
   1.2488463e+06
   1.2489511e+06
   1.2490509e+06
   1.2492198e+06
   1.2493692e+06
   1.2495464e+06
   1.2497452e+06
   1.2498446e+06
   1.2501057e+06
   1.2502106e+06
   1.2503544e+06
   1.2504515e+06
   1.2505488e+06
   1.2506624e+06
   1.2507954e+06
   1.2509004e+06
   1.2510214e+06
   1.2511410e+06
   1.2512625e+06
   1.2513800e+06
   1.2515698e+06
   1.2516691e+06
   1.2518006e+06
   1.2519071e+06
   1.2520193e+06
   1.2521313e+06
   1.2523098e+06
   1.2524118e+06
   1.2525236e+06
   1.2526322e+06
   1.2527738e+06
   1.2529271e+06
   1.2530717e+06
   1.2531713e+06
   1.2532497e+06
   1.2533364e+06
   1.2535583e+06
   1.2537131e+06
   1.2538365e+06
   1.2539066e+06
   1.2542280e+06
   1.2543237e+06
   1.2544553e+06
   1.2546427e+06
   1.2548174e+06
   1.2549640e+06
   1.2551091e+06
   1.2552712e+06
   1.2553728e+06
   1.2555439e+06
   1.2556301e+06
   1.2556967e+06
   1.2558169e+06
   1.2559314e+06
   1.2560894e+06
   1.2562038e+06
   1.2563203e+06
   1.2564497e+06
   1.2565383e+06
   1.2568101e+06
   1.2569192e+06
   1.2571087e+06
   1.2572332e+06
   1.2573626e+06
   1.2574821e+06
   1.2576671e+06
   1.2577871e+06
   1.2579383e+06
   1.2580632e+06
   1.2582136e+06
   1.2583304e+06
   1.2584989e+06
   1.2586134e+06
   1.2587270e+06
   1.2589110e+06
   1.2591839e+06
   1.2592939e+06
   1.2594112e+06
   1.2595046e+06
   1.2596227e+06
   1.2597054e+06
   1.2599074e+06
   1.2603471e+06
   1.2605968e+06
   1.2609216e+06
   1.2611942e+06
   1.2614064e+06
   1.2616682e+06
   1.2621768e+06
   1.2623616e+06
   1.2631912e+06
   1.2639592e+06
   1.2645033e+06
   1.2649242e+06
   1.2651282e+06
   1.2653098e+06
   1.2670501e+06
   1.2682163e+06
   1.2684902e+06
   1.2703536e+06
   1.2711583e+06
   1.2785557e+06
   1.2791060e+06
   1.2794856e+06
   1.2814100e+06
   1.2816587e+06
   1.2819199e+06
   1.2821872e+06
   1.2825285e+06
   1.2841308e+06
   1.2844353e+06
   1.2850519e+06
   1.2854427e+06
   1.2872286e+06
   1.2874294e+06
   1.2876640e+06
   1.2881245e+06
   1.2883270e+06
   1.2886374e+06
   1.2901461e+06
   1.2907870e+06
   1.2912921e+06
   1.2915245e+06
   1.2917625e+06
   1.2935714e+06
   1.3001245e+06
   1.3002518e+06
   1.3004823e+06
   1.3006605e+06
   1.3007819e+06
   1.3009010e+06
   1.3010449e+06
   1.3012919e+06
   1.3013705e+06
   1.3014977e+06
   1.3015919e+06
   1.3016793e+06
   1.3017906e+06
   1.3018946e+06
   1.3019883e+06
   1.3020814e+06
   1.3022974e+06
   1.3024107e+06
   1.3025138e+06
   1.3026141e+06
   1.3027354e+06
   1.3028717e+06
   1.3029695e+06
   1.3030598e+06
   1.3031579e+06
   1.3033050e+06
   1.3033753e+06
   1.3035421e+06
   1.3037013e+06
   1.3038538e+06
   1.3039883e+06
   1.3040815e+06
   1.3041946e+06
   1.3043463e+06
   1.3044838e+06
   1.3045848e+06
   1.3047501e+06
   1.3048817e+06
   1.3049593e+06
   1.3051782e+06
   1.3053103e+06
   1.3054224e+06
   1.3055117e+06
   1.3056418e+06
   1.3057742e+06
   1.3059118e+06
   1.3060799e+06
   1.3061712e+06
   1.3062848e+06
   1.3063868e+06
   1.3066021e+06
   1.3067321e+06
   1.3069071e+06
   1.3071287e+06
   1.3072422e+06
   1.3073873e+06
   1.3074850e+06
   1.3076190e+06
   1.3077220e+06
   1.3078431e+06
   1.3079531e+06
   1.3081052e+06
   1.3082235e+06
   1.3083446e+06
   1.3084435e+06
   1.3085606e+06
   1.3086856e+06
   1.3088375e+06
   1.3090378e+06
   1.3092370e+06
   1.3093437e+06
   1.3094622e+06
   1.3096131e+06
   1.3097165e+06
   1.3098131e+06
   1.3099169e+06
   1.3100471e+06
   1.3102242e+06
   1.3104271e+06
   1.3105362e+06
   1.3107618e+06
   1.3108728e+06
   1.3110621e+06
   1.3111497e+06
   1.3112874e+06
   1.3115436e+06
   1.3116685e+06
   1.3118957e+06
   1.3120226e+06
   1.3121374e+06
   1.3122590e+06
   1.3123835e+06
   1.3125295e+06
   1.3126864e+06
   1.3127943e+06
   1.3128848e+06
   1.3130899e+06
   1.3131991e+06
   1.3132967e+06
   1.3134532e+06
   1.3136629e+06
   1.3138020e+06
   1.3139204e+06
   1.3141548e+06
   1.3142511e+06
   1.3143733e+06
   1.3145233e+06
   1.3146831e+06
   1.3148270e+06
   1.3149562e+06
   1.3150776e+06
   1.3152676e+06
   1.3153760e+06
   1.3155146e+06
   1.3156859e+06
   1.3157816e+06
   1.3158890e+06
   1.3159984e+06
   1.3162258e+06
   1.3164136e+06
   1.3165114e+06
   1.3166969e+06
   1.3168231e+06
   1.3170397e+06
   1.3172072e+06
   1.3173314e+06
   1.3174834e+06
   1.3175849e+06
   1.3177555e+06
   1.3178618e+06
   1.3180243e+06
   1.3181597e+06
   1.3183641e+06
   1.3184674e+06
   1.3185973e+06
   1.3187385e+06
   1.3188403e+06
   1.3189554e+06
   1.3191324e+06
   1.3192569e+06
   1.3194022e+06
   1.3195029e+06
   1.3196016e+06
   1.3197792e+06
   1.3199374e+06
   1.3203225e+06
   1.3221749e+06
   1.3234376e+06
   1.3243634e+06
   1.3251472e+06
   1.3253948e+06
   1.3261016e+06
   1.3264284e+06
   1.3267830e+06
   1.3271237e+06
   1.3278785e+06
   1.3281597e+06
   1.3294833e+06
   1.3297621e+06
   1.3301372e+06
   1.3305192e+06
   1.3308317e+06
   1.3310891e+06
   1.3313535e+06
   1.3316037e+06
   1.3319591e+06
   1.3324293e+06
   1.3334716e+06
   1.3342658e+06
   1.3344335e+06
   1.3350864e+06
   1.3353542e+06
   1.3358196e+06
   1.3360480e+06
   1.3362491e+06
   1.3366635e+06
   1.3374219e+06
   1.3377541e+06
   1.3381048e+06
   1.3389302e+06
   1.3394920e+06
   1.3398245e+06
   1.3404197e+06
   1.3413420e+06
   1.3419985e+06
   1.3424521e+06
   1.3425926e+06
   1.3430918e+06
   1.3434951e+06
   1.3442933e+06
   1.3453438e+06
   1.3515722e+06
   1.3517810e+06
   1.3520632e+06
   1.3525198e+06
   1.3529800e+06
   1.3535864e+06
   1.3541518e+06
   1.3556485e+06
   1.3559485e+06
   1.3564738e+06
   1.3568698e+06
   1.3578529e+06
   1.3585039e+06
   1.3589708e+06
   1.3593161e+06
   1.3601083e+06
   1.3602343e+06
   1.3603753e+06
   1.3604610e+06
   1.3605621e+06
   1.3606983e+06
   1.3608028e+06
   1.3609376e+06
   1.3610547e+06
   1.3611656e+06
   1.3612506e+06
   1.3613677e+06
   1.3615058e+06
   1.3615964e+06
   1.3616794e+06
   1.3617742e+06
   1.3618856e+06
   1.3619938e+06
   1.3621091e+06
   1.3623448e+06
   1.3624920e+06
   1.3625679e+06
   1.3626964e+06
   1.3628055e+06
   1.3629384e+06
   1.3630340e+06
   1.3631611e+06
   1.3633538e+06
   1.3634621e+06
   1.3636012e+06
   1.3637225e+06
   1.3638191e+06
   1.3639049e+06
   1.3640045e+06
   1.3640886e+06
   1.3642062e+06
   1.3643331e+06
   1.3644462e+06
   1.3645717e+06
   1.3646811e+06
   1.3647830e+06
   1.3648916e+06
   1.3650127e+06
   1.3651105e+06
   1.3652342e+06
   1.3653586e+06
   1.3655562e+06
   1.3656539e+06
   1.3657997e+06
   1.3659358e+06
   1.3660719e+06
   1.3662003e+06
   1.3662853e+06
   1.3665446e+06
   1.3666244e+06
   1.3667528e+06
   1.3669916e+06
   1.3671833e+06
   1.3672900e+06
   1.3673922e+06
   1.3676083e+06
   1.3677037e+06
   1.3678607e+06
   1.3679552e+06
   1.3680810e+06
   1.3681809e+06
   1.3682805e+06
   1.3683977e+06
   1.3685203e+06
   1.3686062e+06
   1.3687601e+06
   1.3688738e+06
   1.3689594e+06
   1.3690834e+06
   1.3692083e+06
   1.3693125e+06
   1.3694012e+06
   1.3695915e+06
   1.3696858e+06
   1.3698054e+06
   1.3698753e+06
   1.3699777e+06
   1.3700833e+06
   1.3701932e+06
   1.3702947e+06
   1.3704136e+06
   1.3705354e+06
   1.3706239e+06
   1.3707445e+06
   1.3708920e+06
   1.3709974e+06
   1.3710838e+06
   1.3711908e+06
   1.3712997e+06
   1.3714019e+06
   1.3717519e+06
   1.3718733e+06
   1.3720282e+06
   1.3722009e+06
   1.3723156e+06
   1.3724313e+06
   1.3725674e+06
   1.3726562e+06
   1.3727363e+06
   1.3728517e+06
   1.3729629e+06
   1.3730480e+06
   1.3732637e+06
   1.3733879e+06
   1.3735000e+06
   1.3737113e+06
   1.3737949e+06
   1.3738950e+06
   1.3741913e+06
   1.3743423e+06
   1.3744615e+06
   1.3745667e+06
   1.3748004e+06
   1.3749296e+06
   1.3750302e+06
   1.3751390e+06
   1.3752605e+06
   1.3753769e+06
   1.3754781e+06
   1.3755927e+06
   1.3756872e+06
   1.3757921e+06
   1.3758854e+06
   1.3759955e+06
   1.3761463e+06
   1.3762801e+06
   1.3764071e+06
   1.3765096e+06
   1.3766896e+06
   1.3767908e+06
   1.3768842e+06
   1.3769740e+06
   1.3770628e+06
   1.3772155e+06
   1.3773317e+06
   1.3775008e+06
   1.3776383e+06
   1.3777352e+06
   1.3778628e+06
   1.3779816e+06
   1.3780812e+06
   1.3781633e+06
   1.3782950e+06
   1.3784138e+06
   1.3785124e+06
   1.3787237e+06
   1.3788366e+06
   1.3789530e+06
   1.3790511e+06
   1.3791495e+06
   1.3792573e+06
   1.3794156e+06
   1.3795013e+06
   1.3796112e+06
   1.3796971e+06
   1.3797841e+06
   1.3798989e+06
   1.3856121e+06
   1.3929212e+06
   1.3942455e+06
   1.3969643e+06
   1.3972811e+06
   1.3976720e+06
   1.3989985e+06
   1.4013112e+06
   1.4015331e+06
   1.4017315e+06
   1.4043738e+06
   1.4049937e+06
   1.4059927e+06
   1.4067252e+06
   1.4108602e+06
   1.4112173e+06
   1.4117059e+06
   1.4124726e+06
   1.4128175e+06
   1.4137749e+06
   1.4141238e+06
   1.4147651e+06
   1.4155205e+06
   1.4162905e+06
   1.4193145e+06
   1.4196573e+06
   1.4199223e+06
   1.4201183e+06
   1.4202210e+06
   1.4203478e+06
   1.4204474e+06
   1.4205648e+06
   1.4206697e+06
   1.4208184e+06
   1.4209048e+06
   1.4209840e+06
   1.4210763e+06
   1.4212187e+06
   1.4213008e+06
   1.4214172e+06
   1.4215043e+06
   1.4216001e+06
   1.4217176e+06
   1.4218085e+06
   1.4219259e+06
   1.4220153e+06
   1.4221240e+06
   1.4222165e+06
   1.4223439e+06
   1.4224750e+06
   1.4225428e+06
   1.4226364e+06
   1.4227844e+06
   1.4229210e+06
   1.4230560e+06
   1.4231318e+06
   1.4232611e+06
   1.4233624e+06
   1.4234592e+06
   1.4235828e+06
   1.4236998e+06
   1.4237775e+06
   1.4239114e+06
   1.4239889e+06
   1.4240831e+06
   1.4242345e+06
   1.4243782e+06
   1.4244717e+06
   1.4245583e+06
   1.4246706e+06
   1.4247746e+06
   1.4248700e+06
   1.4249642e+06
   1.4250731e+06
   1.4252098e+06
   1.4253119e+06
   1.4254011e+06
   1.4255115e+06
   1.4256023e+06
   1.4256939e+06
   1.4257906e+06
   1.4258722e+06
   1.4260055e+06
   1.4261717e+06
   1.4262523e+06
   1.4263668e+06
   1.4264646e+06
   1.4265467e+06
   1.4266726e+06
   1.4267928e+06
   1.4268811e+06
   1.4269604e+06
   1.4271662e+06
   1.4272560e+06
   1.4273605e+06
   1.4274875e+06
   1.4276100e+06
   1.4277554e+06
   1.4278343e+06
   1.4279848e+06
   1.4281294e+06
   1.4282242e+06
   1.4283346e+06
   1.4284618e+06
   1.4286029e+06
   1.4287441e+06
   1.4288410e+06
   1.4289343e+06
   1.4290296e+06
   1.4291220e+06
   1.4292384e+06
   1.4293322e+06
   1.4294357e+06
   1.4295225e+06
   1.4296338e+06
   1.4298115e+06
   1.4299104e+06
   1.4300405e+06
   1.4301509e+06
   1.4302508e+06
   1.4303606e+06
   1.4304612e+06
   1.4305563e+06
   1.4306493e+06
   1.4307463e+06
   1.4308397e+06
   1.4309332e+06
   1.4310605e+06
   1.4311575e+06
   1.4312581e+06
   1.4313359e+06
   1.4314053e+06
   1.4315509e+06
   1.4316964e+06
   1.4318123e+06
   1.4319078e+06
   1.4320054e+06
   1.4321340e+06
   1.4322144e+06
   1.4323479e+06
   1.4324356e+06
   1.4325507e+06
   1.4326515e+06
   1.4327571e+06
   1.4328563e+06
   1.4329407e+06
   1.4330517e+06
   1.4332194e+06
   1.4333548e+06
   1.4334334e+06
   1.4335497e+06
   1.4336859e+06
   1.4338513e+06
   1.4339369e+06
   1.4341034e+06
   1.4342107e+06
   1.4342866e+06
   1.4344087e+06
   1.4344985e+06
   1.4346437e+06
   1.4347273e+06
   1.4348361e+06
   1.4349777e+06
   1.4350668e+06
   1.4351988e+06
   1.4353187e+06
   1.4354434e+06
   1.4355943e+06
   1.4357405e+06
   1.4359079e+06
   1.4360455e+06
   1.4361757e+06
   1.4362719e+06
   1.4363725e+06
   1.4364781e+06
   1.4365665e+06
   1.4366720e+06
   1.4368842e+06
   1.4370087e+06
   1.4371050e+06
   1.4372152e+06
   1.4373162e+06
   1.4374574e+06
   1.4375857e+06
   1.4376515e+06
   1.4377534e+06
   1.4378427e+06
   1.4379602e+06
   1.4380819e+06
   1.4382116e+06
   1.4383389e+06
   1.4384377e+06
   1.4385507e+06
   1.4386693e+06
   1.4388097e+06
   1.4389193e+06
   1.4389955e+06
   1.4391358e+06
   1.4392589e+06
   1.4393591e+06
   1.4394708e+06
   1.4395944e+06
   1.4396862e+06
   1.4397782e+06
   1.4398658e+06
   1.4399426e+06
   1.4404641e+06
   1.4409793e+06
   1.4479637e+06
   1.4481853e+06
   1.4483435e+06
   1.4487336e+06
   1.4490492e+06
   1.4492028e+06
   1.4497336e+06
   1.4501018e+06
   1.4506025e+06
   1.4509211e+06
   1.4559050e+06
   1.4561470e+06
   1.4568998e+06
   1.4658368e+06
   1.4661719e+06
   1.4708067e+06
   1.4717964e+06
   1.4720311e+06
   1.4722794e+06
   1.4725015e+06
   1.4733619e+06
   1.4736449e+06
   1.4754214e+06
   1.4759131e+06
   1.4801273e+06
   1.4802236e+06
   1.4803123e+06
   1.4804997e+06
   1.4805918e+06
   1.4806958e+06
   1.4808100e+06
   1.4809067e+06
   1.4810133e+06
   1.4810871e+06
   1.4811688e+06
   1.4812817e+06
   1.4813923e+06
   1.4815075e+06
   1.4816203e+06
   1.4817027e+06
   1.4817932e+06
   1.4818869e+06
   1.4819804e+06
   1.4820971e+06
   1.4822157e+06
   1.4823226e+06
   1.4824892e+06
   1.4825524e+06
   1.4826459e+06
   1.4827336e+06
   1.4828458e+06
   1.4829594e+06
   1.4830867e+06
   1.4832005e+06
   1.4833130e+06
   1.4834197e+06
   1.4835298e+06
   1.4836150e+06
   1.4836913e+06
   1.4837771e+06
   1.4838606e+06
   1.4840059e+06
   1.4840906e+06
   1.4841801e+06
   1.4842681e+06
   1.4843922e+06
   1.4844867e+06
   1.4845689e+06
   1.4846738e+06
   1.4847530e+06
   1.4848562e+06
   1.4849651e+06
   1.4850660e+06
   1.4851530e+06
   1.4852736e+06
   1.4854194e+06
   1.4855036e+06
   1.4856023e+06
   1.4857152e+06
   1.4858040e+06
   1.4858769e+06
   1.4859707e+06
   1.4860475e+06
   1.4861369e+06
   1.4863244e+06
   1.4864245e+06
   1.4865395e+06
   1.4866617e+06
   1.4867587e+06
   1.4868661e+06
   1.4869976e+06
   1.4871936e+06
   1.4873091e+06
   1.4874169e+06
   1.4875790e+06
   1.4877699e+06
   1.4878816e+06
   1.4879815e+06
   1.4880753e+06
   1.4881435e+06
   1.4882666e+06
   1.4883713e+06
   1.4884430e+06
   1.4885775e+06
   1.4887342e+06
   1.4888144e+06
   1.4889283e+06
   1.4890157e+06
   1.4891468e+06
   1.4892750e+06
   1.4893518e+06
   1.4894438e+06
   1.4895403e+06
   1.4896560e+06
   1.4897585e+06
   1.4899045e+06
   1.4900334e+06
   1.4901037e+06
   1.4902095e+06
   1.4903409e+06
   1.4904235e+06
   1.4905196e+06
   1.4906262e+06
   1.4907163e+06
   1.4908186e+06
   1.4908963e+06
   1.4909882e+06
   1.4910788e+06
   1.4912061e+06
   1.4913133e+06
   1.4914552e+06
   1.4915424e+06
   1.4916222e+06
   1.4917082e+06
   1.4917833e+06
   1.4918741e+06
   1.4919424e+06
   1.4920307e+06
   1.4921552e+06
   1.4922618e+06
   1.4923897e+06
   1.4924921e+06
   1.4925729e+06
   1.4926702e+06
   1.4927615e+06
   1.4928438e+06
   1.4929624e+06
   1.4930869e+06
   1.4931910e+06
   1.4932561e+06
   1.4933775e+06
   1.4934912e+06
   1.4936712e+06
   1.4937643e+06
   1.4938851e+06
   1.4941594e+06
   1.4942828e+06
   1.4943943e+06
   1.4945066e+06
   1.4946462e+06
   1.4947457e+06
   1.4948438e+06
   1.4949590e+06
   1.4950352e+06
   1.4951808e+06
   1.4952902e+06
   1.4953739e+06
   1.4954701e+06
   1.4956091e+06
   1.4956894e+06
   1.4958054e+06
   1.4958973e+06
   1.4959708e+06
   1.4961491e+06
   1.4962772e+06
   1.4963954e+06
   1.4964905e+06
   1.4965992e+06
   1.4966888e+06
   1.4967779e+06
   1.4968546e+06
   1.4969252e+06
   1.4971438e+06
   1.4972592e+06
   1.4973684e+06
   1.4975121e+06
   1.4975902e+06
   1.4976891e+06
   1.4978462e+06
   1.4980763e+06
   1.4982021e+06
   1.4983411e+06
   1.4984090e+06
   1.4985681e+06
   1.4986771e+06
   1.4987481e+06
   1.4988986e+06
   1.4989768e+06
   1.4990836e+06
   1.4991821e+06
   1.4993399e+06
   1.4994338e+06
   1.4995060e+06
   1.4996087e+06
   1.4997188e+06
   1.4998298e+06
   1.4999070e+06
   1.4999878e+06
   1.5002443e+06
   1.5004754e+06
   1.5008165e+06
   1.5011659e+06
   1.5014737e+06
   1.5020422e+06
   1.5022504e+06
   1.5024385e+06
   1.5027020e+06
   1.5030261e+06
   1.5033494e+06
   1.5037940e+06
   1.5042336e+06
   1.5400942e+06
   1.5402036e+06
   1.5403034e+06
   1.5404061e+06
   1.5405415e+06
   1.5406345e+06
   1.5408244e+06
   1.5409118e+06
   1.5409980e+06
   1.5410765e+06
   1.5411436e+06
   1.5412330e+06
   1.5413335e+06
   1.5414208e+06
   1.5414989e+06
   1.5415766e+06
   1.5416576e+06
   1.5417681e+06
   1.5419392e+06
   1.5420297e+06
   1.5421327e+06
   1.5422501e+06
   1.5423294e+06
   1.5424237e+06
   1.5425092e+06
   1.5425928e+06
   1.5427012e+06
   1.5427858e+06
   1.5428870e+06
   1.5430225e+06
   1.5431148e+06
   1.5432252e+06
   1.5433160e+06
   1.5434254e+06
   1.5435269e+06
   1.5435974e+06
   1.5436858e+06
   1.5437950e+06
   1.5438959e+06
   1.5440105e+06
   1.5441038e+06
   1.5441811e+06
   1.5442899e+06
   1.5443810e+06
   1.5444986e+06
   1.5445952e+06
   1.5446812e+06
   1.5447569e+06
   1.5448350e+06
   1.5449185e+06
   1.5450179e+06
   1.5451343e+06
   1.5452648e+06
   1.5453745e+06
   1.5454953e+06
   1.5455710e+06
   1.5456901e+06
   1.5457691e+06
   1.5458537e+06
   1.5459456e+06
   1.5460330e+06
   1.5461365e+06
   1.5462195e+06
   1.5463649e+06
   1.5464743e+06
   1.5465753e+06
   1.5466710e+06
   1.5467421e+06
   1.5468640e+06
   1.5471120e+06
   1.5471829e+06
   1.5472672e+06
   1.5473721e+06
   1.5474760e+06
   1.5475902e+06
   1.5477106e+06
   1.5478579e+06
   1.5479612e+06
   1.5480606e+06
   1.5481378e+06
   1.5482296e+06
   1.5483301e+06
   1.5484135e+06
   1.5485472e+06
   1.5486870e+06
   1.5487810e+06
   1.5489244e+06
   1.5490227e+06
   1.5491863e+06
   1.5492838e+06
   1.5493956e+06
   1.5495190e+06
   1.5496202e+06
   1.5497228e+06
   1.5498129e+06
   1.5499020e+06
   1.5499834e+06
   1.5500588e+06
   1.5501413e+06
   1.5502586e+06
   1.5503336e+06
   1.5504454e+06
   1.5505427e+06
   1.5506786e+06
   1.5507858e+06
   1.5508704e+06
   1.5509726e+06
   1.5510641e+06
   1.5511569e+06
   1.5512356e+06
   1.5513299e+06
   1.5514210e+06
   1.5515692e+06
   1.5516747e+06
   1.5518129e+06
   1.5519704e+06
   1.5520661e+06
   1.5521609e+06
   1.5522406e+06
   1.5523225e+06
   1.5524120e+06
   1.5525108e+06
   1.5526364e+06
   1.5527528e+06
   1.5528279e+06
   1.5529154e+06
   1.5530113e+06
   1.5532282e+06
   1.5533243e+06
   1.5534100e+06
   1.5535049e+06
   1.5536111e+06
   1.5537249e+06
   1.5538307e+06
   1.5539549e+06
   1.5541833e+06
   1.5542750e+06
   1.5543861e+06
   1.5545140e+06
   1.5546508e+06
   1.5548168e+06
   1.5549018e+06
   1.5550166e+06
   1.5551020e+06
   1.5552837e+06
   1.5553900e+06
   1.5554801e+06
   1.5555907e+06
   1.5556775e+06
   1.5557726e+06
   1.5558710e+06
   1.5559756e+06
   1.5560846e+06
   1.5562105e+06
   1.5563210e+06
   1.5564384e+06
   1.5565285e+06
   1.5566118e+06
   1.5567008e+06
   1.5568429e+06
   1.5569515e+06
   1.5570611e+06
   1.5571829e+06
   1.5572611e+06
   1.5573698e+06
   1.5574721e+06
   1.5575791e+06
   1.5576679e+06
   1.5577469e+06
   1.5578410e+06
   1.5579519e+06
   1.5580526e+06
   1.5581340e+06
   1.5582535e+06
   1.5583487e+06
   1.5584443e+06
   1.5585260e+06
   1.5586301e+06
   1.5587102e+06
   1.5587983e+06
   1.5588934e+06
   1.5589877e+06
   1.5590745e+06
   1.5591449e+06
   1.5592358e+06
   1.5593222e+06
   1.5594082e+06
   1.5595205e+06
   1.5596259e+06
   1.5597248e+06
   1.5598654e+06
   1.5604350e+06
   1.5610505e+06
   1.5621239e+06
   1.5625471e+06
   1.5643069e+06
   1.5644375e+06
   1.5648726e+06
   1.5657215e+06
   1.5706863e+06
   1.5709139e+06
   1.5712345e+06
   1.5714371e+06
   1.5716100e+06
   1.5718251e+06
   1.5720798e+06
   1.5727086e+06
   1.5732354e+06
   1.5736990e+06
   1.5738811e+06
   1.5744435e+06
   1.5747393e+06
   1.5779855e+06
   1.5787147e+06
   1.5813696e+06
   1.5816485e+06
   1.5819119e+06
   1.5826419e+06
   1.5831976e+06
   1.5835146e+06
   1.5840552e+06
   1.5847539e+06
   1.5850326e+06
   1.5852946e+06
   1.5856855e+06
   1.5885811e+06
   1.5888307e+06
   1.5893619e+06
   1.5912139e+06
   1.5914157e+06
   1.5917699e+06
   1.5919509e+06
   1.5937032e+06
   1.5942065e+06
   1.5944188e+06
   1.6001179e+06
   1.6001899e+06
   1.6002695e+06
   1.6003642e+06
   1.6004767e+06
   1.6005716e+06
   1.6006591e+06
   1.6007586e+06
   1.6008762e+06
   1.6009813e+06
   1.6010674e+06
   1.6011315e+06
   1.6012228e+06
   1.6013128e+06
   1.6013965e+06
   1.6015120e+06
   1.6016841e+06
   1.6017841e+06
   1.6018558e+06
   1.6019445e+06
   1.6020299e+06
   1.6021183e+06
   1.6022586e+06
   1.6023209e+06
   1.6024467e+06
   1.6025675e+06
   1.6027008e+06
   1.6027978e+06
   1.6028848e+06
   1.6029712e+06
   1.6030647e+06
   1.6031947e+06
   1.6032890e+06
   1.6033856e+06
   1.6034714e+06
   1.6035739e+06
   1.6036559e+06
   1.6037293e+06
   1.6038216e+06
   1.6039052e+06
   1.6040026e+06
   1.6041174e+06
   1.6042165e+06
   1.6043160e+06
   1.6044337e+06
   1.6045242e+06
   1.6046337e+06
   1.6047270e+06
   1.6048182e+06
   1.6049543e+06
   1.6050319e+06
   1.6051095e+06
   1.6052048e+06
   1.6052930e+06
   1.6053835e+06
   1.6054633e+06
   1.6055664e+06
   1.6056621e+06
   1.6057591e+06
   1.6058397e+06
   1.6059490e+06
   1.6060621e+06
   1.6061739e+06
   1.6063196e+06
   1.6063885e+06
   1.6064657e+06
   1.6065525e+06
   1.6066201e+06
   1.6067076e+06
   1.6068301e+06
   1.6069285e+06
   1.6071324e+06
   1.6072113e+06
   1.6073234e+06
   1.6074358e+06
   1.6075184e+06
   1.6076566e+06
   1.6077585e+06
   1.6078504e+06
   1.6079702e+06
   1.6080595e+06
   1.6081632e+06
   1.6082674e+06
   1.6083432e+06
   1.6084335e+06
   1.6085167e+06
   1.6086557e+06
   1.6087577e+06
   1.6088329e+06
   1.6089122e+06
   1.6089867e+06
   1.6090897e+06
   1.6091513e+06
   1.6092435e+06
   1.6093354e+06
   1.6094203e+06
   1.6094958e+06
   1.6096451e+06
   1.6097344e+06
   1.6098108e+06
   1.6098895e+06
   1.6099756e+06
   1.6100940e+06
   1.6102011e+06
   1.6102757e+06
   1.6103632e+06
   1.6104541e+06
   1.6105247e+06
   1.6106271e+06
   1.6107070e+06
   1.6108088e+06
   1.6109082e+06
   1.6110129e+06
   1.6111606e+06
   1.6112680e+06
   1.6113556e+06
   1.6114339e+06
   1.6115572e+06
   1.6116395e+06
   1.6117054e+06
   1.6118011e+06
   1.6119120e+06
   1.6120110e+06
   1.6121081e+06
   1.6122208e+06
   1.6123129e+06
   1.6123974e+06
   1.6125620e+06
   1.6126365e+06
   1.6127290e+06
   1.6128035e+06
   1.6128924e+06
   1.6129855e+06
   1.6130777e+06
   1.6131645e+06
   1.6132694e+06
   1.6133790e+06
   1.6134962e+06
   1.6136031e+06
   1.6137158e+06
   1.6137922e+06
   1.6138939e+06
   1.6139821e+06
   1.6141901e+06
   1.6142989e+06
   1.6144308e+06
   1.6145346e+06
   1.6146278e+06
   1.6147129e+06
   1.6147927e+06
   1.6148852e+06
   1.6149844e+06
   1.6151006e+06
   1.6152661e+06
   1.6153538e+06
   1.6154532e+06
   1.6155383e+06
   1.6156155e+06
   1.6157359e+06
   1.6158265e+06
   1.6159384e+06
   1.6160323e+06
   1.6161469e+06
   1.6162476e+06
   1.6163378e+06
   1.6164440e+06
   1.6165508e+06
   1.6166601e+06
   1.6167554e+06
   1.6168661e+06
   1.6169886e+06
   1.6171244e+06
   1.6172390e+06
   1.6173213e+06
   1.6174207e+06
   1.6175500e+06
   1.6176384e+06
   1.6177354e+06
   1.6178159e+06
   1.6179331e+06
   1.6180534e+06
   1.6181538e+06
   1.6182569e+06
   1.6183683e+06
   1.6184440e+06
   1.6185507e+06
   1.6186823e+06
   1.6188068e+06
   1.6189463e+06
   1.6190592e+06
   1.6191347e+06
   1.6192706e+06
   1.6193650e+06
   1.6194981e+06
   1.6196406e+06
   1.6197327e+06
   1.6198172e+06
   1.6199105e+06
   1.6199922e+06
   1.6202487e+06
   1.6204643e+06
   1.6216571e+06
   1.6219018e+06
   1.6225776e+06
   1.6231357e+06
   1.6233756e+06
   1.6236278e+06
   1.6240490e+06
   1.6245632e+06
   1.6247193e+06
   1.6253245e+06
   1.6258659e+06
   1.6261553e+06
   1.6263952e+06
   1.6271834e+06
   1.6274373e+06
   1.6277018e+06
   1.6280028e+06
   1.6284774e+06
   1.6287030e+06
   1.6292045e+06
   1.6295579e+06
   1.6301560e+06
   1.6330922e+06
   1.6340017e+06
   1.6341796e+06
   1.6344003e+06
   1.6351142e+06
   1.6356668e+06
   1.6361585e+06
   1.6365919e+06
   1.6369721e+06
   1.6372390e+06
   1.6374642e+06
   1.6376426e+06
   1.6392539e+06
   1.6398058e+06
   1.6402444e+06
   1.6407096e+06
   1.6410091e+06
   1.6439326e+06
   1.6440884e+06
   1.6454548e+06
   1.6456451e+06
   1.6458838e+06
   1.6460584e+06
   1.6473773e+06
   1.6478864e+06
   1.6482422e+06
   1.6484274e+06
   1.6488262e+06
   1.6493758e+06
   1.6500354e+06
   1.6503953e+06
   1.6512867e+06
   1.6516267e+06
   1.6518598e+06
   1.6521472e+06
   1.6523756e+06
   1.6532432e+06
   1.6537010e+06
   1.6540410e+06
   1.6575282e+06
   1.6600711e+06
   1.6601502e+06
   1.6602719e+06
   1.6603625e+06
   1.6604776e+06
   1.6605676e+06
   1.6606601e+06
   1.6607496e+06
   1.6608311e+06
   1.6609111e+06
   1.6610156e+06
   1.6611026e+06
   1.6611752e+06
   1.6612571e+06
   1.6613920e+06
   1.6615323e+06
   1.6616304e+06
   1.6617932e+06
   1.6618922e+06
   1.6619736e+06
   1.6620495e+06
   1.6621157e+06
   1.6621906e+06
   1.6622505e+06
   1.6623603e+06
   1.6624421e+06
   1.6625234e+06
   1.6626095e+06
   1.6627269e+06
   1.6628431e+06
   1.6629354e+06
   1.6630121e+06
   1.6630918e+06
   1.6631802e+06
   1.6632756e+06
   1.6633480e+06
   1.6634596e+06
   1.6635544e+06
   1.6636353e+06
   1.6637848e+06
   1.6638811e+06
   1.6639622e+06
   1.6640557e+06
   1.6641766e+06
   1.6642489e+06
   1.6643473e+06
   1.6644278e+06
   1.6645429e+06
   1.6646354e+06
   1.6647138e+06
   1.6648012e+06
   1.6648751e+06
   1.6649596e+06
   1.6650725e+06
   1.6651562e+06
   1.6652552e+06
   1.6653598e+06
   1.6654398e+06
   1.6655360e+06
   1.6656324e+06
   1.6657179e+06
   1.6658152e+06
   1.6658836e+06
   1.6659541e+06
   1.6660473e+06
   1.6661510e+06
   1.6662311e+06
   1.6663240e+06
   1.6664175e+06
   1.6665105e+06
   1.6666032e+06
   1.6667052e+06
   1.6668520e+06
   1.6669569e+06
   1.6671589e+06
   1.6672168e+06
   1.6672994e+06
   1.6674347e+06
   1.6675363e+06
   1.6676401e+06
   1.6677372e+06
   1.6678266e+06
   1.6679214e+06
   1.6680360e+06
   1.6681077e+06
   1.6682308e+06
   1.6683297e+06
   1.6684814e+06
   1.6686036e+06
   1.6687102e+06
   1.6688554e+06
   1.6689250e+06
   1.6690311e+06
   1.6691270e+06
   1.6692039e+06
   1.6693018e+06
   1.6694061e+06
   1.6694759e+06
   1.6695621e+06
   1.6696460e+06
   1.6697490e+06
   1.6698398e+06
   1.6699251e+06
   1.6700153e+06
   1.6701053e+06
   1.6702207e+06
   1.6703516e+06
   1.6704603e+06
   1.6705400e+06
   1.6706213e+06
   1.6707075e+06
   1.6708038e+06
   1.6708785e+06
   1.6710016e+06
   1.6711288e+06
   1.6712441e+06
   1.6713465e+06
   1.6714479e+06
   1.6715126e+06
   1.6716112e+06
   1.6717194e+06
   1.6718163e+06
   1.6719187e+06
   1.6719956e+06
   1.6720860e+06
   1.6721622e+06
   1.6722438e+06
   1.6723307e+06
   1.6724517e+06
   1.6725577e+06
   1.6726513e+06
   1.6727437e+06
   1.6728035e+06
   1.6728939e+06
   1.6730085e+06
   1.6731427e+06
   1.6732370e+06
   1.6733256e+06
   1.6734110e+06
   1.6734939e+06
   1.6735895e+06
   1.6736531e+06
   1.6737468e+06
   1.6738532e+06
   1.6739475e+06
   1.6741360e+06
   1.6742338e+06
   1.6743677e+06
   1.6744373e+06
   1.6745203e+06
   1.6745996e+06
   1.6746933e+06
   1.6747806e+06
   1.6748641e+06
   1.6749320e+06
   1.6750399e+06
   1.6751461e+06
   1.6752352e+06
   1.6752969e+06
   1.6753961e+06
   1.6754956e+06
   1.6755894e+06
   1.6756900e+06
   1.6757848e+06
   1.6758782e+06
   1.6759788e+06
   1.6760615e+06
   1.6761438e+06
   1.6762212e+06
   1.6762952e+06
   1.6764122e+06
   1.6764924e+06
   1.6766223e+06
   1.6767046e+06
   1.6767818e+06
   1.6768587e+06
   1.6769474e+06
   1.6770412e+06
   1.6771140e+06
   1.6772053e+06
   1.6772926e+06
   1.6773636e+06
   1.6774828e+06
   1.6775914e+06
   1.6777072e+06
   1.6777902e+06
   1.6778899e+06
   1.6779931e+06
   1.6781166e+06
   1.6782148e+06
   1.6782986e+06
   1.6783867e+06
   1.6784914e+06
   1.6785912e+06
   1.6786567e+06
   1.6787219e+06
   1.6787976e+06
   1.6789172e+06
   1.6790097e+06
   1.6790933e+06
   1.6791858e+06
   1.6792763e+06
   1.6793622e+06
   1.6795088e+06
   1.6796229e+06
   1.6797272e+06
   1.6798282e+06
   1.6799151e+06
   1.6802803e+06
   1.6818741e+06
   1.6821146e+06
   1.6827402e+06
   1.6832734e+06
   1.6836884e+06
   1.6839256e+06
   1.6863277e+06
   1.6869925e+06
   1.6873925e+06
   1.6879483e+06
   1.6883278e+06
   1.6937693e+06
   1.6945164e+06
   1.6948752e+06
   1.6952775e+06
   1.6957578e+06
   1.6960502e+06
   1.6969961e+06
   1.6973275e+06
   1.6976147e+06
   1.6978702e+06
   1.6980851e+06
   1.6982797e+06
   1.6987828e+06
   1.6990844e+06
   1.7001511e+06
   1.7200700e+06
   1.7201373e+06
   1.7202158e+06
   1.7203182e+06
   1.7204065e+06
   1.7204724e+06
   1.7205670e+06
   1.7206403e+06
   1.7207186e+06
   1.7208000e+06
   1.7208894e+06
   1.7209855e+06
   1.7210842e+06
   1.7211987e+06
   1.7212771e+06
   1.7213451e+06
   1.7214165e+06
   1.7214949e+06
   1.7215755e+06
   1.7216716e+06
   1.7217545e+06
   1.7218206e+06
   1.7219147e+06
   1.7219972e+06
   1.7220866e+06
   1.7221817e+06
   1.7222821e+06
   1.7223554e+06
   1.7224821e+06
   1.7225492e+06
   1.7226402e+06
   1.7227127e+06
   1.7227947e+06
   1.7228839e+06
   1.7229562e+06
   1.7230443e+06
   1.7231109e+06
   1.7232166e+06
   1.7233197e+06
   1.7234073e+06
   1.7234978e+06
   1.7235874e+06
   1.7236556e+06
   1.7237365e+06
   1.7238398e+06
   1.7239570e+06
   1.7240523e+06
   1.7241293e+06
   1.7241987e+06
   1.7242734e+06
   1.7243731e+06
   1.7244592e+06
   1.7245271e+06
   1.7246147e+06
   1.7247239e+06
   1.7247890e+06
   1.7248806e+06
   1.7249731e+06
   1.7250488e+06
   1.7251603e+06
   1.7252292e+06
   1.7253185e+06
   1.7254036e+06
   1.7254862e+06
   1.7255601e+06
   1.7256509e+06
   1.7257336e+06
   1.7258086e+06
   1.7258848e+06
   1.7259603e+06
   1.7260910e+06
   1.7261614e+06
   1.7262332e+06
   1.7263308e+06
   1.7264402e+06
   1.7265161e+06
   1.7266060e+06
   1.7266926e+06
   1.7267644e+06
   1.7268632e+06
   1.7269472e+06
   1.7271069e+06
   1.7272393e+06
   1.7273285e+06
   1.7274015e+06
   1.7274717e+06
   1.7275602e+06
   1.7276477e+06
   1.7277385e+06
   1.7278134e+06
   1.7279026e+06
   1.7279969e+06
   1.7280912e+06
   1.7281662e+06
   1.7282523e+06
   1.7283300e+06
   1.7284273e+06
   1.7285629e+06
   1.7286311e+06
   1.7287227e+06
   1.7287881e+06
   1.7288537e+06
   1.7289175e+06
   1.7289973e+06
   1.7290915e+06
   1.7292136e+06
   1.7293309e+06
   1.7294136e+06
   1.7295097e+06
   1.7295841e+06
   1.7296644e+06
   1.7297313e+06
   1.7298871e+06
   1.7299834e+06
   1.7300773e+06
   1.7301511e+06
   1.7302266e+06
   1.7303089e+06
   1.7304025e+06
   1.7304779e+06
   1.7305552e+06
   1.7306849e+06
   1.7307525e+06
   1.7308357e+06
   1.7309100e+06
   1.7310019e+06
   1.7311177e+06
   1.7312007e+06
   1.7312797e+06
   1.7314050e+06
   1.7314637e+06
   1.7315475e+06
   1.7316271e+06
   1.7317131e+06
   1.7317894e+06
   1.7318944e+06
   1.7319638e+06
   1.7320708e+06
   1.7321512e+06
   1.7322438e+06
   1.7323848e+06
   1.7324649e+06
   1.7325378e+06
   1.7326293e+06
   1.7327477e+06
   1.7328466e+06
   1.7329181e+06
   1.7329891e+06
   1.7330653e+06
   1.7331589e+06
   1.7332662e+06
   1.7333569e+06
   1.7334511e+06
   1.7336161e+06
   1.7336807e+06
   1.7337814e+06
   1.7338762e+06
   1.7339473e+06
   1.7342884e+06
   1.7343831e+06
   1.7345562e+06
   1.7346309e+06
   1.7347496e+06
   1.7348153e+06
   1.7348810e+06
   1.7349707e+06
   1.7350404e+06
   1.7351293e+06
   1.7352286e+06
   1.7353168e+06
   1.7354172e+06
   1.7354918e+06
   1.7355632e+06
   1.7356477e+06
   1.7357439e+06
   1.7358391e+06
   1.7359311e+06
   1.7360380e+06
   1.7361227e+06
   1.7362069e+06
   1.7363338e+06
   1.7364236e+06
   1.7365315e+06
   1.7366451e+06
   1.7367117e+06
   1.7368165e+06
   1.7369102e+06
   1.7370189e+06
   1.7370972e+06
   1.7372076e+06
   1.7372985e+06
   1.7373665e+06
   1.7374580e+06
   1.7375408e+06
   1.7375982e+06
   1.7376870e+06
   1.7377584e+06
   1.7378446e+06
   1.7380019e+06
   1.7381103e+06
   1.7381831e+06
   1.7382639e+06
   1.7383607e+06
   1.7384544e+06
   1.7385375e+06
   1.7386066e+06
   1.7387171e+06
   1.7388043e+06
   1.7388827e+06
   1.7389604e+06
   1.7390347e+06
   1.7391330e+06
   1.7392401e+06
   1.7393456e+06
   1.7394362e+06
   1.7395305e+06
   1.7396331e+06
   1.7397824e+06
   1.7398680e+06
   1.7399451e+06
   1.7409166e+06
   1.7424660e+06
   1.7426827e+06
   1.7429191e+06
   1.7433402e+06
   1.7437019e+06
   1.7441844e+06
   1.7444801e+06
   1.7447560e+06
   1.7450205e+06
   1.7451834e+06
   1.7453368e+06
   1.7456565e+06
   1.7459919e+06
   1.7462729e+06
   1.7464934e+06
   1.7468196e+06
   1.7482882e+06
   1.7486633e+06
   1.7502039e+06
   1.7520305e+06
   1.7524660e+06
   1.7528239e+06
   1.7530487e+06
   1.7535761e+06
   1.7539877e+06
   1.7543462e+06
   1.7552615e+06
   1.7556512e+06
   1.7560029e+06
   1.7562959e+06
   1.7565426e+06
   1.7592121e+06
   1.7597070e+06
   1.7609656e+06
   1.7615202e+06
   1.7618708e+06
   1.7622924e+06
   1.7624255e+06
   1.7627704e+06
   1.7630659e+06
   1.7634400e+06
   1.7648268e+06
   1.7650924e+06
   1.7653766e+06
   1.7657315e+06
   1.7661387e+06
   1.7712522e+06
   1.7715641e+06
   1.7717523e+06
   1.7719639e+06
   1.7744548e+06
   1.7749654e+06
   1.7751739e+06
   1.7753235e+06
   1.7756207e+06
   1.7760561e+06
   1.7763679e+06
   1.7767822e+06
   1.7771801e+06
   1.7774569e+06
   1.7778363e+06
   1.7782751e+06
   1.7787749e+06
   1.7796602e+06
   1.7801100e+06
   1.7801889e+06
   1.7802611e+06
   1.7803315e+06
   1.7804078e+06
   1.7805345e+06
   1.7805988e+06
   1.7806630e+06
   1.7807320e+06
   1.7808026e+06
   1.7808899e+06
   1.7809617e+06
   1.7810284e+06
   1.7810950e+06
   1.7811874e+06
   1.7812752e+06
   1.7813582e+06
   1.7814345e+06
   1.7814888e+06
   1.7815567e+06
   1.7816341e+06
   1.7817182e+06
   1.7818147e+06
   1.7818911e+06
   1.7819855e+06
   1.7820605e+06
   1.7821189e+06
   1.7821913e+06
   1.7822642e+06
   1.7823358e+06
   1.7824176e+06
   1.7824991e+06
   1.7825977e+06
   1.7826850e+06
   1.7827685e+06
   1.7828432e+06
   1.7829442e+06
   1.7830442e+06
   1.7831371e+06
   1.7832286e+06
   1.7833058e+06
   1.7833877e+06
   1.7834684e+06
   1.7835558e+06
   1.7836261e+06
   1.7836954e+06
   1.7837663e+06
   1.7838443e+06
   1.7839219e+06
   1.7840056e+06
   1.7840853e+06
   1.7841580e+06
   1.7842386e+06
   1.7843275e+06
   1.7844084e+06
   1.7844696e+06
   1.7845692e+06
   1.7846434e+06
   1.7847576e+06
   1.7848269e+06
   1.7848970e+06
   1.7849717e+06
   1.7850517e+06
   1.7851322e+06
   1.7852330e+06
   1.7852883e+06
   1.7853937e+06
   1.7854777e+06
   1.7855662e+06
   1.7856394e+06
   1.7857452e+06
   1.7858388e+06
   1.7859239e+06
   1.7859977e+06
   1.7860563e+06
   1.7861391e+06
   1.7862230e+06
   1.7863032e+06
   1.7864209e+06
   1.7864917e+06
   1.7865908e+06
   1.7866725e+06
   1.7867531e+06
   1.7868239e+06
   1.7869098e+06
   1.7869871e+06
   1.7871840e+06
   1.7872520e+06
   1.7873238e+06
   1.7874100e+06
   1.7874807e+06
   1.7875532e+06
   1.7876596e+06
   1.7877264e+06
   1.7878025e+06
   1.7878698e+06
   1.7879809e+06
   1.7880826e+06
   1.7882286e+06
   1.7883085e+06
   1.7883822e+06
   1.7884778e+06
   1.7885626e+06
   1.7886550e+06
   1.7887396e+06
   1.7888320e+06
   1.7889085e+06
   1.7890237e+06
   1.7890981e+06
   1.7891845e+06
   1.7892717e+06
   1.7893550e+06
   1.7894259e+06
   1.7895211e+06
   1.7896163e+06
   1.7896829e+06
   1.7897761e+06
   1.7898406e+06
   1.7899128e+06
   1.7900028e+06
   1.7900973e+06
   1.7901641e+06
   1.7902370e+06
   1.7903184e+06
   1.7903815e+06
   1.7904733e+06
   1.7905646e+06
   1.7906729e+06
   1.7907433e+06
   1.7908291e+06
   1.7908980e+06
   1.7909582e+06
   1.7910293e+06
   1.7911106e+06
   1.7911925e+06
   1.7912501e+06
   1.7913353e+06
   1.7914360e+06
   1.7915174e+06
   1.7916223e+06
   1.7917019e+06
   1.7917876e+06
   1.7918491e+06
   1.7919172e+06
   1.7919978e+06
   1.7921147e+06
   1.7921971e+06
   1.7922819e+06
   1.7923434e+06
   1.7924178e+06
   1.7924968e+06
   1.7925824e+06
   1.7926603e+06
   1.7927300e+06
   1.7928148e+06
   1.7929211e+06
   1.7929914e+06
   1.7930548e+06
   1.7931294e+06
   1.7932332e+06
   1.7933143e+06
   1.7933987e+06
   1.7934725e+06
   1.7935412e+06
   1.7936057e+06
   1.7936853e+06
   1.7937461e+06
   1.7938246e+06
   1.7939082e+06
   1.7939658e+06
   1.7941329e+06
   1.7942063e+06
   1.7942962e+06
   1.7943743e+06
   1.7944526e+06
   1.7946029e+06
   1.7946724e+06
   1.7947425e+06
   1.7948440e+06
   1.7949421e+06
   1.7950425e+06
   1.7951349e+06
   1.7952220e+06
   1.7952977e+06
   1.7953601e+06
   1.7954540e+06
   1.7956130e+06
   1.7956832e+06
   1.7957509e+06
   1.7958301e+06
   1.7959057e+06
   1.7959808e+06
   1.7960913e+06
   1.7961839e+06
   1.7962686e+06
   1.7963381e+06
   1.7964128e+06
   1.7964930e+06
   1.7966149e+06
   1.7967244e+06
   1.7967915e+06
   1.7969064e+06
   1.7969759e+06
   1.7970444e+06
   1.7971983e+06
   1.7972721e+06
   1.7973479e+06
   1.7974435e+06
   1.7975423e+06
   1.7976532e+06
   1.7977510e+06
   1.7978291e+06
   1.7979097e+06
   1.7979938e+06
   1.7980845e+06
   1.7981470e+06
   1.7982377e+06
   1.7983397e+06
   1.7984220e+06
   1.7985205e+06
   1.7986331e+06
   1.7987180e+06
   1.7987884e+06
   1.7988657e+06
   1.7989422e+06
   1.7990351e+06
   1.7991074e+06
   1.7991834e+06
   1.7993034e+06
   1.7993753e+06
   1.7994588e+06
   1.7995599e+06
   1.7996429e+06
   1.7997378e+06
   1.7998355e+06
   1.7999302e+06
   1.8001662e+06
   1.8017869e+06
   1.8020658e+06
   1.8024115e+06
   1.8030640e+06
   1.8033849e+06
   1.8036652e+06
   1.8041059e+06
   1.8044950e+06
   1.8047137e+06
   1.8053728e+06
   1.8057604e+06
   1.8060936e+06
   1.8141159e+06
   1.8144263e+06
   1.8145688e+06
   1.8158697e+06
   1.8162392e+06
   1.8165935e+06
   1.8167850e+06
   1.8173674e+06
   1.8178287e+06
   1.8180345e+06
   1.8188746e+06
   1.8192319e+06
   1.8201622e+06
   1.8203535e+06
   1.8211617e+06
   1.8228821e+06
   1.8240010e+06
   1.8243337e+06
   1.8250592e+06
   1.8252383e+06
   1.8254551e+06
   1.8256429e+06
   1.8288800e+06
   1.8292688e+06
   1.8339565e+06
   1.8344301e+06
   1.8347515e+06
   1.8349983e+06
   1.8353080e+06
   1.8354724e+06
   1.8360134e+06
   1.8365307e+06
   1.8374177e+06
   1.8377488e+06
   1.8381748e+06
   1.8385105e+06
   1.8388019e+06
   1.8390070e+06
   1.8395269e+06
   1.8397194e+06
   1.8400638e+06
   1.8401515e+06
   1.8402490e+06
   1.8403121e+06
   1.8404307e+06
   1.8404968e+06
   1.8405622e+06
   1.8406418e+06
   1.8407116e+06
   1.8407903e+06
   1.8408616e+06
   1.8409371e+06
   1.8410063e+06
   1.8410880e+06
   1.8411639e+06
   1.8412284e+06
   1.8413038e+06
   1.8413886e+06
   1.8414454e+06
   1.8415120e+06
   1.8415906e+06
   1.8416719e+06
   1.8417851e+06
   1.8418615e+06
   1.8419349e+06
   1.8420557e+06
   1.8421489e+06
   1.8422359e+06
   1.8423380e+06
   1.8424195e+06
   1.8425159e+06
   1.8425808e+06
   1.8426532e+06
   1.8427147e+06
   1.8427915e+06
   1.8428663e+06
   1.8429485e+06
   1.8430213e+06
   1.8430915e+06
   1.8431622e+06
   1.8432360e+06
   1.8433141e+06
   1.8433867e+06
   1.8434488e+06
   1.8435320e+06
   1.8436130e+06
   1.8436944e+06
   1.8437990e+06
   1.8438810e+06
   1.8439431e+06
   1.8440215e+06
   1.8440875e+06
   1.8441466e+06
   1.8442230e+06
   1.8442972e+06
   1.8443822e+06
   1.8444494e+06
   1.8445416e+06
   1.8446085e+06
   1.8446839e+06
   1.8447512e+06
   1.8448169e+06
   1.8448856e+06
   1.8449681e+06
   1.8450436e+06
   1.8451229e+06
   1.8452194e+06
   1.8452891e+06
   1.8453659e+06
   1.8454483e+06
   1.8455623e+06
   1.8456382e+06
   1.8457066e+06
   1.8458033e+06
   1.8458735e+06
   1.8459592e+06
   1.8460197e+06
   1.8460879e+06
   1.8461694e+06
   1.8462466e+06
   1.8463195e+06
   1.8464041e+06
   1.8464936e+06
   1.8465598e+06
   1.8466224e+06
   1.8466789e+06
   1.8467662e+06
   1.8468644e+06
   1.8469335e+06
   1.8470663e+06
   1.8471448e+06
   1.8472097e+06
   1.8472771e+06
   1.8473479e+06
   1.8474339e+06
   1.8475062e+06
   1.8475815e+06
   1.8476681e+06
   1.8477452e+06
   1.8478490e+06
   1.8479399e+06
   1.8480487e+06
   1.8481250e+06
   1.8481931e+06
   1.8482769e+06
   1.8483435e+06
   1.8484423e+06
   1.8485410e+06
   1.8486252e+06
   1.8487145e+06
   1.8487873e+06
   1.8488586e+06
   1.8489423e+06
   1.8490209e+06
   1.8490911e+06
   1.8491518e+06
   1.8492330e+06
   1.8493047e+06
   1.8494041e+06
   1.8494768e+06
   1.8495523e+06
   1.8496373e+06
   1.8497032e+06
   1.8497990e+06
   1.8498909e+06
   1.8499728e+06
   1.8500462e+06
   1.8501129e+06
   1.8502096e+06
   1.8502799e+06
   1.8503574e+06
   1.8504369e+06
   1.8505085e+06
   1.8505749e+06
   1.8506286e+06
   1.8507089e+06
   1.8507888e+06
   1.8508783e+06
   1.8509478e+06
   1.8510252e+06
   1.8511238e+06
   1.8512364e+06
   1.8513115e+06
   1.8514069e+06
   1.8515215e+06
   1.8515917e+06
   1.8516776e+06
   1.8517646e+06
   1.8518326e+06
   1.8519026e+06
   1.8519655e+06
   1.8520447e+06
   1.8521076e+06
   1.8522046e+06
   1.8523026e+06
   1.8523805e+06
   1.8524601e+06
   1.8525566e+06
   1.8526306e+06
   1.8527089e+06
   1.8527863e+06
   1.8528574e+06
   1.8529259e+06
   1.8529936e+06
   1.8530781e+06
   1.8531479e+06
   1.8532298e+06
   1.8533113e+06
   1.8533891e+06
   1.8534813e+06
   1.8536426e+06
   1.8537358e+06
   1.8538618e+06
   1.8539922e+06
   1.8541334e+06
   1.8542244e+06
   1.8543484e+06
   1.8544328e+06
   1.8544994e+06
   1.8545841e+06
   1.8546817e+06
   1.8547591e+06
   1.8548444e+06
   1.8549314e+06
   1.8549945e+06
   1.8550658e+06
   1.8551695e+06
   1.8552408e+06
   1.8553227e+06
   1.8553889e+06
   1.8554868e+06
   1.8555940e+06
   1.8556720e+06
   1.8557586e+06
   1.8558553e+06
   1.8559184e+06
   1.8560092e+06
   1.8560952e+06
   1.8562236e+06
   1.8562791e+06
   1.8563532e+06
   1.8564260e+06
   1.8565192e+06
   1.8565869e+06
   1.8566478e+06
   1.8567136e+06
   1.8567816e+06
   1.8568547e+06
   1.8569515e+06
   1.8570234e+06
   1.8571022e+06
   1.8571814e+06
   1.8572314e+06
   1.8573281e+06
   1.8573924e+06
   1.8575052e+06
   1.8575854e+06
   1.8576640e+06
   1.8577275e+06
   1.8578052e+06
   1.8578698e+06
   1.8579287e+06
   1.8579990e+06
   1.8580883e+06
   1.8581766e+06
   1.8582415e+06
   1.8583142e+06
   1.8583707e+06
   1.8584466e+06
   1.8585132e+06
   1.8585824e+06
   1.8586764e+06
   1.8587517e+06
   1.8588440e+06
   1.8589237e+06
   1.8590144e+06
   1.8590960e+06
   1.8591627e+06
   1.8592514e+06
   1.8593446e+06
   1.8594214e+06
   1.8595190e+06
   1.8595960e+06
   1.8596836e+06
   1.8597673e+06
   1.8598308e+06
   1.8599262e+06
   1.8599948e+06
   1.8602408e+06
   1.8604257e+06
   1.8608687e+06
   1.8641299e+06
   1.8659641e+06
   1.8662123e+06
   1.8664301e+06
   1.8667034e+06
   1.8669972e+06
   1.8674742e+06
   1.8677271e+06
   1.8680707e+06
   1.9000758e+06
   1.9001430e+06
   1.9002119e+06
   1.9002768e+06
   1.9003544e+06
   1.9004326e+06
   1.9004958e+06
   1.9005579e+06
   1.9006292e+06
   1.9006965e+06
   1.9007624e+06
   1.9008395e+06
   1.9009038e+06
   1.9009801e+06
   1.9010420e+06
   1.9011143e+06
   1.9011776e+06
   1.9012329e+06
   1.9013026e+06
   1.9013697e+06
   1.9014474e+06
   1.9015170e+06
   1.9015689e+06
   1.9016813e+06
   1.9017747e+06
   1.9018461e+06
   1.9019139e+06
   1.9019933e+06
   1.9020596e+06
   1.9021283e+06
   1.9021969e+06
   1.9022918e+06
   1.9023557e+06
   1.9024163e+06
   1.9024842e+06
   1.9025454e+06
   1.9026069e+06
   1.9026901e+06
   1.9027825e+06
   1.9028456e+06
   1.9029013e+06
   1.9029725e+06
   1.9030433e+06
   1.9031203e+06
   1.9032020e+06
   1.9032647e+06
   1.9033363e+06
   1.9034268e+06
   1.9034961e+06
   1.9035597e+06
   1.9036282e+06
   1.9037020e+06
   1.9037869e+06
   1.9038556e+06
   1.9039091e+06
   1.9039861e+06
   1.9040473e+06
   1.9041454e+06
   1.9042202e+06
   1.9042740e+06
   1.9043425e+06
   1.9044220e+06
   1.9044860e+06
   1.9045462e+06
   1.9046068e+06
   1.9046747e+06
   1.9047362e+06
   1.9047932e+06
   1.9048506e+06
   1.9049186e+06
   1.9049784e+06
   1.9050494e+06
   1.9051205e+06
   1.9051767e+06
   1.9052649e+06
   1.9053519e+06
   1.9054258e+06
   1.9054874e+06
   1.9055421e+06
   1.9056030e+06
   1.9056648e+06
   1.9057278e+06
   1.9058055e+06
   1.9058858e+06
   1.9059555e+06
   1.9060133e+06
   1.9060704e+06
   1.9061357e+06
   1.9062131e+06
   1.9063117e+06
   1.9063755e+06
   1.9064474e+06
   1.9065260e+06
   1.9066123e+06
   1.9066859e+06
   1.9067780e+06
   1.9068322e+06
   1.9068908e+06
   1.9069815e+06
   1.9071210e+06
   1.9072051e+06
   1.9073189e+06
   1.9073793e+06
   1.9074596e+06
   1.9075173e+06
   1.9075880e+06
   1.9076644e+06
   1.9077232e+06
   1.9078221e+06
   1.9078899e+06
   1.9079613e+06
   1.9080328e+06
   1.9081045e+06
   1.9081834e+06
   1.9082761e+06
   1.9083449e+06
   1.9084171e+06
   1.9084895e+06
   1.9085803e+06
   1.9086584e+06
   1.9087313e+06
   1.9088119e+06
   1.9088736e+06
   1.9089434e+06
   1.9090222e+06
   1.9090926e+06
   1.9091494e+06
   1.9092156e+06
   1.9092737e+06
   1.9093456e+06
   1.9094430e+06
   1.9095253e+06
   1.9096163e+06
   1.9096924e+06
   1.9097511e+06
   1.9098381e+06
   1.9099188e+06
   1.9099932e+06
   1.9100929e+06
   1.9101560e+06
   1.9102147e+06
   1.9102906e+06
   1.9103630e+06
   1.9104342e+06
   1.9105077e+06
   1.9105875e+06
   1.9106733e+06
   1.9107571e+06
   1.9108272e+06
   1.9108910e+06
   1.9109472e+06
   1.9110088e+06
   1.9110781e+06
   1.9111400e+06
   1.9112139e+06
   1.9112781e+06
   1.9113596e+06
   1.9114454e+06
   1.9115008e+06
   1.9115977e+06
   1.9116602e+06
   1.9117384e+06
   1.9118107e+06
   1.9118899e+06
   1.9119540e+06
   1.9120208e+06
   1.9120874e+06
   1.9121674e+06
   1.9122379e+06
   1.9123195e+06
   1.9123993e+06
   1.9124607e+06
   1.9125249e+06
   1.9125835e+06
   1.9126685e+06
   1.9127352e+06
   1.9128235e+06
   1.9128941e+06
   1.9129756e+06
   1.9130291e+06
   1.9130853e+06
   1.9131611e+06
   1.9132465e+06
   1.9133202e+06
   1.9133990e+06
   1.9134872e+06
   1.9135934e+06
   1.9136598e+06
   1.9137176e+06
   1.9137820e+06
   1.9138696e+06
   1.9139341e+06
   1.9140857e+06
   1.9141745e+06
   1.9142439e+06
   1.9143254e+06
   1.9143939e+06
   1.9144895e+06
   1.9145737e+06
   1.9146577e+06
   1.9147269e+06
   1.9147912e+06
   1.9148861e+06
   1.9149614e+06
   1.9151039e+06
   1.9151700e+06
   1.9152311e+06
   1.9153030e+06
   1.9153888e+06
   1.9154641e+06
   1.9155568e+06
   1.9156262e+06
   1.9156922e+06
   1.9158045e+06
   1.9158830e+06
   1.9159533e+06
   1.9160175e+06
   1.9160815e+06
   1.9161450e+06
   1.9162157e+06
   1.9162852e+06
   1.9163608e+06
   1.9164380e+06
   1.9165256e+06
   1.9166115e+06
   1.9166789e+06
   1.9167504e+06
   1.9168175e+06
   1.9168888e+06
   1.9169753e+06
   1.9170329e+06
   1.9171123e+06
   1.9171889e+06
   1.9172644e+06
   1.9173409e+06
   1.9174163e+06
   1.9174857e+06
   1.9175668e+06
   1.9176318e+06
   1.9177235e+06
   1.9178084e+06
   1.9178514e+06
   1.9178546e+06
   1.9178580e+06
   1.9178990e+06
   1.9179192e+06
   1.9179267e+06
   1.9179307e+06
   1.9179510e+06
   1.9179838e+06
   1.9179986e+06
   1.9180252e+06
   1.9180272e+06
   1.9180353e+06
   1.9180640e+06
   1.9180773e+06
   1.9180983e+06
   1.9181144e+06
   1.9181181e+06
   1.9181434e+06
   1.9181483e+06
   1.9181632e+06
   1.9181859e+06
   1.9181882e+06
   1.9182049e+06
   1.9182248e+06
   1.9182499e+06
   1.9182558e+06
   1.9182709e+06
   1.9182762e+06
   1.9182860e+06
   1.9183285e+06
   1.9183534e+06
   1.9183587e+06
   1.9183665e+06
   1.9183770e+06
   1.9184044e+06
   1.9184281e+06
   1.9184310e+06
   1.9184347e+06
   1.9184654e+06
   1.9184745e+06
   1.9184854e+06
   1.9185090e+06
   1.9185157e+06
   1.9185399e+06
   1.9185672e+06
   1.9185744e+06
   1.9185786e+06
   1.9185884e+06
   1.9186247e+06
   1.9186395e+06
   1.9186530e+06
   1.9186647e+06
   1.9187042e+06
   1.9187175e+06
   1.9187263e+06
   1.9187368e+06
   1.9187844e+06
   1.9187869e+06
   1.9187983e+06
   1.9188111e+06
   1.9188153e+06
   1.9188597e+06
   1.9188685e+06
   1.9188791e+06
   1.9188828e+06
   1.9188868e+06
   1.9189502e+06
   1.9189508e+06
   1.9189530e+06
   1.9189733e+06
   1.9189834e+06
   1.9190152e+06
   1.9190186e+06
   1.9190416e+06
   1.9190436e+06
   1.9190673e+06
   1.9190932e+06
   1.9191118e+06
   1.9191239e+06
   1.9191328e+06
   1.9191502e+06
   1.9191641e+06
   1.9192123e+06
   1.9192127e+06
   1.9192164e+06
   1.9192282e+06
   1.9192610e+06
   1.9192754e+06
   1.9192950e+06
   1.9192971e+06
   1.9192987e+06
   1.9193231e+06
   1.9193315e+06
   1.9193594e+06
   1.9193689e+06
   1.9193760e+06
   1.9193921e+06
   1.9194063e+06
   1.9194237e+06
   1.9194381e+06
   1.9194560e+06
   1.9194651e+06
   1.9194710e+06
   1.9194980e+06
   1.9195047e+06
   1.9195345e+06
   1.9195376e+06
   1.9195412e+06
   1.9195628e+06
   1.9195788e+06
   1.9195972e+06
   1.9196227e+06
   1.9196314e+06
   1.9196455e+06
   1.9196549e+06
   1.9196584e+06
   1.9197094e+06
   1.9197108e+06
   1.9197309e+06
   1.9197337e+06
   1.9197419e+06
   1.9197897e+06
   1.9197908e+06
   1.9197931e+06
   1.9197999e+06
   1.9198118e+06
   1.9198519e+06
   1.9198633e+06
   1.9198706e+06
   1.9198741e+06
   1.9199001e+06
   1.9199119e+06
   1.9199391e+06
   1.9199490e+06
   1.9199595e+06
   1.9199916e+06
