   1.3081656e+03
   3.1166799e+03
   4.7969492e+03
   5.9474405e+03
   6.9492488e+03
   9.3335022e+03
   1.0894154e+04
   1.2379758e+04
   1.4115249e+04
   1.6101055e+04
   1.7394124e+04
   1.8364785e+04
   1.9435627e+04
   2.1367158e+04
   2.2844662e+04
   2.4015607e+04
   2.5321705e+04
   2.6207181e+04
   2.7294561e+04
   2.9896082e+04
   3.1085827e+04
   3.2295154e+04
   3.3690803e+04
   3.5129470e+04
   3.7018188e+04
   3.7910855e+04
   3.9160117e+04
   4.0689372e+04
   4.0682025e+04
   4.2208088e+04
   4.3299062e+04
   4.4615038e+04
   4.5744629e+04
   4.7882347e+04
   4.9146041e+04
   5.0425546e+04
   5.2795515e+04
   5.4712672e+04
   5.6161255e+04
   5.7235032e+04
   5.8396374e+04
   5.9886233e+04
   1.0049139e+05
   1.0209979e+05
   1.0372791e+05
   1.0503323e+05
   1.0744758e+05
   1.0874693e+05
   1.0994703e+05
   1.1120545e+05
   1.1235683e+05
   1.1352374e+05
   1.1449671e+05
   1.1674745e+05
   1.1755369e+05
   1.1916758e+05
   1.1996989e+05
   1.6050328e+05
   1.6160102e+05
   1.6265617e+05
   1.6359255e+05
   1.6473684e+05
   1.6578236e+05
   1.6766312e+05
   1.6929830e+05
   1.7016327e+05
   1.7144652e+05
   1.7454376e+05
   1.7583810e+05
   1.7719207e+05
   2.2013835e+05
   2.2113756e+05
   2.2275782e+05
   2.2472765e+05
   2.2562962e+05
   2.2787399e+05
   2.2898455e+05
   2.3027098e+05
   2.3151534e+05
   2.3263060e+05
   2.3361747e+05
   2.3547146e+05
   2.3695740e+05
   2.3805622e+05
   2.3895483e+05
   2.3984325e+05
   2.8163487e+05
   2.8352914e+05
   2.8506400e+05
   2.8643582e+05
   2.8767048e+05
   2.8868842e+05
   2.8984067e+05
   2.9080824e+05
   2.9198665e+05
   2.9350276e+05
   2.9426871e+05
   2.9556687e+05
   2.9676983e+05
   2.9761433e+05
   3.4003317e+05
   3.4172512e+05
   3.4305543e+05
   3.4430666e+05
   3.4604869e+05
   3.4747277e+05
   3.4879025e+05
   3.5049773e+05
   3.5170450e+05
   3.5301085e+05
   3.5403185e+05
   3.5423100e+05
   3.5593611e+05
   3.5684627e+05
   3.5802771e+05
   3.5926316e+05
   4.0002721e+05
   4.0114156e+05
   4.0192381e+05
   4.0295700e+05
   4.0384312e+05
   4.0488188e+05
   4.0634075e+05
   4.0750147e+05
   4.0917237e+05
   4.1054060e+05
   4.1232748e+05
   4.1349803e+05
   4.1469010e+05
   4.1586543e+05
   4.1701188e+05
   4.1800046e+05
   4.1872009e+05
   4.1982527e+05
   4.6013762e+05
   4.6074920e+05
   4.6165436e+05
   4.6283137e+05
   4.6434757e+05
   4.6673083e+05
   4.6753653e+05
   4.6876800e+05
   4.6981295e+05
   4.7085200e+05
   4.7200194e+05
   4.7301491e+05
   4.7409428e+05
   4.7464092e+05
   4.7547348e+05
   4.7650522e+05
   4.7776188e+05
   4.7933285e+05
   5.2011427e+05
   5.2101714e+05
   5.2212845e+05
   5.2303912e+05
   5.2431163e+05
   5.2527700e+05
   5.2646982e+05
   5.2775693e+05
   5.2889988e+05
   5.3045217e+05
   5.3176860e+05
   5.3280957e+05
   5.3373042e+05
   5.3468798e+05
   5.3628051e+05
   5.3725728e+05
   5.3841729e+05
   5.3981008e+05
   5.8000928e+05
   5.8115924e+05
   5.8245494e+05
   5.8376689e+05
   5.8517409e+05
   5.8688227e+05
   5.8718692e+05
   5.8914781e+05
   5.9048117e+05
   5.9160886e+05
   5.9246498e+05
   5.9359385e+05
   5.9450319e+05
   5.9567127e+05
   5.9694417e+05
   5.9792721e+05
   5.9906714e+05
   6.0104334e+05
   6.0219419e+05
   6.0528903e+05
   6.0679884e+05
   6.0811813e+05
   6.0922097e+05
   6.1097859e+05
   6.1175231e+05
   6.1293180e+05
   6.1654598e+05
   6.1803920e+05
   6.1932950e+05
   6.2124500e+05
   6.2284560e+05
   6.2413291e+05
   6.2493186e+05
   6.2626657e+05
   6.2760056e+05
   6.2919351e+05
   6.3097887e+05
   6.3291412e+05
   6.3402338e+05
   6.3512961e+05
   6.3674791e+05
   6.3866937e+05
   6.4091597e+05
   6.4262985e+05
   6.4426009e+05
   6.4609560e+05
   6.4813363e+05
   6.4950399e+05
   6.5099885e+05
   6.5239090e+05
   6.5387545e+05
   6.5506522e+05
   6.5657586e+05
   6.5920180e+05
   6.6087547e+05
   6.6199880e+05
   6.6308981e+05
   6.6451632e+05
   6.6556405e+05
   6.6708158e+05
   6.6873685e+05
   6.6980647e+05
   6.7160172e+05
   6.7331148e+05
   6.7446050e+05
   6.7538239e+05
   6.7737510e+05
   6.7913585e+05
   6.8115851e+05
   6.8288766e+05
   6.8441306e+05
   6.8544615e+05
   6.8718806e+05
   6.8914588e+05
   6.9087479e+05
   6.9194361e+05
   6.9353298e+05
   6.9560515e+05
   7.2209586e+05
   7.2427877e+05
   7.2580944e+05
   7.2714927e+05
   7.3563279e+05
   7.3998038e+05
   7.4658612e+05
   7.4819942e+05
   7.4962966e+05
   7.5513071e+05
   7.5654621e+05
   7.5838227e+05
   7.5994645e+05
   7.6103582e+05
   7.6201738e+05
   7.6283888e+05
   7.6368077e+05
   7.6440738e+05
   7.6522690e+05
   7.6611267e+05
   7.6838330e+05
   7.7002247e+05
   7.7113097e+05
   7.7307224e+05
   7.7600463e+05
   7.7724814e+05
   7.7855758e+05
   8.2068004e+05
   8.2158094e+05
   8.2225022e+05
   8.2289599e+05
   8.2374994e+05
   8.2452565e+05
   8.2539469e+05
   8.2617040e+05
   8.2686211e+05
   8.2859658e+05
   8.3003682e+05
   8.3148043e+05
   8.3243790e+05
   8.3369042e+05
   8.3564082e+05
   8.3690524e+05
   8.3977560e+05
   8.8064159e+05
   8.8146073e+05
   8.8230475e+05
   8.8327630e+05
   8.8415252e+05
   8.8498045e+05
   8.8572634e+05
   8.8668816e+05
   8.8885142e+05
   8.9250786e+05
   8.9383854e+05
   8.9558208e+05
   8.9697117e+05
   8.9892618e+05
   9.4091417e+05
   9.4167817e+05
   9.4287701e+05
   9.4375361e+05
   9.4454433e+05
   9.4535213e+05
   9.4695974e+05
   9.4803282e+05
   9.5001751e+05
   9.5148990e+05
   9.5262414e+05
   9.5387788e+05
   1.0010286e+06
   1.0020873e+06
   1.0028842e+06
   1.0039381e+06
   1.0047295e+06
   1.0056539e+06
   1.0067231e+06
   1.0085458e+06
   1.0099830e+06
   1.0116088e+06
   1.0130322e+06
   1.0197987e+06
   1.0607942e+06
   1.0615049e+06
   1.0624204e+06
   1.0632619e+06
   1.0642966e+06
   1.0651332e+06
   1.0658862e+06
   1.0688826e+06
   1.0708121e+06
   1.0738414e+06
   1.0755508e+06
   1.1210627e+06
   1.1220153e+06
   1.1229948e+06
   1.1238502e+06
   1.1246928e+06
   1.1254423e+06
   1.1263480e+06
   1.1282825e+06
   1.1298227e+06
   1.1332196e+06
   1.1355126e+06
   1.1370010e+06
   1.1382211e+06
   1.1809444e+06
   1.1818866e+06
   1.1830674e+06
   1.1842150e+06
   1.1851312e+06
   1.1858954e+06
   1.1866607e+06
   1.1886474e+06
   1.1903223e+06
   1.1920173e+06
   1.1933687e+06
   1.1958785e+06
   1.1975196e+06
   1.1990305e+06
   1.2407349e+06
   1.2415871e+06
   1.2426623e+06
   1.2433037e+06
   1.2443071e+06
   1.2453245e+06
   1.2461836e+06
   1.2481856e+06
   1.2495167e+06
   1.2509796e+06
   1.2521380e+06
   1.2556564e+06
   1.2587734e+06
   1.3007758e+06
   1.3018976e+06
   1.3027611e+06
   1.3035238e+06
   1.3043904e+06
   1.3054144e+06
   1.3064540e+06
   1.3083628e+06
   1.3105783e+06
   1.3121833e+06
   1.3134223e+06
   1.3164293e+06
   1.3187333e+06
   1.3607276e+06
   1.3614986e+06
   1.3624309e+06
   1.3632570e+06
   1.3644040e+06
   1.3651268e+06
   1.3662133e+06
   1.3689284e+06
   1.3704003e+06
   1.3718954e+06
   1.3733996e+06
   1.3777332e+06
   1.3792325e+06
   1.4208400e+06
   1.4215570e+06
   1.4222990e+06
   1.4230013e+06
   1.4241407e+06
   1.4253916e+06
   1.4264083e+06
   1.4284400e+06
   1.4299496e+06
   1.4315450e+06
   1.4327598e+06
   1.4355970e+06
   1.4369688e+06
   1.4386110e+06
   1.4809008e+06
   1.4817179e+06
   1.4826234e+06
   1.4835477e+06
   1.4843306e+06
   1.4854484e+06
   1.4862524e+06
   1.4869294e+06
   1.4882835e+06
   1.4895446e+06
   1.4919378e+06
   1.4934268e+06
   1.4950481e+06
   1.4970723e+06
   1.4989557e+06
   1.5411587e+06
   1.5419612e+06
   1.5427995e+06
   1.5436858e+06
   1.5446400e+06
   1.5455820e+06
   1.5462884e+06
   1.5480034e+06
   1.5496871e+06
   1.5524393e+06
   1.5538991e+06
   1.5550536e+06
   1.5566418e+06
   1.6010016e+06
   1.6022145e+06
   1.6031703e+06
   1.6041512e+06
   1.6051608e+06
   1.6059751e+06
   1.6086008e+06
   1.6099150e+06
   1.6110186e+06
   1.6127012e+06
   1.6152565e+06
   1.6168397e+06
   1.6179750e+06
   1.6194603e+06
   1.6609298e+06
   1.6621355e+06
   1.6629958e+06
   1.6640274e+06
   1.6647881e+06
   1.6656484e+06
   1.6666548e+06
   1.6682992e+06
   1.6705968e+06
   1.6718581e+06
   1.6733842e+06
   1.6751865e+06
   1.6766875e+06
   1.6787753e+06
   1.7215052e+06
   1.7225015e+06
   1.7236302e+06
   1.7248042e+06
   1.7256154e+06
   1.7268902e+06
   1.7285689e+06
   1.7300306e+06
   1.7317659e+06
   1.7333196e+06
   1.7358813e+06
   1.7372810e+06
   1.7812029e+06
   1.7826216e+06
   1.7836296e+06
   1.7846744e+06
   1.7859007e+06
   1.7869047e+06
   1.7881333e+06
   1.7898659e+06
   1.7910460e+06
   1.7923374e+06
   1.7935624e+06
   1.7960304e+06
   1.7979064e+06
   1.7994760e+06
   1.8411037e+06
   1.8420203e+06
   1.8428736e+06
   1.8441475e+06
   1.8448609e+06
   1.8457573e+06
   1.8465728e+06
   1.8487043e+06
   1.8512358e+06
   1.8534005e+06
   1.8558036e+06
   1.8577656e+06
   1.8595782e+06
   1.9011886e+06
   1.9020849e+06
   1.9031454e+06
   1.9040265e+06
   1.9051135e+06
   1.9062687e+06
   1.9082271e+06
   1.9096970e+06
   1.9107657e+06
   1.9118010e+06
   1.9133537e+06
   1.9157818e+06
   1.9173556e+06
   1.9190168e+06
   6.0157400e+04
   6.1483781e+04
   6.2748406e+04
   6.4009267e+04
   6.5571804e+04
   6.6710836e+04
   6.8009858e+04
   7.0777566e+04
   7.1862488e+04
   7.3398725e+04
   7.4406450e+04
   7.5693812e+04
   7.7176422e+04
   7.8471977e+04
   7.9977627e+04
   8.1326952e+04
   8.3268368e+04
   8.5051441e+04
   8.6810164e+04
   8.8816834e+04
   9.2048633e+04
   9.3179698e+04
   9.4840324e+04
   9.6005815e+04
   9.8039908e+04
   1.2092997e+05
   1.2254308e+05
   1.2374020e+05
   1.2476969e+05
   1.2622013e+05
   1.2755525e+05
   1.2949877e+05
   1.3166774e+05
   1.3274646e+05
   1.3469888e+05
   1.3595845e+05
   1.3770150e+05
   1.3899241e+05
   1.4005503e+05
   1.4146469e+05
   1.4321734e+05
   1.4423211e+05
   1.4555234e+05
   1.4689032e+05
   1.4847305e+05
   1.4982521e+05
   1.5186551e+05
   1.5440578e+05
   1.5657568e+05
   1.5747396e+05
   1.8058482e+05
   1.8212226e+05
   1.8512902e+05
   1.8659277e+05
   1.9079985e+05
   1.9229101e+05
   1.9352892e+05
   1.9526199e+05
   1.9734689e+05
   1.9946258e+05
   2.0168836e+05
   2.0309983e+05
   2.0480493e+05
   2.1002638e+05
   2.1311632e+05
   2.1447093e+05
   2.1547320e+05
   2.1749287e+05
   2.4907237e+05
   2.5077638e+05
   2.5252405e+05
   2.5363425e+05
   2.5576546e+05
   2.5793333e+05
   2.5877977e+05
   2.5966175e+05
   2.6132977e+05
   2.6231095e+05
   2.6395840e+05
   2.6490845e+05
   2.6699274e+05
   2.6828333e+05
   2.6967785e+05
   2.7235575e+05
   2.7330365e+05
   2.7586729e+05
   2.7789415e+05
   3.0027434e+05
   3.0186898e+05
   3.0321923e+05
   3.0430011e+05
   3.0608968e+05
   3.0779753e+05
   3.1117073e+05
   3.1295183e+05
   3.1385588e+05
   3.1515693e+05
   3.1661210e+05
   3.1821610e+05
   3.2028136e+05
   3.2246602e+05
   3.2385604e+05
   3.2483534e+05
   3.2579672e+05
   3.2736872e+05
   3.2847878e+05
   3.3004390e+05
   3.3114226e+05
   3.3271421e+05
   3.3397829e+05
   3.3549431e+05
   3.3700120e+05
   3.6119951e+05
   3.6389380e+05
   3.6518579e+05
   3.6685558e+05
   3.6913597e+05
   3.7083630e+05
   3.7397184e+05
   3.7508712e+05
   3.7644863e+05
   3.7791303e+05
   3.7963102e+05
   3.8406350e+05
   3.8525797e+05
   3.8640162e+05
   3.8753802e+05
   3.8895252e+05
   3.9889732e+05
   4.2244467e+05
   4.2347596e+05
   4.2503570e+05
   4.2608680e+05
   4.2746769e+05
   4.3052292e+05
   4.3311289e+05
   4.3458935e+05
   4.3581389e+05
   4.3721945e+05
   4.3843443e+05
   4.3962712e+05
   4.4123759e+05
   4.4258477e+05
   4.4422905e+05
   4.4602473e+05
   4.4735154e+05
   4.4834904e+05
   4.5026765e+05
   4.5223312e+05
   4.5373508e+05
   4.5473466e+05
   4.5597753e+05
   4.5759648e+05
   4.5932921e+05
   4.8153951e+05
   4.8281101e+05
   4.8654389e+05
   4.8933625e+05
   4.9058798e+05
   4.9183334e+05
   4.9292881e+05
   4.9550834e+05
   4.9733165e+05
   4.9844089e+05
   4.9933509e+05
   5.0059492e+05
   5.0203731e+05
   5.0362737e+05
   5.0633260e+05
   5.0770385e+05
   5.0952853e+05
   5.1077668e+05
   5.1197494e+05
   5.1374096e+05
   5.1507412e+05
   5.1669061e+05
   5.1811404e+05
   5.1955216e+05
   5.4100131e+05
   5.4206225e+05
   5.4301748e+05
   5.4387300e+05
   5.4615180e+05
   5.4740773e+05
   5.4940627e+05
   5.5165690e+05
   5.5305411e+05
   5.5439596e+05
   5.5598534e+05
   5.5767381e+05
   5.5870686e+05
   5.6107554e+05
   5.6262854e+05
   5.6672966e+05
   5.6814454e+05
   5.6932223e+05
   5.7050680e+05
   5.7169997e+05
   5.7291229e+05
   5.7437873e+05
   5.7533177e+05
   5.7659813e+05
   5.7817037e+05
   5.7956329e+05
   7.8162623e+05
   7.8341011e+05
   7.8480483e+05
   7.8640952e+05
   7.8886919e+05
   7.9081640e+05
   7.9230469e+05
   7.9466068e+05
   7.9662111e+05
   7.9969323e+05
   8.0096192e+05
   8.0271151e+05
   8.0793483e+05
   8.0958721e+05
   8.1113213e+05
   8.1376002e+05
   8.1775565e+05
   8.4160776e+05
   8.4856142e+05
   8.5107691e+05
   8.5511468e+05
   8.5811608e+05
   8.6323189e+05
   8.6894872e+05
   8.7004433e+05
   8.7139628e+05
   8.7561586e+05
   8.7691417e+05
   8.7871761e+05
   9.0146867e+05
   9.0251533e+05
   9.0406089e+05
   9.0585904e+05
   9.0789043e+05
   9.1677391e+05
   9.1869897e+05
   9.2099924e+05
   9.2221139e+05
   9.2410090e+05
   9.2626935e+05
   9.2837504e+05
   9.3006515e+05
   9.3209245e+05
   9.3329598e+05
   9.3870800e+05
   9.6107891e+05
   9.6264497e+05
   9.6386311e+05
   9.6518456e+05
   9.6943412e+05
   9.7040739e+05
   9.7249813e+05
   9.7535241e+05
   9.7746774e+05
   9.7952606e+05
   9.8102123e+05
   9.8243602e+05
   9.8525417e+05
   9.8827145e+05
   9.9009417e+05
   9.9258965e+05
   9.9499078e+05
   9.9837460e+05
   1.0237153e+06
   1.0258232e+06
   1.0278143e+06
   1.0324076e+06
   1.0339442e+06
   1.0354977e+06
   1.0407575e+06
   1.0424131e+06
   1.0435014e+06
   1.0450290e+06
   1.0465399e+06
   1.0486432e+06
   1.0499252e+06
   1.0515685e+06
   1.0527752e+06
   1.0559451e+06
   1.0576979e+06
   1.0594354e+06
   1.0824629e+06
   1.0840189e+06
   1.0878461e+06
   1.0895877e+06
   1.0936503e+06
   1.0963779e+06
   1.0979512e+06
   1.0997130e+06
   1.1039799e+06
   1.1053909e+06
   1.1066019e+06
   1.1081719e+06
   1.1133099e+06
   1.1179036e+06
   1.1426055e+06
   1.1445637e+06
   1.1464692e+06
   1.1481180e+06
   1.1502866e+06
   1.1520194e+06
   1.1534562e+06
   1.1570559e+06
   1.1584951e+06
   1.1604197e+06
   1.1629772e+06
   1.1648424e+06
   1.1660620e+06
   1.1704404e+06
   1.1722337e+06
   1.1742080e+06
   1.1752411e+06
   1.1764976e+06
   1.1787436e+06
   1.2010629e+06
   1.2029341e+06
   1.2060950e+06
   1.2077394e+06
   1.2096040e+06
   1.2118810e+06
   1.2159799e+06
   1.2175709e+06
   1.2209344e+06
   1.2228671e+06
   1.2243836e+06
   1.2262685e+06
   1.2296912e+06
   1.2319855e+06
   1.2353984e+06
   1.2625214e+06
   1.2644387e+06
   1.2667739e+06
   1.2738786e+06
   1.2753386e+06
   1.2771185e+06
   1.2793852e+06
   1.2841938e+06
   1.2855972e+06
   1.2889344e+06
   1.2906495e+06
   1.2930072e+06
   1.2944171e+06
   1.2960624e+06
   1.2994247e+06
   1.3234001e+06
   1.3252397e+06
   1.3278785e+06
   1.3299290e+06
   1.3347131e+06
   1.3364589e+06
   1.3391389e+06
   1.3426796e+06
   1.3443308e+06
   1.3491586e+06
   1.3519862e+06
   1.3532563e+06
   1.3557967e+06
   1.3574500e+06
   1.3590402e+06
   1.3840298e+06
   1.3874013e+06
   1.3888048e+06
   1.3903567e+06
   1.3930286e+06
   1.3944710e+06
   1.3977402e+06
   1.3996095e+06
   1.4016202e+06
   1.4027789e+06
   1.4051754e+06
   1.4070583e+06
   1.4088334e+06
   1.4143229e+06
   1.4158179e+06
   1.4176778e+06
   1.4189680e+06
   1.4413889e+06
   1.4441237e+06
   1.4451999e+06
   1.4474698e+06
   1.4492194e+06
   1.4504840e+06
   1.5020993e+06
   1.5087630e+06
   1.5101118e+06
   1.5115456e+06
   1.5166970e+06
   1.5188704e+06
   1.5205473e+06
   1.5241063e+06
   1.5265041e+06
   1.5286845e+06
   1.5313393e+06
   1.5341567e+06
   1.5363793e+06
   1.5388548e+06
   1.5615229e+06
   1.5634084e+06
   1.5658075e+06
   1.5676658e+06
   1.5691861e+06
   1.5705034e+06
   1.5741643e+06
   1.5764848e+06
   1.5786110e+06
   1.5804448e+06
   1.5821805e+06
   1.5841265e+06
   1.5865924e+06
   1.5885080e+06
   1.5903813e+06
   1.5940571e+06
   1.5960869e+06
   1.5993632e+06
   1.6217734e+06
   1.6232382e+06
   1.6256953e+06
   1.6269586e+06
   1.6290155e+06
   1.6307512e+06
   1.6324335e+06
   1.6341492e+06
   1.6359744e+06
   1.6811756e+06
   1.6825797e+06
   1.6835479e+06
   1.6851224e+06
   1.6864425e+06
   1.6896202e+06
   1.6911214e+06
   1.6922720e+06
   1.7010781e+06
   1.7044837e+06
   1.7079643e+06
   1.7116759e+06
   1.7134320e+06
   1.7165027e+06
   1.7185380e+06
   1.7198125e+06
   1.7428561e+06
   1.7461022e+06
   1.7474584e+06
   1.7497351e+06
   1.7514202e+06
   1.7527398e+06
   1.7545525e+06
   1.7559113e+06
   1.7581491e+06
   1.7621804e+06
   1.7632651e+06
   1.7654605e+06
   1.7667338e+06
   1.7692407e+06
   1.7724991e+06
   1.7751807e+06
   1.7770221e+06
   1.8018637e+06
   1.8038806e+06
   1.8062041e+06
   1.8075595e+06
   1.8095130e+06
   1.8131886e+06
   1.8208344e+06
   1.8229995e+06
   1.8259294e+06
   1.8292329e+06
   1.8395996e+06
   1.8641595e+06
   1.8661495e+06
   1.8676983e+06
   1.8694535e+06
   1.8710285e+06
   1.8730363e+06
   1.8752850e+06
   1.8810368e+06
   1.8882789e+06
   1.8903616e+06
   1.8926391e+06
   1.8942943e+06
   1.8959419e+06
   3.5914794e+05
   3.5926055e+05
   4.1911489e+05
   4.1923060e+05
   4.1939349e+05
   4.1954279e+05
   4.1966831e+05
   4.1991918e+05
   4.7911152e+05
   4.7930475e+05
   4.7977519e+05
   4.7990236e+05
   5.3924403e+05
   5.9927484e+05
   5.9962898e+05
   5.9980122e+05
   5.9992493e+05
   1.8082131e+06
   1.8105839e+06
   1.8125186e+06
   1.8142449e+06
   1.8189680e+06
   1.8206692e+06
   1.8224113e+06
   1.8242148e+06
   1.8274936e+06
   1.8293253e+06
   1.8314909e+06
   1.8338224e+06
   1.8348810e+06
   1.8384380e+06
   1.8621794e+06
   1.8660014e+06
   1.8701607e+06
   1.8724485e+06
   1.8740941e+06
   1.8766229e+06
   1.8779801e+06
   1.8790771e+06
   1.8952389e+06
   1.8976176e+06
   1.8993312e+06
   3.5923923e+05
   3.5961127e+05
   3.5980690e+05
   4.1934352e+05
   4.1959049e+05
   4.1977796e+05
   4.7931426e+05
   4.7943150e+05
   4.7971010e+05
   4.7989621e+05
   5.3918207e+05
   5.3933427e+05
   5.3953566e+05
   5.3977531e+05
   5.3993885e+05
   5.9914420e+05
   5.9954492e+05
   5.9979422e+05
   1.8928826e+06
   1.8942390e+06
   1.8961736e+06
   1.8995111e+06
   3.5926419e+05
   3.5969880e+05
   3.5993653e+05
   4.1929970e+05
   4.1953891e+05
   4.7910097e+05
   4.7925317e+05
   4.7961356e+05
   4.7975688e+05
   5.3925883e+05
   5.3935921e+05
   5.3956794e+05
   5.3991441e+05
   5.9912800e+05
   5.9953181e+05
   5.9968573e+05
   5.9986410e+05
