   4.5484628e+03
   6.1536649e+03
   7.8429404e+03
   1.0548807e+04
   1.2302972e+04
   1.4472775e+04
   1.6486363e+04
   3.8563741e+04
   3.9990881e+04
   4.2440862e+04
   4.2900903e+04
   4.4600250e+04
   4.7168721e+04
   4.7821125e+04
   4.8930928e+04
   5.0105206e+04
   5.1353043e+04
   1.0038109e+05
   1.0278121e+05
   1.0580248e+05
   1.0791486e+05
   1.0953780e+05
   1.1070010e+05
   1.1207161e+05
   1.1480501e+05
   1.1676010e+05
   1.1830393e+05
   1.6015668e+05
   1.6544568e+05
   1.6801319e+05
   1.6938582e+05
   1.7074449e+05
   1.7309173e+05
   1.7468249e+05
   1.7676163e+05
   1.7797529e+05
   2.2005047e+05
   2.2356693e+05
   2.2453902e+05
   2.2647569e+05
   2.2730909e+05
   2.2876303e+05
   2.3069324e+05
   2.3184482e+05
   2.3322697e+05
   2.3599367e+05
   2.3710482e+05
   2.8081777e+05
   2.8225717e+05
   2.8495022e+05
   2.8598780e+05
   2.8917691e+05
   2.9068484e+05
   2.9234887e+05
   2.9396408e+05
   2.9448692e+05
   2.9769939e+05
   3.0007741e+05
   3.4000809e+05
   3.4147691e+05
   3.4270167e+05
   3.4448176e+05
   3.4879740e+05
   3.5540561e+05
   3.5800625e+05
   3.5902440e+05
   4.0008696e+05
   4.0058828e+05
   4.0202904e+05
   4.0309372e+05
   4.0563665e+05
   4.0791841e+05
   4.1056784e+05
   4.1155153e+05
   4.1305231e+05
   4.1416603e+05
   4.1513553e+05
   4.1782609e+05
   4.1965696e+05
   4.6031664e+05
   4.6196416e+05
   4.6289701e+05
   4.6437658e+05
   4.6584164e+05
   4.6704244e+05
   4.6824578e+05
   4.6995127e+05
   4.7129011e+05
   4.7389297e+05
   4.7664092e+05
   4.7844087e+05
   5.2121182e+05
   5.2394993e+05
   5.2609981e+05
   5.2701024e+05
   5.2804022e+05
   5.2922668e+05
   5.3184062e+05
   5.8014872e+05
   5.8034883e+05
   5.8249096e+05
   5.8448906e+05
   5.8642637e+05
   5.8802526e+05
   5.8927708e+05
   5.9061929e+05
   5.9288091e+05
   5.9457409e+05
   5.9592714e+05
   5.9731017e+05
   6.0205029e+05
   6.0462996e+05
   6.0827370e+05
   6.1004957e+05
   6.1227462e+05
   6.1462603e+05
   6.1613912e+05
   6.1775895e+05
   6.2176995e+05
   6.2327223e+05
   6.2710460e+05
   6.3063887e+05
   6.3513273e+05
   6.4121410e+05
   6.4940772e+05
   6.5071519e+05
   6.5459783e+05
   6.5836138e+05
   6.5968545e+05
   6.6210607e+05
   6.6532855e+05
   6.7354739e+05
   6.7499676e+05
   6.7633659e+05
   6.7838193e+05
   6.8028053e+05
   6.8251407e+05
   6.8397023e+05
   6.8595397e+05
   6.8859076e+05
   6.9033757e+05
   6.9249320e+05
   6.9644006e+05
   7.0037365e+05
   7.0555630e+05
   7.0798270e+05
   7.1036953e+05
   7.1185393e+05
   7.1485794e+05
   7.1999122e+05
   7.2175579e+05
   7.3387383e+05
   7.3579488e+05
   7.3845717e+05
   7.4016865e+05
   7.4231346e+05
   7.4360355e+05
   7.4925748e+05
   7.5267991e+05
   7.5873704e+05
   7.6088686e+05
   7.6146559e+05
   7.6233571e+05
   7.6361049e+05
   7.6461263e+05
   7.6548847e+05
   7.6662195e+05
   7.6975774e+05
   7.7101738e+05
   7.7280994e+05
   7.7525396e+05
   7.7637583e+05
   8.2088986e+05
   8.2174311e+05
   8.2277765e+05
   8.2359970e+05
   8.2455026e+05
   8.2569093e+05
   8.2649322e+05
   8.2817130e+05
   8.3084202e+05
   8.3235343e+05
   8.3526776e+05
   8.3863374e+05
   8.8103964e+05
   8.8214475e+05
   8.8294830e+05
   8.8393328e+05
   8.8536076e+05
   8.8618931e+05
   8.9042395e+05
   8.9221994e+05
   8.9783872e+05
   8.9919903e+05
   9.4125321e+05
   9.4218185e+05
   9.4329087e+05
   9.4474820e+05
   9.4572455e+05
   9.4675211e+05
   9.4853406e+05
   9.5195106e+05
   9.5312403e+05
   9.5542716e+05
   1.0029113e+06
   1.0040609e+06
   1.0053585e+06
   1.0063562e+06
   1.0082145e+06
   1.0102956e+06
   1.0123118e+06
   1.0164714e+06
   1.0186508e+06
   1.0617060e+06
   1.0625702e+06
   1.0640170e+06
   1.0656062e+06
   1.0668677e+06
   1.0705802e+06
   1.0771670e+06
   1.0781652e+06
   1.0794348e+06
   1.1210507e+06
   1.1224626e+06
   1.1235503e+06
   1.1244077e+06
   1.1262720e+06
   1.1282648e+06
   1.1307088e+06
   1.1323417e+06
   1.1358389e+06
   1.1373179e+06
   1.1398834e+06
   1.1811022e+06
   1.1822103e+06
   1.1833577e+06
   1.1847708e+06
   1.1858504e+06
   1.1868977e+06
   1.1893882e+06
   1.1914501e+06
   1.1930815e+06
   1.1956187e+06
   1.1979508e+06
   1.2413533e+06
   1.2423893e+06
   1.2439887e+06
   1.2463251e+06
   1.2485789e+06
   1.2503102e+06
   1.2514619e+06
   1.2530100e+06
   1.2552266e+06
   1.3011729e+06
   1.3039538e+06
   1.3052100e+06
   1.3069056e+06
   1.3089061e+06
   1.3112990e+06
   1.3129868e+06
   1.3163550e+06
   1.3178189e+06
   1.3612883e+06
   1.3622778e+06
   1.3640703e+06
   1.3658985e+06
   1.3690162e+06
   1.3715726e+06
   1.3731511e+06
   1.3751524e+06
   1.4216207e+06
   1.4228860e+06
   1.4238436e+06
   1.4259838e+06
   1.4294575e+06
   1.4311410e+06
   1.4333520e+06
   1.4353809e+06
   1.4372667e+06
   1.4389123e+06
   1.4814375e+06
   1.4829530e+06
   1.4844119e+06
   1.4858707e+06
   1.4886752e+06
   1.4901815e+06
   1.4917701e+06
   1.4932682e+06
   1.4953593e+06
   1.4967564e+06
   1.4995802e+06
   1.5414137e+06
   1.5427029e+06
   1.5443762e+06
   1.5459805e+06
   1.5484394e+06
   1.5509825e+06
   1.5535238e+06
   1.5563835e+06
   1.5578816e+06
   1.5592512e+06
   1.6029758e+06
   1.6046228e+06
   1.6060623e+06
   1.6092838e+06
   1.6181002e+06
   1.6196849e+06
   1.6610282e+06
   1.6621835e+06
   1.6637135e+06
   1.6722050e+06
   1.6735857e+06
   1.7223669e+06
   1.7239147e+06
   1.7264581e+06
   1.7287717e+06
   1.7303501e+06
   1.7363018e+06
   1.7378790e+06
   1.7820321e+06
   1.7837837e+06
   1.7886223e+06
   1.7898389e+06
   1.7911173e+06
   1.7932434e+06
   1.7961244e+06
   1.7977647e+06
   1.8411414e+06
   1.8423326e+06
   1.8441918e+06
   1.8454086e+06
   1.8469365e+06
   1.8504073e+06
   1.8520610e+06
   1.8578258e+06
   1.9016783e+06
   1.9040470e+06
   1.9050306e+06
   1.9063315e+06
   1.9091913e+06
   1.9111290e+06
   1.9134100e+06
   1.9185477e+06
   1.9197732e+06
   6.3806943e+04
   6.6511861e+04
   6.9999325e+04
   7.7042526e+04
   7.8793428e+04
   8.3749915e+04
   8.6050494e+04
   8.7488530e+04
   9.0415150e+04
   9.2259935e+04
   9.5776960e+04
   1.2086398e+05
   1.2935710e+05
   1.3129689e+05
   1.3281265e+05
   1.4049136e+05
   1.5195880e+05
   1.5366805e+05
   1.5629307e+05
   1.9255915e+05
   1.9525150e+05
   1.9852406e+05
   2.0059117e+05
   2.0281980e+05
   2.1256275e+05
   2.1430640e+05
   2.1596891e+05
   2.4410765e+05
   2.4551814e+05
   2.4776930e+05
   2.5239961e+05
   2.5398599e+05
   2.5649579e+05
   2.5815228e+05
   2.5921876e+05
   2.6118344e+05
   2.6365426e+05
   2.6653931e+05
   2.7006833e+05
   2.7332987e+05
   2.7597216e+05
   3.0368007e+05
   3.0637422e+05
   3.0783587e+05
   3.0910101e+05
   3.1040945e+05
   3.1484150e+05
   3.1993033e+05
   3.2137851e+05
   3.2480745e+05
   3.2653540e+05
   3.2800925e+05
   3.3079169e+05
   3.3602578e+05
   3.6417862e+05
   3.6602179e+05
   3.6785354e+05
   3.7177892e+05
   3.7579643e+05
   3.7795739e+05
   3.7994707e+05
   3.8574375e+05
   3.8906244e+05
   3.9048552e+05
   3.9317384e+05
   3.9528695e+05
   3.9702697e+05
   4.2371258e+05
   4.2712309e+05
   4.3143390e+05
   4.3308950e+05
   4.3441537e+05
   4.3708624e+05
   4.3881209e+05
   4.4044546e+05
   4.4238762e+05
   4.4404858e+05
   4.4946644e+05
   4.5245004e+05
   4.5625813e+05
   4.5801552e+05
   4.5934790e+05
   4.8696121e+05
   4.8906545e+05
   4.9120043e+05
   4.9311253e+05
   4.9439185e+05
   4.9604391e+05
   4.9811326e+05
   4.9979322e+05
   5.0153532e+05
   5.0344366e+05
   5.0767802e+05
   5.1624333e+05
   5.1848285e+05
   5.4296099e+05
   5.4515296e+05
   5.4720674e+05
   5.5041855e+05
   5.5219477e+05
   5.5457006e+05
   5.5768622e+05
   5.5954406e+05
   5.6199921e+05
   5.6422632e+05
   5.6685229e+05
   5.6921821e+05
   5.7172319e+05
   5.7336068e+05
   5.7479479e+05
   5.7698014e+05
   5.7902313e+05
   7.8153626e+05
   7.8314688e+05
   7.8494488e+05
   7.8791083e+05
   7.9028464e+05
   7.9181559e+05
   7.9483096e+05
   7.9633594e+05
   7.9811268e+05
   8.0123554e+05
   8.1371188e+05
   8.1861275e+05
   8.4225953e+05
   8.4400177e+05
   8.4652168e+05
   8.4941137e+05
   8.5178104e+05
   8.5879884e+05
   8.6129778e+05
   8.6281227e+05
   8.6746758e+05
   8.7011205e+05
   8.7221050e+05
   8.7476521e+05
   8.7628825e+05
   8.7875515e+05
   9.0340809e+05
   9.0510679e+05
   9.2874221e+05
   9.3343147e+05
   9.6199856e+05
   9.6385196e+05
   9.6521734e+05
   9.6659667e+05
   9.6789469e+05
   9.7079045e+05
   9.7279154e+05
   9.7765663e+05
   9.8057188e+05
   9.8683239e+05
   9.9545900e+05
   9.9888441e+05
   1.0212181e+06
   1.0234441e+06
   1.0254920e+06
   1.0270596e+06
   1.0306602e+06
   1.0331475e+06
   1.0349676e+06
   1.0368435e+06
   1.0390779e+06
   1.0413297e+06
   1.0429253e+06
   1.0442225e+06
   1.0459158e+06
   1.0488188e+06
   1.0508437e+06
   1.0526085e+06
   1.0554998e+06
   1.0564054e+06
   1.0822655e+06
   1.0849824e+06
   1.0867849e+06
   1.0893786e+06
   1.0912853e+06
   1.0926275e+06
   1.0949081e+06
   1.0970527e+06
   1.1005667e+06
   1.1024927e+06
   1.1053054e+06
   1.1070655e+06
   1.1098502e+06
   1.1594264e+06
   1.1618587e+06
   1.1637768e+06
   1.1690778e+06
   1.1723224e+06
   1.1747320e+06
   1.1790433e+06
   1.2014274e+06
   1.2028601e+06
   1.2372783e+06
   1.2397855e+06
   1.2639365e+06
   1.2656517e+06
   1.2696286e+06
   1.2739528e+06
   1.2796971e+06
   1.2815960e+06
   1.2844551e+06
   1.2857896e+06
   1.2880633e+06
   1.2921456e+06
   1.2933708e+06
   1.2963953e+06
   1.3219463e+06
   1.3242083e+06
   1.3260867e+06
   1.3281353e+06
   1.3317014e+06
   1.3357680e+06
   1.3376552e+06
   1.3394592e+06
   1.3433136e+06
   1.3448290e+06
   1.3479433e+06
   1.3500088e+06
   1.3519841e+06
   1.3566970e+06
   1.3813778e+06
   1.3825553e+06
   1.3843240e+06
   1.3868377e+06
   1.3911610e+06
   1.3932225e+06
   1.3951346e+06
   1.3973867e+06
   1.4002783e+06
   1.4022003e+06
   1.4071206e+06
   1.4129789e+06
   1.4163572e+06
   1.4418193e+06
   1.4446861e+06
   1.4472283e+06
   1.4513267e+06
   1.4537609e+06
   1.4595651e+06
   1.4649337e+06
   1.4665170e+06
   1.4705224e+06
   1.4738419e+06
   1.4764436e+06
   1.5040183e+06
   1.5054676e+06
   1.5072207e+06
   1.5085352e+06
   1.5111569e+06
   1.5133869e+06
   1.5151541e+06
   1.5170144e+06
   1.5187733e+06
   1.5612947e+06
   1.5685263e+06
   1.5710169e+06
   1.5732902e+06
   1.5763271e+06
   1.5786237e+06
   1.5839105e+06
   1.5879919e+06
   1.5900574e+06
   1.5925153e+06
   1.5946294e+06
   1.5985439e+06
   1.6226794e+06
   1.6241633e+06
   1.6267330e+06
   1.6344044e+06
   1.6365810e+06
   1.6388484e+06
   1.6411959e+06
   1.6441307e+06
   1.6469105e+06
   1.6490541e+06
   1.6505989e+06
   1.6526243e+06
   1.6568589e+06
   1.6842152e+06
   1.6871860e+06
   1.6906306e+06
   1.6926116e+06
   1.6955340e+06
   1.7011966e+06
   1.7029939e+06
   1.7061611e+06
   1.7178173e+06
   1.7426414e+06
   1.7441177e+06
   1.7455506e+06
   1.7474381e+06
   1.7502532e+06
   1.7563461e+06
   1.7586661e+06
   1.7633175e+06
   1.7660874e+06
   1.7710065e+06
   1.7725799e+06
   1.7739580e+06
   1.7756850e+06
   1.8102904e+06
   1.8153315e+06
   1.8219504e+06
   1.8234236e+06
   1.8246808e+06
   1.8288566e+06
   1.8350548e+06
   1.8375364e+06
   1.8623797e+06
   1.8647595e+06
   1.8677043e+06
   1.8710061e+06
   1.8735679e+06
   1.8755112e+06
   1.8838850e+06
   1.8854701e+06
   1.8882784e+06
   1.8909779e+06
   1.8939559e+06
   1.8959426e+06
   1.8985526e+06
   3.5918630e+05
   3.5943211e+05
   3.5965193e+05
   3.5998975e+05
   4.1917292e+05
   4.1943268e+05
   4.1961575e+05
   4.1979756e+05
   4.1991083e+05
   4.7934814e+05
   4.7970232e+05
   4.7982264e+05
   5.3968546e+05
   5.3998770e+05
   5.9921080e+05
   5.9942590e+05
   5.9964730e+05
   5.9989553e+05
   5.9928266e+05
   5.9944867e+05
   5.9957519e+05
   5.9975368e+05
   5.9998860e+05
