   1.1116061e+03
   1.5482983e+03
   2.5349057e+03
   2.9842344e+03
   3.3561639e+03
   3.6680415e+03
   4.1359405e+03
   4.6794529e+03
   5.4207725e+03
   6.1669712e+03
   6.5446061e+03
   7.1692095e+03
   1.6625801e+04
   1.7214650e+04
   1.7637024e+04
   1.8296830e+04
   1.8720129e+04
   1.9158172e+04
   1.9678860e+04
   2.0266432e+04
   2.0957408e+04
   2.1482916e+04
   2.2708727e+04
   2.3348244e+04
   2.4705233e+04
   2.5809056e+04
   2.7173014e+04
   2.8001185e+04
   2.8644783e+04
   2.9160059e+04
   2.9722278e+04
   3.0096800e+04
   3.0575532e+04
   3.1133793e+04
   3.2124280e+04
   3.2656753e+04
   3.3156842e+04
   3.4376714e+04
   3.5664444e+04
   3.6956076e+04
   3.7477659e+04
   3.8757412e+04
   3.9228286e+04
   3.9925858e+04
   4.0736048e+04
   4.0736399e+04
   4.1506457e+04
   4.2515228e+04
   4.3045164e+04
   4.3724413e+04
   4.4988544e+04
   4.5413146e+04
   4.5939643e+04
   4.6518563e+04
   4.7410386e+04
   4.7757005e+04
   4.8620056e+04
   4.9020107e+04
   4.9495938e+04
   5.0185013e+04
   5.0747534e+04
   5.1277981e+04
   5.1753283e+04
   5.2230070e+04
   5.2863066e+04
   5.3561226e+04
   5.4445977e+04
   5.4934225e+04
   5.5259398e+04
   5.5832230e+04
   5.6379696e+04
   5.7088738e+04
   5.7587974e+04
   5.8226610e+04
   5.8750153e+04
   5.9173454e+04
   5.9596028e+04
   1.0059687e+05
   1.0118761e+05
   1.0169795e+05
   1.0232637e+05
   1.0283468e+05
   1.0383023e+05
   1.0450750e+05
   1.0517780e+05
   1.0552846e+05
   1.0600333e+05
   1.0687720e+05
   1.0810678e+05
   1.0853361e+05
   1.0907214e+05
   1.0961968e+05
   1.1016936e+05
   1.1055152e+05
   1.1097932e+05
   1.1144801e+05
   1.1194236e+05
   1.1241966e+05
   1.1298380e+05
   1.1361823e+05
   1.1464586e+05
   1.1521072e+05
   1.1562243e+05
   1.1656329e+05
   1.1708112e+05
   1.1771161e+05
   1.1837166e+05
   1.1872026e+05
   1.1935972e+05
   1.6041266e+05
   1.6075499e+05
   1.6118447e+05
   1.6299858e+05
   1.6339833e+05
   1.6399970e+05
   1.6465794e+05
   1.6546744e+05
   1.6583406e+05
   1.6647168e+05
   1.6895534e+05
   1.6937116e+05
   1.6983084e+05
   1.7044532e+05
   1.7126697e+05
   1.7168142e+05
   1.7214220e+05
   1.7255594e+05
   1.7314560e+05
   1.7387161e+05
   1.7448012e+05
   1.7488010e+05
   1.7585018e+05
   1.7634619e+05
   1.7723351e+05
   1.7772222e+05
   1.7813859e+05
   1.7860042e+05
   1.7918303e+05
   1.7966615e+05
   2.2049817e+05
   2.2118714e+05
   2.2155130e+05
   2.2241511e+05
   2.2300251e+05
   2.2339792e+05
   2.2385555e+05
   2.2437542e+05
   2.2602483e+05
   2.2653887e+05
   2.2697748e+05
   2.2744585e+05
   2.2795720e+05
   2.2845595e+05
   2.2939136e+05
   2.3000107e+05
   2.3066141e+05
   2.3151847e+05
   2.3220983e+05
   2.3279123e+05
   2.3336380e+05
   2.3394466e+05
   2.3450608e+05
   2.3484749e+05
   2.3540093e+05
   2.3586177e+05
   2.3637885e+05
   2.3681651e+05
   2.3732111e+05
   2.3834829e+05
   2.3869275e+05
   2.3906280e+05
   2.8770596e+05
   2.8840615e+05
   2.8888654e+05
   2.8930458e+05
   2.9009279e+05
   2.9094788e+05
   2.9127961e+05
   2.9194951e+05
   2.9241100e+05
   2.9286119e+05
   2.9356289e+05
   2.9551643e+05
   2.9642260e+05
   2.9681779e+05
   2.9735305e+05
   2.9849458e+05
   2.9890105e+05
   2.9935363e+05
   2.9988897e+05
   3.4045793e+05
   3.4115539e+05
   3.4176124e+05
   3.4222378e+05
   3.4280154e+05
   3.4345174e+05
   3.4384230e+05
   3.4436902e+05
   3.4484005e+05
   3.4529968e+05
   3.4567734e+05
   3.4607995e+05
   3.4745350e+05
   3.4829857e+05
   3.4886637e+05
   3.4947784e+05
   3.4998236e+05
   3.5040881e+05
   3.5092640e+05
   3.5180354e+05
   3.5302485e+05
   3.5357727e+05
   3.5546197e+05
   3.5602915e+05
   3.5749273e+05
   3.5822924e+05
   3.5924296e+05
   3.5974000e+05
   4.0033203e+05
   4.0070226e+05
   4.0119770e+05
   4.0171718e+05
   4.0209617e+05
   4.0327014e+05
   4.0369274e+05
   4.0419266e+05
   4.0512264e+05
   4.0559683e+05
   4.0631068e+05
   4.0675162e+05
   4.0739820e+05
   4.0816295e+05
   4.0872437e+05
   4.0944157e+05
   4.1037416e+05
   4.1088281e+05
   4.1167215e+05
   4.1219526e+05
   4.1255796e+05
   4.1301700e+05
   4.1448375e+05
   4.1523894e+05
   4.1570998e+05
   4.1629827e+05
   4.1710129e+05
   4.1763753e+05
   4.1803684e+05
   4.1871337e+05
   4.1949903e+05
   4.1991030e+05
   4.6736885e+05
   4.6784543e+05
   4.6837177e+05
   4.6898504e+05
   4.6946367e+05
   4.7005728e+05
   4.7055616e+05
   4.7126471e+05
   4.7160872e+05
   4.7219326e+05
   4.7294028e+05
   4.7384394e+05
   4.7438338e+05
   4.7499758e+05
   4.7547191e+05
   4.7624198e+05
   4.7679299e+05
   4.7724039e+05
   4.7781280e+05
   4.7856981e+05
   4.7927611e+05
   4.7980426e+05
   5.2068930e+05
   5.2124357e+05
   5.2181086e+05
   5.2222839e+05
   5.2267972e+05
   5.2312093e+05
   5.2373462e+05
   5.2551348e+05
   5.2621302e+05
   5.2746790e+05
   5.2805535e+05
   5.2958820e+05
   5.3008145e+05
   5.3059127e+05
   5.3095026e+05
   5.3167171e+05
   5.3261232e+05
   5.3315030e+05
   5.3388638e+05
   5.3465210e+05
   5.3601460e+05
   5.3680886e+05
   5.3717173e+05
   5.3778625e+05
   5.3823878e+05
   5.3958710e+05
   5.8042474e+05
   5.8106777e+05
   5.8139265e+05
   5.8226208e+05
   5.8357345e+05
   5.8408205e+05
   5.8467167e+05
   5.8565429e+05
   5.8629595e+05
   5.8689792e+05
   5.8736580e+05
   5.8820216e+05
   5.8894560e+05
   5.8978886e+05
   5.9029655e+05
   5.9083799e+05
   5.9162394e+05
   5.9210706e+05
   5.9286544e+05
   5.9333253e+05
   5.9380897e+05
   5.9451758e+05
   5.9532345e+05
   5.9600762e+05
   5.9655583e+05
   5.9724847e+05
   5.9768484e+05
   5.9838399e+05
   5.9900703e+05
   5.9966644e+05
   6.0190998e+05
   6.0252989e+05
   6.0334759e+05
   6.0387437e+05
   6.0433733e+05
   6.0480344e+05
   6.1091337e+05
   6.1180040e+05
   6.1235416e+05
   6.1268225e+05
   6.1311507e+05
   6.1424762e+05
   6.1465955e+05
   6.1546182e+05
   6.1606003e+05
   6.1713232e+05
   6.1797143e+05
   6.1852908e+05
   6.1906133e+05
   6.1955969e+05
   6.2048325e+05
   6.2099159e+05
   6.2198861e+05
   6.2388740e+05
   6.2421387e+05
   6.2476234e+05
   6.2515501e+05
   6.2562758e+05
   6.2623306e+05
   6.2671720e+05
   6.2720774e+05
   6.2819276e+05
   6.2924832e+05
   6.3004497e+05
   6.3122910e+05
   6.3178031e+05
   6.3223923e+05
   6.3321730e+05
   6.3368746e+05
   6.3438348e+05
   6.3639228e+05
   6.3734431e+05
   6.3826557e+05
   6.3935084e+05
   6.4038591e+05
   6.4126838e+05
   6.4173593e+05
   6.4250770e+05
   6.4537596e+05
   6.4586966e+05
   6.4657135e+05
   6.4741391e+05
   6.4784378e+05
   6.4861009e+05
   6.4994898e+05
   6.5042292e+05
   6.5293566e+05
   6.5380566e+05
   6.5424939e+05
   6.5501478e+05
   6.5617232e+05
   6.5672000e+05
   6.5756701e+05
   6.5863003e+05
   6.5907263e+05
   6.5995335e+05
   6.6042367e+05
   6.6105554e+05
   6.6167301e+05
   6.6307260e+05
   6.6404305e+05
   6.6498475e+05
   6.6600893e+05
   6.6659826e+05
   6.6719816e+05
   6.6775360e+05
   6.6857428e+05
   6.6941579e+05
   6.7012128e+05
   6.7059360e+05
   6.7142773e+05
   6.7197351e+05
   6.7263057e+05
   6.7355153e+05
   6.7400146e+05
   6.7454233e+05
   6.7611674e+05
   6.7678732e+05
   6.7728206e+05
   6.7843749e+05
   6.7894504e+05
   6.7996092e+05
   6.8050881e+05
   6.8118783e+05
   6.8175205e+05
   6.8231980e+05
   6.8277743e+05
   6.8379437e+05
   6.8447648e+05
   6.8856202e+05
   6.8920810e+05
   6.8978763e+05
   6.9024653e+05
   6.9114249e+05
   6.9258870e+05
   6.9350998e+05
   6.9427029e+05
   6.9476921e+05
   6.9559209e+05
   6.9603780e+05
   6.9642636e+05
   6.9706756e+05
   6.9769846e+05
   6.9813986e+05
   6.9873632e+05
   7.0039402e+05
   7.0116904e+05
   7.0173341e+05
   7.0293374e+05
   7.0519481e+05
   7.0558259e+05
   7.0631351e+05
   7.0670554e+05
   7.0711235e+05
   7.1004892e+05
   7.1110015e+05
   7.1156129e+05
   7.1210037e+05
   7.1263178e+05
   7.1303980e+05
   7.1535642e+05
   7.1623873e+05
   7.1664740e+05
   7.1732912e+05
   7.1800324e+05
   7.1901271e+05
   7.1935812e+05
   7.2061805e+05
   7.2109332e+05
   7.2163640e+05
   7.2236191e+05
   7.2294955e+05
   7.2361266e+05
   7.2405474e+05
   7.2482916e+05
   7.2528673e+05
   7.2577712e+05
   7.2628328e+05
   7.2695656e+05
   7.2751311e+05
   7.2828835e+05
   7.2935734e+05
   7.2992816e+05
   7.3078265e+05
   7.3121378e+05
   7.3170631e+05
   7.3283957e+05
   7.3331300e+05
   7.3374675e+05
   7.3451178e+05
   7.3512540e+05
   7.3572618e+05
   7.3653284e+05
   7.3726415e+05
   7.3777832e+05
   7.3903352e+05
   7.4018322e+05
   7.4093145e+05
   7.4153915e+05
   7.4237442e+05
   7.4293186e+05
   7.4360878e+05
   7.4407654e+05
   7.4450379e+05
   7.4505495e+05
   7.4585305e+05
   7.4657219e+05
   7.4707302e+05
   7.4740257e+05
   7.4800539e+05
   7.4864937e+05
   7.4915846e+05
   7.4966149e+05
   7.5019104e+05
   7.5078667e+05
   7.5155109e+05
   7.5207008e+05
   7.5276690e+05
   7.5326355e+05
   7.5713113e+05
   7.5869451e+05
   7.5919012e+05
   7.5987652e+05
   7.6038900e+05
   7.6081213e+05
   7.6138073e+05
   7.6206971e+05
   7.6247692e+05
   7.6315358e+05
   7.6356406e+05
   7.6430587e+05
   7.6488428e+05
   7.6531330e+05
   7.6598130e+05
   7.6646189e+05
   7.6695295e+05
   7.6748534e+05
   7.6805828e+05
   7.6843280e+05
   7.6908530e+05
   7.7049322e+05
   7.7133071e+05
   7.7170551e+05
   7.7213290e+05
   7.7260235e+05
   7.7325794e+05
   7.7380876e+05
   7.7462513e+05
   7.7552813e+05
   7.7593504e+05
   7.7635589e+05
   7.7726803e+05
   7.7782646e+05
   7.7872628e+05
   7.7957808e+05
   7.7993042e+05
   8.2053228e+05
   8.2115160e+05
   8.2160879e+05
   8.2230839e+05
   8.2363444e+05
   8.2416674e+05
   8.2501770e+05
   8.2564601e+05
   8.2633189e+05
   8.2742430e+05
   8.2823389e+05
   8.2865755e+05
   8.3009347e+05
   8.3093069e+05
   8.3161028e+05
   8.3223285e+05
   8.3304339e+05
   8.3352722e+05
   8.3443847e+05
   8.3496488e+05
   8.3571828e+05
   8.3629335e+05
   8.3657156e+05
   8.3701090e+05
   8.3743137e+05
   8.3794927e+05
   8.3868593e+05
   8.3903535e+05
   8.8112695e+05
   8.8158795e+05
   8.8278793e+05
   8.8326716e+05
   8.8371471e+05
   8.8424700e+05
   8.8473653e+05
   8.8534939e+05
   8.8597672e+05
   8.8679756e+05
   8.8757646e+05
   8.8802771e+05
   8.8857761e+05
   8.9072703e+05
   8.9142463e+05
   8.9241826e+05
   8.9283272e+05
   8.9321754e+05
   8.9388045e+05
   8.9483992e+05
   8.9533572e+05
   8.9570033e+05
   8.9607056e+05
   8.9654412e+05
   8.9700553e+05
   8.9940190e+05
   8.9993455e+05
   9.4061627e+05
   9.4106190e+05
   9.4153562e+05
   9.4205901e+05
   9.4324709e+05
   9.4381760e+05
   9.4424359e+05
   9.4465255e+05
   9.4498906e+05
   9.4562321e+05
   9.4590274e+05
   9.4669474e+05
   9.4762427e+05
   9.4873752e+05
   9.4921695e+05
   9.5026622e+05
   9.5122796e+05
   9.5188299e+05
   9.5245537e+05
   9.5295117e+05
   9.5331971e+05
   9.5374127e+05
   9.5463376e+05
   9.5507403e+05
   9.5571488e+05
   9.5614966e+05
   9.5668154e+05
   9.5718728e+05
   9.5774651e+05
   9.5838039e+05
   9.5891747e+05
   9.5935350e+05
   9.5990562e+05
   1.0009870e+06
   1.0014682e+06
   1.0018541e+06
   1.0024570e+06
   1.0039849e+06
   1.0045972e+06
   1.0054117e+06
   1.0061944e+06
   1.0073837e+06
   1.0078284e+06
   1.0087698e+06
   1.0096406e+06
   1.0101749e+06
   1.0108942e+06
   1.0113385e+06
   1.0119411e+06
   1.0123777e+06
   1.0132077e+06
   1.0137464e+06
   1.0149675e+06
   1.0156615e+06
   1.0171588e+06
   1.0178788e+06
   1.0182469e+06
   1.0188017e+06
   1.0191248e+06
   1.0195342e+06
   1.0607035e+06
   1.0617904e+06
   1.0623341e+06
   1.0629264e+06
   1.0633141e+06
   1.0639369e+06
   1.0643719e+06
   1.0651896e+06
   1.0657424e+06
   1.0664216e+06
   1.0677482e+06
   1.0681242e+06
   1.0689956e+06
   1.0698471e+06
   1.0703460e+06
   1.0710322e+06
   1.0715512e+06
   1.0722189e+06
   1.0726358e+06
   1.0733152e+06
   1.0737635e+06
   1.0750506e+06
   1.0754173e+06
   1.0759917e+06
   1.0763740e+06
   1.0771337e+06
   1.0776777e+06
   1.0780527e+06
   1.0785270e+06
   1.0789349e+06
   1.0794779e+06
   1.1206770e+06
   1.1217432e+06
   1.1222302e+06
   1.1227155e+06
   1.1231882e+06
   1.1237300e+06
   1.1240793e+06
   1.1243805e+06
   1.1247714e+06
   1.1252730e+06
   1.1260946e+06
   1.1265118e+06
   1.1275105e+06
   1.1280719e+06
   1.1286953e+06
   1.1292834e+06
   1.1298162e+06
   1.1302601e+06
   1.1308267e+06
   1.1311459e+06
   1.1317679e+06
   1.1329165e+06
   1.1333765e+06
   1.1338921e+06
   1.1348090e+06
   1.1358069e+06
   1.1364977e+06
   1.1370327e+06
   1.1377698e+06
   1.1381958e+06
   1.1387325e+06
   1.1805082e+06
   1.1813933e+06
   1.1818694e+06
   1.1823416e+06
   1.1827824e+06
   1.1839011e+06
   1.1844134e+06
   1.1850741e+06
   1.1861643e+06
   1.1866950e+06
   1.1874547e+06
   1.1878824e+06
   1.1882950e+06
   1.1886144e+06
   1.1890548e+06
   1.1895750e+06
   1.1900639e+06
   1.1903925e+06
   1.1908165e+06
   1.1911687e+06
   1.1916707e+06
   1.1919969e+06
   1.1924397e+06
   1.1930680e+06
   1.1936003e+06
   1.1944774e+06
   1.1949590e+06
   1.1960364e+06
   1.1981100e+06
   1.1986091e+06
   1.1991787e+06
   1.1997140e+06
   1.2403160e+06
   1.2406584e+06
   1.2410031e+06
   1.2423434e+06
   1.2430612e+06
   1.2435983e+06
   1.2440419e+06
   1.2445472e+06
   1.2452237e+06
   1.2455785e+06
   1.2462639e+06
   1.2466105e+06
   1.2476480e+06
   1.2483826e+06
   1.2487718e+06
   1.2494621e+06
   1.2500388e+06
   1.2505891e+06
   1.2511178e+06
   1.2517258e+06
   1.2523668e+06
   1.2527196e+06
   1.2531821e+06
   1.2538484e+06
   1.2546100e+06
   1.2549727e+06
   1.2553819e+06
   1.2556866e+06
   1.2560604e+06
   1.2567267e+06
   1.2577043e+06
   1.2581695e+06
   1.2585886e+06
   1.2595114e+06
   1.2599452e+06
   1.3003755e+06
   1.3007519e+06
   1.3015809e+06
   1.3023569e+06
   1.3027072e+06
   1.3034937e+06
   1.3040429e+06
   1.3047087e+06
   1.3051527e+06
   1.3059028e+06
   1.3066625e+06
   1.3075609e+06
   1.3079420e+06
   1.3083449e+06
   1.3086951e+06
   1.3090435e+06
   1.3097725e+06
   1.3103253e+06
   1.3107308e+06
   1.3113139e+06
   1.3117164e+06
   1.3125892e+06
   1.3129407e+06
   1.3132295e+06
   1.3135515e+06
   1.3139035e+06
   1.3143907e+06
   1.3150205e+06
   1.3158597e+06
   1.3162889e+06
   1.3169104e+06
   1.3174687e+06
   1.3180689e+06
   1.3184767e+06
   1.3192241e+06
   1.3605233e+06
   1.3610927e+06
   1.3616953e+06
   1.3622661e+06
   1.3627077e+06
   1.3633664e+06
   1.3637116e+06
   1.3646523e+06
   1.3653084e+06
   1.3660775e+06
   1.3675228e+06
   1.3680400e+06
   1.3684587e+06
   1.3689654e+06
   1.3697022e+06
   1.3701884e+06
   1.3705734e+06
   1.3713082e+06
   1.3745553e+06
   1.3752709e+06
   1.3758745e+06
   1.3763549e+06
   1.3769908e+06
   1.3774617e+06
   1.3780021e+06
   1.3783617e+06
   1.3787806e+06
   1.3791659e+06
   1.4204245e+06
   1.4208172e+06
   1.4212351e+06
   1.4216512e+06
   1.4221743e+06
   1.4227408e+06
   1.4239486e+06
   1.4243855e+06
   1.4264590e+06
   1.4269291e+06
   1.4274976e+06
   1.4279161e+06
   1.4286731e+06
   1.4295608e+06
   1.4299458e+06
   1.4304431e+06
   1.4311656e+06
   1.4315553e+06
   1.4324970e+06
   1.4336333e+06
   1.4346179e+06
   1.4352137e+06
   1.4356710e+06
   1.4362573e+06
   1.4381960e+06
   1.4386262e+06
   1.4389719e+06
   1.4399724e+06
   1.4805611e+06
   1.4815395e+06
   1.4821110e+06
   1.4827736e+06
   1.4833514e+06
   1.4844859e+06
   1.4848964e+06
   1.4856967e+06
   1.4862302e+06
   1.4875763e+06
   1.4881011e+06
   1.4884813e+06
   1.4896952e+06
   1.4900873e+06
   1.4904980e+06
   1.4910770e+06
   1.4917820e+06
   1.4922989e+06
   1.4929824e+06
   1.4939130e+06
   1.4949497e+06
   1.4954455e+06
   1.4960028e+06
   1.4964660e+06
   1.4972700e+06
   1.4978701e+06
   1.4988162e+06
   1.4996727e+06
   1.5406810e+06
   1.5411554e+06
   1.5416829e+06
   1.5430589e+06
   1.5436600e+06
   1.5441033e+06
   1.5444667e+06
   1.5448845e+06
   1.5458331e+06
   1.5464628e+06
   1.5479574e+06
   1.5485321e+06
   1.5491063e+06
   1.5500501e+06
   1.5509046e+06
   1.5513295e+06
   1.5518719e+06
   1.5523890e+06
   1.5530260e+06
   1.5535574e+06
   1.5538605e+06
   1.5545318e+06
   1.5552544e+06
   1.5556999e+06
   1.5563098e+06
   1.5569038e+06
   1.5573034e+06
   1.5576233e+06
   1.5581869e+06
   1.5587745e+06
   1.5591258e+06
   1.5598637e+06
   1.6004231e+06
   1.6009998e+06
   1.6014497e+06
   1.6019163e+06
   1.6024728e+06
   1.6029023e+06
   1.6033036e+06
   1.6037119e+06
   1.6048522e+06
   1.6054293e+06
   1.6058669e+06
   1.6063255e+06
   1.6067238e+06
   1.6073603e+06
   1.6079005e+06
   1.6085014e+06
   1.6089333e+06
   1.6095164e+06
   1.6099387e+06
   1.6105429e+06
   1.6109615e+06
   1.6112502e+06
   1.6117969e+06
   1.6123014e+06
   1.6128590e+06
   1.6133816e+06
   1.6139429e+06
   1.6144491e+06
   1.6147574e+06
   1.6158898e+06
   1.6163443e+06
   1.6167342e+06
   1.6173217e+06
   1.6178084e+06
   1.6182302e+06
   1.6186793e+06
   1.6190670e+06
   1.6196135e+06
   1.6609082e+06
   1.6613191e+06
   1.6618426e+06
   1.6624833e+06
   1.6629489e+06
   1.6639082e+06
   1.6647162e+06
   1.6653123e+06
   1.6659142e+06
   1.6662955e+06
   1.6677795e+06
   1.6683409e+06
   1.6688180e+06
   1.6693583e+06
   1.6696984e+06
   1.6703565e+06
   1.6707651e+06
   1.6716158e+06
   1.6725794e+06
   1.6730414e+06
   1.6734884e+06
   1.6738928e+06
   1.6746844e+06
   1.6751047e+06
   1.6756079e+06
   1.6761936e+06
   1.6765885e+06
   1.6773076e+06
   1.6778957e+06
   1.6784204e+06
   1.6792483e+06
   1.6798841e+06
   1.7206714e+06
   1.7211002e+06
   1.7219572e+06
   1.7226574e+06
   1.7232469e+06
   1.7238261e+06
   1.7243455e+06
   1.7249144e+06
   1.7255967e+06
   1.7261389e+06
   1.7269045e+06
   1.7274662e+06
   1.7280623e+06
   1.7295045e+06
   1.7299857e+06
   1.7305581e+06
   1.7309585e+06
   1.7316734e+06
   1.7322261e+06
   1.7326092e+06
   1.7331989e+06
   1.7339700e+06
   1.7344934e+06
   1.7348677e+06
   1.7353961e+06
   1.7358092e+06
   1.7362333e+06
   1.7366693e+06
   1.7371042e+06
   1.7375047e+06
   1.7378220e+06
   1.7383604e+06
   1.7390351e+06
   1.7394176e+06
   1.7398330e+06
   1.7817924e+06
   1.7821943e+06
   1.7826768e+06
   1.7833035e+06
   1.7841485e+06
   1.7846455e+06
   1.7854695e+06
   1.7858888e+06
   1.7863898e+06
   1.7868761e+06
   1.7875310e+06
   1.7881084e+06
   1.7885017e+06
   1.7889470e+06
   1.7898094e+06
   1.7902860e+06
   1.7908314e+06
   1.7918560e+06
   1.7923672e+06
   1.7930843e+06
   1.7934472e+06
   1.7939149e+06
   1.7945680e+06
   1.7950000e+06
   1.7955465e+06
   1.7960861e+06
   1.7964017e+06
   1.7968894e+06
   1.7975803e+06
   1.7983360e+06
   1.7989811e+06
   1.7995701e+06
   1.8407466e+06
   1.8414968e+06
   1.8438511e+06
   1.8446145e+06
   1.8452531e+06
   1.8456599e+06
   1.8461953e+06
   1.8467906e+06
   1.8477437e+06
   1.8482235e+06
   1.8489443e+06
   1.8500551e+06
   1.8504061e+06
   1.8508331e+06
   1.8513918e+06
   1.8518092e+06
   1.8524106e+06
   1.8554122e+06
   1.8557971e+06
   1.8561920e+06
   1.8567778e+06
   1.8574178e+06
   1.8580572e+06
   1.8586304e+06
   1.8592808e+06
   1.8596336e+06
   1.9004149e+06
   1.9012071e+06
   1.9018020e+06
   1.9021929e+06
   1.9030102e+06
   1.9036515e+06
   1.9040087e+06
   1.9043834e+06
   1.9049484e+06
   1.9054275e+06
   1.9061019e+06
   1.9065951e+06
   1.9075240e+06
   1.9087026e+06
   1.9089950e+06
   1.9095530e+06
   1.9104694e+06
   1.9112499e+06
   1.9117271e+06
   1.9121545e+06
   1.9124613e+06
   1.9129159e+06
   1.9133814e+06
   1.9146385e+06
   1.9150677e+06
   1.9155801e+06
   1.9160441e+06
   1.9174837e+06
   1.9180614e+06
   1.9191151e+06
   1.9199567e+06
   6.0819887e+04
   6.1598443e+04
   6.2780432e+04
   6.3685986e+04
   6.4169208e+04
   7.1635473e+04
   7.2697154e+04
   7.3268176e+04
   7.3943042e+04
   7.5050855e+04
   7.6501921e+04
   7.6943979e+04
   7.7396168e+04
   7.8090395e+04
   7.9093676e+04
   7.9705714e+04
   8.0314938e+04
   8.1039957e+04
   8.1538854e+04
   8.2781848e+04
   8.3284665e+04
   8.3817045e+04
   8.4499903e+04
   8.7238457e+04
   8.7843202e+04
   8.9296583e+04
   9.0137917e+04
   9.0693520e+04
   9.1349633e+04
   9.1801609e+04
   9.2529765e+04
   9.4023716e+04
   9.4520670e+04
   9.5154924e+04
   9.5494941e+04
   9.6114552e+04
   9.7034360e+04
   9.7537039e+04
   9.8319675e+04
   9.8927185e+04
   1.2053351e+05
   1.2137033e+05
   1.2199163e+05
   1.2280222e+05
   1.2445159e+05
   1.2542712e+05
   1.2600570e+05
   1.2661005e+05
   1.2719375e+05
   1.2782573e+05
   1.2866046e+05
   1.2986080e+05
   1.3120344e+05
   1.3197141e+05
   1.3460401e+05
   1.3493359e+05
   1.3575724e+05
   1.3627453e+05
   1.3764652e+05
   1.3810492e+05
   1.3882200e+05
   1.3936552e+05
   1.3987683e+05
   1.4058614e+05
   1.4102339e+05
   1.4142313e+05
   1.4224552e+05
   1.4275866e+05
   1.4347841e+05
   1.4394919e+05
   1.4470764e+05
   1.4525493e+05
   1.4611769e+05
   1.4690263e+05
   1.4739068e+05
   1.4808693e+05
   1.4900488e+05
   1.4958781e+05
   1.5003735e+05
   1.5076536e+05
   1.5129912e+05
   1.5219502e+05
   1.5272804e+05
   1.5319002e+05
   1.5448890e+05
   1.5551298e+05
   1.5787561e+05
   1.5867930e+05
   1.5938700e+05
   1.8069385e+05
   1.8142930e+05
   1.8232423e+05
   1.8290244e+05
   1.8390620e+05
   1.8446753e+05
   1.8507943e+05
   1.8655227e+05
   1.8744302e+05
   1.8863828e+05
   1.9037721e+05
   1.9094835e+05
   1.9170183e+05
   1.9262689e+05
   1.9306106e+05
   1.9364526e+05
   1.9430794e+05
   1.9474799e+05
   1.9542105e+05
   1.9680191e+05
   1.9727464e+05
   1.9940145e+05
   2.0212476e+05
   2.0271122e+05
   2.0371894e+05
   2.0421776e+05
   2.0613859e+05
   2.0662714e+05
   2.0777663e+05
   2.0854417e+05
   2.0942131e+05
   2.0990299e+05
   2.1031588e+05
   2.1120474e+05
   2.1254100e+05
   2.1332566e+05
   2.1393353e+05
   2.1485548e+05
   2.1534705e+05
   2.1677605e+05
   2.1767796e+05
   2.1825818e+05
   2.1919166e+05
   2.4038284e+05
   2.4096521e+05
   2.4127678e+05
   2.4272641e+05
   2.4333131e+05
   2.4385923e+05
   2.4466958e+05
   2.4508766e+05
   2.4565104e+05
   2.4664771e+05
   2.4796849e+05
   2.4841457e+05
   2.4887138e+05
   2.4922969e+05
   2.5021627e+05
   2.5108349e+05
   2.5407705e+05
   2.5652912e+05
   2.5722998e+05
   2.5795471e+05
   2.5890365e+05
   2.6211720e+05
   2.6248204e+05
   2.6340452e+05
   2.6415941e+05
   2.6473939e+05
   2.6535428e+05
   2.6700890e+05
   2.6781477e+05
   2.6824322e+05
   2.6921521e+05
   2.6977975e+05
   2.7070824e+05
   2.7109102e+05
   2.7283764e+05
   2.7381285e+05
   2.7425779e+05
   2.7506850e+05
   2.7575053e+05
   2.7999271e+05
   3.0045462e+05
   3.0151106e+05
   3.0228680e+05
   3.0322958e+05
   3.0397190e+05
   3.0462676e+05
   3.0536485e+05
   3.0600662e+05
   3.0707045e+05
   3.0770618e+05
   3.0855204e+05
   3.0898828e+05
   3.0982764e+05
   3.1114317e+05
   3.1157122e+05
   3.1206271e+05
   3.1323133e+05
   3.1406803e+05
   3.1448228e+05
   3.1574347e+05
   3.1663690e+05
   3.1719618e+05
   3.1776256e+05
   3.1825346e+05
   3.1898454e+05
   3.1939118e+05
   3.2028044e+05
   3.2079626e+05
   3.2298176e+05
   3.2394128e+05
   3.2515383e+05
   3.2586464e+05
   3.2638230e+05
   3.2715169e+05
   3.2809972e+05
   3.2857972e+05
   3.2898723e+05
   3.2953719e+05
   3.3000572e+05
   3.3048153e+05
   3.3099078e+05
   3.3136127e+05
   3.3210770e+05
   3.3477264e+05
   3.3516361e+05
   3.3592597e+05
   3.3657786e+05
   3.3749432e+05
   3.3830050e+05
   3.3880274e+05
   3.3915846e+05
   3.3964894e+05
   3.6060369e+05
   3.6121593e+05
   3.6192903e+05
   3.6528690e+05
   3.6636309e+05
   3.6706644e+05
   3.6792798e+05
   3.6876668e+05
   3.7012896e+05
   3.7148257e+05
   3.7203401e+05
   3.7259901e+05
   3.7386633e+05
   3.7509137e+05
   3.7706044e+05
   3.7775473e+05
   3.7812494e+05
   3.7891235e+05
   3.7940891e+05
   3.8010248e+05
   3.8585305e+05
   3.8630272e+05
   3.8682305e+05
   3.8741509e+05
   3.8826160e+05
   3.8891368e+05
   3.8936085e+05
   3.8988248e+05
   3.9037956e+05
   3.9105698e+05
   3.9153216e+05
   3.9353864e+05
   3.9386242e+05
   3.9440026e+05
   3.9475705e+05
   3.9527899e+05
   3.9634731e+05
   3.9734832e+05
   3.9783814e+05
   3.9857229e+05
   4.2088833e+05
   4.2286980e+05
   4.2344284e+05
   4.2396330e+05
   4.2432080e+05
   4.2490099e+05
   4.2610622e+05
   4.2913844e+05
   4.2994142e+05
   4.3059998e+05
   4.3194852e+05
   4.3260418e+05
   4.3451140e+05
   4.3522180e+05
   4.3573967e+05
   4.3617855e+05
   4.3711768e+05
   4.3777799e+05
   4.3844534e+05
   4.3940266e+05
   4.4014790e+05
   4.4061574e+05
   4.4111363e+05
   4.4300180e+05
   4.4342982e+05
   4.4453142e+05
   4.4510837e+05
   4.4577712e+05
   4.4622043e+05
   4.4698666e+05
   4.4735029e+05
   4.4824992e+05
   4.4881050e+05
   4.4933274e+05
   4.5002299e+05
   4.5251047e+05
   4.5346934e+05
   4.5408417e+05
   4.5473599e+05
   4.5535445e+05
   4.5608863e+05
   4.5670692e+05
   4.5727846e+05
   4.5799935e+05
   4.5854464e+05
   4.5900891e+05
   4.5939718e+05
   4.5996238e+05
   4.8037441e+05
   4.8119328e+05
   4.8181104e+05
   4.8257702e+05
   4.8364907e+05
   4.8440509e+05
   4.8528783e+05
   4.8618413e+05
   4.8666851e+05
   4.8740675e+05
   4.8811189e+05
   4.8861595e+05
   4.8940509e+05
   4.9076375e+05
   4.9170785e+05
   4.9222551e+05
   4.9309308e+05
   4.9369259e+05
   4.9480075e+05
   4.9556164e+05
   4.9636887e+05
   4.9694629e+05
   4.9816237e+05
   4.9865286e+05
   5.0135385e+05
   5.0190911e+05
   5.0282493e+05
   5.0412140e+05
   5.0477518e+05
   5.0544046e+05
   5.0641235e+05
   5.0691230e+05
   5.0772721e+05
   5.0852013e+05
   5.0936366e+05
   5.1710539e+05
   5.1932487e+05
   5.4060562e+05
   5.4159574e+05
   5.4290932e+05
   5.4368785e+05
   5.4408842e+05
   5.4638366e+05
   5.4701411e+05
   5.4777895e+05
   5.4890043e+05
   5.4934086e+05
   5.4978822e+05
   5.5537809e+05
   5.5602540e+05
   5.5735704e+05
   5.5854688e+05
   5.5919644e+05
   5.5956834e+05
   5.6091340e+05
   5.6177200e+05
   5.6220850e+05
   5.6268211e+05
   5.6325963e+05
   5.6382539e+05
   5.6439889e+05
   5.6529999e+05
   5.6563523e+05
   5.6719593e+05
   5.6769952e+05
   5.6821092e+05
   5.6875112e+05
   5.6918043e+05
   5.6966687e+05
   5.7034140e+05
   5.7089256e+05
   5.7195529e+05
   5.7269004e+05
   5.7411602e+05
   5.7464741e+05
   5.7506807e+05
   5.7586913e+05
   5.7894233e+05
   5.7951803e+05
   7.8135388e+05
   7.8171601e+05
   7.8220124e+05
   7.8342643e+05
   7.8400272e+05
   7.8452642e+05
   7.8573602e+05
   7.8681594e+05
   7.8787864e+05
   7.8845812e+05
   7.8902961e+05
   7.8947610e+05
   7.9014799e+05
   7.9214996e+05
   7.9300558e+05
   7.9349266e+05
   7.9456867e+05
   7.9512568e+05
   7.9565579e+05
   7.9606555e+05
   7.9669332e+05
   7.9711650e+05
   7.9749939e+05
   7.9841803e+05
   7.9964290e+05
   8.0003309e+05
   8.0138892e+05
   8.0195093e+05
   8.0262866e+05
   8.0322709e+05
   8.0369849e+05
   8.0407719e+05
   8.0540776e+05
   8.0699160e+05
   8.0857582e+05
   8.0939276e+05
   8.0987455e+05
   8.1034845e+05
   8.1088887e+05
   8.1131971e+05
   8.1194727e+05
   8.1250460e+05
   8.1289759e+05
   8.1435165e+05
   8.1479699e+05
   8.1518828e+05
   8.1590770e+05
   8.1634736e+05
   8.1681328e+05
   8.1755235e+05
   8.1809952e+05
   8.1931850e+05
   8.1991773e+05
   8.4062799e+05
   8.4114249e+05
   8.4203656e+05
   8.4359867e+05
   8.4443366e+05
   8.4484991e+05
   8.4531869e+05
   8.4685052e+05
   8.4747403e+05
   8.4844704e+05
   8.4942038e+05
   8.4987672e+05
   8.5039040e+05
   8.5087834e+05
   8.5142136e+05
   8.5220707e+05
   8.5267241e+05
   8.5307035e+05
   8.5359576e+05
   8.5482185e+05
   8.5617254e+05
   8.5658728e+05
   8.5698492e+05
   8.5760496e+05
   8.5895325e+05
   8.5993540e+05
   8.6067423e+05
   8.6122033e+05
   8.6182880e+05
   8.6251406e+05
   8.6395825e+05
   8.6461573e+05
   8.6517584e+05
   8.6600012e+05
   8.6646436e+05
   8.6704796e+05
   8.6802409e+05
   8.6874332e+05
   8.6938453e+05
   8.7033549e+05
   8.7098654e+05
   8.7165334e+05
   8.7221278e+05
   8.7266090e+05
   8.7301611e+05
   8.7415580e+05
   8.7485189e+05
   8.7561515e+05
   8.7622692e+05
   8.7732471e+05
   8.7787273e+05
   8.7896553e+05
   9.0045045e+05
   9.0084989e+05
   9.0146223e+05
   9.0187789e+05
   9.0326985e+05
   9.0366613e+05
   9.0422555e+05
   9.0507780e+05
   9.0552426e+05
   9.0689896e+05
   9.0773586e+05
   9.0823275e+05
   9.0893162e+05
   9.1277238e+05
   9.1339206e+05
   9.1542132e+05
   9.1643325e+05
   9.1693867e+05
   9.1765931e+05
   9.1812465e+05
   9.1884090e+05
   9.1926939e+05
   9.1979430e+05
   9.2052748e+05
   9.2120239e+05
   9.2147507e+05
   9.2197810e+05
   9.2241413e+05
   9.2300436e+05
   9.2333131e+05
   9.2392871e+05
   9.2438754e+05
   9.2520395e+05
   9.2606339e+05
   9.2869031e+05
   9.2922574e+05
   9.2976246e+05
   9.3022825e+05
   9.3086759e+05
   9.3152757e+05
   9.3246131e+05
   9.3297491e+05
   9.3350934e+05
   9.3403672e+05
   9.3503933e+05
   9.3554046e+05
   9.3604861e+05
   9.3645670e+05
   9.3760524e+05
   9.3826636e+05
   9.3909167e+05
   9.6040016e+05
   9.6091175e+05
   9.6257796e+05
   9.6296415e+05
   9.6369992e+05
   9.6417908e+05
   9.6489745e+05
   9.6560638e+05
   9.6644003e+05
   9.6688869e+05
   9.6785177e+05
   9.6861670e+05
   9.6958639e+05
   9.7004336e+05
   9.7059533e+05
   9.7135355e+05
   9.7317256e+05
   9.7399544e+05
   9.7452458e+05
   9.7498298e+05
   9.7545694e+05
   9.7624796e+05
   9.7686082e+05
   9.7726326e+05
   9.7781891e+05
   9.7869694e+05
   9.8068461e+05
   9.8123230e+05
   9.8186034e+05
   9.8681009e+05
   9.8742010e+05
   9.8791595e+05
   9.8848044e+05
   9.8909812e+05
   9.8964676e+05
   9.9006125e+05
   9.9097271e+05
   9.9146026e+05
   9.9186319e+05
   9.9252083e+05
   9.9435202e+05
   1.0207546e+06
   1.0215791e+06
   1.0220165e+06
   1.0226315e+06
   1.0230556e+06
   1.0237751e+06
   1.0249720e+06
   1.0253283e+06
   1.0257763e+06
   1.0262076e+06
   1.0268384e+06
   1.0273772e+06
   1.0280134e+06
   1.0290909e+06
   1.0298389e+06
   1.0302025e+06
   1.0313288e+06
   1.0319520e+06
   1.0324550e+06
   1.0329132e+06
   1.0334284e+06
   1.0339977e+06
   1.0346060e+06
   1.0351675e+06
   1.0356532e+06
   1.0363134e+06
   1.0372555e+06
   1.0376414e+06
   1.0381378e+06
   1.0392729e+06
   1.0398719e+06
   1.0404467e+06
   1.0413121e+06
   1.0420103e+06
   1.0425341e+06
   1.0429998e+06
   1.0435019e+06
   1.0440129e+06
   1.0445677e+06
   1.0455285e+06
   1.0459295e+06
   1.0467014e+06
   1.0470818e+06
   1.0477776e+06
   1.0483954e+06
   1.0488931e+06
   1.0495455e+06
   1.0499077e+06
   1.0503360e+06
   1.0508112e+06
   1.0516471e+06
   1.0521558e+06
   1.0526479e+06
   1.0535744e+06
   1.0543772e+06
   1.0550360e+06
   1.0556072e+06
   1.0562707e+06
   1.0567271e+06
   1.0583042e+06
   1.0588560e+06
   1.0596927e+06
   1.0805098e+06
   1.0810882e+06
   1.0821790e+06
   1.0828036e+06
   1.0831950e+06
   1.0837544e+06
   1.0844708e+06
   1.0851014e+06
   1.0856008e+06
   1.0860247e+06
   1.0866069e+06
   1.0872017e+06
   1.0879530e+06
   1.0886982e+06
   1.0891829e+06
   1.0896420e+06
   1.0904078e+06
   1.0919698e+06
   1.0924890e+06
   1.0931840e+06
   1.0935735e+06
   1.0942493e+06
   1.0951970e+06
   1.0961220e+06
   1.0965218e+06
   1.0971613e+06
   1.0978649e+06
   1.1019578e+06
   1.1027090e+06
   1.1036605e+06
   1.1040797e+06
   1.1051867e+06
   1.1056976e+06
   1.1062446e+06
   1.1069356e+06
   1.1405216e+06
   1.1409841e+06
   1.1413685e+06
   1.1418170e+06
   1.1422049e+06
   1.1432930e+06
   1.1440719e+06
   1.1446366e+06
   1.1453312e+06
   1.1459135e+06
   1.1475099e+06
   1.1485994e+06
   1.1493608e+06
   1.1504002e+06
   1.1510935e+06
   1.1520553e+06
   1.1525609e+06
   1.1531633e+06
   1.1535217e+06
   1.1543666e+06
   1.1557119e+06
   1.1567745e+06
   1.1580677e+06
   1.1586269e+06
   1.1591890e+06
   1.1598406e+06
   1.1603792e+06
   1.1610264e+06
   1.1618462e+06
   1.1626547e+06
   1.1639207e+06
   1.1645529e+06
   1.1652106e+06
   1.1659707e+06
   1.1666380e+06
   1.1672242e+06
   1.1676848e+06
   1.1681534e+06
   1.1686312e+06
   1.1692334e+06
   1.1698727e+06
   1.1707081e+06
   1.1720031e+06
   1.1725500e+06
   1.1729966e+06
   1.1734188e+06
   1.1739315e+06
   1.1745025e+06
   1.1751852e+06
   1.1763980e+06
   1.1769572e+06
   1.1779805e+06
   1.1784592e+06
   1.1788766e+06
   1.1793113e+06
   1.1798432e+06
   1.2007691e+06
   1.2029166e+06
   1.2037365e+06
   1.2042698e+06
   1.2050835e+06
   1.2056979e+06
   1.2061948e+06
   1.2066471e+06
   1.2071441e+06
   1.2076977e+06
   1.2083233e+06
   1.2089695e+06
   1.2096677e+06
   1.2102452e+06
   1.2107599e+06
   1.2116702e+06
   1.2129798e+06
   1.2135673e+06
   1.2141070e+06
   1.2146475e+06
   1.2150439e+06
   1.2155657e+06
   1.2160172e+06
   1.2165708e+06
   1.2170196e+06
   1.2176266e+06
   1.2180576e+06
   1.2184218e+06
   1.2194443e+06
   1.2198907e+06
   1.2205192e+06
   1.2210448e+06
   1.2215112e+06
   1.2224796e+06
   1.2228319e+06
   1.2238394e+06
   1.2243838e+06
   1.2248496e+06
   1.2252168e+06
   1.2264459e+06
   1.2271697e+06
   1.2287302e+06
   1.2292144e+06
   1.2296894e+06
   1.2305889e+06
   1.2309923e+06
   1.2313858e+06
   1.2323925e+06
   1.2328136e+06
   1.2336076e+06
   1.2339783e+06
   1.2346818e+06
   1.2352037e+06
   1.2357548e+06
   1.2362380e+06
   1.2367330e+06
   1.2374098e+06
   1.2377602e+06
   1.2387929e+06
   1.2394972e+06
   1.2604099e+06
   1.2610833e+06
   1.2623277e+06
   1.2633285e+06
   1.2643406e+06
   1.2651742e+06
   1.2657490e+06
   1.2663190e+06
   1.2667546e+06
   1.2672878e+06
   1.2677165e+06
   1.2683751e+06
   1.2692510e+06
   1.2701319e+06
   1.2706187e+06
   1.2710936e+06
   1.2717918e+06
   1.2723342e+06
   1.2730043e+06
   1.2738200e+06
   1.2751233e+06
   1.2755292e+06
   1.2762103e+06
   1.2770742e+06
   1.2781057e+06
   1.2790537e+06
   1.2797460e+06
   1.2804947e+06
   1.2810568e+06
   1.2815380e+06
   1.2821268e+06
   1.2826991e+06
   1.2833691e+06
   1.2842994e+06
   1.2849911e+06
   1.2854138e+06
   1.2859024e+06
   1.2864570e+06
   1.2912320e+06
   1.2917778e+06
   1.2923305e+06
   1.2927189e+06
   1.2935482e+06
   1.2952883e+06
   1.2958915e+06
   1.2964477e+06
   1.2969830e+06
   1.2979660e+06
   1.2992812e+06
   1.2998250e+06
   1.3209750e+06
   1.3215494e+06
   1.3221738e+06
   1.3227579e+06
   1.3232917e+06
   1.3236934e+06
   1.3244075e+06
   1.3249679e+06
   1.3259003e+06
   1.3265278e+06
   1.3268766e+06
   1.3273528e+06
   1.3280922e+06
   1.3286251e+06
   1.3291416e+06
   1.3297030e+06
   1.3306809e+06
   1.3311967e+06
   1.3324088e+06
   1.3330893e+06
   1.3338176e+06
   1.3347036e+06
   1.3353588e+06
   1.3358815e+06
   1.3364356e+06
   1.3380475e+06
   1.3383651e+06
   1.3388734e+06
   1.3396905e+06
   1.3403424e+06
   1.3412736e+06
   1.3437532e+06
   1.3447015e+06
   1.3485031e+06
   1.3490751e+06
   1.3497226e+06
   1.3506841e+06
   1.3511391e+06
   1.3515679e+06
   1.3540938e+06
   1.3548877e+06
   1.3562197e+06
   1.3578332e+06
   1.3587463e+06
   1.3592165e+06
   1.3599123e+06
   1.3868333e+06
   1.3876602e+06
   1.3881302e+06
   1.3885955e+06
   1.3891263e+06
   1.3899544e+06
   1.3904136e+06
   1.3910924e+06
   1.3924213e+06
   1.3929592e+06
   1.3943142e+06
   1.3951858e+06
   1.3970484e+06
   1.3975680e+06
   1.3982381e+06
   1.3990448e+06
   1.3996234e+06
   1.4005323e+06
   1.4009732e+06
   1.4015897e+06
   1.4024185e+06
   1.4030753e+06
   1.4035967e+06
   1.4042523e+06
   1.4047244e+06
   1.4056290e+06
   1.4062328e+06
   1.4069791e+06
   1.4085340e+06
   1.4095901e+06
   1.4102178e+06
   1.4108420e+06
   1.4113198e+06
   1.4116574e+06
   1.4128478e+06
   1.4138873e+06
   1.4147386e+06
   1.4154117e+06
   1.4163071e+06
   1.4182085e+06
   1.4187498e+06
   1.4192642e+06
   1.4197958e+06
   1.4403358e+06
   1.4416349e+06
   1.4421946e+06
   1.4429985e+06
   1.4436893e+06
   1.4442205e+06
   1.4450519e+06
   1.4456346e+06
   1.4461411e+06
   1.4467848e+06
   1.4474902e+06
   1.4478585e+06
   1.4497509e+06
   1.4506815e+06
   1.4511310e+06
   1.4515824e+06
   1.4528843e+06
   1.4534956e+06
   1.4546556e+06
   1.4552705e+06
   1.4558035e+06
   1.4563910e+06
   1.4568225e+06
   1.4573665e+06
   1.4595311e+06
   1.4601996e+06
   1.4607137e+06
   1.4610976e+06
   1.4615042e+06
   1.4620005e+06
   1.4627882e+06
   1.4636751e+06
   1.4644171e+06
   1.4658196e+06
   1.4663261e+06
   1.4666738e+06
   1.4672949e+06
   1.4680271e+06
   1.4684084e+06
   1.4693105e+06
   1.4697891e+06
   1.4707465e+06
   1.4712285e+06
   1.4724507e+06
   1.4734532e+06
   1.4740884e+06
   1.4769194e+06
   1.4778824e+06
   1.4784340e+06
   1.4789122e+06
   1.4798401e+06
   1.5004795e+06
   1.5009378e+06
   1.5014684e+06
   1.5020554e+06
   1.5046291e+06
   1.5052621e+06
   1.5061083e+06
   1.5074039e+06
   1.5078575e+06
   1.5111479e+06
   1.5115942e+06
   1.5119984e+06
   1.5123055e+06
   1.5134336e+06
   1.5139080e+06
   1.5146122e+06
   1.5152275e+06
   1.5158889e+06
   1.5166167e+06
   1.5171072e+06
   1.5178683e+06
   1.5184384e+06
   1.5194746e+06
   1.5200874e+06
   1.5205389e+06
   1.5211036e+06
   1.5220288e+06
   1.5228188e+06
   1.5233150e+06
   1.5240321e+06
   1.5245172e+06
   1.5254398e+06
   1.5263379e+06
   1.5274451e+06
   1.5281344e+06
   1.5286809e+06
   1.5292195e+06
   1.5300903e+06
   1.5306825e+06
   1.5310212e+06
   1.5315655e+06
   1.5325280e+06
   1.5330195e+06
   1.5341059e+06
   1.5348072e+06
   1.5352582e+06
   1.5358297e+06
   1.5364969e+06
   1.5372555e+06
   1.5376441e+06
   1.5385016e+06
   1.5389362e+06
   1.5393876e+06
   1.5607690e+06
   1.5612582e+06
   1.5621677e+06
   1.5627645e+06
   1.5633677e+06
   1.5639871e+06
   1.5648687e+06
   1.5653348e+06
   1.5656997e+06
   1.5678820e+06
   1.5685490e+06
   1.5689240e+06
   1.5692750e+06
   1.5698837e+06
   1.5703413e+06
   1.5713759e+06
   1.5719821e+06
   1.5724616e+06
   1.5731233e+06
   1.5739525e+06
   1.5748566e+06
   1.5755968e+06
   1.5761473e+06
   1.5765707e+06
   1.5772367e+06
   1.5777018e+06
   1.5783714e+06
   1.5789134e+06
   1.5800086e+06
   1.5805008e+06
   1.5816169e+06
   1.5823450e+06
   1.5831247e+06
   1.5836274e+06
   1.5841113e+06
   1.5848969e+06
   1.5855947e+06
   1.5861139e+06
   1.5866456e+06
   1.5871967e+06
   1.5882240e+06
   1.5894613e+06
   1.5900228e+06
   1.5903990e+06
   1.5910353e+06
   1.5922862e+06
   1.5929118e+06
   1.5939798e+06
   1.5945359e+06
   1.5950345e+06
   1.5956731e+06
   1.5962657e+06
   1.5966992e+06
   1.5972588e+06
   1.5981461e+06
   1.5986735e+06
   1.6206574e+06
   1.6211352e+06
   1.6221390e+06
   1.6263972e+06
   1.6272197e+06
   1.6277659e+06
   1.6282449e+06
   1.6288514e+06
   1.6294247e+06
   1.6306388e+06
   1.6312449e+06
   1.6317465e+06
   1.6330185e+06
   1.6335775e+06
   1.6340089e+06
   1.6344055e+06
   1.6350784e+06
   1.6356851e+06
   1.6364618e+06
   1.6374678e+06
   1.6377978e+06
   1.6400057e+06
   1.6405451e+06
   1.6412911e+06
   1.6417286e+06
   1.6427899e+06
   1.6432483e+06
   1.6436651e+06
   1.6444818e+06
   1.6454004e+06
   1.6463900e+06
   1.6469589e+06
   1.6474326e+06
   1.6477437e+06
   1.6484711e+06
   1.6495851e+06
   1.6501293e+06
   1.6507084e+06
   1.6510795e+06
   1.6515124e+06
   1.6520732e+06
   1.6527587e+06
   1.6532333e+06
   1.6536793e+06
   1.6542629e+06
   1.6552542e+06
   1.6568587e+06
   1.6576703e+06
   1.6588326e+06
   1.6599361e+06
   1.6806354e+06
   1.6809655e+06
   1.6813152e+06
   1.6820305e+06
   1.6826135e+06
   1.6830725e+06
   1.6835770e+06
   1.6840204e+06
   1.6845186e+06
   1.6850967e+06
   1.6855509e+06
   1.6858932e+06
   1.6868215e+06
   1.6882259e+06
   1.6888994e+06
   1.6898418e+06
   1.6902435e+06
   1.6909737e+06
   1.6913937e+06
   1.6931923e+06
   1.6936902e+06
   1.6943894e+06
   1.6975931e+06
   1.6980723e+06
   1.6984159e+06
   1.6992071e+06
   1.6997596e+06
   1.7017199e+06
   1.7022447e+06
   1.7032854e+06
   1.7036477e+06
   1.7041673e+06
   1.7049222e+06
   1.7056703e+06
   1.7062212e+06
   1.7067342e+06
   1.7074970e+06
   1.7087188e+06
   1.7092843e+06
   1.7106202e+06
   1.7111513e+06
   1.7117142e+06
   1.7122661e+06
   1.7127452e+06
   1.7406618e+06
   1.7411159e+06
   1.7417571e+06
   1.7436087e+06
   1.7442228e+06
   1.7451873e+06
   1.7457481e+06
   1.7462611e+06
   1.7470274e+06
   1.7473839e+06
   1.7480837e+06
   1.7486114e+06
   1.7493500e+06
   1.7498568e+06
   1.7502791e+06
   1.7509730e+06
   1.7513555e+06
   1.7517924e+06
   1.7522967e+06
   1.7527094e+06
   1.7533630e+06
   1.7545110e+06
   1.7552155e+06
   1.7563534e+06
   1.7581239e+06
   1.7588620e+06
   1.7594849e+06
   1.7602014e+06
   1.7607977e+06
   1.7612645e+06
   1.7616817e+06
   1.7623010e+06
   1.7630476e+06
   1.7636083e+06
   1.7642016e+06
   1.7648261e+06
   1.7654377e+06
   1.7661341e+06
   1.7667046e+06
   1.7673044e+06
   1.7680696e+06
   1.7686062e+06
   1.7691264e+06
   1.7702603e+06
   1.7708120e+06
   1.7718697e+06
   1.7724908e+06
   1.7731873e+06
   1.7736217e+06
   1.7745626e+06
   1.7750557e+06
   1.7755934e+06
   1.7759882e+06
   1.7764924e+06
   1.7783094e+06
   1.7786888e+06
   1.7796039e+06
   1.8010863e+06
   1.8015069e+06
   1.8021461e+06
   1.8030587e+06
   1.8036012e+06
   1.8040442e+06
   1.8047694e+06
   1.8053899e+06
   1.8059405e+06
   1.8064637e+06
   1.8073510e+06
   1.8080563e+06
   1.8093072e+06
   1.8096960e+06
   1.8102308e+06
   1.8117144e+06
   1.8121359e+06
   1.8127338e+06
   1.8135608e+06
   1.8140432e+06
   1.8176179e+06
   1.8195291e+06
   1.8201083e+06
   1.8209383e+06
   1.8214789e+06
   1.8228068e+06
   1.8236505e+06
   1.8243829e+06
   1.8252849e+06
   1.8257572e+06
   1.8278223e+06
   1.8284939e+06
   1.8290228e+06
   1.8296456e+06
   1.8300547e+06
   1.8305903e+06
   1.8310233e+06
   1.8315886e+06
   1.8321724e+06
   1.8329660e+06
   1.8335777e+06
   1.8343838e+06
   1.8352267e+06
   1.8358381e+06
   1.8363878e+06
   1.8369507e+06
   1.8375524e+06
   1.8381897e+06
   1.8393716e+06
   1.8399283e+06
   1.8616070e+06
   1.8620641e+06
   1.8627901e+06
   1.8632827e+06
   1.8642142e+06
   1.8646794e+06
   1.8652760e+06
   1.8659631e+06
   1.8668169e+06
   1.8673224e+06
   1.8680166e+06
   1.8694750e+06
   1.8720060e+06
   1.8723970e+06
   1.8736257e+06
   1.8742525e+06
   1.8746595e+06
   1.8751404e+06
   1.8756878e+06
   1.8762924e+06
   1.8773113e+06
   1.8784841e+06
   1.8791199e+06
   1.8804395e+06
   1.8816198e+06
   1.8820871e+06
   1.8830240e+06
   1.8837542e+06
   1.8846294e+06
   1.8851567e+06
   1.8861065e+06
   1.8866209e+06
   1.8872564e+06
   1.8878558e+06
   1.8888825e+06
   1.8892507e+06
   1.8900428e+06
   1.8907618e+06
   1.8915518e+06
   1.8921075e+06
   1.8927744e+06
   1.8935826e+06
   1.8941137e+06
   1.8945591e+06
   1.8954692e+06
   1.8958561e+06
   1.8962810e+06
   1.8969531e+06
   1.8973342e+06
   1.8980480e+06
   1.8987388e+06
   1.8995178e+06
   1.8870602e+06
   1.8875896e+06
   1.8887701e+06
   1.8895856e+06
   1.8900813e+06
   1.8908470e+06
   1.8915330e+06
   1.8950578e+06
   1.8956515e+06
   1.8963039e+06
   1.8969087e+06
   1.8979590e+06
   1.8986136e+06
   1.8990618e+06
   1.8999085e+06
   1.8766407e+06
   1.8782884e+06
   1.8786914e+06
   1.8791030e+06
   1.8798531e+06
   1.8803013e+06
   1.8809263e+06
   1.8817332e+06
   1.8825407e+06
   1.8830434e+06
   1.8836038e+06
   1.8842176e+06
   1.8847895e+06
   1.8851651e+06
   1.8856325e+06
   1.8861649e+06
   1.8879838e+06
   1.8886939e+06
   1.8895709e+06
   1.8901366e+06
   1.8907193e+06
   1.8913713e+06
   1.8925358e+06
   1.8929295e+06
   1.8933550e+06
   1.8941007e+06
   1.8949676e+06
   1.8955801e+06
   1.8964951e+06
   1.8971269e+06
   1.8977853e+06
   1.8985355e+06
   1.8991428e+06
   1.8999029e+06
