   1.0062578e+03
   3.1673482e+03
   4.4804317e+03
   5.8687131e+03
   1.6057510e+04
   1.8675146e+04
   2.0386124e+04
   2.1647755e+04
   2.2830722e+04
   2.4348302e+04
   2.6078492e+04
   2.7278959e+04
   2.8404766e+04
   2.9796121e+04
   3.1142205e+04
   3.2550383e+04
   3.4009591e+04
   3.5088515e+04
   3.6280675e+04
   3.7605273e+04
   3.9132223e+04
   4.1898708e+04
   4.0056056e+04
   4.0961707e+04
   4.2626852e+04
   4.4037926e+04
   4.4916248e+04
   4.6315801e+04
   4.7622354e+04
   5.0518113e+04
   5.2080009e+04
   5.3185282e+04
   5.4447317e+04
   5.5562948e+04
   5.6902374e+04
   5.8032238e+04
   5.9433033e+04
   1.0053869e+05
   1.0149533e+05
   1.0266127e+05
   1.0342623e+05
   1.0565062e+05
   1.0686902e+05
   1.0794079e+05
   1.0954944e+05
   1.1086625e+05
   1.1218254e+05
   1.1305808e+05
   1.1497322e+05
   1.1595847e+05
   1.1745374e+05
   1.1972191e+05
   1.6003658e+05
   1.6084129e+05
   1.6224632e+05
   1.6344029e+05
   1.6445651e+05
   1.6608602e+05
   1.6744170e+05
   1.6869294e+05
   1.7014942e+05
   1.7172783e+05
   1.7276578e+05
   1.7433576e+05
   1.7565018e+05
   1.7712371e+05
   1.7788952e+05
   1.7941658e+05
   2.2044812e+05
   2.2139592e+05
   2.2262733e+05
   2.2351098e+05
   2.2451063e+05
   2.2548646e+05
   2.2645787e+05
   2.2728599e+05
   2.2818460e+05
   2.2964791e+05
   2.3073231e+05
   2.3282342e+05
   2.3390033e+05
   2.3412071e+05
   2.3595232e+05
   2.3718866e+05
   2.3845686e+05
   2.8003542e+05
   2.8104563e+05
   2.8389996e+05
   2.8589737e+05
   2.8734714e+05
   2.8883140e+05
   2.8977696e+05
   2.9197172e+05
   2.9335758e+05
   2.9421589e+05
   2.9522837e+05
   2.9703796e+05
   2.9807005e+05
   2.9982395e+05
   3.4002775e+05
   3.4112371e+05
   3.4251437e+05
   3.4403405e+05
   3.4524179e+05
   3.4657143e+05
   3.4827243e+05
   3.5124855e+05
   3.5231497e+05
   3.5326837e+05
   3.5365266e+05
   3.5444445e+05
   3.5514441e+05
   3.5632891e+05
   3.5769513e+05
   3.5881280e+05
   3.5973004e+05
   4.0015007e+05
   4.0106157e+05
   4.0196047e+05
   4.0322944e+05
   4.0429080e+05
   4.0530729e+05
   4.0695368e+05
   4.0783766e+05
   4.0902891e+05
   4.1133503e+05
   4.1288186e+05
   4.1480723e+05
   4.1568774e+05
   4.1649466e+05
   4.1743783e+05
   4.1873949e+05
   4.1974674e+05
   4.6020741e+05
   4.6074027e+05
   4.6177876e+05
   4.6314667e+05
   4.6455506e+05
   4.6555359e+05
   4.6692890e+05
   4.6780679e+05
   4.6910980e+05
   4.7057485e+05
   4.7234286e+05
   4.7392512e+05
   4.7485782e+05
   4.7592177e+05
   4.7666694e+05
   4.7842264e+05
   4.7942388e+05
   5.2021085e+05
   5.2139010e+05
   5.2347195e+05
   5.2518504e+05
   5.2614496e+05
   5.2695366e+05
   5.2819531e+05
   5.2907994e+05
   5.3010063e+05
   5.3170025e+05
   5.3314680e+05
   5.3386787e+05
   5.3506433e+05
   5.3590813e+05
   5.3766245e+05
   5.3895824e+05
   5.4014260e+05
   5.8027355e+05
   5.8102874e+05
   5.8196314e+05
   5.8293221e+05
   5.8400343e+05
   5.8470186e+05
   5.8578133e+05
   5.8695680e+05
   5.8745716e+05
   5.8866758e+05
   5.8962253e+05
   5.9094267e+05
   5.9244894e+05
   5.9394631e+05
   5.9460994e+05
   5.9544358e+05
   5.9647090e+05
   5.9738996e+05
   5.9829369e+05
   5.9953515e+05
   6.0133528e+05
   6.0248642e+05
   6.0379743e+05
   6.0588541e+05
   6.0685894e+05
   6.0834613e+05
   6.1202047e+05
   6.1357106e+05
   6.1539943e+05
   6.1698950e+05
   6.2025019e+05
   6.2133780e+05
   6.2292484e+05
   6.2569512e+05
   6.2779858e+05
   6.2925463e+05
   6.3119149e+05
   6.3219401e+05
   6.3310708e+05
   6.3464527e+05
   6.3577671e+05
   6.3724914e+05
   6.3912967e+05
   6.4053552e+05
   6.4327259e+05
   6.4461569e+05
   6.4590352e+05
   6.4698813e+05
   6.4808411e+05
   6.4973728e+05
   6.5084668e+05
   6.5264556e+05
   6.5376731e+05
   6.5545381e+05
   6.5692503e+05
   6.5785761e+05
   6.5958193e+05
   6.6063005e+05
   6.6409644e+05
   6.6559745e+05
   6.6707479e+05
   6.6872233e+05
   6.7034252e+05
   6.7184652e+05
   6.7290577e+05
   6.7420984e+05
   6.7532370e+05
   6.7644158e+05
   6.7883378e+05
   6.8009465e+05
   6.8325307e+05
   6.8555195e+05
   6.8645370e+05
   6.8736824e+05
   6.8947903e+05
   6.9078069e+05
   6.9253579e+05
   6.9406917e+05
   6.9554576e+05
   6.9890500e+05
   7.0037367e+05
   7.0189960e+05
   7.0378299e+05
   7.0491907e+05
   7.0622691e+05
   7.0772784e+05
   7.0905360e+05
   7.1022049e+05
   7.1140698e+05
   7.1241348e+05
   7.1342263e+05
   7.1456858e+05
   7.1592292e+05
   7.1777662e+05
   7.1906377e+05
   7.2178141e+05
   7.2309389e+05
   7.2523754e+05
   7.2659203e+05
   7.2951297e+05
   7.3249932e+05
   7.3409032e+05
   7.3553227e+05
   7.3754740e+05
   7.3987392e+05
   7.4387802e+05
   7.4648649e+05
   7.4879697e+05
   7.5088039e+05
   7.5233801e+05
   7.5425581e+05
   7.5689875e+05
   7.5901614e+05
   7.6086629e+05
   7.6161318e+05
   7.6239983e+05
   7.6354084e+05
   7.6448466e+05
   7.6546054e+05
   7.6622484e+05
   7.6699143e+05
   7.6854561e+05
   7.6967753e+05
   7.7147605e+05
   7.7281777e+05
   8.2099852e+05
   8.2191188e+05
   8.2266969e+05
   8.2352555e+05
   8.2453098e+05
   8.2556895e+05
   8.2632781e+05
   8.2878074e+05
   8.3110401e+05
   8.3235163e+05
   8.3396558e+05
   8.3634718e+05
   8.3863161e+05
   8.8057039e+05
   8.8152572e+05
   8.8228717e+05
   8.8331734e+05
   8.8413202e+05
   8.8496818e+05
   8.8595971e+05
   8.8962680e+05
   8.9109196e+05
   8.9339476e+05
   8.9602368e+05
   8.9799356e+05
   9.4062570e+05
   9.4150814e+05
   9.4245799e+05
   9.4354924e+05
   9.4455074e+05
   9.4521331e+05
   9.4618085e+05
   9.4877021e+05
   9.4980050e+05
   9.5176822e+05
   9.5576828e+05
   9.5665638e+05
   9.5911256e+05
   1.0010243e+06
   1.0018702e+06
   1.0027304e+06
   1.0035411e+06
   1.0044102e+06
   1.0055743e+06
   1.0065114e+06
   1.0087482e+06
   1.0100344e+06
   1.0111822e+06
   1.0128158e+06
   1.0152181e+06
   1.0168999e+06
   1.0183471e+06
   1.0612814e+06
   1.0620717e+06
   1.0628653e+06
   1.0636636e+06
   1.0646725e+06
   1.0655692e+06
   1.0666497e+06
   1.0693533e+06
   1.0706988e+06
   1.0722498e+06
   1.0756619e+06
   1.0772174e+06
   1.0791076e+06
   1.1209497e+06
   1.1217172e+06
   1.1226164e+06
   1.1235098e+06
   1.1242449e+06
   1.1252794e+06
   1.1263748e+06
   1.1281910e+06
   1.1297108e+06
   1.1308266e+06
   1.1327786e+06
   1.1357334e+06
   1.1375933e+06
   1.1808788e+06
   1.1819938e+06
   1.1830217e+06
   1.1837804e+06
   1.1849457e+06
   1.1859006e+06
   1.1867266e+06
   1.1890956e+06
   1.1907395e+06
   1.1916780e+06
   1.1938689e+06
   1.1953804e+06
   1.1967699e+06
   1.1990791e+06
   1.2410470e+06
   1.2417094e+06
   1.2426252e+06
   1.2436721e+06
   1.2444251e+06
   1.2452984e+06
   1.2462950e+06
   1.2481242e+06
   1.2520778e+06
   1.2552298e+06
   1.2574950e+06
   1.3009277e+06
   1.3017718e+06
   1.3025542e+06
   1.3034386e+06
   1.3041983e+06
   1.3050636e+06
   1.3060024e+06
   1.3068391e+06
   1.3094140e+06
   1.3113602e+06
   1.3129657e+06
   1.3157139e+06
   1.3177835e+06
   1.3191498e+06
   1.3608575e+06
   1.3618538e+06
   1.3629214e+06
   1.3639313e+06
   1.3648606e+06
   1.3658365e+06
   1.3667608e+06
   1.3683189e+06
   1.3694369e+06
   1.3707773e+06
   1.3721670e+06
   1.3733380e+06
   1.3795271e+06
   1.4206885e+06
   1.4216159e+06
   1.4223465e+06
   1.4230028e+06
   1.4239252e+06
   1.4253797e+06
   1.4265415e+06
   1.4284424e+06
   1.4299322e+06
   1.4319246e+06
   1.4331869e+06
   1.4360635e+06
   1.4395940e+06
   1.4809281e+06
   1.4820261e+06
   1.4829176e+06
   1.4837721e+06
   1.4849946e+06
   1.4859095e+06
   1.4867890e+06
   1.4885527e+06
   1.4908047e+06
   1.4939930e+06
   1.5413574e+06
   1.5423143e+06
   1.5433168e+06
   1.5440746e+06
   1.5452447e+06
   1.5461618e+06
   1.5469725e+06
   1.5480884e+06
   1.5490055e+06
   1.5498970e+06
   1.5515574e+06
   1.5558915e+06
   1.5572836e+06
   1.5586340e+06
   1.6008462e+06
   1.6024516e+06
   1.6035619e+06
   1.6041841e+06
   1.6054109e+06
   1.6063579e+06
   1.6085217e+06
   1.6108818e+06
   1.6128059e+06
   1.6157957e+06
   1.6173732e+06
   1.6607602e+06
   1.6617493e+06
   1.6626175e+06
   1.6635437e+06
   1.6646304e+06
   1.6654799e+06
   1.6664655e+06
   1.6684133e+06
   1.6695629e+06
   1.6718996e+06
   1.6734377e+06
   1.6765463e+06
   1.6788477e+06
   1.7210699e+06
   1.7225508e+06
   1.7233272e+06
   1.7242971e+06
   1.7255036e+06
   1.7264428e+06
   1.7285981e+06
   1.7298380e+06
   1.7311220e+06
   1.7322903e+06
   1.7357887e+06
   1.7367381e+06
   1.7385045e+06
   1.7395933e+06
   1.7810727e+06
   1.7817773e+06
   1.7826335e+06
   1.7837785e+06
   1.7846929e+06
   1.7859247e+06
   1.7869498e+06
   1.7893375e+06
   1.7906840e+06
   1.7926719e+06
   1.7961477e+06
   1.7991298e+06
   1.8407881e+06
   1.8418484e+06
   1.8427669e+06
   1.8435442e+06
   1.8448472e+06
   1.8457306e+06
   1.8467410e+06
   1.8489811e+06
   1.8502855e+06
   1.8535982e+06
   1.8551599e+06
   1.8567618e+06
   1.8581560e+06
   1.8594056e+06
   1.9010648e+06
   1.9017144e+06
   1.9024376e+06
   1.9032193e+06
   1.9044760e+06
   1.9052585e+06
   1.9059850e+06
   1.9088105e+06
   1.9099661e+06
   1.9136312e+06
   1.9156370e+06
   1.9179727e+06
   6.0098131e+04
   6.3603208e+04
   6.4570991e+04
   6.6216635e+04
   6.7593400e+04
   6.9158180e+04
   7.1645979e+04
   7.3559012e+04
   7.5131069e+04
   7.6345267e+04
   7.7492226e+04
   7.9083309e+04
   8.0300144e+04
   8.2057071e+04
   8.4029013e+04
   8.5345107e+04
   8.6455779e+04
   8.7609638e+04
   8.9868691e+04
   9.1113938e+04
   9.2369804e+04
   9.3763557e+04
   9.5722062e+04
   9.6665186e+04
   9.8536009e+04
   1.2202901e+05
   1.2320337e+05
   1.2455234e+05
   1.2575811e+05
   1.2809345e+05
   1.2912783e+05
   1.3064707e+05
   1.3182372e+05
   1.3295366e+05
   1.3492179e+05
   1.3648731e+05
   1.3789328e+05
   1.3912429e+05
   1.4065423e+05
   1.4172289e+05
   1.4307324e+05
   1.4462634e+05
   1.4633817e+05
   1.4776581e+05
   1.5001118e+05
   1.5133039e+05
   1.5301889e+05
   1.5418722e+05
   1.5557602e+05
   1.5738133e+05
   1.8020884e+05
   1.8133454e+05
   1.8388312e+05
   1.8521272e+05
   1.8803474e+05
   1.8990712e+05
   1.9184898e+05
   1.9437966e+05
   1.9537178e+05
   1.9706122e+05
   1.9915930e+05
   2.0222301e+05
   2.0367107e+05
   2.0546165e+05
   2.0687072e+05
   2.0824467e+05
   2.0978868e+05
   2.1120386e+05
   2.1263245e+05
   2.1390405e+05
   2.1561972e+05
   2.1706411e+05
   2.4021028e+05
   2.4182089e+05
   2.4451313e+05
   2.4583622e+05
   2.4770892e+05
   2.5015966e+05
   2.5158003e+05
   2.5356631e+05
   2.5513643e+05
   2.5662244e+05
   2.5819186e+05
   2.5923627e+05
   2.6158823e+05
   2.6305737e+05
   2.6416932e+05
   2.6556144e+05
   2.6667449e+05
   2.6847699e+05
   2.6979099e+05
   2.7128968e+05
   2.7243568e+05
   2.7384787e+05
   2.7583786e+05
   2.7694641e+05
   2.7794916e+05
   3.0016648e+05
   3.0173309e+05
   3.0351933e+05
   3.0499409e+05
   3.0619979e+05
   3.0761369e+05
   3.0926157e+05
   3.1069292e+05
   3.1208030e+05
   3.1323680e+05
   3.1429947e+05
   3.1698187e+05
   3.1872035e+05
   3.2026512e+05
   3.2177919e+05
   3.2326653e+05
   3.2463983e+05
   3.2638217e+05
   3.2831843e+05
   3.3203238e+05
   3.3404668e+05
   3.3509140e+05
   3.3695601e+05
   3.3800161e+05
   3.6132859e+05
   3.6229336e+05
   3.6336598e+05
   3.6468205e+05
   3.6730755e+05
   3.6840671e+05
   3.7132858e+05
   3.7270692e+05
   3.7411531e+05
   3.7652025e+05
   3.7781237e+05
   3.7963696e+05
   3.8111568e+05
   3.8283711e+05
   3.8417824e+05
   3.8575614e+05
   3.8723711e+05
   3.8836822e+05
   3.8966584e+05
   3.9100388e+05
   3.9197910e+05
   3.9373698e+05
   3.9508184e+05
   3.9679465e+05
   3.9824582e+05
   3.9934601e+05
   4.2135269e+05
   4.2274396e+05
   4.2588860e+05
   4.2701193e+05
   4.2944504e+05
   4.3100111e+05
   4.3237097e+05
   4.3431949e+05
   4.3524066e+05
   4.3696707e+05
   4.4075189e+05
   4.4268541e+05
   4.4440642e+05
   4.4596446e+05
   4.4719227e+05
   4.4839629e+05
   4.4992298e+05
   4.5093672e+05
   4.5204008e+05
   4.5331043e+05
   4.5582114e+05
   4.5722753e+05
   4.5895508e+05
   4.8139685e+05
   4.8307181e+05
   4.8457033e+05
   4.8668747e+05
   4.8790985e+05
   4.9174073e+05
   4.9277588e+05
   4.9401165e+05
   4.9551613e+05
   4.9674432e+05
   4.9800189e+05
   4.9887264e+05
   5.0084238e+05
   5.0238444e+05
   5.0448088e+05
   5.0560559e+05
   5.0661467e+05
   5.0819549e+05
   5.0979156e+05
   5.1117968e+05
   5.1233945e+05
   5.1394425e+05
   5.1613164e+05
   5.1764281e+05
   5.1902190e+05
   5.4119101e+05
   5.4239724e+05
   5.4494103e+05
   5.4595882e+05
   5.4712877e+05
   5.4842503e+05
   5.5014691e+05
   5.5176225e+05
   5.5341420e+05
   5.5473271e+05
   5.5623254e+05
   5.5783991e+05
   5.6036054e+05
   5.6158800e+05
   5.6264405e+05
   5.6375076e+05
   5.6490087e+05
   5.6637770e+05
   5.6830604e+05
   5.6930990e+05
   5.7129538e+05
   5.7276788e+05
   5.7376029e+05
   5.7525926e+05
   5.7704811e+05
   5.7885138e+05
   5.7971810e+05
   7.8166118e+05
   7.8483815e+05
   7.8678230e+05
   7.8837652e+05
   7.9003935e+05
   7.9429384e+05
   7.9577572e+05
   7.9687197e+05
   7.9889782e+05
   8.0016515e+05
   8.0280938e+05
   8.0394000e+05
   8.0681700e+05
   8.1033652e+05
   8.1295527e+05
   8.1478770e+05
   8.1677416e+05
   8.1954312e+05
   8.4271601e+05
   8.4545302e+05
   8.4855156e+05
   8.5055765e+05
   8.5359703e+05
   8.5532220e+05
   8.5797983e+05
   8.5934476e+05
   8.6148379e+05
   8.6275021e+05
   8.6483079e+05
   8.6926323e+05
   8.7174807e+05
   8.7371201e+05
   8.7577164e+05
   9.0173552e+05
   9.0308795e+05
   9.0511678e+05
   9.0620882e+05
   9.0791287e+05
   9.1391606e+05
   9.1631302e+05
   9.1831458e+05
   9.2449807e+05
   9.2584487e+05
   9.2724174e+05
   9.3047844e+05
   9.3460365e+05
   9.3669262e+05
   9.3970217e+05
   9.6164987e+05
   9.6280444e+05
   9.6394081e+05
   9.6623163e+05
   9.6983777e+05
   9.7154728e+05
   9.7292229e+05
   9.7447536e+05
   9.7644571e+05
   9.8122131e+05
   9.8276240e+05
   9.8459393e+05
   9.8700452e+05
   9.8850723e+05
   9.8966058e+05
   9.9250192e+05
   9.9559747e+05
   9.9715841e+05
   1.0221382e+06
   1.0237786e+06
   1.0280379e+06
   1.0297402e+06
   1.0310044e+06
   1.0325693e+06
   1.0340169e+06
   1.0357581e+06
   1.0382423e+06
   1.0402616e+06
   1.0420668e+06
   1.0432666e+06
   1.0457159e+06
   1.0468963e+06
   1.0480339e+06
   1.0492543e+06
   1.0502808e+06
   1.0546167e+06
   1.0577585e+06
   1.0594701e+06
   1.0814264e+06
   1.0826626e+06
   1.0848272e+06
   1.0874581e+06
   1.0895032e+06
   1.0923660e+06
   1.0951644e+06
   1.0978109e+06
   1.0996434e+06
   1.1017785e+06
   1.1064822e+06
   1.1083220e+06
   1.1110795e+06
   1.1129902e+06
   1.1180291e+06
   1.1483832e+06
   1.1501757e+06
   1.1512511e+06
   1.1525063e+06
   1.1563074e+06
   1.1580841e+06
   1.1602698e+06
   1.1634722e+06
   1.1656516e+06
   1.1677279e+06
   1.1694993e+06
   1.1705613e+06
   1.1719631e+06
   1.1732055e+06
   1.1746592e+06
   1.1770500e+06
   1.2014046e+06
   1.2053289e+06
   1.2071380e+06
   1.2103463e+06
   1.2135965e+06
   1.2156608e+06
   1.2187373e+06
   1.2222590e+06
   1.2252469e+06
   1.2268450e+06
   1.2281761e+06
   1.2305177e+06
   1.2335113e+06
   1.2374156e+06
   1.2644969e+06
   1.2685146e+06
   1.2701668e+06
   1.2715148e+06
   1.2728898e+06
   1.2739516e+06
   1.2753435e+06
   1.2776131e+06
   1.2790353e+06
   1.2803443e+06
   1.2817453e+06
   1.2849526e+06
   1.2865034e+06
   1.2877791e+06
   1.2915833e+06
   1.2984535e+06
   1.2996890e+06
   1.3213542e+06
   1.3244261e+06
   1.3269273e+06
   1.3287070e+06
   1.3301663e+06
   1.3328391e+06
   1.3337682e+06
   1.3357096e+06
   1.3375198e+06
   1.3387486e+06
   1.3403125e+06
   1.3418719e+06
   1.3438740e+06
   1.3470450e+06
   1.3497177e+06
   1.3528114e+06
   1.3561695e+06
   1.3583951e+06
   1.3815726e+06
   1.3827578e+06
   1.3844999e+06
   1.3868189e+06
   1.3914024e+06
   1.3947363e+06
   1.3967119e+06
   1.3982518e+06
   1.3997343e+06
   1.4020893e+06
   1.4033671e+06
   1.4058176e+06
   1.4079795e+06
   1.4102355e+06
   1.4133623e+06
   1.4151385e+06
   1.4166377e+06
   1.4428041e+06
   1.4447531e+06
   1.4459610e+06
   1.4481761e+06
   1.4498905e+06
   1.4524921e+06
   1.4545716e+06
   1.4564529e+06
   1.4601253e+06
   1.4622079e+06
   1.4634461e+06
   1.4651756e+06
   1.4667643e+06
   1.4686044e+06
   1.4698506e+06
   1.4767181e+06
   1.4791677e+06
   1.5020905e+06
   1.5044444e+06
   1.5059203e+06
   1.5076779e+06
   1.5090810e+06
   1.5104845e+06
   1.5124657e+06
   1.5140027e+06
   1.5178528e+06
   1.5213695e+06
   1.5233388e+06
   1.5250522e+06
   1.5274559e+06
   1.5288800e+06
   1.5305243e+06
   1.5326521e+06
   1.5377696e+06
   1.5617901e+06
   1.5634363e+06
   1.5650088e+06
   1.5667504e+06
   1.5693569e+06
   1.5705912e+06
   1.5717548e+06
   1.5776902e+06
   1.5789037e+06
   1.5802192e+06
   1.5836944e+06
   1.5851426e+06
   1.5867436e+06
   1.5888285e+06
   1.5899564e+06
   1.5913952e+06
   1.5954619e+06
   1.5997664e+06
   1.6228206e+06
   1.6319144e+06
   1.6332541e+06
   1.6351278e+06
   1.6380341e+06
   1.6394368e+06
   1.6440477e+06
   1.6456700e+06
   1.6475914e+06
   1.6492133e+06
   1.6515651e+06
   1.6533836e+06
   1.6578378e+06
   1.6814269e+06
   1.6828716e+06
   1.6845582e+06
   1.6877635e+06
   1.6890781e+06
   1.6903447e+06
   1.6928988e+06
   1.6954247e+06
   1.6973911e+06
   1.6997344e+06
   1.7019589e+06
   1.7035716e+06
   1.7051747e+06
   1.7084732e+06
   1.7112979e+06
   1.7149225e+06
   1.7165678e+06
   1.7418253e+06
   1.7438159e+06
   1.7459164e+06
   1.7473765e+06
   1.7495058e+06
   1.7520475e+06
   1.7543048e+06
   1.7677910e+06
   1.7698147e+06
   1.7714706e+06
   1.7730254e+06
   1.7750446e+06
   1.7772754e+06
   1.7790320e+06
   1.8014952e+06
   1.8029675e+06
   1.8046540e+06
   1.8058384e+06
   1.8076412e+06
   1.8094545e+06
   1.8114479e+06
   1.8128235e+06
   1.8144028e+06
   1.8160250e+06
   1.8173668e+06
   1.8191733e+06
   1.8225156e+06
   1.8264938e+06
   1.8294970e+06
   1.8309570e+06
   1.8336129e+06
   1.8357246e+06
   1.8649897e+06
   1.8689116e+06
   1.8727404e+06
   1.8754772e+06
   1.8788107e+06
   1.8805873e+06
   1.8822351e+06
   1.8834273e+06
   1.8847383e+06
   1.8858051e+06
   1.8874177e+06
   1.8892081e+06
   1.8955632e+06
   1.8974350e+06
   1.8993554e+06
   3.5920862e+05
   3.5941392e+05
   3.5959051e+05
   4.1912347e+05
   4.1926212e+05
   4.1942991e+05
   4.1967337e+05
   4.1995762e+05
   4.7915049e+05
   4.7926528e+05
   4.7947686e+05
   4.7963721e+05
   4.7981881e+05
   5.3909298e+05
   5.3928838e+05
   5.3942557e+05
   5.3955690e+05
   5.3969779e+05
   5.9925359e+05
   5.9953007e+05
   5.9965018e+05
