   5.5999086e+02
   9.5185412e+02
   1.2545226e+03
   1.5272816e+03
   2.2435826e+03
   3.3924639e+03
   3.7445854e+03
   4.2305634e+03
   4.8030346e+03
   5.1711103e+03
   5.6360430e+03
   6.0163079e+03
   6.5166066e+03
   6.9988964e+03
   7.3532769e+03
   7.9425812e+03
   8.2992403e+03
   8.6877527e+03
   9.2801763e+03
   1.0059439e+04
   1.0605654e+04
   1.1165535e+04
   1.1517836e+04
   1.1970754e+04
   1.2484808e+04
   1.3010860e+04
   1.3433606e+04
   1.3945820e+04
   1.4352796e+04
   1.4733829e+04
   1.5135106e+04
   1.5440057e+04
   1.6082598e+04
   1.6534025e+04
   1.6875528e+04
   1.7176178e+04
   1.7659396e+04
   1.8089158e+04
   1.8534232e+04
   1.9019529e+04
   1.9745626e+04
   2.0238642e+04
   2.0566217e+04
   2.0917524e+04
   2.1723657e+04
   2.2026091e+04
   2.2472558e+04
   2.3146186e+04
   2.3589330e+04
   2.4178872e+04
   2.4580096e+04
   2.4950862e+04
   2.5665367e+04
   2.6245046e+04
   2.6704396e+04
   2.7129332e+04
   2.7792056e+04
   2.8573304e+04
   2.9024803e+04
   2.9711379e+04
   3.0101188e+04
   3.0704640e+04
   3.1352927e+04
   3.1801538e+04
   3.2147042e+04
   3.3219853e+04
   3.3644572e+04
   3.4289773e+04
   3.4594472e+04
   3.5373406e+04
   3.6054890e+04
   3.6557852e+04
   3.7011280e+04
   3.7557963e+04
   3.8207723e+04
   3.8574892e+04
   3.9355109e+04
   3.9743700e+04
   4.0262755e+04
   4.0158573e+04
   4.0658483e+04
   4.1094975e+04
   4.1610359e+04
   4.1919179e+04
   4.3016687e+04
   4.3447414e+04
   4.3781296e+04
   4.4177871e+04
   4.4616158e+04
   4.5090445e+04
   4.5562129e+04
   4.5938116e+04
   4.6311627e+04
   4.6595477e+04
   4.7214157e+04
   4.7560550e+04
   4.7843703e+04
   4.8198317e+04
   4.8460420e+04
   4.8807792e+04
   4.9237388e+04
   4.9761248e+04
   5.0118206e+04
   5.0431560e+04
   5.0761640e+04
   5.1159587e+04
   5.1466541e+04
   5.1802909e+04
   5.2112912e+04
   5.2583387e+04
   5.2950514e+04
   5.3309667e+04
   5.3751951e+04
   5.4152034e+04
   5.4979172e+04
   5.5379749e+04
   5.5788657e+04
   5.6122369e+04
   5.6592803e+04
   5.7228278e+04
   5.7645440e+04
   5.8130599e+04
   5.8558765e+04
   5.9100156e+04
   5.9580132e+04
   1.0021299e+05
   1.0048659e+05
   1.0106747e+05
   1.0185877e+05
   1.0226729e+05
   1.0274384e+05
   1.0304419e+05
   1.0357936e+05
   1.0413705e+05
   1.0451968e+05
   1.0485433e+05
   1.0530282e+05
   1.0565593e+05
   1.0613009e+05
   1.0640131e+05
   1.0676225e+05
   1.0719708e+05
   1.0750111e+05
   1.0789717e+05
   1.0829771e+05
   1.0862418e+05
   1.0894808e+05
   1.0941034e+05
   1.0993296e+05
   1.1062733e+05
   1.1103302e+05
   1.1216362e+05
   1.1260018e+05
   1.1313081e+05
   1.1364040e+05
   1.1411602e+05
   1.1449335e+05
   1.1501637e+05
   1.1534727e+05
   1.1566894e+05
   1.1623278e+05
   1.1676862e+05
   1.1740817e+05
   1.1784972e+05
   1.1823245e+05
   1.1868423e+05
   1.1910539e+05
   1.1967365e+05
   1.6015015e+05
   1.6066153e+05
   1.6107030e+05
   1.6139232e+05
   1.6168462e+05
   1.6248681e+05
   1.6291803e+05
   1.6329682e+05
   1.6373913e+05
   1.6410276e+05
   1.6444591e+05
   1.6479983e+05
   1.6522369e+05
   1.6565053e+05
   1.6600059e+05
   1.6669264e+05
   1.6726348e+05
   1.6760111e+05
   1.6800751e+05
   1.6838654e+05
   1.6877984e+05
   1.6915736e+05
   1.6959662e+05
   1.6995823e+05
   1.7038661e+05
   1.7084442e+05
   1.7129961e+05
   1.7172872e+05
   1.7256404e+05
   1.7280233e+05
   1.7306470e+05
   1.7360484e+05
   1.7418935e+05
   1.7463617e+05
   1.7504047e+05
   1.7538545e+05
   1.7587396e+05
   1.7625598e+05
   1.7669489e+05
   1.7716362e+05
   1.7748369e+05
   1.7804778e+05
   1.7835785e+05
   1.7881506e+05
   1.7919637e+05
   1.7976897e+05
   2.2042320e+05
   2.2083346e+05
   2.2132317e+05
   2.2172826e+05
   2.2230630e+05
   2.2291150e+05
   2.2378398e+05
   2.2413100e+05
   2.2472177e+05
   2.2532253e+05
   2.2569256e+05
   2.2623056e+05
   2.2715797e+05
   2.2753352e+05
   2.2796366e+05
   2.2842323e+05
   2.2869870e+05
   2.2904727e+05
   2.2937388e+05
   2.2998399e+05
   2.3030158e+05
   2.3064689e+05
   2.3099168e+05
   2.3129562e+05
   2.3175583e+05
   2.3208615e+05
   2.3248218e+05
   2.3285975e+05
   2.3357776e+05
   2.3453024e+05
   2.3502808e+05
   2.3553674e+05
   2.3595601e+05
   2.3636498e+05
   2.3714116e+05
   2.3787934e+05
   2.3829700e+05
   2.3872416e+05
   2.3933648e+05
   2.8021972e+05
   2.8077191e+05
   2.8109632e+05
   2.8178587e+05
   2.8222232e+05
   2.8262899e+05
   2.8297648e+05
   2.8328976e+05
   2.8367444e+05
   2.8411109e+05
   2.8448408e+05
   2.8479075e+05
   2.8520871e+05
   2.8569056e+05
   2.8641298e+05
   2.8683919e+05
   2.8722257e+05
   2.8757969e+05
   2.8820488e+05
   2.8876405e+05
   2.8914833e+05
   2.8941037e+05
   2.8981261e+05
   2.9012365e+05
   2.9039666e+05
   2.9082687e+05
   2.9123007e+05
   2.9184002e+05
   2.9210059e+05
   2.9241994e+05
   2.9292935e+05
   2.9337164e+05
   2.9364800e+05
   2.9422402e+05
   2.9472189e+05
   2.9517512e+05
   2.9546865e+05
   2.9583721e+05
   2.9613249e+05
   2.9675068e+05
   2.9711675e+05
   2.9753780e+05
   2.9824357e+05
   2.9871300e+05
   2.9907787e+05
   2.9945821e+05
   2.9969722e+05
   3.4024131e+05
   3.4077455e+05
   3.4151265e+05
   3.4186878e+05
   3.4261290e+05
   3.4311530e+05
   3.4345447e+05
   3.4392167e+05
   3.4435170e+05
   3.4468305e+05
   3.4508545e+05
   3.4548822e+05
   3.4581152e+05
   3.4614654e+05
   3.4652987e+05
   3.4685436e+05
   3.4712502e+05
   3.4914941e+05
   3.4964105e+05
   3.5032592e+05
   3.5077838e+05
   3.5112372e+05
   3.5187022e+05
   3.5231068e+05
   3.5281878e+05
   3.5315340e+05
   3.5361857e+05
   3.5424131e+05
   3.5458668e+05
   3.5501922e+05
   3.5545307e+05
   3.5616780e+05
   3.5675645e+05
   3.5745412e+05
   3.5781918e+05
   3.5835468e+05
   3.5866277e+05
   3.5912763e+05
   3.5956580e+05
   4.0010075e+05
   4.0049793e+05
   4.0095022e+05
   4.0128797e+05
   4.0161391e+05
   4.0201648e+05
   4.0235346e+05
   4.0266420e+05
   4.0295986e+05
   4.0340472e+05
   4.0375852e+05
   4.0407245e+05
   4.0434505e+05
   4.0465607e+05
   4.0509362e+05
   4.0547345e+05
   4.0686400e+05
   4.0682966e+05
   4.0727703e+05
   4.0774595e+05
   4.0817399e+05
   4.0866835e+05
   4.0904091e+05
   4.0978129e+05
   4.1015951e+05
   4.1063135e+05
   4.1105711e+05
   4.1156069e+05
   4.1207883e+05
   4.1238494e+05
   4.1265094e+05
   4.1288459e+05
   4.1320190e+05
   4.1370273e+05
   4.1419944e+05
   4.1447176e+05
   4.1487464e+05
   4.1513792e+05
   4.1539390e+05
   4.1568793e+05
   4.1605447e+05
   4.1635327e+05
   4.1669083e+05
   4.1711393e+05
   4.1770230e+05
   4.1806363e+05
   4.1848724e+05
   4.1895796e+05
   4.1936248e+05
   4.1969656e+05
   4.1998504e+05
   4.6023190e+05
   4.6062790e+05
   4.6092697e+05
   4.6138453e+05
   4.6173107e+05
   4.6199256e+05
   4.6239016e+05
   4.6276769e+05
   4.6308087e+05
   4.6355733e+05
   4.6394422e+05
   4.6425413e+05
   4.6459515e+05
   4.6493119e+05
   4.6530712e+05
   4.6565736e+05
   4.6593947e+05
   4.6630374e+05
   4.6667948e+05
   4.6697388e+05
   4.6722796e+05
   4.6788312e+05
   4.6824248e+05
   4.6865789e+05
   4.6907991e+05
   4.6959132e+05
   4.6997180e+05
   4.7034537e+05
   4.7065549e+05
   4.7100103e+05
   4.7140969e+05
   4.7204984e+05
   4.7266649e+05
   4.7343989e+05
   4.7383477e+05
   4.7412831e+05
   4.7457221e+05
   4.7506918e+05
   4.7548342e+05
   4.7593999e+05
   4.7630926e+05
   4.7674483e+05
   4.7737234e+05
   4.7778805e+05
   4.7821540e+05
   4.7856429e+05
   4.7909321e+05
   4.7950456e+05
   5.2023512e+05
   5.2047807e+05
   5.2085275e+05
   5.2115692e+05
   5.2142574e+05
   5.2172023e+05
   5.2213868e+05
   5.2246127e+05
   5.2272045e+05
   5.2300036e+05
   5.2331298e+05
   5.2375260e+05
   5.2411511e+05
   5.2447998e+05
   5.2480328e+05
   5.2508641e+05
   5.2546142e+05
   5.2577135e+05
   5.2602681e+05
   5.2629674e+05
   5.2662083e+05
   5.2719616e+05
   5.2749907e+05
   5.2781970e+05
   5.2815575e+05
   5.2862210e+05
   5.2899608e+05
   5.2938383e+05
   5.2968245e+05
   5.3007482e+05
   5.3040921e+05
   5.3069021e+05
   5.3095843e+05
   5.3126039e+05
   5.3154107e+05
   5.3185101e+05
   5.3223951e+05
   5.3253686e+05
   5.3282957e+05
   5.3317081e+05
   5.3346701e+05
   5.3381580e+05
   5.3419054e+05
   5.3475287e+05
   5.3518667e+05
   5.3562289e+05
   5.3608275e+05
   5.3639438e+05
   5.3679402e+05
   5.3713289e+05
   5.3743016e+05
   5.3807271e+05
   5.3843224e+05
   5.3874749e+05
   5.3909435e+05
   5.3950436e+05
   5.3994340e+05
   5.8029693e+05
   5.8055011e+05
   5.8094055e+05
   5.8122734e+05
   5.8152966e+05
   5.8179895e+05
   5.8203310e+05
   5.8226437e+05
   5.8253018e+05
   5.8276421e+05
   5.8306828e+05
   5.8329308e+05
   5.8353629e+05
   5.8391114e+05
   5.8421635e+05
   5.8454181e+05
   5.8486336e+05
   5.8519422e+05
   5.8550799e+05
   5.8583692e+05
   5.8606782e+05
   5.8642635e+05
   5.8681830e+05
   5.8740607e+05
   5.8791646e+05
   5.8842196e+05
   5.8880365e+05
   5.8906777e+05
   5.8945254e+05
   5.8979920e+05
   5.9048367e+05
   5.9080795e+05
   5.9111978e+05
   5.9143159e+05
   5.9179721e+05
   5.9213393e+05
   5.9242742e+05
   5.9276204e+05
   5.9313657e+05
   5.9351680e+05
   5.9390377e+05
   5.9441712e+05
   5.9496961e+05
   5.9534024e+05
   5.9576346e+05
   5.9639192e+05
   5.9689292e+05
   5.9724574e+05
   5.9757849e+05
   5.9794683e+05
   5.9831703e+05
   5.9879072e+05
   6.0059539e+05
   6.0104629e+05
   6.0143265e+05
   6.0175637e+05
   6.0221674e+05
   6.0272208e+05
   6.0303728e+05
   6.0344809e+05
   6.0398392e+05
   6.0441320e+05
   6.0489446e+05
   6.0543552e+05
   6.0571234e+05
   6.0645371e+05
   6.0687617e+05
   6.0720135e+05
   6.0781700e+05
   6.0844466e+05
   6.0911074e+05
   6.0944903e+05
   6.0986014e+05
   6.1036371e+05
   6.1071088e+05
   6.1163876e+05
   6.1207702e+05
   6.1247938e+05
   6.1300327e+05
   6.1341125e+05
   6.1458739e+05
   6.1510750e+05
   6.1545388e+05
   6.1613120e+05
   6.1734682e+05
   6.1780437e+05
   6.1813429e+05
   6.1851196e+05
   6.1916996e+05
   6.1956299e+05
   6.1986057e+05
   6.2019046e+05
   6.2060556e+05
   6.2108278e+05
   6.2141634e+05
   6.2175650e+05
   6.2228574e+05
   6.2272049e+05
   6.2308552e+05
   6.2426467e+05
   6.2505946e+05
   6.2558089e+05
   6.2621010e+05
   6.2671054e+05
   6.2710541e+05
   6.2761121e+05
   6.2797851e+05
   6.2831438e+05
   6.2867342e+05
   6.2905833e+05
   6.2942367e+05
   6.3012766e+05
   6.3049314e+05
   6.3100333e+05
   6.3138895e+05
   6.3200664e+05
   6.3235489e+05
   6.3273663e+05
   6.3332602e+05
   6.3368235e+05
   6.3477611e+05
   6.3510055e+05
   6.3543505e+05
   6.3596310e+05
   6.3644539e+05
   6.3671979e+05
   6.3726619e+05
   6.3765645e+05
   6.3803932e+05
   6.3855676e+05
   6.3894919e+05
   6.3930914e+05
   6.3982463e+05
   6.4024221e+05
   6.4075789e+05
   6.4133101e+05
   6.4184060e+05
   6.4241615e+05
   6.4286606e+05
   6.4329070e+05
   6.4365623e+05
   6.4410165e+05
   6.4441847e+05
   6.4481127e+05
   6.4509033e+05
   6.4555961e+05
   6.4598413e+05
   6.4728718e+05
   6.4768781e+05
   6.4825603e+05
   6.4857169e+05
   6.4907124e+05
   6.4946432e+05
   6.4991764e+05
   6.5036027e+05
   6.5115823e+05
   6.5165494e+05
   6.5198025e+05
   6.5236388e+05
   6.5344762e+05
   6.5375204e+05
   6.5418807e+05
   6.5470224e+05
   6.5512680e+05
   6.5566179e+05
   6.5601782e+05
   6.5636084e+05
   6.5677037e+05
   6.5721924e+05
   6.5772669e+05
   6.5807921e+05
   6.5845452e+05
   6.5890608e+05
   6.5920037e+05
   6.5971264e+05
   6.6013184e+05
   6.6081677e+05
   6.6123102e+05
   6.6194195e+05
   6.6235770e+05
   6.6265197e+05
   6.6339130e+05
   6.6381603e+05
   6.6428433e+05
   6.6462106e+05
   6.6508399e+05
   6.6590320e+05
   6.6635487e+05
   6.6672718e+05
   6.6716399e+05
   6.6746113e+05
   6.6797612e+05
   6.6842239e+05
   6.6901348e+05
   6.6974762e+05
   6.7008749e+05
   6.7074628e+05
   6.7121708e+05
   6.7153084e+05
   6.7202635e+05
   6.7244546e+05
   6.7276900e+05
   6.7317195e+05
   6.7361796e+05
   6.7402076e+05
   6.7508195e+05
   6.7540174e+05
   6.7575182e+05
   6.7639769e+05
   6.7684450e+05
   6.7727430e+05
   6.7774666e+05
   6.7833362e+05
   6.7897333e+05
   6.7942316e+05
   6.7998760e+05
   6.8038645e+05
   6.8092910e+05
   6.8162749e+05
   6.8211160e+05
   6.8401230e+05
   6.8440253e+05
   6.8469844e+05
   6.8507540e+05
   6.8551301e+05
   6.8589883e+05
   6.8636919e+05
   6.8670914e+05
   6.8704795e+05
   6.8743577e+05
   6.8781555e+05
   6.8824093e+05
   6.8868699e+05
   6.8904504e+05
   6.8941205e+05
   6.8976446e+05
   6.9021139e+05
   6.9071810e+05
   6.9171931e+05
   6.9205784e+05
   6.9253442e+05
   6.9302393e+05
   6.9342569e+05
   6.9419139e+05
   6.9488171e+05
   6.9522678e+05
   6.9572584e+05
   6.9686929e+05
   6.9729162e+05
   6.9833855e+05
   6.9883270e+05
   6.9914647e+05
   6.9946162e+05
   6.9996784e+05
   7.0036533e+05
   7.0069209e+05
   7.0123945e+05
   7.0188289e+05
   7.0232624e+05
   7.0260907e+05
   7.0292687e+05
   7.0338247e+05
   7.0379334e+05
   7.0422114e+05
   7.0473842e+05
   7.0519193e+05
   7.0555955e+05
   7.0606128e+05
   7.0684610e+05
   7.0729941e+05
   7.0780232e+05
   7.0820141e+05
   7.0902113e+05
   7.0941069e+05
   7.0998804e+05
   7.1052168e+05
   7.1110910e+05
   7.1183869e+05
   7.1230363e+05
   7.1262061e+05
   7.1300910e+05
   7.1341149e+05
   7.1368060e+05
   7.1401998e+05
   7.1472193e+05
   7.1505786e+05
   7.1560641e+05
   7.1603465e+05
   7.1672712e+05
   7.1712978e+05
   7.1756641e+05
   7.1798816e+05
   7.1836284e+05
   7.1866254e+05
   7.1902659e+05
   7.1956408e+05
   7.1993742e+05
   7.2074592e+05
   7.2133467e+05
   7.2544477e+05
   7.2636220e+05
   7.2808470e+05
   7.2862818e+05
   7.2917908e+05
   7.2970850e+05
   7.3061493e+05
   7.3108724e+05
   7.3165377e+05
   7.3236378e+05
   7.3301668e+05
   7.3469897e+05
   7.3544383e+05
   7.3655319e+05
   7.3711535e+05
   7.3782556e+05
   7.3828237e+05
   7.3957929e+05
   7.4033111e+05
   7.4119864e+05
   7.4170764e+05
   7.4221357e+05
   7.4257397e+05
   7.4293360e+05
   7.4334618e+05
   7.4411520e+05
   7.4703254e+05
   7.4781304e+05
   7.4851476e+05
   7.4909234e+05
   7.5048675e+05
   7.5098283e+05
   7.5180499e+05
   7.5242563e+05
   7.5290953e+05
   7.5562498e+05
   7.5616085e+05
   7.5681820e+05
   7.5759038e+05
   7.5798386e+05
   7.5855725e+05
   7.5905957e+05
   7.5972324e+05
   7.6046323e+05
   7.6086634e+05
   7.6130201e+05
   7.6176486e+05
   7.6218724e+05
   7.6256090e+05
   7.6288820e+05
   7.6327098e+05
   7.6358453e+05
   7.6404696e+05
   7.6436997e+05
   7.6473692e+05
   7.6500719e+05
   7.6570501e+05
   7.6613277e+05
   7.6646674e+05
   7.6679443e+05
   7.6734355e+05
   7.6796835e+05
   7.6832224e+05
   7.7227288e+05
   7.7296841e+05
   7.7335856e+05
   7.7371282e+05
   7.7439974e+05
   7.7475939e+05
   7.7526039e+05
   7.7569423e+05
   7.7612817e+05
   7.7673486e+05
   7.7730901e+05
   7.7763453e+05
   7.7825390e+05
   7.7869799e+05
   7.7916257e+05
   8.2035945e+05
   8.2065463e+05
   8.2095856e+05
   8.2128290e+05
   8.2171697e+05
   8.2213989e+05
   8.2249253e+05
   8.2283469e+05
   8.2310050e+05
   8.2343077e+05
   8.2376857e+05
   8.2409782e+05
   8.2438138e+05
   8.2468672e+05
   8.2500997e+05
   8.2540627e+05
   8.2572941e+05
   8.2607071e+05
   8.2644154e+05
   8.2692290e+05
   8.2854896e+05
   8.2911064e+05
   8.2953099e+05
   8.3010950e+05
   8.3045788e+05
   8.3108580e+05
   8.3200484e+05
   8.3245938e+05
   8.3326381e+05
   8.3368273e+05
   8.3455267e+05
   8.3621479e+05
   8.3684436e+05
   8.3743865e+05
   8.3799170e+05
   8.3840932e+05
   8.3895791e+05
   8.3965749e+05
   8.8033992e+05
   8.8090512e+05
   8.8120304e+05
   8.8161830e+05
   8.8195634e+05
   8.8248940e+05
   8.8278592e+05
   8.8316207e+05
   8.8354892e+05
   8.8384506e+05
   8.8417628e+05
   8.8453970e+05
   8.8499988e+05
   8.8532740e+05
   8.8564441e+05
   8.8597165e+05
   8.8635276e+05
   8.8691113e+05
   8.8774269e+05
   8.8809296e+05
   8.8909938e+05
   8.8947657e+05
   8.9005965e+05
   8.9063035e+05
   8.9103602e+05
   8.9146991e+05
   8.9438866e+05
   8.9482051e+05
   8.9570911e+05
   8.9650910e+05
   8.9707628e+05
   8.9764271e+05
   8.9840681e+05
   8.9875467e+05
   8.9913513e+05
   8.9958906e+05
   9.4032638e+05
   9.4062637e+05
   9.4105556e+05
   9.4151886e+05
   9.4188252e+05
   9.4221665e+05
   9.4255784e+05
   9.4290269e+05
   9.4318141e+05
   9.4340816e+05
   9.4387863e+05
   9.4419511e+05
   9.4445519e+05
   9.4489353e+05
   9.4517614e+05
   9.4547971e+05
   9.4573571e+05
   9.4615321e+05
   9.4656940e+05
   9.4686250e+05
   9.4739343e+05
   9.4783842e+05
   9.4839785e+05
   9.4882616e+05
   9.4928300e+05
   9.5011682e+05
   9.5083592e+05
   9.5143778e+05
   9.5210096e+05
   9.5281663e+05
   9.5388448e+05
   9.5452386e+05
   9.5493737e+05
   9.5546219e+05
   9.5612121e+05
   9.5679996e+05
   9.5728745e+05
   9.5781588e+05
   9.5825395e+05
   9.5901747e+05
   9.5935815e+05
   9.5977611e+05
   1.0004120e+06
   1.0007353e+06
   1.0011895e+06
   1.0015006e+06
   1.0019651e+06
   1.0024735e+06
   1.0028073e+06
   1.0031711e+06
   1.0036521e+06
   1.0038974e+06
   1.0042766e+06
   1.0046191e+06
   1.0050244e+06
   1.0053953e+06
   1.0057501e+06
   1.0061390e+06
   1.0065484e+06
   1.0069056e+06
   1.0077750e+06
   1.0084835e+06
   1.0090803e+06
   1.0094972e+06
   1.0103118e+06
   1.0109739e+06
   1.0118719e+06
   1.0125002e+06
   1.0129584e+06
   1.0134989e+06
   1.0144377e+06
   1.0148861e+06
   1.0158164e+06
   1.0162248e+06
   1.0167354e+06
   1.0173439e+06
   1.0180034e+06
   1.0186806e+06
   1.0191616e+06
   1.0196036e+06
   1.0604307e+06
   1.0611681e+06
   1.0615014e+06
   1.0619999e+06
   1.0626957e+06
   1.0631322e+06
   1.0634742e+06
   1.0637412e+06
   1.0640965e+06
   1.0645450e+06
   1.0649304e+06
   1.0652901e+06
   1.0655807e+06
   1.0660065e+06
   1.0663893e+06
   1.0668527e+06
   1.0674874e+06
   1.0678164e+06
   1.0686404e+06
   1.0694344e+06
   1.0701419e+06
   1.0706622e+06
   1.0712355e+06
   1.0717678e+06
   1.0723446e+06
   1.0727213e+06
   1.0731895e+06
   1.0736151e+06
   1.0744019e+06
   1.0747934e+06
   1.0753265e+06
   1.0757151e+06
   1.0762232e+06
   1.0766193e+06
   1.0769230e+06
   1.0775880e+06
   1.0784527e+06
   1.0789243e+06
   1.0793115e+06
   1.0797184e+06
   1.1205756e+06
   1.1208516e+06
   1.1214535e+06
   1.1217754e+06
   1.1222742e+06
   1.1227023e+06
   1.1231676e+06
   1.1234823e+06
   1.1238858e+06
   1.1243544e+06
   1.1247865e+06
   1.1250931e+06
   1.1253521e+06
   1.1257784e+06
   1.1260748e+06
   1.1266986e+06
   1.1275453e+06
   1.1283841e+06
   1.1293991e+06
   1.1297446e+06
   1.1303732e+06
   1.1309627e+06
   1.1314905e+06
   1.1320296e+06
   1.1345512e+06
   1.1349489e+06
   1.1355670e+06
   1.1364932e+06
   1.1369631e+06
   1.1375577e+06
   1.1383035e+06
   1.1387600e+06
   1.1395179e+06
   1.1803130e+06
   1.1807192e+06
   1.1812076e+06
   1.1816062e+06
   1.1819528e+06
   1.1822135e+06
   1.1825982e+06
   1.1830390e+06
   1.1843183e+06
   1.1847214e+06
   1.1850119e+06
   1.1854391e+06
   1.1857636e+06
   1.1861789e+06
   1.1865283e+06
   1.1873953e+06
   1.1881357e+06
   1.1886923e+06
   1.1890516e+06
   1.1897378e+06
   1.1904339e+06
   1.1914709e+06
   1.1923363e+06
   1.1929551e+06
   1.1938231e+06
   1.1948127e+06
   1.1953274e+06
   1.1959894e+06
   1.1965212e+06
   1.1978636e+06
   1.1985015e+06
   1.1989253e+06
   1.1992808e+06
   1.1999595e+06
   1.2404093e+06
   1.2410109e+06
   1.2414320e+06
   1.2417449e+06
   1.2420313e+06
   1.2425491e+06
   1.2429997e+06
   1.2433279e+06
   1.2438445e+06
   1.2443350e+06
   1.2446672e+06
   1.2449765e+06
   1.2454118e+06
   1.2457317e+06
   1.2462100e+06
   1.2465985e+06
   1.2469039e+06
   1.2475264e+06
   1.2480655e+06
   1.2484971e+06
   1.2491372e+06
   1.2495845e+06
   1.2500042e+06
   1.2505862e+06
   1.2514984e+06
   1.2520387e+06
   1.2525485e+06
   1.2533775e+06
   1.2538202e+06
   1.2547064e+06
   1.2551892e+06
   1.2557902e+06
   1.2561328e+06
   1.2565535e+06
   1.2574167e+06
   1.2579430e+06
   1.2582348e+06
   1.2587210e+06
   1.2595326e+06
   1.3013364e+06
   1.3018597e+06
   1.3026970e+06
   1.3030414e+06
   1.3033967e+06
   1.3038939e+06
   1.3044320e+06
   1.3047626e+06
   1.3050849e+06
   1.3054686e+06
   1.3057578e+06
   1.3060795e+06
   1.3064194e+06
   1.3068492e+06
   1.3074149e+06
   1.3082849e+06
   1.3089088e+06
   1.3100148e+06
   1.3107188e+06
   1.3113886e+06
   1.3128786e+06
   1.3134523e+06
   1.3147923e+06
   1.3153632e+06
   1.3162959e+06
   1.3168955e+06
   1.3173738e+06
   1.3178555e+06
   1.3185158e+06
   1.3190043e+06
   1.3194065e+06
   1.3604253e+06
   1.3609598e+06
   1.3613145e+06
   1.3617462e+06
   1.3626848e+06
   1.3631691e+06
   1.3635918e+06
   1.3642854e+06
   1.3645505e+06
   1.3650478e+06
   1.3657779e+06
   1.3663565e+06
   1.3669046e+06
   1.3674643e+06
   1.3678745e+06
   1.3683829e+06
   1.3691637e+06
   1.3697207e+06
   1.3745208e+06
   1.3751605e+06
   1.3758196e+06
   1.3763798e+06
   1.3769533e+06
   1.3774170e+06
   1.3781226e+06
   1.3785600e+06
   1.3791871e+06
   1.3798579e+06
   1.4205682e+06
   1.4211030e+06
   1.4214451e+06
   1.4217285e+06
   1.4220929e+06
   1.4224522e+06
   1.4227840e+06
   1.4233299e+06
   1.4237466e+06
   1.4241814e+06
   1.4245735e+06
   1.4250506e+06
   1.4253135e+06
   1.4257961e+06
   1.4262923e+06
   1.4266409e+06
   1.4274531e+06
   1.4280130e+06
   1.4284777e+06
   1.4289841e+06
   1.4293637e+06
   1.4297169e+06
   1.4301404e+06
   1.4306584e+06
   1.4310641e+06
   1.4319924e+06
   1.4324297e+06
   1.4329800e+06
   1.4335412e+06
   1.4346090e+06
   1.4351668e+06
   1.4358335e+06
   1.4365691e+06
   1.4375353e+06
   1.4378554e+06
   1.4386215e+06
   1.4391674e+06
   1.4397534e+06
   1.4803879e+06
   1.4807598e+06
   1.4816215e+06
   1.4821974e+06
   1.4826827e+06
   1.4831726e+06
   1.4835539e+06
   1.4842568e+06
   1.4847557e+06
   1.4854765e+06
   1.4858432e+06
   1.4862016e+06
   1.4866096e+06
   1.4869849e+06
   1.4875364e+06
   1.4880682e+06
   1.4884178e+06
   1.4888200e+06
   1.4893702e+06
   1.4899329e+06
   1.4905007e+06
   1.4918251e+06
   1.4922804e+06
   1.4931047e+06
   1.4935779e+06
   1.4943760e+06
   1.4953260e+06
   1.4960340e+06
   1.4965558e+06
   1.4973103e+06
   1.4979206e+06
   1.4986883e+06
   1.4995572e+06
   1.5402879e+06
   1.5408028e+06
   1.5413916e+06
   1.5421942e+06
   1.5425549e+06
   1.5430733e+06
   1.5436570e+06
   1.5441174e+06
   1.5447760e+06
   1.5451716e+06
   1.5454876e+06
   1.5458846e+06
   1.5465799e+06
   1.5474290e+06
   1.5478172e+06
   1.5483385e+06
   1.5489142e+06
   1.5493300e+06
   1.5496116e+06
   1.5503072e+06
   1.5507531e+06
   1.5513378e+06
   1.5520843e+06
   1.5532423e+06
   1.5536320e+06
   1.5547341e+06
   1.5554122e+06
   1.5558316e+06
   1.5562672e+06
   1.5569530e+06
   1.5574281e+06
   1.5584025e+06
   1.5589345e+06
   1.5593543e+06
   1.5598698e+06
   1.6003482e+06
   1.6008938e+06
   1.6016390e+06
   1.6022223e+06
   1.6026360e+06
   1.6032515e+06
   1.6036971e+06
   1.6041180e+06
   1.6047331e+06
   1.6051871e+06
   1.6056492e+06
   1.6061678e+06
   1.6066884e+06
   1.6074895e+06
   1.6078620e+06
   1.6084881e+06
   1.6090103e+06
   1.6094717e+06
   1.6101316e+06
   1.6110811e+06
   1.6116516e+06
   1.6120027e+06
   1.6124472e+06
   1.6130623e+06
   1.6134750e+06
   1.6144174e+06
   1.6149472e+06
   1.6154425e+06
   1.6160756e+06
   1.6165126e+06
   1.6179167e+06
   1.6186589e+06
   1.6190312e+06
   1.6608521e+06
   1.6613831e+06
   1.6618385e+06
   1.6623907e+06
   1.6627731e+06
   1.6633137e+06
   1.6644728e+06
   1.6650304e+06
   1.6653302e+06
   1.6657601e+06
   1.6661463e+06
   1.6665630e+06
   1.6674932e+06
   1.6681398e+06
   1.6686939e+06
   1.6691935e+06
   1.6698749e+06
   1.6703702e+06
   1.6712135e+06
   1.6725749e+06
   1.6730102e+06
   1.6735919e+06
   1.6745334e+06
   1.6751346e+06
   1.6766349e+06
   1.6771125e+06
   1.6780491e+06
   1.6786688e+06
   1.6792014e+06
   1.6796803e+06
   1.7206181e+06
   1.7210044e+06
   1.7215134e+06
   1.7221930e+06
   1.7227221e+06
   1.7231598e+06
   1.7237934e+06
   1.7243403e+06
   1.7246473e+06
   1.7258454e+06
   1.7264863e+06
   1.7278557e+06
   1.7283550e+06
   1.7287463e+06
   1.7291964e+06
   1.7296991e+06
   1.7301499e+06
   1.7305464e+06
   1.7310001e+06
   1.7314881e+06
   1.7321520e+06
   1.7327040e+06
   1.7330943e+06
   1.7337303e+06
   1.7347724e+06
   1.7353651e+06
   1.7359342e+06
   1.7363898e+06
   1.7368631e+06
   1.7377114e+06
   1.7382201e+06
   1.7385594e+06
   1.7391620e+06
   1.7398229e+06
   1.7812302e+06
   1.7820683e+06
   1.7826841e+06
   1.7837877e+06
   1.7842594e+06
   1.7850364e+06
   1.7859665e+06
   1.7864791e+06
   1.7869454e+06
   1.7874243e+06
   1.7885089e+06
   1.7890314e+06
   1.7894944e+06
   1.7898980e+06
   1.7902932e+06
   1.7909550e+06
   1.7915777e+06
   1.7920039e+06
   1.7925208e+06
   1.7928678e+06
   1.7933313e+06
   1.7938538e+06
   1.7947385e+06
   1.7952103e+06
   1.7961474e+06
   1.7965448e+06
   1.7969993e+06
   1.7976175e+06
   1.7980547e+06
   1.7988425e+06
   1.7993739e+06
   1.8404333e+06
   1.8409155e+06
   1.8416734e+06
   1.8420886e+06
   1.8425826e+06
   1.8431175e+06
   1.8435509e+06
   1.8440398e+06
   1.8445915e+06
   1.8452240e+06
   1.8458587e+06
   1.8462621e+06
   1.8467319e+06
   1.8477801e+06
   1.8483288e+06
   1.8487248e+06
   1.8491464e+06
   1.8498972e+06
   1.8505480e+06
   1.8516717e+06
   1.8520900e+06
   1.8525157e+06
   1.8533088e+06
   1.8535819e+06
   1.8539960e+06
   1.8544546e+06
   1.8554005e+06
   1.8558387e+06
   1.8567026e+06
   1.8572151e+06
   1.8577026e+06
   1.8591326e+06
   1.8596002e+06
   1.9004826e+06
   1.9009985e+06
   1.9024463e+06
   1.9029439e+06
   1.9036530e+06
   1.9050075e+06
   1.9054053e+06
   1.9059242e+06
   1.9064925e+06
   1.9077024e+06
   1.9081335e+06
   1.9093185e+06
   1.9097150e+06
   1.9102512e+06
   1.9108073e+06
   1.9113182e+06
   1.9118303e+06
   1.9125078e+06
   1.9130409e+06
   1.9139912e+06
   1.9151398e+06
   1.9156893e+06
   1.9160662e+06
   1.9166580e+06
   1.9171597e+06
   1.9177475e+06
   1.9182991e+06
   1.9188713e+06
   1.9196118e+06
   1.9199619e+06
   6.0653091e+04
   6.0940326e+04
   6.1250705e+04
   6.1593023e+04
   6.2037298e+04
   6.2601636e+04
   6.3228832e+04
   6.3591820e+04
   6.4021794e+04
   6.4464130e+04
   6.4955270e+04
   6.6225091e+04
   6.6698336e+04
   6.7028822e+04
   6.7364654e+04
   6.7814836e+04
   6.8437769e+04
   6.8826835e+04
   6.9453915e+04
   6.9766573e+04
   7.0112393e+04
   7.0719388e+04
   7.0986395e+04
   7.1460944e+04
   7.1831913e+04
   7.2744581e+04
   7.3095661e+04
   7.3666070e+04
   7.4051183e+04
   7.4693899e+04
   7.5009109e+04
   7.5382499e+04
   7.5706462e+04
   7.6109762e+04
   7.6585820e+04
   7.6931434e+04
   7.7301699e+04
   7.7778676e+04
   7.8579552e+04
   7.9041232e+04
   7.9477352e+04
   7.9989740e+04
   8.0339575e+04
   8.1000104e+04
   8.1760009e+04
   8.2052388e+04
   8.2609586e+04
   8.3184929e+04
   8.3618566e+04
   8.4080801e+04
   8.4617969e+04
   8.5100206e+04
   8.5797869e+04
   8.6147518e+04
   8.6662122e+04
   8.7237131e+04
   8.7717491e+04
   8.8135500e+04
   8.8517741e+04
   8.9279301e+04
   8.9575721e+04
   8.9988376e+04
   9.0484288e+04
   9.1089539e+04
   9.1536265e+04
   9.1955254e+04
   9.2247068e+04
   9.2990613e+04
   9.3353286e+04
   9.4130873e+04
   9.4658300e+04
   9.5384846e+04
   9.5685118e+04
   9.6108397e+04
   9.6813353e+04
   9.7310647e+04
   9.7883675e+04
   9.8227697e+04
   9.8861324e+04
   9.9193240e+04
   9.9780973e+04
   1.2036075e+05
   1.2084026e+05
   1.2146703e+05
   1.2195345e+05
   1.2240896e+05
   1.2274147e+05
   1.2323210e+05
   1.2376906e+05
   1.2426880e+05
   1.2475125e+05
   1.2524441e+05
   1.2581829e+05
   1.2631837e+05
   1.2682692e+05
   1.2717167e+05
   1.2805361e+05
   1.2865628e+05
   1.2896696e+05
   1.2939388e+05
   1.2983486e+05
   1.3023248e+05
   1.3063169e+05
   1.3133396e+05
   1.3167386e+05
   1.3196742e+05
   1.3265176e+05
   1.3302645e+05
   1.3339679e+05
   1.3380505e+05
   1.3440846e+05
   1.3491991e+05
   1.3545858e+05
   1.3584242e+05
   1.3633706e+05
   1.3668492e+05
   1.3727224e+05
   1.3795051e+05
   1.3833116e+05
   1.3872636e+05
   1.3915791e+05
   1.3949018e+05
   1.3996311e+05
   1.4066553e+05
   1.4312057e+05
   1.4348257e+05
   1.4391982e+05
   1.4433668e+05
   1.4483859e+05
   1.4539212e+05
   1.4578210e+05
   1.4612310e+05
   1.4653789e+05
   1.4683662e+05
   1.4749448e+05
   1.4803877e+05
   1.4853307e+05
   1.4909650e+05
   1.4942634e+05
   1.4997213e+05
   1.5033778e+05
   1.5068468e+05
   1.5148662e+05
   1.5207194e+05
   1.5257757e+05
   1.5293343e+05
   1.5349024e+05
   1.5377153e+05
   1.5413624e+05
   1.5455361e+05
   1.5483640e+05
   1.5523933e+05
   1.5593870e+05
   1.5649403e+05
   1.5752201e+05
   1.5786237e+05
   1.5834659e+05
   1.5870182e+05
   1.5916645e+05
   1.5955251e+05
   1.5998531e+05
   1.8079637e+05
   1.8128028e+05
   1.8177501e+05
   1.8218578e+05
   1.8252938e+05
   1.8292805e+05
   1.8369528e+05
   1.8401485e+05
   1.8450256e+05
   1.8520664e+05
   1.8559849e+05
   1.8598454e+05
   1.8668585e+05
   1.8702486e+05
   1.8732177e+05
   1.8779420e+05
   1.8876692e+05
   1.8922750e+05
   1.8961817e+05
   1.9007883e+05
   1.9045725e+05
   1.9088308e+05
   1.9137013e+05
   1.9173999e+05
   1.9212067e+05
   1.9266913e+05
   1.9309181e+05
   1.9348357e+05
   1.9400938e+05
   1.9450001e+05
   1.9528477e+05
   1.9566370e+05
   1.9625027e+05
   1.9675036e+05
   1.9731124e+05
   1.9781397e+05
   1.9829592e+05
   1.9871082e+05
   1.9910030e+05
   1.9956802e+05
   2.0031599e+05
   2.0071218e+05
   2.0102599e+05
   2.0143782e+05
   2.0218219e+05
   2.0259557e+05
   2.0295776e+05
   2.0343691e+05
   2.0406194e+05
   2.0452206e+05
   2.0511388e+05
   2.0565879e+05
   2.0604803e+05
   2.0653929e+05
   2.0693796e+05
   2.0736034e+05
   2.0778089e+05
   2.0815498e+05
   2.0867984e+05
   2.0907003e+05
   2.0950457e+05
   2.0993623e+05
   2.1026875e+05
   2.1074544e+05
   2.1106765e+05
   2.1155906e+05
   2.1211562e+05
   2.1251474e+05
   2.1283267e+05
   2.1350703e+05
   2.1394260e+05
   2.1434566e+05
   2.1473792e+05
   2.1527998e+05
   2.1564203e+05
   2.1619458e+05
   2.1677663e+05
   2.1725286e+05
   2.1779887e+05
   2.1871267e+05
   2.1920021e+05
   2.1953473e+05
   2.4043095e+05
   2.4078152e+05
   2.4138771e+05
   2.4185084e+05
   2.4239590e+05
   2.4292119e+05
   2.4323552e+05
   2.4354731e+05
   2.4385594e+05
   2.4423799e+05
   2.4466556e+05
   2.4503279e+05
   2.4533130e+05
   2.4563727e+05
   2.4611134e+05
   2.4657083e+05
   2.4696736e+05
   2.4740964e+05
   2.4890314e+05
   2.4962229e+05
   2.5007133e+05
   2.5054016e+05
   2.5087620e+05
   2.5117664e+05
   2.5157605e+05
   2.5202578e+05
   2.5265500e+05
   2.5312430e+05
   2.5370019e+05
   2.5413132e+05
   2.5455109e+05
   2.5506759e+05
   2.5561342e+05
   2.5615046e+05
   2.5662023e+05
   2.5777001e+05
   2.5829463e+05
   2.5874531e+05
   2.5915126e+05
   2.5977131e+05
   2.6037066e+05
   2.6101114e+05
   2.6140252e+05
   2.6186267e+05
   2.6227297e+05
   2.6280583e+05
   2.6313865e+05
   2.6361158e+05
   2.6424241e+05
   2.6497498e+05
   2.6549170e+05
   2.6582741e+05
   2.6621676e+05
   2.6657567e+05
   2.6704915e+05
   2.6737408e+05
   2.6792222e+05
   2.6859169e+05
   2.6894938e+05
   2.6984448e+05
   2.7065708e+05
   2.7120513e+05
   2.7155374e+05
   2.7219029e+05
   2.7277267e+05
   2.7323767e+05
   2.7366050e+05
   2.7404257e+05
   2.7457995e+05
   2.7505178e+05
   2.7542720e+05
   2.7589170e+05
   2.7658242e+05
   2.7696837e+05
   2.7752394e+05
   2.7795276e+05
   2.7854503e+05
   2.7889432e+05
   2.7995028e+05
   3.0042524e+05
   3.0081805e+05
   3.0172426e+05
   3.0239110e+05
   3.0286647e+05
   3.0321432e+05
   3.0359786e+05
   3.0419651e+05
   3.0456046e+05
   3.0503434e+05
   3.0552570e+05
   3.0596047e+05
   3.0674297e+05
   3.0719478e+05
   3.0763424e+05
   3.0801690e+05
   3.0871250e+05
   3.0940114e+05
   3.0973559e+05
   3.1008097e+05
   3.1044625e+05
   3.1080804e+05
   3.1122552e+05
   3.1149662e+05
   3.1197909e+05
   3.1236983e+05
   3.1279129e+05
   3.1361613e+05
   3.1396675e+05
   3.1443935e+05
   3.1472034e+05
   3.1521621e+05
   3.1568198e+05
   3.1615182e+05
   3.1680188e+05
   3.1716228e+05
   3.1797708e+05
   3.1902323e+05
   3.1952679e+05
   3.1991030e+05
   3.2032088e+05
   3.2080282e+05
   3.2209819e+05
   3.2279367e+05
   3.2334224e+05
   3.2373199e+05
   3.2416784e+05
   3.2539915e+05
   3.2597904e+05
   3.2658028e+05
   3.2702319e+05
   3.2751388e+05
   3.2828767e+05
   3.2868561e+05
   3.2914654e+05
   3.2950903e+05
   3.2995635e+05
   3.3028278e+05
   3.3061999e+05
   3.3089653e+05
   3.3158216e+05
   3.3204274e+05
   3.3256331e+05
   3.3303084e+05
   3.3349321e+05
   3.3406032e+05
   3.3438729e+05
   3.3481205e+05
   3.3518298e+05
   3.3567202e+05
   3.3616334e+05
   3.3660237e+05
   3.3691553e+05
   3.3736896e+05
   3.3804385e+05
   3.3867949e+05
   3.3901186e+05
   3.3956479e+05
   3.6048095e+05
   3.6087785e+05
   3.6130160e+05
   3.6198966e+05
   3.6238700e+05
   3.6292616e+05
   3.6328031e+05
   3.6385600e+05
   3.6430555e+05
   3.6471334e+05
   3.6524909e+05
   3.6567179e+05
   3.6614263e+05
   3.6648925e+05
   3.6693992e+05
   3.6748831e+05
   3.6821030e+05
   3.6866755e+05
   3.6901362e+05
   3.6937102e+05
   3.6977590e+05
   3.7028044e+05
   3.7077597e+05
   3.7114902e+05
   3.7150038e+05
   3.7183128e+05
   3.7219743e+05
   3.7263413e+05
   3.7298093e+05
   3.7348663e+05
   3.7400196e+05
   3.7461779e+05
   3.7508418e+05
   3.7553833e+05
   3.7600402e+05
   3.7630782e+05
   3.7675696e+05
   3.7724406e+05
   3.7780028e+05
   3.7837523e+05
   3.7920014e+05
   3.7978968e+05
   3.8016527e+05
   3.8053248e+05
   3.8107347e+05
   3.8144537e+05
   3.8191723e+05
   3.8222493e+05
   3.8290158e+05
   3.8330651e+05
   3.8358892e+05
   3.8402910e+05
   3.8438795e+05
   3.8493207e+05
   3.8529511e+05
   3.8578767e+05
   3.8687856e+05
   3.8725620e+05
   3.8779321e+05
   3.8824240e+05
   3.8859445e+05
   3.8977475e+05
   3.9035636e+05
   3.9068171e+05
   3.9119444e+05
   3.9150912e+05
   3.9184535e+05
   3.9214373e+05
   3.9243577e+05
   3.9306910e+05
   3.9349159e+05
   3.9388136e+05
   3.9505725e+05
   3.9535756e+05
   3.9616137e+05
   3.9682688e+05
   3.9729929e+05
   3.9776617e+05
   3.9851914e+05
   3.9926552e+05
   3.9983999e+05
   4.2047962e+05
   4.2084154e+05
   4.2117119e+05
   4.2158794e+05
   4.2239193e+05
   4.2294549e+05
   4.2350259e+05
   4.2397139e+05
   4.2450362e+05
   4.2481946e+05
   4.2538526e+05
   4.2600738e+05
   4.2631743e+05
   4.2705561e+05
   4.2744794e+05
   4.2786067e+05
   4.2831515e+05
   4.2873307e+05
   4.2906545e+05
   4.2958720e+05
   4.3019609e+05
   4.3059105e+05
   4.3096527e+05
   4.3128677e+05
   4.3170360e+05
   4.3215137e+05
   4.3249360e+05
   4.3290169e+05
   4.3323882e+05
   4.3362180e+05
   4.3402167e+05
   4.3463180e+05
   4.3517812e+05
   4.3584803e+05
   4.3642937e+05
   4.3725767e+05
   4.3769899e+05
   4.3802659e+05
   4.3834353e+05
   4.3889301e+05
   4.3934106e+05
   4.3976122e+05
   4.4037363e+05
   4.4149217e+05
   4.4193644e+05
   4.4242450e+05
   4.4300435e+05
   4.4328422e+05
   4.4381580e+05
   4.4430091e+05
   4.4478534e+05
   4.4562122e+05
   4.4593835e+05
   4.4630348e+05
   4.4674648e+05
   4.4711181e+05
   4.4766484e+05
   4.4804995e+05
   4.4849732e+05
   4.4894951e+05
   4.4951738e+05
   4.5002100e+05
   4.5075875e+05
   4.5122350e+05
   4.5192016e+05
   4.5241980e+05
   4.5283743e+05
   4.5339835e+05
   4.5388758e+05
   4.5422310e+05
   4.5457947e+05
   4.5496979e+05
   4.5530335e+05
   4.5599544e+05
   4.5647271e+05
   4.5731089e+05
   4.5783001e+05
   4.5837989e+05
   4.5912675e+05
   4.5955560e+05
   4.5995338e+05
   4.8058944e+05
   4.8107690e+05
   4.8145000e+05
   4.8207848e+05
   4.8274234e+05
   4.8309530e+05
   4.8367885e+05
   4.8440781e+05
   4.8515855e+05
   4.8575418e+05
   4.8631307e+05
   4.8677473e+05
   4.8759424e+05
   4.8820308e+05
   4.8870831e+05
   4.8931869e+05
   4.8966798e+05
   4.8999327e+05
   4.9058982e+05
   4.9096308e+05
   4.9131648e+05
   4.9203040e+05
   4.9228603e+05
   4.9286097e+05
   4.9351956e+05
   4.9401273e+05
   4.9456270e+05
   4.9505142e+05
   4.9537319e+05
   4.9602766e+05
   4.9644410e+05
   4.9694402e+05
   4.9725871e+05
   4.9776153e+05
   4.9858874e+05
   4.9895589e+05
   4.9945086e+05
   4.9983731e+05
   5.0017212e+05
   5.0057198e+05
   5.0086766e+05
   5.0141923e+05
   5.0193880e+05
   5.0243427e+05
   5.0279021e+05
   5.0348857e+05
   5.0391319e+05
   5.0440877e+05
   5.0474704e+05
   5.0523552e+05
   5.0581409e+05
   5.0613656e+05
   5.0641332e+05
   5.0669822e+05
   5.0708753e+05
   5.0765638e+05
   5.0812834e+05
   5.0845158e+05
   5.0888064e+05
   5.0928819e+05
   5.0975511e+05
   5.1075583e+05
   5.1136353e+05
   5.1171636e+05
   5.1224224e+05
   5.1258384e+05
   5.1309095e+05
   5.1341472e+05
   5.1383760e+05
   5.1428248e+05
   5.1461681e+05
   5.1549884e+05
   5.1647016e+05
   5.1700113e+05
   5.1743990e+05
   5.1785154e+05
   5.1815203e+05
   5.1882049e+05
   5.1933916e+05
   5.1974558e+05
   5.4033695e+05
   5.4090355e+05
   5.4135874e+05
   5.4209177e+05
   5.4266897e+05
   5.4302112e+05
   5.4381392e+05
   5.4408388e+05
   5.4463281e+05
   5.4546287e+05
   5.4580876e+05
   5.4616911e+05
   5.4660145e+05
   5.4705093e+05
   5.4742639e+05
   5.4788005e+05
   5.4819277e+05
   5.4860944e+05
   5.4886421e+05
   5.4932843e+05
   5.4977129e+05
   5.5023235e+05
   5.5077125e+05
   5.5142310e+05
   5.5198390e+05
   5.5229677e+05
   5.5266920e+05
   5.5310116e+05
   5.5361997e+05
   5.5399680e+05
   5.5439165e+05
   5.5475739e+05
   5.5542331e+05
   5.5584312e+05
   5.5616915e+05
   5.5649376e+05
   5.5688271e+05
   5.5730022e+05
   5.5763576e+05
   5.5833469e+05
   5.5892086e+05
   5.5925291e+05
   5.5975291e+05
   5.6005224e+05
   5.6046123e+05
   5.6082369e+05
   5.6133204e+05
   5.6165057e+05
   5.6219934e+05
   5.6267896e+05
   5.6314645e+05
   5.6360141e+05
   5.6414139e+05
   5.6460871e+05
   5.6505762e+05
   5.6555460e+05
   5.6601958e+05
   5.6850720e+05
   5.6903619e+05
   5.6958653e+05
   5.6988423e+05
   5.7042687e+05
   5.7078889e+05
   5.7118577e+05
   5.7191966e+05
   5.7234131e+05
   5.7291105e+05
   5.7327685e+05
   5.7375468e+05
   5.7416164e+05
   5.7467876e+05
   5.7511313e+05
   5.7550145e+05
   5.7602492e+05
   5.7681240e+05
   5.7778919e+05
   5.7821075e+05
   5.7850850e+05
   5.7890708e+05
   5.7921680e+05
   5.7972026e+05
   5.7992842e+05
   7.8085130e+05
   7.8131481e+05
   7.8200237e+05
   7.8255187e+05
   7.8314408e+05
   7.8365375e+05
   7.8450589e+05
   7.8512587e+05
   7.8580263e+05
   7.8629016e+05
   7.8694426e+05
   7.8729778e+05
   7.8786092e+05
   7.8843343e+05
   7.8938105e+05
   7.8990565e+05
   7.9063170e+05
   7.9193767e+05
   7.9262566e+05
   7.9306971e+05
   7.9346463e+05
   7.9449636e+05
   7.9508593e+05
   7.9604070e+05
   7.9851739e+05
   7.9902897e+05
   7.9955993e+05
   8.0015855e+05
   8.0117291e+05
   8.0202214e+05
   8.0261492e+05
   8.0387714e+05
   8.0442031e+05
   8.0504605e+05
   8.0548964e+05
   8.0591995e+05
   8.0659331e+05
   8.0740700e+05
   8.0777756e+05
   8.0835796e+05
   8.0906800e+05
   8.0950555e+05
   8.1014449e+05
   8.1092506e+05
   8.1142675e+05
   8.1216513e+05
   8.1296228e+05
   8.1389193e+05
   8.1429183e+05
   8.1489712e+05
   8.1534337e+05
   8.1582552e+05
   8.1648523e+05
   8.1738375e+05
   8.1883180e+05
   8.1939070e+05
   8.4189634e+05
   8.4253617e+05
   8.4490086e+05
   8.4588121e+05
   8.4634478e+05
   8.4722052e+05
   8.4816123e+05
   8.4911771e+05
   8.4957412e+05
   8.5013441e+05
   8.5058291e+05
   8.5134585e+05
   8.5198860e+05
   8.5275379e+05
   8.5310931e+05
   8.5391435e+05
   8.5465959e+05
   8.5530676e+05
   8.5623494e+05
   8.5697119e+05
   8.5746476e+05
   8.5815265e+05
   8.5857790e+05
   8.5997827e+05
   8.6065931e+05
   8.6140740e+05
   8.6189927e+05
   8.6247208e+05
   8.6349379e+05
   8.6434040e+05
   8.6489823e+05
   8.6544124e+05
   8.6613123e+05
   8.6725166e+05
   8.6804599e+05
   8.6849750e+05
   8.6913192e+05
   8.6968189e+05
   8.7028181e+05
   8.7088208e+05
   8.7131132e+05
   8.7236977e+05
   8.7356338e+05
   8.7414447e+05
   8.7475189e+05
   8.7524581e+05
   8.7616367e+05
   8.7672234e+05
   8.7747682e+05
   8.7806770e+05
   8.7942823e+05
   9.0037329e+05
   9.0100586e+05
   9.0175865e+05
   9.0229044e+05
   9.0306177e+05
   9.0389201e+05
   9.0593057e+05
   9.0666736e+05
   9.0729516e+05
   9.0772595e+05
   9.0821125e+05
   9.0867208e+05
   9.0912746e+05
   9.0975980e+05
   9.1045103e+05
   9.1090660e+05
   9.1140339e+05
   9.1199785e+05
   9.1326209e+05
   9.1421849e+05
   9.1471753e+05
   9.1514804e+05
   9.1557611e+05
   9.1632911e+05
   9.1682378e+05
   9.1723846e+05
   9.1820689e+05
   9.1884212e+05
   9.1939729e+05
   9.1992724e+05
   9.2120975e+05
   9.2412880e+05
   9.2539885e+05
   9.2578984e+05
   9.2650270e+05
   9.2741698e+05
   9.2788636e+05
   9.2832344e+05
   9.2893750e+05
   9.2945004e+05
   9.3036859e+05
   9.3143384e+05
   9.3220037e+05
   9.3279532e+05
   9.3361440e+05
   9.3396187e+05
   9.3470141e+05
   9.3546695e+05
   9.3610275e+05
   9.3667024e+05
   9.3738913e+05
   9.3814613e+05
   9.3875683e+05
   9.3918194e+05
   9.3963040e+05
   9.6041078e+05
   9.6100629e+05
   9.6191223e+05
   9.6252374e+05
   9.6300552e+05
   9.6377103e+05
   9.6417199e+05
   9.6483727e+05
   9.6538262e+05
   9.6688964e+05
   9.6758161e+05
   9.6826373e+05
   9.6878806e+05
   9.6948089e+05
   9.7013946e+05
   9.7120120e+05
   9.7206620e+05
   9.7263648e+05
   9.7316246e+05
   9.7369534e+05
   9.7410935e+05
   9.7457148e+05
   9.7531619e+05
   9.7617243e+05
   9.7671443e+05
   9.7734726e+05
   9.7791030e+05
   9.7852023e+05
   9.7901705e+05
   9.7964644e+05
   9.8013102e+05
   9.8062252e+05
   9.8122341e+05
   9.8186964e+05
   9.8232946e+05
   9.8305882e+05
   9.8375115e+05
   9.8458043e+05
   9.8703799e+05
   9.8784852e+05
   9.8834177e+05
   9.8870094e+05
   9.8938949e+05
   9.8976831e+05
   9.9054900e+05
   9.9089204e+05
   9.9196740e+05
   9.9262963e+05
   9.9331388e+05
   9.9383833e+05
   9.9481034e+05
   9.9549312e+05
   9.9596046e+05
   9.9688599e+05
   9.9757016e+05
   9.9831557e+05
   9.9900185e+05
   9.9944339e+05
   9.9978007e+05
   1.0206010e+06
   1.0209550e+06
   1.0216565e+06
   1.0222428e+06
   1.0227606e+06
   1.0235104e+06
   1.0240860e+06
   1.0250105e+06
   1.0257991e+06
   1.0265326e+06
   1.0270445e+06
   1.0275659e+06
   1.0281750e+06
   1.0287463e+06
   1.0312182e+06
   1.0316384e+06
   1.0333257e+06
   1.0339484e+06
   1.0349028e+06
   1.0355707e+06
   1.0361275e+06
   1.0365568e+06
   1.0370740e+06
   1.0379614e+06
   1.0392691e+06
   1.0398556e+06
   1.0411506e+06
   1.0415016e+06
   1.0423347e+06
   1.0439840e+06
   1.0446386e+06
   1.0453477e+06
   1.0459654e+06
   1.0466205e+06
   1.0473141e+06
   1.0478094e+06
   1.0485767e+06
   1.0500433e+06
   1.0504316e+06
   1.0510742e+06
   1.0516306e+06
   1.0521639e+06
   1.0527768e+06
   1.0534678e+06
   1.0538187e+06
   1.0543223e+06
   1.0548881e+06
   1.0553647e+06
   1.0561210e+06
   1.0569599e+06
   1.0574442e+06
   1.0583697e+06
   1.0589684e+06
   1.0594407e+06
   1.0599997e+06
   1.0804837e+06
   1.0820515e+06
   1.0827500e+06
   1.0831821e+06
   1.0850618e+06
   1.0857323e+06
   1.0863706e+06
   1.0874535e+06
   1.0878809e+06
   1.0882539e+06
   1.0887028e+06
   1.0893058e+06
   1.0902849e+06
   1.0914533e+06
   1.0920431e+06
   1.0925564e+06
   1.0934395e+06
   1.1009522e+06
   1.1014308e+06
   1.1019231e+06
   1.1024659e+06
   1.1032557e+06
   1.1038753e+06
   1.1044976e+06
   1.1053498e+06
   1.1057613e+06
   1.1061860e+06
   1.1069685e+06
   1.1080759e+06
   1.1088911e+06
   1.1094401e+06
   1.1100396e+06
   1.1109150e+06
   1.1117573e+06
   1.1126372e+06
   1.1133086e+06
   1.1142409e+06
   1.1182028e+06
   1.1187218e+06
   1.1404441e+06
   1.1412449e+06
   1.1416226e+06
   1.1419959e+06
   1.1428592e+06
   1.1435885e+06
   1.1444709e+06
   1.1453497e+06
   1.1459808e+06
   1.1468306e+06
   1.1473976e+06
   1.1479849e+06
   1.1484773e+06
   1.1490532e+06
   1.1496844e+06
   1.1505732e+06
   1.1513304e+06
   1.1520654e+06
   1.1531930e+06
   1.1537164e+06
   1.1544326e+06
   1.1552469e+06
   1.1563445e+06
   1.1573272e+06
   1.1586968e+06
   1.1591002e+06
   1.1599066e+06
   1.1604340e+06
   1.1610160e+06
   1.1616446e+06
   1.1624795e+06
   1.1631493e+06
   1.1636364e+06
   1.1640409e+06
   1.1644896e+06
   1.1650347e+06
   1.1654915e+06
   1.1660576e+06
   1.1667039e+06
   1.1677912e+06
   1.1688933e+06
   1.1693544e+06
   1.1706426e+06
   1.1711651e+06
   1.1721652e+06
   1.1729324e+06
   1.1735603e+06
   1.1740481e+06
   1.1749437e+06
   1.1755278e+06
   1.1762169e+06
   1.1765904e+06
   1.1781634e+06
   1.1787397e+06
   1.1798678e+06
   1.2006601e+06
   1.2012081e+06
   1.2016356e+06
   1.2022155e+06
   1.2032267e+06
   1.2036575e+06
   1.2061712e+06
   1.2071882e+06
   1.2098134e+06
   1.2113564e+06
   1.2120208e+06
   1.2127526e+06
   1.2141652e+06
   1.2156554e+06
   1.2161757e+06
   1.2167945e+06
   1.2175312e+06
   1.2185379e+06
   1.2194180e+06
   1.2200755e+06
   1.2208387e+06
   1.2217242e+06
   1.2225158e+06
   1.2229455e+06
   1.2235877e+06
   1.2244178e+06
   1.2248325e+06
   1.2253809e+06
   1.2259150e+06
   1.2306888e+06
   1.2313798e+06
   1.2317713e+06
   1.2324195e+06
   1.2328590e+06
   1.2336927e+06
   1.2342222e+06
   1.2347022e+06
   1.2351524e+06
   1.2357395e+06
   1.2370262e+06
   1.2377276e+06
   1.2382471e+06
   1.2608920e+06
   1.2625185e+06
   1.2629542e+06
   1.2636202e+06
   1.2644628e+06
   1.2650289e+06
   1.2686351e+06
   1.2694993e+06
   1.2699219e+06
   1.2704235e+06
   1.2710231e+06
   1.2714283e+06
   1.2719658e+06
   1.2725080e+06
   1.2732416e+06
   1.2737000e+06
   1.2743507e+06
   1.2749747e+06
   1.2758537e+06
   1.2767469e+06
   1.2777259e+06
   1.2783007e+06
   1.2789613e+06
   1.2798545e+06
   1.2813031e+06
   1.2821000e+06
   1.2825857e+06
   1.2834296e+06
   1.2840393e+06
   1.2845473e+06
   1.2850342e+06
   1.2853924e+06
   1.2858730e+06
   1.2862985e+06
   1.2876501e+06
   1.2890719e+06
   1.2897167e+06
   1.2902890e+06
   1.2906934e+06
   1.2920095e+06
   1.2924794e+06
   1.2929425e+06
   1.2937055e+06
   1.2942976e+06
   1.2950902e+06
   1.2960698e+06
   1.2969307e+06
   1.2977240e+06
   1.2986899e+06
   1.2993561e+06
   1.3204507e+06
   1.3209672e+06
   1.3215474e+06
   1.3223508e+06
   1.3228441e+06
   1.3243765e+06
   1.3248490e+06
   1.3254236e+06
   1.3259696e+06
   1.3269965e+06
   1.3278647e+06
   1.3284693e+06
   1.3294423e+06
   1.3300081e+06
   1.3307991e+06
   1.3313982e+06
   1.3321235e+06
   1.3325515e+06
   1.3331810e+06
   1.3337577e+06
   1.3344966e+06
   1.3351687e+06
   1.3355619e+06
   1.3369413e+06
   1.3393589e+06
   1.3399463e+06
   1.3407517e+06
   1.3414961e+06
   1.3419766e+06
   1.3432041e+06
   1.3440996e+06
   1.3448483e+06
   1.3828404e+06
   1.3834274e+06
   1.3845391e+06
   1.3852527e+06
   1.3860081e+06
   1.3866815e+06
   1.3872676e+06
   1.3877709e+06
   1.3885456e+06
   1.3889828e+06
   1.3897284e+06
   1.3903812e+06
   1.3913564e+06
   1.3918367e+06
   1.3928302e+06
   1.3942336e+06
   1.3947694e+06
   1.3952673e+06
   1.3957776e+06
   1.3962994e+06
   1.3971779e+06
   1.3975774e+06
   1.3980214e+06
   1.3984687e+06
   1.3988942e+06
   1.3994367e+06
   1.3998323e+06
   1.4005546e+06
   1.4025975e+06
   1.4033446e+06
   1.4048010e+06
   1.4055859e+06
   1.4063795e+06
   1.4071144e+06
   1.4077175e+06
   1.4095414e+06
   1.4100199e+06
   1.4104310e+06
   1.4109968e+06
   1.4117818e+06
   1.4123207e+06
   1.4133247e+06
   1.4138640e+06
   1.4146704e+06
   1.4151939e+06
   1.4155724e+06
   1.4162147e+06
   1.4177246e+06
   1.4180805e+06
   1.4185735e+06
   1.4191637e+06
   1.4195502e+06
   1.4404179e+06
   1.4409915e+06
   1.4416400e+06
   1.4421093e+06
   1.4437365e+06
   1.4444082e+06
   1.4451943e+06
   1.4469164e+06
   1.4478386e+06
   1.4485268e+06
   1.4496965e+06
   1.4502970e+06
   1.4506910e+06
   1.4512055e+06
   1.4517189e+06
   1.4524794e+06
   1.4533556e+06
   1.4543135e+06
   1.4551982e+06
   1.4561911e+06
   1.4566515e+06
   1.4575973e+06
   1.4581072e+06
   1.4603722e+06
   1.4615867e+06
   1.4625018e+06
   1.4630663e+06
   1.4637392e+06
   1.4642022e+06
   1.4649045e+06
   1.4654085e+06
   1.4658224e+06
   1.4669901e+06
   1.4674618e+06
   1.4679653e+06
   1.4692368e+06
   1.4700794e+06
   1.4705983e+06
   1.4717999e+06
   1.4725328e+06
   1.4731181e+06
   1.4736775e+06
   1.4743269e+06
   1.4751826e+06
   1.4756161e+06
   1.4763337e+06
   1.4767404e+06
   1.4775955e+06
   1.4781716e+06
   1.4788437e+06
   1.4792323e+06
   1.4798272e+06
   1.5005514e+06
   1.5009140e+06
   1.5020988e+06
   1.5026589e+06
   1.5033034e+06
   1.5037852e+06
   1.5042884e+06
   1.5049395e+06
   1.5055621e+06
   1.5064870e+06
   1.5074046e+06
   1.5079223e+06
   1.5083063e+06
   1.5088928e+06
   1.5094462e+06
   1.5102274e+06
   1.5108660e+06
   1.5114837e+06
   1.5118501e+06
   1.5125745e+06
   1.5131498e+06
   1.5135968e+06
   1.5149328e+06
   1.5153435e+06
   1.5157727e+06
   1.5163152e+06
   1.5179173e+06
   1.5183736e+06
   1.5188929e+06
   1.5195821e+06
   1.5201228e+06
   1.5207757e+06
   1.5213531e+06
   1.5220753e+06
   1.5226948e+06
   1.5231721e+06
   1.5239252e+06
   1.5244229e+06
   1.5254432e+06
   1.5260425e+06
   1.5266001e+06
   1.5270612e+06
   1.5278195e+06
   1.5284518e+06
   1.5290995e+06
   1.5298146e+06
   1.5310732e+06
   1.5314052e+06
   1.5320320e+06
   1.5336893e+06
   1.5341534e+06
   1.5344832e+06
   1.5352267e+06
   1.5362621e+06
   1.5367336e+06
   1.5378893e+06
   1.5387413e+06
   1.5391500e+06
   1.5399744e+06
   1.5608900e+06
   1.5617045e+06
   1.5623205e+06
   1.5628030e+06
   1.5637167e+06
   1.5643163e+06
   1.5647367e+06
   1.5651462e+06
   1.5658570e+06
   1.5666446e+06
   1.5670952e+06
   1.5677055e+06
   1.5682900e+06
   1.5692553e+06
   1.5697404e+06
   1.5705239e+06
   1.5711588e+06
   1.5718666e+06
   1.5722870e+06
   1.5730628e+06
   1.5734777e+06
   1.5741683e+06
   1.5756360e+06
   1.5763967e+06
   1.5769101e+06
   1.5774881e+06
   1.5779228e+06
   1.5785046e+06
   1.5790757e+06
   1.5796373e+06
   1.5804386e+06
   1.5817118e+06
   1.5822876e+06
   1.5826000e+06
   1.5831220e+06
   1.5835455e+06
   1.5841142e+06
   1.5846526e+06
   1.5853510e+06
   1.5857724e+06
   1.5861238e+06
   1.5868439e+06
   1.5877377e+06
   1.5881730e+06
   1.5887272e+06
   1.5891691e+06
   1.5895956e+06
   1.5901792e+06
   1.5906162e+06
   1.5910314e+06
   1.5918965e+06
   1.5926407e+06
   1.5931860e+06
   1.5936856e+06
   1.5941980e+06
   1.5945638e+06
   1.5952874e+06
   1.5958017e+06
   1.5964693e+06
   1.5968988e+06
   1.5977508e+06
   1.5985349e+06
   1.5991425e+06
   1.5995543e+06
   1.5999714e+06
   1.6204448e+06
   1.6250778e+06
   1.6274315e+06
   1.6279725e+06
   1.6285045e+06
   1.6290835e+06
   1.6301312e+06
   1.6308284e+06
   1.6313408e+06
   1.6317746e+06
   1.6322792e+06
   1.6328805e+06
   1.6335491e+06
   1.6340590e+06
   1.6348810e+06
   1.6354600e+06
   1.6359920e+06
   1.6365788e+06
   1.6374290e+06
   1.6385407e+06
   1.6391728e+06
   1.6408513e+06
   1.6414733e+06
   1.6424762e+06
   1.6466522e+06
   1.6473976e+06
   1.6483663e+06
   1.6490556e+06
   1.6497545e+06
   1.6503374e+06
   1.6510698e+06
   1.6516864e+06
   1.6523723e+06
   1.6531644e+06
   1.6542285e+06
   1.6549410e+06
   1.6556616e+06
   1.6562783e+06
   1.6567103e+06
   1.6574127e+06
   1.6578706e+06
   1.6587592e+06
   1.6591861e+06
   1.6597136e+06
   1.6804921e+06
   1.6811822e+06
   1.6817141e+06
   1.6827289e+06
   1.6835375e+06
   1.6850304e+06
   1.6855206e+06
   1.6865060e+06
   1.6873781e+06
   1.6880273e+06
   1.6884216e+06
   1.6887372e+06
   1.6891957e+06
   1.6895471e+06
   1.6903361e+06
   1.6907105e+06
   1.6914504e+06
   1.6920189e+06
   1.6927197e+06
   1.6935337e+06
   1.6940257e+06
   1.6950775e+06
   1.6965286e+06
   1.6969823e+06
   1.6974704e+06
   1.6982528e+06
   1.6989796e+06
   1.6997741e+06
   1.7005324e+06
   1.7019021e+06
   1.7024636e+06
   1.7029326e+06
   1.7036368e+06
   1.7077729e+06
   1.7082877e+06
   1.7089173e+06
   1.7095227e+06
   1.7100442e+06
   1.7107820e+06
   1.7113973e+06
   1.7118526e+06
   1.7123906e+06
   1.7130409e+06
   1.7136218e+06
   1.7141078e+06
   1.7147438e+06
   1.7154513e+06
   1.7195654e+06
   1.7404479e+06
   1.7413211e+06
   1.7418906e+06
   1.7432683e+06
   1.7454208e+06
   1.7462447e+06
   1.7470885e+06
   1.7499666e+06
   1.7507232e+06
   1.7519208e+06
   1.7537242e+06
   1.7543426e+06
   1.7552476e+06
   1.7563810e+06
   1.7567096e+06
   1.7572200e+06
   1.7578849e+06
   1.7584951e+06
   1.7589934e+06
   1.7595320e+06
   1.7600883e+06
   1.7620214e+06
   1.7627768e+06
   1.7631669e+06
   1.7638326e+06
   1.7645826e+06
   1.7652397e+06
   1.7659839e+06
   1.7664695e+06
   1.7669495e+06
   1.7686886e+06
   1.7695422e+06
   1.7702164e+06
   1.7712323e+06
   1.7718342e+06
   1.7724286e+06
   1.7735871e+06
   1.7745680e+06
   1.7750847e+06
   1.7755878e+06
   1.7762686e+06
   1.7767383e+06
   1.7773717e+06
   1.7778657e+06
   1.7784508e+06
   1.7790980e+06
   1.8012371e+06
   1.8016898e+06
   1.8025397e+06
   1.8031536e+06
   1.8037381e+06
   1.8040762e+06
   1.8050852e+06
   1.8057241e+06
   1.8062095e+06
   1.8067578e+06
   1.8071669e+06
   1.8076735e+06
   1.8086328e+06
   1.8096427e+06
   1.8104970e+06
   1.8110738e+06
   1.8119570e+06
   1.8126746e+06
   1.8132283e+06
   1.8137970e+06
   1.8145371e+06
   1.8150742e+06
   1.8154592e+06
   1.8159474e+06
   1.8168216e+06
   1.8180582e+06
   1.8192097e+06
   1.8198710e+06
   1.8206572e+06
   1.8215795e+06
   1.8226549e+06
   1.8232720e+06
   1.8240056e+06
   1.8247964e+06
   1.8253846e+06
   1.8258854e+06
   1.8265422e+06
   1.8277623e+06
   1.8285604e+06
   1.8293065e+06
   1.8306561e+06
   1.8312053e+06
   1.8316152e+06
   1.8321328e+06
   1.8326026e+06
   1.8342734e+06
   1.8349855e+06
   1.8356917e+06
   1.8360811e+06
   1.8366836e+06
   1.8372119e+06
   1.8386990e+06
   1.8394683e+06
   1.8399522e+06
   1.8607367e+06
   1.8616632e+06
   1.8621694e+06
   1.8629519e+06
   1.8641157e+06
   1.8648781e+06
   1.8652817e+06
   1.8658101e+06
   1.8668613e+06
   1.8675134e+06
   1.8686494e+06
   1.8694088e+06
   1.8697858e+06
   1.8702409e+06
   1.8708215e+06
   1.8714666e+06
   1.8723285e+06
   1.8731386e+06
   1.8735929e+06
   1.8741931e+06
   1.8747544e+06
   1.8753787e+06
   1.8758149e+06
   1.8763726e+06
   1.8776445e+06
   1.8783159e+06
   1.8788180e+06
   1.8794427e+06
   1.8800290e+06
   1.8805967e+06
   1.8812833e+06
   1.8821254e+06
   1.8841738e+06
   1.8849414e+06
   1.8855887e+06
   1.8865857e+06
   1.8871534e+06
   1.8878029e+06
   1.8886187e+06
   1.8890734e+06
   1.8896367e+06
   1.8930200e+06
   1.8936191e+06
   1.8941884e+06
   1.8945509e+06
   1.8952884e+06
   1.8962580e+06
   1.8968997e+06
   1.8973925e+06
   1.8979233e+06
   1.8985818e+06
   1.8991572e+06
   1.8997806e+06
   1.8876639e+06
   1.8881521e+06
   1.8885845e+06
   1.8901436e+06
   1.8910026e+06
   1.8952170e+06
   1.8985879e+06
   1.8997581e+06
   1.8950668e+06
   1.8956972e+06
   1.8964008e+06
   1.8967464e+06
   1.8973846e+06
   1.8978311e+06
   1.8989247e+06
   1.8993307e+06
   1.8997260e+06
   1.8958159e+06
   1.8962971e+06
   1.8969350e+06
   1.8973229e+06
   1.8979088e+06
   1.8989991e+06
   1.8994849e+06
