   4.7430827e+02
   9.8170254e+02
   2.3207083e+03
   2.6132260e+03
   3.0550833e+03
   3.4079381e+03
   3.7674854e+03
   4.1869928e+03
   4.6241630e+03
   5.0750829e+03
   5.5072233e+03
   5.8403744e+03
   6.3448868e+03
   6.8446816e+03
   7.2560708e+03
   8.1173271e+03
   8.4681483e+03
   9.0332647e+03
   9.3717929e+03
   9.6821820e+03
   1.0100688e+04
   1.0500005e+04
   1.0941276e+04
   1.1330939e+04
   1.1803392e+04
   1.2323486e+04
   1.2754735e+04
   1.3387899e+04
   1.3855241e+04
   1.4360555e+04
   1.4829578e+04
   1.5253572e+04
   1.5626034e+04
   1.6177738e+04
   1.6536253e+04
   1.6901887e+04
   1.7271427e+04
   1.7759443e+04
   1.8225660e+04
   1.8613903e+04
   1.9576402e+04
   1.9985501e+04
   2.0503577e+04
   2.2119838e+04
   2.2468153e+04
   2.2836461e+04
   2.3156859e+04
   2.3567788e+04
   2.4120896e+04
   2.4452982e+04
   2.4797829e+04
   2.5227377e+04
   2.5550097e+04
   2.5938398e+04
   2.6242176e+04
   2.6797714e+04
   2.7267000e+04
   2.8036325e+04
   2.8513854e+04
   2.9018134e+04
   2.9508919e+04
   2.9897125e+04
   3.0511241e+04
   3.1074120e+04
   3.1573680e+04
   3.1901563e+04
   3.2332099e+04
   3.2640379e+04
   3.3067467e+04
   3.3350140e+04
   3.3774475e+04
   3.4203101e+04
   3.4590128e+04
   3.4971877e+04
   3.5307086e+04
   3.5626939e+04
   3.6022101e+04
   3.6395345e+04
   3.7244735e+04
   3.7897576e+04
   3.8260189e+04
   3.8661075e+04
   3.9352813e+04
   3.9691186e+04
   4.0034063e+04
   4.0105420e+04
   4.0510675e+04
   4.0936631e+04
   4.1278209e+04
   4.1578455e+04
   4.1995350e+04
   4.2317507e+04
   4.2772010e+04
   4.3060869e+04
   4.3427456e+04
   4.3720145e+04
   4.4280388e+04
   4.4664150e+04
   4.5122693e+04
   4.5513942e+04
   4.5957562e+04
   4.6334221e+04
   4.6631571e+04
   4.7244574e+04
   4.7590271e+04
   4.7884166e+04
   4.8214167e+04
   4.8887674e+04
   4.9311549e+04
   4.9573897e+04
   5.0137510e+04
   5.0429670e+04
   5.0936609e+04
   5.1280849e+04
   5.2188019e+04
   5.2608400e+04
   5.3127198e+04
   5.3625592e+04
   5.4332259e+04
   5.4661491e+04
   5.5241237e+04
   5.5548467e+04
   5.6113350e+04
   5.6517388e+04
   5.6983587e+04
   5.7549141e+04
   5.7945012e+04
   5.8370138e+04
   5.8725728e+04
   5.9106326e+04
   5.9638298e+04
   5.9957679e+04
   1.0016302e+05
   1.0058064e+05
   1.0116203e+05
   1.0142373e+05
   1.0186960e+05
   1.0234062e+05
   1.0271510e+05
   1.0329900e+05
   1.0374077e+05
   1.0406545e+05
   1.0443800e+05
   1.0490740e+05
   1.0537047e+05
   1.0579046e+05
   1.0624733e+05
   1.0678262e+05
   1.0718936e+05
   1.0765034e+05
   1.0811351e+05
   1.0856014e+05
   1.0902908e+05
   1.0959562e+05
   1.1023406e+05
   1.1063511e+05
   1.1106032e+05
   1.1146243e+05
   1.1193340e+05
   1.1226033e+05
   1.1263367e+05
   1.1305943e+05
   1.1333818e+05
   1.1366836e+05
   1.1445172e+05
   1.1502910e+05
   1.1544854e+05
   1.1591440e+05
   1.1647831e+05
   1.1756969e+05
   1.1807843e+05
   1.1854125e+05
   1.1924595e+05
   1.1968871e+05
   1.6025050e+05
   1.6069602e+05
   1.6105047e+05
   1.6146468e+05
   1.6201001e+05
   1.6257248e+05
   1.6296707e+05
   1.6329422e+05
   1.6375934e+05
   1.6428208e+05
   1.6485737e+05
   1.6528154e+05
   1.6562369e+05
   1.6608275e+05
   1.6656312e+05
   1.6690516e+05
   1.6716150e+05
   1.6755742e+05
   1.6801706e+05
   1.6830615e+05
   1.6860482e+05
   1.6900989e+05
   1.6941396e+05
   1.6974237e+05
   1.7023999e+05
   1.7060424e+05
   1.7108143e+05
   1.7152786e+05
   1.7185812e+05
   1.7225726e+05
   1.7258790e+05
   1.7301494e+05
   1.7354549e+05
   1.7393002e+05
   1.7431804e+05
   1.7464266e+05
   1.7533170e+05
   1.7586431e+05
   1.7640351e+05
   1.7688703e+05
   1.7735095e+05
   1.7779492e+05
   1.7817404e+05
   1.7850066e+05
   1.7880490e+05
   1.7914975e+05
   1.7954302e+05
   2.2061033e+05
   2.2107337e+05
   2.2156015e+05
   2.2200912e+05
   2.2252237e+05
   2.2287324e+05
   2.2318196e+05
   2.2357569e+05
   2.2411320e+05
   2.2480944e+05
   2.2531154e+05
   2.2575172e+05
   2.2622865e+05
   2.2672928e+05
   2.2732491e+05
   2.2782175e+05
   2.2837152e+05
   2.2882186e+05
   2.2925058e+05
   2.2959602e+05
   2.2993547e+05
   2.3078305e+05
   2.3134554e+05
   2.3255600e+05
   2.3302175e+05
   2.3352827e+05
   2.3388559e+05
   2.3417705e+05
   2.3448552e+05
   2.3476943e+05
   2.3507272e+05
   2.3546974e+05
   2.3578978e+05
   2.3608388e+05
   2.3658297e+05
   2.3693345e+05
   2.3724093e+05
   2.3758658e+05
   2.3806721e+05
   2.3830324e+05
   2.3858781e+05
   2.3897908e+05
   2.3932987e+05
   2.3960444e+05
   2.8013703e+05
   2.8071092e+05
   2.8125129e+05
   2.8166772e+05
   2.8197829e+05
   2.8232260e+05
   2.8258875e+05
   2.8303065e+05
   2.8351152e+05
   2.8386143e+05
   2.8421815e+05
   2.8458982e+05
   2.8501637e+05
   2.8545158e+05
   2.8589830e+05
   2.8638010e+05
   2.8720660e+05
   2.8788191e+05
   2.8842834e+05
   2.8882118e+05
   2.8925063e+05
   2.8981417e+05
   2.9018654e+05
   2.9048724e+05
   2.9095942e+05
   2.9125533e+05
   2.9158433e+05
   2.9197203e+05
   2.9236578e+05
   2.9271412e+05
   2.9301607e+05
   2.9331574e+05
   2.9381484e+05
   2.9436225e+05
   2.9479455e+05
   2.9600939e+05
   2.9630793e+05
   2.9674509e+05
   2.9709664e+05
   2.9746613e+05
   2.9781752e+05
   2.9815480e+05
   2.9870672e+05
   2.9908535e+05
   2.9942187e+05
   2.9981504e+05
   3.4008681e+05
   3.4041138e+05
   3.4083988e+05
   3.4111459e+05
   3.4208625e+05
   3.4246180e+05
   3.4293012e+05
   3.4340222e+05
   3.4380732e+05
   3.4413943e+05
   3.4472034e+05
   3.4503302e+05
   3.4535081e+05
   3.4564226e+05
   3.4606499e+05
   3.4654949e+05
   3.4682481e+05
   3.4721218e+05
   3.4771746e+05
   3.4822789e+05
   3.4867999e+05
   3.4906437e+05
   3.4978494e+05
   3.5021051e+05
   3.5049500e+05
   3.5090655e+05
   3.5124060e+05
   3.5161837e+05
   3.5205844e+05
   3.5246289e+05
   3.5291737e+05
   3.5327263e+05
   3.5395311e+05
   3.5420044e+05
   3.5470968e+05
   3.5538559e+05
   3.5566335e+05
   3.5608032e+05
   3.5653505e+05
   3.5704854e+05
   3.5731227e+05
   3.5760519e+05
   3.5799209e+05
   3.5829780e+05
   3.5900911e+05
   3.5927209e+05
   3.5977647e+05
   4.0011271e+05
   4.0042224e+05
   4.0075396e+05
   4.0105306e+05
   4.0139327e+05
   4.0170171e+05
   4.0207137e+05
   4.0246313e+05
   4.0294465e+05
   4.0336612e+05
   4.0392401e+05
   4.0430203e+05
   4.0464661e+05
   4.0506113e+05
   4.0545174e+05
   4.0609792e+05
   4.0645013e+05
   4.0695425e+05
   4.0734886e+05
   4.0777166e+05
   4.0806889e+05
   4.0850052e+05
   4.0882028e+05
   4.0929690e+05
   4.0961922e+05
   4.1019599e+05
   4.1061107e+05
   4.1093518e+05
   4.1125201e+05
   4.1173333e+05
   4.1226999e+05
   4.1276827e+05
   4.1320968e+05
   4.1357678e+05
   4.1398021e+05
   4.1429629e+05
   4.1480636e+05
   4.1528189e+05
   4.1573415e+05
   4.1612075e+05
   4.1647538e+05
   4.1708301e+05
   4.1762365e+05
   4.1811156e+05
   4.1850370e+05
   4.1884518e+05
   4.1916544e+05
   4.1944240e+05
   4.6038027e+05
   4.6091500e+05
   4.6135766e+05
   4.6180409e+05
   4.6212990e+05
   4.6241800e+05
   4.6270581e+05
   4.6309099e+05
   4.6338238e+05
   4.6379875e+05
   4.6409310e+05
   4.6457197e+05
   4.6490589e+05
   4.6515149e+05
   4.6558773e+05
   4.6586507e+05
   4.6616306e+05
   4.6651400e+05
   4.6687943e+05
   4.6721533e+05
   4.6775799e+05
   4.6840517e+05
   4.6884450e+05
   4.6932634e+05
   4.6976520e+05
   4.7019361e+05
   4.7060519e+05
   4.7116389e+05
   4.7153989e+05
   4.7217611e+05
   4.7243077e+05
   4.7286735e+05
   4.7343424e+05
   4.7378052e+05
   4.7424383e+05
   4.7466795e+05
   4.7503604e+05
   4.7537844e+05
   4.7578178e+05
   4.7617398e+05
   4.7659159e+05
   4.7697968e+05
   4.7727974e+05
   4.7761808e+05
   4.7792894e+05
   4.7830643e+05
   4.7875147e+05
   4.7920441e+05
   4.7955695e+05
   4.7996975e+05
   5.2021625e+05
   5.2053418e+05
   5.2099548e+05
   5.2139083e+05
   5.2178409e+05
   5.2212117e+05
   5.2250185e+05
   5.2285473e+05
   5.2308813e+05
   5.2336342e+05
   5.2361226e+05
   5.2397714e+05
   5.2428959e+05
   5.2452809e+05
   5.2493454e+05
   5.2523605e+05
   5.2554086e+05
   5.2578284e+05
   5.2603623e+05
   5.2634791e+05
   5.2663079e+05
   5.2717663e+05
   5.2768899e+05
   5.2810482e+05
   5.2861360e+05
   5.2901594e+05
   5.2938126e+05
   5.2963196e+05
   5.2989966e+05
   5.3034009e+05
   5.3071571e+05
   5.3102176e+05
   5.3161080e+05
   5.3201572e+05
   5.3240234e+05
   5.3276635e+05
   5.3318408e+05
   5.3351154e+05
   5.3390187e+05
   5.3411246e+05
   5.3440229e+05
   5.3481894e+05
   5.3507824e+05
   5.3547626e+05
   5.3578229e+05
   5.3604345e+05
   5.3635259e+05
   5.3668499e+05
   5.3701150e+05
   5.3735355e+05
   5.3769936e+05
   5.3799450e+05
   5.3841109e+05
   5.3871816e+05
   5.3900454e+05
   5.3930331e+05
   5.3966942e+05
   5.3992837e+05
   5.8004374e+05
   5.8033176e+05
   5.8064778e+05
   5.8093580e+05
   5.8128666e+05
   5.8162813e+05
   5.8188241e+05
   5.8213980e+05
   5.8257172e+05
   5.8301810e+05
   5.8361043e+05
   5.8388887e+05
   5.8423617e+05
   5.8465050e+05
   5.8504517e+05
   5.8535305e+05
   5.8564547e+05
   5.8595616e+05
   5.8634442e+05
   5.8664815e+05
   5.8705092e+05
   5.8743313e+05
   5.8788824e+05
   5.8834905e+05
   5.8902360e+05
   5.8933188e+05
   5.8969591e+05
   5.9020703e+05
   5.9055306e+05
   5.9095779e+05
   5.9142380e+05
   5.9275888e+05
   5.9307267e+05
   5.9350074e+05
   5.9415320e+05
   5.9445192e+05
   5.9517102e+05
   5.9585775e+05
   5.9627435e+05
   5.9689430e+05
   5.9734708e+05
   5.9768273e+05
   5.9797291e+05
   5.9835832e+05
   5.9872216e+05
   5.9909884e+05
   5.9943471e+05
   5.9997378e+05
   6.0038073e+05
   6.0071517e+05
   6.0119950e+05
   6.0175188e+05
   6.0210204e+05
   6.0266663e+05
   6.0316813e+05
   6.0349373e+05
   6.0388177e+05
   6.0429223e+05
   6.0485065e+05
   6.0516250e+05
   6.0561430e+05
   6.0590571e+05
   6.0630266e+05
   6.0662925e+05
   6.0696623e+05
   6.0742787e+05
   6.0802217e+05
   6.0845997e+05
   6.0888465e+05
   6.0922105e+05
   6.0977459e+05
   6.1044891e+05
   6.1091915e+05
   6.1130363e+05
   6.1183297e+05
   6.1221783e+05
   6.1267024e+05
   6.1320640e+05
   6.1390838e+05
   6.1431544e+05
   6.1464530e+05
   6.1500364e+05
   6.1533519e+05
   6.1579297e+05
   6.1629242e+05
   6.1674867e+05
   6.1723104e+05
   6.1775838e+05
   6.1810788e+05
   6.1865689e+05
   6.1914967e+05
   6.1952900e+05
   6.1989957e+05
   6.2079868e+05
   6.2116473e+05
   6.2167682e+05
   6.2215393e+05
   6.2265212e+05
   6.2304029e+05
   6.2344842e+05
   6.2385657e+05
   6.2415028e+05
   6.2492226e+05
   6.2537496e+05
   6.2574339e+05
   6.2614578e+05
   6.2647537e+05
   6.2681713e+05
   6.2904712e+05
   6.2943782e+05
   6.3081226e+05
   6.3144772e+05
   6.3202908e+05
   6.3331432e+05
   6.3370988e+05
   6.3439372e+05
   6.3482554e+05
   6.3515566e+05
   6.3554392e+05
   6.3598915e+05
   6.3644229e+05
   6.3684897e+05
   6.3717291e+05
   6.3762388e+05
   6.3800240e+05
   6.3844508e+05
   6.3901532e+05
   6.3931349e+05
   6.4000947e+05
   6.4055669e+05
   6.4108880e+05
   6.4165115e+05
   6.4205059e+05
   6.4248669e+05
   6.4287830e+05
   6.4323045e+05
   6.4361662e+05
   6.4430046e+05
   6.4470413e+05
   6.4506175e+05
   6.4539156e+05
   6.4592659e+05
   6.4643499e+05
   6.4682533e+05
   6.4720708e+05
   6.4767443e+05
   6.4815114e+05
   6.4857185e+05
   6.4896989e+05
   6.4933824e+05
   6.4969917e+05
   6.4997909e+05
   6.5057444e+05
   6.5092798e+05
   6.5148591e+05
   6.5191829e+05
   6.5221140e+05
   6.5263739e+05
   6.5296093e+05
   6.5338827e+05
   6.5392842e+05
   6.5435406e+05
   6.5516992e+05
   6.5559318e+05
   6.5604994e+05
   6.5643283e+05
   6.5702076e+05
   6.5759308e+05
   6.5789862e+05
   6.5840788e+05
   6.5924463e+05
   6.5965627e+05
   6.6118802e+05
   6.6170858e+05
   6.6232131e+05
   6.6281452e+05
   6.6324510e+05
   6.6397613e+05
   6.6589748e+05
   6.6640600e+05
   6.6691957e+05
   6.6743131e+05
   6.6782099e+05
   6.6819350e+05
   6.6860358e+05
   6.6908996e+05
   6.6953339e+05
   6.6986646e+05
   6.7032525e+05
   6.7071637e+05
   6.7109715e+05
   6.7153297e+05
   6.7196048e+05
   6.7235907e+05
   6.7271759e+05
   6.7307525e+05
   6.7368290e+05
   6.7437644e+05
   6.7471731e+05
   6.7526031e+05
   6.7558716e+05
   6.7616419e+05
   6.7666779e+05
   6.7712357e+05
   6.7759818e+05
   6.7799601e+05
   6.7835395e+05
   6.7894308e+05
   6.7933452e+05
   6.7970294e+05
   6.7998400e+05
   6.8051344e+05
   6.8080051e+05
   6.8117077e+05
   6.8160399e+05
   6.8195010e+05
   6.8235425e+05
   6.8277917e+05
   6.8322503e+05
   6.8366461e+05
   6.8504874e+05
   6.8539521e+05
   6.8574982e+05
   6.8606877e+05
   6.8667221e+05
   6.8722018e+05
   6.8760939e+05
   6.8811755e+05
   6.8855121e+05
   6.8908406e+05
   6.8952537e+05
   6.8987351e+05
   6.9021745e+05
   6.9072474e+05
   6.9113444e+05
   6.9151544e+05
   6.9202283e+05
   6.9247538e+05
   6.9313583e+05
   6.9353207e+05
   6.9411653e+05
   6.9440200e+05
   6.9481702e+05
   6.9530977e+05
   6.9564065e+05
   6.9619853e+05
   6.9658383e+05
   6.9687956e+05
   6.9741227e+05
   6.9799128e+05
   6.9842552e+05
   6.9900204e+05
   6.9948965e+05
   7.0004569e+05
   7.0054910e+05
   7.0090753e+05
   7.0156193e+05
   7.0241482e+05
   7.0301931e+05
   7.0358600e+05
   7.0406225e+05
   7.0454993e+05
   7.0496947e+05
   7.0550438e+05
   7.0592998e+05
   7.0635081e+05
   7.0695039e+05
   7.0739521e+05
   7.0775036e+05
   7.0821306e+05
   7.0865042e+05
   7.0916833e+05
   7.0977582e+05
   7.1054790e+05
   7.1095522e+05
   7.1141444e+05
   7.1185240e+05
   7.1225323e+05
   7.1261470e+05
   7.1315741e+05
   7.1373897e+05
   7.1446549e+05
   7.1499244e+05
   7.1553310e+05
   7.1659533e+05
   7.1706809e+05
   7.1760983e+05
   7.1831349e+05
   7.1861000e+05
   7.1979435e+05
   7.2044816e+05
   7.2082133e+05
   7.2143586e+05
   7.2223836e+05
   7.2268729e+05
   7.2316961e+05
   7.2360537e+05
   7.2409813e+05
   7.2456911e+05
   7.2528682e+05
   7.2681450e+05
   7.2773232e+05
   7.2858090e+05
   7.2904229e+05
   7.2972797e+05
   7.3021337e+05
   7.3073677e+05
   7.3137190e+05
   7.3197417e+05
   7.3264250e+05
   7.3327854e+05
   7.3396085e+05
   7.3562814e+05
   7.3611949e+05
   7.3699073e+05
   7.3792966e+05
   7.3984364e+05
   7.4071347e+05
   7.4118371e+05
   7.4189744e+05
   7.4257893e+05
   7.4322923e+05
   7.4402407e+05
   7.4472421e+05
   7.4568666e+05
   7.4608735e+05
   7.4667057e+05
   7.4735684e+05
   7.4787296e+05
   7.4824106e+05
   7.4875723e+05
   7.4921830e+05
   7.4973522e+05
   7.5056660e+05
   7.5149783e+05
   7.5234067e+05
   7.5321422e+05
   7.5407117e+05
   7.5456249e+05
   7.5509436e+05
   7.5567266e+05
   7.5634120e+05
   7.5738542e+05
   7.5786834e+05
   7.5841447e+05
   7.5889126e+05
   7.5932011e+05
   7.6032998e+05
   7.6077258e+05
   7.6122491e+05
   7.6168539e+05
   7.6205547e+05
   7.6256441e+05
   7.6298048e+05
   7.6336667e+05
   7.6382151e+05
   7.6424318e+05
   7.6465579e+05
   7.6491467e+05
   7.6535855e+05
   7.6568795e+05
   7.6617654e+05
   7.6643997e+05
   7.6687663e+05
   7.6739997e+05
   7.6794058e+05
   7.6863167e+05
   7.6917467e+05
   7.6960140e+05
   7.7009075e+05
   7.7066742e+05
   7.7130009e+05
   7.7189263e+05
   7.7280150e+05
   7.7356725e+05
   7.7395664e+05
   7.7436280e+05
   7.7490485e+05
   7.7527397e+05
   7.7568913e+05
   7.7628247e+05
   7.7683588e+05
   7.7743072e+05
   7.7792725e+05
   7.7823645e+05
   7.7883057e+05
   7.7934973e+05
   7.7984276e+05
   8.2047212e+05
   8.2087291e+05
   8.2127073e+05
   8.2182791e+05
   8.2226266e+05
   8.2281393e+05
   8.2313918e+05
   8.2353662e+05
   8.2400249e+05
   8.2437516e+05
   8.2477636e+05
   8.2520295e+05
   8.2561748e+05
   8.2603238e+05
   8.2646149e+05
   8.2686255e+05
   8.2758279e+05
   8.2794622e+05
   8.2839084e+05
   8.2868145e+05
   8.2945322e+05
   8.3001120e+05
   8.3047302e+05
   8.3086793e+05
   8.3148127e+05
   8.3207147e+05
   8.3258770e+05
   8.3440776e+05
   8.3485723e+05
   8.3540121e+05
   8.3667327e+05
   8.3718252e+05
   8.3782894e+05
   8.3832915e+05
   8.3864547e+05
   8.3902081e+05
   8.3953545e+05
   8.8053454e+05
   8.8085593e+05
   8.8162812e+05
   8.8199461e+05
   8.8234928e+05
   8.8275133e+05
   8.8332967e+05
   8.8369736e+05
   8.8421194e+05
   8.8455789e+05
   8.8503068e+05
   8.8544042e+05
   8.8598428e+05
   8.8649934e+05
   8.8676696e+05
   8.8747829e+05
   8.8903623e+05
   8.8943411e+05
   8.8991855e+05
   8.9037719e+05
   8.9069400e+05
   8.9117552e+05
   8.9165054e+05
   8.9208326e+05
   8.9246537e+05
   8.9298312e+05
   8.9358368e+05
   8.9450945e+05
   8.9503826e+05
   8.9573175e+05
   8.9613403e+05
   8.9650384e+05
   8.9739040e+05
   8.9791456e+05
   8.9845903e+05
   8.9898761e+05
   8.9947337e+05
   9.4041875e+05
   9.4118148e+05
   9.4160606e+05
   9.4201620e+05
   9.4237387e+05
   9.4271414e+05
   9.4308497e+05
   9.4354926e+05
   9.4396885e+05
   9.4428809e+05
   9.4475132e+05
   9.4507499e+05
   9.4541398e+05
   9.4574720e+05
   9.4674925e+05
   9.4749918e+05
   9.4805440e+05
   9.4846755e+05
   9.4887575e+05
   9.4931338e+05
   9.4987096e+05
   9.5016139e+05
   9.5067820e+05
   9.5103055e+05
   9.5147399e+05
   9.5187857e+05
   9.5229835e+05
   9.5269118e+05
   9.5309851e+05
   9.5350347e+05
   9.5387779e+05
   9.5459143e+05
   9.5532613e+05
   9.5576873e+05
   9.5622580e+05
   9.5677071e+05
   9.5714602e+05
   9.5779458e+05
   9.5872162e+05
   9.5921277e+05
   9.5968794e+05
   1.0004539e+06
   1.0008588e+06
   1.0013111e+06
   1.0016685e+06
   1.0021173e+06
   1.0024797e+06
   1.0028855e+06
   1.0033990e+06
   1.0037993e+06
   1.0040919e+06
   1.0045466e+06
   1.0048187e+06
   1.0052651e+06
   1.0056412e+06
   1.0060537e+06
   1.0063461e+06
   1.0068986e+06
   1.0075692e+06
   1.0079900e+06
   1.0083593e+06
   1.0092032e+06
   1.0097795e+06
   1.0105217e+06
   1.0108627e+06
   1.0115945e+06
   1.0120762e+06
   1.0125540e+06
   1.0131958e+06
   1.0136343e+06
   1.0154063e+06
   1.0162731e+06
   1.0167075e+06
   1.0171003e+06
   1.0177801e+06
   1.0181932e+06
   1.0186118e+06
   1.0190098e+06
   1.0194688e+06
   1.0199472e+06
   1.0603203e+06
   1.0606483e+06
   1.0611933e+06
   1.0615507e+06
   1.0618898e+06
   1.0622581e+06
   1.0626369e+06
   1.0630366e+06
   1.0636651e+06
   1.0640049e+06
   1.0643654e+06
   1.0647259e+06
   1.0650910e+06
   1.0654407e+06
   1.0657952e+06
   1.0661030e+06
   1.0665595e+06
   1.0668362e+06
   1.0675426e+06
   1.0680758e+06
   1.0686309e+06
   1.0691071e+06
   1.0694848e+06
   1.0699358e+06
   1.0703381e+06
   1.0707333e+06
   1.0711949e+06
   1.0716709e+06
   1.0721241e+06
   1.0726929e+06
   1.0731136e+06
   1.0737105e+06
   1.0747346e+06
   1.0751894e+06
   1.0756260e+06
   1.0760247e+06
   1.0764692e+06
   1.0768268e+06
   1.0774660e+06
   1.0778693e+06
   1.0783767e+06
   1.0789088e+06
   1.1203211e+06
   1.1208314e+06
   1.1211649e+06
   1.1215434e+06
   1.1219544e+06
   1.1225035e+06
   1.1228502e+06
   1.1231649e+06
   1.1235144e+06
   1.1241216e+06
   1.1244951e+06
   1.1249033e+06
   1.1251938e+06
   1.1255226e+06
   1.1259527e+06
   1.1264594e+06
   1.1268471e+06
   1.1274320e+06
   1.1279294e+06
   1.1285199e+06
   1.1289193e+06
   1.1296000e+06
   1.1303963e+06
   1.1313573e+06
   1.1317388e+06
   1.1321319e+06
   1.1325096e+06
   1.1329034e+06
   1.1333347e+06
   1.1337205e+06
   1.1346861e+06
   1.1352860e+06
   1.1357945e+06
   1.1364187e+06
   1.1369984e+06
   1.1375244e+06
   1.1381366e+06
   1.1389041e+06
   1.1394654e+06
   1.1399081e+06
   1.1802627e+06
   1.1806329e+06
   1.1812112e+06
   1.1816536e+06
   1.1835128e+06
   1.1839413e+06
   1.1843005e+06
   1.1846711e+06
   1.1852307e+06
   1.1856117e+06
   1.1860439e+06
   1.1863606e+06
   1.1866763e+06
   1.1873105e+06
   1.1906738e+06
   1.1910715e+06
   1.1917496e+06
   1.1926130e+06
   1.1931546e+06
   1.1936225e+06
   1.1946506e+06
   1.1951382e+06
   1.1955989e+06
   1.1960253e+06
   1.1966155e+06
   1.1969739e+06
   1.1976556e+06
   1.1985557e+06
   1.1991211e+06
   1.1999075e+06
   1.2403995e+06
   1.2408449e+06
   1.2411856e+06
   1.2415475e+06
   1.2418994e+06
   1.2424099e+06
   1.2429018e+06
   1.2432808e+06
   1.2435934e+06
   1.2440060e+06
   1.2443585e+06
   1.2447897e+06
   1.2453236e+06
   1.2457140e+06
   1.2461120e+06
   1.2465882e+06
   1.2475932e+06
   1.2480426e+06
   1.2490583e+06
   1.2497398e+06
   1.2502120e+06
   1.2507211e+06
   1.2510764e+06
   1.2514627e+06
   1.2521440e+06
   1.2527573e+06
   1.2530909e+06
   1.2536414e+06
   1.2544014e+06
   1.2549160e+06
   1.2555034e+06
   1.2559955e+06
   1.2564888e+06
   1.2577608e+06
   1.2582498e+06
   1.2586673e+06
   1.2590240e+06
   1.2595603e+06
   1.3006196e+06
   1.3008968e+06
   1.3015245e+06
   1.3019393e+06
   1.3034343e+06
   1.3043413e+06
   1.3047328e+06
   1.3054622e+06
   1.3058975e+06
   1.3062417e+06
   1.3066807e+06
   1.3069730e+06
   1.3075449e+06
   1.3080814e+06
   1.3084396e+06
   1.3087413e+06
   1.3094023e+06
   1.3099404e+06
   1.3103398e+06
   1.3107289e+06
   1.3110588e+06
   1.3125424e+06
   1.3138360e+06
   1.3150494e+06
   1.3156303e+06
   1.3163486e+06
   1.3169258e+06
   1.3174167e+06
   1.3177431e+06
   1.3182068e+06
   1.3190419e+06
   1.3196773e+06
   1.3605166e+06
   1.3610750e+06
   1.3615092e+06
   1.3618354e+06
   1.3622675e+06
   1.3627295e+06
   1.3632778e+06
   1.3637031e+06
   1.3642025e+06
   1.3647429e+06
   1.3650722e+06
   1.3654289e+06
   1.3659222e+06
   1.3661940e+06
   1.3667482e+06
   1.3674892e+06
   1.3678908e+06
   1.3682164e+06
   1.3685783e+06
   1.3690265e+06
   1.3696563e+06
   1.3700835e+06
   1.3706067e+06
   1.3713924e+06
   1.3718820e+06
   1.3723326e+06
   1.3734213e+06
   1.3745332e+06
   1.3749747e+06
   1.3754857e+06
   1.3760299e+06
   1.3765487e+06
   1.3769054e+06
   1.3772864e+06
   1.3777459e+06
   1.3782581e+06
   1.3787648e+06
   1.3795901e+06
   1.4205019e+06
   1.4209040e+06
   1.4212925e+06
   1.4217918e+06
   1.4221215e+06
   1.4225493e+06
   1.4230745e+06
   1.4234925e+06
   1.4239081e+06
   1.4243504e+06
   1.4247669e+06
   1.4253408e+06
   1.4259240e+06
   1.4262693e+06
   1.4267440e+06
   1.4274373e+06
   1.4278437e+06
   1.4283367e+06
   1.4287631e+06
   1.4292248e+06
   1.4295009e+06
   1.4299223e+06
   1.4303289e+06
   1.4307346e+06
   1.4313199e+06
   1.4320387e+06
   1.4326303e+06
   1.4330411e+06
   1.4335623e+06
   1.4345963e+06
   1.4356550e+06
   1.4365396e+06
   1.4391033e+06
   1.4397317e+06
   1.4804242e+06
   1.4808489e+06
   1.4813601e+06
   1.4817724e+06
   1.4822851e+06
   1.4828112e+06
   1.4833225e+06
   1.4837437e+06
   1.4841368e+06
   1.4845917e+06
   1.4850958e+06
   1.4854732e+06
   1.4865076e+06
   1.4874982e+06
   1.4879416e+06
   1.4887309e+06
   1.4890986e+06
   1.4897049e+06
   1.4902078e+06
   1.4906535e+06
   1.4910701e+06
   1.4914085e+06
   1.4919105e+06
   1.4923565e+06
   1.4929364e+06
   1.4933015e+06
   1.4938363e+06
   1.4944407e+06
   1.4955840e+06
   1.4968782e+06
   1.4974338e+06
   1.4982032e+06
   1.4990959e+06
   1.4996506e+06
   1.5404202e+06
   1.5407361e+06
   1.5413421e+06
   1.5419271e+06
   1.5422833e+06
   1.5428005e+06
   1.5431781e+06
   1.5435764e+06
   1.5440123e+06
   1.5445288e+06
   1.5451853e+06
   1.5457104e+06
   1.5463182e+06
   1.5475067e+06
   1.5480971e+06
   1.5486332e+06
   1.5492541e+06
   1.5497585e+06
   1.5503176e+06
   1.5508700e+06
   1.5514080e+06
   1.5520477e+06
   1.5524999e+06
   1.5534165e+06
   1.5545356e+06
   1.5551236e+06
   1.5555921e+06
   1.5559790e+06
   1.5563983e+06
   1.5568884e+06
   1.5577127e+06
   1.5582401e+06
   1.5587542e+06
   1.5592142e+06
   1.5597918e+06
   1.6006226e+06
   1.6013181e+06
   1.6016952e+06
   1.6024502e+06
   1.6028477e+06
   1.6033840e+06
   1.6039383e+06
   1.6045716e+06
   1.6049313e+06
   1.6052979e+06
   1.6057008e+06
   1.6060600e+06
   1.6065726e+06
   1.6069097e+06
   1.6077032e+06
   1.6081301e+06
   1.6088744e+06
   1.6093903e+06
   1.6098981e+06
   1.6115080e+06
   1.6119905e+06
   1.6128270e+06
   1.6139821e+06
   1.6149186e+06
   1.6152822e+06
   1.6158239e+06
   1.6163249e+06
   1.6167584e+06
   1.6175771e+06
   1.6184447e+06
   1.6189491e+06
   1.6606004e+06
   1.6610088e+06
   1.6614158e+06
   1.6619908e+06
   1.6624712e+06
   1.6630154e+06
   1.6634480e+06
   1.6638597e+06
   1.6645817e+06
   1.6654733e+06
   1.6661317e+06
   1.6674168e+06
   1.6678602e+06
   1.6683634e+06
   1.6696405e+06
   1.6703610e+06
   1.6709227e+06
   1.6712963e+06
   1.6720614e+06
   1.6726418e+06
   1.6731366e+06
   1.6734228e+06
   1.6745931e+06
   1.6749503e+06
   1.6755409e+06
   1.6761050e+06
   1.6769077e+06
   1.6774522e+06
   1.6780627e+06
   1.6784096e+06
   1.6788171e+06
   1.6793475e+06
   1.6797738e+06
   1.7203502e+06
   1.7218795e+06
   1.7230088e+06
   1.7236698e+06
   1.7243654e+06
   1.7248408e+06
   1.7253064e+06
   1.7260201e+06
   1.7263835e+06
   1.7274216e+06
   1.7279300e+06
   1.7288540e+06
   1.7293876e+06
   1.7301788e+06
   1.7306174e+06
   1.7314084e+06
   1.7318773e+06
   1.7322780e+06
   1.7330633e+06
   1.7339452e+06
   1.7359201e+06
   1.7364769e+06
   1.7369014e+06
   1.7375886e+06
   1.7380858e+06
   1.7386848e+06
   1.7391521e+06
   1.7395245e+06
   1.7398884e+06
   1.7811666e+06
   1.7816217e+06
   1.7820935e+06
   1.7828772e+06
   1.7833247e+06
   1.7838133e+06
   1.7846501e+06
   1.7849688e+06
   1.7854599e+06
   1.7858748e+06
   1.7863898e+06
   1.7868867e+06
   1.7878136e+06
   1.7883016e+06
   1.7890276e+06
   1.7897442e+06
   1.7902855e+06
   1.7908691e+06
   1.7913477e+06
   1.7920208e+06
   1.7928606e+06
   1.7934141e+06
   1.7938884e+06
   1.7943595e+06
   1.7949431e+06
   1.7957126e+06
   1.7961804e+06
   1.7966579e+06
   1.7970877e+06
   1.7977847e+06
   1.7988333e+06
   1.7997381e+06
   1.8404668e+06
   1.8410408e+06
   1.8414125e+06
   1.8419729e+06
   1.8423187e+06
   1.8432111e+06
   1.8443950e+06
   1.8451412e+06
   1.8456074e+06
   1.8460624e+06
   1.8464788e+06
   1.8476560e+06
   1.8483612e+06
   1.8487117e+06
   1.8493968e+06
   1.8499956e+06
   1.8505760e+06
   1.8513723e+06
   1.8518189e+06
   1.8524256e+06
   1.8528411e+06
   1.8544144e+06
   1.8549422e+06
   1.8559140e+06
   1.8566662e+06
   1.8571302e+06
   1.8575336e+06
   1.8579561e+06
   1.8586001e+06
   1.8590459e+06
   1.8595475e+06
   1.9007402e+06
   1.9011691e+06
   1.9016575e+06
   1.9022848e+06
   1.9041565e+06
   1.9051834e+06
   1.9060928e+06
   1.9064797e+06
   1.9077763e+06
   1.9085043e+06
   1.9089555e+06
   1.9102251e+06
   1.9105777e+06
   1.9109830e+06
   1.9117279e+06
   1.9122415e+06
   1.9127829e+06
   1.9131881e+06
   1.9137071e+06
   1.9148279e+06
   1.9154360e+06
   1.9164470e+06
   1.9168212e+06
   1.9176242e+06
   1.9180485e+06
   1.9186905e+06
   1.9195616e+06
   6.0946778e+04
   6.1290874e+04
   6.1788060e+04
   6.2195664e+04
   6.2564314e+04
   6.3267747e+04
   6.3640546e+04
   6.4044136e+04
   6.4456261e+04
   6.4774498e+04
   6.5241598e+04
   6.5940219e+04
   6.6514124e+04
   6.6932334e+04
   6.7299121e+04
   6.7805535e+04
   6.8087324e+04
   6.9107183e+04
   6.9474785e+04
   6.9869561e+04
   7.0384340e+04
   7.0698239e+04
   7.1138141e+04
   7.1523314e+04
   7.2227206e+04
   7.2681436e+04
   7.3351167e+04
   7.3736172e+04
   7.4246485e+04
   7.4677933e+04
   7.5141517e+04
   7.5650139e+04
   7.6002956e+04
   7.6524744e+04
   7.7320173e+04
   7.7696997e+04
   7.7997012e+04
   7.8407326e+04
   7.8927609e+04
   7.9331629e+04
   7.9746438e+04
   8.0269308e+04
   8.0932080e+04
   8.1771583e+04
   8.2244308e+04
   8.2605465e+04
   8.2987051e+04
   8.3444783e+04
   8.4083626e+04
   8.4547922e+04
   8.4904369e+04
   8.5457989e+04
   8.6004945e+04
   8.6728634e+04
   8.7113682e+04
   8.7496744e+04
   8.7866461e+04
   8.8263786e+04
   8.8932897e+04
   8.9464718e+04
   8.9894854e+04
   9.0602660e+04
   9.0982163e+04
   9.1446629e+04
   9.2011854e+04
   9.2474860e+04
   9.2806986e+04
   9.3226897e+04
   9.3649715e+04
   9.3949513e+04
   9.4390568e+04
   9.4805967e+04
   9.5636797e+04
   9.6057163e+04
   9.6698873e+04
   9.7193846e+04
   9.7740428e+04
   9.8381160e+04
   9.8752907e+04
   9.9228932e+04
   9.9666781e+04
   1.2041352e+05
   1.2104995e+05
   1.2148069e+05
   1.2180576e+05
   1.2228909e+05
   1.2270741e+05
   1.2328578e+05
   1.2378432e+05
   1.2418121e+05
   1.2457662e+05
   1.2510509e+05
   1.2568743e+05
   1.2636629e+05
   1.2688878e+05
   1.2721628e+05
   1.2782450e+05
   1.2840647e+05
   1.2899840e+05
   1.2941027e+05
   1.2984309e+05
   1.3031683e+05
   1.3109641e+05
   1.3151845e+05
   1.3199589e+05
   1.3246917e+05
   1.3287666e+05
   1.3333325e+05
   1.3374714e+05
   1.3460675e+05
   1.3525778e+05
   1.3574022e+05
   1.3629309e+05
   1.3710354e+05
   1.3763725e+05
   1.3798534e+05
   1.3848065e+05
   1.3913666e+05
   1.3951947e+05
   1.4033649e+05
   1.4102284e+05
   1.4166265e+05
   1.4272529e+05
   1.4322447e+05
   1.4371507e+05
   1.4415569e+05
   1.4485672e+05
   1.4518616e+05
   1.4571431e+05
   1.4613960e+05
   1.4692635e+05
   1.4734940e+05
   1.4790453e+05
   1.4841697e+05
   1.4904752e+05
   1.4967239e+05
   1.5010125e+05
   1.5053841e+05
   1.5086934e+05
   1.5136262e+05
   1.5182597e+05
   1.5227596e+05
   1.5292560e+05
   1.5331341e+05
   1.5379536e+05
   1.5423044e+05
   1.5471953e+05
   1.5523840e+05
   1.5575035e+05
   1.5610510e+05
   1.5654293e+05
   1.5692899e+05
   1.5734437e+05
   1.5783500e+05
   1.5829256e+05
   1.5871705e+05
   1.5963365e+05
   1.8034422e+05
   1.8111772e+05
   1.8166577e+05
   1.8201785e+05
   1.8242845e+05
   1.8295105e+05
   1.8354176e+05
   1.8411030e+05
   1.8470747e+05
   1.8568235e+05
   1.8619432e+05
   1.8680979e+05
   1.8728028e+05
   1.8757928e+05
   1.8824202e+05
   1.8859703e+05
   1.8926051e+05
   1.8975321e+05
   1.9033202e+05
   1.9100529e+05
   1.9133496e+05
   1.9159906e+05
   1.9219422e+05
   1.9266869e+05
   1.9297121e+05
   1.9332664e+05
   1.9393184e+05
   1.9451381e+05
   1.9526055e+05
   1.9594040e+05
   1.9640180e+05
   1.9674979e+05
   1.9726643e+05
   1.9765824e+05
   1.9822443e+05
   1.9872383e+05
   1.9905357e+05
   1.9947285e+05
   1.9982225e+05
   2.0042163e+05
   2.0078206e+05
   2.0133491e+05
   2.0171607e+05
   2.0207774e+05
   2.0265827e+05
   2.0311208e+05
   2.0367107e+05
   2.0417806e+05
   2.0465277e+05
   2.0595100e+05
   2.0645786e+05
   2.0693982e+05
   2.0726812e+05
   2.0790339e+05
   2.0855206e+05
   2.0916045e+05
   2.0958647e+05
   2.0995590e+05
   2.1029216e+05
   2.1064742e+05
   2.1115339e+05
   2.1169461e+05
   2.1227425e+05
   2.1272858e+05
   2.1308421e+05
   2.1375796e+05
   2.1416109e+05
   2.1457387e+05
   2.1495956e+05
   2.1555882e+05
   2.1607187e+05
   2.1707453e+05
   2.1753609e+05
   2.1804352e+05
   2.1844988e+05
   2.1881942e+05
   2.1920305e+05
   2.1970999e+05
   2.4073720e+05
   2.4118753e+05
   2.4157526e+05
   2.4199804e+05
   2.4272504e+05
   2.4323161e+05
   2.4369596e+05
   2.4405501e+05
   2.4471365e+05
   2.4533550e+05
   2.4575646e+05
   2.4611020e+05
   2.4651923e+05
   2.4691810e+05
   2.4773031e+05
   2.4817133e+05
   2.4842303e+05
   2.4954709e+05
   2.4988427e+05
   2.5023029e+05
   2.5061525e+05
   2.5103765e+05
   2.5154822e+05
   2.5196023e+05
   2.5256927e+05
   2.5290834e+05
   2.5338386e+05
   2.5382893e+05
   2.5418829e+05
   2.5486317e+05
   2.5523335e+05
   2.5675175e+05
   2.5738814e+05
   2.5776749e+05
   2.5854928e+05
   2.5903735e+05
   2.5946016e+05
   2.5998705e+05
   2.6066859e+05
   2.6132817e+05
   2.6178261e+05
   2.6219940e+05
   2.6289097e+05
   2.6339058e+05
   2.6378978e+05
   2.6427721e+05
   2.6498967e+05
   2.6539454e+05
   2.6578292e+05
   2.6638640e+05
   2.6707579e+05
   2.6758781e+05
   2.6808719e+05
   2.6864937e+05
   2.6947431e+05
   2.6984734e+05
   2.7027154e+05
   2.7064637e+05
   2.7105112e+05
   2.7145349e+05
   2.7180849e+05
   2.7222444e+05
   2.7269213e+05
   2.7299290e+05
   2.7344167e+05
   2.7397352e+05
   2.7439982e+05
   2.7527792e+05
   2.7565918e+05
   2.7653674e+05
   2.7807215e+05
   2.7841950e+05
   2.7875724e+05
   2.7913868e+05
   2.7947657e+05
   3.0034221e+05
   3.0089910e+05
   3.0131412e+05
   3.0187664e+05
   3.0247553e+05
   3.0299042e+05
   3.0358772e+05
   3.0447667e+05
   3.0477941e+05
   3.0540159e+05
   3.0586472e+05
   3.0631893e+05
   3.0682026e+05
   3.0725927e+05
   3.0771775e+05
   3.0908293e+05
   3.0941784e+05
   3.0976598e+05
   3.1021365e+05
   3.1077321e+05
   3.1185731e+05
   3.1229372e+05
   3.1279974e+05
   3.1325633e+05
   3.1363390e+05
   3.1439521e+05
   3.1496388e+05
   3.1548944e+05
   3.1590568e+05
   3.1634612e+05
   3.1685125e+05
   3.1717621e+05
   3.1775956e+05
   3.1812171e+05
   3.1849554e+05
   3.1905941e+05
   3.1981130e+05
   3.2008449e+05
   3.2062136e+05
   3.2135703e+05
   3.2174039e+05
   3.2214672e+05
   3.2268134e+05
   3.2310227e+05
   3.2347715e+05
   3.2444272e+05
   3.2484438e+05
   3.2549666e+05
   3.2604756e+05
   3.2664303e+05
   3.2698911e+05
   3.2742029e+05
   3.2856240e+05
   3.2895913e+05
   3.2939754e+05
   3.2996313e+05
   3.3059192e+05
   3.3122672e+05
   3.3211156e+05
   3.3240209e+05
   3.3290175e+05
   3.3347388e+05
   3.3388685e+05
   3.3444920e+05
   3.3482611e+05
   3.3529707e+05
   3.3572253e+05
   3.3651895e+05
   3.3706396e+05
   3.3764143e+05
   3.3812101e+05
   3.3856438e+05
   3.3890851e+05
   3.3983627e+05
   3.6028186e+05
   3.6087463e+05
   3.6132902e+05
   3.6175080e+05
   3.6208654e+05
   3.6270440e+05
   3.6305170e+05
   3.6364474e+05
   3.6461850e+05
   3.6518627e+05
   3.6562557e+05
   3.6605286e+05
   3.6640193e+05
   3.6691034e+05
   3.6750805e+05
   3.6785701e+05
   3.6821236e+05
   3.6859259e+05
   3.6888057e+05
   3.7011620e+05
   3.7064698e+05
   3.7126245e+05
   3.7160834e+05
   3.7203516e+05
   3.7237995e+05
   3.7274073e+05
   3.7318482e+05
   3.7352844e+05
   3.7423232e+05
   3.7479403e+05
   3.7532098e+05
   3.7578066e+05
   3.7628394e+05
   3.7683344e+05
   3.7722624e+05
   3.7766602e+05
   3.7827940e+05
   3.7866384e+05
   3.7920678e+05
   3.7951643e+05
   3.8014531e+05
   3.8050547e+05
   3.8084066e+05
   3.8124669e+05
   3.8182361e+05
   3.8232236e+05
   3.8280387e+05
   3.8372496e+05
   3.8408556e+05
   3.8462082e+05
   3.8518959e+05
   3.8584817e+05
   3.8663284e+05
   3.8715678e+05
   3.8755629e+05
   3.8821582e+05
   3.8942480e+05
   3.8999678e+05
   3.9054082e+05
   3.9089728e+05
   3.9184289e+05
   3.9218600e+05
   3.9260958e+05
   3.9304313e+05
   3.9375675e+05
   3.9423635e+05
   3.9465935e+05
   3.9531568e+05
   3.9561695e+05
   3.9605022e+05
   3.9640555e+05
   3.9701961e+05
   3.9805639e+05
   3.9854073e+05
   3.9926402e+05
   3.9970568e+05
   4.2074484e+05
   4.2106136e+05
   4.2149040e+05
   4.2239358e+05
   4.2307495e+05
   4.2345206e+05
   4.2386201e+05
   4.2426093e+05
   4.2462025e+05
   4.2519859e+05
   4.2562229e+05
   4.2601452e+05
   4.2656927e+05
   4.2687532e+05
   4.2738882e+05
   4.2780898e+05
   4.2817017e+05
   4.2845163e+05
   4.2882511e+05
   4.2940447e+05
   4.2982159e+05
   4.3037563e+05
   4.3084329e+05
   4.3150463e+05
   4.3193512e+05
   4.3244281e+05
   4.3307937e+05
   4.3362674e+05
   4.3406938e+05
   4.3441211e+05
   4.3490026e+05
   4.3566574e+05
   4.3628515e+05
   4.3724823e+05
   4.3772516e+05
   4.3807649e+05
   4.3892129e+05
   4.3936686e+05
   4.3966304e+05
   4.4005574e+05
   4.4047619e+05
   4.4091820e+05
   4.4150820e+05
   4.4193342e+05
   4.4243791e+05
   4.4282602e+05
   4.4322956e+05
   4.4383276e+05
   4.4457759e+05
   4.4534925e+05
   4.4576754e+05
   4.4629420e+05
   4.4685526e+05
   4.4747655e+05
   4.4792273e+05
   4.4847133e+05
   4.4898705e+05
   4.4931710e+05
   4.4959320e+05
   4.5010932e+05
   4.5061456e+05
   4.5116110e+05
   4.5144555e+05
   4.5221903e+05
   4.5255429e+05
   4.5323490e+05
   4.5370399e+05
   4.5411891e+05
   4.5457240e+05
   4.5500681e+05
   4.5549751e+05
   4.5598256e+05
   4.5679963e+05
   4.5725078e+05
   4.5754774e+05
   4.5792502e+05
   4.5853233e+05
   4.5889952e+05
   4.5920499e+05
   4.5986643e+05
   4.8041152e+05
   4.8087839e+05
   4.8141350e+05
   4.8175270e+05
   4.8219589e+05
   4.8267979e+05
   4.8321174e+05
   4.8391401e+05
   4.8441331e+05
   4.8523263e+05
   4.8560126e+05
   4.8608646e+05
   4.8678933e+05
   4.8726842e+05
   4.8776959e+05
   4.8832534e+05
   4.8879987e+05
   4.8920888e+05
   4.8945408e+05
   4.8985203e+05
   4.9023756e+05
   4.9072078e+05
   4.9105633e+05
   4.9141351e+05
   4.9188988e+05
   4.9218915e+05
   4.9256411e+05
   4.9306787e+05
   4.9337707e+05
   4.9379902e+05
   4.9443452e+05
   4.9472435e+05
   4.9520922e+05
   4.9581478e+05
   4.9624963e+05
   4.9673799e+05
   4.9720852e+05
   4.9761709e+05
   4.9794529e+05
   4.9859520e+05
   4.9895803e+05
   4.9983498e+05
   5.0029736e+05
   5.0072210e+05
   5.0153031e+05
   5.0210002e+05
   5.0271155e+05
   5.0320434e+05
   5.0360197e+05
   5.0393945e+05
   5.0443910e+05
   5.0511777e+05
   5.0554581e+05
   5.0609297e+05
   5.0663452e+05
   5.0706583e+05
   5.0737477e+05
   5.0792429e+05
   5.0825101e+05
   5.0889691e+05
   5.0927304e+05
   5.0961127e+05
   5.1001565e+05
   5.1032200e+05
   5.1084248e+05
   5.1282382e+05
   5.1331287e+05
   5.1371452e+05
   5.1418726e+05
   5.1504228e+05
   5.1557722e+05
   5.1614036e+05
   5.1651913e+05
   5.1683247e+05
   5.1866280e+05
   5.1909226e+05
   5.1945893e+05
   5.1986328e+05
   5.4026322e+05
   5.4066852e+05
   5.4128561e+05
   5.4216845e+05
   5.4268989e+05
   5.4309975e+05
   5.4342055e+05
   5.4383451e+05
   5.4436268e+05
   5.4486056e+05
   5.4525963e+05
   5.4571926e+05
   5.4656303e+05
   5.4699205e+05
   5.4748447e+05
   5.4795532e+05
   5.4866846e+05
   5.4914381e+05
   5.4960497e+05
   5.5011739e+05
   5.5044196e+05
   5.5083237e+05
   5.5114361e+05
   5.5201905e+05
   5.5258446e+05
   5.5296285e+05
   5.5328605e+05
   5.5369847e+05
   5.5412000e+05
   5.5454551e+05
   5.5555949e+05
   5.5778079e+05
   5.5827414e+05
   5.5859953e+05
   5.5905814e+05
   5.5974765e+05
   5.6013684e+05
   5.6052549e+05
   5.6088496e+05
   5.6130597e+05
   5.6234591e+05
   5.6282439e+05
   5.6336590e+05
   5.6376876e+05
   5.6425495e+05
   5.6468694e+05
   5.6503146e+05
   5.6551513e+05
   5.6609854e+05
   5.6659807e+05
   5.6693362e+05
   5.6734586e+05
   5.6782996e+05
   5.6838081e+05
   5.6883981e+05
   5.6941988e+05
   5.7029789e+05
   5.7078757e+05
   5.7114335e+05
   5.7160855e+05
   5.7209545e+05
   5.7252166e+05
   5.7295420e+05
   5.7339714e+05
   5.7391729e+05
   5.7471162e+05
   5.7511359e+05
   5.7565853e+05
   5.7603591e+05
   5.7661119e+05
   5.7689732e+05
   5.7733834e+05
   5.7770998e+05
   5.7815878e+05
   5.7853052e+05
   5.7896024e+05
   5.7933714e+05
   5.7969513e+05
   7.8074392e+05
   7.8186701e+05
   7.8321526e+05
   7.8379647e+05
   7.8419930e+05
   7.8532257e+05
   7.8602249e+05
   7.8642317e+05
   7.8774256e+05
   7.8829760e+05
   7.8901853e+05
   7.8948628e+05
   7.8985722e+05
   7.9213720e+05
   7.9327176e+05
   7.9491071e+05
   7.9563744e+05
   7.9672419e+05
   7.9762742e+05
   7.9805448e+05
   7.9887776e+05
   7.9963512e+05
   8.0030192e+05
   8.0074080e+05
   8.0124446e+05
   8.0168908e+05
   8.0228456e+05
   8.0282936e+05
   8.0377809e+05
   8.0447849e+05
   8.0495441e+05
   8.0546029e+05
   8.0592699e+05
   8.0656683e+05
   8.0704054e+05
   8.0738452e+05
   8.0814625e+05
   8.0885865e+05
   8.0968069e+05
   8.1036164e+05
   8.1091845e+05
   8.1139761e+05
   8.1194977e+05
   8.1258373e+05
   8.1378035e+05
   8.1449162e+05
   8.1560831e+05
   8.1599451e+05
   8.1661181e+05
   8.1746220e+05
   8.1860082e+05
   8.1907369e+05
   8.1947276e+05
   8.1994410e+05
   8.4076840e+05
   8.4212405e+05
   8.4305898e+05
   8.4358712e+05
   8.4440486e+05
   8.4493237e+05
   8.4550659e+05
   8.4647473e+05
   8.4685161e+05
   8.4738635e+05
   8.4869325e+05
   8.4926717e+05
   8.5014378e+05
   8.5045892e+05
   8.5086981e+05
   8.5129576e+05
   8.5213598e+05
   8.5254365e+05
   8.5365119e+05
   8.5419724e+05
   8.5458524e+05
   8.5647867e+05
   8.5700014e+05
   8.5811892e+05
   8.5852553e+05
   8.5902102e+05
   8.5952007e+05
   8.6047360e+05
   8.6108859e+05
   8.6183279e+05
   8.6243507e+05
   8.6304089e+05
   8.6359472e+05
   8.6404771e+05
   8.6865622e+05
   8.6926192e+05
   8.7018536e+05
   8.7073482e+05
   8.7148098e+05
   8.7201617e+05
   8.7274230e+05
   8.7323407e+05
   8.7429393e+05
   8.7468987e+05
   8.7518200e+05
   8.7654676e+05
   8.7695927e+05
   8.7763042e+05
   8.7876218e+05
   8.7930368e+05
   9.0116434e+05
   9.0171333e+05
   9.0225039e+05
   9.0294185e+05
   9.0334346e+05
   9.0412657e+05
   9.0563037e+05
   9.0606064e+05
   9.0710409e+05
   9.0788925e+05
   9.0847269e+05
   9.1011588e+05
   9.1051869e+05
   9.1120097e+05
   9.1215772e+05
   9.1280317e+05
   9.1405269e+05
   9.1479786e+05
   9.1522913e+05
   9.1578959e+05
   9.1663351e+05
   9.1759677e+05
   9.1812677e+05
   9.1897460e+05
   9.2014154e+05
   9.2079305e+05
   9.2113519e+05
   9.2165523e+05
   9.2285236e+05
   9.2325362e+05
   9.2370091e+05
   9.2422312e+05
   9.2534335e+05
   9.2616070e+05
   9.2680133e+05
   9.2722037e+05
   9.2789004e+05
   9.2836655e+05
   9.2903785e+05
   9.3014143e+05
   9.3087098e+05
   9.3125717e+05
   9.3185666e+05
   9.3242924e+05
   9.3339771e+05
   9.3406402e+05
   9.3479269e+05
   9.3552779e+05
   9.3602880e+05
   9.3657106e+05
   9.3715430e+05
   9.3826737e+05
   9.3879411e+05
   9.3959498e+05
   9.6092567e+05
   9.6139013e+05
   9.6224315e+05
   9.6500047e+05
   9.7451450e+05
   9.7507902e+05
   9.7567405e+05
   9.7696009e+05
   9.7772122e+05
   9.7848044e+05
   9.7893992e+05
   9.7943760e+05
   9.8059930e+05
   9.8228757e+05
   9.8288303e+05
   9.8339283e+05
   9.8396643e+05
   9.8450738e+05
   9.8516826e+05
   9.8564807e+05
   9.8641876e+05
   9.8714791e+05
   9.8815824e+05
   9.8855777e+05
   9.8903298e+05
   9.8969302e+05
   9.9056217e+05
   9.9105005e+05
   9.9144991e+05
   9.9202237e+05
   9.9277349e+05
   9.9378046e+05
   9.9465743e+05
   9.9517671e+05
   9.9563470e+05
   9.9595754e+05
   9.9675578e+05
   9.9732882e+05
   9.9794332e+05
   1.0205591e+06
   1.0209647e+06
   1.0215493e+06
   1.0229925e+06
   1.0235908e+06
   1.0242270e+06
   1.0262758e+06
   1.0269489e+06
   1.0279533e+06
   1.0289982e+06
   1.0294328e+06
   1.0299847e+06
   1.0305772e+06
   1.0331936e+06
   1.0336038e+06
   1.0341348e+06
   1.0346449e+06
   1.0350135e+06
   1.0354353e+06
   1.0358941e+06
   1.0367020e+06
   1.0371138e+06
   1.0375733e+06
   1.0382094e+06
   1.0385734e+06
   1.0392522e+06
   1.0396521e+06
   1.0401422e+06
   1.0412687e+06
   1.0418034e+06
   1.0424708e+06
   1.0432484e+06
   1.0443476e+06
   1.0447544e+06
   1.0454089e+06
   1.0458267e+06
   1.0463271e+06
   1.0470444e+06
   1.0478709e+06
   1.0492215e+06
   1.0505752e+06
   1.0510694e+06
   1.0516488e+06
   1.0520366e+06
   1.0526130e+06
   1.0532787e+06
   1.0540243e+06
   1.0553579e+06
   1.0557866e+06
   1.0562611e+06
   1.0571239e+06
   1.0581962e+06
   1.0588023e+06
   1.0595205e+06
   1.0806894e+06
   1.0836848e+06
   1.0840167e+06
   1.0847112e+06
   1.0853808e+06
   1.0859083e+06
   1.0862857e+06
   1.0872138e+06
   1.0881149e+06
   1.0886050e+06
   1.0891547e+06
   1.0897719e+06
   1.0903266e+06
   1.0908865e+06
   1.0913737e+06
   1.0917864e+06
   1.0923110e+06
   1.0932234e+06
   1.0936210e+06
   1.0942910e+06
   1.0947481e+06
   1.0952260e+06
   1.0960417e+06
   1.0968260e+06
   1.0975627e+06
   1.0979725e+06
   1.0984429e+06
   1.0994283e+06
   1.0999115e+06
   1.1003223e+06
   1.1007477e+06
   1.1012775e+06
   1.1020060e+06
   1.1027578e+06
   1.1032020e+06
   1.1035147e+06
   1.1040481e+06
   1.1046127e+06
   1.1050002e+06
   1.1058946e+06
   1.1065309e+06
   1.1072371e+06
   1.1081594e+06
   1.1088262e+06
   1.1095070e+06
   1.1104302e+06
   1.1109899e+06
   1.1119787e+06
   1.1124407e+06
   1.1131879e+06
   1.1136761e+06
   1.1142670e+06
   1.1148617e+06
   1.1152036e+06
   1.1161892e+06
   1.1168762e+06
   1.1172835e+06
   1.1181676e+06
   1.1186997e+06
   1.1195116e+06
   1.1405481e+06
   1.1410737e+06
   1.1417294e+06
   1.1420391e+06
   1.1427420e+06
   1.1434372e+06
   1.1440867e+06
   1.1445965e+06
   1.1451531e+06
   1.1460923e+06
   1.1469488e+06
   1.1472762e+06
   1.1478935e+06
   1.1513660e+06
   1.1517302e+06
   1.1522772e+06
   1.1530487e+06
   1.1540561e+06
   1.1546289e+06
   1.1553055e+06
   1.1562738e+06
   1.1570647e+06
   1.1575596e+06
   1.1580253e+06
   1.1586486e+06
   1.1595172e+06
   1.1602627e+06
   1.1611148e+06
   1.1618146e+06
   1.1624963e+06
   1.1632301e+06
   1.1645311e+06
   1.1658111e+06
   1.1662306e+06
   1.2004726e+06
   1.2011826e+06
   1.2018652e+06
   1.2034345e+06
   1.2040379e+06
   1.2046221e+06
   1.2051903e+06
   1.2057076e+06
   1.2061869e+06
   1.2070944e+06
   1.2076328e+06
   1.2083948e+06
   1.2100744e+06
   1.2107254e+06
   1.2113770e+06
   1.2123892e+06
   1.2127603e+06
   1.2133903e+06
   1.2139322e+06
   1.2145752e+06
   1.2150152e+06
   1.2153817e+06
   1.2158893e+06
   1.2165362e+06
   1.2213473e+06
   1.2218696e+06
   1.2224138e+06
   1.2231449e+06
   1.2253078e+06
   1.2266599e+06
   1.2279125e+06
   1.2285392e+06
   1.2292272e+06
   1.2299846e+06
   1.2319470e+06
   1.2325455e+06
   1.2329613e+06
   1.2338263e+06
   1.2341903e+06
   1.2345498e+06
   1.2349059e+06
   1.2353681e+06
   1.2360992e+06
   1.2365713e+06
   1.2369878e+06
   1.2375993e+06
   1.2379853e+06
   1.2393106e+06
   1.2399765e+06
   1.2605550e+06
   1.2611467e+06
   1.2619562e+06
   1.2623806e+06
   1.2631933e+06
   1.2654381e+06
   1.2666810e+06
   1.2673385e+06
   1.2679521e+06
   1.2690174e+06
   1.2698228e+06
   1.2706593e+06
   1.2714106e+06
   1.2718434e+06
   1.2732387e+06
   1.2749733e+06
   1.2757990e+06
   1.2767225e+06
   1.2772895e+06
   1.2776985e+06
   1.2785027e+06
   1.2789703e+06
   1.2792909e+06
   1.2806548e+06
   1.2812656e+06
   1.2819129e+06
   1.2823351e+06
   1.2827688e+06
   1.2835024e+06
   1.2841188e+06
   1.2847758e+06
   1.2863438e+06
   1.2868223e+06
   1.2875194e+06
   1.2880111e+06
   1.2887190e+06
   1.2895200e+06
   1.2903533e+06
   1.2908683e+06
   1.2913788e+06
   1.2919688e+06
   1.2927602e+06
   1.2933426e+06
   1.2941047e+06
   1.2949254e+06
   1.2960918e+06
   1.2964907e+06
   1.2969598e+06
   1.2976785e+06
   1.2981120e+06
   1.2993061e+06
   1.3206148e+06
   1.3226770e+06
   1.3229826e+06
   1.3235656e+06
   1.3241411e+06
   1.3253543e+06
   1.3260465e+06
   1.3274821e+06
   1.3278380e+06
   1.3286964e+06
   1.3291843e+06
   1.3298351e+06
   1.3303207e+06
   1.3319067e+06
   1.3326847e+06
   1.3338101e+06
   1.3348051e+06
   1.3357820e+06
   1.3362526e+06
   1.3371045e+06
   1.3375478e+06
   1.3380658e+06
   1.3387062e+06
   1.3391751e+06
   1.3397408e+06
   1.3403105e+06
   1.3408479e+06
   1.3413184e+06
   1.3416272e+06
   1.3429730e+06
   1.3434708e+06
   1.3441381e+06
   1.3446356e+06
   1.3454549e+06
   1.3464363e+06
   1.3475815e+06
   1.3482315e+06
   1.3487322e+06
   1.3495856e+06
   1.3501295e+06
   1.3505247e+06
   1.3509099e+06
   1.3513168e+06
   1.3519294e+06
   1.3526575e+06
   1.3531249e+06
   1.3536198e+06
   1.3541133e+06
   1.3548021e+06
   1.3556378e+06
   1.3561976e+06
   1.3567968e+06
   1.3573946e+06
   1.3578379e+06
   1.3583311e+06
   1.3587843e+06
   1.3595730e+06
   1.3803483e+06
   1.3817131e+06
   1.3821536e+06
   1.3828839e+06
   1.3925466e+06
   1.3932823e+06
   1.3940097e+06
   1.3949138e+06
   1.3955510e+06
   1.3959210e+06
   1.3976318e+06
   1.3988040e+06
   1.3993450e+06
   1.3998696e+06
   1.4007288e+06
   1.4011455e+06
   1.4014707e+06
   1.4037656e+06
   1.4045276e+06
   1.4051350e+06
   1.4058539e+06
   1.4062322e+06
   1.4071118e+06
   1.4075899e+06
   1.4087597e+06
   1.4092909e+06
   1.4101720e+06
   1.4106988e+06
   1.4112907e+06
   1.4117581e+06
   1.4121679e+06
   1.4127382e+06
   1.4145086e+06
   1.4152422e+06
   1.4164843e+06
   1.4168955e+06
   1.4177193e+06
   1.4181298e+06
   1.4188408e+06
   1.4408536e+06
   1.4413844e+06
   1.4419445e+06
   1.4425389e+06
   1.4433047e+06
   1.4438924e+06
   1.4458271e+06
   1.4485352e+06
   1.4491172e+06
   1.4518871e+06
   1.4528260e+06
   1.4533971e+06
   1.4540616e+06
   1.4545764e+06
   1.4553526e+06
   1.4562702e+06
   1.4570253e+06
   1.4575304e+06
   1.4579515e+06
   1.4586272e+06
   1.4592152e+06
   1.4596368e+06
   1.4601108e+06
   1.4605989e+06
   1.4613691e+06
   1.4624309e+06
   1.4644863e+06
   1.4650545e+06
   1.4658017e+06
   1.4664980e+06
   1.4669767e+06
   1.4674838e+06
   1.4682051e+06
   1.4690340e+06
   1.4696291e+06
   1.4702298e+06
   1.4707285e+06
   1.4713111e+06
   1.4721372e+06
   1.4727299e+06
   1.4731774e+06
   1.4743152e+06
   1.4747621e+06
   1.4751611e+06
   1.4756188e+06
   1.5011115e+06
   1.5015306e+06
   1.5022297e+06
   1.5025866e+06
   1.5060373e+06
   1.5064979e+06
   1.5071393e+06
   1.5080354e+06
   1.5092173e+06
   1.5096976e+06
   1.5102982e+06
   1.5113886e+06
   1.5125694e+06
   1.5130671e+06
   1.5134608e+06
   1.5141128e+06
   1.5147771e+06
   1.5151844e+06
   1.5212101e+06
   1.5217712e+06
   1.5226934e+06
   1.5232332e+06
   1.5243662e+06
   1.5247410e+06
   1.5253410e+06
   1.5259635e+06
   1.5265226e+06
   1.5271027e+06
   1.5279297e+06
   1.5284066e+06
   1.5289649e+06
   1.5297904e+06
   1.5302604e+06
   1.5307263e+06
   1.5315059e+06
   1.5328343e+06
   1.5338054e+06
   1.5345407e+06
   1.5354854e+06
   1.5360880e+06
   1.5366222e+06
   1.5371121e+06
   1.5384983e+06
   1.5395964e+06
   1.5604883e+06
   1.5613834e+06
   1.5623962e+06
   1.5634116e+06
   1.5646099e+06
   1.5650253e+06
   1.5654811e+06
   1.5664113e+06
   1.5673398e+06
   1.5679290e+06
   1.5688369e+06
   1.5692521e+06
   1.5707162e+06
   1.5724270e+06
   1.5729668e+06
   1.5733828e+06
   1.5740969e+06
   1.5746368e+06
   1.5750862e+06
   1.5756757e+06
   1.5763237e+06
   1.5768947e+06
   1.5773908e+06
   1.5781077e+06
   1.5785964e+06
   1.5793184e+06
   1.5800079e+06
   1.5811291e+06
   1.5819102e+06
   1.5832298e+06
   1.5837905e+06
   1.5843880e+06
   1.5850367e+06
   1.5861014e+06
   1.5866531e+06
   1.5871084e+06
   1.5887424e+06
   1.5891861e+06
   1.5896882e+06
   1.5904570e+06
   1.5911662e+06
   1.5916708e+06
   1.5926207e+06
   1.5930985e+06
   1.5937383e+06
   1.5950351e+06
   1.5957497e+06
   1.5961376e+06
   1.5967216e+06
   1.5970902e+06
   1.5976334e+06
   1.5981738e+06
   1.5986411e+06
   1.5993714e+06
   1.5997242e+06
   1.6206726e+06
   1.6217055e+06
   1.6222068e+06
   1.6226892e+06
   1.6233945e+06
   1.6247228e+06
   1.6251832e+06
   1.6259479e+06
   1.6264646e+06
   1.6270218e+06
   1.6273791e+06
   1.6277544e+06
   1.6283762e+06
   1.6298904e+06
   1.6307109e+06
   1.6311038e+06
   1.6316586e+06
   1.6321510e+06
   1.6338863e+06
   1.6345613e+06
   1.6349924e+06
   1.6355762e+06
   1.6359487e+06
   1.6366120e+06
   1.6375175e+06
   1.6379532e+06
   1.6389176e+06
   1.6394944e+06
   1.6399828e+06
   1.6406852e+06
   1.6413703e+06
   1.6418943e+06
   1.6428025e+06
   1.6436134e+06
   1.6442205e+06
   1.6448327e+06
   1.6453115e+06
   1.6464844e+06
   1.6473351e+06
   1.6477141e+06
   1.6485839e+06
   1.6493193e+06
   1.6500222e+06
   1.6507582e+06
   1.6519936e+06
   1.6531250e+06
   1.6545335e+06
   1.6550794e+06
   1.6559552e+06
   1.6567193e+06
   1.6572886e+06
   1.6579028e+06
   1.6582998e+06
   1.6592423e+06
   1.6807899e+06
   1.6818687e+06
   1.6825651e+06
   1.6841609e+06
   1.6847310e+06
   1.6861363e+06
   1.6868240e+06
   1.6875214e+06
   1.6881345e+06
   1.6887831e+06
   1.6893146e+06
   1.6900506e+06
   1.6904727e+06
   1.6910462e+06
   1.6924109e+06
   1.6930903e+06
   1.6942024e+06
   1.6958991e+06
   1.6965962e+06
   1.6971621e+06
   1.6976999e+06
   1.7020698e+06
   1.7027403e+06
   1.7032989e+06
   1.7046166e+06
   1.7050495e+06
   1.7055936e+06
   1.7062414e+06
   1.7070746e+06
   1.7076231e+06
   1.7081829e+06
   1.7102268e+06
   1.7106053e+06
   1.7111158e+06
   1.7120670e+06
   1.7128046e+06
   1.7132639e+06
   1.7139064e+06
   1.7146531e+06
   1.7151729e+06
   1.7155386e+06
   1.7159268e+06
   1.7173729e+06
   1.7179241e+06
   1.7185607e+06
   1.7193695e+06
   1.7197134e+06
   1.7412549e+06
   1.7420750e+06
   1.7430407e+06
   1.7434335e+06
   1.7438028e+06
   1.7442574e+06
   1.7448674e+06
   1.7453408e+06
   1.7466367e+06
   1.7469380e+06
   1.7474711e+06
   1.7479727e+06
   1.7484109e+06
   1.7489490e+06
   1.7496758e+06
   1.7504157e+06
   1.7510908e+06
   1.7518311e+06
   1.7525003e+06
   1.7530455e+06
   1.7538744e+06
   1.7549955e+06
   1.7565356e+06
   1.7570755e+06
   1.7576095e+06
   1.7581248e+06
   1.7594393e+06
   1.7600257e+06
   1.7606496e+06
   1.7610328e+06
   1.7613487e+06
   1.7618670e+06
   1.7627673e+06
   1.7633312e+06
   1.7639424e+06
   1.7653408e+06
   1.7658190e+06
   1.7662279e+06
   1.7669957e+06
   1.7675316e+06
   1.7680830e+06
   1.7688837e+06
   1.7694445e+06
   1.7701405e+06
   1.7706137e+06
   1.7715846e+06
   1.7724527e+06
   1.7730705e+06
   1.7736033e+06
   1.7744938e+06
   1.7753684e+06
   1.7767407e+06
   1.8006790e+06
   1.8011764e+06
   1.8018722e+06
   1.8024348e+06
   1.8066623e+06
   1.8074181e+06
   1.8079646e+06
   1.8086175e+06
   1.8091654e+06
   1.8100498e+06
   1.8105634e+06
   1.8113201e+06
   1.8119605e+06
   1.8123943e+06
   1.8128770e+06
   1.8134154e+06
   1.8139819e+06
   1.8154025e+06
   1.8159218e+06
   1.8167182e+06
   1.8174754e+06
   1.8181114e+06
   1.8188829e+06
   1.8192988e+06
   1.8199227e+06
   1.8223436e+06
   1.8238231e+06
   1.8244084e+06
   1.8251316e+06
   1.8255951e+06
   1.8262009e+06
   1.8268320e+06
   1.8277467e+06
   1.8287138e+06
   1.8298566e+06
   1.8306726e+06
   1.8312205e+06
   1.8317299e+06
   1.8321782e+06
   1.8326688e+06
   1.8333000e+06
   1.8337602e+06
   1.8341283e+06
   1.8347183e+06
   1.8353050e+06
   1.8358251e+06
   1.8363164e+06
   1.8375482e+06
   1.8378914e+06
   1.8384777e+06
   1.8393046e+06
   1.8398432e+06
   1.8606319e+06
   1.8612567e+06
   1.8622021e+06
   1.8625982e+06
   1.8630747e+06
   1.8637906e+06
   1.8642595e+06
   1.8652375e+06
   1.8661288e+06
   1.8665942e+06
   1.8670209e+06
   1.8674557e+06
   1.8679029e+06
   1.8682538e+06
   1.8690215e+06
   1.8700145e+06
   1.8705099e+06
   1.8714555e+06
   1.8718796e+06
   1.8722898e+06
   1.8729466e+06
   1.8734741e+06
   1.8738976e+06
   1.8751975e+06
   1.8764023e+06
   1.8773003e+06
   1.8778413e+06
   1.8783077e+06
   1.8797701e+06
   1.8801647e+06
   1.8818295e+06
   1.8823210e+06
   1.8833992e+06
   1.8842067e+06
   1.8846203e+06
   1.8854717e+06
   1.8858891e+06
   1.8863237e+06
   1.8889873e+06
   1.8898064e+06
   1.8905741e+06
   1.8911224e+06
   1.8917069e+06
   1.8866940e+06
   1.8874000e+06
   1.8881439e+06
   1.8893040e+06
   1.8897425e+06
   1.8907730e+06
   1.8922286e+06
   1.8948682e+06
   1.8954797e+06
   1.8959695e+06
   1.8964639e+06
   1.8977300e+06
   1.8982048e+06
   1.8988933e+06
   1.8843426e+06
   1.8848430e+06
   1.8864022e+06
   1.8869081e+06
   1.8876298e+06
   1.8883928e+06
   1.8892475e+06
   1.8900482e+06
   1.8905806e+06
   1.8909823e+06
   1.8916112e+06
   1.8922382e+06
   1.8928156e+06
   1.8938369e+06
   1.8942310e+06
   1.8946726e+06
   1.8951116e+06
   1.8956106e+06
   1.8963525e+06
   1.8975960e+06
   1.8980955e+06
   1.8985501e+06
   1.8993175e+06
   1.8999084e+06
   1.8988535e+06
   1.8995528e+06
   1.8376763e+06
   1.8382239e+06
   1.8386635e+06
   1.8393562e+06
   1.8605398e+06
   1.8609554e+06
   1.8640707e+06
   1.8647659e+06
   1.8658202e+06
   1.8662317e+06
   1.8668252e+06
   1.8672624e+06
   1.8677315e+06
   1.8685265e+06
   1.8689446e+06
   1.8702398e+06
   1.8705838e+06
   1.8711193e+06
   1.8717929e+06
   1.8725478e+06
   1.8729742e+06
   1.8735226e+06
   1.8741210e+06
   1.8744385e+06
   1.8750353e+06
   1.8763075e+06
   1.8766699e+06
   1.8770360e+06
   1.8775413e+06
   1.8780457e+06
   1.8785519e+06
   1.8808540e+06
   1.8818601e+06
   1.8826243e+06
   1.8831007e+06
   1.8834758e+06
   1.8839210e+06
   1.8847424e+06
   1.8852931e+06
   1.8857855e+06
   1.8864510e+06
   1.8871751e+06
   1.8875430e+06
   1.8879769e+06
   1.8894303e+06
   1.8900108e+06
   1.8913229e+06
   1.8922356e+06
   1.8928438e+06
   1.8944812e+06
   1.8954863e+06
   1.8960797e+06
   1.8965892e+06
   1.8973614e+06
   1.8980533e+06
   1.8985445e+06
   1.8999216e+06
