   1.2050996e+03
   2.3739682e+03
   4.0661849e+03
   5.6179703e+03
   6.8546367e+03
   8.1146647e+03
   9.4108206e+03
   1.1446897e+04
   1.3740095e+04
   1.5055344e+04
   1.6005382e+04
   1.7453599e+04
   1.9762312e+04
   2.1191781e+04
   2.3280535e+04
   2.4585892e+04
   2.5783122e+04
   2.7235242e+04
   2.8606640e+04
   2.9675600e+04
   3.0987292e+04
   3.2831159e+04
   3.4083310e+04
   3.6877325e+04
   3.8361685e+04
   3.9518631e+04
   4.1523667e+04
   4.3053105e+04
   4.4580937e+04
   4.5744312e+04
   4.6802366e+04
   4.8277073e+04
   5.0377588e+04
   5.1708271e+04
   5.2862997e+04
   5.5206147e+04
   5.6200782e+04
   5.7132460e+04
   5.8505753e+04
   5.9784272e+04
   1.0157678e+05
   1.0233849e+05
   1.0454198e+05
   1.0562796e+05
   1.0696184e+05
   1.0866631e+05
   1.0965334e+05
   1.1057434e+05
   1.1201478e+05
   1.1355584e+05
   1.1516536e+05
   1.1619014e+05
   1.1693444e+05
   1.1830355e+05
   1.6107219e+05
   1.6218865e+05
   1.6300947e+05
   1.6392674e+05
   1.6502026e+05
   1.6626041e+05
   1.6801659e+05
   1.6925507e+05
   1.7100168e+05
   1.7325374e+05
   1.7580906e+05
   1.7756942e+05
   1.7875949e+05
   2.2074487e+05
   2.2152247e+05
   2.2277451e+05
   2.2388005e+05
   2.2482448e+05
   2.2583107e+05
   2.2675317e+05
   2.2821109e+05
   2.2922837e+05
   2.3004614e+05
   2.3169048e+05
   2.3374638e+05
   2.3556113e+05
   2.3645680e+05
   2.3780212e+05
   2.3872757e+05
   2.8098726e+05
   2.8220643e+05
   2.8444102e+05
   2.8540334e+05
   2.8616462e+05
   2.8810938e+05
   2.9024584e+05
   2.9131735e+05
   2.9293466e+05
   2.9375572e+05
   2.9535610e+05
   2.9670502e+05
   2.9781501e+05
   2.9887253e+05
   3.4168152e+05
   3.4277882e+05
   3.4452899e+05
   3.4558215e+05
   3.4667615e+05
   3.4807699e+05
   3.5192242e+05
   3.5328005e+05
   3.5527634e+05
   3.5753045e+05
   3.5877054e+05
   4.0114271e+05
   4.0221754e+05
   4.0361482e+05
   4.0443744e+05
   4.0575846e+05
   4.0685454e+05
   4.0808074e+05
   4.0902693e+05
   4.1036404e+05
   4.1124218e+05
   4.1221258e+05
   4.1328954e+05
   4.1529920e+05
   4.1711706e+05
   4.1848148e+05
   4.6201041e+05
   4.6332496e+05
   4.6450935e+05
   4.6580076e+05
   4.6695262e+05
   4.6791724e+05
   4.6912267e+05
   4.7047812e+05
   4.7160718e+05
   4.7277928e+05
   4.7399130e+05
   4.7535919e+05
   4.7654768e+05
   4.7777781e+05
   4.7922139e+05
   5.2100748e+05
   5.2255601e+05
   5.2360200e+05
   5.2510140e+05
   5.2622689e+05
   5.2797759e+05
   5.2961757e+05
   5.3069111e+05
   5.3183341e+05
   5.3274269e+05
   5.3383370e+05
   5.3487245e+05
   5.3645470e+05
   5.3772522e+05
   5.3946565e+05
   5.8107680e+05
   5.8237145e+05
   5.8335030e+05
   5.8421262e+05
   5.8536629e+05
   5.8642517e+05
   5.8808765e+05
   5.8960731e+05
   5.9093193e+05
   5.9275395e+05
   5.9363151e+05
   5.9610951e+05
   5.9707081e+05
   5.9831023e+05
   5.9984294e+05
   6.0384741e+05
   6.0677930e+05
   6.0812673e+05
   6.0988644e+05
   6.1116305e+05
   6.1355716e+05
   6.1533739e+05
   6.1694554e+05
   6.1881053e+05
   6.1995667e+05
   6.2300475e+05
   6.2451299e+05
   6.2576788e+05
   6.2719270e+05
   6.2821141e+05
   6.2947895e+05
   6.3054661e+05
   6.3186886e+05
   6.3322447e+05
   6.3926202e+05
   6.4096653e+05
   6.4237181e+05
   6.4409544e+05
   6.4587441e+05
   6.4727912e+05
   6.4857276e+05
   6.4989055e+05
   6.5127816e+05
   6.5272808e+05
   6.5495679e+05
   6.5626322e+05
   6.5755221e+05
   6.6022537e+05
   6.6134143e+05
   6.6293943e+05
   6.6412516e+05
   6.6603175e+05
   6.6716397e+05
   6.6854258e+05
   6.7007667e+05
   6.7187177e+05
   6.7308229e+05
   6.7462826e+05
   6.7715852e+05
   6.8051010e+05
   6.8149126e+05
   6.8377458e+05
   6.8520631e+05
   6.8622071e+05
   6.8738381e+05
   6.8867324e+05
   6.9006598e+05
   6.9209094e+05
   6.9430883e+05
   6.9575615e+05
   6.9814120e+05
   7.0036796e+05
   7.0150446e+05
   7.0341853e+05
   7.0502323e+05
   7.0684959e+05
   7.0810148e+05
   7.1003334e+05
   7.1126091e+05
   7.1270769e+05
   7.1409122e+05
   7.1612651e+05
   7.1705943e+05
   7.1876155e+05
   7.2257356e+05
   7.2433865e+05
   7.2648213e+05
   7.2912000e+05
   7.3080283e+05
   7.3220137e+05
   7.3520476e+05
   7.3641241e+05
   7.3774348e+05
   7.3990528e+05
   7.4109378e+05
   7.4339972e+05
   7.4562585e+05
   7.4816045e+05
   7.5004291e+05
   7.5210554e+05
   7.5680120e+05
   7.5859255e+05
   7.5983171e+05
   7.6314178e+05
   7.6867484e+05
   7.7018218e+05
   7.7140171e+05
   7.7287330e+05
   7.7678957e+05
   7.7822405e+05
   7.7949502e+05
   8.2890050e+05
   8.3133302e+05
   8.3257553e+05
   8.3590201e+05
   8.3746627e+05
   8.3920359e+05
   8.8155684e+05
   8.8304485e+05
   8.8468539e+05
   8.8578070e+05
   8.8883231e+05
   8.9125700e+05
   8.9287189e+05
   8.9506973e+05
   8.9929025e+05
   9.4214011e+05
   9.4331720e+05
   9.4495934e+05
   9.4638050e+05
   9.4838273e+05
   9.5016131e+05
   9.5201403e+05
   9.5852044e+05
   1.0010419e+06
   1.0021306e+06
   1.0053144e+06
   1.0081317e+06
   1.0100305e+06
   1.0126490e+06
   1.0153257e+06
   1.0184344e+06
   1.0198216e+06
   1.0618921e+06
   1.0635755e+06
   1.0651075e+06
   1.0663600e+06
   1.0687790e+06
   1.0706040e+06
   1.0729131e+06
   1.0759314e+06
   1.0773878e+06
   1.0789902e+06
   1.1224381e+06
   1.1238213e+06
   1.1248291e+06
   1.1262969e+06
   1.1286533e+06
   1.1330886e+06
   1.1356125e+06
   1.1368181e+06
   1.1395534e+06
   1.1825246e+06
   1.1836093e+06
   1.1852874e+06
   1.1883494e+06
   1.1900404e+06
   1.1912956e+06
   1.1926834e+06
   1.1937759e+06
   1.1958271e+06
   1.1969158e+06
   1.1981850e+06
   1.1996140e+06
   1.2421222e+06
   1.2437038e+06
   1.2448391e+06
   1.2463054e+06
   1.2489126e+06
   1.2530073e+06
   1.2552193e+06
   1.2576207e+06
   1.2587360e+06
   1.3039571e+06
   1.3054065e+06
   1.3069154e+06
   1.3088125e+06
   1.3105025e+06
   1.3126746e+06
   1.3139806e+06
   1.3157127e+06
   1.3179105e+06
   1.3198713e+06
   1.3620970e+06
   1.3642676e+06
   1.3684952e+06
   1.3715926e+06
   1.3724621e+06
   1.3754416e+06
   1.3771453e+06
   1.3788088e+06
   1.4215312e+06
   1.4228904e+06
   1.4251947e+06
   1.4269079e+06
   1.4283357e+06
   1.4300825e+06
   1.4316851e+06
   1.4331737e+06
   1.4358636e+06
   1.4372660e+06
   1.4388738e+06
   1.4815398e+06
   1.4831469e+06
   1.4848092e+06
   1.4860254e+06
   1.4889352e+06
   1.4899702e+06
   1.4914317e+06
   1.4927991e+06
   1.4937828e+06
   1.4948829e+06
   1.4971210e+06
   1.4992190e+06
   1.5410663e+06
   1.5426047e+06
   1.5438617e+06
   1.5450603e+06
   1.5461671e+06
   1.5485177e+06
   1.5499912e+06
   1.5528145e+06
   1.5558993e+06
   1.5581059e+06
   1.6024611e+06
   1.6047032e+06
   1.6058112e+06
   1.6092311e+06
   1.6110221e+06
   1.6129784e+06
   1.6154350e+06
   1.6173219e+06
   1.6191953e+06
   1.6610901e+06
   1.6663029e+06
   1.6682099e+06
   1.6693481e+06
   1.6717868e+06
   1.6758312e+06
   1.6790478e+06
   1.7213585e+06
   1.7227283e+06
   1.7242975e+06
   1.7259952e+06
   1.7285683e+06
   1.7334602e+06
   1.7352272e+06
   1.7365243e+06
   1.7377415e+06
   1.7394178e+06
   1.7818207e+06
   1.7827846e+06
   1.7844425e+06
   1.7889074e+06
   1.7904638e+06
   1.7924675e+06
   1.7956889e+06
   1.7967974e+06
   1.7980349e+06
   1.8412581e+06
   1.8424646e+06
   1.8438626e+06
   1.8451399e+06
   1.8469484e+06
   1.8486996e+06
   1.8511232e+06
   1.8575291e+06
   1.8590856e+06
   1.9019738e+06
   1.9031542e+06
   1.9045430e+06
   1.9092028e+06
   1.9110256e+06
   1.9121745e+06
   1.9158290e+06
   1.9176036e+06
   1.9192274e+06
   6.1315623e+04
   6.3094056e+04
   6.4741881e+04
   6.6140574e+04
   6.8773018e+04
   6.9775846e+04
   7.1306883e+04
   7.3877779e+04
   7.5054689e+04
   7.6102645e+04
   7.7641442e+04
   7.9318282e+04
   8.0923491e+04
   8.2688736e+04
   8.4718417e+04
   8.6084313e+04
   8.7535175e+04
   8.9496126e+04
   9.0889065e+04
   9.2438241e+04
   9.3790988e+04
   9.4885418e+04
   9.6122041e+04
   9.7639838e+04
   9.9228525e+04
   1.2148546e+05
   1.2285093e+05
   1.2427219e+05
   1.2587584e+05
   1.2714849e+05
   1.2908170e+05
   1.3026864e+05
   1.3166961e+05
   1.3384841e+05
   1.3493887e+05
   1.3728478e+05
   1.3863756e+05
   1.4000577e+05
   1.4115885e+05
   1.4516304e+05
   1.4695548e+05
   1.4945527e+05
   1.5160178e+05
   1.5348921e+05
   1.5495711e+05
   1.5666867e+05
   1.5896993e+05
   1.8100912e+05
   1.8192425e+05
   1.8333837e+05
   1.8463960e+05
   1.8590424e+05
   1.8693065e+05
   1.8812075e+05
   1.8996713e+05
   1.9169697e+05
   1.9253783e+05
   1.9367078e+05
   1.9492629e+05
   1.9635343e+05
   1.9861341e+05
   1.9974289e+05
   2.0086908e+05
   2.0210720e+05
   2.0315377e+05
   2.0410381e+05
   2.0546909e+05
   2.0661575e+05
   2.0812864e+05
   2.0963530e+05
   2.1120390e+05
   2.1256275e+05
   2.1434765e+05
   2.1728897e+05
   2.1823117e+05
   2.1923089e+05
   2.4174397e+05
   2.4301741e+05
   2.4478472e+05
   2.4645247e+05
   2.4813247e+05
   2.4975761e+05
   2.5104355e+05
   2.5211386e+05
   2.5389629e+05
   2.5530051e+05
   2.5630306e+05
   2.5771993e+05
   2.6008095e+05
   2.6184504e+05
   2.6366619e+05
   2.6651531e+05
   2.6758825e+05
   2.6970599e+05
   2.7076303e+05
   2.7193371e+05
   2.7296431e+05
   2.7394926e+05
   2.7684867e+05
   2.7796150e+05
   2.7923882e+05
   3.0177262e+05
   3.0460421e+05
   3.0656533e+05
   3.0893390e+05
   3.1000159e+05
   3.1141789e+05
   3.1458303e+05
   3.1544468e+05
   3.1700306e+05
   3.2046436e+05
   3.2168154e+05
   3.2372058e+05
   3.2494467e+05
   3.2577149e+05
   3.2715084e+05
   3.2910640e+05
   3.3043911e+05
   3.3193231e+05
   3.3337764e+05
   3.3491711e+05
   3.3591746e+05
   3.3701327e+05
   3.3915892e+05
   3.6120559e+05
   3.6296413e+05
   3.6482793e+05
   3.6572209e+05
   3.6920180e+05
   3.7076487e+05
   3.7254212e+05
   3.7367358e+05
   3.7462957e+05
   3.7570922e+05
   3.7703568e+05
   3.7831222e+05
   3.8029822e+05
   3.8191174e+05
   3.8355061e+05
   3.8526387e+05
   3.8638799e+05
   3.8799528e+05
   3.8950605e+05
   3.9044401e+05
   3.9153847e+05
   3.9325754e+05
   3.9442197e+05
   3.9575536e+05
   3.9711550e+05
   3.9852250e+05
   4.2195261e+05
   4.2362813e+05
   4.2524260e+05
   4.2661334e+05
   4.2758120e+05
   4.2943450e+05
   4.3073785e+05
   4.3206925e+05
   4.3312035e+05
   4.3570177e+05
   4.3673170e+05
   4.3802840e+05
   4.4047241e+05
   4.4192103e+05
   4.4314543e+05
   4.4465424e+05
   4.4588453e+05
   4.4747790e+05
   4.4897046e+05
   4.5086855e+05
   4.5266327e+05
   4.5404973e+05
   4.5508685e+05
   4.5639831e+05
   4.5883589e+05
   4.8132535e+05
   4.8280322e+05
   4.8399585e+05
   4.8564611e+05
   4.8688012e+05
   4.8826956e+05
   4.8949891e+05
   4.9071649e+05
   4.9215237e+05
   4.9322077e+05
   4.9410534e+05
   4.9585712e+05
   4.9709078e+05
   4.9914563e+05
   5.0274756e+05
   5.0393486e+05
   5.0520415e+05
   5.0636917e+05
   5.0771756e+05
   5.0926523e+05
   5.1065111e+05
   5.1207717e+05
   5.1353008e+05
   5.1445370e+05
   5.1536242e+05
   5.1713359e+05
   5.1857754e+05
   5.4143676e+05
   5.4261610e+05
   5.4540261e+05
   5.4684876e+05
   5.4854839e+05
   5.4993672e+05
   5.5118488e+05
   5.5496030e+05
   5.5602484e+05
   5.5716606e+05
   5.5878388e+05
   5.6004973e+05
   5.6106638e+05
   5.6393598e+05
   5.6544461e+05
   5.6681697e+05
   5.6771195e+05
   5.6914064e+05
   5.6998237e+05
   5.7176760e+05
   5.7290069e+05
   5.7492348e+05
   5.7590504e+05
   5.7731031e+05
   5.7890043e+05
   7.8136146e+05
   7.8373723e+05
   7.8576991e+05
   7.8769782e+05
   7.9868368e+05
   7.9984438e+05
   8.0292655e+05
   8.4643269e+05
   8.4877990e+05
   8.5318457e+05
   8.5483694e+05
   8.5675935e+05
   8.5779519e+05
   8.5905885e+05
   8.6078898e+05
   8.6316209e+05
   8.6560106e+05
   8.6722841e+05
   8.6892716e+05
   8.7074549e+05
   8.7231317e+05
   8.7399845e+05
   8.7508863e+05
   8.7673543e+05
   9.0128035e+05
   9.0275978e+05
   9.0444082e+05
   9.0698387e+05
   9.0902380e+05
   9.1169459e+05
   9.1391016e+05
   9.1562588e+05
   9.1691369e+05
   9.1798202e+05
   9.1910028e+05
   9.2094946e+05
   9.2214988e+05
   9.2361872e+05
   9.3910795e+05
   9.6182081e+05
   9.6401981e+05
   9.6525184e+05
   9.6801336e+05
   9.6962394e+05
   9.7141864e+05
   9.7305194e+05
   9.7472876e+05
   9.7635158e+05
   9.7891171e+05
   9.8000446e+05
   9.8121412e+05
   9.8228898e+05
   9.8477895e+05
   9.8641626e+05
   9.8917096e+05
   9.9066950e+05
   9.9236404e+05
   9.9608270e+05
   1.0213446e+06
   1.0264461e+06
   1.0280297e+06
   1.0296386e+06
   1.0323809e+06
   1.0337661e+06
   1.0356787e+06
   1.0381587e+06
   1.0402399e+06
   1.0436552e+06
   1.0455933e+06
   1.0470065e+06
   1.0486764e+06
   1.0501782e+06
   1.0513048e+06
   1.0534929e+06
   1.0569032e+06
   1.0593494e+06
   1.0823873e+06
   1.0852346e+06
   1.0867037e+06
   1.0893184e+06
   1.0942978e+06
   1.0964570e+06
   1.0978895e+06
   1.0992366e+06
   1.1004348e+06
   1.1020237e+06
   1.1069694e+06
   1.1089013e+06
   1.1106426e+06
   1.1127875e+06
   1.1141056e+06
   1.1165655e+06
   1.1178989e+06
   1.1193532e+06
   1.1430090e+06
   1.1455031e+06
   1.1483124e+06
   1.1563412e+06
   1.1602673e+06
   1.1622179e+06
   1.1636700e+06
   1.1674647e+06
   1.1691797e+06
   1.1708370e+06
   1.1736721e+06
   1.1751506e+06
   1.1771841e+06
   1.1790037e+06
   1.2014276e+06
   1.2049485e+06
   1.2074493e+06
   1.2101947e+06
   1.2114430e+06
   1.2127167e+06
   1.2153595e+06
   1.2166472e+06
   1.2187849e+06
   1.2203497e+06
   1.2231584e+06
   1.2251210e+06
   1.2262463e+06
   1.2281365e+06
   1.2299028e+06
   1.2319872e+06
   1.2336557e+06
   1.2353985e+06
   1.2371470e+06
   1.2615389e+06
   1.2637005e+06
   1.2656909e+06
   1.2684505e+06
   1.2698701e+06
   1.2710665e+06
   1.2733842e+06
   1.2747528e+06
   1.2767062e+06
   1.2776969e+06
   1.2794827e+06
   1.2823286e+06
   1.2839824e+06
   1.2853936e+06
   1.2873056e+06
   1.2889204e+06
   1.2902577e+06
   1.2917374e+06
   1.2947475e+06
   1.2963802e+06
   1.2975157e+06
   1.2999918e+06
   1.3236846e+06
   1.3246168e+06
   1.3268716e+06
   1.3301406e+06
   1.3422915e+06
   1.3448851e+06
   1.3465841e+06
   1.3490730e+06
   1.3523638e+06
   1.3543437e+06
   1.3566122e+06
   1.3579197e+06
   1.3817532e+06
   1.3836528e+06
   1.3858660e+06
   1.3893783e+06
   1.3910480e+06
   1.3959864e+06
   1.3974224e+06
   1.3986991e+06
   1.4016358e+06
   1.4030241e+06
   1.4046254e+06
   1.4062750e+06
   1.4080592e+06
   1.4412927e+06
   1.4458173e+06
   1.4478756e+06
   1.4520140e+06
   1.4550081e+06
   1.4585148e+06
   1.4600293e+06
   1.4651714e+06
   1.5017445e+06
   1.5035567e+06
   1.5050993e+06
   1.5080227e+06
   1.5091698e+06
   1.5125580e+06
   1.5149857e+06
   1.5170423e+06
   1.5188084e+06
   1.5201697e+06
   1.5247580e+06
   1.5275294e+06
   1.5290928e+06
   1.5310475e+06
   1.5323781e+06
   1.5334057e+06
   1.5350026e+06
   1.5368938e+06
   1.5392169e+06
   1.5617209e+06
   1.5642299e+06
   1.5661301e+06
   1.5682816e+06
   1.5716756e+06
   1.5752287e+06
   1.5799229e+06
   1.5835643e+06
   1.5848982e+06
   1.5877893e+06
   1.5936828e+06
   1.5966005e+06
   1.5983301e+06
   1.6228086e+06
   1.6244838e+06
   1.6256875e+06
   1.6287712e+06
   1.6309089e+06
   1.6344542e+06
   1.6365545e+06
   1.6385546e+06
   1.6441724e+06
   1.6460003e+06
   1.6471405e+06
   1.6498143e+06
   1.6513933e+06
   1.6535018e+06
   1.6558733e+06
   1.6579095e+06
   1.6590153e+06
   1.6828834e+06
   1.6856415e+06
   1.6874384e+06
   1.6919461e+06
   1.6942307e+06
   1.6958748e+06
   1.7008939e+06
   1.7023394e+06
   1.7043811e+06
   1.7072935e+06
   1.7087115e+06
   1.7114069e+06
   1.7139230e+06
   1.7188390e+06
   1.7459454e+06
   1.7484981e+06
   1.7513169e+06
   1.7573284e+06
   1.7592529e+06
   1.7676485e+06
   1.7703881e+06
   1.7715670e+06
   1.7733214e+06
   1.7742585e+06
   1.7763743e+06
   1.8011802e+06
   1.8034691e+06
   1.8060839e+06
   1.8081966e+06
   1.8115021e+06
   1.8135083e+06
   1.8151473e+06
   1.8170804e+06
   1.8209163e+06
   1.8230895e+06
   1.8253152e+06
   1.8265571e+06
   1.8282190e+06
   1.8295590e+06
   1.8307066e+06
   1.8324927e+06
   1.8347630e+06
   1.8363879e+06
   1.8382474e+06
   1.8615559e+06
   1.8630401e+06
   1.8659239e+06
   1.8673937e+06
   1.8688759e+06
   1.8706296e+06
   1.8717690e+06
   1.8760943e+06
   1.8773724e+06
   1.8798033e+06
   1.8819948e+06
   1.8845767e+06
   1.8862041e+06
   1.8880054e+06
   1.8891945e+06
   1.8907671e+06
   1.8926418e+06
   1.8952838e+06
   1.8969937e+06
   1.8993735e+06
   1.8342190e+06
   1.8353363e+06
   1.8389220e+06
   1.8618890e+06
   1.8631891e+06
   1.8645068e+06
   1.8674844e+06
   1.8694036e+06
   1.8711345e+06
   1.8730425e+06
   1.8748424e+06
   1.8776570e+06
   1.8829245e+06
   1.8847779e+06
   1.8860349e+06
   1.8883059e+06
   1.8900856e+06
   1.8916399e+06
   1.8936573e+06
   1.8949745e+06
   1.8972593e+06
   1.8989063e+06
