   7.4106994e+02
   1.5707084e+03
   2.0154514e+03
   2.4704588e+03
   2.8764017e+03
   3.6906086e+03
   4.5713143e+03
   4.9363900e+03
   6.1302504e+03
   6.6663782e+03
   7.1950554e+03
   7.8609411e+03
   8.5413972e+03
   1.0099829e+04
   1.0539983e+04
   1.0895208e+04
   1.1519103e+04
   1.2097568e+04
   1.2569206e+04
   1.3401459e+04
   1.3963891e+04
   1.4349911e+04
   1.5035056e+04
   1.5641423e+04
   1.6217966e+04
   1.6657104e+04
   1.7178521e+04
   1.7914708e+04
   1.8482847e+04
   1.9202126e+04
   2.0009977e+04
   2.0676070e+04
   2.1730078e+04
   2.2269990e+04
   2.4217391e+04
   2.4990569e+04
   2.5508144e+04
   2.6098911e+04
   2.6616173e+04
   2.7219062e+04
   2.8129297e+04
   2.8707470e+04
   2.9141435e+04
   2.9903001e+04
   3.1002804e+04
   3.1644454e+04
   3.2103362e+04
   3.2589726e+04
   3.3335258e+04
   3.4186129e+04
   3.4803395e+04
   3.5404665e+04
   3.6662390e+04
   3.7367029e+04
   4.0115526e+04
   4.0535579e+04
   4.1963678e+04
   4.2735445e+04
   4.3328843e+04
   4.4091217e+04
   4.4587479e+04
   4.5044611e+04
   4.5557357e+04
   4.7554974e+04
   4.7859862e+04
   4.8195183e+04
   4.8724684e+04
   4.9272201e+04
   4.9882124e+04
   5.0403231e+04
   5.0913282e+04
   5.1881587e+04
   5.2286441e+04
   5.3165498e+04
   5.3575680e+04
   5.4507010e+04
   5.5173431e+04
   5.5701216e+04
   5.6323008e+04
   5.6980067e+04
   5.7365304e+04
   5.7902453e+04
   5.8477521e+04
   5.9123761e+04
   5.9475175e+04
   1.0050498e+05
   1.0142177e+05
   1.0204062e+05
   1.0272241e+05
   1.0318084e+05
   1.0360478e+05
   1.0421552e+05
   1.0541576e+05
   1.0612093e+05
   1.0672078e+05
   1.0768187e+05
   1.0822431e+05
   1.0873295e+05
   1.0997218e+05
   1.1050469e+05
   1.1150091e+05
   1.1248845e+05
   1.1341377e+05
   1.1399141e+05
   1.1491887e+05
   1.1805282e+05
   1.1880153e+05
   1.1980229e+05
   1.6049073e+05
   1.6099894e+05
   1.6152447e+05
   1.6202374e+05
   1.6263115e+05
   1.6319802e+05
   1.6364144e+05
   1.6409016e+05
   1.6527659e+05
   1.6566091e+05
   1.6622995e+05
   1.6678203e+05
   1.6820423e+05
   1.6858307e+05
   1.7076481e+05
   1.7129893e+05
   1.7449407e+05
   1.7488573e+05
   1.7574940e+05
   1.7668516e+05
   1.7728535e+05
   1.7785179e+05
   1.7858186e+05
   1.7930955e+05
   2.2053445e+05
   2.2135248e+05
   2.2181645e+05
   2.2246365e+05
   2.2292573e+05
   2.2361606e+05
   2.2407253e+05
   2.2443144e+05
   2.2568916e+05
   2.2630546e+05
   2.2807860e+05
   2.2855590e+05
   2.2908558e+05
   2.2986147e+05
   2.3026620e+05
   2.3093859e+05
   2.3137324e+05
   2.3360073e+05
   2.3443089e+05
   2.3507008e+05
   2.3632130e+05
   2.3675094e+05
   2.3726762e+05
   2.3780382e+05
   2.3841098e+05
   2.3900007e+05
   2.3940430e+05
   2.3984525e+05
   2.8125003e+05
   2.8165015e+05
   2.8324290e+05
   2.8385962e+05
   2.8430889e+05
   2.8513038e+05
   2.8556995e+05
   2.8640898e+05
   2.8696477e+05
   2.8769530e+05
   2.8825001e+05
   2.8891462e+05
   2.9014205e+05
   2.9063982e+05
   2.9459154e+05
   2.9489088e+05
   2.9530504e+05
   2.9585134e+05
   2.9623445e+05
   2.9673373e+05
   2.9729118e+05
   2.9785995e+05
   2.9841479e+05
   2.9887054e+05
   3.4074851e+05
   3.4187423e+05
   3.4222321e+05
   3.4284907e+05
   3.4354390e+05
   3.4457234e+05
   3.4512009e+05
   3.4606293e+05
   3.4680673e+05
   3.4806790e+05
   3.4854559e+05
   3.4920165e+05
   3.5005017e+05
   3.5048898e+05
   3.5098208e+05
   3.5174727e+05
   3.5216206e+05
   3.5297243e+05
   3.5338118e+05
   3.5470601e+05
   3.5518618e+05
   3.5610680e+05
   3.5677173e+05
   3.5765747e+05
   3.5811069e+05
   3.5855905e+05
   3.5912996e+05
   3.5954874e+05
   4.0054988e+05
   4.0109140e+05
   4.0242606e+05
   4.0334384e+05
   4.0370657e+05
   4.0467796e+05
   4.0518367e+05
   4.0585087e+05
   4.0630320e+05
   4.0765710e+05
   4.0842004e+05
   4.0892040e+05
   4.0933936e+05
   4.0970502e+05
   4.1019793e+05
   4.1073501e+05
   4.1126833e+05
   4.1171249e+05
   4.1248417e+05
   4.1295354e+05
   4.1344901e+05
   4.1392740e+05
   4.1509208e+05
   4.1544680e+05
   4.1635221e+05
   4.1739399e+05
   4.1783475e+05
   4.1882872e+05
   4.1921961e+05
   4.1970552e+05
   4.6113015e+05
   4.6177524e+05
   4.6244211e+05
   4.6370862e+05
   4.6418923e+05
   4.6471601e+05
   4.6534144e+05
   4.6596950e+05
   4.6694134e+05
   4.6955788e+05
   4.6990502e+05
   4.7057944e+05
   4.7113956e+05
   4.7165961e+05
   4.7212635e+05
   4.7282285e+05
   4.7356665e+05
   4.7475777e+05
   4.7521204e+05
   4.7575816e+05
   4.7629729e+05
   4.7694101e+05
   4.7752055e+05
   4.7793307e+05
   4.7838458e+05
   4.7897507e+05
   4.7961668e+05
   5.2066051e+05
   5.2141847e+05
   5.2179274e+05
   5.2240821e+05
   5.2283880e+05
   5.2319604e+05
   5.2384394e+05
   5.2428444e+05
   5.2496456e+05
   5.2556513e+05
   5.2632047e+05
   5.2749222e+05
   5.2813652e+05
   5.2889763e+05
   5.3038813e+05
   5.3079925e+05
   5.3187229e+05
   5.3227861e+05
   5.3257460e+05
   5.3361005e+05
   5.3462388e+05
   5.3521829e+05
   5.3551177e+05
   5.3599396e+05
   5.3704148e+05
   5.3775850e+05
   5.3838685e+05
   5.3880950e+05
   5.3931073e+05
   5.3970575e+05
   5.8034031e+05
   5.8062201e+05
   5.8126163e+05
   5.8211000e+05
   5.8252900e+05
   5.8282029e+05
   5.8330759e+05
   5.8400972e+05
   5.8471260e+05
   5.8513282e+05
   5.8586117e+05
   5.8652516e+05
   5.8744948e+05
   5.8817056e+05
   5.8868782e+05
   5.8985085e+05
   5.9059912e+05
   5.9122446e+05
   5.9197839e+05
   5.9312952e+05
   5.9391937e+05
   5.9442601e+05
   5.9473205e+05
   5.9535809e+05
   5.9606678e+05
   5.9665378e+05
   5.9748533e+05
   5.9832921e+05
   5.9903618e+05
   5.9990443e+05
   6.0055925e+05
   6.0130534e+05
   6.0174518e+05
   6.0219349e+05
   6.0260038e+05
   6.0339343e+05
   6.0425596e+05
   6.0478779e+05
   6.0517991e+05
   6.0657880e+05
   6.0808554e+05
   6.0850451e+05
   6.1074416e+05
   6.1135601e+05
   6.1202740e+05
   6.1276517e+05
   6.1357389e+05
   6.1423544e+05
   6.1465458e+05
   6.1649598e+05
   6.1719463e+05
   6.1784326e+05
   6.1896146e+05
   6.1973729e+05
   6.2060075e+05
   6.2113321e+05
   6.2308243e+05
   6.2442386e+05
   6.2521796e+05
   6.2591870e+05
   6.2732502e+05
   6.2832234e+05
   6.2917962e+05
   6.2971135e+05
   6.3101109e+05
   6.3172671e+05
   6.3290920e+05
   6.3366291e+05
   6.3419259e+05
   6.3497691e+05
   6.3680787e+05
   6.3805464e+05
   6.3866909e+05
   6.4188210e+05
   6.4232033e+05
   6.4805706e+05
   6.4901284e+05
   6.4956195e+05
   6.4988890e+05
   6.5040021e+05
   6.5145739e+05
   6.5274011e+05
   6.5336338e+05
   6.5839694e+05
   6.6169576e+05
   6.6237690e+05
   6.6292925e+05
   6.6336521e+05
   6.6380623e+05
   6.6590022e+05
   6.6650130e+05
   6.6705322e+05
   6.6827977e+05
   6.6915431e+05
   6.6981056e+05
   6.7051852e+05
   6.7136385e+05
   6.7227911e+05
   6.7315339e+05
   6.7525777e+05
   6.7604165e+05
   6.7641086e+05
   6.7786210e+05
   6.7839328e+05
   6.7890470e+05
   6.7950251e+05
   6.8004108e+05
   6.8077305e+05
   6.8267461e+05
   6.8361133e+05
   6.8449003e+05
   6.8504302e+05
   6.8555058e+05
   6.8627620e+05
   6.8685807e+05
   6.8765660e+05
   6.8852978e+05
   6.8950644e+05
   6.9015724e+05
   6.9087939e+05
   6.9187777e+05
   6.9268418e+05
   6.9340546e+05
   6.9518059e+05
   6.9605477e+05
   6.9699031e+05
   6.9743711e+05
   6.9865868e+05
   6.9915645e+05
   6.9957742e+05
   7.0025788e+05
   7.0098316e+05
   7.0142636e+05
   7.0233939e+05
   7.0341223e+05
   7.0412635e+05
   7.0440213e+05
   7.0505874e+05
   7.0618350e+05
   7.1824426e+05
   7.1920703e+05
   7.2050833e+05
   7.2138898e+05
   7.2203272e+05
   7.2277166e+05
   7.2327116e+05
   7.2365522e+05
   7.2423327e+05
   7.2491039e+05
   7.2550597e+05
   7.2596588e+05
   7.2650143e+05
   7.2693757e+05
   7.2830915e+05
   7.2958738e+05
   7.3006709e+05
   7.3059593e+05
   7.3114822e+05
   7.3169691e+05
   7.3295739e+05
   7.3346731e+05
   7.3421684e+05
   7.3501564e+05
   7.3601769e+05
   7.3655048e+05
   7.3764925e+05
   7.3810872e+05
   7.3868015e+05
   7.3968088e+05
   7.4053712e+05
   7.4112083e+05
   7.4174524e+05
   7.4273017e+05
   7.4385922e+05
   7.4426766e+05
   7.4474167e+05
   7.4512095e+05
   7.4588194e+05
   7.4640923e+05
   7.4696107e+05
   7.4788043e+05
   7.4843794e+05
   7.4917855e+05
   7.4963065e+05
   7.5024852e+05
   7.5075635e+05
   7.5142260e+05
   7.5329672e+05
   7.5449448e+05
   7.5534666e+05
   7.5584795e+05
   7.5655684e+05
   7.5980608e+05
   7.6070619e+05
   7.6128753e+05
   7.6164558e+05
   7.6234892e+05
   7.6324044e+05
   7.6391023e+05
   7.6439485e+05
   7.6491102e+05
   7.6576959e+05
   7.6674938e+05
   7.6757793e+05
   7.6804030e+05
   7.7072378e+05
   7.7118019e+05
   7.7179321e+05
   7.7216333e+05
   7.7277323e+05
   7.7324640e+05
   7.7364344e+05
   7.7474071e+05
   7.7521146e+05
   7.7569538e+05
   7.7610974e+05
   7.7649648e+05
   7.7707854e+05
   7.7760575e+05
   7.7811547e+05
   7.7846388e+05
   7.7903274e+05
   7.7939042e+05
   8.2046929e+05
   8.2111401e+05
   8.2161041e+05
   8.2207554e+05
   8.2266749e+05
   8.2312097e+05
   8.2358588e+05
   8.2398679e+05
   8.2432189e+05
   8.2490792e+05
   8.2574629e+05
   8.2626455e+05
   8.2681709e+05
   8.2808145e+05
   8.2845397e+05
   8.2884554e+05
   8.2948321e+05
   8.3035296e+05
   8.3116497e+05
   8.3156230e+05
   8.3246094e+05
   8.3322934e+05
   8.3374465e+05
   8.3442170e+05
   8.3497333e+05
   8.3544469e+05
   8.3585158e+05
   8.3814765e+05
   8.3892428e+05
   8.3945994e+05
   8.3994101e+05
   8.8057466e+05
   8.8123838e+05
   8.8163021e+05
   8.8210784e+05
   8.8266232e+05
   8.8306867e+05
   8.8401327e+05
   8.8460882e+05
   8.8506681e+05
   8.8645358e+05
   8.8750763e+05
   8.8796435e+05
   8.8846570e+05
   8.8996909e+05
   8.9078923e+05
   8.9159514e+05
   8.9222495e+05
   8.9313045e+05
   8.9345508e+05
   8.9378573e+05
   8.9449463e+05
   8.9496116e+05
   8.9539533e+05
   8.9631780e+05
   8.9676615e+05
   8.9876361e+05
   8.9939427e+05
   9.4048715e+05
   9.4136092e+05
   9.4210012e+05
   9.4276422e+05
   9.4337365e+05
   9.4391829e+05
   9.4445037e+05
   9.4484020e+05
   9.4531674e+05
   9.4586669e+05
   9.4661715e+05
   9.4776679e+05
   9.4834366e+05
   9.4944886e+05
   9.5003045e+05
   9.5076166e+05
   9.5134963e+05
   9.5172841e+05
   9.5235427e+05
   9.5291991e+05
   9.5470127e+05
   9.5523435e+05
   9.5569695e+05
   9.5609347e+05
   9.5642240e+05
   9.5678915e+05
   9.5735748e+05
   9.5784666e+05
   9.5816324e+05
   9.5881584e+05
   9.5920664e+05
   9.5975573e+05
   1.0004012e+06
   1.0008081e+06
   1.0012108e+06
   1.0023550e+06
   1.0027220e+06
   1.0037939e+06
   1.0042862e+06
   1.0048093e+06
   1.0052040e+06
   1.0057264e+06
   1.0061277e+06
   1.0068297e+06
   1.0079826e+06
   1.0083848e+06
   1.0086859e+06
   1.0091732e+06
   1.0096414e+06
   1.0101236e+06
   1.0108416e+06
   1.0115112e+06
   1.0127341e+06
   1.0135215e+06
   1.0145934e+06
   1.0151402e+06
   1.0154421e+06
   1.0159146e+06
   1.0163911e+06
   1.0166666e+06
   1.0171818e+06
   1.0176920e+06
   1.0185780e+06
   1.0190800e+06
   1.0604675e+06
   1.0610094e+06
   1.0615960e+06
   1.0622665e+06
   1.0628654e+06
   1.0633010e+06
   1.0636401e+06
   1.0642377e+06
   1.0645918e+06
   1.0650484e+06
   1.0659084e+06
   1.0663869e+06
   1.0669529e+06
   1.0675473e+06
   1.0679778e+06
   1.0686463e+06
   1.0695105e+06
   1.0699872e+06
   1.0707603e+06
   1.0711998e+06
   1.0717343e+06
   1.0722964e+06
   1.0729014e+06
   1.0746024e+06
   1.0753404e+06
   1.0759425e+06
   1.0772491e+06
   1.0779519e+06
   1.0783582e+06
   1.0788441e+06
   1.0794839e+06
   1.0799122e+06
   1.1205861e+06
   1.1214268e+06
   1.1225546e+06
   1.1233881e+06
   1.1244289e+06
   1.1251210e+06
   1.1256082e+06
   1.1261781e+06
   1.1266250e+06
   1.1273866e+06
   1.1277417e+06
   1.1283494e+06
   1.1287016e+06
   1.1293857e+06
   1.1298022e+06
   1.1304392e+06
   1.1311316e+06
   1.1314786e+06
   1.1319529e+06
   1.1323417e+06
   1.1329979e+06
   1.1335984e+06
   1.1339903e+06
   1.1343730e+06
   1.1351573e+06
   1.1356620e+06
   1.1368616e+06
   1.1372829e+06
   1.1377596e+06
   1.1382088e+06
   1.1388826e+06
   1.1398172e+06
   1.1805248e+06
   1.1809717e+06
   1.1821259e+06
   1.1826896e+06
   1.1832811e+06
   1.1836830e+06
   1.1843551e+06
   1.1848322e+06
   1.1852877e+06
   1.1858176e+06
   1.1862123e+06
   1.1867533e+06
   1.1874069e+06
   1.1881716e+06
   1.1885212e+06
   1.1891029e+06
   1.1894405e+06
   1.1908377e+06
   1.1914529e+06
   1.1920925e+06
   1.1929657e+06
   1.1938099e+06
   1.1943098e+06
   1.1953059e+06
   1.1958408e+06
   1.1964378e+06
   1.1967669e+06
   1.1972075e+06
   1.1980584e+06
   1.1988272e+06
   1.1995224e+06
   1.1999974e+06
   1.2410736e+06
   1.2414776e+06
   1.2420997e+06
   1.2426596e+06
   1.2430823e+06
   1.2438394e+06
   1.2443329e+06
   1.2450710e+06
   1.2456557e+06
   1.2464131e+06
   1.2469428e+06
   1.2473017e+06
   1.2480732e+06
   1.2485102e+06
   1.2489400e+06
   1.2494396e+06
   1.2498239e+06
   1.2515003e+06
   1.2521038e+06
   1.2525281e+06
   1.2550997e+06
   1.2557593e+06
   1.2563266e+06
   1.2567681e+06
   1.2573793e+06
   1.2587132e+06
   1.2592398e+06
   1.2598088e+06
   1.3004955e+06
   1.3010643e+06
   1.3020938e+06
   1.3025842e+06
   1.3035062e+06
   1.3068523e+06
   1.3074060e+06
   1.3082163e+06
   1.3087629e+06
   1.3093433e+06
   1.3098691e+06
   1.3110732e+06
   1.3118021e+06
   1.3123890e+06
   1.3127567e+06
   1.3133234e+06
   1.3135827e+06
   1.3145632e+06
   1.3149676e+06
   1.3153070e+06
   1.3159900e+06
   1.3165174e+06
   1.3173835e+06
   1.3178669e+06
   1.3183457e+06
   1.3187779e+06
   1.3194429e+06
   1.3604978e+06
   1.3614816e+06
   1.3623833e+06
   1.3629600e+06
   1.3634448e+06
   1.3638468e+06
   1.3642927e+06
   1.3650607e+06
   1.3657767e+06
   1.3665041e+06
   1.3669865e+06
   1.3673684e+06
   1.3679750e+06
   1.3685709e+06
   1.3696669e+06
   1.3709462e+06
   1.3714096e+06
   1.3718109e+06
   1.3725903e+06
   1.3733432e+06
   1.3738356e+06
   1.3747334e+06
   1.3751115e+06
   1.3755475e+06
   1.3759383e+06
   1.3766430e+06
   1.3772076e+06
   1.3777501e+06
   1.3785115e+06
   1.3790109e+06
   1.3795074e+06
   1.4204365e+06
   1.4207907e+06
   1.4211841e+06
   1.4216932e+06
   1.4220704e+06
   1.4225054e+06
   1.4229777e+06
   1.4237156e+06
   1.4243019e+06
   1.4249753e+06
   1.4255071e+06
   1.4259439e+06
   1.4264854e+06
   1.4268289e+06
   1.4278296e+06
   1.4283655e+06
   1.4293500e+06
   1.4299527e+06
   1.4303487e+06
   1.4310329e+06
   1.4318145e+06
   1.4322641e+06
   1.4329048e+06
   1.4334358e+06
   1.4339059e+06
   1.4343708e+06
   1.4347349e+06
   1.4356914e+06
   1.4364268e+06
   1.4369833e+06
   1.4378110e+06
   1.4381950e+06
   1.4387834e+06
   1.4394128e+06
   1.4398161e+06
   1.4808205e+06
   1.4820119e+06
   1.4823996e+06
   1.4829744e+06
   1.4832918e+06
   1.4838395e+06
   1.4843625e+06
   1.4847159e+06
   1.4856930e+06
   1.4864586e+06
   1.4868600e+06
   1.4875719e+06
   1.4882183e+06
   1.4887188e+06
   1.4892955e+06
   1.4896206e+06
   1.4901674e+06
   1.4907190e+06
   1.4911179e+06
   1.4917699e+06
   1.4927047e+06
   1.4936145e+06
   1.4945209e+06
   1.4950143e+06
   1.4957323e+06
   1.4960784e+06
   1.4966191e+06
   1.4974121e+06
   1.4985480e+06
   1.4995096e+06
   1.5403977e+06
   1.5410267e+06
   1.5414828e+06
   1.5419680e+06
   1.5428939e+06
   1.5437218e+06
   1.5440179e+06
   1.5444460e+06
   1.5448510e+06
   1.5453750e+06
   1.5459615e+06
   1.5468978e+06
   1.5474526e+06
   1.5481153e+06
   1.5486623e+06
   1.5490851e+06
   1.5495480e+06
   1.5502487e+06
   1.5508671e+06
   1.5519105e+06
   1.5537331e+06
   1.5544738e+06
   1.5551821e+06
   1.5561271e+06
   1.5566560e+06
   1.5570238e+06
   1.5577543e+06
   1.5580717e+06
   1.5584150e+06
   1.5589495e+06
   1.5593258e+06
   1.5598730e+06
   1.6006128e+06
   1.6013556e+06
   1.6021292e+06
   1.6024294e+06
   1.6034431e+06
   1.6039975e+06
   1.6044334e+06
   1.6050246e+06
   1.6054513e+06
   1.6058452e+06
   1.6068985e+06
   1.6083826e+06
   1.6090630e+06
   1.6095617e+06
   1.6101249e+06
   1.6108948e+06
   1.6113040e+06
   1.6120938e+06
   1.6125459e+06
   1.6129729e+06
   1.6134842e+06
   1.6138887e+06
   1.6145598e+06
   1.6150119e+06
   1.6154995e+06
   1.6159532e+06
   1.6188817e+06
   1.6196251e+06
   1.6605052e+06
   1.6608854e+06
   1.6616028e+06
   1.6622132e+06
   1.6628866e+06
   1.6634757e+06
   1.6639905e+06
   1.6644600e+06
   1.6649218e+06
   1.6658048e+06
   1.6668376e+06
   1.6678609e+06
   1.6682577e+06
   1.6687004e+06
   1.6691775e+06
   1.6695394e+06
   1.6698689e+06
   1.6701906e+06
   1.6707375e+06
   1.6712452e+06
   1.6715687e+06
   1.6724703e+06
   1.6731796e+06
   1.6737067e+06
   1.6747991e+06
   1.6753562e+06
   1.6762879e+06
   1.6766896e+06
   1.6772041e+06
   1.6775211e+06
   1.6787229e+06
   1.6793891e+06
   1.6798005e+06
   1.7205812e+06
   1.7209484e+06
   1.7213332e+06
   1.7217775e+06
   1.7223035e+06
   1.7234137e+06
   1.7243050e+06
   1.7247736e+06
   1.7252459e+06
   1.7255596e+06
   1.7260637e+06
   1.7267377e+06
   1.7273982e+06
   1.7287234e+06
   1.7292727e+06
   1.7298969e+06
   1.7307486e+06
   1.7316299e+06
   1.7335750e+06
   1.7344477e+06
   1.7347601e+06
   1.7352510e+06
   1.7356471e+06
   1.7366023e+06
   1.7372151e+06
   1.7379604e+06
   1.7384110e+06
   1.7387843e+06
   1.7392280e+06
   1.7398170e+06
   1.7804184e+06
   1.7810649e+06
   1.7818032e+06
   1.7827359e+06
   1.7836648e+06
   1.7844379e+06
   1.7850141e+06
   1.7857261e+06
   1.7863424e+06
   1.7875382e+06
   1.7881776e+06
   1.7885411e+06
   1.7891141e+06
   1.7896590e+06
   1.7900194e+06
   1.7904015e+06
   1.7910796e+06
   1.7914556e+06
   1.7919897e+06
   1.7924150e+06
   1.7928032e+06
   1.7932746e+06
   1.7938543e+06
   1.7944586e+06
   1.7949084e+06
   1.7952874e+06
   1.7957841e+06
   1.7963716e+06
   1.7967028e+06
   1.7971160e+06
   1.7982699e+06
   1.7992584e+06
   1.7997383e+06
   1.8408036e+06
   1.8412509e+06
   1.8416906e+06
   1.8422505e+06
   1.8426564e+06
   1.8432286e+06
   1.8436515e+06
   1.8440219e+06
   1.8447987e+06
   1.8457637e+06
   1.8462950e+06
   1.8466648e+06
   1.8475735e+06
   1.8479632e+06
   1.8484572e+06
   1.8489061e+06
   1.8493272e+06
   1.8498760e+06
   1.8505547e+06
   1.8509558e+06
   1.8512928e+06
   1.8516374e+06
   1.8520497e+06
   1.8526301e+06
   1.8530333e+06
   1.8532889e+06
   1.8537016e+06
   1.8549283e+06
   1.8555071e+06
   1.8566062e+06
   1.8572890e+06
   1.8579230e+06
   1.8583334e+06
   1.8588293e+06
   1.8596294e+06
   1.9005066e+06
   1.9009490e+06
   1.9016784e+06
   1.9021286e+06
   1.9026193e+06
   1.9030691e+06
   1.9038081e+06
   1.9045543e+06
   1.9050518e+06
   1.9057592e+06
   1.9061983e+06
   1.9065800e+06
   1.9074973e+06
   1.9078272e+06
   1.9082805e+06
   1.9087329e+06
   1.9092535e+06
   1.9099030e+06
   1.9115976e+06
   1.9121689e+06
   1.9126220e+06
   1.9130291e+06
   1.9135259e+06
   1.9150386e+06
   1.9160568e+06
   1.9164975e+06
   1.9184183e+06
   1.9189156e+06
   1.9195852e+06
   6.0354057e+04
   6.1467804e+04
   6.2706518e+04
   6.3465699e+04
   6.4216136e+04
   6.5447094e+04
   6.5948309e+04
   6.7633908e+04
   6.8232612e+04
   6.8876107e+04
   6.9817008e+04
   7.0319384e+04
   7.1743839e+04
   7.3503524e+04
   7.4022570e+04
   7.4559507e+04
   7.5070317e+04
   7.7072775e+04
   7.8221624e+04
   7.8890994e+04
   7.9499464e+04
   8.0048933e+04
   8.0588328e+04
   8.1087056e+04
   8.1742091e+04
   8.2076151e+04
   8.2810559e+04
   8.3574464e+04
   8.4049917e+04
   8.4780524e+04
   8.5563627e+04
   8.7313385e+04
   8.8324185e+04
   8.8752426e+04
   9.0133910e+04
   9.1111060e+04
   9.1778948e+04
   9.2213336e+04
   9.4499738e+04
   9.5264284e+04
   9.5784840e+04
   9.6301013e+04
   9.8120304e+04
   9.9893857e+04
   1.2166570e+05
   1.2336810e+05
   1.2399489e+05
   1.2468091e+05
   1.2539469e+05
   1.2633950e+05
   1.2707229e+05
   1.2752994e+05
   1.2861631e+05
   1.2945225e+05
   1.3049494e+05
   1.3113955e+05
   1.3207317e+05
   1.3255442e+05
   1.3351764e+05
   1.3399270e+05
   1.3458279e+05
   1.3514175e+05
   1.3634223e+05
   1.3717610e+05
   1.3802004e+05
   1.3852270e+05
   1.3899161e+05
   1.3956758e+05
   1.3996815e+05
   1.4040591e+05
   1.4120948e+05
   1.4610656e+05
   1.4661606e+05
   1.4705520e+05
   1.4777439e+05
   1.4892176e+05
   1.4964423e+05
   1.5010591e+05
   1.5051928e+05
   1.5140229e+05
   1.5201756e+05
   1.5294999e+05
   1.5344945e+05
   1.5391029e+05
   1.5446818e+05
   1.5505245e+05
   1.5559149e+05
   1.5614361e+05
   1.5685317e+05
   1.5778463e+05
   1.5852518e+05
   1.5924869e+05
   1.5993849e+05
   1.8035720e+05
   1.8133234e+05
   1.8184248e+05
   1.8257385e+05
   1.8363837e+05
   1.8453230e+05
   1.8716066e+05
   1.8801662e+05
   1.8850038e+05
   1.8911338e+05
   1.8966598e+05
   1.9017484e+05
   1.9080799e+05
   1.9145399e+05
   1.9199900e+05
   1.9816403e+05
   1.9871293e+05
   1.9961549e+05
   1.9992166e+05
   2.0075736e+05
   2.0152034e+05
   2.0228500e+05
   2.0269057e+05
   2.0421007e+05
   2.0480302e+05
   2.0558049e+05
   2.0629559e+05
   2.0706146e+05
   2.0761952e+05
   2.0830401e+05
   2.0909433e+05
   2.0993040e+05
   2.1097093e+05
   2.1166091e+05
   2.1229915e+05
   2.1295189e+05
   2.1336809e+05
   2.1400604e+05
   2.1468365e+05
   2.1554795e+05
   2.1603540e+05
   2.1656615e+05
   2.1751623e+05
   2.1816537e+05
   2.1899838e+05
   2.1968982e+05
   2.4051571e+05
   2.4114039e+05
   2.4158246e+05
   2.4210671e+05
   2.4264017e+05
   2.4342107e+05
   2.4497640e+05
   2.4546692e+05
   2.4584176e+05
   2.4733249e+05
   2.4792271e+05
   2.4864794e+05
   2.6377934e+05
   2.6436128e+05
   2.6489399e+05
   2.6578727e+05
   2.6652500e+05
   2.6719016e+05
   2.6820551e+05
   2.6920772e+05
   2.6980764e+05
   2.7032851e+05
   2.7536020e+05
   2.7616739e+05
   2.7691399e+05
   2.7739097e+05
   2.7834730e+05
   2.7902785e+05
   2.7966344e+05
   3.0048994e+05
   3.0127503e+05
   3.0179043e+05
   3.0282316e+05
   3.0373012e+05
   3.0428070e+05
   3.0476664e+05
   3.0594446e+05
   3.0640560e+05
   3.0699315e+05
   3.0744688e+05
   3.0804310e+05
   3.0848524e+05
   3.0894895e+05
   3.0989632e+05
   3.1037355e+05
   3.1092137e+05
   3.1159868e+05
   3.1214396e+05
   3.1266699e+05
   3.1438740e+05
   3.1575942e+05
   3.1634330e+05
   3.1690263e+05
   3.1754377e+05
   3.1831562e+05
   3.1882909e+05
   3.2061200e+05
   3.2116950e+05
   3.2177237e+05
   3.2247973e+05
   3.2295021e+05
   3.2328933e+05
   3.2447655e+05
   3.2510563e+05
   3.2617860e+05
   3.2713746e+05
   3.2785524e+05
   3.2838774e+05
   3.2882845e+05
   3.2940579e+05
   3.2998537e+05
   3.3056161e+05
   3.3150279e+05
   3.3223609e+05
   3.3277417e+05
   3.3885531e+05
   3.6063928e+05
   3.6124268e+05
   3.6199430e+05
   3.6281446e+05
   3.6379212e+05
   3.6448657e+05
   3.6525061e+05
   3.6612220e+05
   3.6656417e+05
   3.6713808e+05
   3.6753866e+05
   3.6807698e+05
   3.6857539e+05
   3.6914425e+05
   3.6973448e+05
   3.7023404e+05
   3.7169745e+05
   3.7268918e+05
   3.7311650e+05
   3.7372234e+05
   3.7443316e+05
   3.7487911e+05
   3.7550211e+05
   3.7623348e+05
   3.7753022e+05
   3.7851975e+05
   3.7902776e+05
   3.7982494e+05
   3.8031485e+05
   3.8082862e+05
   3.8134481e+05
   3.8194876e+05
   3.8286507e+05
   3.8349174e+05
   3.8468534e+05
   3.8504146e+05
   3.8565005e+05
   3.8640689e+05
   3.8725872e+05
   3.8775380e+05
   3.8841578e+05
   3.9195728e+05
   3.9306994e+05
   3.9481904e+05
   3.9531121e+05
   3.9577748e+05
   3.9655585e+05
   3.9693409e+05
   3.9762128e+05
   3.9815803e+05
   3.9902642e+05
   3.9946261e+05
   4.2071897e+05
   4.2118346e+05
   4.2259242e+05
   4.2324871e+05
   4.2397419e+05
   4.2448733e+05
   4.2507274e+05
   4.2616537e+05
   4.2679531e+05
   4.2722506e+05
   4.2785016e+05
   4.2853474e+05
   4.2975674e+05
   4.3019767e+05
   4.3079669e+05
   4.3142621e+05
   4.3189274e+05
   4.3279023e+05
   4.3345409e+05
   4.3462297e+05
   4.3593493e+05
   4.3682282e+05
   4.3729978e+05
   4.3801099e+05
   4.3866495e+05
   4.3901357e+05
   4.3960609e+05
   4.4039198e+05
   4.4122868e+05
   4.4392324e+05
   4.4484675e+05
   4.4563999e+05
   4.4714025e+05
   4.4764155e+05
   4.4821485e+05
   4.8054197e+05
   4.8097553e+05
   4.8141558e+05
   4.8208487e+05
   4.8260688e+05
   4.8333565e+05
   4.8389181e+05
   4.8469851e+05
   4.8513508e+05
   4.8590205e+05
   4.8698290e+05
   4.8766083e+05
   4.8858873e+05
   4.8971736e+05
   4.9047192e+05
   4.9103726e+05
   4.9162874e+05
   4.9212697e+05
   4.9295077e+05
   4.9339002e+05
   4.9431961e+05
   4.9507882e+05
   4.9574272e+05
   4.9658438e+05
   5.0524360e+05
   5.0578582e+05
   5.0668469e+05
   5.0720635e+05
   5.0778398e+05
   5.0843029e+05
   5.0981138e+05
   5.1033274e+05
   5.1142738e+05
   5.1188076e+05
   5.1414577e+05
   5.1470477e+05
   5.1525632e+05
   5.1585450e+05
   5.1690628e+05
   5.1875763e+05
   5.1928636e+05
   5.4093543e+05
   5.4142418e+05
   5.4199651e+05
   5.4294187e+05
   5.4354101e+05
   5.4412583e+05
   5.4474445e+05
   5.4525731e+05
   5.4597803e+05
   5.4804769e+05
   5.4858324e+05
   5.4951851e+05
   5.5006005e+05
   5.5063281e+05
   5.5298767e+05
   5.5586206e+05
   5.5646785e+05
   5.5693175e+05
   5.5738427e+05
   5.5798043e+05
   5.5962376e+05
   5.6209434e+05
   5.6262812e+05
   5.6326970e+05
   5.6413441e+05
   5.6516047e+05
   5.6603606e+05
   5.6665387e+05
   5.6719728e+05
   5.6774862e+05
   5.6870695e+05
   5.6943869e+05
   5.7047406e+05
   5.7137995e+05
   5.7206634e+05
   5.7359200e+05
   5.7458325e+05
   5.7575371e+05
   5.7627544e+05
   5.7690055e+05
   5.7733907e+05
   5.7777305e+05
   5.7878671e+05
   7.8115762e+05
   7.8188438e+05
   7.8268785e+05
   7.8306201e+05
   7.8403972e+05
   7.8440518e+05
   7.8498972e+05
   7.8580033e+05
   7.8625516e+05
   7.8685093e+05
   7.8740207e+05
   7.8788078e+05
   7.8838255e+05
   7.8883303e+05
   7.8939395e+05
   7.9012202e+05
   7.9069213e+05
   7.9115649e+05
   7.9166827e+05
   7.9245552e+05
   7.9283449e+05
   7.9349878e+05
   7.9424865e+05
   7.9484909e+05
   7.9577740e+05
   7.9611394e+05
   7.9684015e+05
   7.9737388e+05
   7.9788134e+05
   7.9839859e+05
   7.9897695e+05
   7.9996583e+05
   8.0055110e+05
   8.0246059e+05
   8.0288798e+05
   8.0384939e+05
   8.0429609e+05
   8.0482992e+05
   8.0542325e+05
   8.0607784e+05
   8.0655869e+05
   8.0710263e+05
   8.0756643e+05
   8.0815848e+05
   8.0858289e+05
   8.0917616e+05
   8.0991869e+05
   8.1068118e+05
   8.1122376e+05
   8.1280138e+05
   8.1328283e+05
   8.1537276e+05
   8.1608879e+05
   8.1655579e+05
   8.1712291e+05
   8.1790133e+05
   8.1864644e+05
   8.1967537e+05
   8.4091362e+05
   8.4185129e+05
   8.4226114e+05
   8.4310007e+05
   8.4374367e+05
   8.4441636e+05
   8.4478731e+05
   8.4543012e+05
   8.4590121e+05
   8.4629056e+05
   8.4676907e+05
   8.4727125e+05
   8.4790983e+05
   8.4849052e+05
   8.4906966e+05
   8.4949489e+05
   8.5051877e+05
   8.5112248e+05
   8.5216182e+05
   8.5271606e+05
   8.5327036e+05
   8.5501795e+05
   8.5548000e+05
   8.5674159e+05
   8.5777477e+05
   8.5824884e+05
   8.5880931e+05
   8.5967584e+05
   8.6075205e+05
   8.6139666e+05
   8.6177006e+05
   8.6241197e+05
   8.6297373e+05
   8.6379314e+05
   8.6443039e+05
   8.6514811e+05
   8.6587823e+05
   8.6638055e+05
   8.6702156e+05
   8.6772144e+05
   8.6824523e+05
   8.6902261e+05
   8.6985368e+05
   8.7077647e+05
   8.7147337e+05
   8.7192521e+05
   8.7248251e+05
   8.7293469e+05
   8.7343019e+05
   9.0058504e+05
   9.0098939e+05
   9.0195943e+05
   9.0250934e+05
   9.0370259e+05
   9.0424933e+05
   9.0471756e+05
   9.0621375e+05
   9.0762357e+05
   9.0820613e+05
   9.0930617e+05
   9.1020268e+05
   9.1077619e+05
   9.1147379e+05
   9.1201694e+05
   9.1295797e+05
   9.1359316e+05
   9.1458428e+05
   9.1507850e+05
   9.1552491e+05
   9.1605150e+05
   9.1711320e+05
   9.1764595e+05
   9.1821877e+05
   9.1858950e+05
   9.1911159e+05
   9.1951482e+05
   9.2019856e+05
   9.2101460e+05
   9.2181642e+05
   9.2286154e+05
   9.2344252e+05
   9.2396573e+05
   9.2541193e+05
   9.2610193e+05
   9.2696915e+05
   9.2753537e+05
   9.2892385e+05
   9.2951540e+05
   9.3011644e+05
   9.3097459e+05
   9.3166652e+05
   9.3254280e+05
   9.3447743e+05
   9.3525532e+05
   9.3567481e+05
   9.3631863e+05
   9.3732003e+05
   9.3776916e+05
   9.3825856e+05
   9.3874542e+05
   9.6054552e+05
   9.6122674e+05
   9.6169117e+05
   9.6282844e+05
   9.6350085e+05
   9.6405120e+05
   9.6458037e+05
   9.6504320e+05
   9.6568439e+05
   9.6650323e+05
   9.6756941e+05
   9.6838287e+05
   9.6896009e+05
   9.6979336e+05
   9.7035659e+05
   9.7088346e+05
   9.7146758e+05
   9.7181342e+05
   9.7333896e+05
   9.7425969e+05
   9.7527536e+05
   9.7600129e+05
   9.7768596e+05
   9.7891963e+05
   9.8017397e+05
   9.8065193e+05
   9.8120933e+05
   9.8174442e+05
   9.8227481e+05
   9.8276342e+05
   9.8325478e+05
   9.8385930e+05
   9.8445239e+05
   9.8536728e+05
   9.8633278e+05
   9.8704249e+05
   9.8751521e+05
   9.8827330e+05
   9.8916626e+05
   9.9076012e+05
   9.9153910e+05
   9.9242955e+05
   9.9297082e+05
   9.9373591e+05
   9.9434673e+05
   9.9547383e+05
   9.9619662e+05
   9.9668181e+05
   9.9831665e+05
   9.9875022e+05
   1.0223163e+06
   1.0228685e+06
   1.0238192e+06
   1.0243549e+06
   1.0250975e+06
   1.0255194e+06
   1.0263637e+06
   1.0269004e+06
   1.0275635e+06
   1.0281121e+06
   1.0286646e+06
   1.0297227e+06
   1.0300843e+06
   1.0306873e+06
   1.0316477e+06
   1.0323914e+06
   1.0331014e+06
   1.0338283e+06
   1.0352664e+06
   1.0361586e+06
   1.0366737e+06
   1.0371561e+06
   1.0377699e+06
   1.0381945e+06
   1.0387361e+06
   1.0395067e+06
   1.0401765e+06
   1.0408137e+06
   1.0414520e+06
   1.0419277e+06
   1.0429378e+06
   1.0440065e+06
   1.0451301e+06
   1.0457559e+06
   1.0464666e+06
   1.0475173e+06
   1.0482195e+06
   1.0557723e+06
   1.0561446e+06
   1.0570589e+06
   1.0573846e+06
   1.0581210e+06
   1.0587352e+06
   1.0592710e+06
   1.0596396e+06
   1.0804272e+06
   1.0814716e+06
   1.0822063e+06
   1.0827247e+06
   1.0834811e+06
   1.0841423e+06
   1.0848206e+06
   1.0854988e+06
   1.0864704e+06
   1.0870836e+06
   1.0876426e+06
   1.0880031e+06
   1.0887246e+06
   1.0893588e+06
   1.0898889e+06
   1.0904032e+06
   1.0907801e+06
   1.0912928e+06
   1.0917255e+06
   1.0921410e+06
   1.0932252e+06
   1.0938332e+06
   1.0942491e+06
   1.0948001e+06
   1.0961426e+06
   1.0966396e+06
   1.0974473e+06
   1.0979440e+06
   1.0985179e+06
   1.0988914e+06
   1.0992457e+06
   1.0997837e+06
   1.1002240e+06
   1.1008650e+06
   1.1014244e+06
   1.1019723e+06
   1.1027121e+06
   1.1039444e+06
   1.1043415e+06
   1.1048865e+06
   1.1058378e+06
   1.1063467e+06
   1.1066989e+06
   1.1093883e+06
   1.1098855e+06
   1.1102856e+06
   1.1110207e+06
   1.1116731e+06
   1.1121618e+06
   1.1131380e+06
   1.1138982e+06
   1.1148035e+06
   1.1152710e+06
   1.1159622e+06
   1.1165209e+06
   1.1171017e+06
   1.1184856e+06
   1.1191550e+06
   1.1197591e+06
   1.1417550e+06
   1.1422875e+06
   1.1427836e+06
   1.1431570e+06
   1.1439864e+06
   1.1446034e+06
   1.1451016e+06
   1.1456872e+06
   1.1466971e+06
   1.1474493e+06
   1.1480569e+06
   1.1490892e+06
   1.1495157e+06
   1.1506112e+06
   1.1511215e+06
   1.1516957e+06
   1.1524907e+06
   1.1535679e+06
   1.1543958e+06
   1.1547984e+06
   1.1563392e+06
   1.1567502e+06
   1.1578756e+06
   1.1596615e+06
   1.1667988e+06
   1.1673081e+06
   1.1700052e+06
   1.1705679e+06
   1.1717660e+06
   1.1723225e+06
   1.1728141e+06
   1.1734152e+06
   1.1739555e+06
   1.1743042e+06
   1.1760170e+06
   1.1771076e+06
   1.1775530e+06
   1.1784414e+06
   1.1788664e+06
   1.1793960e+06
   1.2003807e+06
   1.2014270e+06
   1.2018863e+06
   1.2028428e+06
   1.2033172e+06
   1.2038769e+06
   1.2048601e+06
   1.2117411e+06
   1.2131103e+06
   1.2138256e+06
   1.2144150e+06
   1.2149445e+06
   1.2156458e+06
   1.2161159e+06
   1.2165259e+06
   1.2170158e+06
   1.2175485e+06
   1.2181617e+06
   1.2191581e+06
   1.2197968e+06
   1.2204658e+06
   1.2210806e+06
   1.2219525e+06
   1.2232628e+06
   1.2241623e+06
   1.2246001e+06
   1.2250690e+06
   1.2256013e+06
   1.2262168e+06
   1.2267337e+06
   1.2272651e+06
   1.2279240e+06
   1.2285283e+06
   1.2291270e+06
   1.2305136e+06
   1.2312819e+06
   1.2321879e+06
   1.2330103e+06
   1.2335848e+06
   1.2346050e+06
   1.2356224e+06
   1.2362006e+06
   1.2368386e+06
   1.2377534e+06
   1.2383144e+06
   1.2604891e+06
   1.2611298e+06
   1.2620212e+06
   1.2627323e+06
   1.2641325e+06
   1.2649814e+06
   1.2653747e+06
   1.2658064e+06
   1.2664397e+06
   1.2683764e+06
   1.2687142e+06
   1.2691538e+06
   1.2696713e+06
   1.2701414e+06
   1.2719461e+06
   1.2725793e+06
   1.2734695e+06
   1.2740262e+06
   1.2750000e+06
   1.2755836e+06
   1.2761350e+06
   1.2769283e+06
   1.2775675e+06
   1.2780509e+06
   1.2787545e+06
   1.2796788e+06
   1.2801931e+06
   1.2808024e+06
   1.2818594e+06
   1.2863174e+06
   1.2873779e+06
   1.2880012e+06
   1.2890967e+06
   1.2897899e+06
   1.2905450e+06
   1.2913784e+06
   1.2920586e+06
   1.2923625e+06
   1.2928456e+06
   1.2938101e+06
   1.2943610e+06
   1.2946953e+06
   1.2953635e+06
   1.2960823e+06
   1.2968289e+06
   1.2974466e+06
   1.2986084e+06
   1.2991821e+06
   1.3205680e+06
   1.3213155e+06
   1.3219637e+06
   1.3229735e+06
   1.3242108e+06
   1.3247526e+06
   1.3252946e+06
   1.3260541e+06
   1.3295890e+06
   1.3301974e+06
   1.3307535e+06
   1.3319799e+06
   1.3323394e+06
   1.3330925e+06
   1.3336712e+06
   1.3341253e+06
   1.3346550e+06
   1.3354859e+06
   1.3362331e+06
   1.3369618e+06
   1.3373510e+06
   1.3383160e+06
   1.3388758e+06
   1.3394000e+06
   1.3400918e+06
   1.3409418e+06
   1.3427782e+06
   1.3433221e+06
   1.3439509e+06
   1.3455395e+06
   1.3461434e+06
   1.3466063e+06
   1.3473014e+06
   1.3480014e+06
   1.3487469e+06
   1.3492345e+06
   1.3499568e+06
   1.3507251e+06
   1.3514270e+06
   1.3518936e+06
   1.3523277e+06
   1.3528791e+06
   1.3534608e+06
   1.3548061e+06
   1.3555604e+06
   1.3561855e+06
   1.3567590e+06
   1.3571812e+06
   1.3579407e+06
   1.3584896e+06
   1.3591675e+06
   1.3595705e+06
   1.3806059e+06
   1.3809961e+06
   1.3813508e+06
   1.3821823e+06
   1.3827454e+06
   1.3833162e+06
   1.3839028e+06
   1.3845053e+06
   1.3851751e+06
   1.3861763e+06
   1.3868902e+06
   1.3874609e+06
   1.3878349e+06
   1.3885874e+06
   1.3890793e+06
   1.3896677e+06
   1.3902136e+06
   1.3910753e+06
   1.3916218e+06
   1.3924643e+06
   1.3976048e+06
   1.3985829e+06
   1.3990124e+06
   1.3993769e+06
   1.3999652e+06
   1.4005411e+06
   1.4013825e+06
   1.4019284e+06
   1.4024565e+06
   1.4029846e+06
   1.4035255e+06
   1.4041004e+06
   1.4046848e+06
   1.4058486e+06
   1.4063572e+06
   1.4069224e+06
   1.4077371e+06
   1.4086943e+06
   1.4093165e+06
   1.4100079e+06
   1.4115325e+06
   1.4120329e+06
   1.4131014e+06
   1.4135726e+06
   1.4141188e+06
   1.4148283e+06
   1.4153191e+06
   1.4161403e+06
   1.4166165e+06
   1.4169383e+06
   1.4172813e+06
   1.4179730e+06
   1.4185273e+06
   1.4188951e+06
   1.4194501e+06
   1.4199097e+06
   1.4406316e+06
   1.4409705e+06
   1.4413883e+06
   1.4421924e+06
   1.4427329e+06
   1.4433558e+06
   1.4440234e+06
   1.4446150e+06
   1.4459796e+06
   1.4465165e+06
   1.4470317e+06
   1.4478827e+06
   1.4485559e+06
   1.4491936e+06
   1.4496681e+06
   1.4501005e+06
   1.4509340e+06
   1.4517917e+06
   1.4527537e+06
   1.4534923e+06
   1.4540805e+06
   1.4545493e+06
   1.4553073e+06
   1.4557421e+06
   1.4562229e+06
   1.4569998e+06
   1.4576805e+06
   1.4583209e+06
   1.4596843e+06
   1.4600593e+06
   1.4604048e+06
   1.4610375e+06
   1.4616173e+06
   1.4622834e+06
   1.4632900e+06
   1.4647474e+06
   1.4656343e+06
   1.4663519e+06
   1.4671566e+06
   1.4678832e+06
   1.4686201e+06
   1.4692272e+06
   1.4702167e+06
   1.4708267e+06
   1.4714144e+06
   1.4718669e+06
   1.4727408e+06
   1.4733233e+06
   1.4743543e+06
   1.4748148e+06
   1.4754837e+06
   1.4764404e+06
   1.4768792e+06
   1.4774691e+06
   1.4783877e+06
   1.4788751e+06
   1.4794046e+06
   1.4798018e+06
   1.5005635e+06
   1.5012556e+06
   1.5019147e+06
   1.5026851e+06
   1.5031414e+06
   1.5037392e+06
   1.5042465e+06
   1.5048589e+06
   1.5054593e+06
   1.5062560e+06
   1.5066923e+06
   1.5073085e+06
   1.5080623e+06
   1.5086175e+06
   1.5091191e+06
   1.5096890e+06
   1.5101417e+06
   1.5106274e+06
   1.5154188e+06
   1.5163456e+06
   1.5173216e+06
   1.5180594e+06
   1.5184714e+06
   1.5193656e+06
   1.5197919e+06
   1.5202878e+06
   1.5207256e+06
   1.5211276e+06
   1.5216338e+06
   1.5240710e+06
   1.5244976e+06
   1.5251508e+06
   1.5257112e+06
   1.5280203e+06
   1.5283888e+06
   1.5290218e+06
   1.5298270e+06
   1.5310331e+06
   1.5314588e+06
   1.5318831e+06
   1.5328956e+06
   1.5333748e+06
   1.5341575e+06
   1.5353741e+06
   1.5362315e+06
   1.5368057e+06
   1.5375800e+06
   1.5383595e+06
   1.5390352e+06
   1.5395366e+06
   1.5614397e+06
   1.5620616e+06
   1.5626114e+06
   1.5664179e+06
   1.5672910e+06
   1.5677476e+06
   1.5682012e+06
   1.5690084e+06
   1.5702306e+06
   1.5770652e+06
   1.5777419e+06
   1.5783539e+06
   1.5789122e+06
   1.5794466e+06
   1.5800271e+06
   1.5805931e+06
   1.5818478e+06
   1.5826438e+06
   1.5831518e+06
   1.5839409e+06
   1.5851447e+06
   1.5859934e+06
   1.5863778e+06
   1.5905483e+06
   1.5909839e+06
   1.5915957e+06
   1.5920265e+06
   1.5924386e+06
   1.5930468e+06
   1.5942294e+06
   1.5947337e+06
   1.5958675e+06
   1.5963868e+06
   1.5969525e+06
   1.5976966e+06
   1.5982160e+06
   1.5987208e+06
   1.5993468e+06
   1.5999884e+06
   1.6204841e+06
   1.6214246e+06
   1.6221204e+06
   1.6226318e+06
   1.6232565e+06
   1.6237460e+06
   1.6241395e+06
   1.6254409e+06
   1.6261661e+06
   1.6269844e+06
   1.6274454e+06
   1.6278702e+06
   1.6287982e+06
   1.6305500e+06
   1.6317236e+06
   1.6322334e+06
   1.6328318e+06
   1.6332449e+06
   1.6338781e+06
   1.6343621e+06
   1.6356792e+06
   1.6365152e+06
   1.6370378e+06
   1.6384329e+06
   1.6397082e+06
   1.6401087e+06
   1.6405430e+06
   1.6411380e+06
   1.6416767e+06
   1.6422999e+06
   1.6429649e+06
   1.6435424e+06
   1.6443791e+06
   1.6449748e+06
   1.6453944e+06
   1.6461455e+06
   1.6465628e+06
   1.6470268e+06
   1.6476001e+06
   1.6480839e+06
   1.6487699e+06
   1.6494600e+06
   1.6508458e+06
   1.6516547e+06
   1.6521740e+06
   1.6525951e+06
   1.6529156e+06
   1.6539818e+06
   1.6545852e+06
   1.6554479e+06
   1.6558792e+06
   1.6570114e+06
   1.6573829e+06
   1.6580648e+06
   1.6587307e+06
   1.6593423e+06
   1.6806052e+06
   1.6811127e+06
   1.6815972e+06
   1.6822908e+06
   1.6828834e+06
   1.6833901e+06
   1.6841897e+06
   1.6846001e+06
   1.6850760e+06
   1.6855404e+06
   1.6859171e+06
   1.6869308e+06
   1.6872467e+06
   1.6875514e+06
   1.6882345e+06
   1.6891413e+06
   1.6895513e+06
   1.6905140e+06
   1.6919858e+06
   1.6928126e+06
   1.6935092e+06
   1.6941591e+06
   1.6946056e+06
   1.6950484e+06
   1.6958004e+06
   1.6965534e+06
   1.6980419e+06
   1.6986048e+06
   1.6997229e+06
   1.7007411e+06
   1.7024677e+06
   1.7044384e+06
   1.7050651e+06
   1.7055985e+06
   1.7060490e+06
   1.7064454e+06
   1.7072465e+06
   1.7087705e+06
   1.7100633e+06
   1.7109975e+06
   1.7114544e+06
   1.7119644e+06
   1.7125551e+06
   1.7130622e+06
   1.7136752e+06
   1.7142551e+06
   1.7153432e+06
   1.7159267e+06
   1.7163761e+06
   1.7170892e+06
   1.7176902e+06
   1.7180869e+06
   1.7193817e+06
   1.7445703e+06
   1.7451477e+06
   1.7455725e+06
   1.7462051e+06
   1.7466149e+06
   1.7470863e+06
   1.7480749e+06
   1.7503778e+06
   1.7512828e+06
   1.7522204e+06
   1.7528630e+06
   1.7533799e+06
   1.7542221e+06
   1.7550144e+06
   1.7556914e+06
   1.7562778e+06
   1.7566614e+06
   1.7579267e+06
   1.7583554e+06
   1.7587921e+06
   1.7593140e+06
   1.7597786e+06
   1.7608412e+06
   1.7615114e+06
   1.7622568e+06
   1.7625875e+06
   1.7629800e+06
   1.7637156e+06
   1.7641546e+06
   1.7651285e+06
   1.7661511e+06
   1.7666623e+06
   1.7671384e+06
   1.7676543e+06
   1.7680267e+06
   1.7685144e+06
   1.7713381e+06
   1.7722015e+06
   1.7734660e+06
   1.7742150e+06
   1.7753272e+06
   1.7758096e+06
   1.7763658e+06
   1.7770689e+06
   1.7777946e+06
   1.7785079e+06
   1.7791555e+06
   1.7795263e+06
   1.8004537e+06
   1.8009579e+06
   1.8013289e+06
   1.8022246e+06
   1.8025808e+06
   1.8029330e+06
   1.8035380e+06
   1.8042151e+06
   1.8050172e+06
   1.8061577e+06
   1.8067086e+06
   1.8071722e+06
   1.8079063e+06
   1.8086930e+06
   1.8094831e+06
   1.8099888e+06
   1.8109212e+06
   1.8117076e+06
   1.8122884e+06
   1.8137345e+06
   1.8146951e+06
   1.8154255e+06
   1.8158635e+06
   1.8168223e+06
   1.8171869e+06
   1.8175867e+06
   1.8179931e+06
   1.8185863e+06
   1.8189802e+06
   1.8207769e+06
   1.8216755e+06
   1.8223126e+06
   1.8264141e+06
   1.8271180e+06
   1.8287206e+06
   1.8295244e+06
   1.8301326e+06
   1.8308030e+06
   1.8313009e+06
   1.8322904e+06
   1.8328907e+06
   1.8333304e+06
   1.8339192e+06
   1.8343823e+06
   1.8605764e+06
   1.8620627e+06
   1.8624757e+06
   1.8631189e+06
   1.8635621e+06
   1.8642681e+06
   1.8646461e+06
   1.8650675e+06
   1.8656658e+06
   1.8661374e+06
   1.8669216e+06
   1.8675731e+06
   1.8683230e+06
   1.8695720e+06
   1.8702757e+06
   1.8708412e+06
   1.8714334e+06
   1.8727471e+06
   1.8731639e+06
   1.8739469e+06
   1.8746628e+06
   1.8751610e+06
   1.8757714e+06
   1.8764443e+06
   1.8768725e+06
   1.8773134e+06
   1.8785140e+06
   1.8789956e+06
   1.8797728e+06
   1.8805536e+06
   1.8813139e+06
   1.8819507e+06
   1.8825264e+06
   1.8830734e+06
   1.8836676e+06
   1.8843139e+06
   1.8852789e+06
   1.8864866e+06
   1.8876179e+06
   1.8880962e+06
   1.8887817e+06
   1.8904350e+06
   1.8911675e+06
   1.8918555e+06
   1.8923025e+06
   1.8926891e+06
   1.8933422e+06
   1.8938137e+06
   1.8945987e+06
   1.8958979e+06
   1.8968735e+06
   1.8972692e+06
   1.8979191e+06
   1.8984045e+06
   1.8988930e+06
   1.8994733e+06
   1.8999550e+06
   1.8310442e+06
   1.8318476e+06
   1.8325816e+06
   1.8333375e+06
   1.8338361e+06
   1.8344196e+06
   1.8349361e+06
   1.8355740e+06
   1.8363258e+06
   1.8368367e+06
   1.8376293e+06
   1.8385448e+06
   1.8388642e+06
   1.8398678e+06
   1.8611900e+06
   1.8625870e+06
   1.8635375e+06
   1.8643552e+06
   1.8652223e+06
   1.8655836e+06
   1.8690604e+06
   1.8700273e+06
   1.8704027e+06
   1.8713129e+06
   1.8719966e+06
   1.8726477e+06
   1.8731513e+06
   1.8739430e+06
   1.8743814e+06
   1.8752380e+06
   1.8813787e+06
   1.8818452e+06
   1.8826158e+06
   1.8831801e+06
   1.8837052e+06
   1.8842857e+06
   1.8851245e+06
   1.8855328e+06
   1.8863976e+06
   1.8869906e+06
   1.8876518e+06
   1.8895294e+06
   1.8922695e+06
   1.8954610e+06
   1.8959075e+06
   1.8965547e+06
   1.8970282e+06
   1.8977583e+06
   1.8982270e+06
   1.8985058e+06
   1.8993890e+06
   1.8959729e+06
   1.8968253e+06
   1.8973276e+06
   1.8978008e+06
   1.8986747e+06
   1.8993709e+06
   1.8992515e+06
   1.8997598e+06
   1.8870653e+06
   1.8876197e+06
   1.8880588e+06
   1.8890768e+06
   1.8895794e+06
   1.8904704e+06
   1.8909453e+06
   1.8915717e+06
   1.8920655e+06
   1.8925208e+06
   1.8935567e+06
   1.8942214e+06
   1.8948751e+06
   1.8952941e+06
   1.8958586e+06
   1.8968779e+06
   1.8976112e+06
   1.8980781e+06
   1.8990786e+06
   1.8999642e+06
   1.8929295e+06
   1.8933550e+06
   1.8941007e+06
   1.8949676e+06
   1.8955801e+06
   1.8964951e+06
   1.8971269e+06
   1.8977853e+06
   1.8985355e+06
   1.8991428e+06
   1.8999029e+06
