2.7
2.7
2.7
2.7
2.7
2.69999
2.69999
2.69999
2.69999
2.69999
2.69999
2.69999
2.69999
2.69999
2.69998
2.69998
2.69998
2.69998
2.69998
2.69998
2.69998
2.69998
2.69998
2.69997
2.69997
2.69997
2.69997
2.69997
2.69997
2.69997
2.69997
2.69997
2.69997
2.69996
2.69996
2.69996
2.69996
2.69996
2.69995
2.69994
2.69994
2.69994
2.69994
2.69994
2.69994
2.69994
2.69993
2.69993
2.69993
2.69993
2.69993
2.69993
2.69993
2.69993
2.69993
2.69992
2.69992
2.69992
2.69992
2.69992
2.69992
2.6999
2.69989
2.69989
2.69988
2.69988
2.69988
2.69988
2.69988
2.69988
2.69988
2.69988
2.69987
2.69987
2.69987
2.69987
2.69987
2.69986
2.69985
2.69985
2.69985
2.69985
2.69985
2.69985
2.69985
2.69985
2.69984
2.69984
2.69984
2.69984
2.69984
2.69984
2.69982
2.69981
2.69981
2.69981
2.69981
2.6998
2.6998
2.6998
2.6998
2.6998
2.6998
2.6998
2.6998
2.69979
2.69979
2.69979
2.69979
2.70003
2.71103
2.71102
2.71102
2.71102
2.71102
2.71102
2.71102
2.71101
2.71101
2.71101
2.71101
2.71101
2.71101
2.71101
2.71101
2.71101
2.711
2.711
2.711
2.711
2.711
2.711
2.711
2.711
2.711
2.71099
2.71099
2.71099
2.71099
2.71099
2.71099
2.71099
2.71099
2.71099
2.71098
2.71098
2.71098
2.71098
2.71098
2.71098
2.71098
2.71098
2.71098
2.71097
2.71097
2.71097
2.71097
2.71097
2.71097
2.71097
2.71097
2.71097
2.71096
2.71096
2.71096
2.71096
2.71096
2.71096
2.71096
2.71096
2.71096
2.71095
2.71095
2.71095
2.71095
2.71095
2.71095
2.71095
2.71095
2.71095
2.71094
2.71094
2.71094
2.71094
2.71094
2.71094
2.71094
2.71094
2.71094
2.71093
2.71093
2.71093
2.71093
2.71093
2.71093
2.71093
2.71093
2.71093
2.71093
2.71092
2.71092
2.71092
2.71092
2.71092
2.71092
2.71092
2.71092
2.71092
2.71091
2.71091
2.71091
2.71091
2.71091
2.71091
2.71091
2.71091
2.71091
2.7109
2.7109
2.7109
2.7109
2.7109
2.7109
2.7109
2.7109
2.7109
2.71089
2.71089
2.71089
2.71089
2.71089
2.71088
2.71087
2.71087
2.71087
2.71087
2.71087
2.71087
2.71087
2.71086
2.71086
2.71086
2.71086
2.71086
2.71086
2.71086
2.71086
2.71086
2.71086
2.71085
2.71085
2.71085
2.71085
2.71085
2.71084
2.71083
2.71083
2.71083
2.71083
2.71083
2.71083
2.71082
2.71082
2.71082
2.71082
2.71082
2.71082
2.71081
2.71079
2.71079
2.71079
2.71078
2.71078
2.71078
2.71078
2.71078
2.71078
2.71078
2.71078
2.71077
2.71077
2.71077
2.71077
2.71077
2.71077
2.71077
2.71077
2.71077
2.71077
2.71076
2.71076
2.71076
2.71076
2.71075
2.71075
2.71074
2.71074
2.71074
2.71074
2.71074
2.71074
2.71074
2.71074
2.71073
2.71073
2.71073
2.71073
2.71073
2.71073
2.71073
2.71073
2.71073
2.71072
2.71072
2.71072
2.71072
2.71072
2.71072
2.71072
2.71072
2.71072
2.71071
2.71071
2.71071
2.71071
2.71069
2.71067
2.71067
2.71067
2.71067
2.71066
2.71066
2.71066
2.71066
2.71066
2.71066
2.71066
2.71066
2.71066
2.71065
2.71065
2.71065
2.71065
2.71065
2.71065
2.71065
2.71065
2.71065
2.71064
2.71064
2.71064
2.71064
2.71064
2.71064
2.71064
2.71064
2.71064
2.71063
2.71063
2.71063
2.71063
2.71063
2.71063
2.71063
2.71063
2.71063
2.71063
2.71062
2.71062
2.71062
2.71062
2.71062
2.71062
2.71062
2.71062
2.71062
2.71061
2.71061
2.71061
2.71061
2.71061
2.71061
2.71061
2.71061
2.71061
2.7106
2.7106
2.7106
2.7106
2.7106
2.7106
2.71059
2.71058
2.71057
2.71057
2.71057
2.71057
2.71057
2.71057
2.71057
2.71056
2.71056
2.71056
2.71056
2.71056
2.71056
2.71056
2.71056
2.71056
2.71055
2.71055
2.71055
2.71055
2.71055
2.71055
2.71055
2.71055
2.71055
2.71054
2.71054
2.71054
2.71054
2.71054
2.71054
2.71054
2.71054
2.71054
2.71053
2.71053
2.71053
2.71053
2.71053
2.71053
2.71053
2.71053
2.71053
2.71052
2.71051
2.71051
2.71051
2.71051
2.7105
2.7105
2.7105
2.7105
2.7105
2.7105
2.7105
2.7105
2.7105
2.71049
2.71049
2.71049
2.71049
2.71049
2.71049
2.71049
2.71049
2.71046
2.71045
2.71045
2.71045
2.71045
2.71044
2.71044
2.71044
2.71044
2.71044
2.71044
2.71044
2.71044
2.71044
2.71043
2.71043
2.71043
2.71043
2.71043
2.71043
2.71043
2.71043
2.7104
2.71039
2.71039
2.71039
2.71039
2.71039
2.71039
2.71038
2.71038
2.71038
2.71038
2.71038
2.71038
2.71038
2.71038
2.71038
2.71037
2.71037
2.71037
2.71037
2.71037
2.71037
2.71037
2.71037
2.71037
2.71036
2.71033
2.71033
2.71033
2.71033
2.71032
2.71032
2.71032
2.71032
2.71032
2.7103
2.71029
2.71029
2.71028
2.71028
2.71028
2.71028
2.71028
2.71028
2.71028
2.71028
2.71028
2.71027
2.71027
2.71027
2.71027
2.71027
2.71027
2.71027
2.71027
2.71026
2.71025
2.71023
2.71021
2.71021
2.71021
2.71021
2.71021
2.7102
2.7102
2.7102
2.7102
2.7102
2.7102
2.7102
2.7102
2.7102
2.71019
2.71019
2.71019
2.71019
2.71019
2.71019
2.71019
2.71019
2.71019
2.71017
2.71016
2.71016
2.71015
2.71015
2.71015
2.71015
2.71015
2.71015
2.71015
2.71015
2.71015
2.71014
2.71014
2.71014
2.71014
2.71014
2.71014
2.71013
2.71012
2.71011
2.7101
2.7101
2.7101
2.7101
2.7101
2.7101
2.7101
2.7101
2.71009
2.71009
2.71009
2.71009
2.71009
2.71009
2.71009
2.71009
2.71008
2.71008
2.71007
2.71007
2.71007
2.71007
2.71007
2.71007
2.71007
2.71006
2.71004
2.71003
2.71003
2.71003
2.71003
2.71003
2.71002
2.71002
2.71002
2.71002
2.71002
2.71002
2.71002
2.71002
2.71002
2.71001
2.71001
2.71001
2.71001
2.71001
2.71001
2.71001
2.71001
2.71001
2.71
2.71
2.71
2.70998
2.70998
2.70997
2.70997
2.70997
2.70997
2.70997
2.70997
2.70997
2.70996
2.70996
2.70996
2.70996
2.70996
2.70996
2.70996
2.70995
2.70995
2.70994
2.70994
2.70994
2.70994
2.70993
2.70993
2.70993
2.70993
2.70993
2.70993
2.70993
2.70993
2.70993
2.70992
2.70992
2.70992
2.70992
2.70992
2.70992
2.70992
2.70992
2.70992
2.70991
2.70991
2.70991
2.70991
2.70991
2.70991
2.7099
2.70988
2.70988
2.70987
2.70987
2.70987
2.70987
2.70987
2.70987
2.70987
2.70986
2.70986
2.70986
2.70986
2.70986
2.70985
2.70984
2.70984
2.70984
2.70984
2.70983
2.70983
2.70983
2.70983
2.70983
2.70983
2.70983
2.70983
2.70983
2.70982
2.70982
2.70982
2.70982
2.70982
2.70982
2.70982
2.70982
2.70982
2.70982
2.70981
2.70981
2.70981
2.70981
2.70981
2.70981
2.70981
2.70981
2.70981
2.7098
2.70978
2.70977
2.70977
2.70977
2.70977
2.70977
2.70977
2.70977
2.70977
2.70976
2.70976
2.70976
2.70976
2.70976
2.70976
2.70976
2.70976
2.70976
2.70975
2.70975
2.70975
2.70975
2.70975
2.70975
2.70975
2.70975
2.70975
2.70974
2.70974
2.70974
2.70974
2.70974
2.70971
2.7097
2.7097
2.7097
2.7097
2.7097
2.7097
2.7097
2.70969
2.70969
2.70969
2.70969
2.70969
2.70969
2.70969
2.70969
2.70969
2.70968
2.70968
2.70968
2.70968
2.70968
2.70968
2.70968
2.70968
2.70968
2.70967
2.70967
2.70967
2.70967
2.70967
2.70967
2.70967
2.70966
2.70965
2.70965
2.70965
2.70965
2.70965
2.70965
2.70965
2.70964
2.70964
2.70964
2.70964
2.70964
2.70964
2.70964
2.70964
2.70964
2.70963
2.70963
2.70963
2.70963
2.70963
2.70963
2.70963
2.70963
2.70963
2.70962
2.70962
2.70962
2.70962
2.70962
2.70962
2.70962
2.70962
2.70962
2.70961
2.70961
2.70961
2.70961
2.70961
2.70961
2.70961
2.70961
2.7096
2.70958
2.70957
2.70957
2.70957
2.70957
2.70957
2.70956
2.70956
2.70956
2.70956
2.70956
2.70956
2.70956
2.70956
2.70956
2.70955
2.70955
2.70955
2.70955
2.70952
2.70951
2.7095
2.7095
2.7095
2.7095
2.7095
2.7095
2.7095
2.7095
2.70949
2.70949
2.70949
2.70949
2.70949
2.70949
2.70949
2.70949
2.70949
2.70948
2.70948
2.70947
2.70947
2.70946
2.70946
2.70946
2.70946
2.70946
2.70946
2.70946
2.70946
2.70945
2.70945
2.70945
2.70945
2.70945
2.70944
2.70944
2.70943
2.70943
2.70943
2.70943
2.70943
2.70943
2.70943
2.70942
2.70942
2.70942
2.70942
2.70942
2.70942
2.70942
2.70942
2.70942
2.70941
2.70941
2.70941
2.70941
2.70941
2.70941
2.70941
2.70941
2.70941
2.7094
2.7094
2.7094
2.7094
2.7094
2.7094
2.7094
2.7094
2.7094
2.70939
2.70939
2.70938
2.70937
2.70937
2.70937
2.70937
2.70937
2.70936
2.70936
2.70936
2.70936
2.70936
2.70936
2.70936
2.70936
2.70936
2.70935
2.70935
2.70935
2.70935
2.70934
2.70934
2.70933
2.70933
2.70933
2.70933
2.70933
2.70933
2.70933
2.70932
2.70932
2.70932
2.70932
2.70932
2.70932
2.70932
2.70932
2.70932
2.70931
2.70931
2.70931
2.70931
2.7093
2.70928
2.70927
2.70927
2.70927
2.70927
2.70927
2.70927
2.70927
2.70926
2.70926
2.70926
2.70926
2.70926
2.70926
2.70926
2.70926
2.70926
2.70925
2.70925
2.70925
2.70925
2.70925
2.70925
2.70925
2.70925
2.70925
2.70924
2.70924
2.70922
2.7092
2.7092
2.70919
2.70919
2.70919
2.70919
2.70919
2.70919
2.70919
2.70919
2.70918
2.70918
2.70918
2.70918
2.70917
2.70917
2.70916
2.70916
2.70916
2.70916
2.70916
2.70916
2.70915
2.70915
2.70915
2.70915
2.70915
2.70915
2.70915
2.70913
2.70912
2.70911
2.70911
2.70911
2.70911
2.70911
2.70911
2.70911
2.7091
2.7091
2.7091
2.7091
2.7091
2.7091
2.7091
2.70909
2.70908
2.70908
2.70908
2.70908
2.70907
2.70907
2.70907
2.70907
2.70907
2.70907
2.70906
2.70906
2.70905
2.70905
2.70903
2.70902
2.70901
2.70901
2.70901
2.70901
2.70901
2.709
2.709
2.709
2.709
2.709
2.709
2.709
2.70899
2.70897
2.70897
2.70896
2.70896
2.70896
2.70896
2.70896
2.70896
2.70896
2.70896
2.70895
2.70895
2.70895
2.70895
2.70895
2.70895
2.70895
2.70895
2.70895
2.70894
2.70892
2.70892
2.70891
2.70891
2.70891
2.70891
2.70891
2.70891
2.70891
2.70891
2.70891
2.7089
2.7089
2.7089
2.7089
2.7089
2.7089
2.7089
2.7089
2.70887
2.70886
2.70885
2.70885
2.70885
2.70885
2.70885
2.70885
2.70885
2.70885
2.70884
2.70884
2.70884
2.70884
2.70884
2.70884
2.70884
2.70884
2.70884
2.70883
2.70883
2.70883
2.70883
2.70883
2.70883
2.70883
2.70883
2.70883
2.70882
2.70882
2.70882
2.70881
2.70881
2.70881
2.70881
2.7088
2.7088
2.7088
2.7088
2.7088
2.7088
2.7088
2.7088
2.7088
2.70879
2.70879
2.70879
2.70879
2.70879
2.70879
2.70879
2.70879
2.70879
2.70878
2.70878
2.70877
2.70876
2.70876
2.70876
2.70876
2.70876
2.70876
2.70875
2.70875
2.70875
2.70875
2.70875
2.70875
2.70872
2.70871
2.70871
2.70871
2.70871
2.70871
2.70871
2.70871
2.7087
2.7087
2.7087
2.7087
2.7087
2.7087
2.7087
2.7087
2.7087
2.7087
2.70869
2.70869
2.70869
2.70869
2.70869
2.70869
2.70869
2.70869
2.70869
2.70868
2.70868
2.70868
2.70868
2.70868
2.70868
2.70868
2.70868
2.70868
2.70867
2.70867
2.70867
2.70867
2.70867
2.70867
2.70867
2.70867
2.70867
2.70866
2.70866
2.70866
2.70866
2.70866
2.70866
2.70866
2.70866
2.70866
2.70865
2.70865
2.70865
2.70865
2.70865
2.70865
2.70865
2.70865
2.70865
2.70864
2.70864
2.70864
2.70864
2.70864
2.70864
2.70864
2.70864
2.70864
2.70863
2.70863
2.70863
2.70863
2.70863
2.70863
2.70863
2.70863
2.70863
2.70862
2.70862
2.70862
2.70862
2.70862
2.70862
2.70862
2.70862
2.70862
2.70862
2.70861
2.70861
2.70861
2.70861
2.70861
2.70861
2.70861
2.70861
2.70861
2.7086
2.7086
2.7086
2.7086
2.7086
2.7086
2.7086
2.7086
2.7086
2.70859
2.70859
2.70859
2.70859
2.70859
2.70859
2.70859
2.70859
2.70859
2.70858
2.70858
2.70858
2.70858
2.70858
2.70858
2.70858
2.70858
2.70858
2.70857
2.70857
2.70857
2.70857
2.70857
2.70857
2.70857
2.70857
2.70857
2.70856
2.70856
2.70856
2.70856
2.70856
2.70856
2.70856
2.70856
2.70856
2.70855
2.70855
2.70855
2.70855
2.70855
2.70855
2.70855
2.70855
2.70855
2.70854
2.70854
2.70854
2.70854
2.70854
2.70854
2.70854
2.70854
2.70854
2.70854
2.70853
2.70853
2.70853
2.70853
2.70853
2.70853
2.70853
2.70853
2.70853
2.70852
2.70852
2.70852
2.70852
2.70852
2.70852
2.70852
2.70852
2.70852
2.70851
2.70851
2.70851
2.70851
2.70851
2.70851
2.70851
2.70851
2.70851
2.7085
2.7085
2.7085
2.7085
2.7085
2.7085
2.7085
2.7085
2.7085
2.70849
2.70849
2.70849
2.70849
2.70849
2.70849
2.70849
2.70849
2.70849
2.70848
2.70848
2.70848
2.70848
2.70848
2.70848
2.70848
2.70848
2.70848
2.70847
2.70847
2.70847
2.70847
2.70847
2.70847
2.70847
2.70847
2.70847
2.70846
2.70846
2.70846
2.70846
2.70846
2.70846
2.70846
2.70846
2.70846
2.70846
2.70845
2.70845
2.70845
2.70845
2.70845
2.70845
2.70845
2.70845
2.70845
2.70844
2.70844
2.70844
2.70844
2.70844
2.70844
2.70844
2.70844
2.70844
2.70843
2.70843
2.70843
2.70843
2.70843
2.70843
2.70843
2.70843
2.70843
2.70842
2.70842
2.70842
2.70842
2.70842
2.70842
2.70842
2.70842
2.70842
2.70841
2.70841
2.70841
2.70841
2.70841
2.70841
2.70841
2.70841
2.70841
2.7084
2.7084
2.7084
2.7084
2.7084
2.7084
2.7084
2.7084
2.7084
2.70839
2.70839
2.70839
2.70839
2.70839
2.70839
2.70839
2.70839
2.70839
2.70839
2.70838
2.70838
2.70838
2.70838
2.70838
2.70838
2.70838
2.70838
2.70838
2.70837
2.70837
2.70837
2.70837
2.70837
2.70837
2.70837
2.70837
2.70837
2.70836
2.70836
2.70836
2.70836
2.70836
2.70836
2.70836
2.70836
2.70836
2.70835
2.70835
2.70835
2.70835
2.70835
2.70835
2.70835
2.70835
2.70835
2.70834
2.70834
2.70834
2.70834
2.70834
2.70834
2.70834
2.70834
2.70834
2.70833
2.70833
2.70833
2.70833
2.70833
2.70833
2.70833
2.70833
2.70833
2.70832
2.70832
2.70832
2.70832
2.70832
2.70832
2.70832
2.70832
2.70832
2.70831
2.70831
2.70831
2.70831
2.70831
2.70831
2.70831
2.70831
2.70831
2.70831
2.7083
2.7083
2.7083
2.7083
2.7083
2.7083
2.7083
2.7083
2.7083
2.70829
2.70829
2.70829
2.70829
2.70829
2.70829
2.70829
2.70829
2.70829
2.70828
2.70828
2.70828
2.70828
2.70828
2.70828
2.70828
2.70828
2.70828
2.70827
2.70827
2.70827
2.70827
2.70827
2.70827
2.70827
2.70827
2.70827
2.70826
2.70826
2.70826
2.70826
2.70826
2.70826
2.70826
2.70825
2.70825
2.70824
2.70824
2.70824
2.70824
2.70824
2.70823
2.70823
2.70822
2.70822
2.70822
2.70822
2.70822
2.70821
2.70821
2.70821
2.70821
2.70821
2.70821
2.70821
2.7082
2.7082
2.70819
2.70819
2.70819
2.70819
2.70819
2.70819
2.70818
2.70818
2.70818
2.70818
2.70818
2.70817
2.70815
2.70815
2.70814
2.70814
2.70814
2.70814
2.70814
2.70814
2.70814
2.70813
2.70813
2.70813
2.70813
2.70813
2.70813
2.70813
2.70813
2.70813
2.70813
2.70812
2.70812
2.70812
2.70812
2.70812
2.70812
2.70811
2.7081
2.7081
2.7081
2.7081
2.7081
2.7081
2.70809
2.70809
2.70808
2.70808
2.70808
2.70807
2.70807
2.70807
2.70807
2.70807
2.70807
2.70807
2.70807
2.70807
2.70806
2.70806
2.70806
2.70806
2.70806
2.70804
2.70804
2.70803
2.70803
2.70803
2.70803
2.70803
2.70803
2.70802
2.70802
2.70802
2.70802
2.70802
2.70802
2.70802
2.70802
2.70802
2.70801
2.70801
2.708
2.708
2.708
2.70799
2.70799
2.70799
2.70799
2.70799
2.70799
2.70799
2.70799
2.70799
2.70798
2.70798
2.70798
2.70798
2.70798
2.70798
2.70798
2.70798
2.70798
2.70797
2.70796
2.70795
2.70795
2.70795
2.70795
2.70794
2.70794
2.70794
2.70794
2.70794
2.70794
2.70794
2.70794
2.70794
2.70793
2.70793
2.70793
2.70792
2.7079
2.7079
2.7079
2.70789
2.70789
2.70789
2.70789
2.70789
2.70789
2.70789
2.70789
2.70789
2.70788
2.70788
2.70788
2.70788
2.70788
2.70788
2.70788
2.70788
2.70787
2.70785
2.70785
2.70784
2.70784
2.70784
2.70784
2.70784
2.70784
2.70784
2.70784
2.70783
2.70783
2.70783
2.70782
2.70782
2.70782
2.70781
2.70781
2.70781
2.70781
2.70781
2.70781
2.70781
2.70781
2.7078
2.7078
2.7078
2.7078
2.7078
2.7078
2.7078
2.7078
2.7078
2.70779
2.70778
2.70778
2.70778
2.70778
2.70778
2.70778
2.70777
2.70777
2.70777
2.70777
2.70777
2.70777
2.70777
2.70777
2.70777
2.70776
2.70776
2.70776
2.70776
2.70776
2.70776
2.70776
2.70776
2.70776
2.70776
2.70775
2.70775
2.70775
2.70775
2.70775
2.70775
2.70775
2.70775
2.70775
2.70774
2.70774
2.70774
2.70774
2.70774
2.70774
2.70774
2.70774
2.70774
2.70773
2.70773
2.70773
2.70773
2.70773
2.70773
2.70773
2.70773
2.70773
2.70772
2.70772
2.70772
2.70772
2.70772
2.70772
2.70772
2.70772
2.70772
2.70771
2.70771
2.70771
2.70771
2.70771
2.70771
2.70771
2.70771
2.70771
2.7077
2.7077
2.7077
2.7077
2.7077
2.7077
2.7077
2.7077
2.7077
2.70769
2.70769
2.70769
2.70769
2.70769
2.70769
2.70769
2.70769
2.70769
2.70769
2.70768
2.70768
2.70768
2.70768
2.70768
2.70768
2.70768
2.70768
2.70768
2.70767
2.70767
2.70767
2.70767
2.70767
2.70767
2.70767
2.70767
2.70767
2.70766
2.70766
2.70766
2.70766
2.70766
2.70766
2.70766
2.70766
2.70766
2.70765
2.70765
2.70765
2.70765
2.70765
2.70765
2.70764
2.70763
2.70763
2.70762
2.70762
2.70762
2.70762
2.70762
2.70762
2.70762
2.70762
2.70761
2.70761
2.70761
2.70761
2.70761
2.70761
2.70761
2.70761
2.70761
2.7076
2.7076
2.7076
2.7076
2.7076
2.7076
2.7076
2.7076
2.7076
2.70759
2.70759
2.70759
2.70759
2.70759
2.70759
2.70759
2.70759
2.70759
2.70758
2.70758
2.70758
2.70756
2.70755
2.70755
2.70755
2.70755
2.70754
2.70754
2.70754
2.70754
2.70754
2.70754
2.70754
2.70754
2.70754
2.70753
2.70753
2.70753
2.70753
2.70753
2.70753
2.70753
2.70753
2.70751
2.7075
2.70749
2.70749
2.70749
2.70749
2.70749
2.70749
2.70749
2.70748
2.70748
2.70748
2.70748
2.70748
2.70747
2.70747
2.70747
2.70746
2.70746
2.70746
2.70746
2.70746
2.70746
2.70746
2.70745
2.70745
2.70745
2.70745
2.70745
2.70745
2.70745
2.70745
2.70745
2.70745
2.70744
2.70744
2.70744
2.70744
2.70744
2.70744
2.70744
2.70744
2.70744
2.70743
2.70743
2.70743
2.70743
2.70743
2.70743
2.70743
2.70743
2.70743
2.70742
2.70742
2.70742
2.70742
2.70742
2.70742
2.70742
2.70742
2.70742
2.70741
2.70741
2.70741
2.70741
2.70741
2.70741
2.70741
2.70741
2.70741
2.7074
2.7074
2.7074
2.7074
2.7074
2.7074
2.7074
2.7074
2.7074
2.70739
2.70739
2.70739
2.70739
2.70739
2.70739
2.70739
2.70739
2.70739
2.70738
2.70738
2.70738
2.70738
2.70738
2.70738
2.70738
2.70738
2.70738
2.70737
2.70737
2.70737
2.70736
2.70736
2.70736
2.70736
2.70736
2.70735
2.70735
2.70735
2.70735
2.70735
2.70735
2.70735
2.70735
2.70735
2.70734
2.70734
2.70733
2.70733
2.70733
2.70733
2.70733
2.70732
2.70732
2.70732
2.70732
2.70732
2.70732
2.70732
2.70732
2.70732
2.70731
2.70731
2.70731
2.70731
2.70731
2.70731
2.70731
2.70731
2.70731
2.7073
2.7073
2.7073
2.7073
2.7073
2.7073
2.7073
2.7073
2.7073
2.70729
2.70729
2.70729
2.70729
2.70729
2.70729
2.70729
2.70729
2.70729
2.70729
2.70728
2.70728
2.70728
2.70728
2.70728
2.70728
2.70728
2.70728
2.70728
2.70727
2.70727
2.70727
2.70727
2.70727
2.70727
2.70727
2.70727
2.70727
2.70726
2.70726
2.70726
2.70726
2.70726
2.70726
2.70726
2.70726
2.70726
2.70725
2.70725
2.70725
2.70725
2.70725
2.70725
2.70725
2.70725
2.70725
2.70724
2.70724
2.70724
2.70724
2.70724
2.70724
2.70724
2.70724
2.70724
2.70723
2.70723
2.70723
2.70723
2.70723
2.70723
2.70723
2.70723
2.70723
2.70722
2.70722
2.70722
2.70719
2.70718
2.70718
2.70717
2.70717
2.70717
2.70717
2.70717
2.70717
2.70717
2.70717
2.70716
2.70716
2.70716
2.70716
2.70716
2.70716
2.70715
2.70714
2.70713
2.70713
2.70713
2.70713
2.70713
2.70713
2.70713
2.70712
2.70712
2.70712
2.70712
2.70712
2.70712
2.70712
2.70711
2.7071
2.70709
2.70709
2.70709
2.70709
2.70709
2.70709
2.70709
2.70708
2.70708
2.70708
2.70708
2.70706
2.70705
2.70705
2.70705
2.70705
2.70704
2.70704
2.70704
2.70704
2.70704
2.70704
2.70704
2.70704
2.70704
2.70703
2.70703
2.70703
2.70703
2.70703
2.70703
2.70703
2.70703
2.70703
2.70702
2.70702
2.70702
2.70702
2.70702
2.70702
2.70701
2.707
2.707
2.707
2.707
2.707
2.70699
2.70699
2.70699
2.70699
2.70699
2.70699
2.70699
2.70698
2.70697
2.70697
2.70697
2.70696
2.70696
2.70696
2.70696
2.70696
2.70696
2.70696
2.70696
2.70695
2.70695
2.70695
2.70695
2.70695
2.70695
2.70695
2.70695
2.70695
2.70695
2.70694
2.70693
2.70693
2.70693
2.70692
2.70692
2.70692
2.70692
2.70692
2.70692
2.70692
2.70692
2.70691
2.70691
2.70691
2.70691
2.70691
2.70691
2.70689
2.70689
2.70688
2.70688
2.70688
2.70688
2.70688
2.70688
2.70688
2.70687
2.70687
2.70687
2.70687
2.70687
2.70687
2.70687
2.70687
2.70687
2.70686
2.70686
2.70686
2.70686
2.70683
2.70683
2.70683
2.70682
2.70682
2.70682
2.70682
2.70682
2.70682
2.70682
2.70682
2.70682
2.70681
2.70681
2.70679
2.70679
2.70678
2.70678
2.70678
2.70678
2.70678
2.70678
2.70678
2.70677
2.70677
2.70677
2.70677
2.70677
2.70677
2.70677
2.70677
2.70677
2.70676
2.70676
2.70675
2.70675
2.70674
2.70674
2.70674
2.70674
2.70674
2.70674
2.70674
2.70674
2.70673
2.70673
2.70673
2.70673
2.70673
2.70673
2.70673
2.70673
2.70672
2.70671
2.70671
2.70671
2.70671
2.70671
2.70671
2.70671
2.7067
2.7067
2.7067
2.70668
2.70667
2.70667
2.70667
2.70667
2.70667
2.70666
2.70666
2.70666
2.70666
2.70666
2.70666
2.70666
2.70666
2.70665
2.70664
2.70664
2.70664
2.70664
2.70663
2.70663
2.70663
2.70663
2.70663
2.70663
2.70663
2.70663
2.70663
2.70662
2.70662
2.70662
2.70662
2.70662
2.70662
2.70662
2.70662
2.70662
2.70661
2.7066
2.7066
2.7066
2.70659
2.70659
2.70659
2.70659
2.70659
2.70659
2.70659
2.70659
2.70658
2.70658
2.70658
2.70658
2.70658
2.70658
2.70658
2.70658
2.70658
2.70657
2.70657
2.70657
2.70657
2.70657
2.70655
2.70654
2.70653
2.70653
2.70653
2.70653
2.70653
2.70653
2.70653
2.70653
2.70652
2.70652
2.70652
2.70652
2.70652
2.70652
2.70652
2.70652
2.70652
2.70651
2.70651
2.70651
2.70651
2.70651
2.70651
2.70651
2.70651
2.7065
2.70648
2.70647
2.70647
2.70647
2.70646
2.70646
2.70646
2.70646
2.70646
2.70646
2.70646
2.70646
2.70646
2.70645
2.70645
2.70644
2.70643
2.70643
2.70643
2.70643
2.70643
2.70643
2.70643
2.70642
2.70642
2.70642
2.70642
2.70642
2.70642
2.70642
2.70642
2.70642
2.70641
2.70641
2.70641
2.70641
2.7064
2.7064
2.7064
2.7064
2.70639
2.70639
2.70639
2.70639
2.70639
2.70639
2.70639
2.70639
2.70639
2.70638
2.70638
2.70638
2.70638
2.70638
2.70638
2.70638
2.70638
2.70638
2.70637
2.70637
2.70637
2.70637
2.70637
2.70637
2.70637
2.70637
2.70637
2.70636
2.70636
2.70636
2.70636
2.70636
2.70636
2.70636
2.70636
2.70636
2.70635
2.70635
2.70635
2.70635
2.70635
2.70635
2.70635
2.70635
2.70635
2.70634
2.70634
2.70634
2.70634
2.70634
2.70634
2.70634
2.70634
2.70634
2.70633
2.70633
2.70633
2.70633
2.70633
2.70633
2.70633
2.70633
2.70633
2.70632
2.70632
2.70632
2.70632
2.70632
2.70632
2.70632
2.70632
2.70632
2.70632
2.70631
2.70631
2.70631
2.70631
2.70631
2.70631
2.70631
2.70631
2.70631
2.7063
2.7063
2.7063
2.7063
2.7063
2.7063
2.7063
2.7063
2.7063
2.70629
2.70629
2.70629
2.70629
2.70629
2.70629
2.70629
2.70629
2.70629
2.70628
2.70628
2.70628
2.70628
2.70628
2.70628
2.70628
2.70628
2.70628
2.70627
2.70627
2.70627
2.70627
2.70627
2.70627
2.70627
2.70627
2.70627
2.70626
2.70626
2.70626
2.70626
2.70626
2.70626
2.70626
2.70626
2.70626
2.70625
2.70625
2.70625
2.70625
2.70625
2.70625
2.70625
2.70625
2.70625
2.70624
2.70624
2.70624
2.70624
2.70624
2.70624
2.70624
2.70624
2.70624
2.70624
2.70623
2.70623
2.70623
2.70623
2.70623
2.70623
2.70623
2.70623
2.70623
2.70622
2.70622
2.70622
2.70622
2.70622
2.70622
2.70622
2.70622
2.70622
2.70621
2.70621
2.70621
2.70621
2.70621
2.70621
2.70621
2.70621
2.70621
2.7062
2.7062
2.7062
2.7062
2.7062
2.7062
2.7062
2.7062
2.7062
2.70619
2.70619
2.70619
2.70619
2.70619
2.70619
2.70619
2.70619
2.70619
2.70618
2.70618
2.70618
2.70618
2.70618
2.70618
2.70618
2.70618
2.70618
2.70617
2.70617
2.70617
2.70617
2.70617
2.70617
2.70617
2.70617
2.70617
2.70617
2.70616
2.70616
2.70616
2.70616
2.70616
2.70616
2.70616
2.70616
2.70616
2.70615
2.70615
2.70615
2.70615
2.70615
2.70615
2.70615
2.70615
2.70615
2.70614
2.70614
2.70614
2.70614
2.70614
2.70614
2.70614
2.70614
2.70614
2.70613
2.70613
2.70613
2.70613
2.70613
2.70613
2.70613
2.70613
2.70613
2.70612
2.70612
2.70612
2.70612
2.70612
2.70612
2.70612
2.70612
2.70612
2.7061
2.70608
2.70608
2.70608
2.70607
2.70607
2.70607
2.70607
2.70607
2.70607
2.70607
2.70607
2.70607
2.70606
2.70606
2.70606
2.70606
2.70606
2.70606
2.70606
2.70606
2.70606
2.70605
2.70605
2.70605
2.70605
2.70605
2.70605
2.70605
2.70605
2.70605
2.70604
2.70604
2.70604
2.70604
2.70604
2.70604
2.70604
2.70604
2.70604
2.70603
2.70603
2.70603
2.70603
2.70603
2.70603
2.70603
2.70603
2.70603
2.70602
2.70602
2.70602
2.70602
2.70602
2.70602
2.70602
2.70602
2.70602
2.70601
2.70601
2.70601
2.70601
2.70601
2.70601
2.70601
2.70601
2.70601
2.70601
2.706
2.706
2.706
2.706
2.706
2.706
2.706
2.706
2.706
2.70599
2.70599
2.70599
2.70599
2.70599
2.70599
2.70599
2.70599
2.70599
2.70598
2.70598
2.70598
2.70598
2.70598
2.70598
2.70598
2.70598
2.70596
2.70595
2.70595
2.70594
2.70594
2.70594
2.70594
2.70594
2.70594
2.70594
2.70594
2.70593
2.70593
2.70593
2.70593
2.70593
2.70593
2.70593
2.70593
2.70592
2.70592
2.70591
2.70591
2.70591
2.70591
2.7059
2.7059
2.7059
2.7059
2.7059
2.7059
2.7059
2.7059
2.7059
2.70589
2.70589
2.70589
2.70589
2.70589
2.70589
2.70589
2.70589
2.70589
2.70588
2.70588
2.70588
2.70588
2.70588
2.70588
2.70588
2.70588
2.70588
2.70587
2.70587
2.70587
2.70587
2.70587
2.70587
2.70587
2.70587
2.70587
2.70586
2.70586
2.70586
2.70586
2.70586
2.70586
2.70586
2.70586
2.70586
2.70585
2.70585
2.70585
2.70585
2.70585
2.70585
2.70585
2.70585
2.70585
2.70585
2.70584
2.70584
2.70584
2.70584
2.70584
2.70584
2.70584
2.70584
2.70584
2.70583
2.70583
2.70583
2.70583
2.70583
2.70583
2.70583
2.70583
2.70583
2.70582
2.70582
2.70582
2.70582
2.70582
2.70582
2.70582

