2.7
2.7
2.7
2.7
2.7
2.69999
2.69999
2.69999
2.69999
2.69999
2.69999
2.69999
2.69999
2.69999
2.69998
2.69998
2.69998
2.69998
2.69998
2.69998
2.69998
2.69998
2.69998
2.69997
2.69997
2.69997
2.69997
2.69997
2.69997
2.69996
2.69996
2.69995
2.69995
2.69995
2.69995
2.69995
2.69995
2.69995
2.69994
2.69994
2.69994
2.69994
2.69994
2.69994
2.69994
2.69994
2.69994
2.69993
2.69993
2.69993
2.69993
2.69993
2.69993
2.69993
2.69993
2.69993
2.69992
2.69992
2.69992
2.69992
2.69992
2.69992
2.69992
2.69992
2.69992
2.69991
2.69991
2.69991
2.69991
2.69991
2.6999
2.69989
2.69989
2.69989
2.69989
2.69989
2.69988
2.69988
2.69988
2.69988
2.69988
2.69988
2.69988
2.69988
2.69988
2.69987
2.69987
2.69987
2.69987
2.69987
2.69987
2.69987
2.69987
2.69987
2.69986
2.69986
2.69986
2.69986
2.69984
2.69983
2.69983
2.69982
2.69982
2.69982
2.69982
2.69982
2.69982
2.69982
2.69982
2.69982
2.69981
2.69981
2.69981
2.69981
2.69981
2.69981
2.69981
2.69981
2.69981
2.6998
2.6998
2.6998
2.6998
2.6998
2.6998
2.6998
2.6998
2.6998
2.69979
2.69979
2.69979
2.69979
2.69979
2.69979
2.69979
2.69979
2.69979
2.69979
2.69978
2.69978
2.69978
2.69978
2.69978
2.69978
2.69977
2.69977
2.69976
2.69976
2.69976
2.69976
2.69976
2.69976
2.69976
2.69975
2.69975
2.69975
2.69975
2.69975
2.69975
2.69975
2.69975
2.69975
2.69974
2.69974
2.69974
2.69974
2.69974
2.69974
2.69974
2.69974
2.69974
2.69973
2.69973
2.69973
2.69973
2.69973
2.69973
2.69973
2.69973
2.69973
2.69973
2.69972
2.69972
2.69972
2.69972
2.69972
2.69972
2.69972
2.69972
2.69972
2.69971
2.69971
2.69971
2.69971
2.69971
2.69971
2.69971
2.69971
2.69971
2.6997
2.6997
2.6997
2.6997
2.6997
2.6997
2.6997
2.6997
2.6997
2.69969
2.69969
2.69969
2.69969
2.69969
2.69969
2.69969
2.69969
2.69969
2.69968
2.69968
2.69968
2.69967
2.69967
2.69967
2.69966
2.69966
2.69966
2.69966
2.69966
2.69966
2.69966
2.69966
2.69966
2.69965
2.69965
2.69965
2.69965
2.69965
2.69965
2.69965
2.69965
2.69965
2.69964
2.69964
2.69964
2.69964
2.69964
2.69964
2.69964
2.69964
2.69964
2.69963
2.69963
2.69963
2.69963
2.69963
2.69961
2.69961
2.6996
2.6996
2.6996
2.6996
2.6996
2.6996
2.6996
2.6996
2.69959
2.69959
2.69959
2.69959
2.69959
2.69959
2.69959
2.69959
2.69959
2.69958
2.69958
2.69958
2.69958
2.69958
2.69958
2.69958
2.69957
2.69957
2.69956
2.69956
2.69956
2.69956
2.69956
2.69956
2.69956
2.69955
2.69955
2.69955
2.69955
2.69955
2.69955
2.69955
2.69955
2.69955
2.69955
2.69954
2.69954
2.69953
2.69952
2.69952
2.69952
2.69952
2.69952
2.69952
2.69952
2.69951
2.69951
2.69951
2.69951
2.69951
2.69951
2.69951
2.69951
2.69951
2.6995
2.6995
2.6995
2.6995
2.6995
2.6995
2.6995
2.6995
2.6995
2.69949
2.69949
2.69949
2.69949
2.69949
2.69949
2.69949
2.69949
2.69949
2.69948
2.69948
2.69948
2.69948
2.69948
2.69948
2.69948
2.69948
2.69948
2.69947
2.69947
2.69947
2.69947
2.69947
2.69947
2.69947
2.69947
2.69947
2.69947
2.69946
2.69946
2.69946
2.69946
2.69946
2.69946
2.69946
2.69946
2.69946
2.69945
2.69945
2.69945
2.69945
2.69945
2.69945
2.69945
2.69945
2.69945
2.69944
2.69944
2.69944
2.69944
2.69944
2.69944
2.69944
2.69944
2.69944
2.69943
2.69943
2.69943
2.69943
2.69943
2.69943
2.69943
2.69943
2.69943
2.69942
2.69942
2.69942
2.69942
2.69942
2.69942
2.69942
2.69942
2.69942
2.69941
2.69941
2.69941
2.69941
2.69941
2.69941
2.69941
2.69941
2.69941
2.6994
2.6994
2.6994
2.6994
2.6994
2.6994
2.6994
2.6994
2.6994
2.6994
2.69939
2.69938
2.69936
2.69936
2.69936
2.69936
2.69936
2.69936
2.69935
2.69935
2.69935
2.69935
2.69935
2.69935
2.69935
2.69935
2.69935
2.69934
2.69934
2.69934
2.69934
2.69933
2.69933
2.69932
2.69932
2.69932
2.69932
2.69932
2.69932
2.69932
2.69932
2.69931
2.69931
2.69931
2.69931
2.69931
2.69931
2.69931
2.69931
2.6993
2.69929
2.69929
2.69929
2.69929
2.69929
2.69928
2.69928
2.69928
2.69928
2.69928
2.69928
2.69928
2.69927
2.69926
2.69926
2.69926
2.69926
2.69925
2.69925
2.69925
2.69925
2.69925
2.69925
2.69925
2.69925
2.69925
2.69924
2.69924
2.69924
2.69924
2.69924
2.69924
2.69924
2.69924
2.69924
2.69923
2.69923
2.69923
2.69923
2.69923
2.69922
2.6992
2.6992
2.6992
2.6992
2.6992
2.6992
2.69919
2.69919
2.69919
2.69919
2.69919
2.69919
2.69919
2.69919
2.69919
2.69918
2.69918
2.69918
2.69918
2.69918
2.69918
2.69918
2.69918
2.69918
2.69917
2.69916
2.69915
2.69915
2.69914
2.69914
2.69914
2.69914
2.69914
2.69914
2.69914
2.69914
2.69914
2.69913
2.69913
2.69913
2.69913
2.69913
2.69913
2.69913
2.69913
2.69913
2.69912
2.69912
2.69912
2.69912
2.69911
2.69911
2.6991
2.6991
2.6991
2.6991
2.6991
2.6991
2.6991
2.6991
2.6991
2.69909
2.69909
2.69909
2.69909
2.69909
2.69909
2.69909
2.69909
2.69909
2.69908
2.69908
2.69908
2.69908
2.69908
2.69908
2.69905
2.69905
2.69904
2.69904
2.69904
2.69904
2.69904
2.69904
2.69904
2.69904
2.69903
2.69903
2.69903
2.69903
2.69903
2.69903
2.69903
2.69902
2.69901
2.69901
2.69901
2.699
2.699
2.699
2.699
2.699
2.699
2.699
2.699
2.699
2.69899
2.69899
2.69899
2.69899
2.69899
2.69899
2.69899
2.69899
2.69899
2.69898
2.69898
2.69898
2.69898
2.69898
2.69898
2.69898
2.69898
2.69898
2.69898
2.69897
2.69897
2.69897
2.69897
2.69897
2.69897
2.69897
2.69897
2.69897
2.69896
2.69896
2.69896
2.69896
2.69896
2.69896
2.69896
2.69896
2.69895
2.69894
2.69893
2.69893
2.69893
2.69893
2.69893
2.69892
2.69892
2.69892
2.69892
2.69892
2.69892
2.69892
2.69892
2.69892
2.69891
2.69891
2.69891
2.69891
2.69891
2.69891
2.69891
2.69891
2.69891
2.6989
2.6989
2.6989
2.6989
2.6989
2.6989
2.6989
2.6989
2.6989
2.69889
2.69889
2.69889
2.69889
2.69889
2.69889
2.69889
2.69889
2.69889
2.69888
2.69888
2.69888
2.69888
2.69888
2.69888
2.69888
2.69888
2.69888
2.69888
2.69887
2.69887
2.69887
2.69887
2.69887
2.69887
2.69887
2.69887
2.69887
2.69886
2.69886
2.69886
2.69886
2.69886
2.69886
2.69886
2.69886
2.69886
2.69885
2.69885
2.69885
2.69885
2.69885
2.69885
2.69885
2.69885
2.69885
2.69884
2.69884
2.69884
2.69884
2.69883
2.69883
2.69882
2.69882
2.69882
2.69882
2.69882
2.69882
2.69882
2.69882
2.69881
2.69881
2.69881
2.69881
2.69881
2.69881
2.69881
2.6988
2.69878
2.69878
2.69877
2.69877
2.69877
2.69877
2.69877
2.69877
2.69877
2.69877
2.69877
2.69876
2.69876
2.69876
2.69876
2.69876
2.69876
2.69876
2.69876
2.69876
2.69875
2.69875
2.69875
2.69875
2.69875
2.69875
2.69874
2.69872
2.69872
2.69872
2.69871
2.69871
2.69871
2.69871
2.69871
2.69871
2.69871
2.69871
2.69871
2.6987
2.6987
2.6987
2.6987
2.6987
2.6987
2.69867
2.69867
2.69866
2.69866
2.69866
2.69866
2.69866
2.69866
2.69866
2.69866
2.69865
2.69865
2.69865
2.69865
2.69865
2.69865
2.69865
2.69865
2.69865
2.69864
2.69864
2.69864
2.69863
2.69863
2.69863
2.69863
2.69863
2.69862
2.69862
2.69862
2.69862
2.69862
2.69862
2.69862
2.69862
2.69862
2.69861
2.69861
2.69861
2.69861
2.69861
2.69861
2.69859
2.69858
2.69858
2.69858
2.69858
2.69858
2.69858
2.69857
2.69857
2.69857
2.69857
2.69857
2.69857
2.69857
2.69857
2.69857
2.69856
2.69856
2.69856
2.69856
2.69856
2.69856
2.69856
2.69855
2.69854
2.69854
2.69854
2.69854
2.69853
2.69853
2.69853
2.69853
2.69853
2.69853
2.69853
2.69853
2.69853
2.69852
2.69852
2.69852
2.69852
2.69852
2.69852
2.69852
2.69852
2.69852
2.69851
2.69851
2.69851
2.69851
2.69851
2.69851
2.69851
2.69851
2.69851
2.6985
2.6985
2.6985
2.6985
2.6985
2.6985
2.6985
2.6985
2.6985
2.69849
2.69849
2.69849
2.69849
2.69849
2.69849
2.69849
2.69849
2.69849
2.69848
2.69848
2.69848
2.69848
2.69848
2.69848
2.69848
2.69848
2.69848
2.69847
2.69847
2.69847
2.69847
2.69847
2.69847
2.69847
2.69847
2.69847
2.69846
2.69846
2.69846
2.69846
2.69846
2.69846
2.69846
2.69846
2.69846
2.69846
2.69845
2.69845
2.69845
2.69845
2.69845
2.69845
2.69845
2.69845
2.69845
2.69844
2.69844
2.69844
2.69844
2.69844
2.69844
2.69844
2.69844
2.69844
2.69843
2.69843
2.69843
2.69843
2.69843
2.69843
2.69843
2.69843
2.69843
2.69842
2.69842
2.69842
2.69842
2.69842
2.69842
2.69842
2.69842
2.69842
2.69841
2.69841
2.69841
2.69841
2.69841
2.69841
2.69841
2.69841
2.69841
2.6984
2.6984
2.6984
2.6984
2.6984
2.6984
2.6984
2.6984
2.6984
2.6984
2.69839
2.69839
2.69839
2.69839
2.69839
2.69839
2.69839
2.69839
2.69839
2.69838
2.69838
2.69838
2.69838
2.69838
2.69838
2.69838
2.69838
2.69836
2.69835
2.69835
2.69834
2.69834
2.69834
2.69834
2.69834
2.69834
2.69834
2.69834
2.69833
2.69833
2.6983
2.69829
2.69829
2.69829
2.69828
2.69828
2.69828
2.69828
2.69828
2.69828
2.69828
2.69828
2.69828
2.69827
2.69827
2.69826
2.69825
2.69825
2.69825
2.69824
2.69824
2.69824
2.69824
2.69824
2.69824
2.69824
2.69824
2.69823
2.69823
2.69823
2.69823
2.69823
2.69823
2.69823
2.69823
2.69823
2.69823
2.69822
2.69822
2.69822
2.69822
2.69822
2.69822
2.69822
2.71629
2.71627
2.71627
2.71626
2.71626
2.71626
2.71626
2.71626
2.71626
2.71626
2.71626
2.71625
2.71625
2.71625
2.71625
2.71625
2.71625
2.71625
2.71625
2.71625
2.71624
2.71624
2.71624
2.71624
2.71624
2.71624
2.71624
2.71624
2.71624
2.71623
2.71623
2.71623
2.71623
2.71623
2.71623
2.71623
2.71623
2.71623
2.71622
2.71622
2.71622
2.71622
2.71622
2.71622
2.71622
2.71622
2.71622
2.71621
2.71621
2.71621
2.71621
2.71621
2.71621
2.71621
2.71621
2.71621
2.7162
2.7162
2.7162
2.7162
2.7162
2.7162
2.7162
2.7162
2.7162
2.71619
2.71619
2.71619
2.71619
2.71619
2.71619
2.71619
2.71619
2.71619
2.71618
2.71618
2.71618
2.71618
2.71618
2.71618
2.71618
2.71618
2.71618
2.71617
2.71617
2.71617
2.71616
2.71615
2.71614
2.71614
2.71614
2.71614
2.71614
2.71614
2.71614
2.71613
2.71613
2.71613
2.71612
2.71612
2.71612
2.71611
2.71611
2.71611
2.71611
2.71611
2.71611
2.71611
2.71611
2.7161
2.7161
2.7161
2.7161
2.7161
2.7161
2.7161
2.7161
2.7161
2.71609
2.71609
2.71609
2.71609
2.71609
2.71609
2.71609
2.71609
2.71609
2.71608
2.71608
2.71608
2.71608
2.71608
2.71608
2.71608
2.71608
2.71608
2.71607
2.71607
2.71607
2.71607
2.71606
2.71604
2.71604
2.71604
2.71604
2.71603
2.71603
2.71603
2.71603
2.71603
2.71603
2.71603
2.71603
2.71603
2.71602
2.71602
2.71602
2.71602
2.71602
2.71602
2.71602
2.71602
2.71601
2.71599
2.71598
2.71598
2.71598
2.71598
2.71598
2.71597
2.71597
2.71597
2.71597
2.71597
2.71597
2.71597
2.71597
2.71597
2.71596
2.71596
2.71596
2.71596
2.71595
2.71594
2.71594
2.71594
2.71594
2.71594
2.71594
2.71594
2.71594
2.71593
2.71593
2.71593
2.71593
2.71593
2.71593
2.71593
2.71593
2.71593
2.71592
2.71592
2.71592
2.71592
2.71592
2.71592
2.71592
2.71592
2.71592
2.71591
2.71591
2.71591
2.71591
2.71591
2.71591
2.71591
2.71591
2.71591
2.7159
2.7159
2.71589
2.71589
2.71588
2.71588
2.71588
2.71588
2.71588
2.71588
2.71588
2.71587
2.71587
2.71587
2.71587
2.71587
2.71587
2.71587
2.71587
2.71587
2.71586
2.71586
2.71586
2.71586
2.71586
2.71586
2.71586
2.71584
2.71584
2.71583
2.71583
2.71583
2.71583
2.71583
2.71583
2.71583
2.71583
2.71583
2.71582
2.71582
2.71582
2.71582
2.71582
2.71582
2.71582
2.71582
2.71582
2.71581
2.71581
2.71581
2.71581
2.71581
2.71581
2.71581
2.71581
2.71581
2.7158
2.7158
2.7158
2.7158
2.7158
2.7158
2.7158
2.71579
2.71579
2.71578
2.71578
2.71578
2.71578
2.71578
2.71578
2.71578
2.71577
2.71577
2.71577
2.71577
2.71575
2.71575
2.71575
2.71574
2.71574
2.71574
2.71574
2.71574
2.71574
2.71574
2.71574
2.71574
2.71573
2.71573
2.71573
2.71573
2.71573
2.71573
2.71573
2.71573
2.71573
2.71572
2.71572
2.71572
2.71572
2.71572
2.71571
2.7157
2.7157
2.7157
2.7157
2.7157
2.7157
2.71569
2.71569
2.71569
2.71569
2.71569
2.71569
2.71569
2.71569
2.71569
2.71568
2.71568
2.71568
2.71568
2.71568
2.71568
2.71568
2.71568
2.71568
2.71566
2.71562
2.71562
2.71561
2.71561
2.71561
2.71561
2.71561
2.71561
2.71561
2.71561
2.7156
2.7156
2.7156
2.7156
2.7156
2.7156
2.7156
2.7156
2.7156
2.71559
2.71559
2.71559
2.71559
2.71559
2.71559
2.71559
2.71559
2.71559
2.71558
2.71558
2.71558
2.71558
2.71558
2.71558
2.71558
2.71558
2.71558
2.71557
2.71557
2.71557
2.71557
2.71557
2.71557
2.71556
2.71555
2.71555
2.71555
2.71554
2.71554
2.71554
2.71554
2.71554
2.71554
2.71554
2.71554
2.71554
2.71553
2.71552
2.71551
2.71551
2.71551
2.71551
2.71551
2.71551
2.71551
2.71551
2.7155
2.7155
2.7155
2.7155
2.7155
2.7155
2.7155
2.7155
2.7155
2.71549
2.71549
2.71549
2.71549
2.71549
2.71549
2.71549
2.71549
2.71548
2.71547
2.71546
2.71546
2.71546
2.71546
2.71546
2.71545
2.71545
2.71545
2.71545
2.71545
2.71545
2.71545
2.71545
2.71545
2.71544
2.71544
2.71544
2.71544
2.71544
2.71544
2.71544
2.71544
2.71544
2.71544
2.71543
2.71543
2.71543
2.71543
2.71543
2.71543
2.71543
2.71543
2.71543
2.71542
2.71542
2.71542
2.71542
2.71542
2.71542
2.71542
2.71542
2.71541
2.7154
2.7154
2.71539
2.71539
2.71539
2.71539
2.71539
2.71539
2.71539
2.71539
2.71539
2.71538
2.71538
2.71538
2.71538
2.71538
2.71538
2.71538
2.71538
2.71538
2.71537
2.71537
2.71537
2.71537
2.71537
2.71537
2.71537
2.71537
2.71537
2.71536
2.71536
2.71536
2.71536
2.71536
2.71536
2.71536
2.71536
2.71536
2.71535
2.71535
2.71535
2.71535
2.71535
2.71535
2.71535
2.71535
2.71535
2.71534
2.71534
2.71534
2.71534
2.71534
2.71534
2.71534
2.71534
2.71534
2.71533
2.71533
2.71533
2.71533
2.71533
2.71533
2.71533
2.71533
2.71533
2.71532
2.71532
2.71531
2.7153
2.7153
2.7153
2.7153
2.7153
2.71529
2.71529
2.71529
2.71529
2.71528
2.71528
2.71527
2.71527
2.71527
2.71527
2.71527
2.71527
2.71527
2.71526
2.71526
2.71526
2.71526
2.71526
2.71526
2.71525
2.71524
2.71524
2.71524
2.71524
2.71523
2.71523
2.71523
2.71523
2.71523
2.71523
2.71523
2.71523
2.71521
2.7152
2.7152
2.7152
2.7152
2.71519
2.71519
2.71519
2.71519
2.71519
2.71519
2.71519
2.71519
2.71519
2.71518
2.71518
2.71517
2.71516
2.71516
2.71516
2.71516
2.71516
2.71515
2.71515
2.71515
2.71515
2.71515
2.71515
2.71515
2.71515
2.71515
2.71514
2.71514
2.71514
2.71514
2.71514
2.71514
2.71514
2.71514
2.71514
2.71513
2.71513
2.71513
2.71513
2.71513
2.71513
2.71513
2.71513
2.71513
2.71513
2.71512
2.71512
2.71512
2.71512
2.71512
2.71512
2.71512
2.71512
2.71512
2.71511
2.71511
2.71511
2.71511
2.71511
2.71511
2.71511
2.71511
2.71511
2.7151
2.7151
2.7151
2.71509
2.71509
2.71509
2.71508
2.71508
2.71508
2.71508
2.71508
2.71508
2.71508
2.71508
2.71508
2.71507
2.71507
2.71507
2.71507
2.71507
2.71506
2.71506
2.71505
2.71505
2.71505
2.71505
2.71505
2.71505
2.71505
2.71505
2.71504
2.71504
2.71504
2.71504
2.71504
2.71504
2.71504
2.71504
2.71503
2.71503
2.71502
2.71502
2.71502
2.71502
2.71502
2.71502
2.71502
2.71501
2.71501
2.71501
2.71501
2.71501
2.71501
2.71501
2.71501
2.71501
2.715
2.715
2.715
2.715
2.71499
2.71499
2.71498
2.71498
2.71498
2.71498
2.71498
2.71498
2.71497
2.71497
2.71497
2.71497
2.71497
2.71497
2.71497
2.71497
2.71497
2.71496
2.71496
2.71496
2.71496
2.71496
2.71496
2.71495
2.71492
2.71492
2.71492
2.71491
2.71491
2.71491
2.71491
2.71491
2.71491
2.71491
2.71491
2.7149
2.7149
2.7149
2.7149
2.7149
2.7149
2.7149
2.7149
2.7149
2.71489
2.71489
2.71489
2.71489
2.71489
2.71489
2.71489
2.71489
2.71489
2.71488
2.71488
2.71488
2.71488
2.71488
2.71488
2.71488
2.71488
2.71488
2.71487
2.71487
2.71487
2.71487
2.71487
2.71487
2.71487
2.71487
2.71487
2.71487
2.71486
2.71486
2.71486
2.71486
2.71486
2.71486
2.71486
2.71486
2.71486
2.71485
2.71485
2.71485
2.71485
2.71485
2.71485
2.71485
2.71485
2.71485
2.71484
2.71484
2.71484
2.71484
2.71484
2.71484
2.71483
2.7148
2.7148
2.7148
2.71479
2.71479
2.71479
2.71479
2.71479
2.71479
2.71479
2.71479
2.71478
2.71478
2.71478
2.71478
2.71478
2.71478
2.71478
2.71478
2.71478
2.71477
2.71477
2.71477
2.71477
2.71477
2.71477
2.71477
2.71477
2.71477
2.71476
2.71476
2.71476
2.71476
2.71476
2.71476
2.71476
2.71476
2.71476
2.71475
2.71475
2.71475
2.71475
2.71475
2.71475
2.71475
2.71475
2.71474
2.71472
2.71472
2.71472
2.71471
2.71471
2.71471
2.71471
2.71471
2.71471
2.71471
2.71471
2.71471
2.7147
2.7147
2.7147
2.7147
2.71468
2.71468
2.71468
2.71468
2.71467
2.71467
2.71467
2.71467
2.71467
2.71467
2.71467
2.71467
2.71466
2.71466
2.71466
2.71466
2.71466
2.71466
2.71466
2.71466
2.71466
2.71465
2.71465
2.71465
2.71465
2.71465
2.71465
2.71465
2.71463
2.71462
2.71461
2.71461
2.71461
2.71461
2.71461
2.71461
2.71461
2.7146
2.7146
2.7146
2.7146
2.7146
2.7146
2.7146
2.7146
2.7146
2.71459
2.71459
2.71459
2.71459
2.71459
2.71459
2.71459
2.71459
2.71459
2.71459
2.71458
2.71458
2.71458
2.71458
2.71458
2.71458
2.71458
2.71458
2.71458
2.71457
2.71457
2.71457
2.71457
2.71457
2.71457
2.71457
2.71457
2.71457
2.71456
2.71456
2.71456
2.71456
2.71456
2.71456
2.71456
2.71456
2.71456
2.71455
2.71455
2.71455
2.71455
2.71455
2.71455
2.71455
2.71454
2.71453
2.71452
2.71452
2.71452
2.71452
2.71452
2.71452
2.71452
2.71451
2.71451
2.71451
2.71451
2.71451
2.71451
2.71451
2.71451
2.71451
2.7145
2.7145
2.7145
2.7145
2.7145
2.7145
2.7145
2.7145
2.7145
2.71449
2.71449
2.71449
2.71449
2.71449
2.71449
2.71449
2.71449
2.71449
2.71448
2.71448
2.71448
2.71448
2.71448
2.71448
2.71448
2.71448
2.71448
2.71446
2.71444
2.71444
2.71444
2.71444
2.71444
2.71443
2.71443
2.71443
2.71443
2.71443
2.71443
2.71443
2.71443
2.71442
2.71441
2.71441
2.7144
2.7144
2.7144
2.7144
2.7144
2.7144
2.7144
2.7144
2.71439
2.71439
2.71439
2.71439
2.71439
2.71439
2.71439
2.71439
2.71439
2.71438
2.71437
2.71437
2.71436
2.71436
2.71436
2.71436
2.71436
2.71436
2.71436
2.71435
2.71435
2.71435
2.71435
2.71435
2.71435
2.71435
2.71435
2.71435
2.71434
2.71434
2.71434
2.71434
2.71434
2.71433
2.71432
2.71432
2.71432
2.71432
2.71432
2.71432
2.71431
2.71431
2.71431
2.71431
2.71431
2.71431
2.71431
2.71431
2.71431
2.7143
2.7143
2.7143
2.7143
2.7143
2.7143
2.7143
2.7143
2.7143
2.71429
2.71429
2.71429
2.71429
2.71429
2.71429
2.71429
2.71429
2.71429
2.71428
2.71428
2.71428
2.71428
2.71428
2.71427
2.71427
2.71426
2.71426
2.71426
2.71426
2.71426
2.71426
2.71426
2.71425
2.71425
2.71425
2.71425
2.71425
2.71425
2.71425
2.71425
2.71425
2.71424
2.71424
2.71424
2.71424
2.71423
2.71422
2.71422
2.71422
2.71422
2.71422
2.71422
2.71421
2.71421
2.71421
2.71421
2.71421
2.71421
2.71421
2.71421
2.71421
2.7142
2.7142
2.7142
2.7142
2.7142
2.7142
2.7142
2.7142
2.7142
2.71419
2.71419
2.71419
2.71419
2.71419
2.71419
2.71419
2.71419
2.71419
2.71418
2.71418
2.71418
2.71418
2.71418
2.71418
2.71418
2.71418
2.71418
2.71417
2.71417
2.71417
2.71417
2.71417
2.71417
2.71417
2.71417
2.71417
2.71416
2.71415
2.71415
2.71415
2.71415
2.71415
2.71414
2.71414
2.71414
2.71414
2.71414
2.71412
2.71411
2.7141
2.7141
2.7141
2.7141
2.7141
2.7141
2.7141
2.71409
2.71409
2.71409
2.71409
2.71409
2.71409
2.71409
2.71409
2.71409
2.71406
2.71406
2.71405
2.71405
2.71405
2.71405
2.71405
2.71405
2.71405
2.71405
2.71404
2.71404
2.71404
2.71404
2.71404
2.71404
2.71404
2.71404
2.71404
2.71403
2.71403
2.71402
2.71402
2.71402
2.71402
2.71401
2.71401
2.71401
2.71401
2.71401
2.71401
2.71401
2.71401
2.71401
2.714
2.714
2.714
2.714
2.714
2.714
2.714
2.71398
2.71398
2.71397
2.71397
2.71397
2.71397
2.71397
2.71397
2.71397
2.71397
2.71396
2.71396
2.71396
2.71396
2.71396
2.71396
2.71396
2.71396
2.71395
2.71394
2.71394
2.71394
2.71394
2.71394
2.71394
2.71393
2.71393
2.71393
2.71393
2.71393
2.71393
2.71393
2.71393
2.71393
2.71392
2.71391
2.71391
2.71391
2.71391
2.7139
2.7139
2.7139
2.7139
2.7139
2.7139
2.7139
2.71388
2.71386
2.71386
2.71385
2.71385
2.71385
2.71385
2.71385
2.71385
2.71385
2.71385
2.71384
2.71384
2.71384
2.71384
2.71384
2.71384
2.71384
2.71383
2.71382
2.71382
2.71382
2.71382
2.71381
2.71381
2.71381
2.71381
2.71381
2.71381
2.71381
2.71381
2.71381
2.7138
2.7138
2.7138
2.7138
2.7138
2.7138
2.7138
2.7138
2.7138
2.71379
2.71379
2.71378
2.71378
2.71378
2.71377
2.71377
2.71377
2.71377
2.71377
2.71377
2.71377
2.71377
2.71377
2.71376
2.71376
2.71376
2.71376
2.71376
2.71376
2.71376
2.71376
2.71376
2.71375
2.71375
2.71375
2.71375
2.71375
2.71375
2.71375
2.71375
2.71375
2.71374
2.71374
2.71374
2.71374
2.71374
2.71374
2.71374
2.71374
2.71374
2.71373
2.71373
2.71373
2.71373
2.71373
2.71373
2.71373
2.71373
2.71373
2.71372
2.71372
2.71372
2.71372
2.71372
2.71372
2.71372
2.71372
2.71372
2.71371
2.71371
2.71371
2.71371
2.71371
2.71371
2.71371
2.71371
2.71371
2.7137
2.7137
2.7137
2.71369
2.71369
2.71368
2.71368
2.71368
2.71368
2.71368
2.71368
2.71368
2.71368
2.71367
2.71367
2.71367
2.71367
2.71367
2.71367
2.71367
2.71367
2.71367
2.71366
2.71366
2.71365
2.71365
2.71365
2.71365
2.71365
2.71364
2.71364
2.71364
2.71364
2.71364
2.71364
2.71364
2.71364
2.71364
2.71363
2.71363
2.71363
2.71363
2.71363
2.71362
2.71361
2.71361
2.71361
2.71361
2.71361
2.7136
2.7136
2.7136
2.7136
2.7136
2.7136
2.7136
2.7136
2.7136
2.71359
2.71359
2.71359
2.71359
2.71359
2.71359
2.71359
2.71359
2.71359
2.71358
2.71358
2.71358
2.71358
2.71358
2.71358
2.71358
2.71358
2.71358
2.71357
2.71357
2.71357
2.71357
2.71357
2.71357
2.71357
2.71357
2.71357
2.71356
2.71356
2.71356
2.71356
2.71356
2.71356
2.71356
2.71356
2.71356
2.71356
2.71355
2.71355
2.71355
2.71355
2.71355
2.71355
2.71355
2.71355
2.71355
2.71354
2.71354
2.71354
2.71354
2.71354
2.71354
2.71354
2.71354
2.71354
2.71353
2.71353
2.71353
2.71353
2.71353
2.71353
2.71353
2.71353
2.71353
2.71352
2.71352
2.71352
2.71352
2.71352
2.71352
2.71352
2.71352
2.71352
2.71351
2.71351
2.71351
2.71351
2.71351
2.71351
2.71351
2.71351
2.7135
2.71349
2.71349
2.71349
2.71349
2.71348
2.71348
2.71348
2.71348
2.71348
2.71348
2.71348
2.71348
2.71348
2.71347
2.71347
2.71347
2.71347
2.71347
2.71347
2.71347
2.71347
2.71347
2.71346
2.71346
2.71346
2.71346
2.71346
2.71346
2.71346
2.71346
2.71346
2.71345
2.71345
2.71344
2.71342
2.71342
2.71341
2.71341
2.71341
2.71341
2.71341
2.71341
2.71341
2.71341
2.71341
2.7134
2.7134
2.7134
2.7134
2.7134
2.7134
2.7134
2.7134
2.7134
2.71339
2.71339
2.71339
2.71339
2.71339
2.71339
2.71339
2.71339
2.71339
2.71338
2.71338
2.71338
2.71338
2.71338
2.71338
2.71338
2.71338
2.71337
2.71336
2.71336
2.71336
2.71336
2.71335
2.71335
2.71335
2.71335
2.71335
2.71335
2.71335
2.71335
2.71334
2.71334
2.71334
2.71334
2.71334
2.71334
2.71334
2.71334
2.71334
2.71334
2.71333
2.71333
2.71333
2.71333
2.71332
2.71332
2.71332
2.71331
2.71331
2.71331
2.71331
2.71331
2.71331
2.71331
2.71331
2.7133
2.7133
2.7133
2.7133
2.7133
2.7133
2.7133
2.7133
2.7133
2.71329
2.71329
2.71329
2.71329
2.71328
2.71327
2.71326
2.71326
2.71326
2.71326
2.71326
2.71325
2.71325
2.71325
2.71325
2.71325
2.71325
2.71325
2.71325
2.71325
2.71324
2.71324
2.71324
2.71324
2.71324
2.71324
2.71324
2.71324
2.71324
2.71324
2.71323
2.71323
2.71321
2.71321
2.7132
2.7132
2.7132
2.7132
2.7132
2.7132
2.7132
2.71319
2.71319
2.71319
2.71319
2.71319
2.71319
2.71319
2.71315
2.71314
2.71314
2.71314
2.71313
2.71313
2.71313
2.71313
2.71313
2.71313
2.71313
2.71313
2.71312
2.71312
2.71312
2.71312
2.71312
2.71312
2.71312
2.71312
2.71312
2.71312
2.71311
2.71311
2.71311
2.71311
2.71311
2.71311
2.71311
2.71311
2.71311
2.7131
2.7131
2.7131
2.7131
2.7131
2.7131
2.71308
2.71307
2.71307
2.71307
2.71306
2.71306
2.71306
2.71306
2.71306
2.71306
2.71306
2.71306
2.71306
2.71305
2.71305
2.71305
2.71303
2.71302
2.71302
2.71302
2.71302
2.71302
2.71301
2.71301
2.71301
2.71301
2.71301
2.71301
2.71301
2.71301
2.71301
2.713
2.713
2.713
2.71299
2.71299
2.71299
2.71299
2.71298
2.71298
2.71298
2.71298
2.71298
2.71298
2.71298
2.71298
2.71297
2.71297
2.71295
2.71295
2.71294
2.71294
2.71294
2.71294
2.71294
2.71294
2.71294
2.71293
2.71293
2.71293
2.71293
2.71293
2.71293
2.71293
2.71293
2.71293
2.71289
2.71288
2.71288
2.71288
2.71288
2.71288
2.71288
2.71287
2.71287
2.71287
2.71286
2.71285
2.71285
2.71285
2.71284
2.71284
2.71284
2.71284
2.71284
2.71284
2.71284
2.71284
2.71284
2.71283
2.71283
2.71283
2.71283
2.71283
2.71283
2.71283
2.71283
2.71283
2.71282
2.71282
2.71281
2.71279
2.71279
2.71279
2.71278
2.71278
2.71278
2.71278
2.71278
2.71278
2.71278
2.71278
2.71278
2.71277
2.71275
2.71274
2.71274
2.71274
2.71274
2.71274
2.71274
2.71274
2.71273
2.71273
2.71273
2.71273
2.71273
2.71273
2.71272
2.71271
2.71271
2.7127
2.7127
2.71268
2.71267
2.71267
2.71267
2.71267
2.71267
2.71266
2.71266
2.71266
2.71266
2.71266
2.71266
2.71266
2.71266
2.71266
2.71265
2.71265
2.71265
2.71265
2.71263
2.71262
2.71262
2.71261
2.71261
2.71261
2.71261
2.71261
2.71261
2.71261
2.71261
2.7126
2.7126
2.7126
2.7126
2.7126
2.7126
2.7126
2.7126
2.7126
2.71259
2.71259
2.71259
2.71259
2.71259
2.71259
2.71259
2.71259
2.71259
2.71257
2.71257
2.71256
2.71256
2.71256
2.71256
2.71256
2.71256
2.71256
2.71255
2.71255
2.71255
2.71255
2.71255
2.71255
2.71255
2.71255

