2.7
2.7
2.7
2.7
2.7
2.69999
2.69999
2.69999
2.69999
2.69999
2.69999
2.69999
2.69999
2.69999
2.69998
2.69998
2.69998
2.69998
2.69997
2.69996
2.69996
2.69996
2.69996
2.69995
2.69995
2.69995
2.69995
2.69995
2.69995
2.69995
2.69995
2.69995
2.69994
2.69994
2.69994
2.69994
2.69994
2.69994
2.69994
2.69994
2.69994
2.69993
2.69993
2.69993
2.69993
2.69993
2.69993
2.69992
2.6999
2.6999
2.69989
2.69989
2.69989
2.69989
2.69989
2.69989
2.69989
2.69989
2.69989
2.69988
2.69988
2.69988
2.69988
2.69988
2.69988
2.69988
2.69988
2.69986
2.69985
2.69985
2.69984
2.69984
2.69984
2.69984
2.69984
2.69984
2.69984
2.69984
2.69984
2.69983
2.69983
2.69983
2.69983
2.69983
2.69983
2.69983
2.69983
2.69983
2.69982
2.69982
2.69982
2.69981
2.69981
2.69981
2.6998
2.6998
2.6998
2.6998
2.6998
2.6998
2.6998
2.6998
2.6998
2.69979
2.69979
2.69979
2.69979
2.69979
2.69979
2.69979
2.69979
2.69979
2.69978
2.69978
2.69978
2.69978
2.69978
2.69978
2.69978
2.69978
2.69977
2.69976
2.69975
2.69975
2.69975
2.69975
2.69975
2.69975
2.69974
2.69974
2.69974
2.69974
2.69974
2.69974
2.69974
2.69974
2.69974
2.69973
2.69973
2.69973
2.69973
2.69973
2.69973
2.69973
2.69973
2.69973
2.69973
2.69972
2.69972
2.69972
2.69972
2.69972
2.69972
2.69972
2.69971
2.69969
2.69968
2.69968
2.69968
2.69968
2.69968
2.69967
2.69967
2.69967
2.69967
2.69967
2.69967
2.69967
2.69967
2.69967
2.69966
2.69966
2.69966
2.69966
2.69966
2.69966
2.69966
2.69966
2.69966
2.69965
2.69965
2.69964
2.69964
2.69964
2.69964
2.69963
2.69963
2.69963
2.69963
2.69963
2.69963
2.69963
2.69963
2.69963
2.69962
2.69962
2.69962
2.69962
2.69962
2.69962
2.69962
2.69961
2.6996
2.69959
2.69959
2.69959
2.69959
2.69959
2.69959
2.69958
2.69958
2.69958
2.69958
2.69958
2.69958
2.70284
2.70282
2.70282
2.70281
2.70281
2.70281
2.70281
2.70281
2.70281
2.70281
2.70281
2.7028
2.7028
2.7028
2.7028
2.7028
2.7028
2.7028
2.7028
2.70279
2.70278
2.70278
2.70277
2.70277
2.70277
2.70277
2.70277
2.70277
2.70277
2.70277
2.70276
2.70276
2.70276
2.70276
2.70276
2.70276
2.70276
2.70276
2.70276
2.70275
2.70275
2.70275
2.70275
2.70275
2.70275
2.70275
2.70275
2.70274
2.70272
2.70272
2.70272
2.70272
2.70271
2.70271
2.70271
2.70271
2.70271
2.70271
2.70271
2.70271
2.70271
2.7027
2.7027
2.7027
2.7027
2.7027
2.7027
2.7027
2.7027
2.7027
2.70269
2.70269
2.70269
2.70269
2.70269
2.70269
2.70269
2.70269
2.70269
2.70268
2.70268
2.70268
2.70268
2.70268
2.70268
2.70268
2.70268
2.70268
2.70267
2.70267
2.70267
2.70267
2.70267
2.70267
2.70267
2.70267
2.70267
2.70266
2.70266
2.70266
2.70266
2.70266
2.70266
2.70266
2.70266
2.70266
2.70265
2.70265
2.70265
2.70265
2.70265
2.70265
2.70265
2.70265
2.70264
2.70262
2.70261
2.70261
2.70261
2.70261
2.70261
2.70261
2.7026
2.7026
2.7026
2.7026
2.7026
2.7026
2.7026
2.7026
2.7026
2.70259
2.70259
2.70259
2.70259
2.70259
2.70259
2.70259
2.70259
2.70259
2.70259
2.70258
2.70258
2.70258
2.70257
2.70256
2.70256
2.70255
2.70255
2.70255
2.70255
2.70255
2.70255
2.70255
2.70255
2.70254
2.70254
2.70254
2.70254
2.70254
2.70254
2.70254
2.70254
2.70254
2.70253
2.70251
2.70251
2.70251
2.70251
2.70251
2.7025
2.7025
2.7025
2.7025
2.7025
2.7025
2.7025
2.7025
2.7025
2.70249
2.70249
2.70248
2.70247
2.70246
2.70246
2.70244
2.70244
2.70244
2.7024
2.7024
2.70239
2.70239
2.70239
2.70239
2.70238
2.70238
2.70238
2.70238
2.70237
2.70236
2.70236
2.70236
2.70235
2.70234
2.70233
2.70233
2.70233
2.70232
2.70232
2.70232
2.70232
2.70232
2.70232
2.70232
2.70232
2.70232
2.70231
2.70231
2.7023
2.7023
2.7023
2.7023
2.70229
2.70227
2.70226
2.70226
2.70226
2.70226
2.70226
2.70226
2.70226
2.70225
2.70225
2.70225
2.70225
2.70225
2.70225
2.70225
2.70225
2.70225
2.70224
2.70224
2.70224
2.70221
2.70221
2.7022
2.70218
2.70218
2.70218
2.70217
2.70217
2.70217
2.70217
2.70217
2.70217
2.70217
2.70216
2.70216
2.70215
2.70215
2.70215
2.70215
2.70215
2.70215
2.70214
2.70214
2.70214
2.70214
2.70214
2.70214
2.70214
2.70214
2.70213
2.70212
2.70212
2.70212
2.70211
2.70211
2.70211
2.70211
2.70211
2.70211
2.70211
2.70211
2.70211
2.7021
2.70209
2.70209
2.70209
2.70208
2.70208
2.70208
2.70208
2.70208
2.70208
2.70208
2.70208
2.70208
2.70207
2.70207
2.70204
2.70203
2.70203
2.70202
2.70202
2.70202
2.70202
2.70202
2.70202
2.70202
2.70202
2.70201
2.70201
2.70201
2.70201
2.70201
2.70201
2.70201
2.70201
2.70201
2.70201
2.702
2.702
2.702
2.702
2.702
2.702
2.702
2.702
2.702
2.70199
2.70199
2.70199
2.70199
2.70199
2.70199
2.70199
2.70197
2.70196
2.70196
2.70196
2.70196
2.70196
2.70196
2.70196
2.70195
2.70195
2.70195
2.70195
2.70195
2.70195
2.70195
2.70195
2.70195
2.70194
2.70194
2.70194
2.70193
2.70192
2.70192
2.70192
2.70192
2.70192
2.70191
2.70191
2.70191
2.70191
2.70191
2.70191
2.70191
2.70191
2.70191
2.7019
2.7019
2.7019
2.7019
2.7019
2.7019
2.7019
2.70189
2.70189
2.70188
2.70188
2.70188
2.70188
2.70188
2.70188
2.70187
2.70187
2.70187
2.70187
2.70187
2.70187
2.70187
2.70187
2.70187
2.70186
2.70185
2.70184
2.70184
2.70183
2.70183
2.70183
2.70183
2.70183
2.70183
2.70183
2.70183
2.70183
2.70182
2.70182
2.70182
2.70182
2.70182
2.70182
2.70182
2.70182
2.70182
2.70181
2.70181
2.70181
2.70181
2.70181
2.70181
2.70181
2.70181
2.70181
2.7018
2.7018
2.7018
2.70179
2.70179
2.70179
2.70178
2.70178
2.70178
2.70178
2.70178
2.70178
2.70178
2.70178
2.70178
2.70177
2.70177
2.70176
2.70176
2.70176
2.70175
2.70175
2.70175
2.70175
2.70175
2.70175
2.70175
2.70175
2.70175
2.70174
2.70174
2.70174
2.70174
2.70174
2.70174
2.70174
2.70174
2.70174
2.70173
2.70173
2.70173
2.70173
2.70173
2.70173
2.70173
2.70173
2.70173
2.70172
2.70172
2.70172
2.70172
2.70172
2.70172
2.70172
2.70169
2.70169
2.70169
2.70169
2.70168
2.70168
2.70168
2.70168
2.70168
2.70168
2.70168
2.70168
2.70167
2.70167
2.70167
2.70166
2.70166
2.70165
2.70165
2.70165
2.70165
2.70165
2.70165
2.70165
2.70165
2.70165
2.70164
2.70164
2.70164
2.70164
2.70164
2.70163
2.70163
2.70162
2.70162
2.70162
2.70162
2.70162
2.70162
2.70162
2.70161
2.70161
2.70161
2.70161
2.70161
2.70161
2.70161
2.70161
2.70161
2.7016
2.7016
2.70159
2.70159
2.70159
2.70159
2.70158
2.70158
2.70158
2.70158
2.70158
2.70158
2.70158
2.70158
2.70158
2.70157
2.70157
2.70157
2.70157
2.70157
2.70157
2.70157
2.70157
2.70157
2.70156
2.70156
2.70156
2.70156
2.70156
2.70156
2.70156
2.70156
2.70156
2.70156
2.70155
2.70155
2.70155
2.70155
2.70155
2.70155
2.70155
2.70155
2.70155
2.70154
2.70154
2.70154
2.70154
2.70154
2.70154
2.70154
2.70154
2.70154
2.70153
2.70153
2.70153
2.70153
2.70153
2.70153
2.70153
2.70153
2.70153
2.70152
2.70152
2.70152
2.70152
2.70152
2.70152
2.70152
2.70152
2.70152
2.70151
2.70151
2.70151
2.70151
2.70151
2.70151
2.70151
2.70151
2.70151
2.7015
2.7015
2.7015
2.7015
2.7015
2.7015
2.7015
2.7015
2.7015
2.7015
2.70149
2.70149
2.70149
2.70149
2.70149
2.70149
2.70149
2.70149
2.70149
2.70148
2.70148
2.70148
2.70148
2.70148
2.70148
2.70148
2.70148
2.70148
2.70147
2.70147
2.70147
2.70147
2.70147
2.70147
2.70147
2.70147
2.70147
2.70146
2.70146
2.70146
2.70146
2.70146
2.70146
2.70146
2.70146
2.70146
2.70145
2.70145
2.70145
2.70145
2.70145
2.70145
2.70145
2.70144
2.70142
2.70142
2.70142
2.70141
2.70141
2.70141
2.70141
2.70141
2.70141
2.70141
2.70141
2.7014
2.7014
2.7014
2.7014
2.7014
2.7014
2.7014
2.7014
2.7014
2.70138
2.70137
2.70137
2.70137
2.70136
2.70136
2.70136
2.70136
2.70136
2.70136
2.70136
2.70136
2.70135
2.70135
2.70135
2.70135
2.70135
2.70135
2.70135
2.70135
2.70135
2.70134
2.70134
2.70134
2.70134
2.70134
2.70134
2.70134
2.70134
2.70134
2.70134
2.70133
2.70133
2.70133
2.70133
2.70133
2.70133
2.70133
2.70133
2.70133
2.70132
2.70132
2.70132
2.70132
2.70132
2.70132
2.70132
2.70132
2.70131
2.7013
2.70129
2.70129
2.70129
2.70129
2.70129
2.70129
2.70128
2.70128
2.70128
2.70128
2.70128
2.70128
2.70128
2.70128
2.70125
2.70124
2.70124
2.70124
2.70124
2.70124
2.70123
2.70123
2.70123
2.70123
2.70123
2.70123
2.70123
2.70123
2.70123
2.70121
2.7012
2.70119
2.70119
2.70119
2.70119
2.70119
2.70119
2.70118
2.70118
2.70118
2.70118
2.70118
2.70118
2.70118
2.70118
2.70118
2.70117
2.70117
2.70117
2.70117
2.70117
2.70117
2.70117
2.70117
2.70116
2.70115
2.70115
2.70115
2.70115
2.70115
2.70115
2.70115
2.70114
2.70114
2.70114
2.70114
2.70114
2.70114
2.70114
2.70114
2.70114
2.70113
2.70113
2.70113
2.70113
2.70113
2.70113
2.70113
2.70113
2.70113
2.70112
2.70112
2.70112
2.70112
2.70112
2.70112
2.70112
2.70112
2.70112
2.70111
2.70111
2.70111
2.70111
2.70111
2.70111
2.70111
2.70111
2.70111
2.7011
2.7011
2.7011
2.7011
2.7011
2.7011
2.7011
2.7011
2.7011
2.70109
2.70109
2.70109
2.70109
2.70109
2.70109
2.70109
2.70109
2.70109
2.70109
2.70108
2.70108
2.70108
2.70108
2.70108
2.70108
2.70108
2.70108
2.70108
2.70107
2.70107
2.70107
2.70107
2.70107
2.70107
2.70107
2.70107
2.70107
2.70105
2.70104
2.70104
2.70104
2.70104
2.70103
2.70103
2.70103
2.70103
2.70103
2.70103
2.70103
2.70103
2.70103
2.70102
2.70102
2.70102
2.701
2.70099
2.70099
2.70099
2.70099
2.70098
2.70098
2.70098
2.70098
2.70098
2.70098
2.70098
2.70098
2.70098
2.70097
2.70097
2.70097
2.70097
2.70097
2.70097
2.70097
2.70096
2.70095
2.70095
2.70095
2.70095
2.70094
2.70094
2.70094
2.70094
2.70094
2.70094
2.70094
2.70094
2.70094
2.70093
2.70093
2.70092
2.70091
2.70091
2.70091
2.7009
2.7009
2.7009
2.7009
2.7009
2.7009
2.7009
2.7009
2.7009
2.70089
2.70089
2.70089
2.70089
2.70089
2.70089
2.70089
2.70089
2.70089
2.70088
2.70088
2.70088
2.70088
2.70086
2.70085
2.70085
2.70085
2.70085
2.70085
2.70084
2.70084
2.70084
2.70084
2.70084
2.70084
2.70084
2.70084
2.70084
2.70084
2.70083
2.70083
2.70083
2.70082
2.70082
2.70081
2.70081
2.70081
2.70081
2.70081
2.70081
2.70081
2.7008
2.7008
2.7008
2.7008
2.7008
2.7008
2.7008
2.7008
2.7008
2.7008
2.70079
2.70079
2.70079
2.70079
2.70079
2.70079
2.70079
2.70079
2.70079
2.70078
2.70077
2.70076
2.70075
2.70075
2.70075
2.70075
2.70075
2.70075
2.70075
2.70074
2.70074
2.70074
2.70074
2.70074
2.70074
2.70074
2.70074
2.70073
2.70072
2.70071
2.70071
2.70071
2.70071
2.70071
2.7007
2.7007
2.7007
2.7007
2.7007
2.7007
2.7007
2.7007
2.7007
2.70069
2.70069
2.70069
2.70069
2.70069
2.70069
2.70069
2.70069
2.70069
2.70068
2.70068
2.70068
2.70068
2.70068
2.70068
2.70068
2.70068
2.70068
2.70067
2.70067
2.70067
2.70067
2.70067
2.70067
2.70067
2.70067
2.70067
2.70066
2.70066
2.70066
2.70066
2.70066
2.70066
2.70066
2.70066
2.70066
2.70064
2.70063
2.70063
2.70063
2.70063
2.70062
2.70062
2.70062
2.70062
2.70062
2.70062
2.70062
2.70062
2.70062
2.70061
2.70061
2.70061
2.70061
2.70061
2.70061
2.70061
2.7006
2.70059
2.70059
2.70059
2.70059
2.70059
2.70059
2.70058
2.70058
2.70058
2.70058
2.70058
2.70058
2.70058
2.70058
2.70058
2.70058
2.70057
2.70057
2.70057
2.70057
2.70057
2.70057
2.70056
2.70055
2.70055
2.70055
2.70055
2.70055
2.70055
2.70054
2.70054
2.70054
2.70054
2.70054
2.70054
2.70054
2.70054
2.70054
2.70053
2.70053
2.70053
2.70051
2.7005
2.7005
2.7005
2.70049
2.70049
2.70049
2.70049
2.70049
2.70049
2.70049
2.70049
2.70049
2.70048
2.70048
2.70048
2.70048
2.70048
2.70048
2.70048
2.70048
2.70048
2.70047
2.70047
2.70047
2.70047
2.70047
2.70047
2.70047
2.70047
2.70046
2.70045
2.70045
2.70045
2.70045
2.70045
2.70045
2.70044
2.70044
2.70044
2.70044
2.70044
2.70044
2.70044
2.70044
2.70044
2.70043
2.70043
2.70043
2.70043
2.70043
2.70043
2.70043
2.70043
2.70043
2.70042
2.70042
2.70042
2.70042
2.70042
2.70042
2.70042
2.70042
2.70042
2.70041
2.70041
2.70041
2.70041
2.70041
2.70041
2.70041
2.70041
2.70041
2.7004
2.7004
2.7004
2.7004
2.7004
2.7004
2.7004
2.7004
2.7004
2.70039
2.70039
2.70039
2.70039
2.70039
2.70039
2.70039
2.70039
2.70039
2.70039
2.70038
2.70038
2.70038
2.70038
2.70038
2.70038
2.70038
2.70038
2.70038
2.70037
2.70037
2.70037
2.70037
2.70037
2.70037
2.70037
2.70037
2.70037
2.70036
2.70036
2.70036
2.70036
2.70036
2.70036
2.70036
2.70036
2.70036
2.70035
2.70035
2.70035
2.70035
2.70035
2.70034
2.70033
2.70032
2.70032
2.70032
2.70032
2.70032
2.70032
2.70032
2.70031
2.70031
2.70031
2.70031
2.70031
2.70031
2.70031
2.70031
2.70031
2.7003
2.7003
2.7003
2.7003
2.7003
2.7003
2.7003
2.7003
2.7003
2.70029
2.70029
2.70029
2.70029
2.70029
2.70029
2.70028
2.70027
2.70026
2.70026
2.70026
2.70026
2.70026
2.70025
2.70025
2.70025
2.70025
2.70025
2.70024
2.70024
2.70024
2.70023
2.70023
2.70023
2.70023
2.70023
2.70023
2.70023
2.70023
2.70021
2.7002
2.7002
2.7002
2.70019
2.70019
2.70019
2.70019
2.70019
2.70019
2.70019
2.70019
2.70019
2.70018
2.70018
2.70018
2.70018
2.70018
2.70018
2.70018
2.70018
2.70018
2.70017
2.70017
2.70017
2.70017
2.70017
2.70017
2.70017
2.70017
2.70017
2.70016
2.70016
2.70016
2.70016
2.70016
2.70016
2.70016
2.70016
2.70015
2.70014
2.70014
2.70014
2.70014
2.70014
2.70013
2.70013
2.70013
2.70013
2.70013
2.70013
2.70013
2.70013
2.7001
2.70009
2.70009
2.70008
2.70008
2.70008
2.70008
2.70008
2.70008
2.70008
2.70008
2.70007
2.70007
2.70007
2.70007
2.70007
2.70007
2.70007
2.70007
2.70007
2.70006
2.70006
2.70006
2.70006
2.70006
2.70006
2.70003
2.70002
2.70001
2.70001
2.70001
2.70001
2.70001
2.70001
2.70001
2.70001
2.7
2.69999
2.69997
2.69997
2.69997
2.69996
2.69996
2.69996
2.69996
2.69996
2.69996
2.69996
2.69996
2.69995
2.69995
2.69995
2.69995
2.69995
2.69995
2.69995
2.69995
2.69995
2.69994
2.69993
2.69993
2.69993
2.69993
2.69993
2.69992
2.69992
2.69992
2.69992
2.69992
2.69992
2.69992
2.69992
2.69992
2.69992
2.69991
2.69991
2.69991
2.69991
2.69991
2.69991
2.69991
2.69991
2.69991
2.6999
2.6999
2.6999
2.6999
2.6999
2.6999
2.6999
2.6999
2.6999
2.69989
2.69989
2.69989
2.69989
2.69988
2.69987
2.69987
2.69987
2.69986
2.69986
2.69986
2.69986
2.69986
2.69986
2.69986
2.69986
2.69986
2.69985
2.69985
2.69985
2.69985
2.69985
2.69985
2.69985
2.69985
2.69985
2.69984
2.69984
2.69984
2.69984
2.69984
2.69984
2.69984
2.69984
2.69982
2.69981
2.69981
2.69981
2.69981
2.69981
2.69981
2.69981
2.6998
2.6998
2.6998
2.6998
2.6998
2.69979
2.69978
2.69978
2.69978
2.69978
2.69977
2.69977
2.69977
2.69977
2.69977
2.69977
2.69977
2.69977
2.69975
2.69974
2.69974
2.69974
2.69973
2.69973
2.69973
2.69973
2.69973
2.69973
2.69973
2.69973
2.69972
2.69972
2.69971
2.6997
2.6997
2.6997
2.69969
2.69969
2.69969
2.69969
2.69969
2.69969
2.69969
2.69969
2.69968
2.69968
2.69968
2.69968
2.69968
2.69968
2.69968
2.69968
2.69968
2.69967
2.69967
2.69967
2.69967
2.69967
2.69967
2.69967
2.69967
2.69967
2.69966
2.69966
2.69966
2.69966
2.69966
2.69966
2.69966
2.69966
2.69966
2.69966
2.69965
2.69965
2.69965
2.69965
2.69965
2.69965
2.69965
2.69965
2.69965
2.69964
2.69962
2.69962
2.69961
2.69961
2.69961
2.69961
2.69961
2.69961
2.69961
2.69961
2.6996
2.6996
2.6996
2.6996
2.6996
2.6996
2.6996
2.6996
2.6996
2.69959
2.69959
2.69959
2.69959
2.69959
2.69959
2.69959
2.69959
2.69959
2.69958
2.69958
2.69958
2.69958
2.69958
2.69958
2.69958
2.69958
2.69958
2.69957
2.69957
2.69957
2.69957
2.69957
2.69957
2.69957
2.69957
2.69957
2.69957
2.69955
2.69954
2.69954
2.69954
2.69953
2.69953
2.69953
2.69953
2.69953
2.69953
2.69953
2.69953
2.69953
2.69952
2.69952
2.69952
2.69952
2.69952
2.69952
2.69952
2.69952
2.69952
2.69951
2.69951
2.69951
2.69951
2.69951
2.6995
2.6995
2.69949
2.69949
2.69949
2.69949
2.69949
2.69949
2.69949
2.69949
2.69948
2.69948
2.69948
2.69948
2.69948
2.69948
2.69948
2.69948
2.69948
2.69947
2.69947
2.69947
2.69947
2.69947
2.69947
2.69947
2.69947
2.69947
2.69946
2.69946
2.69946
2.69946
2.69946
2.69946
2.69946
2.69946
2.69946
2.69945
2.69945
2.69945
2.69945
2.69945
2.69945
2.69945
2.69945
2.69945
2.69943
2.69943
2.69942
2.69942
2.69942
2.69942
2.69942
2.69942
2.69942
2.69942
2.69942
2.69941
2.69941
2.69941
2.69941
2.69941
2.69941
2.6994
2.69939
2.69939
2.69938
2.69938
2.69938
2.69938
2.69938
2.69938
2.69938
2.69938
2.69938
2.69937
2.69937
2.69937
2.69937
2.69937
2.69937
2.69937
2.69937
2.69937
2.69936
2.69936
2.69936
2.69935
2.69934
2.69934
2.69934
2.69933
2.69933
2.69933
2.69933
2.69933
2.69933
2.69933
2.69933
2.69933
2.69932
2.69932
2.6993
2.6993
2.69929
2.69929
2.69929
2.69929
2.69929
2.69928
2.69928
2.69928
2.69928
2.69928
2.69928
2.69928
2.69928
2.69928
2.69928
2.69927
2.69927
2.69927
2.69927
2.69927
2.69927
2.69927
2.69927
2.69927
2.69926
2.69926
2.69926
2.69926
2.69926
2.69926
2.69926
2.69926
2.69926
2.69925
2.69923
2.69923
2.69922
2.69922
2.69922
2.69922
2.69922
2.69922
2.69922
2.69921
2.69921
2.69921
2.69921
2.69921
2.69921
2.69921
2.69921
2.69921
2.69921
2.6992
2.6992
2.6992
2.6992
2.6992
2.6992
2.6992
2.6992
2.6992
2.69919
2.69919
2.69919
2.69919
2.69919
2.69919
2.69919
2.69918
2.69917
2.69917
2.69916
2.69916
2.69916
2.69916
2.69916
2.69916
2.69916
2.69916
2.69915
2.69915
2.69915
2.69915
2.69915
2.69915
2.69915
2.69915
2.69915
2.69914
2.69914
2.69914
2.69914
2.69914
2.69914
2.69914
2.69914
2.69914
2.69913
2.69913
2.69913
2.69913
2.69913
2.69913
2.69913
2.69913
2.69913
2.69912
2.6991
2.6991
2.69909
2.69909
2.69909
2.69909
2.69909
2.69908
2.69908
2.69908
2.69908
2.69908
2.69908
2.69908
2.69908
2.69908
2.69907
2.69907
2.69907
2.69907
2.69907
2.69907
2.69907
2.69907
2.69907
2.69907
2.69906
2.69906
2.69906
2.69906
2.69906
2.69906
2.69906
2.69906
2.69906
2.69905
2.69905
2.69905
2.69905
2.69905
2.69905
2.69905
2.69905
2.69905
2.69904
2.69904
2.69904
2.69904
2.69904
2.69904
2.69904
2.69904
2.69904
2.69903
2.69903
2.69903
2.69903
2.69903
2.69903
2.69903
2.69903
2.69903
2.69902
2.69902
2.69902
2.69902
2.69902
2.69902
2.69902
2.69902
2.69902
2.69901
2.69901
2.69901
2.69901
2.69901
2.69901
2.69901
2.69901
2.69901
2.69901
2.699
2.699
2.699
2.699
2.699
2.699
2.699
2.699
2.699
2.69899
2.69899
2.69899
2.69899
2.69899
2.69899
2.69899
2.69899
2.69899
2.69898
2.69898
2.69898
2.69898
2.69898
2.69898
2.69898
2.69898
2.69898
2.69897
2.69897
2.69897
2.69897
2.69897
2.69897
2.69897
2.69897
2.69897
2.69896
2.69896
2.69896
2.69896
2.69896
2.69896
2.69896
2.69896
2.69896
2.69895
2.69895
2.69895
2.69895
2.69895
2.69895
2.69895
2.69895
2.69895
2.69895
2.69894
2.69894
2.69894
2.69894
2.69894
2.69894
2.69894
2.69894
2.69894
2.69893
2.69893
2.69893
2.69893
2.69893
2.69893
2.69893
2.69893
2.69893
2.69892
2.69892
2.69892
2.69892
2.69892
2.69892
2.69892
2.69892
2.69892
2.69891
2.69891
2.69889
2.69888
2.69888
2.69888
2.69888
2.69887
2.69887
2.69887
2.69887
2.69887
2.69887
2.69887
2.69887
2.69887
2.69886
2.69886
2.69886
2.69884
2.69883
2.69883
2.69883
2.69883
2.69882
2.69881
2.69881
2.69881
2.69881
2.6988
2.6988
2.6988
2.6988
2.6988
2.6988
2.6988
2.6988
2.6988
2.69879
2.69879
2.69879
2.69877
2.69876
2.69876
2.69876
2.69876
2.69875
2.69875
2.69875
2.69875
2.69875
2.69875
2.69875
2.69875
2.69875
2.69874
2.69874
2.69874
2.69874
2.69874
2.69874
2.69874
2.69872
2.69872
2.69872
2.69871
2.69871
2.69871
2.69871
2.69871
2.69871
2.69871
2.69871
2.69871
2.6987
2.6987
2.6987
2.6987
2.6987
2.6987
2.6987
2.6987
2.6987
2.69869
2.69869
2.69869
2.69869
2.69869
2.69869
2.69869
2.69869
2.69869
2.69869
2.69868
2.69868
2.69868
2.69868
2.69868
2.69868
2.69868
2.69868
2.69868
2.69867
2.69867
2.69867
2.69867
2.69867
2.69867
2.69866
2.69865
2.69865
2.69864
2.69864
2.69864
2.69864
2.69864
2.69864
2.69864
2.69864
2.69863
2.69863
2.69862
2.69861
2.69861
2.69861
2.6986
2.6986
2.6986
2.6986
2.6986
2.6986
2.6986
2.6986
2.69859
2.69859
2.69859
2.69859
2.69859
2.69859
2.69857
2.69856
2.69856
2.69856
2.69856
2.69856
2.69856
2.69856
2.69855
2.69855
2.69855
2.69853
2.69852
2.69851
2.69851
2.69851
2.69851
2.69851
2.69851
2.69851
2.6985
2.6985
2.6985
2.6985
2.6985
2.6985
2.6985
2.6985
2.6985
2.69849
2.69849
2.69849
2.69849
2.69849
2.69849
2.69849
2.69849
2.69849
2.69848
2.69848
2.69848
2.69847
2.69847
2.69847
2.69846
2.69846
2.69846
2.69846
2.69846
2.69846
2.69846
2.69846
2.69845
2.69845
2.69845
2.69845
2.69845
2.69845
2.69845
2.69845
2.69845
2.69844
2.69844
2.69844
2.69843
2.69842
2.69841
2.69841
2.69841
2.69841
2.69841
2.69841
2.69841
2.69841
2.6984
2.6984
2.6984
2.6984
2.6984
2.6984
2.6984
2.6984
2.6984
2.69839
2.69839
2.69839
2.69839
2.69839
2.69838
2.69837
2.69837
2.69837
2.69837
2.69836
2.69836
2.69836
2.69836
2.69836
2.69836
2.69836
2.69836
2.69836
2.69835
2.69835
2.69835
2.69835
2.69835
2.69835
2.69835
2.69835
2.69835
2.69834
2.69834
2.69834
2.69834
2.69834
2.69834
2.69834
2.69834
2.69834
2.69833
2.69833
2.69833
2.69831
2.6983
2.6983
2.6983
2.6983
2.6983
2.6983
2.69829
2.69829
2.69829
2.69829
2.69829
2.69829
2.69829
2.69829
2.69829
2.69828
2.69828
2.69828
2.69828
2.69828
2.69828
2.69828
2.69828
2.69828
2.69827
2.69827
2.69827
2.69827
2.69827
2.69827
2.69827
2.69825
2.69824
2.69824
2.69823
2.69823
2.69823
2.69823
2.69823
2.69823
2.69823
2.69823
2.69823
2.69822
2.69822
2.69822
2.69822
2.69822
2.69822
2.6982
2.69819
2.69819
2.69819
2.69818
2.69818
2.69818
2.69818
2.69818
2.69818
2.69818
2.69818
2.69818
2.69817
2.69817
2.69817
2.69817
2.69815
2.69815
2.69815
2.69814
2.69814
2.69814
2.69814
2.69814
2.69814
2.69814
2.69814
2.69813
2.69813
2.69813
2.69813
2.69813
2.69813
2.69813
2.69813
2.69812
2.69811
2.69811
2.69811
2.69811
2.69811
2.6981
2.6981
2.6981
2.6981
2.6981
2.6981
2.6981
2.6981
2.6981
2.69809
2.69809
2.69809
2.69809
2.69809
2.69809
2.69809
2.69809
2.69809
2.69808
2.69808
2.69808
2.69808
2.69808
2.69808
2.69808
2.69808
2.69808
2.69808
2.69807
2.69807
2.69807
2.69807
2.69807
2.69807
2.69807
2.69807
2.69807
2.69806
2.69806
2.69806
2.69806
2.69806
2.69806
2.69805
2.69804
2.69804
2.69804
2.69804
2.69804
2.69804
2.69804
2.69803
2.69803
2.69803
2.69803
2.69803
2.69803
2.69803
2.69798
2.69797
2.69797
2.69797
2.69797
2.69797
2.69797
2.69796
2.69796
2.69796
2.69796
2.69796
2.69796
2.69796
2.69796
2.69796
2.69796
2.69795
2.69795
2.69795
2.69795
2.69795
2.69795
2.69795
2.69795
2.69795
2.69794
2.69794
2.69794
2.69794
2.69794
2.69794
2.69794
2.69794
2.69794
2.69793
2.69793
2.69793
2.69793
2.69792
2.69791
2.69791
2.69791
2.69791
2.6979
2.6979
2.6979
2.6979
2.6979
2.6979
2.6979
2.6979
2.6979
2.69789
2.69789
2.69789
2.69789
2.69789
2.69789
2.69789
2.69789
2.69789
2.69789
2.69788
2.69788
2.69788
2.69788
2.69788
2.69788
2.69788
2.69788
2.69788
2.69787
2.69787
2.69787
2.69787
2.69787
2.69787
2.69787
2.69787
2.69787
2.69786
2.69786
2.69786
2.69786
2.69786
2.69786
2.69786
2.69786
2.69786
2.69785
2.69785
2.69785
2.69785
2.69785
2.69785
2.69785
2.69785
2.69785
2.69784
2.69784
2.69784
2.69784
2.69784
2.69784
2.69784
2.69784
2.69784
2.69783
2.69783
2.69783
2.69783
2.69783
2.69783
2.69783
2.69783
2.69783
2.69783
2.69782
2.69782
2.69782
2.69782
2.69782
2.69782
2.69782
2.69782
2.69782
2.69781
2.69781
2.69781
2.69781
2.69781
2.69781
2.69781
2.69781
2.69781
2.6978
2.6978
2.6978
2.6978
2.6978
2.6978
2.6978
2.6978
2.6978
2.69779
2.69779
2.69779
2.69779
2.69779
2.69779
2.69778
2.69776
2.69776
2.69776
2.69776
2.69775
2.69775
2.69775
2.69775
2.69775
2.69775
2.69775
2.69775
2.69775
2.69774
2.69774
2.69774
2.69774
2.69774
2.69774
2.69774
2.69774
2.69774
2.69773
2.69773
2.69773
2.69773
2.69773
2.69772
2.69771
2.69771
2.6977
2.6977
2.6977
2.6977
2.6977
2.6977
2.6977
2.6977
2.6977
2.69769
2.69767
2.69766
2.69766
2.69766
2.69766
2.69766
2.69766
2.69765
2.69765
2.69765
2.69765
2.69765
2.69765
2.69765
2.69765
2.69765
2.69764
2.69764
2.69764
2.69764
2.69764
2.69764
2.69764
2.69764
2.69764
2.69763
2.69763
2.69762
2.69762
2.69762
2.69762
2.69762
2.69761
2.69761
2.69761
2.69761
2.69761
2.69761
2.69761
2.69761
2.69761
2.6976
2.6976
2.6976
2.6976
2.6976
2.6976
2.69758
2.69757
2.69757
2.69757
2.69756
2.69756
2.69756
2.69756
2.69756
2.69756
2.69756
2.69756
2.69756
2.69755
2.69755
2.69753
2.69753
2.69752
2.69752
2.69752
2.69752
2.69752
2.69752
2.69751
2.69751
2.69751
2.69751
2.69751
2.69751
2.69751
2.69751
2.69751
2.6975
2.6975
2.6975
2.6975
2.6975
2.6975
2.6975
2.6975
2.6975
2.69749
2.69749
2.69749
2.69748
2.69748
2.69747
2.69747
2.69747
2.69747
2.69747
2.69747
2.69747
2.69747
2.69747
2.69746
2.69746
2.69746
2.69746
2.69746
2.69746
2.69746
2.69746
2.69746
2.69745
2.69745
2.69745
2.69745
2.69745
2.69745
2.69745
2.69745
2.69745
2.69744
2.69744
2.69744
2.69744
2.69744
2.69742
2.69741
2.69741
2.69741
2.69741
2.69741
2.69741
2.6974
2.6974
2.6974
2.6974
2.6974
2.6974
2.6974
2.6974
2.6974
2.69739
2.69739
2.69739
2.69739
2.69739
2.69739
2.69739
2.69739
2.69739
2.69738
2.69738
2.69738
2.69738
2.69738

