2.7
2.7
2.7
2.7
2.7
2.69999
2.69999
2.69999
2.69999
2.69999
2.69999
2.69999
2.69999
2.69999
2.69998
2.69998
2.69998
2.69998
2.69998
2.69997
2.69997
2.69996
2.69996
2.69996
2.69996
2.69996
2.69996
2.69996
2.69995
2.69995
2.69995
2.69995
2.69995
2.69995
2.69995
2.69995
2.69995
2.69994
2.69994
2.69994
2.69994
2.69994
2.69994
2.69994
2.69994
2.69994
2.69993
2.69992
2.69991
2.6999
2.6999
2.6999
2.6999
2.6999
2.6999
2.69989
2.69989
2.69989
2.69989
2.69989
2.69989
2.69989
2.69989
2.69989
2.69988
2.69988
2.69988
2.69988
2.69987
2.69986
2.69986
2.69986
2.69986
2.69986
2.69986
2.69986
2.69985
2.69985
2.69985
2.69985
2.69985
2.69985
2.69985
2.69985
2.69985
2.69984
2.69984
2.69984
2.69984
2.69984
2.69983
2.69983
2.69982
2.69982
2.69982
2.69982
2.69982
2.69982
2.69982
2.69981
2.69981
2.69981
2.69981
2.69981
2.69981
2.69981
2.69981
2.69981
2.6998
2.6998
2.6998
2.6998
2.6998
2.6998
2.6998
2.6998
2.6998
2.69979
2.69979
2.69979
2.69979
2.69977
2.69976
2.69976
2.69976
2.69976
2.69975
2.69975
2.69975
2.69975
2.69975
2.69975
2.69975
2.69975
2.69975
2.69974
2.69974
2.69974
2.69974
2.69974
2.69974
2.69974
2.69974
2.69974
2.69973
2.69973
2.69973
2.69973
2.69973
2.69973
2.69973
2.69973
2.69973
2.69972
2.69972
2.69971
2.69971
2.6997
2.6997
2.6997
2.6997
2.6997
2.6997
2.69969
2.69969
2.69969
2.69969
2.69969
2.69969
2.69969
2.69969
2.69969
2.69969
2.69968
2.69968
2.69968
2.69968
2.69968
2.69968
2.69968
2.69965
2.69965
2.69964
2.69964
2.69964
2.69964
2.69964
2.69964
2.69964
2.69963
2.69963
2.69963
2.69963
2.69963
2.69963
2.69963
2.69963
2.69963
2.69962
2.69962
2.69962
2.69962
2.69961
2.6996
2.6996
2.6996
2.6996
2.6996
2.69959
2.69959
2.69959
2.69959
2.69959
2.69959
2.69959
2.71817
2.72383
2.72382
2.72382
2.72382
2.72382
2.72382
2.72382
2.72382
2.72382
2.72381
2.72381
2.72381
2.72381
2.72381
2.72381
2.72381
2.72381
2.72381
2.7238
2.72379
2.72378
2.72378
2.72378
2.72378
2.72378
2.72378
2.72378
2.72377
2.72377
2.72377
2.72377
2.72377
2.72377
2.72377
2.72377
2.72377
2.72376
2.72376
2.72376
2.72376
2.72376
2.72376
2.72376
2.72376
2.72376
2.72375
2.72374
2.72373
2.72373
2.72373
2.72372
2.72372
2.72372
2.72372
2.72372
2.72372
2.72372
2.72372
2.72372
2.72371
2.72371
2.72371
2.72371
2.72371
2.72371
2.72371
2.72371
2.72371
2.7237
2.7237
2.7237
2.7237
2.7237
2.7237
2.7237
2.7237
2.7237
2.72369
2.72369
2.72369
2.72369
2.72369
2.72369
2.72369
2.72369
2.72369
2.72368
2.72368
2.72368
2.72368
2.72368
2.72368
2.72368
2.72368
2.72368
2.72367
2.72367
2.72367
2.72367
2.72367
2.72367
2.72367
2.72367
2.72367
2.72366
2.72366
2.72366
2.72366
2.72366
2.72366
2.72366
2.72366
2.72366
2.72365
2.72364
2.72364
2.72364
2.72364
2.72363
2.72363
2.72363
2.72363
2.72363
2.72363
2.72363
2.72363
2.72363
2.72362
2.72362
2.72362
2.72362
2.72362
2.72362
2.72362
2.72362
2.72362
2.72361
2.72361
2.72361
2.72361
2.72361
2.72361
2.7236
2.72358
2.72358
2.72358
2.72357
2.72357
2.72357
2.72357
2.72357
2.72357
2.72357
2.72357
2.72357
2.72356
2.72356
2.72356
2.72356
2.72356
2.72356
2.72356
2.72356
2.72355
2.72354
2.72354
2.72354
2.72354
2.72353
2.72353
2.72353
2.72353
2.72353
2.72353
2.72353
2.72353
2.72353
2.72352
2.72352
2.72352
2.72351
2.72349
2.72349
2.72349
2.72348
2.72347
2.72347
2.72346
2.72345
2.72345
2.72345
2.72344
2.72344
2.72344
2.72344
2.72344
2.72344
2.72343
2.72342
2.72342
2.72342
2.72341
2.7234
2.7234
2.7234
2.72339
2.72339
2.72339
2.72339
2.72339
2.72339
2.72339
2.72339
2.72338
2.72338
2.72338
2.72337
2.72337
2.72336
2.72336
2.72336
2.72335
2.72334
2.72334
2.72333
2.72333
2.72333
2.72333
2.72333
2.72333
2.72333
2.72333
2.72332
2.72332
2.72332
2.72332
2.72332
2.72332
2.72332
2.72332
2.72332
2.72331
2.72329
2.72328
2.72328
2.72327
2.72327
2.72327
2.72326
2.72326
2.72326
2.72326
2.72326
2.72326
2.72326
2.72325
2.72325
2.72324
2.72324
2.72324
2.72324
2.72324
2.72324
2.72324
2.72323
2.72323
2.72323
2.72323
2.72323
2.72323
2.72323
2.72322
2.72321
2.72321
2.7232
2.7232
2.7232
2.7232
2.7232
2.7232
2.7232
2.72319
2.72319
2.72319
2.72319
2.72318
2.72318
2.72318
2.72317
2.72317
2.72317
2.72317
2.72317
2.72317
2.72317
2.72317
2.72317
2.72316
2.72316
2.72312
2.72311
2.72311
2.7231
2.7231
2.7231
2.7231
2.7231
2.7231
2.7231
2.7231
2.7231
2.72309
2.72309
2.72309
2.72309
2.72309
2.72309
2.72309
2.72309
2.72309
2.72308
2.72308
2.72308
2.72308
2.72308
2.72308
2.72308
2.72308
2.72308
2.72307
2.72307
2.72307
2.72307
2.72307
2.72307
2.72307
2.72306
2.72306
2.72305
2.72305
2.72305
2.72305
2.72305
2.72305
2.72305
2.72304
2.72304
2.72304
2.72304
2.72304
2.72304
2.72304
2.72304
2.72304
2.72303
2.72303
2.72302
2.72302
2.72302
2.72302
2.72301
2.72301
2.72301
2.72301
2.72301
2.72301
2.72301
2.72301
2.723
2.723
2.723
2.723
2.723
2.723
2.723
2.723
2.723
2.72299
2.72299
2.72298
2.72298
2.72298
2.72298
2.72298
2.72297
2.72297
2.72297
2.72297
2.72297
2.72297
2.72297
2.72297
2.72297
2.72297
2.72296
2.72296
2.72296
2.72295
2.72295
2.72295
2.72294
2.72294
2.72294
2.72294
2.72294
2.72294
2.72294
2.72294
2.72293
2.72293
2.72293
2.72293
2.72293
2.72293
2.72293
2.72293
2.72293
2.72292
2.72292
2.72292
2.72292
2.72292
2.72292
2.72292
2.72292
2.72292
2.72291
2.72291
2.7229
2.72289
2.72288
2.72288
2.72288
2.72288
2.72288
2.72288
2.72288
2.72287
2.72287
2.72287
2.72287
2.72287
2.72286
2.72285
2.72285
2.72285
2.72285
2.72284
2.72284
2.72284
2.72284
2.72284
2.72284
2.72284
2.72284
2.72284
2.72283
2.72283
2.72283
2.72283
2.72283
2.72283
2.72283
2.72283
2.72283
2.72283
2.72282
2.72282
2.72282
2.72282
2.72282
2.72282
2.72282
2.72282
2.72282
2.72281
2.72281
2.72281
2.72281
2.7228
2.72278
2.72278
2.72278
2.72278
2.72277
2.72277
2.72277
2.72277
2.72277
2.72277
2.72277
2.72277
2.72277
2.72276
2.72276
2.72275
2.72275
2.72275
2.72275
2.72274
2.72274
2.72274
2.72274
2.72274
2.72274
2.72274
2.72274
2.72274
2.72273
2.72273
2.72273
2.72272
2.72272
2.72271
2.72271
2.72271
2.72271
2.72271
2.72271
2.72271
2.72271
2.7227
2.7227
2.7227
2.7227
2.7227
2.7227
2.7227
2.7227
2.7227
2.72268
2.72266
2.72266
2.72266
2.72265
2.72265
2.72265
2.72265
2.72265
2.72265
2.72265
2.72265
2.72265
2.72264
2.72264
2.72264
2.72264
2.72264
2.72264
2.72264
2.72264
2.72264
2.72263
2.72263
2.72263
2.72263
2.72263
2.72263
2.72263
2.72263
2.72263
2.72262
2.72262
2.72262
2.72262
2.72262
2.72262
2.72262
2.72262
2.72262
2.72261
2.72261
2.72261
2.72261
2.72261
2.72261
2.72261
2.72261
2.72261
2.7226
2.7226
2.7226
2.7226
2.7226
2.7226
2.7226
2.7226
2.7226
2.72259
2.72259
2.72259
2.72259
2.72259
2.72259
2.72259
2.72259
2.72259
2.72259
2.72258
2.72258
2.72258
2.72258
2.72258
2.72258
2.72258
2.72258
2.72258
2.72257
2.72257
2.72257
2.72257
2.72257
2.72257
2.72257
2.72257
2.72257
2.72256
2.72256
2.72256
2.72256
2.72256
2.72256
2.72256
2.72256
2.72256
2.72255
2.72255
2.72255
2.72255
2.72255
2.72255
2.72255
2.72255
2.72255
2.72254
2.72254
2.72254
2.72254
2.72254
2.72254
2.72254
2.72254
2.72254
2.72253
2.72253
2.72253
2.72253
2.72253
2.72253
2.72253
2.72253
2.72253
2.72252
2.72252
2.72252
2.72252
2.72252
2.72252
2.72252
2.72252
2.72252
2.7225
2.72248
2.72248
2.72248
2.72248
2.72247
2.72247
2.72247
2.72247
2.72247
2.72247
2.72247
2.72247
2.72247
2.72246
2.72246
2.72246
2.72246
2.72246
2.72246
2.72246
2.72245
2.72242
2.72242
2.72241
2.72241
2.72241
2.72241
2.72241
2.72241
2.72241
2.7224
2.7224
2.7224
2.7224
2.7224
2.7224
2.7224
2.7224
2.7224
2.72239
2.72239
2.72239
2.72239
2.72239
2.72239
2.72239
2.72239
2.72239
2.72238
2.72238
2.72238
2.72238
2.72238
2.72238
2.72238
2.72238
2.72238
2.72237
2.72237
2.72237
2.72237
2.72237
2.72237
2.72237
2.72237
2.72237
2.72236
2.72236
2.72236
2.72235
2.72235
2.72234
2.72234
2.72234
2.72234
2.72234
2.72234
2.72234
2.72234
2.72234
2.72233
2.72233
2.72233
2.72233
2.72232
2.72231
2.72231
2.7223
2.7223
2.7223
2.7223
2.7223
2.7223
2.7223
2.7223
2.72229
2.72229
2.72229
2.72229
2.72227
2.72225
2.72225
2.72224
2.72224
2.72224
2.72224
2.72224
2.72224
2.72224
2.72224
2.72223
2.72223
2.72223
2.72223
2.72223
2.72223
2.72223
2.72223
2.72223
2.72222
2.72222
2.72222
2.72222
2.72222
2.7222
2.7222
2.72219
2.72219
2.72219
2.72219
2.72219
2.72219
2.72219
2.72219
2.72218
2.72218
2.72218
2.72218
2.72218
2.72218
2.72218
2.72218
2.72218
2.72217
2.72217
2.72217
2.72217
2.72217
2.72217
2.72217
2.72217
2.72217
2.72216
2.72216
2.72216
2.72216
2.72216
2.72216
2.72216
2.72216
2.72216
2.72215
2.72215
2.72215
2.72215
2.72215
2.72215
2.72215
2.72215
2.72215
2.72214
2.72214
2.72214
2.72214
2.72214
2.72214
2.72214
2.72214
2.72214
2.72213
2.72213
2.72213
2.72213
2.72213
2.72213
2.72213
2.72213
2.72213
2.72212
2.72212
2.72212
2.72212
2.72212
2.72212
2.72212
2.72212
2.72212
2.72211
2.72211
2.72211
2.72211
2.72211
2.72211
2.72211
2.72211
2.72208
2.72208
2.72207
2.72207
2.72207
2.72207
2.72207
2.72207
2.72207
2.72206
2.72206
2.72206
2.72206
2.72206
2.72206
2.72206
2.72206
2.72204
2.72203
2.72203
2.72203
2.72203
2.72203
2.72203
2.72202
2.72202
2.72202
2.72202
2.72202
2.72202
2.72202
2.72202
2.72202
2.72201
2.72201
2.72201
2.72201
2.72201
2.72199
2.72198
2.72198
2.72198
2.72198
2.72197
2.72197
2.72197
2.72197
2.72197
2.72197
2.72197
2.72197
2.72197
2.72196
2.72196
2.72192
2.72191
2.72191
2.72191
2.72191
2.72191
2.72191
2.72191
2.7219
2.7219
2.7219
2.7219
2.7219
2.7219
2.7219
2.7219
2.7219
2.72189
2.72189
2.72189
2.72189
2.72189
2.72189
2.72189
2.72189
2.72188
2.72186
2.72186
2.72185
2.72185
2.72185
2.72185
2.72185
2.72185
2.72185
2.72185
2.72185
2.72184
2.72184
2.72184
2.72184
2.72184
2.72184
2.72184
2.72184
2.72181
2.7218
2.7218
2.7218
2.7218
2.72179
2.72179
2.72179
2.72179
2.72179
2.72179
2.72179
2.72179
2.72179
2.72178
2.72178
2.72178
2.72178
2.72178
2.72178
2.72178
2.72178
2.72178
2.72177
2.72177
2.72177
2.72177
2.72177
2.72177
2.72176
2.72175
2.72175
2.72175
2.72175
2.72174
2.72174
2.72174
2.72174
2.72174
2.72174
2.72174
2.72174
2.72173
2.72173
2.72173
2.72173
2.72172
2.72172
2.72171
2.72171
2.72171
2.72171
2.72171
2.72171
2.7217
2.7217
2.7217
2.7217
2.7217
2.7217
2.7217
2.7217
2.7217
2.72169
2.72169
2.72169
2.72169
2.72169
2.72169
2.72169
2.72169
2.72169
2.72168
2.72168
2.72168
2.72168
2.72168
2.72168
2.72168
2.72168
2.72168
2.72167
2.72167
2.72167
2.72167
2.72167
2.72167
2.72167
2.72167
2.72167
2.72166
2.72166
2.72166
2.72166
2.72166
2.72166
2.72166
2.72166
2.72165
2.72164
2.72164
2.72164
2.72164
2.72164
2.72163
2.72163
2.72163
2.72163
2.72163
2.72163
2.72163
2.72163
2.72163
2.72162
2.72162
2.72162
2.72162
2.72162
2.72162
2.72161
2.7216
2.7216
2.7216
2.72159
2.72159
2.72159
2.72159
2.72159
2.72159
2.72159
2.72159
2.72159
2.72158
2.72158
2.72158
2.72158
2.72158
2.72158
2.72158
2.72158
2.72158
2.72157
2.72157
2.72156
2.72156
2.72155
2.72155
2.72155
2.72155
2.72155
2.72155
2.72155
2.72154
2.72154
2.72154
2.72154
2.72154
2.72154
2.72154
2.72154
2.72154
2.72153
2.72152
2.72152
2.72152
2.72151
2.72151
2.72151
2.72151
2.72151
2.72151
2.72151
2.72151
2.72151
2.7215
2.7215
2.7215
2.7215
2.7215
2.7215
2.7215
2.7215
2.7215
2.72149
2.72149
2.72149
2.72149
2.72149
2.72149
2.72149
2.72149
2.72147
2.72146
2.72146
2.72145
2.72145
2.72145
2.72145
2.72145
2.72145
2.72145
2.72145
2.72144
2.72144
2.72144
2.72144
2.72144
2.72144
2.72144
2.72144
2.72144
2.72143
2.72143
2.72143
2.72143
2.72143
2.72143
2.72143
2.72143
2.72143
2.72142
2.72142
2.72142
2.72142
2.72142
2.72142
2.72142
2.72142
2.72142
2.72141
2.72141
2.72141
2.72141
2.72141
2.72141
2.72141
2.72141
2.72141
2.7214
2.7214
2.7214
2.7214
2.7214
2.7214
2.7214
2.7214
2.7214
2.7214
2.72139
2.72139
2.72139
2.72139
2.72139
2.72139
2.72139
2.72139
2.72139
2.72138
2.72138
2.72138
2.72138
2.72138
2.72138
2.72138
2.72138
2.72138
2.72137
2.72137
2.72137
2.72137
2.72137
2.72137
2.72137
2.72137
2.72137
2.72136
2.72136
2.72136
2.72136
2.72136
2.72136
2.72136
2.72136
2.72136
2.72135
2.72134
2.72133
2.72133
2.72133
2.72133
2.72132
2.72132
2.72132
2.72132
2.72132
2.72132
2.72132
2.72132
2.72131
2.72131
2.72131
2.72131
2.72131
2.72131
2.72131
2.72131
2.72131
2.72131
2.7213
2.7213
2.7213
2.7213
2.7213
2.7213
2.7213
2.7213
2.7213
2.72129
2.72129
2.72126
2.72126
2.72126
2.72125
2.72125
2.72125
2.72125
2.72125
2.72125
2.72125
2.72124
2.72122
2.72121
2.72121
2.72121
2.72121
2.72121
2.72121
2.72121
2.72121
2.7212
2.7212
2.7212
2.72119
2.72119
2.72118
2.72118
2.72118
2.72118
2.72118
2.72118
2.72118
2.72118
2.72117
2.72117
2.72117
2.72117
2.72117
2.72117
2.72117
2.72117
2.72117
2.72116
2.72116
2.72116
2.72116
2.72116
2.72116
2.72116
2.72116
2.72116
2.72115
2.72115
2.72115
2.72115
2.72115
2.72115
2.72115
2.72115
2.72115
2.72114
2.72114
2.72113
2.72113
2.72113
2.72112
2.72112
2.72112
2.72112
2.72112
2.72112
2.72112
2.72112
2.72112
2.72111
2.72109
2.72108
2.72108
2.72108
2.72108
2.72107
2.72107
2.72107
2.72107
2.72107
2.72107
2.72107
2.72107
2.72106
2.72106
2.72106
2.72106
2.72106
2.72106
2.72106
2.72106
2.72106
2.72106
2.72105
2.72105
2.72105
2.72103
2.72102
2.72102
2.72101
2.72101
2.72101
2.72101
2.72101
2.72101
2.72101
2.72101
2.721
2.72099
2.72099
2.72098
2.72098
2.72098
2.72098
2.72098
2.72098
2.72098
2.72098
2.72098
2.72097
2.72097
2.72097
2.72097
2.72097
2.72097
2.72097
2.72097
2.72096
2.72095
2.72094
2.72094
2.72094
2.72094
2.72093
2.72093
2.72093
2.72093
2.72093
2.72093
2.72093
2.72093
2.72093
2.72092
2.72092
2.72092
2.72092
2.72092
2.72092
2.72092
2.72092
2.72092
2.72091
2.72091
2.72091
2.72091
2.72091
2.72091
2.72091
2.72091
2.72091
2.7209
2.7209
2.7209
2.7209
2.7209
2.7209
2.72089
2.72088
2.72088
2.72088
2.72087
2.72087
2.72087
2.72087
2.72087
2.72087
2.72087
2.72087
2.72087
2.72086
2.72086
2.72086
2.72086
2.72086
2.72086
2.72086
2.72086
2.72086
2.72085
2.72085
2.72085
2.72085
2.72085
2.72085
2.72085
2.72085
2.72082
2.72082
2.72082
2.72082
2.72081
2.72081
2.72081
2.72081
2.72081
2.72081
2.72081
2.72081
2.7208
2.72078
2.72078
2.72077
2.72077
2.72077
2.72077
2.72077
2.72077
2.72077
2.72077
2.72076
2.72076
2.72076
2.72074
2.72073
2.72073
2.72073
2.72072
2.72072
2.72072
2.72072
2.72072
2.72072
2.72072
2.72072
2.72072
2.72071
2.72071
2.7207
2.7207
2.7207
2.72069
2.72069
2.72069
2.72069
2.72069
2.72069
2.72069
2.72069
2.72069
2.72068
2.72068
2.72068
2.72068
2.72068
2.72068
2.72068
2.72068
2.72068
2.72067
2.72067
2.72067
2.72067
2.72067
2.72067
2.72067
2.72067
2.72067
2.72066
2.72066
2.72066
2.72066
2.72066
2.72066
2.72066
2.72066
2.72066
2.72065
2.72065
2.72065
2.72065
2.72065
2.72065
2.72065
2.72065
2.72065
2.72064
2.72064
2.72063
2.72062
2.72062
2.72062
2.72062
2.72062
2.72062
2.72062
2.72062
2.72061
2.72061
2.72061
2.72061
2.72061
2.72061
2.72061
2.72061
2.72061
2.7206
2.7206
2.7206
2.7206
2.7206
2.7206
2.7206
2.7206
2.7206
2.72059
2.72059
2.72059
2.72059
2.72059
2.72059
2.72059
2.72059
2.72059
2.72058
2.72058
2.72058
2.72058
2.72058
2.72058
2.72058
2.72058
2.72058
2.72058
2.72057
2.72056
2.72055
2.72055
2.72055
2.72055
2.72055
2.72055
2.72055
2.72054
2.72054
2.72054
2.72054
2.72054
2.72054
2.72054
2.72054
2.72054
2.72053
2.72053
2.72053
2.72053
2.72053
2.72053
2.72053
2.72053
2.72053
2.72052
2.72051
2.72051
2.7205
2.7205
2.7205
2.7205
2.7205
2.7205
2.7205
2.7205
2.7205
2.72049
2.72049
2.72049
2.72049
2.72049
2.72049
2.72049
2.72049
2.72049
2.72048
2.72048
2.72048
2.72048
2.72048
2.72048
2.72048
2.72048
2.72048
2.72047
2.72047
2.72047
2.72047
2.72047
2.72047
2.72047
2.72047
2.72047
2.72046
2.72046
2.72046
2.72046
2.72046
2.72046
2.72046
2.72045
2.72044
2.72044
2.72044
2.72044
2.72044
2.72044
2.72044
2.72044
2.72043
2.72043
2.72043
2.72043
2.72043
2.72043
2.72043
2.72043
2.72042
2.72041
2.72041
2.72041
2.7204
2.7204
2.7204
2.7204
2.7204
2.7204
2.7204
2.7204
2.7204
2.72039
2.72039
2.72039
2.72039
2.72039
2.72039
2.72039
2.72039
2.72039
2.72038
2.72038
2.72038
2.72037
2.72037
2.72036
2.72036
2.72036
2.72036
2.72036
2.72036
2.72036
2.72036
2.72036
2.72035
2.72035
2.72035
2.72034
2.72033
2.72032
2.72032
2.72032
2.72032
2.72032
2.72032
2.72031
2.72031
2.72031
2.72031
2.72031
2.72031
2.72031
2.72031
2.72031
2.7203
2.7203
2.7203
2.7203
2.7203
2.7203
2.7203
2.7203
2.7203
2.7203
2.72029
2.72029
2.72029
2.72029
2.72029
2.72029
2.72029
2.72029
2.72029
2.72028
2.72027
2.72027
2.72027
2.72027
2.72027
2.72027
2.72026
2.72026
2.72026
2.72026
2.72026
2.72026
2.72026
2.72026
2.72026
2.72025
2.72025
2.72025
2.72025
2.72025
2.72025
2.72025
2.72025
2.72025
2.72024
2.72024
2.72024
2.72024
2.72024
2.72024
2.72024
2.72024
2.72024
2.72023
2.72022
2.72022
2.72022
2.72021
2.72021
2.72021
2.72021
2.72021
2.72021
2.72021
2.72021
2.72021
2.7202
2.7202
2.7202
2.7202
2.7202
2.7202
2.7202
2.7202
2.7202
2.72019
2.72019
2.72019
2.72019
2.72019
2.72019
2.72019
2.72019
2.72019
2.72018
2.72018
2.72018
2.72018
2.72018
2.72018
2.72018
2.72018
2.72018
2.72017
2.72016
2.72015
2.72015
2.72015
2.72015
2.72015
2.72015
2.72014
2.72014
2.72014
2.72014
2.72014
2.72014
2.72014
2.72014
2.72014
2.72014
2.72013
2.72013
2.72013
2.72013
2.72013
2.72013
2.72013
2.72013
2.72013
2.72012
2.72012
2.72012
2.72012
2.72012
2.72012
2.72012
2.72012
2.72012
2.72011
2.72011
2.72011
2.72011
2.72011
2.72011
2.72011
2.72011
2.72011
2.7201
2.7201
2.7201
2.7201
2.7201
2.7201
2.7201
2.7201
2.7201
2.72009
2.72009
2.72009
2.72009
2.72009
2.72009
2.72009
2.72009
2.72009
2.72008
2.72008
2.72008
2.72008
2.72008
2.72008
2.72008
2.72008
2.72008
2.72007
2.72007
2.72007
2.72007
2.72007
2.72007
2.72007
2.72007
2.72007
2.72006
2.72006
2.72006
2.72006
2.72006
2.72006
2.72006
2.72006
2.72006
2.72005
2.72005
2.72005
2.72005
2.72005
2.72005
2.72005
2.72005
2.72005
2.72004
2.72004
2.72004
2.72004
2.72004
2.72004
2.72004
2.72004
2.72004
2.72003
2.72003
2.72003
2.72003
2.72003
2.72003
2.72003
2.72003
2.72003
2.72002
2.72002
2.72002
2.72002
2.72002
2.72002
2.72002
2.72002
2.72002
2.72002
2.72001
2.72001
2.72001
2.72001
2.72001
2.72001
2.72001
2.72001
2.72001
2.72
2.72
2.72
2.72
2.72
2.72
2.72
2.72
2.72
2.71999
2.71999
2.71999
2.71999
2.71999
2.71999
2.71999
2.71999
2.71999
2.71998
2.71998
2.71998
2.71998
2.71998
2.71998
2.71998
2.71998
2.71998
2.71997
2.71996
2.71995
2.71994
2.71994
2.71994
2.71994
2.71994
2.71993
2.71993
2.71993
2.71993
2.71993
2.71993
2.71993
2.71993
2.71993
2.71992
2.71992
2.71991
2.7199
2.7199
2.7199
2.7199
2.71989
2.71987
2.71987
2.71987
2.71986
2.71986
2.71986
2.71986
2.71986
2.71986
2.71986
2.71986
2.71985
2.71985
2.71985
2.71985
2.71985
2.71984
2.71983
2.71983
2.71983
2.71983
2.71983
2.71982
2.71982
2.71982
2.71982
2.71982
2.71982
2.71982
2.71982
2.71982
2.71981
2.71981
2.71981
2.71981
2.71981
2.71981
2.7198
2.71979
2.71979
2.71979
2.71979
2.71979
2.71979
2.71978
2.71978
2.71978
2.71978
2.71978
2.71978
2.71978
2.71978
2.71978
2.71977
2.71977
2.71977
2.71977
2.71977
2.71977
2.71977
2.71977
2.71977
2.71976
2.71976
2.71976
2.71976
2.71976
2.71976
2.71976
2.71976
2.71976
2.71975
2.71975
2.71975
2.71975
2.71975
2.71975
2.71975
2.71975
2.71975
2.71975
2.71974
2.71974
2.71973
2.71973
2.71973
2.71972
2.71972
2.71972
2.71972
2.71972
2.71972
2.71972
2.71972
2.71972
2.71971
2.71971
2.7197
2.71969
2.71969
2.71969
2.71969
2.71969
2.71968
2.71968
2.71968
2.71968
2.71968
2.71968
2.71968
2.71968
2.71968
2.71967
2.71967
2.71966
2.71965
2.71965
2.71965
2.71965
2.71964
2.71964
2.71964
2.71964
2.71964
2.71964
2.71963
2.71963
2.71962
2.71962
2.71962
2.71962
2.71962
2.71962
2.71961
2.71961
2.71961
2.71961
2.71961
2.71961
2.71961
2.71961
2.71961
2.71961
2.7196
2.7196
2.7196
2.7196
2.7196
2.7196
2.7196
2.7196
2.7196
2.71959
2.71959
2.71959
2.71958
2.71957
2.71957
2.71957
2.71957
2.71957
2.71957
2.71957
2.71956
2.71956
2.71956
2.71956
2.71956
2.71956
2.71956
2.71956
2.71956
2.71955
2.71955
2.71955
2.71955
2.71955
2.71955
2.71954
2.71954
2.71953
2.71953
2.71953
2.71953
2.71953
2.71953
2.71953
2.71953
2.71952
2.71952
2.71952
2.71952
2.71952
2.71952
2.71952
2.71952
2.71952
2.71951
2.71951
2.71951
2.71951
2.71951
2.71949
2.71948
2.71948
2.71948
2.71948
2.71947
2.71947
2.71947
2.71947
2.71947
2.71947
2.71947
2.71947
2.71947
2.71946
2.71946
2.71946
2.71946
2.71946
2.71946
2.71946
2.71946
2.71946
2.71946
2.71945
2.71945
2.71945
2.71945
2.71945
2.71945
2.71945
2.71945
2.71945
2.71944
2.71944
2.71943
2.71942
2.71942
2.71941
2.71941
2.71941
2.71941
2.71941
2.71941
2.71941
2.71941
2.71941
2.7194
2.7194
2.7194
2.7194
2.7194
2.7194
2.7194
2.7194
2.7194
2.71939
2.71939
2.71939
2.71939
2.71939
2.71939
2.71939
2.71939
2.71939
2.71938
2.71938
2.71937
2.71936
2.71936
2.71936
2.71936
2.71935
2.71935
2.71935
2.71935
2.71935
2.71935
2.71935
2.71935
2.71934
2.71934
2.71934
2.71934
2.71934
2.71932
2.71931
2.71931
2.71931
2.71931
2.71931
2.7193
2.7193
2.7193
2.7193
2.7193
2.7193
2.7193
2.7193
2.7193
2.71929
2.71929
2.71928
2.71928
2.71928
2.71927
2.71927
2.71927
2.71927
2.71927
2.71927
2.71927
2.71927
2.71926
2.71926
2.71926
2.71926
2.71926
2.71926
2.71926
2.71926
2.71925
2.71924
2.71924
2.71923
2.71923
2.71923
2.71923
2.71923
2.71923
2.71923
2.71923
2.71922
2.71922
2.71922
2.71922
2.71922
2.71922
2.71922
2.71922
2.71922
2.71922
2.71921
2.71921
2.71921
2.71921
2.71921
2.71921
2.71921
2.71921
2.71921
2.7192
2.7192
2.7192
2.7192
2.7192
2.7192
2.7192
2.7192
2.7192
2.71919
2.71919
2.71919
2.71919
2.71919
2.71919
2.71919
2.71919
2.71919
2.71918
2.71916
2.71916
2.71916
2.71915
2.71915
2.71915
2.71915
2.71915
2.71915
2.71915
2.71915
2.71914
2.71914
2.71914
2.71914
2.71912
2.71911
2.71911
2.71911
2.71911
2.7191
2.7191
2.7191
2.7191
2.7191
2.7191
2.7191
2.7191
2.7191
2.71909
2.71909
2.71909
2.71909
2.71909
2.71909
2.71909
2.71909
2.71909
2.71908
2.71908
2.71908
2.71908
2.71908
2.71908
2.71908
2.71908
2.71908
2.71907
2.71907
2.71907
2.71907
2.71907
2.71907
2.71907
2.71906
2.71905
2.71905
2.71904
2.71904
2.71904
2.71904
2.71904
2.71904
2.71904
2.71904
2.71904
2.71903
2.71903
2.71903
2.71903
2.71903
2.71903
2.71903
2.71903
2.71903
2.71902
2.71902
2.71902
2.71902
2.71902
2.71902
2.71902
2.71902
2.71902
2.71901
2.71901
2.71901
2.71901
2.71901
2.71901
2.71901
2.71901
2.71901
2.719
2.719
2.719
2.719
2.719
2.719
2.719
2.719
2.719
2.71899
2.71899
2.71899
2.71899
2.71899
2.71899
2.71899
2.71899
2.71899
2.71898
2.71898
2.71898
2.71898
2.71898
2.71898
2.71898
2.71898
2.71898
2.71897
2.71897
2.71897
2.71897
2.71897
2.71897
2.71897
2.71897
2.71897
2.71896
2.71896
2.71896
2.71896
2.71896
2.71896
2.71896
2.71896
2.71896
2.71895
2.71895
2.71895
2.71895
2.71895
2.71895
2.71895
2.71895
2.71895
2.71894
2.71894
2.71894
2.71894
2.71894
2.71894
2.71894
2.71894
2.71894
2.71893
2.71893
2.71893
2.71893
2.71893
2.71893
2.71893
2.71893
2.71893
2.71893
2.71892
2.71891
2.71891
2.71891
2.71891
2.7189
2.7189
2.7189
2.7189
2.7189
2.7189
2.7189
2.7189
2.7189
2.71889
2.71889
2.71889
2.71889
2.71889
2.71889
2.71889
2.71889
2.71889
2.71888
2.71888
2.71888
2.71888
2.71888
2.71886
2.71885
2.71885
2.71885
2.71884
2.71884
2.71884
2.71884
2.71884
2.71884
2.71884
2.71884
2.71883
2.71882
2.71881
2.7188
2.7188
2.7188
2.7188
2.7188
2.7188
2.7188
2.71879
2.71879
2.71879
2.71879
2.71879
2.71879
2.71879
2.71879
2.71879
2.71878
2.71878
2.71878
2.71878
2.71878
2.71878
2.71878
2.71878
2.71877
2.71876
2.71876
2.71876
2.71876
2.71876
2.71876
2.71876
2.71875
2.71875
2.71875
2.71875
2.71875
2.71875
2.71875
2.71875
2.71875
2.71874
2.71874
2.71874
2.71874
2.71873
2.71872
2.71872
2.71871
2.71871
2.71871
2.71871
2.71871
2.71871
2.71871
2.71871
2.7187
2.7187
2.7187
2.7187
2.71867
2.71867
2.71867
2.71866
2.71866
2.71866
2.71866
2.71866
2.71866
2.71866
2.71866
2.71865
2.71865
2.71865
2.71865
2.71865
2.71865
2.71865
2.71865
2.71865
2.71865
2.71864
2.71864
2.71864
2.71864
2.71864
2.71864
2.71864
2.71863
2.7186
2.7186
2.71859
2.71859
2.71859
2.71859
2.71859
2.71859
2.71859
2.71859
2.71858
2.71858
2.71858
2.71858
2.71858
2.71858
2.71858
2.71858
2.71858
2.71857
2.71857
2.71857
2.71857
2.71857
2.71857
2.71857
2.71857
2.71857
2.71856
2.71856
2.71856
2.71856
2.71856
2.71856
2.71855
2.71854
2.71854
2.71854
2.71854
2.71853
2.71853
2.71853
2.71853
2.71853
2.71853
2.71853
2.71853
2.71853
2.71852
2.71852
2.71852
2.71852
2.71852
2.71852
2.71852
2.71852
2.71852
2.71851
2.71851
2.71851
2.71851
2.71851
2.71851
2.71851

