2.7
2.7
2.7
2.7
2.7
2.69999
2.69999
2.69999
2.69999
2.69999
2.69999
2.69999
2.69999
2.69999
2.69998
2.69998
2.69998
2.69998
2.69998
2.69998
2.69998
2.69998
2.69998
2.69997
2.69997
2.69997
2.69997
2.69997
2.69997
2.69997
2.69997
2.69997
2.69997
2.69996
2.69996
2.69996
2.69996
2.69996
2.69996
2.69996
2.69996
2.69996
2.69995
2.69995
2.69995
2.69995
2.69995
2.69995
2.69995
2.69994
2.69994
2.69993
2.69993
2.69993
2.69993
2.69993
2.69992
2.69992
2.69992
2.69992
2.69992
2.69992
2.69992
2.69992
2.69992
2.69991
2.69991
2.69991
2.69991
2.6999
2.69989
2.69989
2.69988
2.69988
2.69988
2.69988
2.69988
2.69988
2.69988
2.69988
2.69988
2.69987
2.69987
2.69987
2.69987
2.69987
2.69987
2.69987
2.69987
2.69987
2.69986
2.69986
2.69986
2.69986
2.69986
2.69986
2.69986
2.69986
2.69986
2.69985
2.69985
2.69984
2.69984
2.69983
2.69983
2.69983
2.69983
2.69983
2.69983
2.69983
2.69983
2.69982
2.69982
2.69982
2.69982
2.69982
2.69982
2.69982
2.69982
2.69982
2.69981
2.69981
2.69981
2.69981
2.69981
2.69981
2.69981
2.69981
2.69981
2.6998
2.6998
2.6998
2.6998
2.6998
2.6998
2.6998
2.6998
2.6998
2.69979
2.69979
2.69979
2.69979
2.69979
2.69979
2.69979
2.69979
2.69979
2.69978
2.69978
2.69978
2.69978
2.69978
2.69978
2.69978
2.69978
2.69978
2.69977
2.69977
2.69977
2.69977
2.69977
2.69977
2.69977
2.69975
2.69974
2.69974
2.69973
2.69973
2.69973
2.69973
2.69973
2.69973
2.69973
2.69973
2.69972
2.69972
2.69972
2.69972
2.69972
2.69972
2.69972
2.69972
2.69972
2.69972
2.69971
2.69971
2.69971
2.6997
2.6997
2.6997
2.69969
2.69969
2.69969
2.69969
2.69969
2.69969
2.69969
2.69968
2.69968
2.69968
2.69968
2.69968
2.69968
2.69968
2.69968
2.69968
2.69968
2.69967
2.69967
2.69967
2.69967
2.69967
2.69967
2.69967
2.69967
2.69967
2.69966
2.69966
2.69966
2.69966
2.69966
2.69966
2.69966
2.69963
2.69962
2.69962
2.69962
2.69962
2.69962
2.69962
2.69961
2.69961
2.69961
2.69961
2.69961
2.69961
2.69961
2.69961
2.69961
2.6996
2.6996
2.6996
2.69959
2.69959
2.69959
2.69959
2.69959
2.69958
2.69958
2.69958
2.69958
2.69958
2.69958
2.69958
2.69958
2.69958
2.69957
2.69957
2.69957
2.69957
2.69956
2.69956
2.69956
2.69955
2.69955
2.69955
2.69955
2.69955
2.69955
2.69955
2.69955
2.69954
2.69954
2.69954
2.69954
2.69954
2.69954
2.69954
2.69954
2.69954
2.69953
2.69953
2.69953
2.69952
2.69952
2.69952
2.69951
2.69951
2.69951
2.69951
2.69951
2.69951
2.69951
2.69951
2.6995
2.6995
2.6995
2.6995
2.69949
2.69948
2.69948
2.69948
2.69948
2.69948
2.69948
2.69948
2.69947
2.69947
2.69947
2.69947
2.69947
2.69947
2.69947
2.69947
2.69947
2.69946
2.69946
2.69946
2.69946
2.69946
2.69946
2.69945
2.69943
2.69943
2.69943
2.69942
2.69942
2.69942
2.69942
2.69942
2.69942
2.69942
2.69942
2.69942
2.69941
2.69941
2.69941
2.69941
2.69941
2.69941
2.69941
2.6994
2.69939
2.69939
2.69939
2.69939
2.69938
2.69938
2.69938
2.69938
2.69938
2.69938
2.69938
2.69938
2.69938
2.69937
2.69937
2.69937
2.69937
2.69937
2.69937
2.69937
2.69937
2.69937
2.69936
2.69935
2.69934
2.69934
2.69934
2.69933
2.69933
2.69933
2.69933
2.69933
2.69933
2.69933
2.69933
2.69933
2.69932
2.69932
2.69932
2.69932
2.69932
2.69932
2.69932
2.69931
2.69931
2.6993
2.6993
2.6993
2.6993
2.6993
2.6993
2.69929
2.69929
2.69929
2.69929
2.69929
2.69929
2.69929
2.69929
2.69928
2.69926
2.70632
2.70617
2.70617
2.70617
2.70617
2.70616
2.70616
2.70616
2.70616
2.70616
2.70616
2.70616
2.70616
2.70616
2.70615
2.70615
2.70615
2.70615
2.70615
2.70615
2.70615
2.70615
2.70615
2.70614
2.70613
2.70612
2.70612
2.70612
2.70611
2.70611
2.70611
2.70611
2.70611
2.70611
2.70611
2.70611
2.7061
2.7061
2.7061
2.7061
2.7061
2.7061
2.70609
2.70608
2.70608
2.70608
2.70607
2.70607
2.70607
2.70607
2.70607
2.70607
2.70607
2.70607
2.70607
2.70606
2.70606
2.70606
2.70605
2.70605
2.70605
2.70604
2.70604
2.70604
2.70604
2.70604
2.70604
2.70604
2.70604
2.70603
2.70603
2.70603
2.70603
2.70603
2.70603
2.70603
2.70603
2.70603
2.70602
2.70602
2.70602
2.70602
2.70602
2.70602
2.70602
2.70602
2.70601
2.706
2.70599
2.70599
2.70599
2.70599
2.70598
2.70598
2.70598
2.70598
2.70598
2.70598
2.70598
2.70598
2.70598
2.70597
2.70597
2.70595
2.70593
2.70593
2.70593
2.70593
2.70592
2.70592
2.70592
2.70592
2.70592
2.70592
2.70592
2.70592
2.70592
2.70591
2.70591
2.70591
2.70591
2.70591
2.70591
2.70591
2.70591
2.70591
2.7059
2.7059
2.7059
2.70589
2.70589
2.70589
2.70588
2.70588
2.70588
2.70588
2.70588
2.70588
2.70588
2.70588
2.70588
2.70587
2.70587
2.70586
2.70586
2.70586
2.70585
2.70585
2.70585
2.70585
2.70585
2.70585
2.70585
2.70585
2.70585
2.70584
2.70584
2.70584
2.70583
2.70583
2.70583
2.70583
2.70583
2.70582
2.70582
2.70582
2.70582
2.70582
2.70582
2.70582
2.70582
2.70582
2.70581
2.70581
2.70581
2.70581
2.70581
2.70581
2.70581
2.70581
2.70581
2.70581
2.7058
2.7058
2.7058
2.7058
2.7058
2.7058
2.7058
2.7058
2.7058
2.70579
2.70579
2.70579
2.70579
2.70579
2.70579
2.70579
2.70579
2.70579
2.70578
2.70578
2.70578
2.70578
2.70578
2.70578
2.70578
2.70578
2.70578
2.70577
2.70577
2.70576
2.70575
2.70575
2.70574
2.70574
2.70574
2.70574
2.70574
2.70574
2.70574
2.70573
2.70573
2.70573
2.70573
2.70573
2.70573
2.70573
2.70573
2.70573
2.70572
2.70572
2.70572
2.70572
2.70572
2.70572
2.70572
2.70572
2.70572
2.70572
2.70571
2.70571
2.70571
2.70571
2.70571
2.70571
2.70571
2.70571
2.70571
2.7057
2.7057
2.7057
2.7057
2.70566
2.70566
2.70565
2.70565
2.70565
2.70565
2.70565
2.70565
2.70565
2.70565
2.70565
2.70564
2.70564
2.70564
2.70564
2.70564
2.70564
2.70564
2.70564
2.70564
2.70563
2.70563
2.70563
2.70563
2.70563
2.70563
2.70563
2.70563
2.70563
2.70562
2.70562
2.70562
2.70562
2.70562
2.70562
2.70562
2.70562
2.70562
2.70561
2.70561
2.70561
2.70561
2.70561
2.70561
2.70561
2.70561
2.70561
2.7056
2.7056
2.7056
2.7056
2.7056
2.7056
2.7056
2.7056
2.7056
2.70559
2.70559
2.70559
2.70559
2.70559
2.70559
2.70559
2.70559
2.70559
2.70558
2.70558
2.70558
2.70558
2.70558
2.70558
2.70558
2.70558
2.70558
2.70558
2.70557
2.70557
2.70557
2.70557
2.70557
2.70557
2.70557
2.70557
2.70557
2.70556
2.70556
2.70556
2.70554
2.70554
2.70553
2.70553
2.70553
2.70553
2.70553
2.70553
2.70553
2.70552
2.70552
2.70552
2.70551
2.7055
2.7055
2.70549
2.70549
2.70549
2.70549
2.70549
2.70549
2.70549
2.70549
2.70548
2.70548
2.70548
2.70548
2.70548
2.70548
2.70548
2.70548
2.70548
2.70547
2.70547
2.70547
2.70547
2.70547
2.70547
2.70547
2.70546
2.70545
2.70545
2.70545
2.70545
2.70544
2.70544
2.70544
2.70544
2.70544
2.70544
2.70544
2.70544
2.70544
2.70543
2.70543
2.70543
2.70543
2.70543
2.70543
2.70543
2.70543
2.70543
2.70542
2.70542
2.70542
2.70542
2.70542
2.70542
2.70542
2.70542
2.70542
2.70541
2.70541
2.70541
2.70541
2.70541
2.70541
2.70541
2.70541
2.7054
2.70539
2.70538
2.70538
2.70538
2.70538
2.70538
2.70538
2.70538
2.70538
2.70537
2.70537
2.70537
2.70537
2.70536
2.70534
2.70534
2.70533
2.70533
2.70533
2.70533
2.70533
2.70533
2.70533
2.70532
2.70532
2.70532
2.70532
2.70532
2.70532
2.70532
2.70532
2.70532
2.70531
2.70531
2.7053
2.70529
2.70529
2.70529
2.70529
2.70529
2.70528
2.70528
2.70528
2.70528
2.70528
2.70528
2.70528
2.70528
2.70528
2.70527
2.70527
2.70527
2.70527
2.70527
2.70527
2.70527
2.70526
2.70525
2.70524
2.70524
2.70524
2.70524
2.70524
2.70524
2.70523
2.70523
2.70523
2.70523
2.70523
2.70523
2.70523
2.70523
2.70521
2.70519
2.70518
2.70518
2.70517
2.70517
2.70517
2.70517
2.70517
2.70517
2.70517
2.70517
2.70517
2.70516
2.70516
2.70516
2.70516
2.70516
2.70516
2.70516
2.70516
2.70516
2.70515
2.70515
2.70515
2.70515
2.70513
2.70512
2.70511
2.70511
2.70511
2.70511
2.70511
2.70511
2.70511
2.70511
2.7051
2.7051
2.7051
2.7051
2.7051
2.7051
2.7051
2.7051
2.7051
2.70509
2.70509
2.70509
2.70509
2.70509
2.70509
2.70509
2.70509
2.70509
2.70508
2.70508
2.70508
2.70508
2.70508
2.70508
2.70508
2.70508
2.70508
2.70507
2.70507
2.70507
2.70507
2.70507
2.70507
2.70507
2.70507
2.70507
2.70506
2.70506
2.70506
2.70506
2.70506
2.70506
2.70506
2.70506
2.70506
2.70506
2.70505
2.70505
2.70505
2.70505
2.70505
2.70505
2.70505
2.70505
2.70505
2.70504
2.70504
2.70504
2.70504
2.70504
2.70504
2.70504
2.70504
2.70504
2.70503
2.70503
2.70503
2.70503
2.70503
2.70503
2.70503
2.70503
2.70501
2.705
2.705
2.70499
2.70499
2.70499
2.70499
2.70499
2.70499
2.70499
2.70499
2.70498
2.70498
2.70498
2.70498
2.70497
2.70496
2.70496
2.70496
2.70495
2.70495
2.70495
2.70495
2.70495
2.70495
2.70495
2.70495
2.70495
2.70494
2.70494
2.70494
2.70494
2.70494
2.70494
2.70494
2.70491
2.7049
2.7049
2.7049
2.7049
2.7049
2.7049
2.7049
2.7049
2.70489
2.70489
2.70489
2.70489
2.70488
2.70487
2.70487
2.70487
2.70486
2.70486
2.70486
2.70486
2.70486
2.70486
2.70486
2.70486
2.70486
2.70485
2.70485
2.70485
2.70485
2.70485
2.70485
2.70485
2.70485
2.70485
2.70484
2.70484
2.70484
2.70484
2.70484
2.70484
2.70484
2.70484
2.70484
2.70483
2.70483
2.70481
2.7048
2.7048
2.7048
2.7048
2.70479
2.70479
2.70479
2.70479
2.70479
2.70479
2.70479
2.70479
2.70479
2.70478
2.70478
2.70478
2.70478
2.70478
2.70478
2.70478
2.70478
2.70478
2.70477
2.70477
2.70477
2.70477
2.70477
2.70477
2.70477
2.70477
2.70476
2.70475
2.70474
2.70474
2.70474
2.70474
2.70474
2.70474
2.70474
2.70473
2.70473
2.70473
2.70473
2.70473
2.70473
2.70473
2.70473
2.70473
2.70472
2.70472
2.70472
2.70472
2.70472
2.70472
2.70472
2.70472
2.70472
2.7047
2.70468
2.70468
2.70468
2.70468
2.70468
2.70467
2.70467
2.70467
2.70467
2.70467
2.70467
2.70467
2.70467
2.70467
2.70466
2.70466
2.70466
2.70465
2.70465
2.70465
2.70464
2.70464
2.70464
2.70464
2.70464
2.70464
2.70464
2.70464
2.70463
2.70463
2.70463
2.70463
2.70463
2.70463
2.70463
2.70463
2.70463
2.70462
2.70461
2.70461
2.7046
2.7046
2.7046
2.7046
2.7046
2.7046
2.7046
2.7046
2.70459
2.70459
2.70459
2.70459
2.70459
2.70459
2.70459
2.70459
2.70459
2.70458
2.70458
2.70458
2.70458
2.70458
2.70458
2.70458
2.70458
2.70458
2.70458
2.70457
2.70457
2.70457
2.70457
2.70457
2.70457
2.70457
2.70457
2.70457
2.70456
2.70456
2.70456
2.70456
2.70456
2.70456
2.70456
2.70456
2.70456
2.70455
2.70455
2.70455
2.70452
2.70451
2.70451
2.70451
2.70451
2.70451
2.7045
2.7045
2.7045
2.7045
2.7045
2.7045
2.7045
2.7045
2.7045
2.70449
2.70449
2.70449
2.70449
2.70447
2.70446
2.70445
2.70445
2.70445
2.70445
2.70445
2.70445
2.70445
2.70444
2.70444
2.70444
2.70443
2.70442
2.70441
2.70441
2.70441
2.70441
2.70441
2.70441
2.70441
2.7044
2.7044
2.7044
2.7044
2.7044
2.7044
2.7044
2.70439
2.70439
2.70438
2.70438
2.70438
2.70438
2.70438
2.70437
2.70437
2.70437
2.70437
2.70437
2.70437
2.70437
2.70437
2.70437
2.70436
2.70436
2.70436
2.70436
2.70436
2.70436
2.70436
2.70435
2.70433
2.70432
2.70432
2.70432
2.70432
2.70431
2.70431
2.70431
2.70431
2.70431
2.70431
2.70431
2.70431
2.70431
2.7043
2.7043
2.7043
2.7043
2.7043
2.7043
2.7043
2.7043
2.7043
2.70429
2.70429
2.70429
2.70429
2.70429
2.70429
2.70429
2.70429
2.70429
2.70428
2.70427
2.70426
2.70426
2.70426
2.70426
2.70426
2.70426
2.70426
2.70426
2.70425
2.70425
2.70425
2.70425
2.70425
2.70425
2.70425
2.70425
2.70425
2.70424
2.70424
2.70424
2.70424
2.70424
2.70424
2.70424
2.70424
2.70424
2.70423
2.70423
2.70422
2.70422
2.70422
2.70421
2.70421
2.70421
2.70421
2.70421
2.70421
2.70421
2.70421
2.70421
2.7042
2.7042
2.7042
2.7042
2.7042
2.7042
2.7042
2.7042
2.7042
2.70419
2.70417
2.70417
2.70416
2.70416
2.70416
2.70416
2.70416
2.70416
2.70416
2.70416
2.70416
2.70415
2.70415
2.70415
2.70415
2.70415
2.70415
2.70415
2.70415
2.70415
2.70414
2.70414
2.70414
2.70414
2.70414
2.70414
2.70414
2.70414
2.70414
2.70413
2.70413
2.70413
2.70413
2.70413
2.70413
2.70413
2.70413
2.70413
2.70412
2.70412
2.70412
2.70412
2.70412
2.70412
2.70412
2.70412
2.70412
2.70411
2.70411
2.70411
2.70411
2.70411
2.70411
2.70411
2.70411
2.70411
2.7041
2.7041
2.7041
2.7041
2.7041
2.7041
2.7041
2.7041
2.7041
2.70409
2.70409
2.70409
2.70409
2.70409
2.70409
2.70409
2.70409
2.70409
2.70409
2.70408
2.70408
2.70408
2.70408
2.70408
2.70408
2.70408
2.70408
2.70408
2.70407
2.70407
2.70407
2.70407
2.70407
2.70407
2.70407
2.70407
2.70407
2.70406
2.70406
2.70406
2.70406
2.70406
2.70406
2.70406
2.70406
2.70406
2.70405
2.70405
2.70405
2.70405
2.70405
2.70405
2.70405
2.70405
2.70405
2.70404
2.70404
2.70404
2.70404
2.70404
2.70404
2.70404
2.70404
2.70404
2.70403
2.70403
2.70403
2.70403
2.70403
2.70403
2.70403
2.70403
2.70403
2.70402
2.70402
2.70402
2.70402
2.70402
2.70402
2.70402
2.70402
2.70402
2.70402
2.70401
2.70401
2.70401
2.70401
2.70401
2.70401
2.70401
2.70401
2.70401
2.704
2.704
2.704
2.704
2.704
2.704
2.704
2.704
2.704
2.70399
2.70399
2.70399
2.70399
2.70399
2.70399
2.70399
2.70399
2.70399
2.70398
2.70398
2.70398
2.70398
2.70398
2.70398
2.70398
2.70398
2.70398
2.70397
2.70397
2.70397
2.70397
2.70397
2.70397
2.70397
2.70397
2.70397
2.70396
2.70396
2.70396
2.70396
2.70396
2.70396
2.70396
2.70396
2.70396
2.70395
2.70395
2.70395
2.70395
2.70395
2.70395
2.70395
2.70395
2.70395
2.70395
2.70394
2.70394
2.70394
2.70394
2.70394
2.70394
2.70394
2.70394
2.70394
2.70393
2.70393
2.70393
2.70393
2.70391
2.70391
2.7039
2.7039
2.70389
2.70388
2.70388
2.70387
2.70387
2.70387
2.70387
2.70387
2.70387
2.70387
2.70386
2.70386
2.70386
2.70386
2.70386
2.70386
2.70386
2.70386
2.70386
2.70386
2.70385
2.70385
2.70385
2.70385
2.70385
2.70385
2.70385
2.70384
2.70382
2.70382
2.70382
2.70381
2.70381
2.70381
2.70381
2.70381
2.70381
2.70381
2.70381
2.70381
2.7038
2.7038
2.7038
2.70378
2.70377
2.70377
2.70377
2.70377
2.70377
2.70376
2.70376
2.70376
2.70376
2.70376
2.70376
2.70376
2.70376
2.70376
2.70375
2.70375
2.70375
2.70375
2.70375
2.70375
2.70375
2.70375
2.70375
2.70374
2.70374
2.70374
2.70374
2.70374
2.70374
2.70374
2.70374
2.70374
2.70373
2.70373
2.70373
2.70373
2.70373
2.70373
2.70373
2.70373
2.70373
2.70372
2.70372
2.70372
2.70372
2.70372
2.70372
2.70372
2.70372
2.70371
2.7037
2.70369
2.70369
2.70369
2.70369
2.70369
2.70368
2.70368
2.70368
2.70368
2.70368
2.70368
2.70368
2.70368
2.70368
2.70366
2.70365
2.70365
2.70364
2.70364
2.70364
2.70364
2.70364
2.70364
2.70364
2.70363
2.70363
2.70363
2.70363
2.70363
2.70363
2.70363
2.70363
2.70363
2.70361
2.7036
2.7036
2.70359
2.70359
2.70359
2.70359
2.70359
2.70359
2.70359
2.70358
2.70358
2.70358
2.70358
2.70358
2.70358
2.70358
2.70358
2.70358
2.70356
2.70355
2.70355
2.70355
2.70355
2.70354
2.70354
2.70354
2.70354
2.70354
2.70352
2.70351
2.7035
2.7035
2.7035
2.7035
2.7035
2.7035
2.7035
2.7035
2.70349
2.70349
2.70349
2.70349
2.70349
2.70349
2.70349
2.70349
2.70349
2.70348
2.70348
2.70348
2.70348
2.70348
2.70348
2.70348
2.70348
2.70348
2.70347
2.70347
2.70347
2.70347
2.70347
2.70347
2.70347
2.70347
2.70346
2.70345
2.70345
2.70344
2.70344
2.70344
2.70344
2.70344
2.70344
2.70344
2.70343
2.70343
2.70343
2.70343
2.70343
2.70343
2.70343
2.70343
2.70343
2.70343
2.70342
2.70342
2.70341
2.7034
2.70339
2.70339
2.70339
2.70338
2.70338
2.70338
2.70338
2.70338
2.70338
2.70338
2.70338
2.70338
2.70337
2.70337
2.70337
2.70337
2.70336
2.70336
2.70335
2.70335
2.70335
2.70335
2.70335
2.70335
2.70334
2.70334
2.70334
2.70334
2.70334
2.70334
2.70334
2.70334
2.70334
2.70334
2.70333
2.70333
2.70333
2.70333
2.70333
2.70332
2.70331
2.7033
2.7033
2.7033
2.7033
2.7033
2.7033
2.7033
2.70329
2.70329
2.70329
2.70329
2.70329
2.70329
2.70329
2.70329
2.70329
2.70328
2.70328
2.70328
2.70328
2.70328
2.70328
2.70328
2.70328
2.70328
2.70327
2.70327
2.70327
2.70327
2.70327
2.70327
2.70327
2.70327
2.70327
2.70326
2.70326
2.70326
2.70326
2.70326
2.70326
2.70326
2.70326
2.70326
2.70325
2.70325
2.70325
2.70325
2.70325
2.70325
2.70325
2.70325
2.70325
2.70324
2.70324
2.70324
2.70324
2.70324
2.70324
2.70324
2.70324
2.70324
2.70323
2.70323
2.70323
2.70323
2.70323
2.70323
2.70323
2.70323
2.70323
2.70323
2.70322
2.70322
2.70322
2.70322
2.70322
2.70322
2.70322
2.70322
2.70322
2.70321
2.70321
2.70321
2.70321
2.70321
2.70321
2.70321
2.70321
2.70321
2.7032
2.7032
2.7032
2.7032
2.7032
2.7032
2.7032
2.7032
2.7032
2.70319
2.70319
2.70319
2.70319
2.70319
2.70319
2.70319
2.70319
2.70319
2.70318
2.70318
2.70318
2.70318
2.70318
2.70318
2.70318
2.70318
2.70318
2.70317
2.70317
2.70317
2.70317
2.70317
2.70317
2.70317
2.70317
2.70317
2.70316
2.70316
2.70316
2.70316
2.70316
2.70316
2.70316
2.70316
2.70316
2.70316
2.70315
2.70315
2.70315
2.70315
2.70315
2.70315
2.70315
2.70315
2.70315
2.70314
2.70314
2.70314
2.70314
2.70314
2.70314
2.70314
2.70314
2.70314
2.70313
2.70313
2.70313
2.70313
2.70313
2.70313
2.70313
2.70313
2.70313
2.70312
2.70312
2.70312
2.70312
2.70312
2.70312
2.70312
2.70312
2.70312
2.70311
2.70311
2.70311
2.70311
2.70311
2.70311
2.70311
2.70311
2.70311
2.7031
2.7031
2.7031
2.7031
2.7031
2.7031
2.70308
2.70306
2.70306
2.70306
2.70306
2.70305
2.70305
2.70305
2.70305
2.70305
2.70305
2.70305
2.70305
2.70305
2.70304
2.70304
2.70304
2.70304
2.70304
2.70302
2.70302
2.70301
2.70301
2.70301
2.70301
2.70301
2.70301
2.70301
2.70301
2.703
2.703
2.703
2.703
2.703
2.703
2.703
2.703
2.70299
2.70296
2.70295
2.70295
2.70295
2.70294
2.70294
2.70294
2.70294
2.70294
2.70294
2.70294
2.70294
2.70294
2.70293
2.70293
2.70293
2.70293
2.70293
2.70293
2.70293
2.70293
2.70293
2.70292
2.70292
2.70292
2.70292
2.70292
2.70292
2.70292
2.70292
2.70292
2.70291
2.70291
2.70291
2.70291
2.70291
2.70291
2.70291
2.70291
2.70291
2.7029
2.7029
2.7029
2.7029
2.7029
2.7029
2.7029
2.7029
2.7029
2.7029
2.70289
2.70289
2.70289
2.70289
2.70289
2.70289
2.70289
2.70289
2.70289
2.70288
2.70288
2.70288
2.70288
2.70288
2.70288
2.70288
2.70288
2.70288
2.70287
2.70287
2.70287
2.70287
2.70287
2.70287
2.70287
2.70287
2.70287
2.70286
2.70286
2.70286
2.70286
2.70286
2.70286
2.70286
2.70286
2.70286
2.70285
2.70285
2.70285
2.70284
2.70284
2.70284
2.70284
2.70284
2.70283
2.70283
2.70283
2.70283
2.70283
2.70283
2.70283
2.70283
2.70283
2.70282
2.70282
2.70282
2.70282
2.70282
2.70282
2.70282
2.70282
2.70282
2.70281
2.70281
2.70279
2.70277
2.70277
2.70277
2.70276
2.70276
2.70276
2.70276
2.70276
2.70276
2.70276
2.70276
2.70276
2.70275
2.70275
2.70275
2.70275
2.70275
2.70275
2.70275
2.70275
2.70275
2.70274
2.70273
2.70272
2.70272
2.70272
2.70272
2.70272
2.70271
2.70271
2.70271
2.70271
2.70271
2.70271
2.70271
2.70271
2.70271
2.7027
2.7027
2.7027
2.7027
2.7027
2.7027
2.7027
2.7027
2.7027
2.70269
2.70269
2.70269
2.70269
2.70269
2.70269
2.70269
2.70269
2.70269
2.70268
2.70268
2.70268
2.70268
2.70268
2.70268
2.70268
2.70268
2.70268
2.70267
2.70267
2.70267
2.70267
2.70267
2.70267
2.70267
2.70267
2.70267
2.70267
2.70266
2.70266
2.70266
2.70266
2.70266
2.70266
2.70266
2.70266
2.70266
2.70265
2.70265
2.70265
2.70265
2.70265
2.70264
2.70263
2.70262
2.70262
2.70262
2.70262
2.70262
2.70262
2.70262
2.70262
2.70261
2.70261
2.70261
2.70261
2.70261
2.70261
2.70261
2.70261
2.70261
2.7026
2.7026
2.7026
2.7026
2.7026
2.7026
2.7026
2.7026
2.7026
2.7026
2.70259
2.70259
2.70259
2.70259
2.70259
2.70259
2.70259
2.70259
2.70259
2.70258
2.70258
2.70258
2.70258
2.70258
2.70258
2.70257
2.70257
2.70256
2.70256
2.70256
2.70256
2.70256
2.70256
2.70256
2.70255
2.70255
2.70255
2.70255
2.70255
2.70255
2.70255
2.70255
2.70255
2.70254
2.70254
2.70254
2.70254
2.70254
2.70254
2.70254
2.70254
2.70254
2.70254
2.70253
2.70253
2.70253
2.70253
2.70253
2.70253
2.70253
2.70253
2.70253
2.70252
2.70252
2.70252
2.70252
2.70252
2.70252
2.70252
2.70252
2.70252
2.70251
2.70251
2.70251
2.70251
2.70251
2.70251
2.70251
2.70251
2.70251
2.7025
2.7025
2.7025
2.7025
2.7025
2.7025
2.7025
2.7025
2.7025
2.70249
2.70249
2.70249
2.70249
2.70249
2.70249
2.70249
2.70249
2.70249
2.70248
2.70248
2.70248
2.70248
2.70248
2.70248
2.70248
2.70248
2.70248
2.70247
2.70247
2.70247
2.70247
2.70247
2.70247
2.70247
2.70247
2.70247
2.70247
2.70246
2.70246
2.70246
2.70246
2.70246
2.70246
2.70246
2.70246
2.70246
2.70245
2.70245
2.70245
2.70245
2.70245
2.70245
2.70244
2.70243
2.70243
2.70243
2.70243
2.70243
2.70243
2.70243
2.70242
2.70242
2.70242
2.70242
2.70242
2.70242
2.70242
2.70242
2.70241
2.7024
2.7024
2.7024
2.7024
2.7024
2.70239
2.70239
2.70239
2.70239
2.70239
2.70239
2.70239
2.70239
2.70239
2.70238
2.70238
2.70238
2.70238
2.70238
2.70238
2.70238
2.70238
2.70238
2.70237
2.70236
2.70236
2.70236
2.70236
2.70235
2.70235
2.70235
2.70235
2.70235
2.70235
2.70235
2.70235
2.70235
2.70234
2.70234
2.70234
2.70234
2.70234
2.70234
2.70234
2.70234
2.70234
2.70234
2.70232
2.70231
2.70231
2.70231
2.70231
2.7023
2.7023
2.7023
2.7023
2.7023
2.7023
2.7023
2.7023
2.7023
2.70229
2.70229
2.70229
2.70229
2.70229
2.70229
2.70229
2.70229
2.70229
2.70228
2.70228
2.70228
2.70228
2.70228
2.70228
2.70228
2.70228
2.70228
2.70227
2.70227
2.70227
2.70227
2.70227
2.70225
2.70225
2.70224
2.70224
2.70224
2.70224
2.70224
2.70224
2.70224
2.70223
2.70223
2.70223
2.70223
2.70223
2.70223
2.70223
2.70223
2.70223
2.70222
2.70222
2.70222
2.70222
2.70222
2.70222
2.70222
2.70221
2.7022
2.70219
2.70219
2.70219
2.70219
2.70219
2.70219
2.70219
2.70218
2.70218
2.70218
2.70218
2.70218
2.70218
2.70218
2.70218
2.70218
2.70217
2.70217
2.70217
2.70217
2.70217
2.70217
2.70217
2.70216
2.70214
2.70213
2.70213
2.70213
2.70213
2.70213
2.70213
2.70212
2.70212
2.70212
2.70212
2.70212
2.70212
2.70212
2.70212
2.70212
2.70211
2.70211
2.70211
2.70211
2.70211
2.70211
2.70211
2.70211
2.70211
2.7021
2.7021
2.7021
2.7021
2.7021
2.7021
2.7021
2.7021
2.7021
2.7021
2.70209
2.70209
2.70209
2.70209
2.70209
2.70209
2.70209
2.70209
2.70209
2.70208
2.70208
2.70208
2.70208
2.70208
2.70208
2.70208
2.70208
2.70208
2.70207
2.70207
2.70207
2.70207
2.70207
2.70207
2.70207
2.70207
2.70207
2.70206
2.70203
2.70202
2.70202
2.70201
2.70201
2.70201
2.70201
2.70201
2.70201
2.70201
2.70201
2.70199
2.70198
2.70198
2.70197
2.70197
2.70197
2.70197
2.70197
2.70197
2.70197
2.70197
2.70196
2.70196
2.70196
2.70196
2.70196
2.70196
2.70196
2.70196
2.70196
2.70196
2.70195
2.70194
2.70194
2.70194
2.70193
2.70193
2.70193
2.70193
2.70193
2.70193
2.70193
2.70193
2.70192
2.70192
2.70192
2.70192
2.70192
2.70192
2.70192
2.70192
2.70192
2.70191
2.70191
2.70191
2.70191
2.70191
2.70191
2.70191
2.70191
2.70191
2.7019
2.7019
2.7019
2.7019
2.7019
2.7019
2.7019
2.7019
2.70189
2.70189
2.70188
2.70188
2.70188
2.70187
2.70187
2.70187
2.70187
2.70187
2.70187
2.70187
2.70187
2.70187
2.70186
2.70186
2.70186
2.70186
2.70186
2.70186
2.70184
2.70183
2.70183
2.70183
2.70183
2.70183
2.70183
2.70183
2.70182
2.70182
2.70182
2.70182
2.70182
2.70182
2.70182
2.70182
2.70182
2.70181
2.7018
2.70179
2.70179
2.70179
2.70179
2.70179
2.70178
2.70178
2.70178
2.70178
2.70178
2.70178
2.70178
2.70178
2.70178
2.70177
2.70177
2.70177
2.70177
2.70177
2.70177
2.70177
2.70177
2.70177
2.70176
2.70176
2.70176
2.70176
2.70176
2.70176
2.70176
2.70176
2.70176
2.70175
2.70175
2.70175
2.70174
2.70171
2.7017
2.7017
2.7017
2.7017
2.7017
2.7017
2.70169
2.70169
2.70169
2.70169
2.70169
2.70169
2.70169
2.70169
2.70169
2.70168
2.70168
2.70168
2.70168
2.70168
2.70168
2.70168
2.70168
2.70168
2.70167
2.70167
2.70167
2.70166
2.70166
2.70165
2.70165
2.70165
2.70165
2.70165
2.70165
2.70165
2.70165
2.70164
2.70164
2.70164
2.70164
2.70164
2.70164
2.70164
2.70164
2.70164
2.70163
2.70163
2.70163
2.70163
2.70163
2.70163
2.70163
2.70163
2.70163
2.70162
2.70162
2.70162
2.70162
2.70162
2.70162
2.70162
2.70159
2.70159
2.70158
2.70158
2.70158
2.70158
2.70158
2.70158
2.70158
2.70157
2.70157
2.70157
2.70157
2.70157
2.70157
2.70157
2.70157
2.70157
2.70156
2.70156
2.70156
2.70156
2.70156
2.70156
2.70156
2.70156
2.70156
2.70155
2.70155
2.70155
2.70155
2.70155
2.70155
2.70155
2.70155
2.70155
2.70154
2.70154
2.70154
2.70154
2.70153
2.70153
2.70152
2.70152
2.70152
2.70152
2.70152
2.70152
2.70152
2.70151
2.70151
2.70151
2.70151
2.70151
2.70151
2.70151
2.70151
2.70151
2.7015
2.70149
2.70148
2.70148
2.70148
2.70148
2.70148
2.70148
2.70148
2.70148
2.70147
2.70147
2.70147
2.70147
2.70147
2.70147
2.70147
2.70147
2.70147
2.70146
2.70146
2.70146
2.70146
2.70146
2.70146
2.70146
2.70146
2.70146
2.70145
2.70145
2.70144
2.70142
2.70142
2.70141
2.70141
2.70141
2.70141
2.70141
2.70141
2.70141
2.70141
2.70141
2.7014
2.7014
2.7014
2.7014
2.7014
2.7014
2.7014
2.7014
2.7014
2.70139
2.70139
2.70139
2.70139
2.70139
2.70139
2.70139
2.70139
2.70139
2.70138
2.70138
2.70138
2.70137
2.70136
2.70135
2.70135
2.70135
2.70135
2.70135
2.70135
2.70135
2.70134
2.70134
2.70134
2.70134
2.70134

