2.7
2.7
2.7
2.7
2.7
2.69999
2.69999
2.69999
2.69999
2.69999
2.69999
2.69999
2.69999
2.69999
2.69998
2.69998
2.69998
2.69998
2.69998
2.69998
2.69998
2.69998
2.69998
2.69997
2.69997
2.69997
2.69997
2.69997
2.69997
2.69997
2.69996
2.69995
2.69995
2.69995
2.69995
2.69994
2.69994
2.69994
2.69994
2.69994
2.69994
2.69994
2.69994
2.69994
2.69992
2.69991
2.69991
2.6999
2.6999
2.6999
2.6999
2.6999
2.6999
2.6999
2.6999
2.6999
2.69989
2.69989
2.69989
2.69989
2.69989
2.69989
2.69989
2.69989
2.69989
2.69988
2.69988
2.69988
2.69988
2.69988
2.69988
2.69988
2.69988
2.69988
2.69987
2.69987
2.69987
2.69987
2.69987
2.69987
2.69987
2.69987
2.69987
2.69986
2.69986
2.69986
2.69986
2.69986
2.69986
2.69986
2.69986
2.69986
2.69985
2.69985
2.69985
2.69985
2.69985
2.69985
2.69985
2.69984
2.69984
2.69983
2.69983
2.69983
2.69983
2.69983
2.69983
2.69983
2.69982
2.69982
2.69982
2.69982
2.69982
2.69982
2.69982
2.69982
2.69982
2.69981
2.69981
2.69981
2.69981
2.69981
2.69981
2.69981
2.69979
2.69979
2.69978
2.69978
2.69978
2.69978
2.69978
2.69978
2.69978
2.69978
2.69977
2.69977
2.69977
2.69977
2.69977
2.69977
2.69977
2.69977
2.69977
2.69976
2.69976
2.69976
2.69976
2.69976
2.69975
2.69974
2.69973
2.69973
2.69973
2.69973
2.69973
2.69973
2.69973
2.69973
2.69972
2.69972
2.69972
2.69972
2.69972
2.69972
2.69972
2.69972
2.69972
2.69971
2.69971
2.69971
2.69971
2.69971
2.69971
2.69971
2.69971
2.69971
2.6997
2.6997
2.6997
2.6997
2.6997
2.6997
2.6997
2.6997
2.6997
2.69969
2.69969
2.69969
2.69969
2.69969
2.69969
2.69969
2.69968
2.69966
2.69966
2.69966
2.69966
2.69966
2.69966
2.69965
2.69965
2.69965
2.69965
2.69965
2.69965
2.69965
2.69965
2.69965
2.69964
2.69964
2.69964
2.69964
2.69964
2.69964
2.69964
2.69964
2.69964
2.69963
2.69963
2.69963
2.69963
2.69963
2.69963
2.69963
2.69963
2.69963
2.69962
2.69962
2.69962
2.69962
2.69962
2.69962
2.69962
2.69962
2.69962
2.69961
2.69961
2.69961
2.69961
2.69961
2.69961
2.69961
2.69961
2.69961
2.6996
2.6996
2.6996
2.6996
2.6996
2.6996
2.6996
2.69959
2.69958
2.69958
2.69958
2.69958
2.69958
2.69957
2.69957
2.69957
2.69957
2.69957
2.69957
2.69957
2.69957
2.69957
2.69956
2.69956
2.69956
2.69956
2.69954
2.69953
2.69952
2.69952
2.69952
2.69952
2.69952
2.69952
2.69951
2.69951
2.69951
2.69951
2.69951
2.69951
2.69951
2.69951
2.69951
2.69951
2.6995
2.6995
2.6995
2.6995
2.6995
2.6995
2.6995
2.6995
2.6995
2.69949
2.69949
2.69949
2.69948
2.69947
2.69947
2.69947
2.69947
2.69947
2.69947
2.69947
2.69946
2.69946
2.69946
2.69946
2.69946
2.69946
2.69946
2.69946
2.69946
2.69945
2.69945
2.69945
2.69945
2.69945
2.69945
2.69945
2.69945
2.69945
2.69944
2.69944
2.69944
2.69944
2.69944
2.69944
2.69944
2.69944
2.69944
2.69943
2.69943
2.69943
2.69943
2.69943
2.69943
2.69942
2.69941
2.69941
2.69941
2.69941
2.6994
2.6994
2.6994
2.6994
2.6994
2.6994
2.6994
2.6994
2.6994
2.69939
2.69939
2.69939
2.69939
2.69939
2.69939
2.69937
2.69936
2.69936
2.69935
2.69935
2.69935
2.69935
2.69935
2.69935
2.69935
2.69935
2.69934
2.69934
2.69934
2.69934
2.69934
2.69934
2.69934
2.69934
2.69934
2.69933
2.69933
2.69933
2.69933
2.69933
2.69933
2.69933
2.69933
2.69933
2.69932
2.69932
2.69932
2.69932
2.69932
2.69932
2.69932
2.69932
2.69932
2.69932
2.69931
2.69931
2.69929
2.69929
2.69928
2.69928
2.69928
2.69928
2.69928
2.69928
2.69928
2.69927
2.69927
2.69927
2.69927
2.69925
2.69924
2.69924
2.69924
2.69924
2.69924
2.69924
2.69923
2.69923
2.69923
2.69923
2.69923
2.69923
2.69923
2.69923
2.69923
2.69922
2.69922
2.69922
2.69922
2.69922
2.69922
2.69922
2.69922
2.69922
2.69921
2.69921
2.69921
2.69921
2.69921
2.69921
2.69921
2.69921
2.69921
2.6992
2.6992
2.69919
2.69919
2.69919
2.69919
2.69918
2.69918
2.69918
2.69918
2.69918
2.69918
2.69918
2.69918
2.69918
2.69917
2.69917
2.69917
2.69917
2.69916
2.69916
2.69915
2.69915
2.69915
2.69915
2.69915
2.69915
2.69915
2.69914
2.69914
2.69914
2.69914
2.69914
2.69914
2.69914
2.69914
2.69914
2.69913
2.69913
2.69913
2.69913
2.69913
2.69913
2.69913
2.69913
2.69913
2.69912
2.69911
2.69911
2.69911
2.6991
2.6991
2.6991
2.6991
2.6991
2.6991
2.6991
2.6991
2.6991
2.69909
2.69909
2.69909
2.69909
2.69909
2.69909
2.69909
2.69909
2.69909
2.69908
2.69908
2.69908
2.69908
2.69908
2.69908
2.69908
2.69908
2.69908
2.69907
2.69907
2.69907
2.69907
2.69907
2.69907
2.69907
2.69907
2.69907
2.69906
2.69906
2.69906
2.69906
2.69906
2.69906
2.69906
2.69906
2.69906
2.69905
2.69905
2.69905
2.69905
2.69905
2.69905
2.69905
2.69905
2.69905
2.69904
2.69904
2.69904
2.69904
2.69904
2.69903
2.69903
2.69902
2.69902
2.69902
2.69902
2.69902
2.69902
2.69902
2.69902
2.69902
2.69901
2.69901
2.69901
2.69901
2.69901
2.69901
2.69901
2.69901
2.69901
2.69899
2.69898
2.69898
2.69898
2.69898
2.69898
2.69898
2.69897
2.69897
2.69897
2.69897
2.69897
2.69897
2.69897
2.69897
2.69897
2.69896
2.69896
2.69896
2.69896
2.69896
2.69896
2.69896
2.69896
2.69896
2.69895
2.69895
2.69895
2.69895
2.69895
2.69895
2.69895
2.69895
2.69895
2.69894
2.69893
2.69893
2.69893
2.69893
2.69893
2.69892
2.69892
2.69892
2.69892
2.69892
2.69892
2.69892
2.69892
2.69892
2.69891
2.69891
2.69891
2.69891
2.69891
2.69891
2.69889
2.69889
2.69888
2.69888
2.69888
2.69888
2.69888
2.69888
2.69888
2.69888
2.69887
2.69887
2.69887
2.69887
2.69887
2.69887
2.69887
2.69887
2.69887
2.69886
2.69886
2.69886
2.69886
2.69885
2.69883
2.69883
2.69883
2.69883
2.69883
2.69883
2.69883
2.69882
2.69882
2.69882
2.69882
2.69882
2.69882
2.6988
2.69879
2.69879
2.69879
2.69878
2.69878
2.69878
2.69878
2.69878
2.69878
2.69878
2.69878
2.69877
2.69877
2.69875
2.69875
2.69875
2.69874
2.69874
2.69874
2.69874
2.69874
2.69874
2.69874
2.69874
2.69873
2.69873
2.69873
2.69873
2.69873
2.69873
2.69873
2.69873
2.69873
2.69873
2.69872
2.69872
2.69872
2.69872
2.69872
2.69872
2.69872
2.69872
2.69872
2.69871
2.69871
2.69871
2.69871
2.69871
2.69871
2.69871
2.69871
2.69871
2.6987
2.6987
2.6987
2.6987
2.69868
2.69867
2.69867
2.69867
2.69866
2.69866
2.69866
2.69866
2.69866
2.69866
2.69866
2.69866
2.69866
2.69865
2.69865
2.69865
2.69865
2.69865
2.69865
2.69865
2.69865
2.69865
2.69864
2.69864
2.69864
2.69864
2.69864
2.69864
2.69864
2.69864
2.69864
2.69863
2.69863
2.69863
2.69863
2.69863
2.69863
2.69863
2.69863
2.69863
2.69862
2.69862
2.69862
2.69862
2.69862
2.69862
2.69862
2.69862
2.69862
2.69861
2.69861
2.69861
2.69861
2.69861
2.69861
2.69861
2.69861
2.69861
2.6986
2.6986
2.6986
2.6986
2.6986
2.6986
2.6986
2.6986
2.6986
2.6986
2.69859
2.69859
2.69859
2.69859
2.69859
2.69859
2.69859
2.69859
2.69859
2.69858
2.69858
2.69857
2.69857
2.69856
2.69856
2.69856
2.69856
2.69856
2.69856
2.69856
2.69856
2.69855
2.69855
2.69855
2.69855
2.69855
2.69855
2.69855
2.69855
2.69855
2.69854
2.69854
2.69854
2.69854
2.69853
2.69852
2.69852
2.69852
2.69852
2.69851
2.69851
2.69851
2.69851
2.69851
2.69851
2.69851
2.69851
2.69851
2.6985
2.6985
2.6985
2.6985
2.6985
2.6985
2.6985
2.6985
2.6985
2.69849
2.69849
2.69849
2.69849
2.69847
2.69846
2.69846
2.69846
2.69845
2.69845
2.69845
2.69845
2.69845
2.69845
2.69845
2.69845
2.69845
2.69844
2.69844
2.69844
2.69844
2.69844
2.69844
2.69844
2.69844
2.69843
2.69842
2.69842
2.69842
2.69842
2.69841
2.69841
2.69841
2.69841
2.69841
2.69841
2.69841
2.69841
2.69841
2.6984
2.6984
2.6984
2.6984
2.6984
2.6984
2.6984
2.6984
2.6984
2.69839
2.69839
2.69839
2.69839
2.69839
2.69839
2.69839
2.69839
2.69839
2.69838
2.69838
2.69838
2.69838
2.69838
2.69838
2.69838
2.69838
2.69838
2.69837
2.69837
2.69837
2.69836
2.69836
2.69836
2.69836
2.69836
2.69835
2.69835
2.69835
2.69835
2.69835
2.69835
2.69835
2.69835
2.69835
2.69834
2.69834
2.69834
2.69834
2.69833
2.69833
2.69833
2.69832
2.69832
2.69832
2.69832
2.69832
2.69832
2.69832
2.69832
2.69832
2.69831
2.69831
2.69831
2.69831
2.69831
2.69831
2.69831
2.69831
2.69831
2.6983
2.6983
2.6983
2.6983
2.6983
2.6983
2.6983
2.6983
2.6983
2.69829
2.69829
2.69829
2.69829
2.69829
2.69829
2.69829
2.69829
2.69829
2.69828
2.69828
2.69828
2.69828
2.69828
2.69828
2.69828
2.69828
2.69828
2.69827
2.69827
2.69827
2.69827
2.69827
2.69827
2.69827
2.69827
2.69827
2.69826
2.69826
2.69826
2.69826
2.69826
2.69826
2.69824
2.69823
2.69823
2.69823
2.69823
2.69823
2.69822
2.69822
2.69822
2.69822
2.69822
2.69822
2.69821
2.69821
2.6982
2.6982
2.6982
2.6982
2.6982
2.6982
2.6982
2.69819
2.69819
2.69819
2.69819
2.69819
2.69819
2.69819
2.69819
2.69819
2.69818
2.69818
2.69818
2.69818
2.69818
2.69818
2.69818
2.69818
2.69818
2.69817
2.69817
2.69817
2.69817
2.69816
2.69816
2.69816
2.69815
2.69815
2.69815
2.69815
2.69815
2.69815
2.69815
2.69815
2.69815
2.69814
2.69814
2.69814
2.69814
2.69814
2.69814
2.69814
2.69814
2.69812
2.69811
2.6981
2.69809
2.69809
2.69809
2.69809
2.69809
2.69809
2.69808
2.69808
2.69807
2.69807
2.69807
2.69807
2.69806
2.69806
2.69806
2.69806
2.69806
2.69806
2.69806
2.69806
2.69806
2.69805
2.69805
2.69805
2.69805
2.69805
2.69805
2.69802
2.69801
2.69801
2.69801
2.69801
2.69801
2.698
2.698
2.698
2.698
2.698
2.698
2.698
2.698
2.698
2.69799
2.69799
2.69799
2.69799
2.69799
2.69798
2.69798
2.69797
2.69797
2.69797
2.69797
2.69797
2.69797
2.69797
2.69797
2.69796
2.69796
2.69796
2.69796
2.69796
2.69796
2.69796
2.69796
2.69796
2.69796
2.69795
2.69795
2.69795
2.69795
2.69795
2.69795
2.69795
2.69795
2.69795
2.69794
2.69794
2.69794
2.69794
2.69794
2.69794
2.69794
2.69794
2.69794
2.69793
2.69792
2.69792
2.69792
2.69792
2.69791
2.69791
2.69791
2.69791
2.69791
2.69791
2.69791
2.69791
2.69791
2.6979
2.6979
2.6979
2.69789
2.69789
2.69789
2.69789
2.69788
2.69788
2.69788
2.69788
2.69788
2.69788
2.69788
2.69788
2.69788
2.69787
2.69787
2.69787
2.69787
2.69787
2.69787
2.69787
2.69787
2.69787
2.69786
2.69786
2.69786
2.69786
2.69786
2.69786
2.69786
2.69786
2.69786
2.69785
2.69785
2.69785
2.69785
2.69785
2.69785
2.69785
2.69785
2.69785
2.69784
2.69784
2.69784
2.69784
2.69784
2.69784
2.69784
2.69784
2.69784
2.69784
2.69782
2.6978
2.6978
2.6978
2.6978
2.69779
2.69779
2.69779
2.69779
2.69779
2.69779
2.69779
2.69779
2.69779
2.69778
2.69778
2.69778
2.69778
2.69778
2.69778
2.69778
2.69778
2.69778
2.69776
2.69776
2.69776
2.69775
2.69775
2.69775
2.69775
2.69775
2.69775
2.69775
2.69775
2.69775
2.69774
2.69774
2.69774
2.69773
2.69772
2.69771
2.69771
2.69771
2.69771
2.69771
2.69771
2.69771
2.6977
2.6977
2.6977
2.6977
2.6977
2.6977
2.6977
2.6977
2.6977
2.69769
2.69769
2.69769
2.69769
2.69769
2.69769
2.69769
2.69769
2.69769
2.69768
2.69768
2.69768
2.69768
2.69768
2.69768
2.69768
2.69768
2.69768
2.69768
2.69767
2.69767
2.69767
2.69767
2.69767
2.69767
2.69766
2.69765
2.69765
2.69764
2.69764
2.69764
2.69764
2.69764
2.69764
2.69764
2.69764
2.69764
2.69763
2.69763
2.69763
2.69763
2.69763
2.69763
2.69762
2.69761
2.69761
2.69761
2.69761
2.69761
2.6976
2.6976
2.6976
2.6976
2.6976
2.6976
2.6976
2.6976
2.6976
2.69759
2.69759
2.69759
2.69759
2.69759
2.69759
2.69757
2.69757
2.69757
2.69756
2.69756
2.69756
2.69756
2.69756
2.69756
2.69756
2.69756
2.69755
2.69755
2.69755
2.69755
2.69754
2.69754
2.69753
2.69753
2.69753
2.69753
2.69753
2.69753
2.69752
2.69752
2.69752
2.69752
2.69752
2.69752
2.69752
2.69752
2.69752
2.69751
2.69751
2.69751
2.69751
2.69751
2.69751
2.69751
2.69751
2.69751
2.6975
2.6975
2.6975
2.6975
2.6975
2.6975
2.6975
2.6975
2.6975
2.69749
2.69749
2.69749
2.69749
2.69749
2.69749
2.69749
2.69749
2.69749
2.69748
2.69748
2.69748
2.69748
2.69748
2.69748
2.69748
2.69748
2.69748
2.69747
2.69746
2.69745
2.69745
2.69745
2.69745
2.69744
2.69744
2.69744
2.69744
2.69744
2.69744
2.69744
2.69744
2.69744
2.69743
2.69743
2.69743
2.69743
2.69743
2.69743
2.69743
2.69743
2.69743
2.69743
2.69742
2.69742
2.69742
2.69742
2.69742
2.69742
2.69742
2.69742
2.69742
2.69741
2.69741
2.69741
2.69741
2.69741
2.69741
2.69741
2.69741
2.69741
2.6974
2.69739
2.69738
2.69737
2.69737
2.69737
2.69737
2.69737
2.69737
2.69736
2.69736
2.69736
2.69736
2.69736
2.69736
2.69736
2.69736
2.69736
2.69735
2.69735
2.69735
2.69735
2.69735
2.69735
2.69735
2.69735
2.69735
2.69734
2.69734
2.69733
2.69733
2.69733
2.69733
2.69733
2.69732
2.69732
2.69732
2.69732
2.69732
2.69732
2.69732
2.69732
2.69732
2.69731
2.69731
2.69731
2.69731
2.69731
2.69731
2.6973
2.69729
2.69729
2.69729
2.69729
2.69728
2.69728
2.69728
2.69728
2.69728
2.69728
2.69728
2.69728
2.69728
2.69727
2.69727
2.69727
2.69727
2.69727
2.69727
2.69726
2.69726
2.69725
2.69725
2.69725
2.69725
2.69725
2.69725
2.69725
2.69724
2.69724
2.69724
2.69724
2.69724
2.69724
2.69724
2.69724
2.69724
2.69723
2.69723
2.69723
2.69721
2.69721
2.6972
2.6972
2.6972
2.6972
2.6972
2.6972
2.6972
2.6972
2.6972
2.69719
2.69719
2.69719
2.69719
2.69719
2.70415
2.70413
2.70413
2.70413
2.70413
2.70413
2.70413
2.70413
2.70412
2.70412
2.70412
2.70412
2.70412
2.70412
2.70412
2.70412
2.70412
2.70411
2.70411
2.70411
2.70411
2.70411
2.70411
2.70411
2.70411
2.70411
2.7041
2.7041
2.7041
2.7041
2.7041
2.7041
2.7041
2.7041
2.7041
2.7041
2.70409
2.70409
2.70409
2.70409
2.70409
2.70409
2.70409
2.70409
2.70406
2.70404
2.70403
2.70403
2.70403
2.70403
2.70403
2.70403
2.70402
2.704
2.704
2.704
2.704
2.704
2.704
2.70399
2.70399
2.70399
2.70399
2.70399
2.70399
2.70399
2.70399
2.70399
2.70398
2.70398
2.70398
2.70398
2.70398
2.70398
2.70398
2.70398
2.70398
2.70397
2.70397
2.70397
2.70397
2.70397
2.70395
2.70394
2.70394
2.70394
2.70394
2.70394
2.70394
2.70394
2.70393
2.70393
2.70393
2.70393
2.70393
2.70393
2.70393
2.70393
2.70393
2.70392
2.70392
2.70392
2.70392
2.70392
2.70392
2.70392
2.70392
2.70392
2.70392
2.70391
2.70388
2.70387
2.70387
2.70387
2.70387
2.70387
2.70386
2.70386
2.70386
2.70386
2.70386
2.70386
2.70386
2.70386
2.70386
2.70385
2.70385
2.70385
2.70385
2.70385
2.70385
2.70385
2.70385
2.70385
2.70384
2.70384
2.70384
2.70383
2.70383
2.70382
2.70382
2.70382
2.70382
2.70382
2.70382
2.70382
2.70382
2.70381
2.70381
2.70381
2.70381
2.70381
2.70381
2.70381
2.70381
2.70381
2.70381
2.7038
2.7038
2.7038
2.70379
2.70379
2.70379
2.70378
2.70378
2.70378
2.70378
2.70378
2.70378
2.70378
2.70378
2.70378
2.70377
2.70377
2.70377
2.70377
2.70377
2.70377
2.70377
2.70377
2.70377
2.70376
2.70376
2.70376
2.70376
2.70376
2.70376
2.70376
2.70376
2.70376
2.70375
2.70375
2.70375
2.70375
2.70375
2.70375
2.70375
2.70375
2.70375
2.70374
2.70374
2.70374
2.70374
2.70374
2.70374
2.70374
2.70374
2.70374
2.70373
2.70373
2.70373
2.70373
2.70372
2.70372
2.70372
2.70371
2.70371
2.70371
2.70371
2.70371
2.70371
2.70371
2.70371
2.70371
2.7037
2.7037
2.7037
2.7037
2.7037
2.70369
2.70368
2.70368
2.70368
2.70368
2.70368
2.70368
2.70367
2.70367
2.70367
2.70367
2.70367
2.70367
2.70367
2.70367
2.70367
2.70366
2.70366
2.70366
2.70366
2.70366
2.70366
2.70366
2.70366
2.70366
2.70365
2.70365
2.70365
2.70365
2.70365
2.70365
2.70365
2.70365
2.70365
2.70364
2.70364
2.70364
2.70364
2.70364
2.70364
2.70364
2.70364
2.70364
2.70364
2.70363
2.70363
2.70363
2.70362
2.70361
2.7036
2.7036
2.7036
2.7036
2.7036
2.7036
2.70359
2.70359
2.70359
2.70359
2.70359
2.70359
2.70359
2.70359
2.70359
2.70358
2.70358
2.70358
2.70358
2.70358
2.70356
2.70355
2.70355
2.70355
2.70354
2.70354
2.70354
2.70354
2.70354
2.70354
2.70354
2.70354
2.70354
2.70353
2.70353
2.70353
2.70353
2.70353
2.70353
2.70353
2.70353
2.70353
2.70352
2.70352
2.70352
2.70352
2.70352
2.70352
2.70352
2.70352
2.70352
2.70352
2.70351
2.70351
2.70351
2.70351
2.70351
2.70351
2.70351
2.70351
2.70351
2.7035
2.7035
2.7035
2.7035
2.7035
2.7035
2.7035
2.7035
2.7035
2.70349
2.70349
2.70349
2.70349
2.70349
2.70349
2.70349
2.70349
2.70349
2.70348
2.70348
2.70348
2.70348
2.70348
2.70348
2.70348
2.70347
2.70346
2.70346
2.70346
2.70346
2.70345
2.70345
2.70345
2.70345
2.70345
2.70345
2.70345
2.70345
2.70345
2.70344
2.70344
2.70344
2.70344
2.70343
2.70342
2.70342
2.70341
2.70341
2.70341
2.70341
2.70341
2.70341
2.70341
2.70341
2.70341
2.7034
2.7034
2.7034
2.7034
2.7034
2.70339
2.70339
2.70339
2.70338
2.70338
2.70338
2.70338
2.70338
2.70338
2.70338
2.70338
2.70337
2.70337
2.70337
2.70337
2.70337
2.70337
2.70337
2.70337
2.70337
2.70336
2.70336
2.70334
2.70333
2.70333
2.70332
2.70332
2.70332
2.70332
2.70332
2.70332
2.70332
2.70332
2.70331
2.70331
2.70331
2.70331
2.70331
2.70331
2.70331
2.70331
2.70331
2.7033
2.7033
2.7033
2.7033
2.7033
2.7033
2.7033
2.7033
2.70329
2.70328
2.70328
2.70328
2.70328
2.70328
2.70328
2.70328
2.70327
2.70327
2.70327
2.70327
2.70327
2.70327
2.70327
2.70327
2.70327
2.70326
2.70326
2.70326
2.70326
2.70326
2.70326
2.70326
2.70326
2.70326
2.70325
2.70325
2.70325
2.70325
2.70325
2.70325
2.70325
2.70325
2.70325
2.70325
2.70324
2.70324
2.70324
2.70324
2.70324
2.70324
2.70324
2.70324
2.70324
2.70323
2.70323
2.70322
2.70322
2.70322
2.70321
2.70321
2.70321
2.70321
2.70321
2.70321
2.70321
2.70321
2.70321
2.70319
2.70318
2.70318
2.70317
2.70317
2.70317
2.70317
2.70317
2.70317
2.70317
2.70317
2.70317
2.70316
2.70316
2.70316
2.70316
2.70316
2.70316
2.70316
2.70316
2.70316
2.70315
2.70315
2.70315
2.70315
2.70314
2.70314
2.70314
2.70313
2.70313
2.70313
2.70313
2.70313
2.70313
2.70313
2.70313
2.70312
2.70312
2.70312
2.70312
2.70312
2.70312
2.70312
2.70312
2.70312
2.70312
2.70311
2.70311
2.70311
2.70311
2.70311
2.70311
2.70311
2.70311
2.70311
2.7031
2.7031
2.7031
2.7031
2.7031
2.7031
2.7031
2.7031
2.7031
2.70309
2.70309
2.70309
2.70309
2.70309
2.70309
2.70309
2.70309
2.70309
2.70308
2.70308
2.70308
2.70308
2.70308
2.70308
2.70308
2.70308
2.70308
2.70307
2.70307
2.70307
2.70307
2.70307
2.70307
2.70307
2.70307
2.70307
2.70306
2.70306
2.70306
2.70306
2.70306
2.70306
2.70306
2.70306
2.70306
2.70305
2.70305
2.70305
2.70305
2.70305
2.70305
2.70305
2.70305
2.70305
2.70305
2.70304
2.70304
2.70304
2.70304
2.70304
2.70304
2.70304
2.70304
2.70304
2.70303
2.70303
2.70303
2.70303
2.70303
2.70303
2.70303
2.70303
2.70303
2.70302
2.70302
2.70302
2.70302
2.70302
2.70302
2.70302
2.70302
2.70302
2.70301
2.703
2.703
2.70299
2.70299
2.70298
2.70298
2.70298
2.70297
2.70297
2.70297
2.70297
2.70297
2.70297
2.70297
2.70297
2.70297
2.70295
2.70294
2.70294
2.70294
2.70293
2.70293
2.70293
2.70293
2.70293
2.70293
2.70293
2.70293
2.70293
2.70292
2.70292
2.70292
2.70292
2.70291
2.7029
2.7029
2.7029
2.7029
2.7029
2.7029
2.70289
2.70289
2.70289
2.70289
2.70289
2.70289
2.70289
2.70289
2.70289
2.70287
2.70285
2.70284
2.70284
2.70284
2.70284
2.70284
2.70284
2.70284
2.70283
2.70283
2.70283
2.70283
2.70283
2.70283
2.70283
2.70281
2.7028
2.70279
2.70279
2.70279
2.70279
2.70279
2.70279
2.70278
2.70278
2.70278
2.70278
2.70278
2.70278
2.70278
2.70278
2.70278
2.70276
2.70276
2.70276
2.70275
2.70275
2.70275
2.70275
2.70275
2.70275
2.70275
2.70275
2.70275
2.70274
2.70274
2.70274
2.70274
2.70274
2.70274
2.70274
2.70274
2.70274
2.70273
2.70273
2.70273
2.70272
2.70271
2.70271
2.70271
2.70271
2.70271
2.70271
2.7027
2.7027
2.7027
2.7027
2.7027
2.7027
2.7027
2.70269
2.70268
2.70268
2.70268
2.70268
2.70268
2.70268
2.70268
2.70267
2.70267
2.70267
2.70267
2.70267
2.70267
2.70267
2.70267
2.70267
2.70267
2.70266
2.70266
2.70266
2.70266
2.70266
2.70266
2.70266
2.70266
2.70266
2.70265
2.70265
2.70265
2.70265
2.70265
2.70265
2.70265
2.70265
2.70265
2.70264
2.70264
2.70263
2.70261
2.70261
2.70261
2.7026
2.7026
2.7026
2.7026
2.7026
2.7026
2.7026
2.7026
2.7026
2.70259
2.70259
2.70259
2.70259
2.70259
2.70259
2.70259
2.70259
2.70259
2.70258
2.70256
2.70255
2.70255
2.70255
2.70254
2.70254
2.70254
2.70254
2.70254
2.70254
2.70254
2.70254
2.70254
2.70253
2.70253
2.70253
2.70253
2.70253
2.7025
2.7025
2.7025
2.70249
2.70249
2.70249
2.70249
2.70249
2.70249
2.70249
2.70249
2.70249
2.70248
2.70248
2.70248
2.70248
2.70248
2.70248
2.70248
2.70248
2.70248
2.70247
2.70247
2.70247
2.70247
2.70247
2.70247
2.70247
2.70247
2.70247
2.70246
2.70246
2.70246
2.70246
2.70246
2.70246
2.70246
2.70246
2.70246
2.70245
2.70245
2.70245
2.70245
2.70245
2.70245
2.70245
2.70245
2.70245
2.70244
2.70244
2.70244
2.70244
2.70244
2.70244
2.70244
2.70244
2.70244
2.70244
2.70243
2.70243
2.70243
2.70243
2.70243
2.70243
2.70243
2.70243
2.70243
2.70242
2.70242
2.70242
2.70242
2.70242
2.70242
2.70242
2.70242
2.70242
2.70241
2.70241
2.70241
2.70241
2.70241
2.70241
2.70241
2.70241
2.70241
2.7024
2.7024
2.7024
2.7024
2.7024
2.7024
2.7024
2.7024
2.7024
2.70239
2.70239
2.70239
2.70239
2.70239
2.70239
2.70239
2.70239
2.70239
2.70238
2.70238
2.70238
2.70237
2.70236
2.70236
2.70236
2.70236
2.70236
2.70236
2.70235
2.70235
2.70235
2.70235
2.70235
2.70235
2.70235
2.70235
2.70235
2.70233
2.70232
2.70231
2.70231
2.70231
2.70231
2.70231
2.70231
2.7023
2.7023
2.7023
2.7023
2.7023
2.7023
2.7023
2.7023
2.7023
2.70229
2.70229
2.70229
2.70229
2.70229
2.70229
2.70229
2.70228
2.70227
2.70227
2.70227
2.70227
2.70227
2.70227
2.70226
2.70226
2.70226
2.70226
2.70226
2.70226
2.70226
2.70226
2.70226
2.70225
2.70225
2.70225
2.70225
2.70225
2.70225
2.70225
2.70225
2.70225
2.70224
2.70224
2.70224
2.70224
2.70224
2.70224
2.70224
2.70224
2.70224
2.70223
2.70223
2.70223
2.70223
2.70223
2.70222
2.70222
2.70221
2.70221
2.70221
2.70221
2.70221
2.70221
2.70221
2.70221
2.7022
2.7022
2.7022
2.7022
2.7022
2.7022
2.7022
2.7022
2.7022
2.70219
2.70219
2.70219
2.70219
2.70219
2.70219
2.70219
2.70218
2.70217
2.70217
2.70217
2.70217
2.70216
2.70216
2.70216
2.70216
2.70216
2.70216
2.70216
2.70216
2.70216
2.70215
2.70215
2.70215
2.70215
2.70215
2.70215
2.70215
2.70214
2.70213
2.70213
2.70213
2.70212
2.70212
2.70212
2.70212
2.70212
2.70212
2.70212
2.70212
2.70212
2.70211
2.70211
2.70211
2.70211
2.70211
2.70211
2.70211
2.70211
2.70211
2.7021
2.7021
2.7021
2.7021
2.7021
2.7021
2.7021
2.7021
2.7021
2.70209
2.70209
2.70209
2.70209
2.70209
2.70209
2.70209
2.70209
2.70209
2.70208
2.70208
2.70208
2.70208
2.70208
2.70208
2.70208
2.70208
2.70208
2.70208
2.70207
2.70207
2.70207
2.70207
2.70207
2.70207
2.70207
2.70207
2.70207
2.70206
2.70206
2.70206
2.70206
2.70206
2.70206
2.70206
2.70206
2.70206
2.70205
2.70205
2.70205
2.70205
2.70205
2.70205
2.70205
2.70205
2.70205
2.70204
2.70204
2.70204
2.70204
2.70204
2.70204
2.70204
2.70204
2.70204
2.70203
2.70203
2.70203
2.70203
2.70203
2.70203
2.70203
2.70203
2.70203
2.70202
2.70202
2.70202
2.70202
2.70202
2.70202
2.70202
2.70202
2.70202
2.70201
2.70201
2.70201
2.70201
2.70201
2.70201
2.70201
2.70201
2.70201
2.70201
2.702
2.702
2.702
2.702
2.702
2.702
2.702
2.702
2.702
2.70199
2.70199
2.70199
2.70199
2.70199
2.70199
2.70199
2.70199
2.70199
2.70198
2.70198
2.70198
2.70198
2.70198
2.70198
2.70198
2.70198
2.70198
2.70197
2.70197
2.70197
2.70197
2.70197
2.70197
2.70197
2.70197
2.70197
2.70196
2.70196
2.70196
2.70196
2.70196
2.70196
2.70196
2.70196
2.70196
2.70195
2.70195
2.70195
2.70195
2.70195
2.70195
2.70195
2.70195
2.70195
2.70193
2.70192
2.70191
2.70191
2.70191
2.70191
2.70191
2.7019
2.7019
2.7019
2.70189
2.70189
2.70188
2.70188
2.70188
2.70188
2.70188
2.70188
2.70188
2.70188
2.70187
2.70187
2.70187
2.70187
2.70187
2.70187
2.70187
2.70186
2.70185
2.70185
2.70185
2.70185
2.70185
2.70185
2.70184
2.70184
2.70184
2.70184
2.70184
2.70184
2.70184
2.70184
2.70184
2.70183
2.70183
2.70183
2.70183
2.70183
2.70183
2.70183
2.70183
2.70183
2.70182
2.70182
2.70181
2.70181
2.7018
2.7018
2.7018
2.7018
2.7018
2.7018
2.7018
2.7018
2.7018
2.70179
2.70179
2.70179
2.70179
2.70179
2.70179
2.70179
2.70179
2.70179
2.70178
2.70178
2.70178
2.70178
2.70178
2.70178
2.70178
2.70178
2.70178
2.70177
2.70176
2.70174
2.70173
2.70173
2.70173
2.70173
2.70173
2.70173
2.70173
2.70172
2.70172
2.70172
2.70172
2.70172
2.70171
2.7017
2.7017
2.7017
2.7017
2.7017
2.70169
2.70169
2.70169
2.70169
2.70169
2.70169
2.70169
2.70169
2.70169
2.70168
2.70168
2.70168
2.70168
2.70168
2.70168
2.70168
2.70168
2.70168
2.70167
2.70167
2.70167
2.70167
2.70167
2.70167
2.70167
2.70167
2.70167
2.70166
2.70166
2.70166
2.70166
2.70165
2.70165
2.70164
2.70164
2.70164
2.70164
2.70164
2.70163
2.70162
2.70162
2.70162
2.70161
2.70161
2.70161
2.70161
2.70161
2.70161
2.70161
2.70161
2.70161
2.7016
2.7016
2.70158
2.70158
2.70157
2.70157
2.70157
2.70157
2.70157
2.70157
2.70157
2.70156
2.70156
2.70156
2.70156
2.70156
2.70156
2.70156
2.70156
2.70156
2.70155
2.70154
2.70154
2.70153
2.70153
2.70153
2.70153
2.70153
2.70153
2.70153
2.70152
2.70152
2.70152
2.70152
2.70152
2.70151
2.70151
2.7015
2.7015
2.7015
2.7015
2.7015
2.7015

