2.7
2.7
2.7
2.7
2.7
2.69999
2.69999
2.69999
2.69999
2.69999
2.69999
2.69999
2.69999
2.69999
2.69998
2.69998
2.69998
2.69998
2.69998
2.69998
2.69998
2.69998
2.69998
2.69997
2.69997
2.69997
2.69997
2.69997
2.69997
2.69997
2.69996
2.69995
2.69994
2.69994
2.69994
2.69994
2.69994
2.69994
2.69994
2.69993
2.69993
2.69993
2.69993
2.69993
2.69992
2.69991
2.6999
2.6999
2.6999
2.6999
2.6999
2.6999
2.6999
2.69989
2.69989
2.69989
2.69989
2.69989
2.69989
2.69989
2.69989
2.69989
2.69988
2.69988
2.69988
2.69988
2.69988
2.69988
2.69988
2.69988
2.69988
2.69987
2.69987
2.69987
2.69987
2.69987
2.69987
2.69987
2.69987
2.69987
2.69986
2.69986
2.69986
2.69986
2.69986
2.69986
2.69986
2.69986
2.69986
2.69986
2.69985
2.69985
2.69985
2.69985
2.69985
2.69985
2.69985
2.69985
2.69984
2.69983
2.69982
2.69982
2.69982
2.69982
2.69982
2.69982
2.69981
2.69981
2.69981
2.69981
2.69981
2.69981
2.69981
2.69981
2.69981
2.6998
2.6998
2.6998
2.6998
2.6998
2.6998
2.6998
2.6998
2.69979
2.69977
2.69977
2.69977
2.69977
2.69976
2.69976
2.69976
2.69976
2.69976
2.69976
2.69976
2.69976
2.69976
2.69975
2.69975
2.69975
2.69975
2.69975
2.69975
2.69975
2.69975
2.69975
2.69975
2.69974
2.69972
2.69971
2.69971
2.69971
2.6997
2.6997
2.6997
2.6997
2.6997
2.6997
2.6997
2.6997
2.69969
2.69969
2.69969
2.69969
2.69969
2.69969
2.69969
2.69969
2.69969
2.69969
2.69968
2.69968
2.69968
2.69968
2.69968
2.69968
2.69968
2.69968
2.69968
2.69967
2.69967
2.69967
2.69967
2.69967
2.69967
2.69967
2.69967
2.69967
2.69966
2.69966
2.69966
2.69966
2.69965
2.69964
2.69964
2.69964
2.69964
2.69964
2.69964
2.69963
2.69963
2.69963
2.69963
2.69963
2.69963
2.69963
2.69963
2.69963
2.69963
2.69962
2.69962
2.69962
2.69962
2.69962
2.69962
2.69962
2.69962
2.69962
2.69961
2.69961
2.69961
2.69961
2.69961
2.69961
2.69961
2.69961
2.69961
2.6996
2.6996
2.6996
2.6996
2.6996
2.6996
2.6996
2.6996
2.6996
2.69959
2.69959
2.69959
2.69959
2.69959
2.69959
2.69959
2.69959
2.69959
2.69958
2.69958
2.69958
2.69958
2.69958
2.69958
2.69957
2.69957
2.69956
2.69956
2.69956
2.69956
2.69956
2.69956
2.69955
2.69955
2.69955
2.69955
2.69955
2.69955
2.69955
2.69955
2.69955
2.69954
2.69954
2.69953
2.69952
2.69952
2.69952
2.69952
2.69952
2.69951
2.69951
2.69951
2.69951
2.69951
2.69951
2.69951
2.69951
2.69951
2.6995
2.6995
2.6995
2.6995
2.6995
2.6995
2.6995
2.6995
2.6995
2.69949
2.69949
2.69949
2.69949
2.69949
2.69948
2.69947
2.69946
2.69946
2.69946
2.69946
2.69946
2.69946
2.69946
2.69946
2.69945
2.69945
2.69945
2.69945
2.69945
2.69945
2.69945
2.69945
2.69945
2.69944
2.69944
2.69944
2.69944
2.69944
2.69944
2.69944
2.69944
2.69944
2.69943
2.69943
2.69943
2.69943
2.69943
2.69943
2.69943
2.69943
2.69943
2.69942
2.69942
2.69942
2.69942
2.69942
2.69941
2.6994
2.69939
2.69939
2.69939
2.69939
2.69939
2.69939
2.69939
2.69939
2.69938
2.69938
2.69938
2.69938
2.69938
2.69938
2.69938
2.69938
2.69938
2.69938
2.69937
2.69936
2.69935
2.69935
2.69935
2.69935
2.69935
2.69935
2.69935
2.69935
2.69934
2.69934
2.69934
2.69934
2.69934
2.69934
2.69934
2.69934
2.69934
2.69933
2.69933
2.69933
2.69933
2.69933
2.69933
2.69933
2.69933
2.69933
2.69932
2.69932
2.69932
2.69932
2.69932
2.69932
2.69932
2.69932
2.69932
2.69931
2.69931
2.69931
2.6993
2.69929
2.69928
2.69928
2.69928
2.69928
2.69928
2.69927
2.69927
2.69927
2.69927
2.69927
2.69927
2.69927
2.69926
2.69926
2.69925
2.69925
2.69925
2.69925
2.69925
2.69925
2.69924
2.69924
2.69924
2.69924
2.69924
2.69924
2.69924
2.69924
2.69924
2.69923
2.69923
2.69923
2.69923
2.69923
2.69923
2.69923
2.69923
2.69923
2.69923
2.69922
2.69922
2.69922
2.69922
2.69922
2.69922
2.69922
2.69922
2.6992
2.69919
2.69919
2.69919
2.69918
2.69918
2.69918
2.69918
2.69918
2.69918
2.69918
2.69918
2.69918
2.69917
2.69917
2.69917
2.69917
2.69917
2.69916
2.69915
2.69914
2.69914
2.69914
2.69913
2.69913
2.69913
2.69913
2.69913
2.69913
2.69913
2.69913
2.69913
2.69912
2.69912
2.69912
2.69912
2.69912
2.69912
2.69912
2.69912
2.69912
2.69911
2.69911
2.69911
2.69911
2.6991
2.69909
2.69909
2.69909
2.69908
2.69908
2.69908
2.69908
2.69908
2.69908
2.69908
2.69908
2.69907
2.69907
2.69907
2.69907
2.69907
2.69907
2.69907
2.69907
2.69907
2.69907
2.69906
2.69906
2.69906
2.69906
2.69906
2.69906
2.69906
2.69906
2.69906
2.69905
2.69905
2.69905
2.69905
2.69905
2.69905
2.69905
2.69905
2.69905
2.69904
2.69904
2.69904
2.69904
2.69904
2.69904
2.69904
2.69904
2.69904
2.69903
2.69903
2.69903
2.69903
2.69903
2.69903
2.69903
2.69903
2.69903
2.69902
2.69902
2.69902
2.69902
2.69901
2.699
2.69899
2.69899
2.69899
2.69899
2.69899
2.69899
2.69898
2.69898
2.69898
2.69898
2.69898
2.69898
2.69898
2.69898
2.69898
2.69897
2.69897
2.69897
2.69897
2.69896
2.69895
2.69895
2.69894
2.69894
2.69894
2.69894
2.69894
2.69894
2.69894
2.69894
2.69893
2.69893
2.69893
2.69893
2.69893
2.69893
2.69893
2.69893
2.69893
2.69892
2.69892
2.69892
2.69892
2.69892
2.69892
2.69892
2.69892
2.69892
2.69892
2.69891
2.69891
2.69891
2.69891
2.69889
2.69888
2.69888
2.69887
2.69887
2.69887
2.69887
2.69887
2.69887
2.69887
2.69887
2.69887
2.69886
2.69886
2.69886
2.69886
2.69886
2.69886
2.69886
2.69886
2.69886
2.69884
2.69884
2.69883
2.69883
2.69883
2.69883
2.69883
2.69883
2.69883
2.69882
2.69882
2.69882
2.69882
2.69882
2.69882
2.69882
2.69882
2.69882
2.69882
2.69881
2.69881
2.69881
2.69881
2.69879
2.69879
2.69878
2.69878
2.69878
2.69878
2.69878
2.69878
2.69878
2.69877
2.69877
2.69877
2.69877
2.69877
2.69876
2.69875
2.69875
2.69875
2.69875
2.69874
2.69874
2.69874
2.69874
2.69874
2.69874
2.69874
2.69874
2.69874
2.69872
2.69871
2.69871
2.69871
2.69871
2.69871
2.6987
2.6987
2.6987
2.6987
2.6987
2.6987
2.6987
2.6987
2.6987
2.69869
2.69869
2.69869
2.69869
2.69869
2.69869
2.69869
2.69869
2.69869
2.69868
2.69868
2.69868
2.69868
2.69868
2.69868
2.69868
2.69868
2.69868
2.69867
2.69867
2.69867
2.69867
2.69867
2.69867
2.69867
2.69867
2.69867
2.69866
2.69864
2.69864
2.69864
2.69863
2.69863
2.69863
2.69863
2.69863
2.69863
2.69863
2.69863
2.69862
2.69862
2.69862
2.69862
2.69862
2.69862
2.69862
2.69862
2.69862
2.69861
2.69861
2.69861
2.69861
2.69861
2.69861
2.69861
2.69861
2.69861
2.69861
2.6986
2.6986
2.6986
2.6986
2.6986
2.6986
2.6986
2.6986
2.6986
2.69859
2.69859
2.69859
2.69859
2.69859
2.69859
2.69859
2.69859
2.69859
2.69858
2.69858
2.69858
2.69858
2.69858
2.69858
2.69858
2.69858
2.69858
2.69857
2.69857
2.69857
2.69857
2.69857
2.69857
2.69857
2.69857
2.69857
2.69856
2.69856
2.69856
2.69856
2.69856
2.69856
2.69856
2.69856
2.69856
2.69855
2.69855
2.69855
2.69855
2.69855
2.69854
2.69854
2.69853
2.69853
2.69853
2.69853
2.69853
2.69853
2.69853
2.69853
2.69852
2.69852
2.69852
2.69852
2.69852
2.69852
2.69852
2.69852
2.69852
2.69852
2.69851
2.69851
2.69849
2.69848
2.69848
2.69847
2.69847
2.69847
2.69847
2.69847
2.69847
2.69847
2.69847
2.69847
2.69846
2.69846
2.69846
2.69846
2.69846
2.69846
2.69846
2.69846
2.69846
2.69845
2.69845
2.69845
2.69845
2.69845
2.69845
2.69844
2.69843
2.69843
2.69843
2.69843
2.69843
2.69842
2.69842
2.69842
2.69842
2.69842
2.69842
2.69842
2.69842
2.69842
2.69841
2.69841
2.69841
2.69841
2.69841
2.69841
2.6984
2.6984
2.6984
2.69839
2.69839
2.69839
2.69839
2.69839
2.69839
2.69839
2.69839
2.69839
2.69838
2.69838
2.69838
2.69838
2.69838
2.69838
2.69838
2.69838
2.69838
2.69837
2.69837
2.69837
2.69837
2.69837
2.69837
2.69837
2.69837
2.69837
2.69836
2.69836
2.69836
2.69836
2.69836
2.69836
2.69836
2.69836
2.69836
2.69835
2.69835
2.69835
2.69835
2.70333
2.70332
2.70332
2.70332
2.70332
2.70332
2.70331
2.70331
2.70331
2.70331
2.70331
2.70331
2.70331
2.70331
2.70331
2.7033
2.7033
2.7033
2.7033
2.70328
2.70327
2.70327
2.70327
2.70327
2.70326
2.70326
2.70326
2.70326
2.70326
2.70326
2.70326
2.70326
2.70326
2.70325
2.70325
2.70325
2.70325
2.70325
2.70325
2.70325
2.70325
2.70325
2.70324
2.70324
2.70324
2.70324
2.70324
2.70324
2.70324
2.70324
2.70324
2.70323
2.70323
2.70323
2.70323
2.70323
2.70323
2.70323
2.70323
2.70323
2.70322
2.70322
2.70322
2.70322
2.70322
2.70322
2.70322
2.70322
2.70322
2.70321
2.70321
2.70321
2.70321
2.70321
2.70321
2.70321
2.70321
2.70321
2.7032
2.7032
2.7032
2.7032
2.70318
2.70318
2.70317
2.70317
2.70317
2.70317
2.70317
2.70317
2.70316
2.70316
2.70316
2.70316
2.70314
2.70313
2.70313
2.70313
2.70312
2.70312
2.70312
2.70312
2.70312
2.70312
2.70312
2.70312
2.70312
2.70311
2.70311
2.70311
2.70311
2.70311
2.70311
2.70311
2.70311
2.70311
2.70311
2.7031
2.7031
2.7031
2.7031
2.7031
2.7031
2.7031
2.70309
2.70308
2.70307
2.70307
2.70307
2.70307
2.70307
2.70307
2.70307
2.70307
2.70306
2.70306
2.70306
2.70306
2.70306
2.70306
2.70306
2.70306
2.70306
2.70305
2.70305
2.70305
2.70303
2.70301
2.703
2.703
2.70299
2.70299
2.70299
2.70299
2.70299
2.70299
2.70298
2.70297
2.70297
2.70297
2.70297
2.70296
2.70296
2.70296
2.70296
2.70296
2.70296
2.70296
2.70296
2.70296
2.70295
2.70295
2.70295
2.70295
2.70295
2.70293
2.70292
2.70292
2.70292
2.70291
2.70291
2.70291
2.70291
2.70291
2.70291
2.70291
2.70291
2.70291
2.7029
2.7029
2.7029
2.7029
2.7029
2.7029
2.7029
2.70289
2.70288
2.70288
2.70288
2.70288
2.70287
2.70287
2.70287
2.70287
2.70287
2.70287
2.70287
2.70287
2.70287
2.70286
2.70286
2.70286
2.70286
2.70286
2.70286
2.70286
2.70286
2.70286
2.70285
2.70285
2.70285
2.70285
2.70285
2.70285
2.70285
2.70285
2.70285
2.70284
2.70284
2.70284
2.70284
2.70284
2.70284
2.70282
2.70281
2.70281
2.7028
2.7028
2.7028
2.7028
2.7028
2.7028
2.7028
2.7028
2.70279
2.70279
2.70279
2.70279
2.70279
2.70277
2.70276
2.70275
2.70275
2.70275
2.70275
2.70275
2.70275
2.70275
2.70275
2.70274
2.70274
2.70274
2.70274
2.70274
2.70274
2.70274
2.70274
2.70274
2.70273
2.70273
2.70273
2.70273
2.70273
2.70273
2.70273
2.70273
2.70273
2.70272
2.70272
2.70272
2.70272
2.70272
2.70272
2.70272
2.70272
2.70272
2.70271
2.70271
2.70271
2.70271
2.70271
2.70271
2.70271
2.70271
2.70271
2.7027
2.7027
2.7027
2.7027
2.7027
2.70269
2.70268
2.70267
2.70267
2.70267
2.70267
2.70267
2.70267
2.70266
2.70266
2.70266
2.70266
2.70266
2.70266
2.70266
2.70266
2.70266
2.70265
2.70265
2.70265
2.70265
2.70265
2.70265
2.70263
2.70262
2.70262
2.70262
2.70261
2.70261
2.70261
2.70261
2.70261
2.70261
2.70261
2.70261
2.7026
2.7026
2.7026
2.72701
2.72698
2.72698
2.72697
2.72697
2.72697
2.72697
2.72697
2.72697
2.72697
2.72697
2.72696
2.72696
2.72696
2.72696
2.72696
2.72696
2.72696
2.72696
2.72696
2.72695
2.72695
2.72695
2.72695
2.72695
2.72695
2.72695
2.72695
2.72695
2.72694
2.72694
2.72694
2.72694
2.72694
2.72694
2.72694
2.72694
2.72694
2.72693
2.72693
2.72693
2.72693
2.72692
2.72691
2.7269
2.7269
2.7269
2.7269
2.7269
2.7269
2.7269
2.72689
2.72689
2.72689
2.72689
2.72689
2.72689
2.72689
2.72689
2.72689
2.72688
2.72688
2.72687
2.72686
2.72686
2.72686
2.72686
2.72686
2.72686
2.72686
2.72685
2.72685
2.72685
2.72685
2.72685
2.72685
2.72685
2.72685
2.72685
2.72684
2.72684
2.72684
2.72683
2.72683
2.72682
2.72682
2.72682
2.72682
2.72682
2.72682
2.72682
2.72681
2.72681
2.72681
2.72681
2.72681
2.72681
2.72679
2.72678
2.72678
2.72678
2.72677
2.72677
2.72677
2.72677
2.72677
2.72677
2.72677
2.72677
2.72677
2.72676
2.72676
2.72676
2.72676
2.72676
2.72676
2.72676
2.72676
2.72676
2.72675
2.72675
2.72675
2.72675
2.72675
2.72675
2.72675
2.72675
2.72675
2.72674
2.72674
2.72674
2.72674
2.72674
2.72674
2.72674
2.72674
2.72674
2.72673
2.72673
2.72673
2.72673
2.72673
2.72673
2.72673
2.72673
2.72673
2.72672
2.72672
2.72672
2.72672
2.72672
2.7267
2.7267
2.72669
2.72669
2.72669
2.72669
2.72669
2.72669
2.72669
2.72668
2.72668
2.72668
2.72668
2.72668
2.72668
2.72668
2.72668
2.72668
2.72667
2.72667
2.72667
2.72667
2.72667
2.72667
2.72667
2.72667
2.72667
2.72666
2.72666
2.72666
2.72666
2.72666
2.72666
2.72666
2.72666
2.72666
2.72665
2.72665
2.72665
2.72665
2.72665
2.72665
2.72665
2.72663
2.72662
2.72662
2.72662
2.72662
2.72662
2.72661
2.72661
2.72661
2.72661
2.72661
2.72661
2.72661
2.72661
2.72661
2.7266
2.7266
2.7266
2.7266
2.7266
2.7266
2.7266
2.7266
2.7266
2.72659
2.72659
2.72659
2.72657
2.72657
2.72656
2.72656
2.72656
2.72656
2.72656
2.72656
2.72656
2.72656
2.72655
2.72655
2.72655
2.72655
2.72655
2.72655
2.72655
2.72655
2.72655
2.72654
2.72654
2.72652
2.72652
2.72651
2.72651
2.72651
2.72651
2.72651
2.72651
2.72651
2.72651
2.7265
2.7265
2.7265
2.7265
2.7265
2.7265
2.7265
2.7265
2.7265
2.72649
2.72649
2.72648
2.72648
2.72648
2.72648
2.72647
2.72647
2.72647
2.72647
2.72647
2.72647
2.72647
2.72647
2.72647
2.72646
2.72646
2.72646
2.72646
2.72646
2.72646
2.72646
2.72644
2.72644
2.72643
2.72643
2.72643
2.72643
2.72643
2.72643
2.72643
2.72643
2.72642
2.72642
2.72642
2.72642
2.72642
2.72642
2.7264
2.7264
2.72639
2.72639
2.72639
2.72639
2.72639
2.72639
2.72639
2.72638
2.72638
2.72638
2.72638
2.72638
2.72638
2.72638
2.72638
2.72638
2.72637
2.72637
2.72637
2.72637
2.72637
2.72637
2.72637
2.72637
2.72637
2.72636
2.72636
2.72636
2.72636
2.72636
2.72636
2.72636
2.72636
2.72636
2.72635
2.72635
2.72635
2.72635
2.72635
2.72635
2.72635
2.72635
2.72634
2.72633
2.72633
2.72632
2.72632
2.72632
2.72632
2.72632
2.72631
2.72629
2.72629
2.72629
2.72628
2.72628
2.72628
2.72628
2.72628
2.72628
2.72628
2.72628
2.72627
2.72627
2.72627
2.72627
2.72627
2.72627
2.72627
2.72627
2.72627
2.72626
2.72626
2.72626
2.72626
2.72626
2.72626
2.72626
2.72626
2.72625
2.72623
2.72622
2.72622
2.72622
2.72622
2.72621
2.72621
2.72621
2.72621
2.72621
2.72621
2.72621
2.72621
2.72621
2.7262
2.7262
2.7262
2.7262
2.7262
2.7262
2.7262
2.7262
2.7262
2.7262
2.72619
2.72619
2.72619
2.72619
2.72618
2.72617
2.72617
2.72617
2.72616
2.72616
2.72616
2.72616
2.72616
2.72616
2.72616
2.72616
2.72616
2.72615
2.72615
2.72615
2.72615
2.72615
2.72615
2.72615
2.72615
2.72615
2.72614
2.72614
2.72614
2.72614
2.72614
2.72612
2.72612
2.72611
2.72611
2.72611
2.72611
2.72611
2.72611
2.72611
2.72611
2.72611
2.7261
2.7261
2.7261
2.7261
2.7261
2.7261
2.7261
2.7261
2.7261
2.72609
2.72609
2.72609
2.72608
2.72606
2.72606
2.72606
2.72606
2.72606
2.72605
2.72605
2.72605
2.72605
2.72605
2.72605
2.72605
2.72605
2.72605
2.72604
2.72604
2.72604
2.72604
2.72604
2.72604
2.72604
2.72604
2.72604
2.72603
2.72603
2.72603
2.72603
2.72603
2.72603
2.72603
2.72603
2.72603
2.72602
2.72602
2.72602
2.72602
2.72602
2.72602
2.72602
2.72602
2.72602
2.72601
2.72601
2.72601
2.72601
2.72601
2.72601
2.72601
2.72601
2.72601
2.726
2.72599
2.72598
2.72598
2.72597
2.72597
2.72597
2.72597
2.72597
2.72597
2.72597
2.72597
2.72597
2.72596
2.72596
2.72596
2.72596
2.72596
2.72593
2.72593
2.72593
2.72592
2.72592
2.72592
2.72592
2.72592
2.72592
2.72592
2.72592
2.72591
2.72591
2.72591
2.72591
2.72591
2.72591
2.72591
2.72591
2.72591
2.72591
2.7259
2.7259
2.7259
2.7259
2.7259
2.7259
2.7259
2.7259
2.7259
2.72589
2.72589
2.72589
2.72589
2.72589
2.72589
2.72589
2.72589
2.72589
2.72588
2.72588
2.72588
2.72588
2.72588
2.72588
2.72588
2.72588
2.72587
2.72586
2.72586
2.72585
2.72585
2.72585
2.72585
2.72585
2.72585
2.72585
2.72584
2.72584
2.72584
2.72584
2.72584
2.72584
2.72584
2.72584
2.72584
2.72583
2.72583
2.72583
2.72582
2.72581
2.72581
2.7258
2.7258
2.7258
2.7258
2.7258
2.7258
2.7258
2.7258
2.72579
2.72579
2.72579
2.72579
2.72579
2.72579
2.72579
2.72579
2.72579
2.72578
2.72578
2.72578
2.72578
2.72578
2.72578
2.72578
2.72578
2.72578
2.72577
2.72577
2.72577
2.72577
2.72577
2.72577
2.72577
2.72577
2.72577
2.72576
2.72576
2.72576
2.72576
2.72576
2.72576
2.72576
2.72576
2.72576
2.72575
2.72575
2.72575
2.72575
2.72575
2.72575
2.72575
2.72575
2.72575
2.72574
2.72574
2.72574
2.72574
2.72574
2.72574
2.72574
2.72574
2.72574
2.72573
2.72573
2.72572
2.72572
2.72572
2.72572
2.72571
2.72571
2.72571
2.72571
2.72571
2.72571
2.72571
2.72571
2.72571
2.7257
2.7257
2.7257
2.7257
2.7257
2.72568
2.72568
2.72568
2.72568
2.72567
2.72567
2.72567
2.72567
2.72567
2.72567
2.72567
2.72567
2.72567
2.72566
2.72566
2.72566
2.72565
2.72565
2.72564
2.72564
2.72564
2.72564
2.72564
2.72564
2.72563
2.72563
2.72563
2.72563
2.72563
2.72563
2.72563
2.72563
2.72563
2.72563
2.72562
2.72562
2.72562
2.72562
2.72561
2.72559
2.72559
2.72559
2.72559
2.72559
2.72558
2.72558
2.72558
2.72558
2.72558
2.72558
2.72558
2.72558
2.72558
2.72557
2.72557
2.72557
2.72557
2.72557
2.72557
2.72557
2.72557
2.72557
2.72556
2.72556
2.72556
2.72556
2.72555
2.72555
2.72555
2.72555
2.72555
2.72554
2.72554
2.72554
2.72554
2.72554
2.72554
2.72554
2.72554
2.72554
2.72553
2.72553
2.72553
2.72553
2.72553
2.72553
2.72553
2.72553
2.72553
2.72552
2.72552
2.72552
2.72552
2.72552
2.72552
2.72552
2.72552
2.72552
2.72551
2.72551
2.72551
2.72551
2.72551
2.72551
2.72551
2.72551
2.72551
2.72551
2.7255
2.7255
2.7255
2.7255
2.7255
2.72549
2.72549
2.72548
2.72548
2.72548
2.72548
2.72548
2.72548
2.72548
2.72547
2.72547
2.72547
2.72546
2.72545
2.72544
2.72544
2.72544
2.72544
2.72544
2.72543
2.72543
2.72543
2.72543
2.72543
2.72543
2.72543
2.72543
2.72543
2.72542
2.72542
2.72542
2.72542
2.72542
2.72542
2.72542
2.72542
2.72542
2.7254
2.7254
2.7254
2.72539
2.72539
2.72539
2.72539
2.72539
2.72539
2.72539
2.72539
2.72538
2.72538
2.72538
2.72538
2.72538
2.72538
2.72538
2.72538
2.72538
2.72537
2.72537
2.72537
2.72537
2.72537
2.72537
2.72537
2.72537
2.72537
2.72536
2.72536
2.72536
2.72536
2.72536
2.72536
2.72536
2.72536
2.72536
2.72535
2.72535
2.72535
2.72535
2.72535
2.72535
2.72535
2.72535
2.72535
2.72534
2.72534
2.72534
2.72534
2.72534
2.72534
2.72534
2.72534
2.72534
2.72533
2.72533
2.72533
2.72533
2.72533
2.72533
2.72533
2.72533
2.72533
2.72532
2.72532
2.72532
2.72532
2.72532
2.72532
2.72532
2.72532
2.72532
2.72531
2.72531
2.72531
2.72531
2.72531
2.72531
2.72531
2.72531
2.72531
2.7253
2.7253
2.7253
2.7253
2.7253
2.7253
2.7253
2.7253
2.7253
2.72529
2.72529
2.72529
2.72529
2.72529
2.72529
2.72529
2.72529
2.72529
2.72528
2.72528
2.72528
2.72528
2.72528
2.72528
2.72528
2.72528
2.72528
2.72528
2.72527
2.72526
2.72524
2.72524
2.72524
2.72524
2.72521
2.72521
2.7252
2.7252
2.7252
2.7252
2.7252
2.7252
2.7252
2.72519
2.72519
2.72519
2.72519
2.72518
2.72518
2.72517
2.72517
2.72517
2.72517
2.72517
2.72517
2.72517
2.72516
2.72516
2.72516
2.72516
2.72516
2.72516
2.72515
2.72514
2.72514
2.72513
2.72513
2.72513
2.72513
2.72513
2.72513
2.72513
2.72512
2.72512
2.72512
2.72512
2.72512
2.72512
2.72512
2.72511
2.7251
2.7251
2.72509
2.72509
2.72509
2.72509
2.72509
2.72509
2.72509
2.72509
2.72508
2.72508
2.72508
2.72508
2.72508
2.72506
2.72505
2.72504
2.72504
2.72504
2.72504
2.72504
2.72504
2.72504
2.72504
2.72503
2.72503
2.72503
2.72503
2.72503
2.72503
2.72503
2.72501
2.72501
2.72501
2.725
2.725
2.725
2.725
2.725
2.725
2.725
2.72499
2.72499
2.72499
2.72499
2.72499
2.72499
2.72499
2.72499
2.72499
2.72498
2.72498
2.72498
2.72498
2.72498
2.72496
2.72496
2.72496
2.72496
2.72496
2.72496
2.72495
2.72495
2.72495
2.72495
2.72495
2.72495
2.72495
2.72495
2.72492
2.72491
2.72491
2.72491
2.72491
2.72491
2.72491
2.7249
2.7249
2.7249
2.7249
2.7249
2.7249
2.7249
2.7249
2.7249
2.72489
2.72489
2.72489
2.72489
2.72489
2.72489
2.72489
2.72489
2.72489
2.72489
2.72488
2.72488
2.72488
2.72488
2.72488
2.72488
2.72488
2.72488
2.72488
2.72487
2.72487
2.72487
2.72486
2.72483
2.72482
2.72482
2.72482
2.72482
2.72482
2.72481
2.72481
2.72481
2.72481
2.72481
2.72481
2.72481
2.72481
2.72481
2.7248
2.7248
2.7248
2.7248
2.7248
2.7248
2.7248
2.72478
2.72477
2.72477
2.72477
2.72477
2.72477
2.72477
2.72476
2.72476
2.72476
2.72476
2.72476
2.72476
2.72476
2.72476
2.72476
2.72475
2.72475
2.72474
2.72473
2.72473
2.72473
2.72473
2.72473
2.72472
2.72472
2.72472
2.72472
2.72472
2.72472
2.72472
2.72472
2.72472
2.72471
2.72471
2.72471
2.72471
2.72471
2.72471
2.72471
2.72471
2.72471
2.7247
2.7247
2.7247
2.7247
2.7247
2.7247
2.7247
2.7247
2.7247
2.72469
2.72469
2.72469
2.72469
2.72469
2.72469
2.72469
2.72469
2.72469
2.72468
2.72468
2.72468
2.72468
2.72468
2.72468
2.72468
2.72468
2.72468
2.72467
2.72467
2.72467
2.72467
2.72467
2.72467
2.72467
2.72467
2.72467
2.72466
2.72466
2.72466
2.72466
2.72466
2.72466
2.72466
2.72466
2.72466
2.72466
2.72465
2.72465
2.72465
2.72465
2.72465
2.72465
2.72465
2.72465
2.72465
2.72464
2.72464
2.72464
2.72464
2.72464
2.72464
2.72464
2.72464
2.72464
2.72463
2.72463
2.72463
2.72463
2.72463
2.72463
2.72463
2.72463
2.72463
2.72462
2.72462
2.72462
2.72462
2.72462
2.72462
2.72462
2.72462
2.72461
2.72459
2.72458
2.72458
2.72458
2.72458
2.72458
2.72458
2.72458
2.72457
2.72457
2.72457
2.72457
2.72457
2.72457
2.72457
2.72457
2.72455
2.72454
2.72454
2.72453
2.72453
2.72453
2.72453
2.72453
2.72453
2.72453
2.72453
2.72452
2.72452
2.72452
2.72452
2.72452
2.72452
2.72452
2.72452
2.72452
2.72451
2.72451
2.72451
2.72451
2.7245
2.7245
2.7245
2.72449
2.72449
2.72449
2.72449
2.72449
2.72449
2.72449
2.72449
2.72448
2.72448
2.72448
2.72448
2.72448
2.72448
2.72448
2.72448
2.72448
2.72447
2.72447
2.72447
2.72447
2.72447
2.72447
2.72447
2.72447
2.72447
2.72446
2.72446
2.72446
2.72446
2.72446
2.72446
2.72446
2.72446
2.72446
2.72445
2.72444
2.72444
2.72443
2.72443
2.72443
2.72443
2.72443
2.72443
2.72443
2.72442
2.72442
2.72442
2.72442
2.72442
2.72442
2.72442
2.72442
2.72442
2.72441
2.72441
2.72441
2.72441
2.72441
2.72441
2.72441
2.72441
2.72439
2.72439
2.72438
2.72438
2.72438
2.72438
2.72438
2.72438
2.72438
2.72438
2.72437
2.72437
2.72437
2.72437
2.72437
2.72437
2.72437
2.72437
2.72437
2.72436
2.72436
2.72434
2.72434
2.72433
2.72433
2.72433
2.72433
2.72433
2.72433
2.72433
2.72433
2.72432
2.72432
2.72432
2.72432
2.72432
2.72432
2.72432
2.72432
2.72432
2.72431
2.72431
2.72431
2.72431
2.72431
2.72431
2.72431
2.72431
2.72431
2.7243
2.7243
2.7243
2.7243
2.7243
2.7243
2.7243
2.7243
2.7243
2.72429
2.72429
2.72429
2.72429
2.72429
2.72429
2.72429
2.72429
2.72429
2.72428
2.72428
2.72428
2.72428
2.72428
2.72428
2.72428
2.72428
2.72428
2.72427
2.72427
2.72427
2.72427
2.72427
2.72427
2.72427
2.72427
2.72427
2.72426
2.72426
2.72426
2.72426
2.72426
2.72426
2.72426
2.72426
2.72426
2.72425
2.72425
2.72425
2.72425
2.72425
2.72425
2.72425
2.72425
2.72425
2.72424
2.72424
2.72424
2.72424
2.72424
2.72424
2.72424
2.72424
2.72424
2.72424
2.72423
2.72423
2.72423
2.72423
2.72423
2.72423
2.72423
2.72423
2.72423
2.72422
2.72422
2.72422
2.72422
2.72422
2.72422
2.72422
2.72422
2.72422
2.72421
2.72421
2.72421
2.72421
2.72421
2.72421
2.72421
2.72421
2.72421
2.7242
2.7242
2.7242
2.7242
2.7242
2.7242
2.7242
2.7242
2.7242
2.72419
2.72419
2.72419
2.72419
2.72419
2.72419
2.72419
2.72419
2.72419
2.72418
2.72418
2.72418
2.72418
2.72418
2.72418
2.72418
2.72418
2.72418
2.72417
2.72417
2.72417
2.72417
2.72417
2.72417
2.72417
2.72417
2.72417
2.72416
2.72416
2.72416
2.72416
2.72416
2.72416
2.72416
2.72416
2.72416
2.72415
2.72415
2.72415
2.72415
2.72413
2.72411
2.72411
2.72411
2.72411
2.7241
2.7241
2.7241
2.7241
2.7241
2.72409
2.72409
2.72408
2.72408
2.72408
2.72408
2.72408
2.72408
2.72408
2.72408
2.72407
2.72407
2.72407
2.72407
2.72407
2.72407
2.72407
2.72405
2.72404
2.72403
2.72403
2.72403
2.72403
2.72403
2.72403
2.72403
2.72403
2.72402
2.72402
2.72402
2.72402
2.72402
2.72402
2.72402
2.72402
2.72402
2.72401
2.72401
2.72401
2.72401
2.72401
2.72401
2.72401
2.72399
2.72397
2.72397
2.72397
2.72397
2.72397
2.72396
2.72396
2.72396
2.72396
2.72396
2.72396
2.72396
2.72396
2.72396
2.72395
2.72395
2.72395
2.72395
2.72395
2.72395
2.72395
2.72395
2.72395
2.72394
2.72394
2.72394
2.72394
2.72394
2.72394
2.72394
2.72393
2.72392
2.72392
2.72392
2.72392
2.72392
2.72391
2.72391
2.72391
2.72391
2.72391
2.72391
2.72391
2.72391
2.7239
2.72388
2.72387
2.72387
2.72387
2.72387
2.72387
2.72387
2.72386
2.72386
2.72386
2.72386
2.72386
2.72386
2.72386
2.72386
2.72386
2.72385
2.72385
2.72385
2.72385
2.72385
2.72385
2.72385
2.72385
2.72385
2.72384
2.72384
2.72384
2.72384
2.72384
2.72384
2.72384
2.72384
2.72384
2.72383
2.72383
2.72381
2.72381
2.72381
2.72381
2.72381
2.72381
2.7238
2.72379
2.72379
2.72378
2.72378
2.72378
2.72378
2.72378
2.72378
2.72378
2.72377
2.72377
2.72377
2.72377
2.72377
2.72377
2.72375
2.72374
2.72374
2.72374
2.72374
2.72373
2.72373
2.72373
2.72373
2.72373
2.72373
2.72373
2.72373
2.72373
2.72372
2.72372
2.72372
2.72372
2.72372
2.72371
2.7237
2.7237
2.7237
2.7237
2.72369
2.72369
2.72369
2.72369
2.72369
2.72369
2.72369
2.72369
2.72369
2.72368
2.72367
2.72367
2.72367
2.72367
2.72367
2.72367
2.72366

