2.7
2.7
2.7
2.7
2.7
2.69999
2.69999
2.69999
2.69999
2.69999
2.69999
2.69997
2.69996
2.69996
2.69996
2.69996
2.69996
2.69995
2.69995
2.69995
2.69995
2.69995
2.69995
2.69995
2.69995
2.69995
2.69994
2.69994
2.69994
2.69994
2.69994
2.69994
2.69994
2.69993
2.69992
2.69992
2.69992
2.69992
2.69991
2.69991
2.69991
2.69991
2.69991
2.69991
2.69991
2.69991
2.69988
2.69988
2.69987
2.69987
2.69987
2.69987
2.69987
2.69987
2.69987
2.69987
2.69986
2.69986
2.69986
2.69986
2.69984
2.69983
2.69983
2.69983
2.69983
2.69983
2.69982
2.69982
2.69982
2.69982
2.69982
2.69982
2.69982
2.69982
2.69982
2.69981
2.69981
2.69981
2.69981
2.69981
2.69981
2.69981
2.69981
2.69981
2.6998
2.6998
2.6998
2.6998
2.6998
2.6998
2.6998
2.6998
2.6998
2.69979
2.69979
2.69979
2.69979
2.69979
2.69979
2.69979
2.69979
2.69979
2.69978
2.69978
2.69978
2.69978
2.69978
2.69978
2.69978
2.69978
2.69978
2.69978
2.69977
2.69977
2.69977
2.69977
2.69977
2.69977
2.69977
2.69977
2.69977
2.69976
2.69976
2.69976
2.69976
2.69976
2.69976
2.69976
2.69976
2.69976
2.69975
2.69975
2.69975
2.69975
2.69975
2.69975
2.69975
2.69975
2.69975
2.69974
2.69974
2.69974
2.69974
2.69974
2.69974
2.69974
2.69974
2.69974
2.69973
2.69973
2.69973
2.69973
2.69973
2.69973
2.69973
2.69973
2.69973
2.69972
2.69972
2.69972
2.69972
2.69972
2.69971
2.6997
2.6997
2.6997
2.6997
2.6997
2.6997
2.6997
2.69969
2.69969
2.69969
2.69969
2.69969
2.69969
2.69969
2.69969
2.69969
2.69968
2.69968
2.69968
2.69968
2.69968
2.69968
2.69968
2.69968
2.69968
2.69966
2.69965
2.69965
2.69965
2.69965
2.69965
2.69965
2.69965
2.69964
2.69964
2.69964
2.69964
2.69964
2.69964
2.69964
2.69964
2.69964
2.69963
2.69962
2.69962
2.69962
2.69962
2.69962
2.69961
2.69961
2.69961
2.69961
2.69961
2.69961
2.69959
2.69957
2.69956
2.69956
2.69956
2.69956
2.69956
2.69956
2.69956
2.69955
2.69955
2.69955
2.69954
2.69953
2.69952
2.69952
2.69952
2.69952
2.69952
2.69952
2.69951
2.69951
2.69951
2.69951
2.69951
2.69951
2.69951
2.6995
2.69949
2.69949
2.69948
2.69948
2.69948
2.69948
2.69948
2.69948
2.69948
2.69948
2.69947
2.69947
2.69947
2.69947
2.69947
2.69947
2.69947
2.69945
2.69944
2.69944
2.69944
2.69944
2.69943
2.69943
2.69943
2.69943
2.69943
2.69943
2.69943
2.69942
2.69941
2.69941
2.69941
2.69941
2.6994
2.6994
2.6994
2.6994
2.6994
2.6994
2.69939
2.69938
2.69938
2.69938
2.69938
2.69938
2.69937
2.69937
2.69937
2.69937
2.69937
2.69937
2.69937
2.69937
2.69936
2.69936
2.69935
2.69935
2.69935
2.69935
2.69935
2.69935
2.69934
2.69934
2.69934
2.69934
2.69934
2.69934
2.69933
2.69933
2.69932
2.69932
2.69932
2.69932
2.69932
2.69932
2.69932
2.69932
2.69932
2.69931
2.69931
2.69931
2.6993
2.6993
2.69929
2.69929
2.69929
2.69929
2.69929
2.69929
2.69929
2.69929
2.69928
2.69928
2.69928
2.69928
2.69926
2.69925
2.69925
2.69925
2.69925
2.69925
2.69925
2.69924
2.69924
2.69924
2.69924
2.69923
2.69923
2.69922
2.69922
2.69922
2.69922
2.69922
2.69922
2.69921
2.69921
2.69921
2.69921
2.69919
2.69917
2.69917
2.69917
2.69917
2.69917
2.69917
2.69916
2.69916
2.69916
2.69916
2.69916
2.69916
2.69915
2.69914
2.69914
2.69914
2.69914
2.69914
2.69914
2.69914
2.69913
2.69913
2.69913
2.69913
2.69913
2.69913
2.69913
2.69912
2.69912
2.69911
2.69911
2.69911
2.69911
2.69911
2.69911
2.6991
2.6991
2.69909
2.69908
2.69908
2.69908
2.69907
2.69907
2.69907
2.69907
2.69907
2.69906
2.69906
2.69906
2.69905
2.69905
2.69905
2.69905
2.69905
2.69905
2.69904
2.69903
2.69903
2.69903
2.69903
2.69902
2.69902
2.69901
2.69899
2.69898
2.69898
2.69898
2.69898
2.69898
2.69898
2.69898
2.69898
2.69897
2.69897
2.69897
2.69897
2.69897
2.69895
2.69894
2.69894
2.69893
2.69893
2.69893
2.69893
2.69893
2.69892
2.69892
2.69891
2.69891
2.69891
2.69891
2.69891
2.69891
2.6989
2.6989
2.6989
2.6989
2.6989
2.6989
2.69889
2.69888
2.69888
2.69888
2.69888
2.69888
2.69887
2.69887
2.69887
2.69887
2.69887
2.69887
2.69887
2.69885
2.69884
2.69884
2.69883
2.69883
2.69883
2.69883
2.69883
2.69883
2.69883
2.69883
2.69882
2.69882
2.69882
2.69882
2.69882
2.69882
2.69882
2.69882
2.69882
2.69881
2.69881
2.69881
2.69881
2.69881
2.69881
2.69881
2.69881
2.69881
2.69879
2.69878
2.69878
2.69877
2.69877
2.69877
2.69877
2.69877
2.69877
2.69877
2.69877
2.69877
2.69876
2.69876
2.69876
2.69876
2.69874
2.69874
2.69873
2.69873
2.69873
2.69873
2.69873
2.69873
2.69873
2.69873
2.69872
2.69872
2.69871
2.69871
2.6987
2.6987
2.6987
2.6987
2.6987
2.6987
2.6987
2.6987
2.69869
2.69869
2.69868
2.69868
2.69868
2.69868
2.69867
2.69867
2.69867
2.69867
2.69867
2.69867
2.69866
2.69865
2.69864
2.69864
2.69864
2.69864
2.69863
2.69863
2.69863
2.69863
2.69863
2.69863
2.69863
2.69863
2.69862
2.69862
2.69861
2.69861
2.69861
2.69861
2.69861
2.69861
2.6986
2.6986
2.6986
2.69859
2.69858
2.69858
2.69857
2.69857
2.69857
2.69857
2.69857
2.69857
2.69857
2.69856
2.69856
2.69856
2.69856
2.69855
2.69853
2.69853
2.69853
2.69852
2.69852
2.69852
2.69851
2.69851
2.69851
2.6985
2.6985
2.6985
2.6985
2.6985
2.6985
2.6985
2.69849
2.69849
2.69849
2.69849
2.69849
2.69849
2.69849
2.69849
2.69849
2.69848
2.69848
2.69848
2.69848
2.69848
2.69848
2.69848
2.69848
2.69848
2.69847
2.69847
2.69847
2.69847
2.69847
2.69847
2.69847
2.69846
2.69845
2.69845
2.69845
2.69845
2.69845
2.69845
2.69844
2.69844
2.69844
2.69842
2.69842
2.69841
2.69841
2.69841
2.69841
2.69841
2.69841
2.69841
2.6984
2.6984
2.6984
2.6984
2.6984
2.6984
2.6984
2.69839
2.69838
2.69837
2.69837
2.69837
2.69837
2.69837
2.69837
2.69837
2.69837
2.69836
2.69836
2.69836
2.69836
2.69835
2.69834
2.69834
2.69834
2.69833
2.69833
2.69833
2.69833
2.69833
2.69833
2.69833
2.69833
2.69833
2.69832
2.69832
2.69832
2.69831
2.69831
2.69831
2.6983
2.6983
2.6983
2.6983
2.6983
2.6983
2.6983
2.6983
2.69829
2.69829
2.69829
2.69829
2.69829
2.69829
2.69829
2.69829
2.69829
2.69828
2.69828
2.69828
2.69828
2.69827
2.69825
2.69824
2.69824
2.69824
2.69824
2.69824
2.69824
2.69824
2.69823
2.69823
2.69823
2.69823
2.69823
2.69823
2.69823
2.69823
2.69823
2.69822
2.69822
2.69822
2.69821
2.69821
2.69821
2.69821
2.6982
2.6982
2.6982
2.6982
2.6982
2.6982
2.6982
2.6982
2.6982
2.69819
2.69818
2.69818
2.69817
2.69817
2.69817
2.69817
2.69817
2.69817
2.69816
2.69816
2.69816
2.69816
2.69815
2.69813
2.69812
2.69812
2.69812
2.69812
2.69812
2.69812
2.69812
2.69811
2.69811
2.69811
2.69809
2.69808
2.69808
2.69808
2.69808
2.69807
2.69807
2.69807
2.69807
2.69807
2.69807
2.69807
2.69807
2.69806
2.69806
2.69806
2.69804
2.69803
2.69803
2.69803
2.69803
2.69803
2.69803
2.69802
2.69802
2.69802
2.69802
2.69802
2.698
2.69799
2.69799
2.69799
2.69799
2.69799
2.69798
2.69798
2.69798
2.69798
2.69798
2.69798
2.69798
2.69798
2.69798
2.69798
2.69797
2.69797
2.69795
2.69794
2.69794
2.69794
2.69794
2.69793
2.69793
2.69793
2.69793
2.69793
2.69793
2.69793
2.69793
2.69793
2.69792
2.69792
2.69792
2.69792
2.69792
2.69792
2.69791
2.69791
2.6979
2.6979
2.6979
2.6979
2.6979
2.6979
2.6979
2.6979
2.69789
2.69789
2.69789
2.69788
2.69788
2.69788
2.69787
2.69787
2.69787
2.69787
2.69787
2.69787
2.69787
2.69786
2.69785
2.69785
2.69785
2.69785
2.69784
2.69784
2.69784
2.69784
2.69784
2.69784
2.69784
2.69783
2.69782
2.69782
2.69782
2.69781
2.69781
2.69781
2.69781
2.69781
2.69781
2.69781
2.69781
2.69781
2.6978
2.6978
2.6978
2.6978
2.6978
2.6978
2.6978
2.6978
2.6978
2.69779
2.69777
2.69777
2.69777
2.69776
2.69776
2.69776
2.69776
2.69776
2.69776
2.69776
2.69776
2.69776
2.69774
2.69773
2.69773
2.69773
2.69772
2.69772
2.69772
2.69772
2.69772
2.69772
2.69772
2.69772
2.69771
2.69769
2.69769
2.69768
2.69768
2.69768
2.69768
2.69768
2.69768
2.69768
2.69767
2.69767
2.69767
2.69767
2.69767
2.69764
2.69764
2.69764
2.69763
2.69763
2.69763
2.69763
2.69763
2.69763
2.69763
2.69763
2.69763
2.69762
2.69762
2.69762
2.69762
2.69762
2.69762
2.69762
2.69761
2.6976
2.69759
2.69759
2.69759
2.69759
2.69759
2.69759
2.69758
2.69758
2.69757
2.69756
2.69756
2.69756
2.69756
2.69756
2.69756
2.69755
2.69755
2.69755
2.69755
2.69755
2.69755
2.69755
2.69755
2.69755
2.69754
2.69754
2.69753
2.69752
2.69751
2.69751
2.69751
2.69751
2.69751
2.69751
2.69751
2.69751
2.6975
2.6975
2.6975
2.6975
2.6975
2.6975
2.6975
2.6975
2.6975
2.69749
2.69749
2.69748
2.69748
2.69747
2.69747
2.69747
2.69747
2.69747
2.69747
2.69747
2.69746
2.69745
2.69745
2.69744
2.69744
2.69744
2.69744
2.69744
2.69744
2.69744
2.69744
2.69743
2.69742
2.69741
2.69741
2.69741
2.6974
2.6974
2.6974
2.69739
2.69738
2.69738
2.69738
2.69737
2.69737
2.69737
2.69737
2.69737
2.69737
2.69737
2.69737
2.69737
2.69736
2.69736
2.69736
2.69736
2.69736
2.69736
2.69736
2.69736
2.69736
2.69735
2.69733
2.69732
2.69732
2.69732
2.69731
2.69731
2.69731
2.69731
2.69731
2.69731
2.69731
2.69731
2.6973
2.69729
2.69729
2.69729
2.69728
2.69728
2.69728
2.69728
2.69728
2.69728
2.69727
2.69726
2.69725
2.69725
2.69725
2.69725
2.69725
2.69725
2.69725
2.69724
2.69724
2.69724
2.69724
2.69724
2.69724
2.69724
2.69723
2.69722
2.69722
2.69721
2.69721
2.69721
2.69721
2.69721
2.69721
2.69721
2.69721
2.6972
2.6972
2.6972
2.6972
2.69719
2.69719
2.69719
2.69719
2.69719
2.69718
2.69718
2.69718
2.69718
2.69718
2.69718
2.69718
2.69717
2.69717
2.69716
2.69716
2.69716
2.69716
2.69716
2.69716
2.69715
2.69713
2.69712
2.69712
2.69712
2.69712
2.69711
2.69711
2.69711
2.69711
2.69711
2.69711
2.69711
2.69711
2.69711
2.6971
2.6971
2.6971
2.6971
2.6971
2.69708
2.69707
2.69707
2.69707
2.69706
2.69706
2.69706
2.69706
2.69706
2.69705
2.69703
2.69702
2.69702
2.69702
2.69702
2.69702
2.69701
2.69701
2.69701
2.69701
2.69701
2.69701
2.69701
2.69701
2.697
2.69699
2.69698
2.69698
2.69698
2.69698
2.69698
2.69698
2.69698
2.69697
2.69697
2.69697
2.69697
2.69697
2.69697
2.69697
2.69697
2.69697
2.69696
2.69696
2.69696
2.69696
2.69696
2.69695
2.69694
2.69694
2.69694
2.69693
2.69693
2.69693
2.69693
2.69693
2.69693
2.69693
2.69693
2.69692
2.69692
2.69692
2.69692
2.69692
2.69692
2.69692
2.69692
2.69692
2.69691
2.69691
2.6969
2.69689
2.69688
2.69688
2.69688
2.69688
2.69688
2.69688
2.69687
2.69687
2.69687
2.69687
2.69686
2.69685
2.69684
2.69684
2.69684
2.69684
2.69684
2.69684
2.69684
2.69684
2.69683
2.69683
2.69683
2.69681
2.69678
2.69678
2.69678
2.69677
2.69677
2.69677
2.69677
2.69677
2.69677
2.69677
2.69677
2.69676
2.69674
2.69674
2.69673
2.69673
2.69673
2.69673
2.69673
2.69673
2.69673
2.69673
2.69672
2.69672
2.69672
2.69672
2.69672
2.69672
2.69672
2.69672
2.69672
2.69671
2.69671
2.69671
2.69671
2.69669
2.69668
2.69667
2.69667
2.69667
2.69667
2.69666
2.69666
2.69666
2.69666
2.69665
2.69663
2.69662
2.69662
2.69662
2.69662
2.69661
2.69661
2.69661
2.69661
2.69661
2.69661
2.69661
2.69661
2.69661
2.6966
2.69659
2.69659
2.69659
2.69658
2.69658
2.69658
2.69658
2.69658
2.69658
2.69658
2.69658
2.69656
2.69655
2.69654
2.69654
2.69654
2.69654
2.69654
2.69654
2.69653
2.69653
2.69653
2.69653
2.69651
2.69651
2.69651
2.6965
2.6965
2.6965
2.6965
2.6965
2.6965
2.6965
2.6965
2.69649
2.69649
2.69649
2.69649
2.69649
2.69649
2.69649
2.69649
2.69648
2.69648
2.69647
2.69647
2.69647
2.69647
2.69647
2.69647
2.69646
2.69646
2.69646
2.69646
2.69646
2.69646
2.69646
2.69646
2.69645
2.69645
2.69644
2.69644
2.69644
2.69644
2.69644
2.69644
2.69643
2.69643
2.69643
2.69643
2.69643
2.69643
2.69641
2.69639
2.69639
2.69639
2.69639
2.69639
2.69638
2.69638
2.69638
2.69638
2.69638
2.69638
2.69637
2.69636
2.69635
2.69635
2.69635
2.69635
2.69635
2.69635
2.69635
2.69634
2.69634
2.69634
2.69634
2.69634
2.69634
2.69634
2.69632
2.69631
2.69631
2.69631
2.69631
2.69631
2.6963
2.6963
2.6963
2.6963
2.69628
2.69627
2.69627
2.69627
2.69627
2.69627
2.69626
2.69626
2.69626
2.69626
2.69626
2.69626
2.69626
2.69626
2.69623
2.69622
2.69622
2.69622
2.69621
2.69621
2.69621
2.69621
2.69621
2.69621
2.69621
2.69621
2.69621
2.6962
2.6962
2.6962
2.69619
2.69618
2.69618
2.69618
2.69618
2.69618
2.69618
2.69618
2.69617
2.69617
2.69617
2.69617
2.69617
2.69617
2.69617
2.69617
2.69616
2.69614
2.69613
2.69613
2.69613
2.69613
2.69613
2.69613
2.69612
2.69612
2.69612
2.69612
2.69612
2.69612
2.69612
2.69611
2.6961
2.6961
2.6961
2.6961
2.69609
2.69609
2.69609
2.69609
2.69609
2.69609
2.69609
2.69609
2.69609
2.69608
2.69608
2.69608
2.69608
2.69608
2.69608
2.69608
2.69608
2.69606
2.69605
2.69605
2.69605
2.69605
2.69605
2.69604
2.69604
2.69604
2.69604
2.69604
2.69604
2.69604
2.69603
2.69601
2.69601
2.69601
2.69601
2.69601
2.696
2.696
2.696
2.696
2.696
2.696
2.696
2.696
2.696
2.69599
2.69599
2.69598
2.69597
2.69597
2.69597
2.69596
2.69596
2.69596
2.69596
2.69596
2.69596
2.69596
2.69596
2.69595
2.69594
2.69594
2.69593
2.69593
2.69593
2.69593
2.69593
2.69593
2.69593
2.69593
2.69592
2.69592
2.69592
2.6959
2.6959
2.69589
2.69589
2.69589
2.69589
2.69589
2.69589
2.69589
2.69588
2.69588
2.69588
2.69588
2.69588
2.69588
2.69588
2.69588
2.69588
2.69585
2.69584
2.69584
2.69584
2.69584
2.69584
2.69584
2.69583
2.69583
2.69583
2.69583
2.69583
2.69583
2.69583
2.69583
2.69583
2.69582
2.69582
2.69582
2.69582
2.69582
2.69582
2.69582
2.69582
2.69582
2.69581
2.69581
2.69579
2.69578
2.69578
2.69578
2.69577
2.69577
2.69577
2.69576
2.69574
2.69574
2.69573
2.69573
2.69573
2.69573
2.69573
2.69573
2.69573
2.69573
2.69572
2.69572
2.69572
2.69572
2.69571
2.6957
2.6957
2.6957
2.6957
2.6957
2.6957
2.6957
2.69569
2.69569
2.69569
2.69569
2.69568
2.69567
2.69567
2.69567
2.69567
2.69567
2.69566
2.69566
2.69566
2.69566
2.69564
2.69564
2.69564
2.69563
2.69563
2.69563
2.69563
2.69563
2.69563
2.69563
2.69563
2.69562
2.69562
2.69562
2.69562
2.69562
2.6956
2.69559
2.69559
2.69559
2.69559
2.69559
2.69559
2.69559
2.69558
2.69558
2.69558
2.69558
2.69558
2.72455
2.77525
2.77524
2.77524
2.77523
2.77523
2.77523
2.77523
2.77523
2.77523
2.77523
2.77523
2.77522
2.77518
2.77517
2.77516
2.77516
2.77516
2.77516
2.77516
2.77516
2.77516
2.77516
2.77515
2.77515
2.77515
2.77515
2.77515
2.77513
2.77512
2.77512
2.77512
2.77512
2.77512
2.77512
2.77512
2.77511
2.77511
2.77511
2.77511
2.77511
2.77511
2.77511
2.7751
2.77509
2.77509
2.77509
2.77508
2.77508
2.77508
2.77508
2.77508
2.77508
2.77508
2.77506
2.77505
2.77505
2.77504
2.77504
2.77504
2.77504
2.77504
2.77504
2.77504
2.77504
2.77504
2.77503
2.77503
2.77503
2.77503
2.77502
2.77502
2.77501
2.77501
2.77501
2.77501
2.77501
2.77501
2.77501
2.775
2.775
2.775
2.775
2.77499
2.77498
2.77498
2.77498
2.77498
2.77498
2.77497
2.77497
2.77497
2.77497
2.77497
2.77497
2.77497
2.77497
2.77496
2.77495
2.77494
2.77494
2.77494
2.77494
2.77494
2.77494
2.77491
2.7749
2.7749
2.7749
2.77489
2.77489
2.77489
2.77489
2.77489
2.77489
2.77489
2.77489
2.77488
2.77488
2.77488
2.77487
2.77485
2.77485
2.77485
2.77485
2.77484
2.77484
2.77484
2.77484
2.77482
2.77482
2.77481
2.77481
2.77481
2.77481
2.77481
2.77481
2.77481
2.77481
2.77479
2.77478
2.77478
2.77477
2.77477
2.77477
2.77477
2.77477
2.77477
2.77477
2.77477
2.77476
2.77476
2.77476
2.77476
2.77476
2.77476
2.77476
2.77476
2.77476
2.77475
2.77475
2.77475
2.77475
2.77475
2.77475
2.77472
2.77471
2.77471
2.77471
2.77471
2.77471
2.7747
2.7747
2.7747
2.7747
2.7747
2.7747
2.7747
2.77468
2.77467
2.77467
2.77466
2.77466
2.77466
2.77466
2.77466
2.77466
2.77466
2.77466
2.77465
2.77465
2.77465
2.77465
2.77465
2.77465
2.77465
2.77465
2.77465
2.77464
2.77464
2.77464
2.77464
2.77464
2.77464
2.77464
2.77464
2.77463
2.77462
2.77462
2.77462
2.77462
2.77461
2.77461
2.77461
2.77461
2.77461
2.77461
2.77461
2.77461
2.77461
2.7746
2.7746
2.7746
2.7746
2.7746
2.77459
2.77458
2.77458
2.77457
2.77457
2.77457
2.77457
2.77457
2.77457
2.77457
2.77457
2.77456
2.77456
2.77456
2.77456
2.77456
2.77456
2.77456
2.77456
2.77455
2.77454
2.77454
2.77453
2.77453
2.77453
2.77453
2.77453
2.77453
2.77453
2.77452
2.77452
2.77452
2.77452
2.77452
2.77452
2.77452
2.77452
2.77452
2.77451
2.77451
2.77451
2.77451
2.77451
2.77451
2.77451
2.77449
2.77449
2.77448
2.77448
2.77448
2.77448
2.77448
2.77448
2.77447
2.77447
2.77443
2.77443
2.77442
2.77442
2.77442
2.77442
2.77442
2.77442
2.77442
2.77441
2.77441
2.77441
2.77441
2.77441
2.77441
2.77441
2.7744
2.77438
2.77438
2.77437
2.77437
2.77437
2.77437
2.77437
2.77437
2.77437
2.77436
2.77436
2.77436
2.77436
2.77436
2.77436
2.77436
2.77436
2.77435
2.77435
2.77435
2.77435
2.77434
2.77434
2.77433
2.77433
2.77433
2.77433
2.77433
2.77433
2.77433
2.77433
2.77432
2.77432
2.77432
2.77432
2.77432
2.77432
2.77432
2.77432
2.77432
2.77431
2.77431
2.77431
2.77431
2.77431
2.77431
2.77431
2.77431
2.77431
2.7743
2.7743
2.77429
2.77428
2.77427
2.77427
2.77427
2.77427
2.77427
2.77427
2.77426
2.77426
2.77426
2.77426
2.77426
2.77426
2.77426
2.77424
2.77423
2.77423
2.77423
2.77423
2.77422
2.77422
2.77422
2.77422
2.77422
2.77422
2.77422
2.77422
2.77421
2.77421
2.77421
2.77421
2.7742
2.77417
2.77416
2.77416
2.77416
2.77416
2.77416
2.77416
2.77416
2.77415
2.77415
2.77415
2.77415
2.77415
2.77415
2.77414
2.77412
2.77412
2.77412
2.77412
2.77412
2.77412
2.77411
2.77411
2.77411
2.77411
2.77411
2.77411
2.7741
2.77409
2.77408
2.77408
2.77408
2.77408
2.77408
2.77407
2.77407
2.77407
2.77407
2.77407
2.77407
2.77407
2.77407
2.77407
2.77404
2.77403
2.77402
2.77402
2.77402
2.77402
2.77402
2.77402
2.77402
2.77401
2.77401
2.77401
2.77401
2.77401
2.774
2.77399
2.77398
2.77398
2.77398
2.77398
2.77398
2.77398
2.77398
2.77398
2.77397
2.77397
2.77397
2.77397
2.77397
2.77396
2.77395
2.77395
2.77395
2.77395
2.77395
2.77395
2.77395
2.77394
2.77394
2.77394
2.77394
2.77392
2.77391
2.77391
2.7739
2.7739
2.7739
2.7739
2.7739
2.7739
2.7739
2.77389
2.77389
2.77389
2.77389
2.77389
2.77389
2.77389
2.77388
2.77387
2.77386
2.77386
2.77386
2.77386
2.77386
2.77385
2.77385
2.77385
2.77385
2.77385
2.77385
2.77385
2.77385
2.77383
2.77383
2.77382
2.77382
2.77382
2.77382
2.77382
2.77382
2.77382
2.77382
2.77381
2.77381
2.77381
2.77381
2.77381
2.77381
2.77381
2.77381
2.77381
2.7738
2.7738
2.7738
2.7738
2.7738
2.7738
2.7738
2.7738
2.7738
2.77379
2.77379
2.77379
2.77379
2.77379
2.77379
2.77378
2.77377
2.77377
2.77377
2.77377
2.77377
2.77377
2.77376
2.77376
2.77374
2.77373
2.77373
2.77372
2.77372
2.77372
2.77372
2.77372
2.77372
2.77372
2.77372
2.77371
2.77371
2.77369
2.77369
2.77368
2.77368
2.77368
2.77368
2.77368
2.77368
2.77366
2.77365
2.77364
2.77364
2.77364
2.77364
2.77364
2.77364
2.77363
2.77363
2.77362
2.77361
2.77361
2.77361
2.77361
2.77361
2.7736
2.7736
2.7736
2.7736
2.77358
2.77357
2.77357
2.77357
2.77357
2.77357
2.77356
2.77356
2.77356
2.77356
2.77354
2.77354
2.77353
2.77353
2.77353
2.77353
2.77353
2.77353
2.77352
2.77351
2.7735
2.7735
2.7735
2.7735
2.7735
2.7735
2.7735
2.77348
2.77347
2.77347
2.77347
2.77347
2.77347
2.77347
2.77347
2.77346
2.77346
2.77346
2.77346
2.77346
2.77346
2.77345
2.77345
2.77344
2.77344
2.77344
2.77344
2.77344
2.77343
2.77343
2.77343
2.77343
2.77341
2.7734
2.7734
2.7734
2.7734
2.7734
2.77339
2.77339
2.77339
2.77339
2.77339
2.77339
2.77339
2.77339
2.77339
2.77338
2.77338
2.77338
2.77338
2.77338
2.77338
2.77337
2.77336
2.77336
2.77336
2.77335
2.77335
2.77335
2.77335
2.77335
2.77335
2.77335
2.77333
2.77332
2.7733
2.77329
2.77328
2.77328
2.77328
2.77328
2.77328
2.77328
2.77328
2.77327
2.77327
2.77327
2.77327
2.77327
2.77327
2.77327
2.77327
2.77327
2.77325
2.77324
2.77324
2.77323
2.77323
2.77323
2.77323
2.77323
2.77323
2.77323
2.77322
2.77322
2.77322
2.7732
2.77319
2.77319
2.77319
2.77319
2.77318
2.77318
2.77318
2.77318
2.77318
2.77318
2.77318
2.77317
2.77316
2.77315
2.77315
2.77315
2.77315
2.77315
2.77315
2.77314
2.77314
2.77314
2.77314
2.77314
2.77314
2.77314
2.77314
2.77314
2.77313
2.77311
2.7731
2.77309
2.77309
2.77309
2.77309
2.77309
2.77309
2.77308
2.77308
2.77308
2.77308
2.77308
2.77308
2.77308
2.77308
2.77307
2.77306
2.77306
2.77305
2.77305
2.77305
2.77305
2.77305
2.77305
2.77305
2.77304
2.77304
2.77304
2.77304
2.77304
2.77304
2.77304
2.77304
2.77304
2.77303
2.77303
2.77303
2.77303
2.77303
2.77303
2.77303
2.77303
2.77301
2.77299
2.77299
2.77299
2.77299
2.77299
2.77299
2.77298
2.77298
2.77298
2.77298
2.77298
2.77298
2.77297
2.77295
2.77294
2.77294
2.77294
2.77294
2.77294
2.77294
2.77294
2.77293
2.77293
2.77293
2.77293
2.77293
2.77293
2.77293
2.77293
2.77293
2.77292
2.77291
2.7729
2.77289
2.77289
2.77289
2.77289
2.77289
2.77289
2.77289
2.77288
2.77288
2.77288
2.77288
2.77288
2.77288
2.77288
2.77288
2.77288
2.77287
2.77287
2.77287
2.77287
2.77287
2.77287
2.77286
2.77285
2.77285
2.77284
2.77284
2.77284
2.77284
2.77284
2.77284
2.77284
2.77284
2.77283
2.77283
2.77283
2.77283
2.77281
2.77281
2.7728
2.7728
2.7728
2.7728
2.7728
2.7728
2.7728
2.7728
2.77279
2.77279
2.77279
2.77279
2.77279
2.77279
2.77279
2.77279
2.77278
2.77278
2.77276
2.77276
2.77276
2.77276
2.77275
2.77275
2.77275
2.77275
2.77275
2.77275
2.77275
2.77275
2.77275
2.77274
2.77274
2.77274
2.77273
2.77272
2.77272
2.77272
2.77272
2.77272
2.77272
2.77271
2.77271
2.77271
2.77271
2.77271
2.77271
2.77271
2.7727
2.77267
2.77267
2.77267
2.77266
2.77266
2.77266
2.77266
2.77266
2.77266
2.77266
2.77266
2.77266
2.77265
2.77265
2.77265
2.77264
2.77263
2.77263
2.77263
2.77262
2.77262
2.77262
2.77262
2.77262
2.77262
2.77261
2.7726
2.7726
2.7726
2.7726
2.7726
2.77259
2.77259
2.77259
2.77259
2.77259
2.77259
2.77259
2.77259
2.77258
2.77258
2.77258
2.77258
2.77258
2.77258
2.77258
2.77258
2.77258
2.77257
2.77255
2.77255
2.77255
2.77254
2.77254
2.77254
2.77254
2.77254
2.77254
2.77254
2.77254
2.77253
2.77253
2.77253
2.77252
2.77251
2.77251
2.77251
2.7725
2.7725
2.7725
2.7725
2.7725
2.7725
2.7725
2.7725
2.77248
2.77247
2.77246
2.77246
2.77246
2.77246
2.77246
2.77246
2.77246
2.77246
2.77245
2.77245
2.77245
2.77245
2.77244
2.77243
2.77243
2.77243
2.77243
2.77243
2.77243
2.77242
2.77242
2.77242
2.77242
2.77241
2.77241
2.77241
2.7724
2.7724
2.7724
2.7724
2.7724
2.7724
2.7724
2.7724
2.77239
2.77239
2.77239
2.77239
2.77239
2.77239
2.77239
2.77238
2.77237
2.77237
2.77237
2.77237
2.77236
2.77236
2.77236
2.77236
2.77236
2.77236
2.77236
2.77236
2.77234
2.77233
2.77233
2.77232
2.77232
2.77232
2.77232
2.77232
2.77232
2.77232
2.77232
2.77232
2.77231
2.77231
2.77231
2.7723
2.7723
2.7723
2.77229
2.77229
2.77229
2.77229
2.77229
2.77229
2.77229
2.77229
2.77227
2.77225
2.77225
2.77224
2.77224
2.77224
2.77224
2.77224
2.77224
2.77224
2.77224
2.77223
2.77223
2.77223
2.77222
2.77221
2.7722
2.7722
2.7722
2.7722
2.7722
2.7722
2.77219
2.77219
2.77219
2.77219
2.77219
2.77219
2.77219
2.77219
2.77219
2.77218
2.77218
2.77218
2.77217
2.77216
2.77215
2.77215
2.77215
2.77215
2.77214
2.77214
2.77214
2.77214
2.77214
2.77214
2.77212
2.77212
2.77212
2.77211
2.77211
2.77211
2.77211
2.77211
2.77211
2.77211
2.7721
2.77209
2.77209
2.77209
2.77209
2.77209
2.77209
2.77208
2.77208
2.77208
2.77208
2.77208
2.77208
2.77208
2.77208
2.77208
2.77207
2.77207
2.77207
2.77207
2.77205
2.77204
2.77204
2.77203
2.77203
2.77203
2.77203
2.77203
2.77203
2.77202
2.77202
2.77201
2.772
2.772
2.772
2.772
2.772
2.77199
2.77199
2.77199
2.77199
2.77199
2.77199
2.77199
2.77199
2.77199
2.77198
2.77198
2.77198
2.77198
2.77198
2.77198
2.77198
2.77198
2.77198
2.77197
2.77197
2.77197
2.77197
2.77196
2.77195
2.77195
2.77195
2.77194
2.77194
2.77194
2.77194
2.77194
2.77194
2.77194
2.77194
2.77194
2.77193
2.77193
2.77193
2.77193
2.77193
2.77193
2.77193
2.77191
2.7719
2.7719
2.7719
2.7719
2.7719
2.77189
2.77189
2.77189
2.77189
2.77189
2.77189
2.77189
2.77189
2.77187
2.77185
2.77185
2.77185
2.77184
2.77184
2.77184
2.77184
2.77184
2.77184
2.77184
2.77184
2.77184
2.77183
2.77183
2.77183
2.77182
2.77181
2.77181
2.77181
2.77181
2.77181
2.77181
2.7718
2.7718
2.77179
2.77179
2.77178
2.77178
2.77178
2.77178
2.77178
2.77178
2.77177
2.77177
2.77177
2.77177
2.77177
2.77177
2.77177
2.77177
2.77177
2.77176
2.77176
2.77176
2.77176
2.77176
2.77175
2.77175
2.77174
2.77174
2.77174
2.77174
2.77174
2.77174
2.77174
2.77173
2.77173
2.77173
2.77173
2.77172
2.77168
2.77167
2.77167
2.77167
2.77167
2.77167
2.77167
2.77167
2.77165
2.77163
2.77163
2.77163
2.77163
2.77162
2.77162
2.77162
2.77162
2.77162
2.77131
2.77129
2.77129
2.77129
2.77129
2.77129
2.77128
2.77128
2.77128
2.77128
2.77128
2.77128
2.77128
2.77128
2.77128
2.77127
2.77127
2.77127
2.77127
2.77125
2.77124
2.77124
2.77124
2.77124
2.77124
2.77124
2.77124
2.77124
2.77123
2.77123
2.77122
2.77122
2.77121
2.77121
2.77121
2.77121
2.77121
2.77121
2.77121
2.77121
2.7712
2.7712
2.7712
2.7712
2.7712
2.7712
2.77119

