2.7
2.7
2.7
2.7
2.7
2.69999
2.69999
2.69999
2.69999
2.69999
2.69999
2.69999
2.69999
2.69999
2.69998
2.69998
2.69997
2.69996
2.69995
2.69995
2.69995
2.69995
2.69995
2.69994
2.69994
2.69994
2.69994
2.69994
2.69994
2.69993
2.69992
2.69992
2.69992
2.69992
2.69991
2.69991
2.69991
2.69991
2.69991
2.69991
2.69991
2.69991
2.6999
2.6999
2.69989
2.69989
2.69989
2.69988
2.69988
2.69988
2.69988
2.69988
2.69988
2.69988
2.69988
2.69988
2.69987
2.69986
2.69985
2.69984
2.69984
2.69984
2.69984
2.69984
2.69984
2.69984
2.69984
2.69983
2.69983
2.69983
2.69983
2.69981
2.6998
2.6998
2.6998
2.6998
2.6998
2.6998
2.6998
2.69979
2.69979
2.69979
2.69979
2.69979
2.69977
2.69976
2.69976
2.69976
2.69976
2.69976
2.69975
2.69975
2.69975
2.69975
2.69975
2.69975
2.69973
2.69971
2.69971
2.69971
2.6997
2.6997
2.6997
2.6997
2.6997
2.6997
2.6997
2.6997
2.6997
2.69969
2.69969
2.69969
2.69968
2.69967
2.69966
2.69966
2.69966
2.69966
2.69966
2.69966
2.69966
2.69965
2.69965
2.69965
2.69965
2.69963
2.69962
2.69962
2.69962
2.69961
2.69961
2.69961
2.69961
2.69961
2.69961
2.69961
2.69961
2.69961
2.6996
2.6996
2.69959
2.69959
2.69959
2.69958
2.69958
2.69958
2.69958
2.69958
2.69958
2.69958
2.69958
2.69958
2.69957
2.69957
2.69957
2.69956
2.69956
2.69955
2.69955
2.69955
2.69955
2.69955
2.69955
2.69955
2.69955
2.69954
2.69954
2.69954
2.69954
2.69954
2.69954
2.69953
2.69953
2.69952
2.69952
2.69952
2.69952
2.69951
2.69951
2.69951
2.69951
2.69951
2.69951
2.6995
2.69949
2.69948
2.69948
2.69948
2.69948
2.69947
2.69947
2.69947
2.69947
2.69947
2.69947
2.69947
2.69947
2.69947
2.69946
2.69946
2.69944
2.69944
2.69944
2.69944
2.69943
2.69943
2.69943
2.69943
2.69943
2.69943
2.69943
2.69943
2.69943
2.69942
2.69942
2.69942
2.69941
2.6994
2.6994
2.6994
2.6994
2.6994
2.6994
2.6994
2.69939
2.69939
2.69939
2.69939
2.69938
2.69937
2.69937
2.69937
2.69937
2.69937
2.69937
2.69936
2.69936
2.69936
2.69935
2.69934
2.69934
2.69934
2.69934
2.69934
2.69934
2.69933
2.69933
2.69933
2.69933
2.69933
2.69933
2.69933
2.69932
2.6993
2.6993
2.6993
2.6993
2.69929
2.69929
2.69929
2.69929
2.69929
2.69929
2.69928
2.69927
2.69926
2.69926
2.69926
2.69925
2.69925
2.69925
2.69925
2.69925
2.69925
2.69925
2.69925
2.69925
2.69924
2.69924
2.69924
2.69924
2.69924
2.69923
2.69923
2.69922
2.69922
2.69922
2.69922
2.69922
2.69922
2.69922
2.69921
2.69921
2.69921
2.69921
2.69921
2.69921
2.69921
2.69918
2.69918
2.69917
2.69917
2.69917
2.69917
2.69917
2.69917
2.69917
2.69917
2.69916
2.69915
2.69915
2.69914
2.69914
2.69914
2.69914
2.69914
2.69914
2.69913
2.69913
2.69913
2.69913
2.69913
2.69912
2.69911
2.69911
2.69911
2.69911
2.69911
2.69911
2.6991
2.69909
2.69908
2.69908
2.69907
2.69907
2.69907
2.69907
2.69907
2.69907
2.69907
2.69906
2.69906
2.69905
2.69905
2.69905
2.69905
2.69905
2.69905
2.69905
2.69904
2.69904
2.69904
2.69904
2.69904
2.69904
2.69904
2.69904
2.69904
2.69903
2.69903
2.69903
2.69903
2.69903
2.69902
2.69902
2.69902
2.69901
2.69901
2.69901
2.69901
2.69901
2.69901
2.69901
2.69899
2.69898
2.69898
2.69898
2.69898
2.69898
2.69897
2.69897
2.69897
2.69897
2.69897
2.69897
2.69897
2.69897
2.69897
2.69896
2.69896
2.69895
2.69895
2.69895
2.69894
2.69894
2.69894
2.69894
2.69894
2.69894
2.69894
2.69894
2.69893
2.6989
2.69889
2.69888
2.69888
2.69888
2.69888
2.69887
2.69887
2.69886
2.69886
2.69886
2.69885
2.69884
2.69884
2.69884
2.69884
2.69884
2.69884
2.69883
2.69883
2.69883
2.69883
2.69881
2.69881
2.6988
2.6988
2.6988
2.6988
2.6988
2.69879
2.69879
2.69879
2.69879
2.69879
2.69879
2.69879
2.69879
2.69879
2.69878
2.69878
2.69878
2.69878
2.69878
2.69877
2.69876
2.69876
2.69876
2.69876
2.69876
2.69876
2.69875
2.69875
2.69875
2.69875
2.69875
2.69875
2.69875
2.69875
2.69875
2.69874
2.69874
2.69873
2.69872
2.69872
2.69872
2.69872
2.69872
2.69872
2.69872
2.69871
2.69871
2.69871
2.69871
2.69871
2.69869
2.69868
2.69868
2.69868
2.69868
2.69868
2.69868
2.69867
2.69867
2.69867
2.69867
2.69867
2.69867
2.69867
2.69867
2.69867
2.69865
2.69863
2.69863
2.69863
2.69862
2.69862
2.69862
2.69862
2.69862
2.69862
2.69862
2.69862
2.6986
2.69858
2.69858
2.69857
2.69857
2.69857
2.69857
2.69857
2.69857
2.69857
2.69857
2.69856
2.69856
2.69856
2.69856
2.69854
2.69853
2.69852
2.69852
2.69852
2.69852
2.69852
2.69852
2.69852
2.69851
2.69851
2.69851
2.69851
2.6985
2.69849
2.69849
2.69849
2.69848
2.69848
2.69848
2.69848
2.69848
2.69848
2.69848
2.69848
2.69848
2.69847
2.69847
2.69847
2.69847
2.69846
2.69845
2.69845
2.69844
2.69844
2.69844
2.69844
2.69844
2.69843
2.69841
2.69841
2.6984
2.6984
2.6984
2.6984
2.6984
2.6984
2.69839
2.69839
2.69839
2.69839
2.69839
2.69839
2.69839
2.69839
2.69839
2.69838
2.69838
2.69837
2.69837
2.69837
2.69837
2.69837
2.69836
2.69836
2.69836
2.69836
2.69836
2.69836
2.69835
2.69834
2.69833
2.69833
2.69833
2.69833
2.69833
2.69833
2.69832
2.69832
2.69832
2.69832
2.69832
2.69832
2.69832
2.69832
2.69832
2.69832
2.69831
2.69831
2.69831
2.69831
2.69831
2.69831
2.69831
2.69831
2.69831
2.6983
2.6983
2.6983
2.6983
2.6983
2.6983
2.6983
2.6983
2.6983
2.69829
2.69829
2.69829
2.69829
2.69828
2.69827
2.69827
2.69827
2.69827
2.69827
2.69827
2.69826
2.69826
2.69826
2.69826
2.69826
2.69826
2.69826
2.69826
2.69826
2.69825
2.69825
2.69825
2.69825
2.69825
2.69825
2.69825
2.69825
2.69824
2.69823
2.69823
2.69823
2.69823
2.69823
2.69823
2.69822
2.69822
2.69822
2.69822
2.69822
2.69822
2.69822
2.69822
2.69822
2.69821
2.69821
2.69821
2.69821
2.69821
2.69821
2.69821
2.69821
2.69821
2.6982
2.6982
2.6982
2.6982
2.6982
2.6982
2.6982
2.6982
2.6982
2.69819
2.69819
2.69819
2.69819
2.69819
2.69819
2.69819
2.69819
2.69819
2.69818
2.69818
2.69818
2.69818
2.69818
2.69818
2.69817
2.69816
2.69815
2.69815
2.69815
2.69815
2.69815
2.69815
2.69815
2.69815
2.69814
2.69814
2.69814
2.69813
2.69813
2.69812
2.69812
2.69812
2.69812
2.69812
2.69812
2.69811
2.69811
2.69811
2.69811
2.69811
2.69811
2.69811
2.69811
2.69811
2.69811
2.6981
2.69808
2.69808
2.69807
2.69807
2.69807
2.69807
2.69807
2.69807
2.69807
2.69807
2.69807
2.69806
2.69806
2.69806
2.69806
2.69806
2.69806
2.69806
2.69806
2.69806
2.69805
2.69805
2.69805
2.69804
2.69803
2.69803
2.69802
2.69802
2.69802
2.69802
2.69802
2.69802
2.69802
2.69802
2.69801
2.69801
2.69799
2.69799
2.69799
2.69798
2.69798
2.69798
2.69798
2.69798
2.69798
2.69798
2.69798
2.69798
2.69797
2.69797
2.69797
2.69797
2.69797
2.69796
2.69795
2.69795
2.69795
2.69794
2.69794
2.69794
2.69794
2.69794
2.69792
2.69791
2.69791
2.6979
2.6979
2.6979
2.6979
2.6979
2.6979
2.6979
2.69789
2.69788
2.69788
2.69787
2.69787
2.69787
2.69787
2.69787
2.69787
2.69787
2.69786
2.69786
2.69786
2.69786
2.69786
2.69786
2.69784
2.69784
2.69783
2.69783
2.69783
2.69783
2.69783
2.69783
2.69782
2.69782
2.69782
2.69782
2.69782
2.69782
2.69782
2.69782
2.69782
2.69779
2.69779
2.69778
2.69778
2.69778
2.69778
2.69778
2.69778
2.69778
2.69777
2.69777
2.69777
2.69777
2.69777
2.69775
2.69775
2.69774
2.69774
2.69774
2.69774
2.69774
2.69774
2.69774
2.69773
2.69773
2.69773
2.69773
2.69773
2.69773
2.69773
2.69773
2.69773
2.69772
2.69772
2.69772
2.6977
2.6977
2.69769
2.69769
2.69769
2.69769
2.69769
2.69769
2.69769
2.69768
2.69768
2.69768
2.69767
2.69767
2.69766
2.69766
2.69766
2.69766
2.69766
2.69766
2.69766
2.69765
2.69765
2.69765
2.69765
2.69765
2.69765
2.69765
2.69765
2.69765
2.69764
2.69764
2.69764
2.69764
2.69764
2.69764
2.69764
2.69764
2.69764
2.69764
2.69763
2.69763
2.69763
2.69763
2.69763
2.69763
2.69762
2.6976
2.69759
2.69759
2.69759
2.69759
2.69759
2.69758
2.69758
2.69758
2.69757
2.69757
2.69757
2.69756
2.69756
2.69756
2.69756
2.69756
2.69756
2.69756
2.69756
2.69756
2.69755
2.69755
2.69755
2.69755
2.69753
2.69753
2.69753
2.69752
2.69752
2.69752
2.69752
2.69752
2.69752
2.69751
2.6975
2.69749
2.69749
2.69749
2.69749
2.69749
2.69749
2.69749
2.69748
2.69748
2.69748
2.69748
2.69748
2.69748
2.69748
2.69747
2.69746
2.69746
2.69745
2.69745
2.69745
2.69745
2.69745
2.69745
2.69745
2.69745
2.69745
2.69744
2.69744
2.69744
2.69743
2.69743
2.69743
2.69743
2.69742
2.69742
2.69742
2.69742
2.69742
2.69742
2.69742
2.69742
2.69742
2.69741
2.69741
2.69741
2.69741
2.69741
2.69741
2.69741
2.69741
2.69741
2.6974
2.6974
2.6974
2.6974
2.6974
2.6974
2.6974
2.69738
2.69737
2.69737
2.69737
2.69737
2.69737
2.69736
2.69736
2.69736
2.69736
2.69736
2.69736
2.69736
2.69735
2.69734
2.69733
2.69733
2.69733
2.69733
2.69733
2.69733
2.69732
2.69732
2.69732
2.69732
2.69732
2.69732
2.69731
2.6973
2.6973
2.6973
2.6973
2.6973
2.69729
2.69729
2.69729
2.69729
2.69729
2.69729
2.69729
2.69727
2.69727
2.69726
2.69726
2.69726
2.69726
2.69726
2.69726
2.69726
2.69724
2.69724
2.69723
2.69723
2.69723
2.69723
2.69723
2.69722
2.6972
2.6972
2.6972
2.6972
2.69719
2.69719
2.69719
2.69719
2.69719
2.69719
2.69719
2.69719
2.69717
2.69716
2.69716
2.69716
2.69716
2.69715
2.69715
2.69715
2.69715
2.69715
2.69715
2.69715
2.69715
2.69714
2.69712
2.69712
2.69712
2.69711
2.69711
2.69711
2.69711
2.69711
2.69711
2.69711
2.69711
2.6971
2.6971
2.6971
2.6971
2.6971
2.6971
2.69709
2.69708
2.69708
2.69708
2.69708
2.69708
2.69707
2.69707
2.69707
2.69707
2.69707
2.69707
2.69707
2.69707
2.69707
2.69706
2.69705
2.69704
2.69704
2.69704
2.69704
2.69703
2.69703
2.69703
2.69703
2.69703
2.69703
2.69703
2.69703
2.69703
2.69702
2.69702
2.69702
2.69702
2.69702
2.697
2.69699
2.69699
2.69699
2.69699
2.69699
2.69699
2.69699
2.69698
2.69696
2.69696
2.69696
2.69696
2.69695
2.69695
2.69695
2.69695
2.69695
2.69695
2.69695
2.69692
2.6969
2.6969
2.6969
2.6969
2.6969
2.69689
2.69689
2.69689
2.69689
2.69689
2.69689
2.69688
2.69687
2.69687
2.69686
2.69686
2.69686
2.69686
2.69686
2.69686
2.69686
2.69685
2.69685
2.69685
2.69685
2.69685
2.69685
2.69685
2.69685
2.69685
2.69683
2.69681
2.69681
2.69681
2.69681
2.69669
2.69677
2.69677
2.69676
2.69676
2.69676
2.69676
2.69676
2.69676
2.69676
2.69676
2.69675
2.69674
2.69673
2.69673
2.69673
2.69673
2.69672
2.69672
2.69672
2.69672
2.69672
2.69672
2.69672
2.69672
2.69671
2.69669
2.69669
2.69668
2.69668
2.69668
2.69668
2.69668
2.69668
2.69668
2.69668
2.69667
2.69667
2.69667
2.69667
2.69666
2.69666
2.69666
2.69666
2.69665
2.69665
2.69665
2.69665
2.69665
2.69665
2.69665
2.69665
2.69664
2.69664
2.69663
2.69662
2.69662
2.69662
2.69662
2.69661
2.69661
2.69661
2.69661
2.69661
2.69661
2.69661
2.69661
2.6966
2.69659
2.69659
2.69658
2.69658
2.69658
2.69658
2.69658
2.69658
2.69658
2.69658
2.69657
2.69657
2.69657
2.69657
2.69657
2.69655
2.69655
2.69654
2.69654
2.69654
2.69654
2.69654
2.69654
2.69654
2.69653
2.69653
2.69653
2.69653
2.69653
2.69653
2.69653
2.69653
2.69653
2.69652
2.69652
2.69652
2.69652
2.69652
2.6965
2.6965
2.69649
2.69649
2.69649
2.69649
2.69649
2.69649
2.69649
2.69648
2.69648
2.69647
2.69646
2.69645
2.69645
2.69645
2.69645
2.69645
2.69645
2.69644
2.69644
2.69644
2.69644
2.69644
2.69644
2.69644
2.69644
2.69644
2.69643
2.69643
2.69643
2.69643
2.69643
2.69643
2.69642
2.69641
2.6964
2.6964
2.6964
2.6964
2.6964
2.6964
2.6964
2.6964
2.69639
2.69639
2.69638
2.69638
2.69638
2.69637
2.69637
2.69637
2.69637
2.69637
2.69637
2.69637
2.69637
2.69636
2.69636
2.69636
2.69636
2.69636
2.69636
2.69636
2.69636
2.69635
2.69635
2.69634
2.69634
2.69634
2.69633
2.69633
2.69633
2.69633
2.69633
2.69633
2.69633
2.69633
2.69632
2.69632
2.6963
2.6963
2.6963
2.69629
2.69629
2.69629
2.69629
2.69629
2.69629
2.69629
2.69629
2.69628
2.69628
2.69628
2.69628
2.69628
2.69628
2.69628
2.69628
2.69628
2.69627
2.69627
2.69627
2.69627
2.69627
2.69627
2.69627
2.69626
2.69626
2.69625
2.69625
2.69625
2.69625
2.69625
2.69625
2.69625
2.69624
2.69624
2.69624
2.69624
2.69624
2.69624
2.69624
2.69624
2.69623
2.69622
2.69621
2.69621
2.69621
2.69621
2.69621
2.69621
2.69621
2.6962
2.6962
2.6962
2.6962
2.6962
2.6962
2.6962
2.6962
2.6962
2.69619
2.69619
2.69619
2.69619
2.69619
2.69619
2.69619
2.69619
2.69619
2.69618
2.69618
2.69618
2.69618
2.69617
2.69617
2.69616
2.69616
2.69616
2.69616
2.69616
2.69616
2.69616
2.69616
2.69615
2.69615
2.69615
2.69615
2.69615
2.69615
2.69615
2.69615
2.69615
2.69614
2.69614
2.69614
2.69614
2.69614
2.69614
2.69614
2.69614
2.69614
2.69613
2.69611
2.6961
2.6961
2.69609
2.69609
2.69609
2.69609
2.69609
2.69609
2.69609
2.69609
2.69608
2.69608
2.69608
2.69607
2.69607
2.69606
2.69606
2.69606
2.69606
2.69606
2.69606
2.69606
2.69606
2.69605
2.69605
2.69604
2.69603
2.69603
2.69603
2.69603
2.69602
2.69602
2.69602
2.69602
2.69602
2.69602
2.69602
2.696
2.69599
2.69599
2.69599
2.69599
2.69599
2.69598
2.69598
2.69598
2.69598
2.69598
2.69598
2.69598
2.69598
2.69598
2.69597
2.69597
2.69597
2.69597
2.69597
2.69596
2.69595
2.69595
2.69595
2.69595
2.69595
2.69595
2.69595
2.69594
2.69594
2.69594
2.69594
2.69593
2.69592
2.69592
2.69591
2.69591
2.69591
2.69591
2.69591
2.69591
2.69591
2.69591
2.69591
2.6959
2.6959
2.6959
2.6959
2.69588
2.69587
2.69587
2.69587
2.69587
2.69587
2.69587
2.69586
2.69586
2.69586
2.69586
2.69586
2.69586
2.69586
2.69586
2.69586
2.69586
2.69585
2.69585
2.69585
2.69585
2.69585
2.69585
2.69585
2.69585
2.69585
2.69584
2.69584
2.69584
2.69584
2.69584
2.69584
2.69584
2.69584
2.69582
2.69582
2.69581
2.69581
2.69581
2.69581
2.69581
2.69581
2.6958
2.6958
2.69578
2.69578
2.69578
2.69578
2.69577
2.69577
2.69577
2.69577
2.69577
2.69577
2.69577
2.69577
2.69574
2.69573
2.69572
2.69572
2.69572
2.69572
2.69572
2.69572
2.69572
2.69572
2.69571
2.69571
2.69568
2.69568
2.69567
2.69567
2.69567
2.69567
2.69567
2.69567
2.69567
2.69566
2.69565
2.69565
2.69564
2.69564
2.69564
2.69564
2.69564
2.69564
2.69564
2.69564
2.69564
2.69563
2.69563
2.69563
2.69563
2.69563
2.69563
2.69563
2.69563
2.69563
2.69562
2.69562
2.69562
2.69562
2.69562
2.69561
2.69561
2.6956
2.6956
2.6956
2.6956
2.6956
2.6956
2.69559
2.69559
2.69559
2.69559
2.69559
2.69559
2.69559
2.69559
2.69559
2.69559
2.69558
2.69558
2.69558
2.69558
2.69558
2.69557
2.69556
2.69555
2.69555
2.69555
2.69555
2.69555
2.69581
2.71041
2.71041
2.7104
2.7104
2.7104
2.7104
2.7104
2.7104
2.7104
2.7104
2.71039
2.71039
2.71039
2.71038
2.71038
2.71038
2.71038
2.71037
2.71037
2.71037
2.71037
2.71037
2.71036
2.71035
2.71034
2.71034
2.71034
2.71034
2.71034
2.71034
2.71034
2.71034
2.71033
2.71033
2.71033
2.71033
2.71033
2.71031
2.7103
2.7103
2.7103
2.71029
2.71029
2.71029
2.71029
2.71029
2.71029
2.71029
2.71029
2.71027
2.71026
2.71025
2.71025
2.71025
2.71025
2.71025
2.71025
2.71025
2.71024
2.71024
2.71024
2.71024
2.71024
2.71024
2.71024
2.71024
2.71024
2.71023
2.71023
2.71023
2.71023
2.71023
2.71023
2.71023
2.71023
2.71023
2.71023
2.71022
2.71022
2.71022
2.71022
2.71022
2.71022
2.71022
2.71022
2.71022
2.71021
2.71021
2.71021
2.71021
2.71021
2.71021
2.71021
2.71021
2.71019
2.71018
2.71018
2.71017
2.71017
2.71017
2.71017
2.71017
2.71017
2.71017
2.71017
2.71017
2.71016
2.71016
2.71016
2.71016
2.70999
2.70998
2.70998
2.70998
2.70998
2.70997
2.70997
2.70997
2.70997
2.70997
2.70997
2.70997
2.70997
2.70996
2.70996
2.70996
2.70996
2.70996
2.70996
2.70994
2.70993
2.70993
2.70993
2.70992
2.70992
2.70992
2.70992
2.70992
2.70992
2.70992
2.70992
2.70991
2.70991
2.70991
2.70991
2.70991
2.70991
2.70991
2.70991
2.70991
2.70991
2.7099
2.70989
2.70987
2.70986
2.70986
2.70986
2.70986
2.70986
2.70985
2.70985
2.70985
2.70985
2.70985
2.70985
2.70985
2.70985
2.70985
2.70984
2.70983
2.70983
2.70983
2.70983
2.70982
2.70982
2.70982
2.70982
2.70982
2.70982
2.70982
2.70982
2.70982
2.70981
2.70981
2.70981
2.70981
2.7098
2.70979
2.70978
2.70978
2.70978
2.70978
2.70978
2.70978
2.70978
2.70977
2.70977
2.70977
2.70977
2.70976
2.70974
2.70974
2.70973
2.70973
2.70973
2.70973
2.70973
2.70973
2.70973
2.70973
2.70972
2.7097
2.70969
2.70969
2.70969
2.70969
2.70969
2.70968
2.70968
2.70968
2.70968
2.70968
2.70967
2.70967
2.70966
2.70966
2.70966
2.70966
2.70966
2.70966
2.70966
2.70966
2.70965
2.70963
2.70963
2.70962
2.70962
2.70962
2.70962
2.70962
2.70962
2.70961
2.70961
2.70961
2.70961
2.70961
2.70961
2.70961
2.70961
2.7096
2.70959
2.70958
2.70958
2.70958
2.70958
2.70958
2.70958
2.70957
2.70957
2.70957
2.70957
2.70957
2.70956
2.70955
2.70955
2.70954
2.70954
2.70954
2.70954
2.70954
2.70954
2.70954
2.70953
2.70953
2.70953
2.70952
2.70952
2.70951
2.70951
2.70951
2.70951
2.70951
2.7095
2.7095
2.7095
2.7095
2.7095
2.7095
2.7095
2.7095
2.70949
2.70948
2.70947
2.70947
2.70947
2.70947
2.70947
2.70947
2.70947
2.70946
2.70945
2.70944
2.70944
2.70944
2.70944
2.70944
2.70943
2.70943
2.70943
2.70943
2.70943
2.70943
2.70942
2.70941
2.70941
2.70941
2.70941
2.70941
2.70941
2.7094
2.7094
2.7094
2.7094
2.7094
2.7094
2.7094
2.70938
2.70937
2.70936
2.70936
2.70936
2.70936
2.70936
2.70936
2.70936
2.70935
2.70935
2.70935
2.70935
2.70935
2.70935
2.70935
2.70935
2.70933
2.70932
2.70932
2.70932
2.70931
2.70931
2.70931
2.70931
2.70931
2.70931
2.70931
2.70931
2.70931
2.7093
2.7093
2.70928
2.70927
2.70927
2.70927
2.70927
2.70926
2.70926
2.70926
2.70926
2.70926
2.70926
2.70925
2.70924
2.70923
2.70923
2.70923
2.70923
2.70923
2.70923
2.70922
2.70922
2.70922
2.70922
2.70922
2.70922
2.70922
2.70922
2.70921
2.7092
2.70919
2.70919
2.70919
2.70919
2.70919
2.70919
2.70919
2.70918
2.70918
2.70918
2.70918
2.70918
2.70918
2.70918
2.70918
2.70918
2.70917
2.70917
2.70917
2.70917
2.70916
2.70914
2.70914
2.70914
2.70914
2.70914
2.70914
2.70913
2.70913
2.70913
2.70913
2.70913
2.70913
2.70913
2.70913
2.70912
2.70911
2.7091
2.7091
2.7091
2.70909
2.70909
2.70909
2.70909
2.70909
2.70909
2.70909
2.70909
2.70909
2.70907
2.70906
2.70905
2.70905
2.70905
2.70905
2.70904
2.70904
2.70904
2.70904
2.70904
2.70902
2.70901
2.70901
2.70901
2.70901
2.70901
2.70901
2.70901
2.709
2.709
2.70899
2.70898
2.70897
2.70897
2.70897
2.70897
2.70897
2.70896
2.70896
2.70896
2.70896
2.70896
2.70896
2.70896
2.70896
2.70896
2.70895
2.70895
2.70895
2.70895
2.70895
2.70895
2.70895
2.70895
2.70895
2.70894
2.70894
2.70894
2.70894
2.70894
2.70894
2.70891
2.7089
2.70889
2.70889
2.70889
2.70889
2.70889
2.70889
2.70889
2.70888
2.70887
2.70886
2.70886
2.70886
2.70885
2.70885
2.70885
2.70885
2.70885
2.70885
2.70885
2.70885
2.70885
2.70884
2.70884
2.70884
2.70884
2.70882
2.70881
2.70881
2.7088
2.7088
2.7088
2.7088
2.7088
2.7088
2.7088
2.7088
2.70879
2.70878
2.70878
2.70878
2.70877
2.70877
2.70877
2.70877
2.70877
2.70876
2.70876
2.70875
2.70875
2.70875
2.70875
2.70875
2.70875
2.70874
2.70874
2.70873
2.7087
2.7087
2.70869
2.70869
2.70869
2.70869
2.70869
2.70869
2.70869
2.70868
2.70868
2.70867
2.70867
2.70867
2.70867
2.70867
2.70867
2.70866
2.70866
2.70866
2.70866
2.70864
2.70863
2.70863
2.70863
2.70862
2.70862
2.70862
2.70862
2.70862
2.70862
2.70862
2.70862
2.7086
2.70859
2.70859
2.70859
2.70859
2.70859
2.70859
2.70858
2.70858
2.70858
2.70858
2.70858
2.70857
2.70857
2.70856
2.70856
2.70856
2.70856
2.70856
2.70856
2.70855
2.70855
2.70855
2.70854
2.70854
2.70853
2.70853
2.70853
2.70853
2.70853
2.70853
2.70852
2.70852
2.70852
2.70852
2.70852
2.70852
2.70851
2.70851
2.7085
2.7085
2.7085
2.7085
2.7085
2.70849
2.70849
2.70849
2.70849
2.70848
2.70847
2.70847
2.70846
2.70846
2.70846
2.70846
2.70846
2.70846
2.70846
2.70846
2.70844
2.70843
2.70843
2.70842
2.70842
2.70842
2.70842
2.70842
2.70842
2.70842
2.70842
2.70841
2.70841
2.70841
2.70841
2.70841
2.70841
2.7084
2.70839
2.70838
2.70838
2.70838
2.70838
2.70838
2.70838
2.70838
2.70837
2.70837
2.70836
2.70836
2.70836
2.70836
2.70836
2.70835
2.70835
2.70835
2.70834
2.70833
2.70833
2.70832
2.70832
2.70832
2.70832
2.70832
2.70832
2.70832
2.70831
2.70829
2.70828
2.70828
2.70828
2.70827
2.70826
2.70826
2.70826
2.70826
2.70825
2.70825
2.70825
2.70825
2.70825
2.70825
2.70825
2.70825
2.70825
2.70824
2.70823
2.70822
2.70822
2.70822
2.70822
2.70822
2.70822
2.70822
2.70821
2.70821
2.70821
2.70821
2.7082
2.70819
2.70819
2.70819
2.70819
2.70818
2.70818
2.70818
2.70818
2.70818
2.70818
2.70818
2.70818
2.70818
2.70817
2.70817
2.70817
2.70817
2.70817
2.70817
2.70817
2.70817
2.70817
2.70816
2.70816
2.70816
2.70816
2.70816
2.70816
2.70816
2.70816
2.70816
2.70815
2.70815
2.70815
2.70815
2.70815
2.70815
2.70815
2.70815
2.70815
2.70814
2.70814
2.70814
2.70814
2.70814
2.70814
2.70814
2.70814
2.70814
2.70812
2.70811
2.70811
2.70811
2.7081
2.7081
2.7081
2.7081
2.7081
2.7081
2.70808
2.70808
2.70808
2.70808
2.70807
2.70807
2.70807
2.70807
2.70807
2.70807
2.70806
2.70805
2.70805
2.70804
2.70804
2.70804
2.70804
2.70804
2.70804
2.70804
2.70804
2.70803
2.70801
2.70801
2.708
2.708
2.708
2.708
2.708
2.708
2.708
2.70799
2.70799
2.70799
2.70799
2.70799
2.70799
2.70799
2.70799
2.70799
2.70798
2.70798
2.70798
2.70798
2.70798
2.70798
2.70798
2.70798
2.70798
2.70797
2.70797
2.70797
2.70797
2.70796
2.70796
2.70795
2.70795
2.70795
2.70795
2.70795
2.70795
2.70795
2.70795
2.70794
2.70794
2.70794
2.70794
2.70794
2.70794
2.70794
2.70794
2.70794
2.70791
2.70789
2.70789
2.70788
2.70788
2.70788
2.70788
2.70788
2.70788
2.70788
2.70788
2.70787
2.70787
2.70786
2.70785
2.70785
2.70785
2.70784
2.70784
2.70784
2.70784
2.70784
2.70784
2.70784
2.70784
2.70783
2.70783
2.70783
2.70782
2.70781
2.70781
2.70781
2.7078
2.7078
2.7078
2.7078
2.7078
2.7078
2.7078
2.7078
2.7078
2.70779
2.70779
2.70777
2.70777
2.70777
2.70776
2.70776
2.70776
2.70776
2.70776
2.70776
2.70776
2.70776
2.70775
2.70775
2.70773
2.70772
2.70772
2.70772
2.70772
2.70771
2.70771
2.70771
2.70771
2.70771
2.70771
2.70771
2.70771
2.70771
2.7077
2.7077
2.7077
2.7077
2.7077
2.7077
2.7077
2.7077
2.7077
2.70769
2.70769
2.70769
2.70768
2.70768
2.70768
2.70768
2.70767
2.70767
2.70767
2.70767
2.70767
2.70767
2.70767
2.70767
2.70766
2.70764
2.70763
2.70763
2.70763
2.70763
2.70763
2.70763
2.70762
2.70762
2.70762
2.70762
2.70761
2.70761
2.7076
2.7076
2.7076
2.7076
2.7076
2.7076
2.7076
2.70759
2.70759
2.70759
2.70759
2.70759
2.70759
2.70759
2.70759
2.70759
2.70758
2.70758
2.70758
2.70758
2.70758
2.70758
2.70758
2.70758
2.70758
2.70757
2.70757
2.70757
2.70757
2.70757
2.70757
2.70757
2.70757
2.70757
2.70756
2.70756
2.70756
2.70756
2.70756
2.70756
2.70756
2.70756
2.70756
2.70755
2.70755
2.70755
2.70755
2.70755
2.70755
2.70755
2.70755
2.70755
2.70754
2.70754
2.70754
2.70754
2.70754
2.70754
2.70754
2.70754
2.70754
2.70751
2.7075
2.7075
2.7075
2.7075
2.7075
2.7075
2.7075
2.70749
2.70749
2.70749
2.70749
2.70749
2.70749
2.70749
2.70749
2.70746
2.70746
2.70745
2.70745
2.70745
2.70745
2.70745
2.70745
2.70744
2.70743
2.70742
2.70742
2.70742
2.70742
2.70742
2.70742
2.70741
2.70741
2.70741
2.70741
2.70741
2.70738
2.70737
2.70737
2.70737
2.70736
2.70736
2.70736
2.70736
2.70736
2.70736
2.70736
2.70736
2.70736
2.70735
2.70735
2.70735
2.70735
2.70735
2.70735
2.70735
2.70735
2.70735
2.70734
2.70734
2.70734
2.70734
2.70734
2.70734
2.70734
2.70734
2.70734
2.70733
2.70733
2.70733
2.70732
2.70732
2.70731
2.70731
2.70731
2.70731
2.70727
2.70726
2.70726
2.70726
2.70726
2.70726
2.70726
2.70725
2.70725
2.70725
2.70725
2.70725
2.70725
2.70725
2.70725
2.70725
2.70724
2.70724
2.70722
2.70722
2.70722
2.70722
2.70722
2.70721
2.70721
2.70721
2.70721
2.70721
2.70721
2.70721
2.70721
2.70721
2.7072
2.7072
2.7072
2.70718
2.70716
2.70716
2.70716
2.70716
2.70716
2.70716
2.70715
2.70715
2.70715
2.70715
2.70715
2.70715
2.70715
2.70715
2.70715
2.70714
2.70714
2.70714
2.70712
2.70712
2.70712
2.70711
2.70711
2.70711
2.70711
2.70711
2.70711
2.70711
2.70711
2.70711
2.7071
2.7071
2.7071
2.7071
2.7071
2.7071
2.7071
2.70707
2.70707
2.70706
2.70706
2.70706
2.70706
2.70706
2.70706
2.70706
2.70706
2.70705
2.70705
2.70705
2.70704
2.70704
2.70704
2.70703
2.70703
2.70703
2.70703
2.70701
2.707
2.707
2.707
2.707
2.70699
2.70699
2.70699
2.70699
2.70699
2.70698
2.70696
2.70696
2.70696
2.70696
2.70695
2.70695
2.70694
2.70693
2.70692
2.70692
2.70692
2.70692
2.70692
2.70692
2.70691
2.7069
2.7069
2.70689
2.70689
2.70689
2.70689
2.70689
2.70689
2.70688
2.70687
2.70686
2.70686
2.70686
2.70686
2.70686
2.70686
2.70686
2.70686
2.70685
2.70685
2.70685
2.70685
2.70685
2.70683
2.70682
2.70682
2.70682
2.70682
2.70681
2.70681
2.70681
2.70681
2.70681
2.70681
2.70681
2.70681
2.70681
2.7068
2.7068
2.7068
2.7068
2.7068
2.7068
2.7068
2.7068
2.7068
2.70679
2.70679
2.70679
2.70679
2.70679
2.70679
2.70679
2.70679
2.70679
2.70678
2.70678
2.70678
2.70678
2.70678
2.70678
2.70678
2.70678
2.70678
2.70677
2.70677
2.70677
2.70677
2.70677
2.70677
2.70677
2.70677

