2.7
2.7
2.7
2.7
2.7
2.69999
2.69999
2.69999
2.69999
2.69999
2.69999
2.69999
2.69999
2.69999
2.69998
2.69998
2.69998
2.69997
2.69997
2.69996
2.69996
2.69996
2.69996
2.69996
2.69996
2.69996
2.69996
2.69995
2.69995
2.69994
2.69992
2.69992
2.69992
2.69992
2.69991
2.69991
2.69991
2.69991
2.69991
2.69991
2.69991
2.69991
2.6999
2.69989
2.69989
2.69989
2.69988
2.69988
2.69988
2.69988
2.69988
2.69988
2.69988
2.69988
2.69988
2.69987
2.69987
2.69986
2.69986
2.69986
2.69985
2.69985
2.69985
2.69985
2.69985
2.69985
2.69985
2.69985
2.69984
2.69984
2.69984
2.69983
2.69983
2.69982
2.69982
2.69982
2.69982
2.69982
2.69982
2.69982
2.69982
2.69982
2.69981
2.69981
2.6998
2.6998
2.69979
2.69979
2.69979
2.69979
2.69979
2.69979
2.69979
2.69979
2.69978
2.69978
2.69947
2.70328
2.70327
2.70327
2.70327
2.70327
2.70327
2.70327
2.70327
2.70326
2.70326
2.70326
2.70326
2.70326
2.70326
2.70326
2.70325
2.70325
2.70324
2.70324
2.70324
2.70324
2.70324
2.70324
2.70323
2.70323
2.70323
2.70323
2.70323
2.70321
2.7032
2.7032
2.7032
2.7032
2.7032
2.7032
2.70319
2.70319
2.70319
2.70319
2.70319
2.70319
2.70319
2.70318
2.70318
2.70317
2.70317
2.70317
2.70317
2.70317
2.70317
2.70317
2.70316
2.70316
2.70316
2.70316
2.70316
2.70316
2.70315
2.70314
2.70314
2.70314
2.70314
2.70313
2.70313
2.70313
2.70313
2.70313
2.70313
2.70313
2.70313
2.70313
2.70312
2.70312
2.70312
2.70311
2.70309
2.70308
2.70308
2.70308
2.70308
2.70308
2.70308
2.70308
2.70308
2.70307
2.70307
2.70307
2.70306
2.70306
2.70306
2.70306
2.70305
2.70305
2.70305
2.70305
2.70305
2.70305
2.70305
2.70305
2.70305
2.70304
2.70304
2.70304
2.70303
2.70303
2.70303
2.70302
2.70302
2.70302
2.70302
2.70302
2.70302
2.70302
2.70302
2.70301
2.70301
2.70301
2.70301
2.70301
2.703
2.70299
2.70299
2.70299
2.70299
2.70299
2.70299
2.70299
2.70299
2.70298
2.70298
2.70298
2.70297
2.70297
2.70296
2.70296
2.70296
2.70296
2.70296
2.70296
2.70296
2.70295
2.70294
2.70294
2.70293
2.70293
2.70293
2.70293
2.70293
2.70293
2.70293
2.70292
2.70292
2.70292
2.70292
2.70292
2.70292
2.70289
2.70289
2.70289
2.70288
2.70288
2.70288
2.70288
2.70288
2.70288
2.70288
2.70287
2.70284
2.70284
2.70283
2.70283
2.70283
2.70283
2.70283
2.70283
2.70283
2.70283
2.70282
2.70282
2.70282
2.70282
2.70282
2.70282
2.70282
2.70282
2.70281
2.7028
2.7028
2.7028
2.7028
2.70279
2.70279
2.70279
2.70279
2.70279
2.70279
2.70279
2.70279
2.70279
2.70278
2.70278
2.70277
2.70277
2.70277
2.70277
2.70276
2.70276
2.70276
2.70276
2.70276
2.70276
2.70276
2.70273
2.70272
2.70272
2.70272
2.70272
2.70271
2.70271
2.70271
2.70271
2.70271
2.70271
2.70271
2.70268
2.70267
2.70267
2.70266
2.70266
2.70266
2.70266
2.70266
2.70266
2.70265
2.70265
2.70264
2.70264
2.70264
2.70263
2.70263
2.70263
2.70263
2.70263
2.70262
2.70262
2.70261
2.70261
2.70261
2.70261
2.70261
2.7026
2.7026
2.7026
2.7026
2.7026
2.7026
2.7026
2.7026
2.7026
2.70259
2.70259
2.70259
2.70259
2.70259
2.70259
2.70258
2.70257
2.70257
2.70257
2.70257
2.70257
2.70257
2.70256
2.70256
2.70256
2.70256
2.70256
2.70255
2.70255
2.70254
2.70254
2.70254
2.70254
2.70254
2.70254
2.70254
2.70254
2.70253
2.70253
2.70253
2.70253
2.70252
2.7025
2.7025
2.7025
2.7025
2.7025
2.70249
2.70249
2.70249
2.70249
2.70249
2.70249
2.70249
2.70248
2.70247
2.70246
2.70246
2.70246
2.70246
2.70245
2.70244
2.70244
2.70244
2.70244
2.70244
2.70243
2.70242
2.70242
2.70242
2.70242
2.70242
2.70241
2.70241
2.70241
2.70241
2.70241
2.7024
2.70239
2.70239
2.70239
2.70239
2.70239
2.70239
2.70239
2.70238
2.70238
2.70238
2.70238
2.70238
2.70238
2.70238
2.70238
2.70238
2.70237
2.70237
2.70237
2.70236
2.70235
2.70235
2.70235
2.70235
2.70234
2.70234
2.70234
2.70234
2.70234
2.70234
2.70234
2.70234
2.70234
2.70233
2.70233
2.70233
2.70233
2.70232
2.70232
2.70231
2.70231
2.70231
2.70231
2.70231
2.70231
2.70231
2.7023
2.7023
2.7023
2.7023
2.7023
2.70227
2.70227
2.70226
2.70226
2.70226
2.70226
2.70226
2.70226
2.70225
2.70225
2.70225
2.70225
2.70225
2.70225
2.70225
2.70225
2.70223
2.70222
2.70222
2.70221
2.70221
2.70221
2.70221
2.70221
2.70221
2.70221
2.70221
2.7022
2.7022
2.70219
2.70218
2.70218
2.70218
2.70218
2.70218
2.70218
2.70218
2.70217
2.70217
2.70217
2.70217
2.70217
2.70217
2.70216
2.70216
2.70215
2.70215
2.70215
2.70215
2.70215
2.70215
2.70215
2.70215
2.70214
2.70214
2.70214
2.70213
2.70212
2.70212
2.70212
2.70212
2.70212
2.70212
2.70212
2.70211
2.70211
2.70211
2.70211
2.70211
2.70211
2.70211
2.70211
2.70211
2.7021
2.70209
2.70209
2.70209
2.70209
2.70209
2.70208
2.70208
2.70207
2.70205
2.70205
2.70205
2.70205
2.70205
2.70204
2.70204
2.70204
2.70204
2.70204
2.70204
2.70204
2.70204
2.70204
2.70203
2.70203
2.70203
2.70203
2.70202
2.70202
2.70201
2.70201
2.70201
2.70201
2.70201
2.70201
2.70201
2.70201
2.70201
2.702
2.70198
2.70197
2.70197
2.70197
2.70197
2.70197
2.70197
2.70196
2.70196
2.70196
2.70196
2.70196
2.70196
2.70196
2.70196
2.70196
2.70195
2.70195
2.70195
2.70195
2.70195
2.70195
2.70195
2.70195
2.70195
2.70194
2.70194
2.70194
2.70194
2.70194
2.70194
2.70194
2.70194
2.70194
2.70193
2.70193
2.70193
2.70193
2.70193
2.70193
2.70192
2.70192
2.70191
2.70191
2.70191
2.70191
2.70191
2.70191
2.70191
2.70191
2.7019
2.7019
2.7019
2.7019
2.7019
2.7019
2.7019
2.7019
2.7019
2.70189
2.70189
2.70189
2.70189
2.70189
2.70189
2.70188
2.70188
2.70187
2.70187
2.70187
2.70187
2.70187
2.70187
2.70187
2.70187
2.70186
2.70186
2.70186
2.70186
2.70186
2.70186
2.70186
2.70186
2.70186
2.70185
2.70185
2.70185
2.70185
2.70185
2.70185
2.70185
2.70185
2.70185
2.70184
2.70184
2.70184
2.70184
2.70184
2.70184
2.70184
2.70184
2.70184
2.70183
2.70183
2.70183
2.70183
2.70183
2.70183
2.70183
2.70183
2.70183
2.70183
2.70182
2.70181
2.70181
2.7018
2.7018
2.7018
2.7018
2.7018
2.7018
2.7018
2.7018
2.70179
2.70179
2.70179
2.70178
2.70178
2.70177
2.70177
2.70177
2.70177
2.70177
2.70177
2.70177
2.70176
2.70176
2.70176
2.70176
2.70176
2.70176
2.70176
2.70176
2.70176
2.70175
2.70174
2.70173
2.70173
2.70173
2.70173
2.70173
2.70173
2.70173
2.70173
2.70172
2.70172
2.70172
2.70172
2.70172
2.70172
2.70172
2.70172
2.70172
2.70171
2.70171
2.70171
2.70171
2.70171
2.7017
2.7017
2.70169
2.70169
2.70169
2.70169
2.70169
2.70169
2.70168
2.70168
2.70168
2.70168
2.70167
2.70167
2.70167
2.70166
2.70166
2.70166
2.70166
2.70166
2.70166
2.70166
2.70166
2.70166
2.70165
2.70165
2.70165
2.70165
2.70165
2.70165
2.70164
2.70163
2.70163
2.70163
2.70163
2.70163
2.70163
2.70163
2.70162
2.70162
2.70161
2.70161
2.70161
2.70161
2.7016
2.7016
2.7016
2.7016
2.7016
2.7016
2.70159
2.70158
2.70158
2.70158
2.70158
2.70158
2.70158
2.70158
2.70158
2.70157
2.70157
2.70157
2.70157
2.70157
2.70157
2.70156
2.70156
2.70155
2.70155
2.70155
2.70155
2.70155
2.70155
2.70155
2.70155
2.70154
2.70154
2.70154
2.70154
2.70154
2.70154
2.70154
2.73078
2.73077
2.73077
2.73077
2.73077
2.73077
2.73076
2.73076
2.73076
2.73076
2.73076
2.73076
2.73076
2.73076
2.73075
2.73074
2.73074
2.73074
2.73074
2.73074
2.73074
2.73073
2.73073
2.73073
2.73073
2.73073
2.73073
2.73073
2.73073
2.73073
2.73072
2.73072
2.73072
2.73072
2.73072
2.73071
2.7307
2.7307
2.7307
2.7307
2.7307
2.7307
2.73069
2.73069
2.73069
2.73069
2.73069
2.73067
2.73066
2.73066
2.73066
2.73066
2.73066
2.73066
2.73065
2.73065
2.73065
2.73065
2.73065
2.73065
2.73065
2.73065
2.73065
2.73064
2.73064
2.73064
2.73064
2.73064
2.73064
2.73064
2.73064
2.73064
2.73063
2.73063
2.73063
2.73063
2.73063
2.73063
2.73063
2.73063
2.73063
2.73061
2.73059
2.73059
2.73059
2.73059
2.73058
2.73058
2.73058
2.73058
2.73058
2.73057
2.73057
2.73057
2.73056
2.73056
2.73056
2.73056
2.73056
2.73056
2.73056
2.73056
2.73055
2.73055
2.73055
2.73055
2.73055
2.73053
2.73053
2.73053
2.73053
2.73053
2.73052
2.73052
2.73052
2.73052
2.73051
2.73051
2.7305
2.7305
2.7305
2.7305
2.7305
2.7305
2.7305
2.73049
2.73049
2.73049
2.73049
2.73049
2.73049
2.73048
2.73048
2.73047
2.73047
2.73047
2.73047
2.73047
2.73047
2.73047
2.73046
2.73046
2.73046
2.73046
2.73046
2.73046
2.73046
2.73045
2.73044
2.73044
2.73044
2.73044
2.73044
2.73044
2.73044
2.73043
2.73043
2.73043
2.73043
2.73043
2.73043
2.73043
2.73043
2.73043
2.73042
2.73042
2.73042
2.73042
2.73042
2.73042
2.73042
2.73042
2.73042
2.73041
2.73041
2.73041
2.73039
2.73038
2.73038
2.73038
2.73038
2.73038
2.73038
2.73038
2.73037
2.73037
2.73037
2.73037
2.73037
2.73036
2.73034
2.73034
2.73034
2.73034
2.73034
2.73033
2.73033
2.73033
2.73033
2.73033
2.73033
2.73033
2.73033
2.73032
2.73031
2.73031
2.7303
2.7303
2.7303
2.7303
2.7303
2.7303
2.7303
2.7303
2.7303
2.73029
2.73028
2.73028
2.73028
2.73027
2.73027
2.73027
2.73027
2.73027
2.73027
2.73025
2.73024
2.73024
2.73024
2.73024
2.73024
2.73024
2.73023
2.73022
2.73022
2.73021
2.73021
2.73021
2.73021
2.73021
2.73021
2.73021
2.73021
2.7302
2.7302
2.73019
2.73018
2.73017
2.73017
2.73017
2.73017
2.73017
2.73017
2.73017
2.73017
2.73016
2.73016
2.73016
2.73016
2.73015
2.73015
2.73014
2.73014
2.73014
2.73014
2.73014
2.73014
2.73014
2.73013
2.73013
2.73013
2.73013
2.73013
2.73013
2.73013
2.73013
2.73012
2.73011
2.73011
2.73011
2.73011
2.73011
2.73011
2.7301
2.7301
2.7301
2.7301
2.7301
2.7301
2.7301
2.7301
2.73009
2.73009
2.73008
2.73008
2.73008
2.73008
2.73008
2.73007
2.73007
2.73007
2.73007
2.73007
2.73007
2.73007
2.73007
2.73007
2.73006
2.73006
2.73006
2.73006
2.73005
2.73005
2.73004
2.73004
2.73004
2.73004
2.73004
2.73004
2.73004
2.73003
2.73002
2.73002
2.73002
2.73002
2.73002
2.73002
2.73001
2.73001
2.73001
2.73001
2.73
2.72999
2.72999
2.72999
2.72999
2.72998
2.72998
2.72998
2.72998
2.72998
2.72998
2.72998
2.72997
2.72996
2.72996
2.72996
2.72996
2.72995
2.72995
2.72995
2.72995
2.72995
2.72995
2.72995
2.72995
2.72995
2.72994
2.72994
2.72994
2.72994
2.72994
2.72993
2.72993
2.72992
2.72992
2.72992
2.72991
2.7299
2.72989
2.72989
2.72989
2.72989
2.72989
2.72989
2.72988
2.72988
2.72988
2.72988
2.72987
2.72986
2.72986
2.72986
2.72986
2.72986
2.72986
2.72986
2.72985
2.72985
2.72985
2.72985
2.72985
2.72985
2.72984
2.72983
2.72983
2.72983
2.72983
2.72983
2.72983
2.72983
2.72982
2.72982
2.72982
2.72982
2.72982
2.72981
2.72981
2.7298
2.7298
2.7298
2.7298
2.7298
2.7298
2.72979
2.72979
2.72979
2.72979
2.72979
2.72979
2.72979
2.72978
2.72977
2.72977
2.72977
2.72977
2.72977
2.72977
2.72976
2.72976
2.72976
2.72976
2.72976
2.72976
2.72976
2.72975
2.72974
2.72974
2.72974
2.72973
2.72973
2.72973
2.72973
2.72973
2.72973
2.72973
2.72973
2.72973
2.72972
2.72972
2.72969
2.72968
2.72968
2.72967
2.72967
2.72967
2.72967
2.72967
2.72967
2.72967
2.72967
2.72966
2.72966
2.72966
2.72966
2.72966
2.72966
2.72966
2.72966
2.72966
2.72965
2.72965
2.72965
2.72964
2.72964
2.72963
2.72963
2.72963
2.72963
2.72963
2.72963
2.72963
2.72962
2.72962
2.72962
2.72961
2.72961
2.7296
2.7296
2.7296
2.7296
2.7296
2.7296
2.7296
2.7296
2.72959
2.72959
2.72959
2.72959
2.72959
2.72959
2.72959
2.72959
2.72959
2.72958
2.72958
2.72958
2.72957
2.72957
2.72957
2.72956
2.72956
2.72956
2.72956
2.72956
2.72956
2.72956
2.72956
2.72956
2.72955
2.72954
2.72954
2.72953
2.72953
2.72953
2.72953
2.72953
2.72953
2.72953
2.72953
2.72953
2.72952
2.72952
2.72952
2.72952
2.72952
2.72952
2.72952
2.72951
2.7295
2.72949
2.72949
2.72948
2.72948
2.72948
2.72948
2.72948
2.72948
2.72948
2.72948
2.72948
2.72947
2.72947
2.72945
2.72944
2.72944
2.72943
2.72943
2.72943
2.72943
2.72943
2.72943
2.72943
2.72943
2.72943
2.72942
2.72942
2.72942
2.72942
2.72942
2.72942
2.72942
2.72942
2.72942
2.72941
2.72941
2.72941
2.72941
2.72941
2.72941
2.72941
2.72939
2.72939
2.72939
2.72939
2.72938
2.72938
2.72938
2.72938
2.72938
2.72938
2.72938
2.72938
2.72937
2.72937
2.72937
2.72937
2.72936
2.72936
2.72935
2.72935
2.72935
2.72935
2.72935
2.72935
2.72934
2.72934
2.72934
2.72934
2.72934
2.72934
2.72934
2.72934
2.72934
2.72934
2.72933
2.72933
2.72933
2.72933
2.72933
2.72933
2.72933
2.72933
2.72933
2.72932
2.72932
2.72932
2.72932
2.72931
2.7293
2.7293
2.7293
2.7293
2.7293
2.7293
2.7293
2.7293
2.72929
2.72929
2.72929
2.72929
2.72929
2.72929
2.72929
2.72929
2.72929
2.72928
2.72928
2.72928
2.72928
2.72928
2.72928
2.72928
2.72928
2.72928
2.72927
2.72927
2.72926
2.72926
2.72926
2.72926
2.72925
2.72925
2.72925
2.72925
2.72925
2.72925
2.72925
2.72925
2.72924
2.72924
2.72921
2.72921
2.7292
2.7292
2.7292
2.7292
2.7292
2.7292
2.7292
2.72919
2.72919
2.72919
2.72917
2.72916
2.72916
2.72916
2.72916
2.72915
2.72915
2.72915
2.72915
2.72915
2.72915
2.72915
2.72912
2.72912
2.72911
2.72911
2.72911
2.72911
2.72911
2.72911
2.72911
2.7291
2.7291
2.7291
2.7291
2.7291
2.7291
2.7291
2.7291
2.7291
2.72909
2.72907
2.72906
2.72906
2.72906
2.72906
2.72906
2.72905
2.72905
2.72905
2.72905
2.72905
2.72905
2.72905
2.72904
2.72903
2.72903
2.72903
2.72903
2.72902
2.72902
2.72902
2.72902
2.72902
2.72902
2.72902
2.72902
2.72901
2.72901
2.72901
2.729
2.72899
2.72899
2.72899
2.72898
2.72898
2.72898
2.72898
2.72898
2.72898
2.72898
2.72898
2.72898
2.72897
2.72897
2.72897
2.72897
2.72897
2.72897
2.72897
2.72897
2.72897
2.72896
2.72896
2.72896
2.72896
2.72896
2.72896
2.72896
2.72896
2.72896
2.72895
2.72895
2.72895
2.72894
2.72894
2.72894
2.72894
2.72893
2.72893
2.72893
2.72893
2.72893
2.72892
2.72891
2.72891
2.72891
2.7289
2.7289
2.7289
2.7289
2.7289
2.7289
2.7289
2.7289
2.7289
2.72889
2.72888
2.72888
2.72888
2.72888
2.72887
2.72887
2.72887
2.72887
2.72887
2.72887
2.72887
2.72886
2.72885
2.72885
2.72885
2.72885
2.72885
2.72885
2.72885
2.72884
2.72883
2.72883
2.72882
2.72882
2.72882
2.72882
2.72882
2.72882
2.72882
2.72881
2.72881
2.72881
2.72881
2.72881
2.72881
2.72881
2.72881
2.72881
2.7288
2.7288
2.7288
2.7288
2.7288
2.7288
2.7288
2.7288
2.72879
2.72878
2.72878
2.72878
2.72878
2.72878
2.72877
2.72877
2.72877
2.72877
2.72877
2.72877
2.72877
2.72877
2.72877
2.72876
2.72876
2.72876
2.72876
2.72876
2.72876
2.72876
2.72876
2.72873
2.72873
2.72872
2.72872
2.72872
2.72872
2.72872
2.72871
2.72871
2.7287
2.7287
2.7287
2.7287
2.7287
2.7287
2.7287
2.7287
2.72869
2.72869
2.72869
2.72869
2.72867
2.72866
2.72866
2.72866
2.72865
2.72865
2.72865
2.72865
2.72865
2.72864
2.72864
2.72864
2.72863
2.72863
2.72863
2.72863
2.72863
2.72863
2.72863
2.72863
2.72862
2.72862
2.72862
2.72862
2.72861
2.7286
2.7286
2.7286
2.7286
2.7286
2.72859
2.72859
2.72859
2.72859
2.72859
2.72859
2.72857
2.72856
2.72856
2.72856
2.72855
2.72855
2.72855
2.72855
2.72855
2.72855
2.72855
2.72855
2.72854
2.72854
2.72854
2.72854
2.72854
2.72854
2.72854
2.72854
2.72854
2.72854
2.72853
2.72853
2.72853
2.72853
2.72853
2.72853
2.72853
2.72853
2.72853
2.72852
2.72852
2.72852
2.72852
2.72852
2.72852
2.72852
2.72852
2.72852
2.72851
2.72851
2.72851
2.72851
2.72851
2.72848
2.72847
2.72847
2.72847
2.72847
2.72847
2.72846
2.72846
2.72846
2.72846
2.72846
2.72846
2.72846
2.72846
2.72846
2.72845
2.72844
2.72844
2.72844
2.72843
2.72843
2.72843
2.72843
2.72843
2.72843
2.72843
2.72843
2.72843
2.72842
2.72842
2.72842
2.72842
2.72842
2.72842
2.72842
2.72841
2.7284
2.72839
2.72839
2.72839
2.72839
2.72839
2.72839
2.72839
2.72838
2.72838
2.72838
2.72838
2.72838
2.72838
2.72838
2.72838
2.72838
2.72837
2.72837
2.72837
2.72837
2.72837
2.72836
2.72835
2.72835
2.72834
2.72834
2.72834
2.72834
2.72834
2.72834
2.72834
2.72833
2.72833
2.72833
2.72833
2.72833
2.72833
2.72832
2.72832
2.72831
2.72831
2.72831
2.72831
2.72831
2.72831
2.72831
2.7283
2.7283
2.7283
2.7283
2.7283
2.7283
2.7283
2.7283
2.7283
2.72829
2.72828
2.72828
2.72828
2.72828
2.72827
2.72827
2.72827
2.72827
2.72827
2.72827
2.72827
2.72827
2.72826
2.72823
2.72823
2.72822
2.72822
2.72822
2.72822
2.72822
2.72822
2.72822
2.72822
2.72821
2.7282
2.7282
2.7282
2.7282
2.7282
2.7282
2.72819
2.72819
2.72819
2.72819
2.72819
2.72816
2.72816
2.72816
2.72816
2.72815
2.72815
2.72815
2.72815
2.72815
2.72815
2.72815
2.72814
2.72813
2.72813
2.72813
2.72813
2.72813
2.72813
2.72812
2.72812
2.72812
2.72812
2.72812
2.72812
2.72812
2.72812
2.72812
2.72811
2.7281
2.72809
2.72809
2.72809
2.72809
2.72809
2.72809
2.72809
2.72808
2.72808
2.72808
2.72808
2.72806
2.72805
2.72805
2.72805
2.72804
2.72804
2.72804
2.72804
2.72804
2.72804
2.72804
2.72804
2.72804
2.72803
2.72802
2.72802
2.72802
2.72802
2.72801
2.72801
2.72801
2.72801
2.72801
2.72801
2.72801
2.72801
2.72801
2.728
2.728
2.72799
2.72799
2.72799
2.72798
2.72798
2.72798
2.72798
2.72798
2.72797
2.72797
2.72796
2.72796
2.72796
2.72796
2.72796
2.72796
2.72796
2.72795
2.72795
2.72795
2.72795
2.72794
2.72793
2.72793
2.72793
2.72792
2.72792
2.72792
2.72792
2.72792
2.72792
2.72792
2.72792
2.72791
2.72791
2.72791
2.7279
2.7279
2.7279
2.7279
2.72789
2.72789
2.72789
2.72789
2.72789
2.72789
2.72789
2.72789
2.72789
2.72788
2.72788
2.72788
2.72787
2.72785
2.72785
2.72785
2.72785
2.72785
2.72784
2.72784
2.72784
2.72784
2.72784
2.72784
2.72784
2.72784
2.72783
2.72782
2.72782
2.72782
2.72781
2.72781
2.72781
2.72781
2.72781
2.72781
2.72781
2.72781
2.7278
2.72779
2.72779
2.72779
2.72778
2.72778
2.72778
2.72778
2.72778
2.72778
2.72778
2.72778
2.72777
2.72777
2.72777
2.72777
2.72775
2.72774
2.72774
2.72774
2.72773
2.72773
2.72773
2.72773
2.72773
2.72773
2.72773
2.72773
2.72773
2.72772
2.72772
2.72772
2.72772
2.72772
2.72772
2.72772
2.72772
2.72771
2.7277
2.7277
2.72769
2.72769
2.72769
2.72769
2.72769
2.72769
2.72769
2.72769
2.72768
2.72768
2.72768
2.72768
2.72768
2.72768
2.72767
2.72766
2.72766
2.72766
2.72766
2.72766
2.72766
2.72765
2.72765
2.72765
2.72765
2.72765
2.72765
2.72764
2.72764
2.72763
2.72763
2.72763
2.72763
2.72763
2.72763
2.72763
2.72763
2.72762
2.72761
2.72761
2.72761
2.72761
2.72761
2.7276
2.7276
2.7276
2.7276
2.7276
2.72759
2.72759
2.72758
2.72758
2.72758
2.72758
2.72758
2.72757
2.72757
2.72757
2.72757
2.72757
2.72757
2.72757
2.72757
2.72757
2.72756
2.72756
2.72756
2.72756
2.72756
2.72756
2.72756
2.72756
2.72756
2.72755
2.72755
2.72755
2.72755
2.72755
2.72755
2.72754
2.72753
2.72753
2.72753
2.72753
2.72753
2.72753
2.72752
2.72752
2.72752
2.72751
2.72751
2.72751
2.7275
2.7275
2.7275
2.7275
2.7275
2.7275
2.7275
2.7275
2.7275
2.72749
2.72749
2.72749
2.72749
2.72749
2.72748
2.72747
2.72747
2.72747
2.72747
2.72746
2.72746
2.72746
2.72746
2.72746
2.72746
2.72746
2.72745
2.72744
2.72744
2.72744
2.72744
2.72744
2.72744
2.72743
2.72743
2.72742
2.72742
2.72741
2.72741
2.72741
2.72741
2.72741
2.72741
2.72741
2.7274
2.72739
2.72739
2.72739
2.72738
2.72738
2.72738
2.72738
2.72738
2.72738
2.72737
2.72737
2.72736
2.72736
2.72736
2.72736
2.72736
2.72736
2.72736
2.72736
2.72735
2.72735
2.72735
2.72734
2.72733
2.72733
2.72733
2.72733
2.72733
2.72733
2.72733
2.72732
2.72732
2.72732
2.72731
2.72731
2.72731
2.7273
2.7273
2.7273
2.7273
2.7273
2.7273
2.7273
2.7273
2.7273
2.72729
2.72728
2.72727
2.72727
2.72727
2.72727
2.72727
2.72727
2.72727
2.72726
2.72726
2.72726
2.72725
2.72724
2.72724
2.72724
2.72724
2.72724
2.72724
2.72724
2.72724
2.72723
2.72723
2.72723
2.72723
2.72722
2.72721
2.72721
2.72721
2.72721
2.7272
2.7272
2.7272
2.7272
2.7272
2.7272
2.72719
2.72719
2.72718
2.72718
2.72718
2.72718
2.72718
2.72718
2.72718
2.72718
2.72717
2.72717
2.72716
2.72716
2.72715
2.72715
2.72715
2.72715
2.72715
2.72715
2.72715
2.72715
2.72714
2.72714
2.72714
2.72714
2.72714
2.72714
2.72713
2.72712
2.72712
2.72712
2.72711
2.72711
2.72711
2.72711
2.72711
2.72711
2.7271
2.72709
2.72709
2.72709
2.72709
2.72709
2.72708
2.72708
2.72708
2.72708
2.72707
2.72706
2.72706
2.72706
2.72706
2.72706
2.72706
2.72705
2.72705
2.72705
2.72703
2.72702
2.72702
2.72702
2.72701
2.727
2.727
2.727
2.727
2.727
2.727
2.72699
2.72699
2.72699
2.72699
2.72699
2.72699
2.72699
2.72698
2.72697
2.72697
2.72697
2.72697
2.72697
2.72697
2.72696
2.72696
2.72696
2.72696
2.72696
2.72696
2.72695
2.72694
2.72694
2.72694
2.72693
2.72693
2.72693
2.72693
2.72693
2.72693
2.72693
2.72693
2.72693
2.72692
2.72692
2.72692
2.72692
2.72692
2.72692
2.72692
2.72692
2.72692
2.72691
2.72691
2.72691
2.72691
2.72691
2.72691
2.72691
2.72691
2.72691
2.7269
2.7269
2.7269
2.7269
2.7269
2.7269
2.7269
2.7269
2.7269
2.7269
2.72689
2.72689
2.72689
2.72689
2.72689
2.72689
2.72689
2.72689
2.72689
2.72688
2.72687
2.72686
2.72686
2.72686
2.72686
2.72686
2.72686
2.72685
2.72685
2.72683
2.72682
2.72682
2.72681
2.72681
2.72681
2.72681
2.72681
2.72681
2.72681
2.7268
2.72679
2.72679
2.72679
2.72679
2.72679
2.72679
2.72678
2.72678
2.72678
2.72678
2.72678
2.72677
2.72676
2.72676
2.72676
2.72676
2.72676
2.72676
2.72676
2.72676
2.72675
2.72675
2.72675
2.72675
2.72675
2.72675
2.72675
2.72675
2.72675
2.72674
2.72674
2.72674
2.72674
2.72674
2.72674
2.72674
2.72674
2.72674
2.72673
2.72673
2.72673
2.72673
2.72672
2.72671
2.72671
2.72671
2.72671
2.72671
2.72671
2.7267
2.7267
2.7267
2.7267
2.7267
2.7267
2.7267
2.7267
2.7267
2.72669
2.72669
2.72669
2.72669
2.72668
2.72668
2.72668
2.72667
2.72667
2.72667
2.72667
2.72667
2.72667
2.72667
2.72667
2.72666
2.72666
2.72665
2.72664
2.72664
2.72664
2.72664
2.72663
2.72663
2.72663
2.72663
2.72663
2.72663
2.72663
2.72663
2.72663
2.72662
2.72661
2.72661
2.72661
2.72661
2.72661
2.7266
2.7266
2.7266
2.7266
2.7266
2.7266
2.7266
2.7266
2.7266
2.72657
2.72656
2.72655
2.72655
2.72655
2.72655
2.72655
2.72655
2.72655
2.72654
2.72654
2.72654
2.72654
2.72653
2.72653
2.72652
2.72652
2.72652
2.72652
2.72652
2.72652
2.72652
2.72652
2.72651
2.72651
2.72651
2.72651
2.72651
2.72651
2.72651
2.72651
2.72651
2.7265
2.7265
2.7265
2.7265
2.7265
2.7265
2.72649
2.72648
2.72648
2.72648
2.72647
2.72647
2.72647
2.72647
2.72647
2.72647
2.72647
2.72647
2.72647
2.72646
2.72645
2.72645
2.72645
2.72644
2.72644
2.72644
2.72644
2.72644
2.72644
2.72644
2.72642
2.72641
2.72641
2.72641
2.7264
2.7264
2.7264
2.7264
2.7264
2.7264
2.7264
2.7264
2.7264
2.72639
2.72639
2.72639
2.72639
2.72639
2.72639
2.72639
2.72639
2.72639
2.72638
2.72638
2.72638
2.72638
2.72638
2.72638
2.72638
2.72638
2.72638
2.72637
2.72637
2.72637
2.72637
2.72637
2.72637
2.72637
2.72637
2.72637
2.72636
2.72636
2.72636
2.72636
2.72636
2.72636
2.72636
2.72636
2.72636
2.72635
2.72635
2.72635
2.72635
2.72635
2.72635
2.72635
2.72635
2.72635
2.72634
2.72634
2.72634
2.72634
2.72634
2.72634
2.72633
2.72632
2.72632
2.72632
2.72632
2.72632
2.72632
2.72631
2.72631
2.72631
2.72631
2.72631
2.72631
2.72631
2.72631
2.72631
2.7263
2.72629
2.72629
2.72629
2.72629
2.72628
2.72628
2.72628
2.72628
2.72627
2.72626
2.72626
2.72626
2.72626
2.72625
2.72625
2.72625
2.72625
2.72625
2.72625
2.72625
2.72624
2.72623
2.72623
2.72623
2.72623
2.72622
2.72622
2.72622
2.72622
2.72622
2.72622
2.72622
2.72622
2.72622
2.72621
2.72621
2.72621
2.72621
2.72621
2.72621
2.72621
2.72621
2.72621
2.7262
2.7262
2.7262
2.7262
2.7262
2.7262
2.7262
2.7262
2.7262
2.72619
2.72617
2.72616
2.72615
2.72615
2.72615
2.72615
2.72615
2.72613
2.72613
2.72613
2.72612
2.72612
2.72612
2.72612
2.72612
2.72612
2.72612
2.72612
2.72611
2.72611
2.72611
2.72611
2.72611
2.72611
2.7261
2.7261
2.72609
2.72609
2.72609
2.72609
2.72609
2.72609
2.72608
2.72608
2.72608
2.72608
2.72608
2.72608
2.72608
2.72608
2.72608
2.72607
2.72606
2.72606
2.72605
2.72605
2.72605
2.72605
2.72605
2.72605
2.72605
2.72605
2.72604
2.72604
2.72604
2.72604
2.72604
2.72604
2.72604
2.72604
2.72603
2.72603
2.72602
2.72602
2.72602
2.72602
2.72602
2.72601
2.72601
2.72601
2.72601
2.72601
2.72601
2.72601
2.72601
2.72601
2.726
2.726
2.726
2.726
2.72597
2.72597
2.72597
2.72596
2.72596
2.72596
2.72596
2.72596
2.72596
2.72596
2.72596
2.72596
2.72595
2.72594
2.72594
2.72594
2.72594
2.72593
2.72593
2.72593
2.72592
2.7259
2.7259
2.7259
2.7259
2.7259
2.7259
2.7259
2.72589
2.72589
2.72589
2.72588
2.72588
2.72587
2.72587
2.72587
2.72587
2.72587
2.72585
2.72584
2.72584
2.72584
2.72584
2.72583
2.72583
2.72583
2.72582
2.72582
2.72581
2.72581
2.72581
2.72581
2.72581
2.72581
2.7258
2.72579
2.72579
2.72579
2.72579
2.72578
2.72578
2.72578
2.72578
2.72578
2.72578
2.72578
2.72578
2.72578
2.72577
2.72577
2.72576
2.72576
2.72576
2.72576
2.72576
2.72575
2.72575
2.72575
2.72575
2.72575
2.72575
2.72575
2.72575
2.72575
2.72574
2.72574
2.72574
2.72574
2.72574
2.72574
2.72574
2.72574
2.72574
2.72573
2.72573
2.72573
2.72573
2.72573
2.72573
2.72573
2.72573
2.72573
2.72572
2.72572
2.72572
2.72572
2.72572
2.72572
2.72572
2.72572
2.72572
2.72571
2.72571
2.72571
2.72571
2.72571
2.72571
2.72571

