2.7
2.7
2.7
2.7
2.7
2.69999
2.69999
2.69999
2.69999
2.69999
2.69999
2.69999
2.69998
2.69998
2.69997
2.69997
2.69997
2.69997
2.69997
2.69997
2.69997
2.69996
2.69996
2.69996
2.69995
2.69994
2.69994
2.69993
2.69993
2.69993
2.69993
2.69993
2.69993
2.69993
2.69993
2.69993
2.69992
2.69992
2.69992
2.69992
2.6999
2.69989
2.69989
2.69989
2.69988
2.69988
2.69988
2.69988
2.69988
2.69988
2.69988
2.69986
2.69985
2.69985
2.69985
2.69984
2.69984
2.69984
2.69984
2.69984
2.69984
2.69984
2.69984
2.69984
2.69983
2.69983
2.69983
2.69983
2.69983
2.6998
2.6998
2.69979
2.69979
2.69979
2.69979
2.69979
2.69979
2.69979
2.69978
2.69978
2.69978
2.69978
2.69978
2.69978
2.69978
2.69978
2.69978
2.69977
2.69976
2.69975
2.69974
2.69974
2.69974
2.69974
2.69974
2.69973
2.69973
2.69973
2.69973
2.69973
2.69973
2.69972
2.69972
2.69971
2.69971
2.69971
2.69971
2.69971
2.69971
2.69971
2.6997
2.6997
2.6997
2.6997
2.6997
2.6997
2.6997
2.6997
2.6997
2.69969
2.69969
2.69968
2.69966
2.69965
2.69965
2.69965
2.69965
2.69965
2.69965
2.69964
2.69964
2.69964
2.69964
2.69964
2.69963
2.69962
2.69961
2.69961
2.69961
2.69961
2.69961
2.69961
2.69961
2.6996
2.6996
2.6996
2.6996
2.69959
2.69958
2.69958
2.69958
2.69958
2.69958
2.69958
2.69957
2.69957
2.69957
2.69957
2.69956
2.69955
2.69954
2.69954
2.69954
2.69954
2.69954
2.69954
2.69954
2.69953
2.69953
2.69953
2.69953
2.69953
2.69952
2.69952
2.69951
2.69951
2.69951
2.69951
2.69951
2.69951
2.6995
2.6995
2.6995
2.6995
2.6995
2.6995
2.6995
2.6995
2.6995
2.69949
2.69949
2.69949
2.69948
2.69946
2.69946
2.69946
2.69946
2.69945
2.69945
2.69945
2.69945
2.69945
2.69945
2.69945
2.69945
2.69945
2.69944
2.69944
2.69944
2.69944
2.69944
2.69944
2.69944
2.69944
2.69944
2.69942
2.69941
2.69941
2.69941
2.69941
2.69941
2.6994
2.6994
2.6994
2.6994
2.6994
2.6994
2.6994
2.6994
2.6994
2.69938
2.69937
2.69937
2.69936
2.69936
2.69936
2.69936
2.69936
2.69936
2.69936
2.69936
2.69935
2.69933
2.69932
2.69931
2.69931
2.69931
2.69931
2.69931
2.69931
2.69931
2.6993
2.6993
2.6993
2.6993
2.6993
2.6993
2.69929
2.69928
2.69928
2.69927
2.69927
2.69927
2.69927
2.69927
2.69927
2.69927
2.69927
2.69926
2.69926
2.69925
2.69924
2.69924
2.69924
2.69924
2.69924
2.69924
2.69924
2.69923
2.69923
2.69923
2.69922
2.69922
2.69922
2.69922
2.69921
2.69921
2.69921
2.69921
2.69921
2.69921
2.69921
2.69921
2.69921
2.69918
2.69917
2.69917
2.69917
2.69916
2.69916
2.69916
2.69916
2.69916
2.69916
2.69916
2.69916
2.69916
2.69915
2.69915
2.69915
2.69915
2.69915
2.69915
2.69915
2.69915
2.69915
2.69915
2.69914
2.69914
2.69914
2.69914
2.69914
2.69914
2.69914
2.69913
2.69913
2.69912
2.69912
2.69912
2.69912
2.69911
2.69911
2.69911
2.69911
2.69911
2.69909
2.69908
2.69907
2.69907
2.69907
2.69907
2.69907
2.69907
2.69906
2.69906
2.69906
2.69906
2.69906
2.69906
2.69906
2.69906
2.69906
2.69905
2.69905
2.69905
2.69905
2.69904
2.69904
2.69903
2.69903
2.69903
2.69903
2.69903
2.69903
2.69903
2.69903
2.69902
2.69902
2.69902
2.69901
2.699
2.699
2.699
2.69899
2.69899
2.69899
2.69899
2.69899
2.69899
2.69899
2.69899
2.69899
2.69898
2.69897
2.69896
2.69896
2.69896
2.69896
2.69896
2.69896
2.69895
2.69895
2.69895
2.69895
2.69895
2.69895
2.69893
2.69891
2.69891
2.69891
2.69891
2.6989
2.6989
2.69889
2.69888
2.69888
2.69888
2.69888
2.69887
2.69887
2.69885
2.69883
2.69883
2.69883
2.69882
2.69882
2.69882
2.69882
2.69882
2.69882
2.69881
2.6988
2.6988
2.69879
2.69879
2.69879
2.69879
2.69879
2.69879
2.69879
2.69879
2.69878
2.69878
2.69878
2.69876
2.69876
2.69876
2.69875
2.69875
2.69875
2.69875
2.69875
2.69875
2.69875
2.69875
2.69874
2.69874
2.69873
2.69873
2.69872
2.69872
2.69872
2.69872
2.69872
2.69872
2.69872
2.69871
2.6987
2.6987
2.6987
2.6987
2.6987
2.69869
2.69869
2.69869
2.69869
2.69867
2.69866
2.69865
2.69865
2.69865
2.69865
2.69865
2.69865
2.69865
2.69864
2.69864
2.69864
2.69864
2.69864
2.69864
2.69864
2.69864
2.69862
2.69861
2.69861
2.6986
2.6986
2.6986
2.6986
2.6986
2.6986
2.69859
2.69859
2.69858
2.69858
2.69858
2.69858
2.69858
2.69858
2.69857
2.69857
2.69857
2.69857
2.69855
2.69854
2.69854
2.69854
2.69854
2.69853
2.69853
2.69853
2.69853
2.69853
2.69853
2.69853
2.69853
2.69851
2.6985
2.6985
2.6985
2.6985
2.6985
2.6985
2.69849
2.69849
2.69849
2.69848
2.69847
2.69847
2.69846
2.69846
2.69846
2.69846
2.69846
2.69846
2.69846
2.69846
2.69845
2.69844
2.69842
2.69842
2.6984
2.6984
2.6984
2.6984
2.69839
2.69839
2.69839
2.69839
2.69839
2.69839
2.69839
2.69839
2.69839
2.69838
2.69836
2.69835
2.69835
2.69835
2.69835
2.69835
2.69834
2.69834
2.69834
2.69834
2.69834
2.69834
2.69834
2.69834
2.69834
2.69834
2.69833
2.69833
2.69833
2.69833
2.69833
2.69833
2.69833
2.69833
2.69833
2.69832
2.6983
2.69829
2.69829
2.69829
2.69828
2.69828
2.69828
2.69828
2.69828
2.69828
2.69828
2.69826
2.69825
2.69824
2.69824
2.69824
2.69824
2.69824
2.69824
2.69823
2.69823
2.69823
2.69822
2.6982
2.69819
2.69819
2.69819
2.69819
2.69819
2.69819
2.69819
2.69819
2.69818
2.69818
2.69818
2.69818
2.69818
2.69816
2.69815
2.69814
2.69814
2.69814
2.69814
2.69814
2.69814
2.69814
2.69814
2.69813
2.69813
2.69812
2.69812
2.69812
2.69812
2.69811
2.69811
2.69811
2.69811
2.69809
2.69808
2.69808
2.69808
2.69807
2.69807
2.69807
2.69807
2.69807
2.69807
2.69807
2.69807
2.69807
2.69806
2.69806
2.69806
2.69806
2.69806
2.69806
2.69806
2.69806
2.69806
2.69805
2.69804
2.69804
2.69804
2.69804
2.69804
2.69803
2.69803
2.69803
2.69803
2.69803
2.69803
2.69803
2.69803
2.69803
2.69802
2.69802
2.69802
2.69799
2.69798
2.69798
2.69798
2.69798
2.69798
2.69798
2.69798
2.69797
2.69797
2.69797
2.69797
2.69796
2.69796
2.69795
2.69795
2.69795
2.69795
2.69794
2.69794
2.69794
2.69794
2.69794
2.69794
2.69794
2.69794
2.69794
2.69794
2.69793
2.69793
2.69793
2.69793
2.69792
2.69792
2.69791
2.69791
2.69791
2.69791
2.69791
2.69791
2.69791
2.6979
2.69789
2.69789
2.69788
2.69788
2.69788
2.69788
2.69788
2.69788
2.69787
2.69787
2.69787
2.69787
2.69787
2.69787
2.69787
2.69787
2.69787
2.69786
2.69786
2.69786
2.69785
2.69785
2.69785
2.69785
2.69784
2.69784
2.69784
2.69784
2.69784
2.69784
2.69784
2.69784
2.69784
2.69783
2.69783
2.69783
2.69782
2.69782
2.69782
2.69781
2.69781
2.69781
2.69781
2.69781
2.69781
2.69779
2.69778
2.69778
2.69777
2.69777
2.69777
2.69777
2.69777
2.69777
2.69777
2.69777
2.69777
2.69776
2.69776
2.69775
2.69774
2.69774
2.69774
2.69774
2.69774
2.69774
2.69774
2.69774
2.69773
2.69773
2.69773
2.69773
2.69773
2.69773
2.69773
2.69773
2.69773
2.69772
2.69772
2.69772
2.69772
2.69771
2.6977
2.6977
2.6977
2.6977
2.6977
2.6977
2.69769
2.69769
2.69769
2.69769
2.69769
2.69769
2.69769
2.69768
2.69767
2.69767
2.69767
2.69767
2.69767
2.69766
2.69766
2.69766
2.69766
2.69766
2.69766
2.69766
2.69766
2.69766
2.69765
2.69765
2.69765
2.69765
2.69765
2.69765
2.69765
2.69765
2.69765
2.69764
2.69764
2.69762
2.69762
2.69762
2.69762
2.69761
2.69761
2.69761
2.6976
2.69759
2.69758
2.69758
2.69758
2.69758
2.69758
2.69757
2.69757
2.69757
2.69757
2.69757
2.69757
2.69757
2.69757
2.69757
2.69756
2.69756
2.69756
2.69754
2.69754
2.69754
2.69754
2.69753
2.69753
2.69753
2.69753
2.69753
2.69753
2.69753
2.69753
2.69752
2.6975
2.69749
2.69749
2.69749
2.69749
2.69749
2.69749
2.69749
2.69748
2.69748
2.69747
2.69747
2.69746
2.69746
2.69746
2.69746
2.69746
2.69745
2.69745
2.69745
2.69745
2.69745
2.69745
2.69745
2.69745
2.69745
2.69744
2.69744
2.69744
2.69742
2.69741
2.69741
2.69741
2.69741
2.69741
2.69741
2.69741
2.6974
2.69738
2.69738
2.69737
2.69737
2.69737
2.69737
2.69737
2.69737
2.69737
2.69737
2.69736
2.69736
2.69736
2.69736
2.69736
2.69736
2.69733
2.69733
2.69732
2.69732
2.69732
2.69732
2.69732
2.69732
2.69731
2.69731
2.69731
2.69731
2.69731
2.69731
2.69728
2.69727
2.69727
2.69727
2.69727
2.69727
2.69727
2.69727
2.69726
2.69726
2.69726
2.69726
2.69726
2.69725
2.69725
2.69724
2.69724
2.69724
2.69724
2.69724
2.69724
2.69724
2.69724
2.69724
2.69723
2.69723
2.69723
2.69723
2.69722
2.69721
2.6972
2.6972
2.6972
2.6972
2.6972
2.6972
2.6972
2.6972
2.69719
2.69719
2.69719
2.69719
2.69719
2.69719
2.69719
2.69719
2.69719
2.69718
2.69718
2.69718
2.69718
2.69718
2.69718
2.69716
2.69714
2.69713
2.69713
2.69713
2.69713
2.69713
2.69712
2.69712
2.69711
2.69711
2.69711
2.69711
2.69711
2.69711
2.6971
2.6971
2.6971
2.69709
2.69709
2.69708
2.69708
2.69708
2.69708
2.69708
2.69708
2.69708
2.69707
2.69706
2.69706
2.69706
2.69705
2.69705
2.69705
2.69705
2.69705
2.69705
2.69705
2.69705
2.69703
2.69702
2.69701
2.69701
2.69701
2.69701
2.69701
2.697
2.697
2.697
2.697
2.697
2.697
2.69699
2.69698
2.69698
2.69697
2.69697
2.69697
2.69697
2.69697
2.69697
2.69697
2.69696
2.69696
2.69696
2.69696
2.69696
2.69696
2.69696
2.69696
2.69696
2.69696
2.69695
2.69694
2.69692
2.69692
2.69692
2.69691
2.69691
2.69691
2.69691
2.69691
2.69691
2.69691
2.69689
2.69688
2.69688
2.69687
2.69687
2.69687
2.69687
2.69687
2.69687
2.69687
2.69686
2.69686
2.69686
2.69686
2.69686
2.69686
2.69686
2.69686
2.69686
2.69686
2.69685
2.69685
2.69685
2.69685
2.69685
2.69685
2.69685
2.69685
2.69685
2.69684
2.69684
2.69684
2.69684
2.69682
2.69682
2.69682
2.69681
2.69681
2.69681
2.69681
2.69681
2.69681
2.6968
2.69679
2.69679
2.69679
2.69679
2.69678
2.69678
2.69678
2.69678
2.69678
2.69678
2.69678
2.69678
2.69678
2.69677
2.69677
2.69677
2.69677
2.69677
2.69677
2.69676
2.69675
2.69675
2.69675
2.69675
2.69675
2.69675
2.69674
2.69674
2.69674
2.69674
2.69674
2.69672
2.69671
2.69671
2.69671
2.69671
2.69671
2.6967
2.6967
2.6967
2.6967
2.6967
2.6967
2.6967
2.6967
2.69669
2.69668
2.69668
2.69667
2.69667
2.69667
2.69667
2.69667
2.69667
2.69667
2.69667
2.69666
2.69666
2.69666
2.69665
2.69665
2.69664
2.69664
2.69664
2.69664
2.69664
2.69664
2.69664
2.69664
2.69664
2.69663
2.69663
2.69663
2.69663
2.69663
2.69663
2.69663
2.69663
2.69663
2.69662
2.69662
2.69662
2.69662
2.69661
2.6966
2.6966
2.6966
2.69659
2.69659
2.69659
2.69659
2.69659
2.69659
2.69657
2.69656
2.69656
2.69655
2.69655
2.69655
2.69655
2.69655
2.69655
2.69655
2.69655
2.69654
2.69654
2.69654
2.69653
2.69651
2.69651
2.69651
2.6965
2.6965
2.6965
2.6965
2.6965
2.6965
2.6965
2.6965
2.69649
2.69649
2.69649
2.69649
2.69649
2.69649
2.69649
2.69649
2.69649
2.69648
2.69647
2.69646
2.69646
2.69645
2.69645
2.69645
2.69645
2.69645
2.69645
2.69645
2.69644
2.69644
2.69644
2.69644
2.69644
2.69644
2.69644
2.69644
2.69644
2.69644
2.69643
2.69643
2.69643
2.69643
2.69641
2.69641
2.69641
2.69641
2.6964
2.6964
2.6964
2.6964
2.6964
2.6964
2.6964
2.6964
2.6964
2.69639
2.69639
2.69639
2.69638
2.69638
2.69638
2.69637
2.69637
2.69637
2.69637
2.69637
2.69637
2.69637
2.69637
2.69637
2.69636
2.69636
2.69634
2.69634
2.69633
2.69633
2.69633
2.69633
2.69633
2.69633
2.69633
2.69633
2.69632
2.69632
2.69632
2.69632
2.69632
2.69632
2.69632
2.69632
2.69632
2.69631
2.69631
2.69631
2.69631
2.69631
2.69631
2.69631
2.69631
2.6963
2.69629
2.69628
2.69628
2.69628
2.69628
2.69628
2.69628
2.69628
2.69627
2.69627
2.69627
2.69627
2.69627
2.69627
2.69626
2.69625
2.69625
2.69625
2.69624
2.69624
2.69624
2.69624
2.69624
2.69624
2.69624
2.69624
2.69623
2.69622
2.69622
2.69622
2.69621
2.69621
2.69621
2.69621
2.69621
2.69621
2.69621
2.69621
2.6962
2.6962
2.6962
2.6962
2.6962
2.69618
2.69617
2.69616
2.69616
2.69616
2.69616
2.69616
2.69616
2.69616
2.69615
2.69615
2.69615
2.69615
2.69614
2.69614
2.69613
2.69613
2.69613
2.69613
2.69613
2.69613
2.69613
2.69612
2.69612
2.69612
2.69611
2.69611
2.6961
2.6961
2.6961
2.6961
2.6961
2.6961
2.6961
2.69609
2.69609
2.69609
2.69609
2.69609
2.69609
2.69609
2.69609
2.69608
2.69606
2.69606
2.69606
2.69606
2.69606
2.69606
2.69605
2.69605
2.69605
2.69605
2.69605
2.69605
2.69605
2.69605
2.69605
2.69604
2.69604
2.69602
2.69601
2.69601
2.69601
2.69601
2.696
2.696
2.696
2.696
2.696
2.696
2.696
2.696
2.696
2.69599
2.69599
2.69599
2.69599
2.69599
2.69598
2.69598
2.69597
2.69597
2.69597
2.69597
2.69597
2.69597
2.69597
2.69597
2.69596
2.69596
2.69596
2.69596
2.69596
2.69596
2.69596
2.69596
2.69596
2.69595
2.69593
2.69593
2.69592
2.69592
2.69592
2.69592
2.69592
2.69592
2.69592
2.69591
2.69591
2.69591
2.6959
2.6959
2.6959
2.69589
2.69589
2.69589
2.69589
2.69589
2.69589
2.69589
2.69589
2.69589
2.69588
2.69588
2.69587
2.69586
2.69586
2.69586
2.69586
2.69586
2.69586
2.69585
2.69585
2.69585
2.69585
2.69584
2.69583
2.69583
2.69583
2.69583
2.69583
2.69582
2.69582
2.69582
2.69582
2.69582
2.69582
2.69582
2.69582
2.69582
2.69581
2.69581
2.6958
2.69579
2.69578
2.69578
2.69578
2.69578
2.69578
2.69578
2.69577
2.69577
2.69577
2.69577
2.69577
2.69577
2.69576
2.69575
2.69574
2.69574
2.69574
2.69574
2.69574
2.69573
2.69573
2.69573
2.69573
2.69573
2.69573
2.69573
2.69573
2.69573
2.69572
2.6957
2.69569
2.69568
2.69568
2.69568
2.69568
2.69568
2.69568
2.69568
2.69568
2.69567
2.69567
2.69567
2.69567
2.69566
2.69566
2.69566
2.69565
2.69565
2.69565
2.69565
2.69565
2.69565
2.69565
2.69565
2.69564
2.69564
2.69564
2.69564
2.69564
2.69564
2.69564
2.69564
2.69564
2.69564
2.69563
2.69563
2.69563
2.69563
2.69563
2.69561
2.6956
2.6956
2.69559
2.69559
2.69559
2.69559
2.69559
2.69559
2.69559
2.69559
2.69557
2.69556
2.69556
2.69555
2.69555
2.69555
2.69555
2.69555
2.69555
2.69555
2.69555
2.69554
2.69554
2.69554
2.69553
2.69553
2.69553
2.69553
2.69553
2.69552
2.69552
2.69552
2.69552
2.69552
2.69552
2.69552
2.69552
2.69552
2.69551
2.69551
2.69551
2.69551
2.6955
2.6955
2.69549
2.69549
2.69549
2.69549
2.69549
2.69549
2.69549
2.69549
2.69548
2.69547
2.69547
2.69547
2.69546
2.69546
2.69546
2.69546
2.69546
2.69544
2.69543
2.69543
2.69543
2.69543
2.69542
2.69542
2.69542
2.69542
2.69542
2.69542
2.69542
2.69542
2.69542
2.69541
2.69541
2.69539
2.69539
2.69538
2.69538
2.69538
2.69538
2.69538
2.69538
2.69538
2.69538
2.69537
2.69537
2.69537
2.69536
2.69536
2.69535
2.69535
2.69535
2.69535
2.69535
2.69535
2.69535
2.69533
2.69532
2.69532
2.69531
2.69531
2.69531
2.69531
2.69531
2.69531
2.69531
2.69531
2.69531
2.6953
2.6953
2.6953
2.6953
2.6953
2.6953
2.6953
2.6953
2.69529
2.69527
2.69526
2.69526
2.69526
2.69526
2.69526
2.69525
2.69525
2.69525
2.69525
2.69524
2.69523
2.69523
2.69523
2.69523
2.69522
2.69521
2.6952
2.6952
2.6952
2.6952
2.6952
2.69519
2.69519
2.69519
2.69519
2.69519
2.69518
2.69517
2.69517
2.69517
2.69517
2.69517
2.69517
2.69516
2.69516
2.69516
2.69516
2.69516
2.69516
2.69516
2.69515
2.69515
2.69514
2.69514
2.69514
2.69514
2.69514
2.69514
2.69514
2.69513
2.69513
2.69513
2.69513
2.69513
2.69512
2.69511
2.6951
2.6951
2.6951
2.6951
2.6951
2.6951
2.6951
2.69509
2.69509
2.69508
2.69508
2.69508
2.69507
2.69507
2.69507
2.69507
2.69507
2.69507
2.69506
2.69506
2.69505
2.69505
2.69505
2.69505
2.69505
2.69505
2.69505
2.69505
2.69504
2.69504
2.69504
2.69504
2.69504
2.69503
2.69502
2.69502
2.69501
2.69501
2.69501
2.69501
2.69501
2.69501
2.69501
2.69501
2.695
2.69499
2.69499
2.69499
2.69499
2.69499
2.69499
2.69498
2.69498
2.69498
2.69498
2.69498
2.69498
2.69498
2.69498
2.69498
2.69497
2.69497
2.69497
2.69497
2.69497
2.69497
2.69497
2.69497
2.69497
2.69496
2.69496
2.69496
2.69496
2.69495
2.69494
2.69494
2.69494
2.69493
2.69493
2.69493
2.69493
2.69493
2.69493
2.69493
2.69493
2.69493
2.69492
2.69492
2.69492
2.69492
2.69492
2.69492
2.69491
2.69491
2.6949
2.6949
2.6949
2.6949
2.6949
2.6949
2.6949
2.69489
2.69488
2.69487
2.69486
2.69486
2.69486
2.69486
2.69486
2.69486
2.69486
2.69486
2.69485
2.69485
2.69485
2.69485
2.69484
2.69484
2.69483
2.69483
2.69483
2.69483
2.69483
2.69483
2.69482
2.69482
2.69482
2.69482
2.69482
2.69482
2.69482
2.69482
2.69481
2.6948
2.69479
2.69479
2.69478
2.69478
2.69478
2.69478
2.69478
2.69478
2.69478
2.69478
2.69478
2.69476
2.69475
2.69475
2.69475
2.69475
2.69475
2.69475
2.69474
2.69474
2.69474
2.69474
2.69474
2.69473
2.69473
2.69473
2.69472
2.69472
2.69472
2.69472
2.69472
2.69472
2.69472
2.69471
2.6947
2.6947
2.6947
2.69469
2.69469
2.69469
2.69469
2.69469
2.69469
2.69469
2.69468
2.69468
2.69467
2.69467
2.69467
2.69467
2.69467
2.69467
2.69466
2.69466
2.69466
2.69466
2.69466
2.69466
2.69465
2.69463
2.69462
2.69462
2.69462
2.69462
2.69462
2.69461
2.69461
2.69461
2.69461
2.69461
2.69461
2.69459
2.69458
2.69458
2.69457
2.69457
2.69457
2.69457
2.69457
2.69457
2.69457
2.69457
2.69456
2.69456
2.69456
2.69456
2.69456
2.69454
2.69453
2.69453
2.69453
2.69453
2.69452
2.69452
2.69452
2.69452
2.69452
2.69452
2.69452
2.69452
2.69451
2.69451
2.69451
2.6945
2.69449
2.69449
2.69449
2.69449
2.69449
2.69449
2.69449
2.69448
2.69448
2.69448
2.69448
2.69448
2.69448
2.69448
2.69448
2.69448
2.71933
2.71966
2.71966
2.71965
2.71965
2.71965
2.71965
2.71965
2.71965
2.71965
2.71965
2.71964
2.71964
2.71964
2.71964
2.71964
2.71964
2.71964
2.71964
2.71964
2.71963
2.71963
2.71963
2.71963
2.71963
2.71963
2.71962
2.71961
2.71961
2.7196
2.7196
2.7196
2.7196
2.7196
2.7196
2.7196
2.71959
2.71959
2.71959
2.71959
2.71958
2.71958
2.71958
2.71957
2.71957
2.71957
2.71957
2.71957
2.71957
2.71957
2.71957
2.71956
2.71956
2.71956
2.71956
2.71956
2.71956
2.71956
2.71956
2.71956
2.71955
2.71955
2.71955
2.71954
2.71953
2.71952
2.71952
2.71952
2.71952
2.71951
2.71951
2.71951
2.71951
2.71951
2.71951
2.71951
2.71951
2.71951
2.7195
2.7195
2.7195
2.71949
2.71948
2.71948
2.71948
2.71948
2.71947
2.71947
2.71947
2.71947
2.71947
2.71947
2.71946
2.71945
2.71945
2.71945
2.71945
2.71945
2.71945
2.71945
2.71944
2.71944
2.71944
2.71944
2.71943
2.71943
2.71942
2.71942
2.71942
2.71942
2.71942
2.71942
2.71942
2.71941
2.71941
2.71941
2.71941
2.71941
2.71941
2.71941
2.7194
2.71939
2.71939
2.71939
2.71939
2.71939
2.71939
2.71938
2.71938
2.71938
2.71938
2.71938
2.71938
2.71938
2.71937
2.71936
2.71936
2.71935
2.71935
2.71935
2.71935
2.71935
2.71935
2.71935
2.71934
2.71934
2.71934
2.71934
2.71934
2.71934
2.71934
2.71934
2.71934
2.71933
2.71933
2.71933
2.71933
2.71933
2.71933
2.71933
2.71933
2.71933
2.71932
2.71932
2.71932
2.71932
2.71932
2.71932
2.71932
2.71932
2.71932
2.71931
2.7193
2.71929
2.71928
2.71928
2.71928
2.71927
2.71927
2.71927
2.71927
2.71927
2.71927
2.71927
2.71927
2.71927
2.71926
2.71926
2.71926
2.71926
2.71925
2.71925
2.71924
2.71924
2.71924
2.71924
2.71924
2.71924
2.71924
2.71923
2.71923
2.71923
2.71923
2.71919
2.71919
2.71918
2.71918
2.71918
2.71918
2.71918
2.71918
2.71918
2.71917
2.71917
2.71917
2.71917
2.71917
2.71917
2.71916
2.71914
2.71914
2.71914
2.71914
2.71914
2.71913
2.71913
2.71913
2.71913
2.71913
2.71913
2.71913
2.71913
2.71913
2.71912
2.71912
2.71912
2.71912
2.71912
2.71912
2.71911
2.7191
2.71909
2.71908
2.71908
2.71908
2.71908
2.71908
2.71908
2.71908
2.71908
2.71907
2.71907
2.71907
2.71907
2.71907
2.71907
2.71907
2.71906
2.71904
2.71903
2.71903
2.71903
2.71903
2.71903
2.71903
2.71903
2.71902
2.71902
2.71902
2.71902
2.71902
2.71902
2.71902
2.71902
2.71902
2.719
2.71899
2.71899
2.71899
2.71899
2.71898
2.71898
2.71898
2.71898
2.71898
2.71897
2.71896
2.71896
2.71896
2.71896
2.71896
2.71896
2.71896
2.71895
2.71895
2.71895
2.71895
2.71895
2.71895
2.71895
2.71895
2.71893
2.71893
2.71892
2.71892
2.71892
2.71892
2.71892
2.71892
2.71892
2.71892
2.71891
2.7189
2.7189
2.7189
2.71889
2.71889
2.71889
2.71889
2.71889
2.71889
2.71889
2.71889
2.71888
2.71887
2.71886
2.71886
2.71886
2.71886
2.71886
2.71886
2.71886
2.71885
2.71885
2.71885
2.71885
2.71885
2.71885
2.71885
2.71884
2.71883
2.71883
2.71883
2.71883
2.71883
2.71883
2.71882
2.71882
2.71882
2.71882
2.71882
2.71881
2.7188
2.7188
2.7188
2.7188
2.7188
2.71879
2.71879
2.71879
2.71879
2.71877
2.71877
2.71876
2.71876
2.71876
2.71876
2.71876
2.71874
2.71873
2.71873
2.71873
2.71872
2.71872
2.71872
2.71872
2.71872
2.71872
2.71872
2.71872
2.71872
2.71871
2.71871
2.71871
2.71871
2.71871
2.71869
2.71868
2.71868
2.71868
2.71868
2.71867
2.71867
2.71867
2.71867
2.71867
2.71867
2.71867
2.71867
2.71867
2.71866
2.71866
2.71866
2.71866
2.71865
2.71864
2.71864
2.71864
2.71864
2.71864
2.71864
2.71864
2.71863
2.71863
2.71863
2.71863
2.71863
2.71863
2.71862
2.71861
2.7186
2.7186
2.7186
2.7186
2.71859
2.71859
2.71859
2.71859
2.71859
2.71859
2.71859
2.71859
2.71859
2.71858
2.71858
2.71858
2.71858
2.71857
2.71856
2.71856
2.71856
2.71856
2.71856
2.71856
2.71855
2.71855
2.71855
2.71855
2.71855
2.71855
2.71855
2.71855
2.71854
2.71852
2.71851
2.71851
2.71851
2.71851
2.71851
2.71851
2.71851
2.7185
2.7185
2.71849
2.71848
2.71848
2.71848
2.71848
2.71848
2.71848
2.71848
2.71847
2.71847
2.71845
2.71844
2.71844
2.71844
2.71844
2.71844
2.71843
2.71843
2.71843
2.71843
2.71843
2.71843
2.71843
2.71843
2.71843
2.71842
2.71842
2.71841
2.71841
2.71841
2.7184
2.7184
2.7184
2.7184
2.7184
2.7184
2.7184
2.7184
2.7184
2.71839
2.71839
2.71839
2.71837
2.71836
2.71836
2.71836
2.71836
2.71836
2.71836
2.71836
2.71836
2.71835
2.71833
2.71832
2.71831
2.71831
2.71831
2.71831
2.71831
2.71831
2.71831
2.7183
2.7183
2.7183
2.71829
2.71828
2.71828
2.71828
2.71828
2.71828
2.71828
2.71827
2.71827
2.71827
2.71827
2.71827
2.71827
2.71827
2.71827
2.71827
2.71826
2.71825
2.71825
2.71824
2.71824
2.71824
2.71824
2.71824
2.71824
2.71824
2.71824
2.71824
2.71823
2.71823
2.71823
2.71823
2.71823
2.71823
2.71823
2.71823
2.71823
2.71822
2.71822
2.71822
2.71822
2.71822
2.71822
2.71822
2.71822
2.71822
2.71821
2.7182
2.71818
2.71818
2.71817
2.71817
2.71817
2.71817
2.71817
2.71817
2.71817
2.71817
2.71816
2.71816
2.71816
2.71816
2.71816
2.71815
2.71815
2.71814
2.71814
2.71814
2.71814
2.71813
2.71813
2.71813
2.71813
2.71813
2.71813
2.71813
2.71813
2.71813
2.71812
2.71812
2.71812
2.71812
2.7181
2.71809
2.71808
2.71808
2.71808
2.71808
2.71808
2.71808
2.71808
2.71808
2.71807
2.71806
2.71805
2.71805
2.71805
2.71805
2.71805
2.71805
2.71804
2.71804
2.71804
2.71804
2.71804
2.71804
2.71804
2.71804
2.71804
2.71803
2.71803
2.71803
2.71801
2.718
2.718
2.718
2.718
2.718
2.718
2.71799
2.71797
2.71797
2.71797
2.71796
2.71796
2.71796
2.71796
2.71796
2.71796
2.71796
2.71796
2.71795
2.71795
2.71795
2.71795
2.71794
2.71794
2.71793
2.71793
2.71793
2.71793
2.71793
2.71793
2.71793
2.71792
2.71792
2.71792
2.71792
2.71792
2.71792
2.71791
2.7179
2.7179
2.7179
2.7179
2.71789
2.71789
2.71789
2.71789
2.71789
2.71789
2.71789
2.71789
2.71787
2.71786
2.71785
2.71785
2.71785
2.71785
2.71785
2.71784
2.71784
2.71784
2.71784
2.71784
2.71784
2.71783
2.71782
2.71782
2.71782
2.71782
2.71781
2.71781
2.71781
2.71781
2.71781
2.71781
2.71781
2.71781
2.71778
2.71777
2.71776
2.71776
2.71776
2.71776
2.71776
2.71776
2.71776
2.71775
2.71775
2.71775
2.71775
2.71775
2.71775
2.71775
2.71774
2.71774
2.71773
2.71773
2.71773
2.71772
2.71772
2.71772
2.71772
2.71772
2.71772
2.71772
2.71772
2.71772
2.71771
2.71771
2.71771
2.71771
2.71771
2.71771
2.71771
2.71771
2.71771
2.7177
2.7177
2.7177
2.7177
2.7177
2.7177
2.7177
2.71769
2.71768
2.71768
2.71767
2.71767
2.71767
2.71767
2.71765
2.71764
2.71764
2.71763
2.71763
2.71763
2.71763
2.71763
2.71763
2.71763
2.71763
2.71762
2.7176
2.71759
2.71759
2.71759
2.71759
2.71758
2.71758
2.71758
2.71758
2.71758
2.71758
2.71758
2.71758
2.71756
2.71755
2.71755
2.71755
2.71754
2.71754
2.71754
2.71754
2.71754
2.71754
2.71753
2.71752
2.71751
2.71751
2.71751
2.71751
2.7175
2.7175
2.7175
2.7175
2.7175
2.71749
2.71747
2.71747
2.71747
2.71746
2.71746
2.71746
2.71746
2.71746
2.71746
2.71746
2.71746
2.71744
2.71744
2.71743
2.71743
2.71743
2.71743
2.71743
2.71743
2.71743
2.71743
2.71742
2.71742
2.71742
2.7174
2.71739
2.71739
2.71738
2.71738
2.71738
2.71738
2.71738
2.71738
2.71737
2.71736
2.71735
2.71735
2.71735
2.71735
2.71735
2.71735
2.71735
2.71735
2.71734
2.71734
2.71734
2.71733
2.71733
2.71733
2.71733
2.71732
2.71732
2.71732
2.71732
2.71732
2.71732
2.71731
2.7173
2.7173
2.71729
2.71729
2.71729
2.71729
2.71729
2.71729
2.71729
2.71728
2.71728
2.71728
2.71727
2.71726
2.71725
2.71725
2.71725
2.71725
2.71724
2.71724
2.71724
2.71724
2.71724
2.71724
2.71723
2.71722
2.71722
2.71721
2.71721
2.71721
2.71721
2.71721
2.71721
2.71721
2.7172
2.7172
2.7172
2.7172
2.7172
2.71719
2.71719
2.71718
2.71718
2.71718
2.71718
2.71718
2.71718
2.71718
2.71718
2.71718
2.71717
2.71715
2.71714
2.71714
2.71714
2.71714
2.71714
2.71714
2.71713
2.71713
2.71713
2.71713
2.71713
2.71713
2.71713
2.71713
2.71713
2.71712
2.71712
2.71711
2.71711
2.7171
2.7171
2.7171
2.7171
2.7171
2.7171
2.7171
2.7171
2.71709
2.71708
2.71707
2.71707
2.71707
2.71707
2.71707
2.71706
2.71706

