2.7
2.7
2.7
2.7
2.7
2.69999
2.69999
2.69999
2.69999
2.69999
2.69999
2.69999
2.69997
2.69996
2.69996
2.69996
2.69996
2.69996
2.69995
2.69995
2.69995
2.69995
2.69995
2.69995
2.69994
2.69993
2.69992
2.69992
2.69992
2.69992
2.69992
2.69992
2.69992
2.69992
2.69991
2.69991
2.69991
2.69991
2.69991
2.69991
2.69988
2.69987
2.69987
2.69987
2.69987
2.69986
2.69986
2.69986
2.69986
2.69986
2.69986
2.69984
2.69983
2.69982
2.69982
2.69982
2.69982
2.69982
2.69981
2.69981
2.69981
2.69981
2.69981
2.69981
2.69981
2.69981
2.69981
2.69981
2.6998
2.69978
2.69977
2.69977
2.69976
2.69976
2.69976
2.69976
2.69976
2.69976
2.69976
2.69976
2.69975
2.69975
2.69975
2.69975
2.69975
2.69975
2.69975
2.69975
2.69974
2.69972
2.69972
2.69972
2.69971
2.69971
2.69971
2.69971
2.69971
2.69971
2.69971
2.69971
2.69971
2.69969
2.69969
2.69969
2.69968
2.69968
2.69968
2.69968
2.69968
2.69968
2.69968
2.69968
2.69967
2.69967
2.69967
2.69967
2.69967
2.69967
2.69967
2.69967
2.69967
2.69965
2.69964
2.69964
2.69963
2.69963
2.69963
2.69963
2.69963
2.69963
2.69963
2.69963
2.69962
2.69962
2.69962
2.6996
2.6996
2.6996
2.69959
2.69959
2.69959
2.69959
2.69959
2.69959
2.69959
2.69959
2.69958
2.69957
2.69956
2.69956
2.69956
2.69956
2.69956
2.69955
2.69955
2.69955
2.69955
2.69955
2.69954
2.69953
2.69952
2.69952
2.69952
2.69952
2.69952
2.69952
2.69952
2.69952
2.69951
2.69951
2.69951
2.69951
2.69949
2.69949
2.69948
2.69948
2.69948
2.69948
2.69948
2.69948
2.69948
2.69948
2.69947
2.69947
2.69947
2.69947
2.69947
2.69947
2.69947
2.69947
2.69947
2.69946
2.69946
2.69945
2.69945
2.69945
2.69945
2.69945
2.69944
2.69944
2.69944
2.69944
2.69944
2.69944
2.69944
2.69944
2.69944
2.69943
2.69943
2.69943
2.69943
2.69943
2.69943
2.69943
2.69943
2.76145
2.76144
2.76143
2.76143
2.76143
2.76143
2.76143
2.76143
2.76142
2.76142
2.76142
2.76142
2.76142
2.76142
2.76142
2.76141
2.7614
2.7614
2.7614
2.7614
2.7614
2.76139
2.76139
2.76139
2.76139
2.76139
2.76139
2.76138
2.76137
2.76136
2.76136
2.76136
2.76136
2.76136
2.76136
2.76136
2.76136
2.76135
2.76135
2.76135
2.76135
2.76135
2.76133
2.76131
2.76131
2.7613
2.7613
2.7613
2.7613
2.7613
2.7613
2.7613
2.7613
2.76129
2.76129
2.76128
2.76128
2.76128
2.76128
2.76128
2.76127
2.76127
2.76127
2.76127
2.76127
2.76127
2.76125
2.76125
2.76124
2.76124
2.76124
2.76124
2.76124
2.76124
2.76124
2.76123
2.76123
2.76123
2.76123
2.76121
2.76121
2.76121
2.7612
2.7612
2.7612
2.7612
2.7612
2.7612
2.7612
2.76119
2.76119
2.76119
2.76119
2.76119
2.76119
2.76119
2.76119
2.76119
2.76118
2.76118
2.76118
2.76118
2.76118
2.76118
2.76118
2.76118
2.76118
2.76117
2.76117
2.76117
2.76116
2.76116
2.76116
2.76116
2.76115
2.76115
2.76115
2.76115
2.76115
2.76115
2.76113
2.76112
2.76111
2.76111
2.76111
2.76111
2.76111
2.76111
2.76111
2.76111
2.7611
2.7611
2.7611
2.7611
2.7611
2.7611
2.7611
2.7611
2.7611
2.76109
2.76109
2.76108
2.76107
2.76107
2.76107
2.76107
2.76107
2.76107
2.76107
2.76106
2.76106
2.76106
2.76106
2.76106
2.76103
2.76102
2.76102
2.76102
2.76102
2.76102
2.76101
2.76101
2.76101
2.76101
2.76101
2.76101
2.76101
2.76101
2.76098
2.76098
2.76097
2.76097
2.76097
2.76097
2.76097
2.76097
2.76097
2.76097
2.76096
2.76096
2.76096
2.76095
2.76095
2.76094
2.76094
2.76094
2.76094
2.76093
2.76091
2.7609
2.7609
2.7609
2.7609
2.76088
2.76087
2.76086
2.76084
2.76083
2.76083
2.76083
2.76083
2.76082
2.76082
2.76082
2.76082
2.76081
2.7608
2.7608
2.7608
2.7608
2.7608
2.7608
2.7608
2.76079
2.76079
2.76079
2.76079
2.76079
2.76078
2.76078
2.76077
2.76077
2.76076
2.76076
2.76076
2.76076
2.76076
2.76076
2.76076
2.76076
2.76076
2.76075
2.76074
2.76073
2.76073
2.76073
2.76073
2.76073
2.76073
2.76072
2.76072
2.76071
2.76071
2.7607
2.7607
2.7607
2.7607
2.7607
2.7607
2.76069
2.76069
2.76068
2.76068
2.76067
2.76067
2.76067
2.76067
2.76067
2.76067
2.76067
2.76066
2.76066
2.76066
2.76066
2.76066
2.76066
2.76066
2.76066
2.76065
2.76064
2.76063
2.76063
2.76063
2.76063
2.76063
2.76063
2.76063
2.76062
2.76061
2.76061
2.7606
2.7606
2.7606
2.7606
2.7606
2.7606
2.7606
2.7606
2.7606
2.76059
2.76058
2.76058
2.76058
2.76057
2.76057
2.76057
2.76057
2.76057
2.76057
2.76057
2.76057
2.76056
2.76055
2.76054
2.76054
2.76054
2.76054
2.76054
2.76054
2.76053
2.76053
2.76053
2.76052
2.7605
2.7605
2.7605
2.7605
2.76049
2.76049
2.76049
2.76049
2.76049
2.76049
2.76049
2.76048
2.76047
2.76046
2.76045
2.76045
2.76045
2.76045
2.76045
2.76044
2.76044
2.76044
2.76044
2.76044
2.76044
2.76044
2.76044
2.76043
2.76041
2.76041
2.76041
2.76041
2.7604
2.7604
2.7604
2.7604
2.7604
2.7604
2.7604
2.7604
2.7604
2.76039
2.76039
2.76039
2.76039
2.76039
2.76039
2.76039
2.76039
2.76038
2.76038
2.76038
2.76038
2.76038
2.76037
2.76037
2.76036
2.76036
2.76036
2.76036
2.76036
2.76035
2.76035
2.76035
2.76035
2.76033
2.76033
2.76032
2.76032
2.76032
2.76032
2.76032
2.76032
2.76032
2.76031
2.76031
2.7603
2.76028
2.76028
2.76028
2.76027
2.76027
2.76027
2.76027
2.76027
2.76027
2.76027
2.76027
2.76027
2.76026
2.76026
2.76026
2.76025
2.76025
2.76025
2.76024
2.76024
2.76024
2.76024
2.76024
2.76024
2.76024
2.76022
2.76021
2.76021
2.76021
2.76021
2.76021
2.76021
2.76021
2.7602
2.76019
2.76018
2.76018
2.76017
2.76017
2.76017
2.76017
2.76017
2.76017
2.76017
2.76017
2.76016
2.76016
2.76016
2.76016
2.76016
2.76016
2.76016
2.76016
2.76016
2.76015
2.76015
2.76015
2.76014
2.76014
2.76014
2.76013
2.76013
2.76013
2.76013
2.76013
2.76013
2.76013
2.76013
2.76013
2.76012
2.76012
2.76012
2.76012
2.76012
2.76011
2.76011
2.76011
2.7601
2.7601
2.7601
2.7601
2.7601
2.7601
2.7601
2.7601
2.76009
2.76008
2.76006
2.76006
2.76006
2.76006
2.76005
2.76005
2.76005
2.76005
2.76005
2.76005
2.76005
2.76005
2.76004
2.76004
2.76004
2.76004
2.76004
2.76004
2.76003
2.76003
2.76002
2.76002
2.76002
2.76002
2.76002
2.76002
2.76001
2.76001
2.76001
2.75998
2.75997
2.75997
2.75997
2.75997
2.75997
2.75997
2.75997
2.75996
2.75996
2.75996
2.75996
2.75996
2.75996
2.75996
2.75996
2.75996
2.75995
2.75995
2.75995
2.75994
2.75994
2.75993
2.75993
2.75993
2.75993
2.75993
2.75993
2.75993
2.75993
2.75993
2.75992
2.75992
2.75992
2.75992
2.75991
2.7599
2.7599
2.7599
2.7599
2.7599
2.75989
2.75989
2.75989
2.75989
2.75988
2.75986
2.75986
2.75986
2.75986
2.75985
2.75985
2.75985
2.75985
2.75985
2.75985
2.75985
2.75985
2.75984
2.75983
2.75983
2.75982
2.75982
2.75982
2.75982
2.75982
2.75982
2.75982
2.75982
2.75981
2.75981
2.75981
2.75981
2.75981
2.75981
2.75981
2.75981
2.7598
2.7598
2.7598
2.7598
2.75979
2.75978
2.75978
2.75978
2.75978
2.75977
2.75977
2.75977
2.75977
2.75977
2.75977
2.75977
2.75977
2.75976
2.75975
2.75975
2.75974
2.75974
2.75974
2.75974
2.75974
2.75974
2.75974
2.75974
2.75973
2.75973
2.75973
2.75973
2.75973
2.75973
2.75973
2.75973
2.75973
2.75972
2.75972
2.75972
2.75972
2.75972
2.75972
2.75971
2.7597
2.7597
2.7597
2.75969
2.75969
2.75969
2.75969
2.75969
2.75968
2.75968
2.75967
2.75967
2.75967
2.75967
2.75967
2.75967
2.75967
2.75966
2.75966
2.75966
2.75966
2.75966
2.75966
2.75966
2.75966
2.75965
2.75965
2.75964
2.75964
2.75964
2.75963
2.75963
2.75963
2.75963
2.75963
2.75963
2.75963
2.75963
2.75962
2.75961
2.75961
2.75961
2.75961
2.75961
2.7596
2.7596
2.7596
2.7596
2.7596
2.75959
2.75959
2.75958
2.75958
2.75958
2.75958
2.75958
2.75958
2.75958
2.75958
2.75957
2.75957
2.75957
2.75957
2.75957
2.75957
2.75957
2.75957
2.75956
2.75956
2.75955
2.75955
2.75955
2.75955
2.75955
2.75955
2.75954
2.75954
2.75952
2.75951
2.75951
2.7595
2.7595
2.7595
2.7595
2.7595
2.7595
2.7595
2.7595
2.75949
2.75949
2.75949
2.75949
2.75949
2.75947
2.75946
2.75946
2.75945
2.75945
2.75945
2.75945
2.75945
2.75945
2.75945
2.75945
2.75944
2.75944
2.75944
2.75943
2.75942
2.75942
2.75942
2.75941
2.75941
2.75941
2.75941
2.75941
2.75941
2.75941
2.75941
2.7594
2.75939
2.75939
2.75939
2.75939
2.75939
2.75939
2.75938
2.75938
2.75938
2.75938
2.75938
2.75938
2.75938
2.75938
2.75938
2.75934
2.75933
2.75933
2.75933
2.75933
2.75932
2.75932
2.75932
2.75932
2.75932
2.75932
2.75932
2.75932
2.75931
2.75931
2.75931
2.75931
2.75931
2.75931
2.75931
2.75931
2.75931
2.7593
2.7593
2.7593
2.75928
2.75924
2.75924
2.75923
2.75923
2.75923
2.75923
2.75923
2.75922
2.75921
2.75921
2.7592
2.7592
2.7592
2.7592
2.7592
2.7592
2.75919
2.75918
2.75918
2.75918
2.75918
2.75918
2.75918
2.75917
2.75917
2.75917
2.75917
2.75916
2.75916
2.75915
2.75915
2.75915
2.75915
2.75915
2.75915
2.75915
2.75914
2.75914
2.75913
2.75912
2.75912
2.75911
2.75911
2.75911
2.75911
2.75911
2.75911
2.75911
2.75911
2.75911
2.7591
2.7591
2.75909
2.75908
2.75908
2.75908
2.75908
2.75908
2.75908
2.75908
2.75907
2.75907
2.75907
2.75907
2.75907
2.75907
2.75907
2.75907
2.75907
2.75906
2.75906
2.75906
2.75904
2.75903
2.75903
2.75903
2.75903
2.75903
2.75902
2.75902
2.75902
2.75902
2.75902
2.75901
2.75899
2.75899
2.75899
2.75898
2.75898
2.75898
2.75898
2.75898
2.75898
2.75898
2.75898
2.75897
2.75897
2.75897
2.75897
2.75897
2.75897
2.75897
2.75897
2.75897
2.75896
2.75896
2.75896
2.75896
2.75896
2.75896
2.75896
2.75896
2.75896
2.75895
2.75895
2.75895
2.75894
2.75894
2.75893
2.75893
2.75893
2.75893
2.75893
2.75893
2.75892
2.7589
2.75889
2.75889
2.75889
2.75889
2.75889
2.75889
2.75888
2.75888
2.75888
2.75888
2.75888
2.75888
2.75888
2.75888
2.75888
2.75887
2.75887
2.75887
2.75887
2.75886
2.75885
2.75884
2.75884
2.75884
2.75884
2.75884
2.75884
2.75883
2.75883
2.75883
2.75883
2.7588
2.75879
2.75879
2.75878
2.75878
2.75878
2.75878
2.75878
2.75878
2.75878
2.75878
2.75878
2.75877
2.75877
2.75875
2.75874
2.75874
2.75874
2.75873
2.75873
2.75873
2.75873
2.75873
2.75873
2.75873
2.75873
2.75872
2.75872
2.75871
2.75871
2.75871
2.7587
2.7587
2.7587
2.7587
2.7587
2.7587
2.7587
2.7587
2.75869
2.75869
2.75869
2.75869
2.75869
2.75869
2.75869
2.75869
2.75869
2.75868
2.75868
2.75868
2.75868
2.75866
2.75865
2.75865
2.75864
2.75864
2.75864
2.75864
2.75864
2.75864
2.75864
2.75863
2.75861
2.7586
2.7586
2.7586
2.7586
2.7586
2.7586
2.7586
2.75859
2.75859
2.75859
2.75859
2.75859
2.75859
2.75857
2.75857
2.75857
2.75856
2.75856
2.75856
2.75856
2.75856
2.75856
2.75856
2.75856
2.75855
2.75855
2.75855
2.75855
2.75855
2.75855
2.75855
2.75855
2.75855
2.75854
2.75854
2.75853
2.75853
2.75853
2.75853
2.75853
2.75852
2.75852
2.75852
2.75852
2.75852
2.75852
2.75852
2.75852
2.75852
2.75851
2.75851
2.75851
2.75851
2.75851
2.75851
2.75851
2.75851
2.7585
2.75848
2.75848
2.75847
2.75847
2.75847
2.75847
2.75847
2.75847
2.75847
2.75847
2.75846
2.75846
2.75846
2.75846
2.75846
2.75844
2.75843
2.75843
2.75843
2.75843
2.75842
2.75842
2.75842
2.75842
2.75842
2.75842
2.75842
2.75842
2.75841
2.75841
2.7584
2.75839
2.75839
2.75839
2.75838
2.75838
2.75838
2.75838
2.75838
2.75838
2.75838
2.75838
2.75838
2.75837
2.75837
2.75837
2.75837
2.75837
2.75837
2.75837
2.75837
2.75837
2.75836
2.75836
2.75836
2.75836
2.75836
2.75836
2.75835
2.75834
2.75834
2.75834
2.75834
2.75834
2.75834
2.75833
2.75833
2.75833
2.75833
2.75833
2.75833
2.75832
2.75831
2.75831
2.7583
2.7583
2.7583
2.7583
2.7583
2.7583
2.7583
2.75829
2.75829
2.75829
2.75828
2.75828
2.75828
2.75827
2.75827
2.75827
2.75827
2.75827
2.75827
2.75827
2.75827
2.75826
2.75826
2.75826
2.75826
2.75826
2.75826
2.75823
2.75823
2.75822
2.75822
2.75822
2.75822
2.75822
2.75822
2.75822
2.75822
2.75821
2.75821
2.75821
2.7582
2.75819
2.75819
2.75818
2.75818
2.75818
2.75818
2.75818
2.75818
2.75818
2.75818
2.75817
2.75815
2.75814
2.75814
2.75813
2.75813
2.75813
2.75813
2.75813
2.75813
2.75813
2.75813
2.75812
2.75812
2.75812
2.75812
2.75812
2.75812
2.75811
2.75809
2.75809
2.75809
2.75808
2.75808
2.75808
2.75808
2.75808
2.75808
2.75808
2.75808
2.75807
2.75807
2.75807
2.75807
2.75807
2.75807
2.75806
2.75805
2.75804
2.75804
2.75804
2.75804
2.75804
2.75804
2.75804
2.75804
2.75803
2.75803
2.75803
2.75803
2.75803
2.75803
2.75803
2.75803
2.75802
2.75801
2.758
2.758
2.758
2.758
2.758
2.758
2.758
2.75799
2.75799
2.75799
2.75799
2.75799
2.75799
2.75799
2.75799
2.75799
2.75798
2.75798
2.75798
2.75796
2.75796
2.75795
2.75795
2.75795
2.75795
2.75795
2.75795
2.75794
2.75794
2.75794
2.75794
2.75793
2.75792
2.75792
2.75792
2.75792
2.75792
2.75792
2.75791
2.75791
2.75791
2.75791
2.75791
2.75791
2.75791
2.7579
2.7579
2.75789
2.75789
2.75789
2.75789
2.75789
2.75789
2.75789
2.75788
2.75788
2.75786
2.75786
2.75785
2.75785
2.75785
2.75785
2.75785
2.75785
2.75785
2.75785
2.75784
2.75784
2.75784
2.75784
2.75784
2.75784
2.75784
2.75783
2.75781
2.75781
2.75781
2.75781
2.75781
2.7578
2.7578
2.7578
2.7578
2.7578
2.7578
2.7578
2.7578
2.75779
2.75777
2.75777
2.75776
2.75776
2.75776
2.75776
2.75776
2.75776
2.75776
2.75776
2.75775
2.75775
2.75775
2.75775
2.75775
2.75775
2.75773
2.75772
2.75772
2.75771
2.75771
2.75771
2.75771
2.75771
2.75771
2.75771
2.75771
2.75771
2.7577
2.7577
2.75769
2.75769
2.75769
2.75768
2.75768
2.75768
2.75768
2.75768
2.75768
2.75768
2.75768
2.75767
2.75767
2.75767
2.75767
2.75767
2.75767
2.75767
2.75767
2.75767
2.75766
2.75766
2.75766
2.75766
2.75766
2.75766
2.75765
2.75765
2.75764
2.75764
2.75764
2.75764
2.75764
2.75764
2.75763
2.75763
2.75763
2.75762
2.75761
2.7576
2.7576
2.7576
2.7576
2.7576
2.7576
2.7576
2.7576
2.75759
2.75759
2.75759
2.75757
2.75756
2.75756
2.75756
2.75756
2.75755
2.75755
2.75755
2.75755
2.75755
2.75755
2.75755
2.75755
2.75755
2.75754
2.75754
2.75754
2.75754
2.75753
2.75753
2.75752
2.75752
2.75752
2.75752
2.75752
2.75752
2.75752
2.75751
2.75751
2.7575
2.75749
2.75748
2.75748
2.75748
2.75748
2.75748
2.75747
2.75747
2.75745
2.75745
2.75745
2.75744
2.75744
2.75744
2.75744
2.75744
2.75744
2.75744
2.75743
2.75743
2.75743
2.75743
2.75743
2.75743
2.75741
2.7574
2.7574
2.7574
2.7574
2.7574
2.7574
2.75739
2.75739
2.75739
2.75739
2.75739
2.75738
2.75737
2.75737
2.75736
2.75736
2.75736
2.75736
2.75736
2.75736
2.75736
2.75734
2.75733
2.75732
2.75732
2.75732
2.75732
2.75732
2.75732
2.75731
2.75731
2.75731
2.75731
2.75731
2.75731
2.75731
2.75731
2.75731
2.7573
2.7573
2.7573
2.7573
2.75728
2.75727
2.75727
2.75727
2.75727
2.75727
2.75727
2.75727
2.75726
2.75726
2.75725
2.75723
2.75722
2.75722
2.75722
2.75722
2.7572
2.75719
2.75719
2.75719
2.75719
2.75719
2.75719
2.75718
2.75718
2.75718
2.75718
2.75717
2.75716
2.75716
2.75716
2.75716
2.75716
2.75716
2.75715
2.75715
2.75715
2.75715
2.75715
2.75715
2.75715
2.75714
2.75714
2.75713
2.75713
2.75713
2.75713
2.75713
2.75713
2.75713
2.75713
2.75712
2.75712
2.75712
2.75712
2.75709
2.75708
2.75707
2.75707
2.75707
2.75707
2.75707
2.75707
2.75707
2.75706
2.75706
2.75705
2.75705
2.75705
2.75705
2.75704
2.75704
2.75704
2.75704
2.75704
2.75703
2.75702
2.75702
2.75702
2.75702
2.75701
2.75701
2.75701
2.75701
2.75701
2.75701
2.75701
2.75701
2.75701
2.757
2.75699
2.75698
2.75698
2.75698
2.75697
2.75697
2.75697
2.75697
2.75697
2.75697
2.75697
2.75693
2.75692
2.75691
2.75691
2.75691
2.75691
2.75691
2.75691
2.75691
2.7569
2.7569
2.7569
2.7569
2.7569
2.7569
2.7569
2.7569
2.7569
2.75689
2.75689
2.75689
2.75689
2.75689
2.75689
2.75689
2.75689
2.75689
2.75688
2.75688
2.75687
2.75686
2.75686
2.75686
2.75686
2.75686
2.75686
2.75685
2.75685
2.75685
2.75685
2.75685
2.75685
2.75685
2.75685
2.75685
2.75684
2.75684
2.75684
2.75682
2.75681
2.75681
2.75681
2.75681
2.75681
2.75681
2.7568
2.7568
2.7568
2.75679
2.75677
2.75677
2.75677
2.75677
2.75676
2.75676
2.75676
2.75676
2.75676
2.75676
2.75676
2.75676
2.75676
2.75674
2.75673
2.75673
2.75673
2.75672
2.75672
2.75672
2.75672
2.75672
2.75672
2.75672
2.75672
2.75672
2.75671
2.75671
2.75671
2.75671
2.75669
2.75668
2.75668
2.75668
2.75668
2.75668
2.75668
2.75668
2.75667
2.75667
2.75667
2.75667
2.75666
2.75666
2.75666
2.75665
2.75665
2.75665
2.75665
2.75665
2.75665
2.75665
2.75665
2.75664
2.75663
2.75663
2.75663
2.75662
2.75662
2.75662
2.75662
2.75662
2.75662
2.75662
2.75662
2.7566
2.7566
2.7566
2.75659
2.75659
2.75659
2.75659
2.75659
2.75659
2.75659
2.75659
2.75658
2.75657
2.75657
2.75656
2.75656
2.75656
2.75656
2.75656
2.75656
2.75656
2.75656
2.75655
2.75655
2.75655
2.75654
2.75654
2.75653
2.75653
2.75653
2.75653
2.75653
2.75653
2.75653
2.75653
2.75652
2.75652
2.75651
2.7565
2.7565
2.7565
2.7565
2.7565
2.7565
2.7565
2.75649
2.75649
2.75649
2.75649
2.75649
2.75649
2.75649
2.75649
2.75647
2.75646
2.75646
2.75646
2.75645
2.75645
2.75645
2.75645
2.75645
2.75645
2.75645
2.75645
2.75645
2.75644
2.75644
2.75644
2.75643
2.75643
2.75642
2.75642
2.75642
2.75642
2.75642
2.75642
2.75642
2.75642
2.75642
2.75641
2.75641
2.75641
2.75641
2.75641
2.75641
2.7564
2.75639
2.75639
2.75638
2.75638
2.75638
2.75638
2.75638
2.75638
2.75638
2.75638
2.75638
2.75637
2.75637
2.75637
2.75637
2.75637
2.75637
2.75637
2.75637
2.75637
2.75636
2.75636
2.75636
2.75636
2.75636
2.75635
2.75634
2.75634
2.75634
2.75634
2.75633
2.75633
2.75633
2.75633
2.75633
2.75633
2.75633
2.75633
2.75633
2.75632
2.75631
2.75631
2.75631
2.7563
2.7563
2.7563
2.7563
2.7563
2.7563
2.7563
2.7563
2.75629
2.75629
2.75629
2.75629
2.75629
2.75629
2.75629
2.75629
2.75629
2.75628
2.75628
2.75628
2.75627
2.75626
2.75626
2.75626
2.75626
2.75626
2.75626
2.75625
2.75625
2.75625
2.75625
2.75625
2.75625
2.75625
2.75625
2.75625
2.75624
2.75623
2.75622
2.75621
2.75621
2.75621
2.75621
2.75621
2.75621
2.75621
2.7562
2.7562
2.75619
2.75618
2.75618
2.75618
2.75618
2.75617
2.75617
2.75617
2.75617
2.75617
2.75617
2.75617
2.75615
2.75615
2.75615
2.75615
2.75614
2.75614
2.75614
2.75614
2.75614
2.75614
2.75614
2.75614
2.75613
2.75613
2.75613
2.75613
2.75612
2.75612
2.75611
2.75611
2.75611
2.75611
2.75611
2.75611
2.7561
2.7561
2.7561
2.7561
2.7561
2.7561
2.7561
2.75609
2.75609
2.75608
2.75608
2.75608
2.75608
2.75608
2.75608
2.75608
2.75607
2.75607
2.75607
2.75607
2.75607
2.75607
2.75607
2.75607
2.75607
2.75606
2.75606
2.75606
2.75606
2.75606
2.75606
2.75606
2.75606
2.75606
2.75605
2.75605
2.75605
2.75605
2.75605
2.75605
2.75605
2.75605
2.75605
2.75604
2.75604
2.75602
2.75602
2.75602
2.75602
2.75602
2.75601
2.75601
2.75601
2.75601
2.75601
2.75601
2.75601
2.75601
2.75601
2.756
2.756
2.756
2.75599
2.75598
2.75597
2.75597
2.75597
2.75597
2.75597
2.75597
2.75597
2.75597
2.75596
2.75596
2.75596
2.75594
2.75594
2.75594
2.75593
2.75593
2.75593
2.75593
2.75593
2.75593
2.75593
2.75593
2.75592
2.75592
2.75592
2.75592
2.75591
2.7559
2.7559
2.7559
2.7559
2.7559
2.7559
2.75589
2.75589
2.75589
2.75589
2.75589
2.75589
2.75589
2.75589
2.75589
2.75588
2.75588
2.75588
2.75588
2.75588
2.75588
2.75587
2.75586
2.75586
2.75586
2.75586
2.75586
2.75586
2.75586
2.75585
2.75585
2.75585
2.75585
2.75585
2.75585
2.75585
2.75585
2.75585
2.75584
2.75584
2.75583
2.75583
2.75583
2.75583
2.75582
2.75582
2.75582
2.75582
2.75582
2.75582
2.75582
2.75582
2.75581
2.75581
2.75581
2.75581
2.75581
2.7558
2.75579
2.75579
2.75579
2.75579
2.75578
2.75578
2.75578
2.75577
2.75576
2.75575
2.75575
2.75575
2.75575
2.75575
2.75575
2.75575
2.75574
2.75574
2.75574
2.75574
2.75574
2.75574
2.75574
2.75573
2.75572
2.75572
2.75572
2.75571
2.75571
2.75571
2.75571
2.75571
2.75571
2.75571
2.75571
2.7557
2.75569
2.75569
2.75569
2.75569
2.75569
2.75569
2.75568
2.75568
2.75568
2.75568
2.75568
2.75567
2.75566
2.75566
2.75566
2.75566
2.75566
2.75565
2.75565
2.75565
2.75565
2.75565
2.75565
2.75565
2.75565
2.75564
2.75563
2.75563
2.75563
2.75563
2.75562
2.75562
2.75562
2.75562
2.75562
2.75562
2.75562
2.75562
2.75561
2.7556
2.7556
2.7556
2.75559
2.75559
2.75559
2.75559
2.75559
2.75559
2.75558
2.75558
2.75557
2.75557
2.75557
2.75557
2.75557
2.75555
2.75553
2.75553
2.75553
2.75553
2.75553
2.75552
2.75552
2.75552
2.75552
2.75552
2.75552
2.75552
2.75552
2.75552
2.75551
2.75551
2.75551
2.7555
2.7555
2.7555
2.75549
2.75549
2.75549
2.75549
2.75549
2.75549
2.75549
2.75549
2.75548
2.75548
2.75548
2.75548
2.75548
2.75548
2.75547
2.75547
2.75546
2.75546
2.75546
2.75546
2.75546
2.75546
2.75546
2.75545
2.75545
2.75545
2.75545
2.75545
2.75545
2.75544
2.75543
2.75543
2.75543
2.75542
2.75542
2.75542
2.75542
2.75542
2.75542
2.75542
2.75542
2.75541
2.75541
2.75541
2.75541
2.75541
2.75541
2.7554
2.7554
2.75539
2.75539
2.75539
2.75539
2.75539
2.75539
2.75538
2.75538
2.75538
2.75538
2.75538
2.75538
2.75538
2.75538
2.75537
2.75536
2.75535
2.75535
2.75534
2.75534
2.75534
2.75534
2.75534
2.75534
2.75534
2.75533
2.75532
2.75532
2.75532
2.75531
2.75531
2.75531
2.75531
2.75531
2.75531
2.75528
2.75526
2.75526
2.75526
2.75526
2.75526
2.75526
2.75526
2.75525
2.75525
2.75525
2.75525
2.75525
2.75525
2.75525
2.75525
2.75524
2.75523
2.75523
2.75523
2.75523
2.75523
2.75522
2.75522
2.75522
2.75522
2.75522
2.75522
2.75522
2.75522
2.75522
2.75521
2.7552
2.75519
2.75519
2.75519
2.75519
2.75519
2.75518
2.75518
2.75518
2.75518
2.75517
2.75515
2.75514
2.75514
2.75514
2.75514
2.75514
2.75514
2.75513
2.75513
2.75513
2.75513
2.75512
2.75512
2.75511
2.75511
2.75511
2.75511
2.75511
2.75511
2.7551
2.7551
2.7551
2.7551
2.7551
2.7551
2.7551
2.7551
2.75509
2.75509
2.75508
2.75508
2.75508
2.75508
2.75508
2.75508
2.75508
2.75507
2.75507
2.75507
2.75507
2.75507
2.75507
2.75507
2.75507
2.75507
2.75506
2.75506
2.75506
2.75506
2.75506
2.75506
2.75506
2.75506
2.75506
2.75505
2.75505
2.75505
2.75505
2.75505
2.75504
2.75504
2.75503
2.75503
2.75503
2.75503
2.75503
2.75503
2.75503
2.75503
2.75502
2.75502
2.75502
2.75502
2.75502
2.75501
2.755
2.75499
2.75499
2.75499
2.75499
2.75499
2.75499
2.75499
2.75499
2.75498
2.75498
2.75498
2.75498
2.75498
2.75498
2.75498
2.75498
2.75498
2.75496
2.75495
2.75494
2.75494
2.75494
2.75494
2.75494
2.75493
2.75493
2.75493
2.75492
2.7549
2.7549
2.75489
2.75489
2.75489
2.75489
2.75489
2.75489
2.75489
2.75489
2.75489
2.75488
2.75488
2.75488
2.75488
2.75488
2.75488
2.75488
2.75488
2.75487
2.75486
2.75486
2.75486
2.75485
2.75485
2.75485
2.75485
2.75483
2.75482
2.75482
2.75482
2.75482
2.75482
2.75481
2.75481
2.75481
2.75481
2.75481
2.75481
2.75481
2.75481
2.7548
2.75478
2.75478
2.75477
2.75477
2.75477
2.75477
2.75477
2.75477
2.75477
2.75476
2.75476
2.75476
2.75476
2.75476
2.75476
2.75474
2.75472
2.75472
2.75471
2.75471
2.75471
2.75471
2.75471
2.75471
2.75471
2.7547
2.7547
2.7547
2.75469
2.75467
2.75467
2.75467
2.75467
2.75466
2.75466
2.75466
2.75466
2.75466
2.75466
2.75466
2.75466
2.75465
2.75463
2.75463
2.75463
2.75462
2.75462
2.75462
2.75462
2.75462
2.75462
2.75462
2.75462
2.75462
2.75459
2.75457
2.75457
2.75457
2.75457
2.75457
2.75457
2.75457
2.75456
2.75456
2.75456
2.75456
2.75456
2.75456
2.75456
2.75456
2.75455
2.75453
2.75453
2.75453
2.75453
2.75452
2.75452
2.75452
2.75452
2.75452
2.75452
2.75452
2.75452
2.75452
2.75451
2.75451
2.75451
2.75451
2.75451
2.75451
2.75451
2.75451
2.75451
2.7545
2.7545
2.7545
2.7545
2.7545
2.7545
2.7545
2.75449
2.75446
2.75446
2.75445
2.75445
2.75445
2.75445
2.75443
2.7544
2.7544
2.7544
2.7544
2.75439
2.75439
2.75439
2.75439
2.75439
2.75439
2.75438
2.75436
2.75436
2.75435
2.75435
2.75435
2.75435
2.75435
2.75435
2.75435
2.75434
2.75434
2.75434
2.75434
2.75432
2.75431
2.75431
2.75431
2.75431
2.7543
2.7543
2.7543
2.7543
2.7543
2.75429
2.75428
2.75427
2.75427
2.75427
2.75427
2.75427
2.75427
2.75427
2.75426
2.75426
2.75425
2.75423
2.75423
2.75422
2.75422
2.75422
2.75422
2.75422
2.75422
2.75422
2.75422
2.75421
2.7542
2.7542
2.7542
2.75419
2.75419
2.75419
2.75419
2.75419
2.75419
2.75419
2.75419
2.75419
2.75418
2.75417
2.75417
2.75416
2.75416
2.75416
2.75416
2.75416
2.75415
2.75415
2.75415
2.75414
2.75413
2.75413
2.75413
2.75413
2.75413
2.75413
2.75413
2.75413
2.75412
2.75412
2.75411
2.75411
2.7541
2.7541
2.7541
2.7541
2.7541
2.7541
2.75409
2.75409
2.75409
2.75409
2.75407
2.75406
2.75406
2.75406
2.75406
2.75406
2.75406
2.75405
2.75405
2.75405
2.75405
2.75405
2.75404
2.75402
2.75402
2.75401
2.75401
2.75401
2.75401
2.75401
2.75401
2.75401
2.75401
2.754
2.75399
2.75398
2.75397
2.75397
2.75397
2.75397
2.75397
2.75397
2.75397
2.75396
2.75396
2.75396
2.75396
2.75396
2.75394
2.75394
2.75393
2.75393
2.75393
2.75393
2.75393
2.75393
2.75393
2.75392
2.75392
2.75392
2.75392
2.7539
2.75389
2.75389
2.75389
2.75389
2.75388
2.75388
2.75388
2.75388
2.75388
2.75388
2.75388
2.75388
2.75388
2.75387
2.75387
2.75387
2.75386
2.75386
2.75385
2.75385
2.75385
2.75385
2.75385
2.75385
2.75385
2.75385
2.75384
2.75384
2.75382
2.75382
2.75381
2.75381
2.75381
2.75381
2.7538
2.7538

