2.7
2.7
2.7
2.7
2.7
2.69999
2.69999
2.69999
2.69999
2.69999
2.69999
2.69999
2.69997
2.69996
2.69996
2.69996
2.69996
2.69995
2.69995
2.69995
2.69995
2.69995
2.69995
2.69995
2.70085
2.70811
2.7081
2.7081
2.7081
2.7081
2.7081
2.7081
2.7081
2.7081
2.70809
2.70809
2.70809
2.70809
2.70809
2.70809
2.70808
2.70807
2.70807
2.70807
2.70807
2.70807
2.70807
2.70807
2.70806
2.70806
2.70806
2.70806
2.70805
2.70805
2.70805
2.70805
2.70804
2.70804
2.70804
2.70804
2.70804
2.70804
2.70804
2.70804
2.70804
2.70803
2.70803
2.70803
2.70803
2.70802
2.70802
2.70802
2.70801
2.70801
2.70801
2.70801
2.70801
2.70801
2.70801
2.70801
2.708
2.708
2.708
2.708
2.708
2.708
2.708
2.708
2.70799
2.70798
2.70798
2.70798
2.70798
2.70798
2.70797
2.70797
2.70797
2.70797
2.70797
2.70797
2.70797
2.70796
2.70796
2.70795
2.70795
2.70795
2.70795
2.70795
2.70795
2.70794
2.70794
2.70794
2.70794
2.70794
2.70794
2.70794
2.70794
2.70794
2.70793
2.70793
2.70793
2.70792
2.70791
2.7079
2.7079
2.7079
2.7079
2.7079
2.7079
2.7079
2.70789
2.70789
2.70789
2.70789
2.70789
2.70788
2.70787
2.70787
2.70787
2.70787
2.70787
2.70787
2.70787
2.70786
2.70786
2.70786
2.70786
2.70785
2.70784
2.70784
2.70784
2.70784
2.70784
2.70783
2.70783
2.70783
2.70783
2.70783
2.70782
2.70782
2.70782
2.70781
2.70781
2.70781
2.70781
2.70781
2.70781
2.70781
2.70781
2.7078
2.7078
2.7078
2.70779
2.70779
2.70778
2.70778
2.70778
2.70778
2.70778
2.70778
2.70777
2.70777
2.70777
2.70777
2.70777
2.70777
2.70777
2.70777
2.70777
2.70777
2.70776
2.70776
2.70775
2.70774
2.70773
2.70773
2.70773
2.70773
2.70773
2.70773
2.70772
2.70772
2.70772
2.70772
2.70772
2.70772
2.70772
2.70772
2.70772
2.70771
2.70771
2.70771
2.70771
2.70771
2.70771
2.7077
2.7077
2.70769
2.70769
2.70769
2.70769
2.70769
2.70769
2.70769
2.70768
2.70768
2.70768
2.70768
2.70768
2.70768
2.70766
2.70765
2.70765
2.70765
2.70765
2.70764
2.70764
2.70764
2.70764
2.70764
2.70764
2.70764
2.70762
2.70762
2.70761
2.70761
2.70761
2.70761
2.70761
2.70761
2.70761
2.7076
2.7076
2.7076
2.7076
2.7076
2.7076
2.70758
2.70757
2.70757
2.70757
2.70756
2.70756
2.70756
2.70756
2.70756
2.70756
2.70756
2.70756
2.70754
2.70753
2.70753
2.70753
2.70753
2.70753
2.70752
2.70752
2.70752
2.70752
2.70752
2.70752
2.70751
2.70751
2.7075
2.7075
2.7075
2.7075
2.7075
2.7075
2.7075
2.7075
2.70749
2.70749
2.70749
2.70748
2.70747
2.70747
2.70747
2.70747
2.70746
2.70746
2.70746
2.70746
2.70746
2.70746
2.70746
2.70746
2.70746
2.70745
2.70745
2.70745
2.70745
2.70745
2.70745
2.70745
2.70745
2.70745
2.70744
2.70744
2.70744
2.70744
2.70744
2.70744
2.70744
2.70742
2.70741
2.7074
2.7074
2.7074
2.7074
2.7074
2.7074
2.70739
2.70739
2.70739
2.70739
2.70738
2.70738
2.70737
2.70737
2.70737
2.70737
2.70737
2.70737
2.70737
2.70737
2.70737
2.70736
2.70736
2.70736
2.70736
2.70736
2.70736
2.70736
2.70736
2.70734
2.70733
2.70733
2.70733
2.70733
2.70733
2.70733
2.70732
2.70732
2.70732
2.70732
2.70732
2.70732
2.70732
2.70731
2.7073
2.7073
2.7073
2.7073
2.7073
2.7073
2.7073
2.7073
2.70729
2.70729
2.70729
2.70729
2.70729
2.70728
2.70728
2.70727
2.70727
2.70727
2.70727
2.70727
2.70727
2.70727
2.70727
2.70726
2.70726
2.70726
2.70726
2.70725
2.70725
2.70725
2.70724
2.70724
2.70723
2.7072
2.7072
2.70719
2.70719
2.70719
2.70718
2.70717
2.70716
2.70714
2.70714
2.70714
2.70713
2.70713
2.70713
2.70713
2.70713
2.70713
2.70712
2.70711
2.70711
2.70711
2.7071
2.7071
2.7071
2.7071
2.7071
2.7071
2.7071
2.7071
2.7071
2.70708
2.70707
2.70706
2.70706
2.70706
2.70705
2.70705
2.70705
2.70705
2.70705
2.70705
2.70705
2.70705
2.70705
2.70704
2.70703
2.70703
2.70703
2.70703
2.70703
2.70703
2.70703
2.70702
2.70701
2.707
2.70699
2.70699
2.70699
2.70699
2.70699
2.70699
2.70699
2.70698
2.70696
2.70695
2.70695
2.70695
2.70695
2.70695
2.70695
2.70694
2.70694
2.70694
2.70694
2.70694
2.70694
2.70694
2.70694
2.70694
2.70693
2.70692
2.7069
2.7069
2.7069
2.7069
2.70689
2.70689
2.70689
2.70689
2.70688
2.70688
2.70688
2.70687
2.70687
2.70687
2.70687
2.70687
2.70687
2.70687
2.70687
2.70686
2.70684
2.70683
2.70683
2.70683
2.70682
2.70682
2.70682
2.70682
2.70682
2.70682
2.70682
2.70682
2.70682
2.70681
2.70679
2.70679
2.70679
2.70679
2.70678
2.70678
2.70678
2.70678
2.70678
2.70677
2.70676
2.70676
2.70676
2.70675
2.70675
2.70675
2.70675
2.70675
2.70675
2.70675
2.70675
2.70674
2.70673
2.70671
2.7067
2.70669
2.70669
2.70669
2.70669
2.70669
2.70669
2.70668
2.70668
2.70668
2.70668
2.70668
2.70668
2.70668
2.70667
2.70666
2.70666
2.70666
2.70666
2.70665
2.70665
2.70665
2.70665
2.70665
2.70665
2.70665
2.70665
2.70665
2.70664
2.70664
2.70664
2.70664
2.70664
2.70664
2.70664
2.70664
2.70664
2.70663
2.70663
2.70663
2.70661
2.70659
2.70659
2.70659
2.70658
2.70658
2.70658
2.70658
2.70658
2.70658
2.70658
2.70657
2.70656
2.70656
2.70656
2.70656
2.70655
2.70655
2.70655
2.70655
2.70655
2.70655
2.70654
2.70653
2.70653
2.70652
2.70652
2.70652
2.70652
2.70652
2.70652
2.70652
2.70652
2.70651
2.70651
2.70651
2.70651
2.70651
2.7065
2.7065
2.70649
2.70649
2.70649
2.70649
2.70649
2.70649
2.70649
2.70649
2.70648
2.70647
2.70647
2.70646
2.70646
2.70646
2.70646
2.70646
2.70646
2.70644
2.70643
2.70643
2.70643
2.70643
2.70643
2.70643
2.70643
2.70642
2.70642
2.70642
2.70642
2.70642
2.70642
2.70642
2.70642
2.70642
2.70641
2.70641
2.70641
2.70641
2.70641
2.70641
2.7064
2.70639
2.70639
2.70639
2.70639
2.70639
2.70639
2.70639
2.70638
2.70638
2.70638
2.70638
2.70638
2.70638
2.70638
2.70638
2.70637
2.70634
2.70634
2.70633
2.70633
2.70633
2.70633
2.70633
2.70633
2.70632
2.70632
2.70632
2.70632
2.70631
2.70631
2.7063
2.7063
2.7063
2.7063
2.7063
2.7063
2.7063
2.7063
2.70629
2.70629
2.70629
2.70629
2.70629
2.70629
2.70629
2.70629
2.70629
2.70628
2.70627
2.70627
2.70627
2.70626
2.70626
2.70626
2.70626
2.70626
2.70626
2.70626
2.70623
2.70622
2.70622
2.70622
2.70622
2.70622
2.70621
2.70621
2.70621
2.70621
2.70621
2.70621
2.70621
2.70621
2.70621
2.7062
2.7062
2.7062
2.7062
2.70619
2.70618
2.70617
2.70617
2.70617
2.70617
2.70617
2.70616
2.70616
2.70616
2.70616
2.70616
2.70616
2.70616
2.70616
2.70616
2.70615
2.70614
2.70614
2.70614
2.70614
2.70614
2.70614
2.70614
2.70613
2.70613
2.70612
2.70611
2.7061
2.7061
2.7061
2.7061
2.7061
2.70609
2.70609
2.70609
2.70609
2.70609
2.70609
2.70609
2.70607
2.70606
2.70606
2.70606
2.70606
2.70606
2.70605
2.70605
2.70605
2.70605
2.70605
2.70605
2.70605
2.70605
2.70605
2.70604
2.70604
2.70604
2.70604
2.70604
2.70604
2.70602
2.70601
2.70601
2.70601
2.70601
2.70601
2.706
2.706
2.706
2.706
2.706
2.706
2.706
2.706
2.70599
2.70599
2.70598
2.70598
2.70598
2.70597
2.70597
2.70597
2.70597
2.70597
2.70597
2.70597
2.70597
2.70597
2.70596
2.70596
2.70596
2.70596
2.70596
2.70596
2.70596
2.70596
2.70596
2.70596
2.70595
2.70595
2.70594
2.70593
2.70593
2.70593
2.70593
2.70593
2.70593
2.70593
2.70592
2.7059
2.70589
2.70589
2.70589
2.70589
2.70589
2.70589
2.70589
2.70588
2.70588
2.70588
2.70588
2.70588
2.70588
2.70588
2.70588
2.70588
2.70587
2.70585
2.70584
2.70584
2.70584
2.70584
2.70584
2.70584
2.70583
2.70583
2.70583
2.70583
2.70583
2.70582
2.7058
2.7058
2.7058
2.7058
2.70579
2.70579
2.70579
2.70579
2.70579
2.70579
2.70577
2.70576
2.70576
2.70576
2.70576
2.70575
2.70575
2.70575
2.70575
2.70575
2.70575
2.70575
2.70575
2.70575
2.70574
2.70574
2.70574
2.70574
2.70573
2.70571
2.70571
2.70571
2.7057
2.7057
2.7057
2.7057
2.7057
2.70569
2.70567
2.70567
2.70566
2.70566
2.70566
2.70566
2.70566
2.70566
2.70566
2.70566
2.70565
2.70565
2.70565
2.70565
2.70565
2.70565
2.70564
2.70563
2.70563
2.70563
2.70563
2.70563
2.70563
2.70562
2.70562
2.70562
2.70562
2.70562
2.70562
2.70562
2.70561
2.7056
2.7056
2.70559
2.70559
2.70559
2.70559
2.70559
2.70559
2.70559
2.70559
2.70559
2.70558
2.70557
2.70557
2.70557
2.70557
2.70556
2.70556
2.70556
2.70556
2.70556
2.70556
2.70556
2.70556
2.70555
2.70555
2.70555
2.70554
2.70553
2.70553
2.70553
2.70552
2.70552
2.70552
2.70552
2.70552
2.70552
2.70552
2.70552
2.70552
2.70551
2.70551
2.70551
2.70551
2.70551
2.70551
2.70551
2.70551
2.70551
2.7055
2.7055
2.7055
2.70548
2.70544
2.70543
2.70543
2.70543
2.70543
2.70543
2.70543
2.70542
2.70541
2.70541
2.70541
2.7054
2.7054
2.7054
2.7054
2.7054
2.70539
2.70539
2.70539
2.70538
2.70538
2.70538
2.70538
2.70538
2.70538
2.70538
2.70537
2.70536
2.70535
2.70535
2.70535
2.70535
2.70535
2.70535
2.70534
2.70534
2.70534
2.70534
2.70532
2.7053
2.7053
2.7053
2.70529
2.70529
2.70529
2.70529
2.70529
2.70529
2.70529
2.70529
2.70528
2.70528
2.70526
2.70525
2.70525
2.70525
2.70525
2.70525
2.70525
2.70524
2.70524
2.70524
2.70524
2.70524
2.70524
2.70524
2.70524
2.70524
2.70523
2.70523
2.70523
2.70523
2.70523
2.70521
2.70521
2.70521
2.7052
2.7052
2.7052
2.7052
2.7052
2.7052
2.7052
2.70519
2.70518
2.70518
2.70517
2.70517
2.70517
2.70517
2.70517
2.70517
2.70517
2.70517
2.70516
2.70516
2.70516
2.70516
2.70516
2.70516
2.70516
2.70516
2.70516
2.70515
2.70515
2.70515
2.70515
2.70515
2.70515
2.70515
2.70515
2.70515
2.70514
2.70514
2.70514
2.70514
2.70513
2.70512
2.70512
2.70512
2.70512
2.70512
2.70512
2.70511
2.70511
2.7051
2.70509
2.70509
2.70509
2.70509
2.70509
2.70509
2.70509
2.70509
2.70508
2.70508
2.70508
2.70508
2.70508
2.70508
2.70508
2.70508
2.70508
2.70507
2.70507
2.70506
2.70506
2.70505
2.70505
2.70505
2.70505
2.70505
2.70505
2.70504
2.70504
2.70504
2.70504
2.70502
2.70501
2.70501
2.705
2.705
2.705
2.705
2.705
2.705
2.705
2.705
2.70499
2.70499
2.70499
2.70497
2.70496
2.70495
2.70495
2.70495
2.70495
2.70495
2.70495
2.70494
2.70494
2.70494
2.70494
2.70494
2.70493
2.70492
2.70492
2.70492
2.70491
2.70491
2.70491
2.70491
2.70491
2.70491
2.70491
2.70491
2.7049
2.7049
2.7049
2.7049
2.7049
2.7049
2.7049
2.7049
2.7049
2.70489
2.70489
2.70489
2.70489
2.70488
2.70488
2.70487
2.70487
2.70487
2.70487
2.70487
2.70487
2.70487
2.70486
2.70485
2.70483
2.70483
2.70482
2.70482
2.70482
2.70482
2.70482
2.70482
2.70482
2.70482
2.70482
2.70481
2.70481
2.70481
2.7048
2.70479
2.70479
2.70479
2.70479
2.70479
2.70479
2.70478
2.70478
2.70478
2.70478
2.70478
2.70478
2.70478
2.70478
2.70478
2.70477
2.70477
2.70477
2.70477
2.70477
2.70476
2.70474
2.70473
2.70473
2.70473
2.70473
2.70473
2.70473
2.70473
2.70473
2.70472
2.70472
2.70472
2.70472
2.70472
2.70472
2.70472
2.70472
2.70472
2.70471
2.70471
2.70471
2.70471
2.7047
2.70469
2.70468
2.70468
2.70468
2.70468
2.70467
2.70467
2.70467
2.70467
2.70467
2.70467
2.70467
2.70467
2.70467
2.70466
2.70465
2.70464
2.70464
2.70464
2.70463
2.70463
2.70463
2.70463
2.70463
2.70463
2.70463
2.70463
2.70463
2.70462
2.70462
2.70461
2.7046
2.70459
2.70459
2.70459
2.70459
2.70459
2.70459
2.70458
2.70458
2.70458
2.70458
2.70458
2.70458
2.70458
2.70458
2.70458
2.70457
2.70457
2.70457
2.70457
2.70457
2.70457
2.70457
2.70457
2.70457
2.70456
2.70455
2.70453
2.70453
2.70453
2.70453
2.70453
2.70452
2.70452
2.70452
2.70452
2.70452
2.70452
2.70452
2.70452
2.70451
2.70451
2.7045
2.7045
2.7045
2.7045
2.7045
2.7045
2.7045
2.7045
2.70449
2.70449
2.70449
2.70448
2.70448
2.70447
2.70447
2.70447
2.70447
2.70447
2.70447
2.70447
2.70447
2.70446
2.70446
2.70446
2.70446
2.70446
2.70446
2.70446
2.70445
2.70445
2.70444
2.70444
2.70444
2.70444
2.70444
2.70444
2.70444
2.70443
2.70443
2.70443
2.70443
2.70442
2.70442
2.70441
2.70441
2.70441
2.70441
2.70441
2.70441
2.70441
2.7044
2.7044
2.7044
2.70438
2.70437
2.70437
2.70437
2.70437
2.70436
2.70436
2.70436
2.70436
2.70436
2.70436
2.70436
2.70436
2.70436
2.70435
2.70435
2.70435
2.70434
2.70433
2.70432
2.70432
2.70432
2.70432
2.70432
2.70432
2.70431
2.70431
2.70431
2.70431
2.70431
2.70431
2.70431
2.70431
2.70431
2.7043
2.70429
2.70428
2.70428
2.70428
2.70428
2.70427
2.70427
2.70427
2.70427
2.70427
2.70427
2.70427
2.70427
2.70427
2.70426
2.70426
2.70426
2.70426
2.70426
2.70425
2.70424
2.70424
2.70424
2.70424
2.70424
2.70424
2.70424
2.70423
2.70423
2.70423
2.70423
2.70423
2.70423
2.70423
2.70423
2.70423
2.70422
2.70422
2.70422
2.70419
2.70418
2.70418
2.70418
2.70418
2.70418
2.70418
2.70417
2.70417
2.70417
2.70417
2.70416
2.70416
2.70415
2.70415
2.70415
2.70415
2.70415
2.70415
2.70415
2.70415
2.70414
2.70414
2.70414
2.70414
2.70414
2.70411
2.70411
2.7041
2.7041
2.7041
2.7041
2.7041
2.7041
2.7041
2.70409
2.70409
2.70408
2.70408
2.70408
2.70408
2.70407
2.70407
2.70407
2.70407
2.70407
2.70407
2.70407
2.70407
2.70407
2.70406
2.70406
2.70406
2.70406
2.70405
2.70403
2.70402
2.70402
2.70402
2.70402
2.70402
2.70402
2.70401
2.70401
2.70401
2.70401
2.70401
2.70401
2.70401
2.704
2.70399
2.70398
2.70398
2.70398
2.70398
2.70398
2.70398
2.70398
2.70398
2.70397
2.70397
2.70397
2.70397
2.70397
2.70397
2.70396
2.70395
2.70395
2.70395
2.70395
2.70395
2.70395
2.70394
2.70394
2.70394
2.70394
2.70394
2.70394
2.70393
2.70392
2.70392
2.70392
2.70392
2.70392
2.70392
2.70391
2.70391
2.70391
2.70391
2.70391
2.70391
2.70391
2.70391
2.70391
2.7039
2.7039
2.7039
2.7039
2.7039
2.7039
2.7039
2.7039
2.7039
2.70389
2.70389
2.70387
2.70386
2.70386
2.70386
2.70385
2.70385
2.70385
2.70385
2.70385
2.70385
2.70385
2.70384
2.70384
2.70383
2.70383
2.70383
2.70383
2.70383
2.70383
2.70383
2.70382
2.70382
2.70382
2.70382
2.70381
2.7038
2.7038
2.70379
2.70379
2.70379
2.70379
2.70379
2.70379
2.70379
2.70379
2.70378
2.70378
2.70378
2.70378
2.70378
2.70378
2.70378
2.70377
2.70376
2.70376
2.70376
2.70376
2.70376
2.70376
2.70376
2.70375
2.70375
2.70375
2.70375
2.70374
2.70374
2.70373
2.70373
2.70373
2.70373
2.70373
2.70373
2.70372
2.7037
2.7037
2.7037
2.7037
2.70369
2.70369
2.70369
2.70369
2.70369
2.70369
2.70369
2.70369
2.70369
2.70368
2.70368
2.70367
2.70366
2.70366
2.70366
2.70366
2.70366
2.70365
2.70365
2.70365
2.70365
2.70365
2.70365
2.70364
2.70363
2.70362
2.70362
2.70362
2.70362
2.70362
2.70362
2.70362
2.70361
2.7036
2.7036
2.70359
2.70359
2.70359
2.70359
2.70359
2.70359
2.70359
2.70359
2.70358
2.70358
2.70358
2.70358
2.70358
2.70358
2.70358
2.70358
2.70358
2.70357
2.70357
2.70357
2.70356
2.70356
2.70356
2.70356
2.70356
2.70355
2.70355
2.70355
2.70355
2.70355
2.70353
2.70353
2.70352
2.70352
2.70351
2.7035
2.7035
2.7035
2.70349
2.70349
2.70349
2.70349
2.70349
2.70349
2.70349
2.70349
2.70347
2.70346
2.70346
2.70346
2.70346
2.70346
2.70345
2.70345
2.70345
2.70345
2.70345
2.70345
2.70345
2.70345
2.70344
2.70344
2.70343
2.70343
2.70343
2.70343
2.70343
2.70343
2.70342
2.70342
2.70342
2.70342
2.70342
2.70342
2.70341
2.70341
2.7034
2.7034
2.7034
2.7034
2.7034
2.70339
2.70339
2.70339
2.70339
2.70338
2.70338
2.70338
2.70337
2.70337
2.70337
2.70337
2.70337
2.70337
2.70334
2.70333
2.70333
2.70332
2.70332
2.70332
2.70332
2.70332
2.70332
2.70332
2.70332
2.70331
2.70331
2.70331
2.70331
2.7033
2.7033
2.70329
2.70329
2.70329
2.70329
2.70329
2.70329
2.70328
2.70328
2.70328
2.70327
2.70327
2.70327
2.70327
2.70326
2.70326
2.70326
2.70326
2.70326
2.70326
2.70326
2.70326
2.70326
2.70325
2.70325
2.70325
2.70325
2.70325
2.70325
2.70325
2.70325
2.70325
2.70324
2.70324
2.70324
2.70324
2.70324
2.70324
2.70324
2.70323
2.70322
2.70322
2.70322
2.70322
2.70322
2.70321
2.70321
2.70321
2.70321
2.70321
2.70321
2.70321
2.70321
2.70321
2.7032
2.7032
2.7032
2.7032
2.70319
2.70318
2.70318
2.70318
2.70318
2.70318
2.70317
2.70317
2.70317
2.70317
2.70317
2.70316
2.70315
2.70315
2.70315
2.70315
2.70315
2.70315
2.70314
2.70314
2.70314
2.70314
2.70314
2.70314
2.70312
2.7031
2.7031
2.7031
2.70309
2.70309
2.70309
2.70309
2.70309
2.70309
2.70309
2.70309
2.70309
2.70308
2.70308
2.70308
2.70308
2.70305
2.70304
2.70304
2.70304
2.70304
2.70304
2.70303
2.70303
2.70303
2.70303
2.70303
2.70303
2.70302
2.70301
2.70301
2.70301
2.703
2.703
2.703
2.703
2.703
2.703
2.703
2.70299
2.70298
2.70298
2.70298
2.70298
2.70298
2.70297
2.70297
2.70297
2.70297
2.70297
2.70297
2.70296
2.70295
2.70295
2.70295
2.70295
2.70295
2.70295
2.70294
2.70294
2.70294
2.70294
2.70293
2.70292
2.70292
2.70292
2.70292
2.70292
2.70292
2.70292
2.70291
2.70291
2.70291
2.70291
2.70291
2.70291
2.7029
2.7029
2.70289
2.70289
2.70289
2.70289
2.70289
2.70289
2.70289
2.70288
2.70288
2.70288
2.70286
2.70285
2.70285
2.70285
2.70285
2.70285
2.70285
2.70285
2.70284
2.70284
2.70284
2.70284
2.70284
2.70284
2.70284
2.70284
2.70283
2.70282
2.70282
2.70282
2.70282
2.70282
2.70281
2.70281
2.70281
2.70281
2.70281
2.70281
2.70281
2.70281
2.70281
2.70279
2.70278
2.70278
2.70277
2.70277
2.70277
2.70277
2.70277
2.70277
2.70277
2.70277
2.70276
2.70276
2.70276
2.70276
2.70276
2.70276
2.70276
2.70275
2.70274
2.70274
2.70274
2.70274
2.70274
2.70274
2.70274
2.70273
2.70273
2.70273
2.70273
2.70273
2.70273
2.70273
2.70273
2.70273
2.70272
2.70272
2.70272
2.70272
2.70272
2.70272
2.70272
2.70272
2.70272
2.7027
2.70268
2.70267
2.70267
2.70267
2.70267
2.70267
2.70267
2.70267
2.70267
2.70266
2.70266
2.70266
2.70266
2.70265
2.70264
2.70264
2.70264
2.70264
2.70264
2.70263
2.70263
2.70263
2.70263
2.70263
2.70263
2.70263
2.70263
2.70263
2.70262
2.70262
2.70262
2.70262
2.70262
2.70262
2.70262
2.70262
2.7026
2.70259
2.70259
2.70259
2.70258
2.70258
2.70258
2.70258
2.70258
2.70258
2.70258
2.70258
2.70258
2.70257
2.70257
2.70257
2.70257
2.70257
2.70256
2.70254
2.70254
2.70254
2.70254
2.70253
2.70253
2.70253
2.70253
2.70253
2.70253
2.70251
2.70251
2.7025
2.7025
2.7025
2.7025
2.7025
2.7025
2.7025
2.7025
2.70249
2.70248
2.70246
2.70246
2.70245
2.70245
2.70245
2.70245
2.70245
2.70245
2.70245
2.70244
2.70244
2.70244
2.70244
2.70244
2.70244
2.70243
2.7024
2.70239
2.70239
2.70239
2.70239
2.70238
2.70238
2.70238
2.70238
2.70238
2.70238
2.70238
2.70238
2.70238
2.70237
2.70237
2.70236
2.70236
2.70236
2.70236
2.70236
2.70235
2.70235
2.70235
2.70235
2.70235
2.70235
2.70235
2.70235
2.70235
2.70234
2.70234
2.70234
2.70234
2.70234
2.70234
2.70234
2.70234
2.70234
2.70233
2.70233
2.70233
2.70233
2.70233
2.70233
2.70233
2.70233
2.70233
2.70233
2.70232
2.70232
2.70232
2.70231
2.70229
2.70229
2.70229
2.70229
2.70229
2.70228
2.70228
2.70228
2.70228
2.70228
2.70228
2.70228
2.70228
2.70228
2.70227
2.70227
2.70227
2.70225
2.70223
2.70223
2.70223
2.70223
2.70222
2.70222
2.70222
2.70222
2.70222
2.70222
2.70222
2.70222
2.70221
2.7022
2.7022
2.7022
2.7022
2.7022
2.7022
2.70219
2.70219
2.70219
2.70219
2.70219
2.70219
2.70219
2.70219
2.70218
2.70218
2.70217
2.70217
2.70217
2.70217
2.70217
2.70217
2.70216
2.70216
2.70216
2.70216
2.70216
2.70216
2.70216
2.70216
2.70216
2.70215
2.70215
2.70215
2.70215
2.70215
2.70214
2.70214
2.70213
2.70213
2.70213
2.70213
2.70213
2.70213
2.70213
2.70212
2.70212
2.70212
2.70212
2.70212
2.70212
2.70212
2.70212
2.70211
2.70211
2.7021
2.7021
2.7021
2.70209
2.70209
2.70209
2.70209
2.70209
2.70209
2.70209
2.70209
2.70209
2.70208
2.70208
2.70208
2.70208
2.70208
2.70207
2.70206
2.70205
2.70205
2.70205
2.70205
2.70205
2.70205
2.70204
2.70204
2.70204
2.70203
2.70203
2.70203
2.70203
2.70203
2.70203
2.70203
2.70203
2.70202
2.70202
2.70202
2.70202
2.70202
2.70202
2.70201
2.70201
2.702
2.702
2.702
2.702
2.702
2.702
2.702
2.702
2.70199
2.70199
2.70198
2.70198
2.70198
2.70198
2.70197
2.70197
2.70197
2.70197
2.70197
2.70197
2.70197
2.70196
2.70195
2.70195
2.70195
2.70195
2.70195
2.70195
2.70195
2.70194
2.70194
2.70194
2.70194
2.70194
2.70194
2.70193
2.70191
2.7019
2.7019
2.7019
2.7019
2.7019
2.7019
2.70189
2.70189
2.70189
2.70189
2.70189
2.70188
2.70188
2.70187
2.70187
2.70187
2.70187
2.70187
2.70187
2.70187
2.70187
2.70186
2.70184
2.70184
2.70183
2.70183
2.70183
2.70183
2.70182
2.70182
2.70181
2.70181
2.70181
2.70181
2.70181
2.70181
2.70181
2.70181
2.7018
2.7018
2.7018
2.7018
2.7018
2.7018
2.7018
2.7018
2.70179
2.70179
2.70178
2.70178
2.70178
2.70178
2.70178
2.70178
2.70178
2.70177
2.70177
2.70177
2.70177
2.70177
2.70177
2.70177
2.70177
2.70175
2.70174
2.70174
2.70173
2.70173
2.70173
2.70173
2.70173
2.70173
2.70173
2.70173
2.70172
2.70172
2.70172
2.70172
2.70172
2.7017
2.70169
2.70169
2.70169
2.70169
2.70169
2.70169
2.70168
2.70168
2.70168
2.70168
2.70168
2.70168
2.70168
2.70168
2.70168
2.70167
2.70167
2.70166
2.70166
2.70166
2.70166
2.70165
2.70165
2.70165
2.70165
2.70165
2.70165
2.70165
2.70165
2.70164
2.70164
2.70164
2.70164
2.70162
2.70162
2.70161
2.70161
2.70161
2.70161
2.70161
2.70161
2.70161
2.7016
2.70158
2.70157
2.70157
2.70157
2.70157
2.70157
2.70157
2.70157
2.70156
2.70156
2.70155
2.70155
2.70154
2.70154
2.70154
2.70154
2.70154
2.70154
2.70153
2.70153
2.70153
2.70153
2.70153
2.70153
2.70153
2.70153
2.70152
2.70151
2.70151
2.70151
2.70151
2.70151
2.70151
2.7015
2.7015
2.7015
2.7015
2.7015
2.7015
2.7015
2.7015
2.70148
2.70147
2.70147
2.70147
2.70147
2.70146
2.70146
2.70146
2.70146
2.70146
2.70146
2.70145
2.70144
2.70144
2.70143
2.70143
2.70143
2.70143
2.70143
2.70143
2.70143
2.70143
2.70142
2.70142
2.70141
2.70141
2.7014
2.7014
2.7014
2.7014
2.7014
2.7014
2.7014
2.7014
2.70139
2.70139
2.70139
2.70139
2.70139
2.70138
2.70137
2.70137
2.70137
2.70136
2.70136
2.70136
2.70136
2.70136
2.70136
2.70136
2.70136
2.70135
2.70135
2.70135
2.70135
2.70135
2.70135
2.70135
2.70135
2.70135
2.70134
2.70134
2.70134
2.70134
2.70134
2.70134
2.70134
2.70134
2.70134
2.70133
2.70133
2.70132
2.70132
2.70132
2.70131
2.70131
2.70131
2.70131
2.70131
2.70131
2.70131
2.70131
2.70131
2.7013
2.7013
2.7013
2.7013
2.70129
2.70128
2.70128
2.70128
2.70128
2.70128
2.70128
2.70127
2.70127
2.70127
2.70127
2.70127
2.70127
2.70127
2.70127
2.70127
2.70126
2.70126
2.70124
2.70123
2.70122
2.70122
2.70122
2.70122
2.70122
2.70122
2.70122
2.70121
2.70121
2.7012
2.7012
2.7012
2.70119
2.70119
2.70119
2.70119
2.70119
2.70119
2.70119
2.70119
2.70119
2.70118
2.70118
2.70118
2.70118
2.70118
2.70118
2.70118
2.70117
2.70116
2.70116
2.70116
2.70116
2.70116
2.70116
2.70115
2.70114
2.70114
2.70114
2.70114
2.70113
2.70113
2.70113
2.70113
2.70113
2.70113
2.70113
2.70113
2.70113
2.70112
2.70112
2.70109
2.70109
2.70108
2.70108
2.70108
2.70108
2.70108
2.70108
2.70107
2.70107
2.70107
2.70107
2.70107
2.70107
2.70107
2.70105
2.70104
2.70104
2.70104
2.70103
2.70103
2.70103
2.70103
2.70103
2.70103
2.70103
2.70103
2.70103
2.70102
2.70101
2.70101
2.701
2.701
2.701
2.701
2.701
2.701
2.701
2.701
2.70099
2.70099
2.70099
2.70098
2.70098
2.70098
2.70097
2.70097
2.70097
2.70097
2.70097
2.70097
2.70097
2.70097
2.70096
2.70094
2.70093
2.70093
2.70093
2.70093
2.70093
2.70093
2.70092
2.70092
2.70092
2.70092
2.70092
2.70092
2.70092
2.70092
2.70092
2.70091
2.70091
2.7009
2.7009
2.7009
2.7009
2.70089
2.70089
2.70089
2.70089
2.70089
2.70089
2.70089
2.70089
2.70089
2.70088
2.70088
2.70088
2.70088
2.70088
2.70088
2.70088
2.70088
2.70088
2.70087
2.70087
2.70087
2.70087
2.70087
2.70087
2.70086
2.70084
2.70083
2.70083
2.70083
2.70083
2.70082
2.70081
2.7008
2.70079
2.70079
2.70079
2.70079
2.70079
2.70079
2.70078
2.70078
2.70078
2.70078
2.70076
2.70075
2.70075
2.70075
2.70075
2.70075
2.70074
2.70074
2.70074
2.70074
2.70074
2.70074
2.70074
2.70071
2.7007
2.7007
2.7007
2.70069
2.70069
2.70069
2.70069
2.70069
2.70069
2.70068
2.70067
2.70067
2.70066
2.70066
2.70066
2.70066
2.70066
2.70066
2.70066
2.70066
2.70065
2.70064
2.70064
2.70064
2.70063
2.70063
2.70063
2.70063
2.70063
2.70063
2.70063
2.70063
2.70062
2.70061
2.70061
2.70061
2.7006
2.7006
2.7006
2.7006
2.7006
2.7006
2.7006
2.7006
2.7006
2.70058
2.70056
2.70056
2.70056
2.70055
2.70055
2.70055
2.70055
2.70055
2.70053
2.70052
2.70052
2.70052
2.70052
2.70052
2.70052
2.70052
2.70052
2.70051
2.70051
2.70051
2.7005
2.70049
2.70049
2.70049
2.70049
2.70049
2.70048
2.70048
2.70048
2.70048
2.70048
2.70047
2.70046
2.70045
2.70045
2.70045
2.70045
2.70045
2.70045
2.70044
2.70044
2.70044
2.70044
2.70044
2.70044
2.70042
2.70041
2.70041
2.70041
2.70041
2.70041
2.70041
2.70041
2.70041
2.7004
2.7004
2.7004
2.70039
2.70038
2.70038
2.70038
2.70038
2.70038
2.70037
2.70037
2.70037
2.70037
2.70037
2.70037
2.70037
2.70036
2.70035
2.70035
2.70035
2.70035
2.70035
2.70034
2.70034
2.70034
2.70034
2.70034
2.70034
2.70034
2.70033
2.70032
2.70031
2.70031
2.70031
2.70031
2.70031
2.70031
2.70031
2.7003
2.7003
2.7003
2.7003
2.7003
2.7003
2.7003
2.7003
2.70028
2.70027
2.70027
2.70027
2.70027
2.70027
2.70027
2.70027
2.70026
2.70026
2.70026
2.70026
2.70026
2.70025
2.70024
2.70024
2.70024
2.70024
2.70024
2.70024

