2.7
2.7
2.7
2.7
2.7
2.69999
2.69999
2.69999
2.69999
2.69999
2.69999
2.69999
2.69999
2.69999
2.69998
2.69998
2.69998
2.69998
2.69998
2.69998
2.69998
2.69998
2.69998
2.69997
2.69997
2.69997
2.69997
2.69997
2.69997
2.69997
2.69997
2.69997
2.69997
2.69996
2.69996
2.69996
2.69996
2.69996
2.69996
2.69996
2.69994
2.69992
2.69992
2.69991
2.69991
2.69991
2.69991
2.69991
2.69991
2.69991
2.69991
2.69991
2.6999
2.6999
2.6999
2.69988
2.69987
2.69987
2.69987
2.69987
2.69987
2.69986
2.69986
2.69986
2.69986
2.69986
2.69986
2.69986
2.69986
2.69986
2.69985
2.69985
2.69983
2.69982
2.69982
2.69982
2.69982
2.69982
2.69982
2.69981
2.69981
2.69981
2.6998
2.6998
2.69979
2.69979
2.69979
2.69979
2.69979
2.69979
2.69979
2.69979
2.69979
2.69978
2.69977
2.69976
2.69976
2.69976
2.69975
2.69975
2.69975
2.69975
2.69975
2.69975
2.69975
2.69974
2.69974
2.69973
2.69973
2.69973
2.69973
2.69973
2.69973
2.69973
2.69972
2.69972
2.69972
2.69972
2.69972
2.69972
2.69971
2.6997
2.6997
2.6997
2.6997
2.69969
2.69969
2.69969
2.69969
2.69969
2.69969
2.69969
2.69969
2.69969
2.69968
2.69968
2.69968
2.69968
2.69968
2.69968
2.69968
2.69968
2.69968
2.69967
2.69967
2.69967
2.69967
2.69967
2.69966
2.69965
2.69965
2.69965
2.69964
2.69964
2.69964
2.69964
2.69964
2.69964
2.69964
2.69964
2.69964
2.69963
2.69962
2.69962
2.69962
2.69962
2.69962
2.69961
2.69961
2.69961
2.69961
2.69961
2.69961
2.69961
2.69961
2.69961
2.6996
2.6996
2.6996
2.6996
2.6996
2.6996
2.6996
2.6996
2.69958
2.69957
2.69956
2.69956
2.69956
2.69956
2.69956
2.69956
2.69956
2.69956
2.69955
2.69955
2.69955
2.69955
2.69955
2.69954
2.69954
2.69953
2.69953
2.69953
2.69953
2.69953
2.69952
2.69952
2.69952
2.69952
2.69952
2.69952
2.69952
2.69952
2.69952
2.69951
2.69951
2.69951
2.6995
2.69948
2.69948
2.69948
2.69948
2.69948
2.69948
2.69948
2.69947
2.69947
2.69946
2.69946
2.69945
2.69945
2.69945
2.69945
2.69945
2.69945
2.69945
2.69945
2.69944
2.69944
2.69944
2.69944
2.69943
2.69943
2.69942
2.69942
2.69942
2.69942
2.69942
2.69942
2.69942
2.69942
2.69941
2.69941
2.6994
2.6994
2.69939
2.69939
2.69939
2.69939
2.69939
2.69939
2.69938
2.69938
2.69938
2.69938
2.69938
2.69938
2.69938
2.69938
2.69938
2.69938
2.69935
2.69935
2.69934
2.69934
2.69934
2.69934
2.69934
2.69933
2.69933
2.69933
2.69933
2.69933
2.69933
2.69932
2.69932
2.69931
2.69931
2.69931
2.69931
2.69931
2.69931
2.69931
2.6993
2.6993
2.6993
2.6993
2.6993
2.6993
2.6993
2.69928
2.69927
2.69927
2.69926
2.69926
2.69926
2.69926
2.69926
2.69926
2.69926
2.69926
2.69925
2.69924
2.69922
2.69921
2.69921
2.69921
2.69921
2.69921
2.6992
2.6992
2.6992
2.6992
2.6992
2.6992
2.6992
2.6992
2.6992
2.69919
2.69917
2.69916
2.69916
2.69916
2.69916
2.69916
2.69915
2.69915
2.69915
2.69915
2.69915
2.69915
2.69915
2.69914
2.69913
2.69913
2.69913
2.69913
2.69912
2.69912
2.69912
2.69912
2.69912
2.69912
2.69912
2.69912
2.69912
2.69911
2.69911
2.69911
2.6991
2.69909
2.69908
2.69908
2.69908
2.69907
2.69907
2.69907
2.69907
2.69907
2.69907
2.69907
2.69907
2.69907
2.69906
2.69906
2.69906
2.69906
2.69906
2.69906
2.69906
2.69906
2.69906
2.69905
2.69904
2.69904
2.69904
2.69904
2.69904
2.69903
2.69903
2.69903
2.69903
2.69903
2.69902
2.69901
2.69901
2.69901
2.699
2.699
2.699
2.699
2.699
2.699
2.699
2.699
2.699
2.69899
2.69899
2.69899
2.69899
2.69899
2.69899
2.69896
2.69895
2.69895
2.69895
2.69895
2.69895
2.69895
2.69895
2.69894
2.69894
2.69894
2.69894
2.69894
2.69894
2.69894
2.69894
2.69892
2.69891
2.6989
2.6989
2.6989
2.6989
2.6989
2.6989
2.69889
2.69889
2.69889
2.69889
2.69889
2.69889
2.69889
2.69889
2.69889
2.69888
2.69888
2.69888
2.69888
2.69887
2.69887
2.69886
2.69886
2.69886
2.69886
2.69886
2.69886
2.69886
2.69886
2.69886
2.69885
2.69885
2.69883
2.69882
2.69882
2.69882
2.69882
2.69882
2.69881
2.69881
2.69881
2.69881
2.69881
2.69881
2.69881
2.69881
2.6988
2.69878
2.69878
2.69877
2.69877
2.69877
2.69877
2.69877
2.69877
2.69877
2.69876
2.69876
2.69876
2.69876
2.69875
2.69874
2.69874
2.69873
2.69873
2.69873
2.69873
2.69873
2.69873
2.69873
2.69873
2.69872
2.69869
2.69869
2.69869
2.69869
2.69869
2.69868
2.69868
2.69868
2.69868
2.69868
2.69868
2.69868
2.69868
2.69867
2.69866
2.69866
2.69865
2.69865
2.69865
2.69865
2.69865
2.69865
2.69865
2.69865
2.69864
2.69864
2.69864
2.69864
2.69864
2.69864
2.69863
2.69861
2.69861
2.6986
2.6986
2.6986
2.6986
2.6986
2.6986
2.6986
2.6986
2.6986
2.69859
2.69859
2.69859
2.69859
2.69858
2.69857
2.69857
2.69857
2.69856
2.69856
2.69856
2.69856
2.69856
2.69856
2.69856
2.69856
2.69855
2.69855
2.69855
2.69854
2.69853
2.69852
2.69852
2.69852
2.69852
2.69852
2.69851
2.69851
2.69851
2.69851
2.69851
2.69851
2.69851
2.6985
2.69849
2.69849
2.69849
2.69849
2.69849
2.69849
2.69849
2.69847
2.69846
2.69846
2.69846
2.69846
2.69845
2.69845
2.69845
2.69845
2.69845
2.69845
2.69845
2.69845
2.69845
2.69844
2.69844
2.69844
2.69844
2.69844
2.69844
2.69844
2.69844
2.69844
2.69844
2.69843
2.69843
2.69841
2.69841
2.6984
2.6984
2.6984
2.6984
2.6984
2.6984
2.6984
2.6984
2.69839
2.69839
2.69839
2.69839
2.69839
2.69839
2.69839
2.69839
2.69839
2.69838
2.69838
2.69838
2.69838
2.69838
2.69838
2.69838
2.69838
2.69838
2.69837
2.69837
2.69837
2.69836
2.69836
2.69836
2.69835
2.69835
2.69835
2.69835
2.69835
2.69835
2.69835
2.69835
2.69835
2.69834
2.69832
2.69831
2.69831
2.69831
2.69831
2.69831
2.69831
2.69831
2.69831
2.6983
2.6983
2.6983
2.6983
2.69829
2.69828
2.69828
2.69828
2.69828
2.69828
2.69828
2.69827
2.69827
2.69827
2.69827
2.69826
2.69826
2.69825
2.69825
2.69825
2.69825
2.69825
2.69825
2.69825
2.69825
2.69824
2.69823
2.69823
2.69823
2.69823
2.69823
2.69823
2.69822
2.69822
2.69822
2.69822
2.69822
2.69822
2.69822
2.69822
2.6982
2.69819
2.69819
2.69819
2.69819
2.69819
2.69819
2.69818
2.69818
2.69818
2.69818
2.69818
2.69818
2.69818
2.69818
2.69818
2.69817
2.69817
2.69817
2.69817
2.69817
2.69817
2.69817
2.69817
2.69817
2.69816
2.69816
2.69816
2.69816
2.69816
2.69816
2.69816
2.69816
2.69816
2.69815
2.69815
2.69815
2.69815
2.69813
2.69813
2.69812
2.69812
2.69812
2.69812
2.69812
2.69812
2.69812
2.69811
2.69811
2.69811
2.69811
2.69811
2.69811
2.69811
2.69809
2.69809
2.69808
2.69808
2.69808
2.69808
2.69808
2.69808
2.69808
2.69807
2.69807
2.69807
2.69805
2.69804
2.69804
2.69804
2.69804
2.69804
2.69804
2.69804
2.69803
2.69803
2.69803
2.69803
2.69803
2.69803
2.69803
2.69803
2.69803
2.69802
2.69801
2.698
2.698
2.698
2.69799
2.69799
2.69799
2.69799
2.69799
2.69799
2.69799
2.69799
2.69799
2.69798
2.69798
2.69798
2.69798
2.69798
2.69798
2.69798
2.69797
2.69797
2.69796
2.69796
2.69796
2.69796
2.69796
2.69796
2.69795
2.69795
2.69795
2.69795
2.69794
2.69792
2.69792
2.69792
2.69792
2.69792
2.69791
2.69791
2.69791
2.69791
2.69791
2.69791
2.69791
2.69791
2.69791
2.6979
2.69789
2.69789
2.69789
2.69789
2.69789
2.69789
2.69789
2.69788
2.69788
2.69788
2.69788
2.69788
2.69788
2.69788
2.69788
2.69788
2.69786
2.69785
2.69784
2.69784
2.69784
2.69784
2.69784
2.69784
2.69784
2.69784
2.69783
2.69783
2.69783
2.69783
2.69782
2.69781
2.69781
2.6978
2.6978
2.6978
2.6978
2.6978
2.6978
2.69778
2.69777
2.69776
2.69776
2.69776
2.69776
2.69776
2.69776
2.69776
2.69776
2.69775
2.69775
2.69775
2.69775
2.69775
2.69775
2.69775
2.69775
2.69775
2.69774
2.69773
2.69773
2.69773
2.69773
2.69772
2.69772
2.69772
2.69772
2.69772
2.69772
2.69772
2.69772
2.69772
2.69771
2.69771
2.69771
2.69771
2.69771
2.69771
2.69771
2.69771
2.69771
2.6977
2.6977
2.69767
2.69767
2.69767
2.69766
2.69766
2.69766
2.69766
2.69766
2.69766
2.69766
2.69766
2.69765
2.69765
2.69765
2.69765
2.69765
2.69765
2.69765
2.69764
2.69763
2.69763
2.69762
2.69762
2.69762
2.69762
2.69762
2.69762
2.69762
2.69762
2.69762
2.69761
2.69761
2.6976
2.6976
2.6976
2.6976
2.6976
2.6976
2.69759
2.69759
2.69759
2.69759
2.69757
2.69756
2.69755
2.69755
2.69755
2.69755
2.69755
2.69755
2.69755
2.69754
2.69754
2.69754
2.69754
2.69754
2.69754
2.69754
2.69754
2.69753
2.69752
2.69752
2.69751
2.69751
2.69751
2.69751
2.69751
2.69751
2.69751
2.69751
2.69751
2.6975
2.6975
2.6975
2.6975
2.6975
2.6975
2.6975
2.6975
2.6975
2.69749
2.69749
2.69749
2.69749
2.69749
2.69749
2.69749
2.69749
2.69749
2.69748
2.69748
2.69748
2.69748
2.69748
2.69747
2.69746
2.69746
2.69746
2.69746
2.69746
2.69745
2.69745
2.69745
2.69745
2.69745
2.69745
2.69745
2.69744
2.69743
2.69742
2.69742
2.69742
2.69742
2.69742
2.69741
2.69741
2.69741
2.69741
2.69741
2.69741
2.69741
2.6974
2.6974
2.69739
2.69739
2.69739
2.69739
2.69739
2.69738
2.69738
2.69738
2.69737
2.69736
2.69736
2.69736
2.69736
2.69736
2.69736
2.69736
2.69735
2.69735
2.69735
2.69735
2.69734
2.69732
2.69731
2.69731
2.69731
2.69731
2.69731
2.69731
2.6973
2.6973
2.6973
2.69729
2.69728
2.69727
2.69727
2.69727
2.69727
2.69727
2.69726
2.69726
2.69726
2.69726
2.69725
2.69725
2.69725
2.69724
2.69724
2.69724
2.69724
2.69724
2.69724
2.69724
2.69724
2.69723
2.69721
2.69721
2.6972
2.6972
2.6972
2.6972
2.6972
2.6972
2.6972
2.6972
2.6972
2.69719
2.69719
2.69719
2.69719
2.69719
2.69719
2.69719
2.69718
2.69717
2.69717
2.69717
2.69717
2.69717
2.69716
2.69716
2.69716
2.69716
2.69714
2.69713
2.69713
2.69712
2.69712
2.69712
2.69712
2.69712
2.69712
2.69712
2.69712
2.69712
2.6971
2.69709
2.69708
2.69708
2.69708
2.69708
2.69708
2.69708
2.69708
2.69707
2.69707
2.69707
2.69707
2.69707
2.69706
2.69705
2.69704
2.69704
2.69704
2.69704
2.69704
2.69704
2.69703
2.69703
2.69703
2.69703
2.69703
2.69703
2.69702
2.69702
2.69701
2.69701
2.69701
2.69701
2.69701
2.69701
2.69701
2.69701
2.7062
2.70746
2.70746
2.70745
2.70745
2.70745
2.70745
2.70745
2.70745
2.70742
2.70741
2.70741
2.70741
2.70741
2.7074
2.7074
2.7074
2.7074
2.7074
2.7074
2.7074
2.70739
2.70738
2.70737
2.70737
2.70737
2.70737
2.70737
2.70737
2.70737
2.70736
2.70736
2.70736
2.70736
2.70736
2.70736
2.70736
2.70736
2.70736
2.70735
2.70735
2.70735
2.70735
2.70735
2.70735
2.70735
2.70735
2.70735
2.70734
2.70734
2.70734
2.70734
2.70734
2.70734
2.70734
2.70734
2.70734
2.70734
2.70733
2.70733
2.70733
2.70733
2.70733
2.70733
2.70731
2.7073
2.7073
2.70729
2.70729
2.70729
2.70729
2.70729
2.70729
2.70729
2.70729
2.70727
2.70725
2.70725
2.70725
2.70724
2.70724
2.70724
2.70724
2.70724
2.70724
2.70724
2.70724
2.70724
2.70723
2.70723
2.70723
2.70723
2.70723
2.70722
2.7072
2.70719
2.70719
2.70719
2.70719
2.70719
2.70719
2.70719
2.70719
2.70718
2.70718
2.70717
2.70716
2.70716
2.70716
2.70716
2.70716
2.70715
2.70715
2.70715
2.70715
2.70715
2.70715
2.70715
2.70714
2.70714
2.70713
2.70713
2.70713
2.70713
2.70713
2.70713
2.70712
2.70712
2.70712
2.70712
2.70712
2.70712
2.70712
2.70712
2.70709
2.70708
2.70707
2.70707
2.70707
2.70707
2.70707
2.70707
2.70707
2.70707
2.70706
2.70706
2.70705
2.70705
2.70704
2.70704
2.70704
2.70704
2.70704
2.70704
2.70704
2.70703
2.70703
2.70703
2.70703
2.70702
2.70702
2.70702
2.70702
2.70701
2.70701
2.70701
2.70701
2.70701
2.70701
2.70701
2.70701
2.70701
2.707
2.707
2.707
2.707
2.707
2.707
2.707
2.707
2.707
2.707
2.70699
2.70699
2.70699
2.70699
2.70699
2.70699
2.70699
2.70699
2.70699
2.70698
2.70697
2.70697
2.70696
2.70696
2.70696
2.70696
2.70696
2.70696
2.70696
2.70696
2.70695
2.70695
2.70695
2.70695
2.70695
2.70695
2.70695
2.70694
2.70693
2.70693
2.70693
2.70693
2.70692
2.70692
2.70692
2.70692
2.70692
2.70692
2.70692
2.70691
2.70691
2.7069
2.7069
2.7069
2.7069
2.7069
2.7069
2.7069
2.70689
2.70689
2.70689
2.70689
2.70689
2.70689
2.70689
2.70689
2.70689
2.70688
2.70688
2.70688
2.70688
2.70688
2.70688
2.70688
2.70688
2.70688
2.70687
2.70685
2.70685
2.70684
2.70684
2.70684
2.70684
2.70684
2.70684
2.70684
2.70683
2.70683
2.70683
2.70683
2.70683
2.70682
2.70682
2.70681
2.70681
2.70681
2.70681
2.70681
2.70681
2.70681
2.70681
2.7068
2.70679
2.70679
2.70678
2.70678
2.70678
2.70678
2.70678
2.70678
2.70678
2.70678
2.70678
2.70677
2.70677
2.70675
2.70673
2.70673
2.70673
2.70673
2.70673
2.70672
2.70672
2.70672
2.70672
2.70672
2.70672
2.70672
2.70672
2.70672
2.70671
2.7067
2.7067
2.7067
2.7067
2.7067
2.7067
2.7067
2.70669
2.70669
2.70669
2.70669
2.70669
2.70669
2.70669
2.70669
2.70669
2.70668
2.70668
2.70668
2.70667
2.70667
2.70666
2.70666
2.70666
2.70666
2.70666
2.70666
2.70665
2.70662
2.70661
2.70661
2.70661
2.70661
2.70661
2.7066
2.7066
2.7066
2.7066
2.7066
2.7066
2.70658
2.70657
2.70657
2.70657
2.70657
2.70657
2.70656
2.70656
2.70656
2.70656
2.70656
2.70656
2.70656
2.70656
2.70656
2.70655
2.70655
2.70655
2.70655
2.70655
2.70655
2.70655
2.70654
2.70652
2.70651
2.70651
2.70651
2.70651
2.70651
2.70651
2.70651
2.70651
2.7065
2.7065
2.7065
2.7065
2.7065
2.7065
2.7065
2.7065
2.7065
2.70649
2.70649
2.70649
2.70649
2.70649
2.70649
2.70649
2.70649
2.70649
2.70648
2.70648
2.70648
2.70648
2.70648
2.70648
2.70648
2.70648
2.70648
2.70647
2.70647
2.70647
2.70647
2.70647
2.70644
2.70643
2.70643
2.70643
2.70643
2.70643
2.70642
2.70642
2.70642
2.70642
2.70642
2.70642
2.70642
2.70642
2.70642
2.70641
2.70641
2.70641
2.70641
2.70641
2.70637
2.70636
2.70636
2.70636
2.70635
2.70635
2.70635
2.70635
2.70635
2.70635
2.70635
2.70634
2.70632
2.70631
2.70631
2.70631
2.70631
2.7063
2.7063
2.7063
2.7063
2.7063
2.70628
2.70627
2.70627
2.70626
2.70626
2.70626
2.70626
2.70626
2.70626
2.70626
2.70626
2.70625
2.70625
2.70625
2.70624
2.70624
2.70624
2.70624
2.70623
2.70623
2.70623
2.70623
2.70623
2.70623
2.70623
2.70623
2.70623
2.70622
2.70622
2.70621
2.70621
2.70621
2.70621
2.70621
2.7062
2.7062
2.7062
2.7062
2.7062
2.7062
2.7062
2.7062
2.7062
2.70618
2.70617
2.70616
2.70616
2.70616
2.70616
2.70616
2.70616
2.70616
2.70616
2.70615
2.70615
2.70615
2.70615
2.70615
2.70615
2.70615
2.70615
2.70614
2.70613
2.70612
2.70612
2.70612
2.70612
2.70612
2.70611
2.70611
2.70611
2.70611
2.70611
2.70611
2.70611
2.7061
2.70609
2.70609
2.70609
2.70609
2.70608
2.70608
2.70608
2.70608
2.70608
2.70608
2.70608
2.70608
2.70608
2.70607
2.70607
2.70607
2.70606
2.70605
2.70605
2.70605
2.70604
2.70604
2.70604
2.70604
2.70604
2.70604
2.70604
2.70604
2.70604
2.70603
2.70603
2.70602
2.70602
2.70601
2.70601
2.70601
2.70601
2.70601
2.70601
2.70601
2.706
2.706
2.706
2.706
2.706
2.706
2.706
2.70597
2.70596
2.70596
2.70596
2.70595
2.70595
2.70595
2.70595
2.70595
2.70595
2.70594
2.70593
2.70592
2.70592
2.70592
2.70592
2.70592
2.70591
2.70591
2.70591
2.70591
2.70591
2.70591
2.7059
2.7059
2.70589
2.70589
2.70589
2.70589
2.70589
2.70589
2.70588
2.70588
2.70588
2.70588
2.70588
2.70588
2.70588
2.70588
2.70587
2.70585
2.70585
2.70584
2.70584
2.70584
2.70584
2.70584
2.70584
2.70584
2.70584
2.70583
2.70582
2.70582
2.70582
2.70582
2.70582
2.70582
2.70581
2.70581
2.70581
2.7058
2.7058
2.7058
2.70579
2.70579
2.70579
2.70579
2.70579
2.70579
2.70579
2.70579
2.70578
2.70578
2.70578
2.70577
2.70575
2.70575
2.70575
2.70575
2.70575
2.70575
2.70574
2.70574
2.70574
2.70574
2.70574
2.70574
2.70573
2.70572
2.70572
2.70571
2.70571
2.70571
2.70571
2.70571
2.70571
2.70571
2.70571
2.70571
2.70569
2.70568
2.70568
2.70568
2.70568
2.70568
2.70567
2.70567
2.70567
2.70567
2.70567
2.70567
2.70567
2.70567
2.70567
2.70566
2.70566
2.70566
2.70566
2.70566
2.70566
2.70566
2.70566
2.70566
2.70565
2.70564
2.70564
2.70564
2.70564
2.70564
2.70563
2.70563
2.70563
2.70563
2.70563
2.70563
2.70563
2.70563
2.70563
2.70562
2.70561
2.70561
2.70561
2.70561
2.7056
2.7056
2.7056
2.7056
2.7056
2.7056
2.7056
2.70559
2.70558
2.70558
2.70558
2.70558
2.70558
2.70558
2.70557
2.70557
2.70557
2.70557
2.70557
2.70557
2.70557
2.70557
2.70557
2.70556
2.70556
2.70556
2.70556
2.70556
2.70556
2.70556
2.70556
2.70556
2.70555
2.70554
2.70552
2.70552
2.70552
2.70552
2.70552
2.70552
2.70551
2.70551
2.70551
2.70551
2.70551
2.70551
2.7055
2.7055
2.70549
2.70549
2.70549
2.70549
2.70549
2.70549
2.70549
2.70549
2.70549
2.70548
2.70548
2.70548
2.70548
2.70547
2.70547
2.70546
2.70546
2.70546
2.70546
2.70546
2.70546
2.70546
2.70545
2.70545
2.70545
2.70545
2.70545
2.70545
2.70545
2.70545
2.70543
2.70542
2.70542
2.70541
2.70541
2.70541
2.70541
2.70541
2.70541
2.70541
2.70538
2.70537
2.70537
2.70537
2.70537
2.70537
2.70537
2.70537
2.70536
2.70536
2.70535
2.70534
2.70534
2.70534
2.70534
2.70534
2.70533
2.70533
2.70533
2.70533
2.70533
2.70533
2.70533
2.70533
2.70533
2.70532
2.70532
2.70532
2.70532
2.70532
2.70531
2.7053
2.7053
2.70529
2.70529
2.70529
2.70529
2.70529
2.70529
2.70529
2.70529
2.70529
2.70528
2.70528
2.70526
2.70525
2.70525
2.70525
2.70525
2.70525
2.70525
2.70524
2.70524
2.70524
2.70524
2.70524
2.70524
2.70524
2.70524
2.70524
2.70523
2.70523
2.70523
2.70523
2.70523
2.70523
2.70522
2.70521
2.70521
2.70521
2.70521
2.70521
2.70521
2.70521
2.7052
2.7052
2.7052
2.7052
2.7052
2.70519
2.70519
2.70518
2.70518
2.70518
2.70518
2.70518
2.70518
2.70518
2.70518
2.70517
2.70517
2.70517
2.70517
2.70517
2.70517
2.70517
2.70517
2.70517
2.70516
2.70516
2.70513
2.70513
2.70512
2.70512
2.70512
2.70512
2.70512
2.70512
2.70512
2.70512
2.70511
2.70511
2.70511
2.70511
2.70511
2.7051
2.7051
2.70509
2.70509
2.70509
2.70509
2.70509
2.70509
2.70509
2.70509
2.70508
2.70508
2.70508
2.70508
2.70508
2.70508
2.70506
2.70505
2.70505
2.70505
2.70505
2.70505
2.70504
2.70504
2.70504
2.70504
2.70504
2.70504
2.70504
2.70504
2.70504
2.70503
2.70503
2.70503
2.70503
2.70503
2.70503
2.70502
2.705
2.705
2.705
2.705
2.705
2.705
2.70499
2.70499
2.70499
2.70499
2.70499
2.70499
2.70499
2.70499
2.70499
2.70497
2.70496
2.70495
2.70495
2.70495
2.70495
2.70495
2.70495
2.70495
2.70495
2.70494
2.70494
2.70493
2.70492
2.70492
2.70492
2.70492
2.70491
2.70491
2.70491
2.70491
2.70486
2.70485
2.70485
2.70485
2.70485
2.70485
2.70485
2.70485
2.70484
2.70484
2.70484
2.70482
2.70481
2.70481
2.70481
2.70481
2.70481
2.70481
2.7048
2.7048
2.7048
2.7048
2.7048
2.7048
2.7048
2.7048
2.7048
2.70479
2.70479
2.70479
2.70479
2.70479
2.70479
2.70479
2.70478
2.70477
2.70477
2.70477
2.70476
2.70476
2.70476
2.70476
2.70476
2.70475
2.70474
2.70474
2.70474
2.70474
2.70473
2.70473
2.70473
2.70473
2.70473
2.70473
2.70472
2.70471
2.70471
2.70471
2.70471
2.70471
2.70471
2.7047
2.70469
2.70467
2.70467
2.70466
2.70466
2.70466
2.70466
2.70466
2.70466
2.70466
2.70466
2.70465
2.70465
2.70463
2.70462
2.70462
2.70462
2.70462
2.70462
2.70462
2.70462
2.70461
2.70461
2.7046
2.7046
2.7046
2.70459
2.70459
2.70459
2.70459
2.70459
2.70459
2.70458
2.70457
2.70457
2.70457
2.70457
2.70456
2.70456
2.70456
2.70456
2.70456
2.70456
2.70456
2.70456
2.70456
2.70455
2.70455
2.70455
2.70453
2.70452
2.70452
2.70451
2.70451
2.70451
2.70451
2.70451
2.70451
2.70451
2.70451
2.7045
2.7045
2.7045
2.7045
2.7045
2.7045
2.7045
2.7045
2.7045
2.70449
2.70449
2.70449
2.70449
2.70449
2.70449
2.70449
2.70449
2.70449
2.70449
2.70448
2.70448
2.70448
2.70448
2.70446
2.70445
2.70445
2.70445
2.70444
2.70444
2.70444
2.70444
2.70444
2.70444
2.70444
2.70444
2.70442
2.70441
2.70441
2.70441
2.70441
2.70441
2.7044
2.7044
2.7044
2.7044
2.7044
2.7044
2.7044
2.70439
2.70439
2.70438
2.70438
2.70438
2.70438
2.70438
2.70438
2.70437
2.70437
2.70436
2.70435
2.70434
2.70434
2.70434
2.70433
2.70433
2.70433
2.70433
2.70433
2.70431
2.70431
2.70431
2.70431
2.7043
2.7043
2.7043
2.7043
2.7043
2.7043
2.7043
2.7043
2.7043
2.70429
2.70429
2.70429
2.70429
2.70429
2.70429
2.70429
2.70428
2.70427
2.70427
2.70427
2.70427
2.70426
2.70426
2.70426
2.70426
2.70426
2.70426
2.70426
2.70426
2.70426
2.70425
2.70425
2.70425
2.70425
2.70425
2.70425
2.70425
2.70425
2.70424
2.70423
2.70423
2.70423
2.70423
2.70422
2.7042
2.70419
2.70419
2.70419
2.70419
2.70418
2.70418
2.70418
2.70418
2.70418
2.70418
2.70418
2.70418
2.70418
2.70417
2.70417
2.70417
2.70417
2.70416
2.70416
2.70415
2.70415
2.70415
2.70415
2.70415
2.70415
2.70415
2.70415
2.70414
2.70414
2.70414
2.70414
2.70414
2.70411
2.7041
2.7041
2.7041
2.7041
2.70409
2.70409
2.70409
2.70409
2.70409
2.70409
2.70409
2.70409
2.70409
2.70408
2.70408
2.70408
2.70408
2.70408
2.70408
2.70408
2.70408
2.70408
2.70407
2.70405
2.70405
2.70404
2.70404
2.70404
2.70404
2.70404
2.70404
2.70403
2.70403
2.70403
2.70403
2.70403
2.70403
2.70401
2.704
2.704
2.704
2.70399
2.70399
2.70399
2.70399
2.70399
2.70399
2.70399
2.70399
2.70399
2.70397
2.70396
2.70396
2.70396
2.70396
2.70396
2.70395
2.70395
2.70395
2.70395
2.70395
2.70395
2.70395
2.70395
2.70393
2.70392
2.70392
2.70391
2.70391
2.70391
2.70391
2.70391
2.70391
2.70391
2.70391
2.70391
2.7039
2.7039
2.7039
2.7039
2.7039
2.7039
2.7039
2.7039
2.7039
2.70387
2.70386
2.70386
2.70385
2.70385
2.70385
2.70385
2.70385
2.70385
2.70385
2.70385
2.70383
2.70382
2.70382
2.70382
2.70381
2.70381
2.70381
2.70381
2.70381
2.70381
2.70381
2.7038
2.70379
2.70379
2.70379
2.70379
2.70379
2.70379
2.70378
2.70378
2.70378
2.70378
2.70377
2.70377
2.70376
2.70376
2.70376
2.70376
2.70376
2.70376
2.70376
2.70374
2.70373
2.70373
2.70373
2.70373
2.70373
2.70373
2.70373
2.70372
2.70372
2.70372
2.70372
2.70372
2.70372
2.70372
2.70372
2.70372
2.70371
2.70371
2.70371
2.7037
2.70369
2.70369
2.70369
2.70369
2.70369
2.70369
2.70368
2.70368
2.70368
2.70368
2.70368
2.70368
2.70368
2.70368
2.70368
2.70367
2.70367
2.70367
2.70366
2.70365
2.70364
2.70364
2.70364
2.70364
2.70364
2.70364
2.70363
2.70363
2.70362
2.70361
2.70361
2.70361
2.70361
2.70361
2.70361
2.7036
2.7036
2.7036
2.7036
2.7036
2.7036
2.7036
2.7036
2.70359
2.70358
2.70358
2.70358
2.70358
2.70358
2.70357
2.70357
2.70357
2.70357
2.70357
2.70357
2.70354
2.70354
2.70354
2.70354
2.70353
2.70353
2.70353
2.70353
2.70353
2.70353
2.70353
2.70348
2.70347
2.70347
2.70347
2.70347
2.70347
2.70347
2.70346
2.70346
2.70346
2.70346
2.70346
2.70345
2.70344
2.70344
2.70344
2.70344
2.70344
2.70344
2.70343
2.70343
2.70343
2.70342
2.70341
2.7034
2.7034
2.7034
2.7034
2.7034
2.7034
2.7034
2.70339
2.70339
2.70339
2.70339
2.70339
2.70339
2.70339
2.70339
2.70339
2.70338
2.70338
2.70338
2.70338
2.70338
2.70336
2.70336
2.70336
2.70336
2.70335
2.70335
2.70335
2.70335
2.70335
2.70335
2.70335
2.70335
2.70335
2.70334
2.70334
2.70334
2.70334
2.70333
2.70331
2.70331
2.7033
2.7033
2.7033
2.7033
2.7033
2.7033
2.7033
2.7033
2.70329
2.70329
2.70329
2.70329
2.70329
2.70329
2.70329
2.70329
2.70329
2.70328
2.70328
2.70327
2.70326
2.70325
2.70325
2.70325
2.70325
2.70325
2.70325
2.70325
2.70325
2.70324
2.70324
2.70324
2.70322
2.70322
2.70321
2.70321
2.70321
2.70321
2.70321
2.70321
2.70321
2.70321
2.7032
2.7032
2.7032
2.70318
2.70317
2.70317
2.70317
2.70317
2.70316
2.70316
2.70316
2.70316
2.70316
2.70316
2.70316
2.70316
2.70316
2.70315
2.70315
2.70315
2.70315
2.70314
2.70313
2.70313
2.70313
2.70312
2.70312
2.70312
2.70312
2.70312
2.70312
2.70312
2.70312
2.70312
2.70311
2.70311
2.70311
2.70311
2.70311
2.70311
2.70311
2.70309
2.70308
2.70307
2.70306
2.70304
2.70304
2.70304
2.70303
2.70303
2.70303
2.70303
2.70303
2.70303
2.70303
2.70303
2.70303
2.70302
2.70302
2.703
2.70299
2.70299
2.70299
2.70298
2.70298
2.70298
2.70298
2.70298
2.70298
2.70298
2.70296
2.70295
2.70294
2.70294
2.70294
2.70294
2.70294
2.70294
2.70294
2.70293
2.70293
2.70292
2.70291
2.70291
2.70291
2.7029
2.7029
2.7029
2.70289
2.70287
2.70287
2.70287
2.70287
2.70286
2.70286
2.70286
2.70286
2.70286
2.70286
2.70286
2.70286
2.70286
2.70285
2.70285
2.70284
2.70284
2.70284
2.70284
2.70284
2.70283
2.70283
2.70283
2.70283
2.70283
2.70283
2.70283
2.70282
2.70279
2.70278
2.70278
2.70278
2.70278
2.70278
2.70278
2.70278
2.70277
2.70277
2.70277
2.70277
2.70276
2.70275
2.70274
2.70274
2.70274
2.70274
2.70273
2.70273
2.70273
2.70273
2.70273
2.70273
2.70273
2.70273
2.70273
2.70272
2.70272
2.70272
2.70272
2.70271
2.70271
2.7027
2.7027
2.7027
2.7027
2.7027
2.7027
2.7027
2.7027
2.7027
2.70269
2.70269
2.70269
2.70269
2.70268
2.70267
2.70267
2.70267
2.70267
2.70267
2.70266
2.70266
2.70266
2.70266
2.70266
2.70265
2.70263
2.70263
2.70263
2.70262
2.70262
2.70262
2.70262
2.70262
2.70262
2.70262
2.70261
2.70258
2.70257
2.70257
2.70257
2.70257
2.70256
2.70256
2.70256
2.70256
2.70256
2.70256
2.70256
2.70255
2.70254
2.70254
2.70254
2.70254
2.70254
2.70253
2.70253
2.70253
2.70253
2.70253
2.70253
2.70252
2.70251
2.70251
2.70251
2.70251
2.7025
2.7025
2.7025
2.7025
2.7025
2.7025
2.7025
2.70249
2.70249
2.70248
2.70248
2.70248
2.70248
2.70248
2.70248
2.70248
2.70247
2.70247
2.70246
2.70246
2.70246
2.70245
2.70245
2.70245
2.70245

