2.7
2.7
2.7
2.7
2.7
2.69999
2.69999
2.69999
2.69999
2.69999
2.69999
2.69999
2.69999
2.69999
2.69998
2.69998
2.69998
2.69998
2.69998
2.69997
2.69996
2.69996
2.69996
2.69996
2.69996
2.69995
2.69995
2.69995
2.69995
2.69995
2.69995
2.69995
2.69995
2.69995
2.69994
2.69994
2.69994
2.69994
2.69994
2.69994
2.69994
2.69994
2.69994
2.69993
2.69993
2.69993
2.69993
2.69993
2.69993
2.69993
2.69993
2.69993
2.69992
2.69992
2.69992
2.69992
2.69992
2.69992
2.69992
2.69992
2.69992
2.69991
2.69991
2.69991
2.69991
2.69991
2.69991
2.69991
2.69991
2.69991
2.69991
2.6999
2.6999
2.6999
2.6999
2.6999
2.6999
2.6999
2.6999
2.6999
2.69989
2.69989
2.69989
2.69989
2.69989
2.69989
2.69989
2.69989
2.69989
2.69988
2.69988
2.69988
2.69988
2.69988
2.69988
2.69988
2.69988
2.69988
2.69987
2.69987
2.69987
2.69987
2.69987
2.69987
2.69987
2.69987
2.69987
2.69986
2.69986
2.69986
2.69985
2.69985
2.69985
2.69984
2.69984
2.69984
2.69984
2.69984
2.69984
2.69984
2.69984
2.69984
2.69983
2.69983
2.69983
2.69983
2.69983
2.69983
2.69983
2.69983
2.69983
2.69982
2.69982
2.69982
2.69982
2.69982
2.69982
2.69982
2.69982
2.69982
2.69982
2.69981
2.69981
2.69981
2.69981
2.69981
2.69981
2.69981
2.69981
2.69981
2.6998
2.6998
2.6998
2.6998
2.6998
2.6998
2.6998
2.6998
2.6998
2.69979
2.69979
2.69979
2.69979
2.69979
2.69979
2.69979
2.69979
2.69979
2.69978
2.69978
2.69978
2.69978
2.69978
2.69978
2.69978
2.69978
2.69978
2.69977
2.69977
2.69977
2.69977
2.69977
2.69977
2.69977
2.69977
2.69977
2.69976
2.69976
2.69976
2.69976
2.69976
2.69976
2.69976
2.69976
2.69976
2.69976
2.69975
2.69975
2.69975
2.69975
2.69975
2.69975
2.69975
2.69975
2.69975
2.69974
2.69974
2.69974
2.69974
2.69974
2.69974
2.69974
2.69974
2.69974
2.69973
2.69973
2.69973
2.69973
2.69973
2.69973
2.69973
2.69973
2.69973
2.69972
2.69972
2.69972
2.69972
2.69972
2.69972
2.69972
2.69972
2.69972
2.69971
2.69971
2.69971
2.69971
2.69971
2.69971
2.69971
2.69971
2.69971
2.6997
2.6997
2.6997
2.6997
2.6997
2.6997
2.6997
2.6997
2.6997
2.69969
2.69969
2.69969
2.69969
2.69969
2.69969
2.69969
2.69969
2.69969
2.69969
2.69968
2.69968
2.69968
2.69968
2.69968
2.69968
2.69968
2.69968
2.69968
2.69967
2.69967
2.69967
2.69967
2.69967
2.69967
2.69967
2.69967
2.69967
2.69966
2.69966
2.69966
2.69966
2.69966
2.69966
2.69966
2.69966
2.69966
2.69965
2.69965
2.69965
2.69965
2.69965
2.69965
2.69965
2.69965
2.69965
2.69964
2.69964
2.69964
2.69964
2.69964
2.69964
2.69964
2.69964
2.69964
2.69963
2.69963
2.69963
2.69963
2.69963
2.69963
2.69963
2.69963
2.69963
2.69963
2.69962
2.69962
2.69962
2.69962
2.69962
2.69962
2.69962
2.69962
2.69962
2.69961
2.69961
2.69961
2.69961
2.69961
2.69961
2.69961
2.69961
2.69961
2.6996
2.6996
2.6996
2.6996
2.6996
2.6996
2.6996
2.6996
2.6996
2.69959
2.69959
2.69959
2.69959
2.69959
2.69959
2.69959
2.69959
2.69959
2.69958
2.69958
2.69958
2.69958
2.69958
2.69958
2.69958
2.69958
2.69958
2.69957
2.69957
2.69957
2.69957
2.69957
2.69957
2.69957
2.69957
2.69957
2.69957
2.69956
2.69956
2.69956
2.69956
2.69956
2.69956
2.69956
2.69956
2.69956
2.69955
2.69955
2.69955
2.69955
2.69955
2.69955
2.69955
2.69955
2.69955
2.69954
2.69954
2.69954
2.69954
2.69954
2.69954
2.69954
2.69954
2.69954
2.69953
2.69953
2.69953
2.69953
2.69953
2.69953
2.69953
2.69953
2.69953
2.69952
2.69952
2.69952
2.69952
2.69952
2.69952
2.69951
2.69951
2.69951
2.6995
2.6995
2.6995
2.6995
2.6995
2.6995
2.6995
2.69949
2.69949
2.69949
2.69949
2.69949
2.69949
2.69949
2.69949
2.69949
2.69947
2.69946
2.69946
2.69946
2.69946
2.69946
2.69945
2.69945
2.69945
2.69945
2.69945
2.69945
2.69945
2.69945
2.69945
2.69944
2.69944
2.69943
2.69943
2.69943
2.69943
2.69942
2.69942
2.69942
2.69942
2.69942
2.69942
2.69942
2.69942
2.69942
2.69941
2.69941
2.69941
2.69941
2.69941
2.69941
2.69941
2.69941
2.69938
2.69938
2.69938
2.69937
2.69937
2.69937
2.69937
2.69937
2.69937
2.69937
2.69937
2.69937
2.69936
2.69936
2.69936
2.69936
2.69936
2.69936
2.69936
2.69936
2.69936
2.69935
2.69935
2.69935
2.69935
2.69935
2.69935
2.69935
2.69933
2.69933
2.69932
2.69932
2.69932
2.69932
2.69932
2.69932
2.69932
2.69932
2.69931
2.69931
2.69931
2.69931
2.69931
2.69931
2.69931
2.69931
2.69929
2.69928
2.69928
2.69928
2.69928
2.69927
2.69927
2.69927
2.69927
2.69927
2.69927
2.69927
2.69927
2.69927
2.69926
2.69926
2.69925
2.69923
2.69923
2.69923
2.69922
2.69922
2.69922
2.69922
2.69922
2.69922
2.69922
2.69922
2.69922
2.69921
2.69921
2.69921
2.69921
2.69921
2.69921
2.69921
2.69921
2.69921
2.69921
2.6992
2.6992
2.6992
2.6992
2.6992
2.6992
2.6992
2.6992
2.6992
2.69919
2.69919
2.69919
2.69919
2.69919
2.69919
2.69919
2.69919
2.69919
2.69918
2.69918
2.69918
2.69918
2.69918
2.69918
2.69918
2.69918
2.69917
2.69916
2.69916
2.69915
2.69915
2.69915
2.69915
2.69915
2.69915
2.69915
2.69915
2.69914
2.69914
2.69914
2.69914
2.69914
2.69914
2.69914
2.69914
2.69914
2.69913
2.69913
2.69913
2.69913
2.69913
2.69913
2.69913
2.69913
2.69913
2.69912
2.69912
2.69912
2.69912
2.69912
2.69912
2.69912
2.69912
2.69912
2.69912
2.69911
2.69911
2.69911
2.69911
2.69911
2.69911
2.69911
2.69911
2.69911
2.6991
2.6991
2.6991
2.6991
2.6991
2.6991
2.6991
2.6991
2.6991
2.69909
2.69909
2.69909
2.69909
2.69909
2.69909
2.69909
2.69909
2.69909
2.69908
2.69908
2.69908
2.69908
2.69908
2.69908
2.69908
2.69908
2.69908
2.69907
2.69907
2.69907
2.69907
2.69907
2.69907
2.69907
2.69907
2.69907
2.69906
2.69906
2.69906
2.69906
2.69906
2.69906
2.69906
2.69906
2.69906
2.69906
2.69905
2.69905
2.69905
2.69905
2.69905
2.69905
2.69905
2.69905
2.69905
2.69904
2.69904
2.69904
2.69904
2.69904
2.69904
2.69904
2.69904
2.69904
2.69903
2.69903
2.69903
2.69903
2.69903
2.69903
2.69903
2.69903
2.69903
2.69902
2.69902
2.69902
2.69902
2.69902
2.69902
2.69902
2.69902
2.69902
2.69901
2.69901
2.69901
2.69901
2.69901
2.69901
2.69901
2.69901
2.69901
2.699
2.699
2.699
2.699
2.699
2.699
2.699
2.69899
2.69898
2.69898
2.69898
2.69898
2.69898
2.69898
2.69897
2.69897
2.69897
2.69897
2.69897
2.69897
2.69897
2.69897
2.69897
2.69896
2.69896
2.69896
2.69895
2.69895
2.69895
2.69895
2.69895
2.69894
2.69894
2.69894
2.69894
2.69894
2.69894
2.69894
2.69894
2.69893
2.69892
2.69891
2.69891
2.69891
2.69891
2.69891
2.69891
2.6989
2.6989
2.6989
2.6989
2.6989
2.6989
2.6989
2.6989
2.6989
2.69889
2.69889
2.69889
2.69889
2.69889
2.69889
2.69889
2.69889
2.69889
2.69888
2.69888
2.69888
2.69888
2.69888
2.69888
2.69888
2.69888
2.69888
2.69887
2.69887
2.69887
2.69887
2.69887
2.69887
2.69887
2.69887
2.69887
2.69886
2.69886
2.69886
2.69886
2.69886
2.69886
2.69886
2.69886
2.69886
2.69885
2.69885
2.69885
2.69885
2.69885
2.69885
2.69885
2.69885
2.69885
2.69884
2.69884
2.69884
2.69884
2.69884
2.69884
2.69884
2.69884
2.69884
2.69884
2.69883
2.69883
2.69883
2.69883
2.69883
2.69883
2.69883
2.69883
2.69883
2.69882
2.69882
2.69882
2.69882
2.69882
2.69882
2.69882
2.69882
2.69882
2.69881
2.69881
2.69881
2.69881
2.69881
2.69881
2.69881
2.69881
2.69881
2.6988
2.6988
2.6988
2.6988
2.6988
2.6988
2.6988
2.6988
2.6988
2.69879
2.69879
2.69879
2.69879
2.69879
2.69879
2.69879
2.69879
2.69879
2.69878
2.69878
2.69878
2.69878
2.69878
2.69878
2.69878
2.69878
2.69878
2.69878
2.69877
2.69877
2.69877
2.69877
2.69877
2.69876
2.69875
2.69875
2.69875
2.69874
2.69874
2.69874
2.69874
2.69874
2.69874
2.69874
2.69874
2.69874
2.69873
2.69873
2.69873
2.69873
2.69873
2.69873
2.69873
2.69871
2.6987
2.6987
2.69869
2.69869
2.69869
2.69869
2.69869
2.69869
2.69869
2.69869
2.69869
2.69868
2.69868
2.69868
2.69868
2.69868
2.69868
2.69868
2.69868
2.69868
2.69867
2.69867
2.69867
2.69867
2.69867
2.69867
2.69867
2.69867
2.69867
2.69866
2.69866
2.69866
2.69864
2.69863
2.69863
2.69863
2.69862
2.69862
2.69862
2.69862
2.69862
2.69862
2.69862
2.69862
2.69862
2.69861
2.69861
2.69861
2.69861
2.69861
2.69861
2.69861
2.69861
2.69861
2.6986
2.6986
2.6986
2.6986
2.6986
2.6986
2.6986
2.6986
2.6986
2.69859
2.69859
2.69859
2.69859
2.69859
2.69859
2.69859
2.69859
2.69859
2.69858
2.69858
2.69858
2.69858
2.69858
2.69858
2.69858
2.69858
2.69858
2.69857
2.69857
2.69857
2.69857
2.69857
2.69857
2.69857
2.69857
2.69857
2.69856
2.69856
2.69855
2.69854
2.69853
2.69853
2.69853
2.69853
2.69853
2.69853
2.69853
2.69852
2.69852
2.69852
2.69852
2.69852
2.69852
2.69851
2.69851
2.6985
2.6985
2.6985
2.6985
2.6985
2.6985
2.6985
2.69849
2.69849
2.69849
2.69849
2.69849
2.69849
2.69849
2.69849
2.69848
2.69847
2.69846
2.69846
2.69846
2.69845
2.69845
2.69845
2.69845
2.69845
2.69845
2.69845
2.69845
2.69845
2.69845
2.69844
2.69844
2.69843
2.69842
2.69841
2.69841
2.69841
2.69841
2.69841
2.69841
2.69841
2.6984
2.6984
2.6984
2.6984
2.69838
2.69837
2.69837
2.69837
2.69837
2.69837
2.69837
2.69836
2.69836
2.69836
2.69836
2.69836
2.69836
2.69836
2.69836
2.69836
2.69835
2.69835
2.69834
2.69834
2.69833
2.69833
2.69833
2.69833
2.69833
2.69833
2.69833
2.69833
2.69833
2.69832
2.69832
2.69832
2.69832
2.69832
2.69832
2.69832
2.69832
2.69832
2.69831
2.69831
2.69831
2.69831
2.69831
2.69831
2.69831
2.69831
2.69831
2.6983
2.6983
2.6983
2.6983
2.6983
2.6983
2.6983
2.6983
2.6983
2.69829
2.69829
2.69829
2.69829
2.69829
2.69829
2.69829
2.69829
2.69829
2.69828
2.69828
2.69828
2.69828
2.69828
2.69828
2.69828
2.69828
2.69828
2.69827
2.69827
2.69824
2.69823
2.69823
2.69823
2.69822
2.69822
2.69822
2.69822
2.69822
2.69822
2.69822
2.69822
2.69822
2.69821
2.69821
2.69821
2.69821
2.69821
2.69821
2.69821
2.69821
2.69821
2.6982
2.6982
2.6982
2.6982
2.6982
2.6982
2.6982
2.6982
2.6982
2.69819
2.69819
2.69819
2.69819
2.69819
2.69819
2.69819
2.69819
2.69819
2.69819
2.69818
2.69818
2.69818
2.69818
2.69818
2.69818
2.69818
2.69818
2.69818
2.69817
2.69817
2.69817
2.69816
2.69815
2.69815
2.69815
2.69815
2.69815
2.69815
2.69814
2.69814
2.69814
2.69814
2.69814
2.69814
2.69814
2.69813
2.69812
2.69812
2.69812
2.69812
2.69812
2.69811
2.69811
2.69811
2.69811
2.69811
2.69811
2.69811
2.69811
2.69811
2.6981
2.6981
2.6981
2.6981
2.69809
2.69809
2.69809
2.69809
2.69808
2.69808
2.69808
2.69808
2.69808
2.69808
2.69808
2.69808
2.69807
2.69807
2.69807
2.69807
2.69807
2.69807
2.69807
2.69807
2.69807
2.69806
2.69806
2.69806
2.69806
2.69806
2.69806
2.69806
2.69806
2.69806
2.69806
2.69805
2.69805
2.69805
2.69805
2.69805
2.70535
2.70534
2.70534
2.70534
2.70534
2.70533
2.70533
2.70533
2.70533
2.70533
2.70533
2.70533
2.70533
2.70533
2.70532
2.70532
2.70532
2.70532
2.70532
2.70532
2.70532
2.70532
2.70532
2.70531
2.7053
2.70529
2.70528
2.70528
2.70528
2.70528
2.70528
2.70528
2.70528
2.70528
2.70527
2.70527
2.70527
2.70527
2.70527
2.70527
2.70527
2.70527
2.70527
2.70526
2.70526
2.70526
2.70526
2.70526
2.70526
2.70526
2.70526
2.70526
2.70525
2.70525
2.70525
2.70525
2.70525
2.70525
2.70525
2.70525
2.70525
2.70524
2.70524
2.70524
2.70524
2.70524
2.70524
2.70524
2.70524
2.70524
2.70524
2.70523
2.70523
2.70523
2.70523
2.70523
2.70523
2.70523
2.70523
2.70523
2.70522
2.70522
2.70522
2.70522
2.70522
2.70522
2.70522
2.70522
2.70522
2.70521
2.70521
2.70521
2.70521
2.70521
2.70521
2.70521
2.70521
2.70521
2.7052
2.7052
2.7052
2.7052
2.7052
2.7052
2.7052
2.7052
2.7052
2.70519
2.70519
2.70519
2.70519
2.70519
2.70519
2.70519
2.70519
2.70519
2.70518
2.70518
2.70518
2.70518
2.70518
2.70518
2.70518
2.70518
2.70518
2.70517
2.70517
2.70517
2.70517
2.70517
2.70517
2.70517
2.70517
2.70517
2.70516
2.70516
2.70516
2.70516
2.70516
2.70516
2.70516
2.70516
2.70516
2.70516
2.70515
2.70515
2.70515
2.70515
2.70515
2.70515
2.70515
2.70515
2.70515
2.70514
2.70514
2.70514
2.70514
2.70514
2.70514
2.70514
2.70514
2.70511
2.7051
2.7051
2.7051
2.7051
2.70509
2.70509
2.70509
2.70509
2.70509
2.70508
2.70507
2.70507
2.70506
2.70506
2.70506
2.70506
2.70506
2.70506
2.70506
2.70506
2.70506
2.70505
2.70505
2.70505
2.70505
2.70505
2.70505
2.70505
2.70505
2.70505
2.70504
2.70504
2.70504
2.70504
2.70504
2.70504
2.70504
2.70504
2.70501
2.705
2.705
2.705
2.70499
2.70499
2.70499
2.70499
2.70499
2.70499
2.70499
2.70499
2.70499
2.70498
2.70498
2.70498
2.70498
2.70498
2.70498
2.70498
2.70498
2.70497
2.70496
2.70496
2.70495
2.70495
2.70495
2.70495
2.70495
2.70495
2.70495
2.70495
2.70494
2.70494
2.70494
2.70494
2.70494
2.70494
2.70494
2.70494
2.70494
2.70493
2.70493
2.70493
2.70493
2.70493
2.70493
2.70493
2.7049
2.7049
2.70489
2.70489
2.70489
2.70489
2.70489
2.70489
2.70489
2.70489
2.70488
2.70488
2.70488
2.70488
2.70488
2.70488
2.70488
2.70488
2.70488
2.70487
2.70487
2.70487
2.70487
2.70487
2.70487
2.70487
2.70487
2.70487
2.70486
2.70486
2.70486
2.70486
2.70486
2.70486
2.70486
2.70486
2.70486
2.70485
2.70485
2.70485
2.70485
2.70485
2.70485
2.70485
2.70485
2.70485
2.70484
2.70484
2.70484
2.70484
2.70484
2.70484
2.70484
2.70484
2.70484
2.70483
2.70483
2.70483
2.70483
2.70483
2.70483
2.70483
2.70483
2.70483
2.70483
2.70482
2.70482
2.70482
2.70482
2.70482
2.70482
2.70482
2.70482
2.70482
2.70481
2.70481
2.70481
2.70481
2.70481
2.70481
2.70481
2.70481
2.70481
2.7048
2.7048
2.7048
2.7048
2.7048
2.7048
2.7048
2.70479
2.70478
2.70477
2.70477
2.70477
2.70477
2.70477
2.70477
2.70476
2.70473
2.70472
2.70472
2.70472
2.70472
2.70472
2.70472
2.70471
2.70471
2.70471
2.70471
2.70471
2.70471
2.70471
2.70471
2.70471
2.7047
2.7047
2.7047
2.70468
2.70467
2.70467
2.70467
2.70467
2.70466
2.70466
2.70466
2.70466
2.70466
2.70466
2.70466
2.70466
2.70466
2.70465
2.70465
2.70465
2.70465
2.70465
2.70465
2.70465
2.70465
2.70465
2.70464
2.70464
2.70464
2.70464
2.70464
2.70464
2.70464
2.70464
2.70464
2.70463
2.70463
2.70463
2.70463
2.70463
2.70463
2.70463
2.70463
2.70462
2.70461
2.70461
2.70461
2.70461
2.70461
2.70461
2.70461
2.7046
2.7046
2.7046
2.7046
2.7046
2.7046
2.7046
2.70458
2.70457
2.70457
2.70457
2.70457
2.70456
2.70456
2.70456
2.70456
2.70456
2.70456
2.70456
2.70456
2.70456
2.70455
2.70455
2.70455
2.70455
2.70455
2.70453
2.70453
2.70452
2.70452
2.70452
2.70452
2.70452
2.70452
2.70452
2.70452
2.70452
2.70451
2.70451
2.70451
2.70451
2.70451
2.70451
2.70451
2.70451
2.70451
2.7045
2.70449
2.70449
2.70448
2.70448
2.70448
2.70448
2.70448
2.70448
2.70448
2.70448
2.70447
2.70447
2.70447
2.70447
2.70447
2.70447
2.70446
2.70445
2.70445
2.70443
2.70443
2.70443
2.70442
2.70442
2.70442
2.70442
2.70442
2.70442
2.70441
2.7044
2.7044
2.7044
2.70439
2.70439
2.70439
2.70439
2.70439
2.70439
2.70439
2.70439
2.70439
2.70438
2.70438
2.70438
2.70438
2.70438
2.70438
2.70438
2.70438
2.70438
2.70438
2.70437
2.70437
2.70437
2.70437
2.70437
2.70437
2.70437
2.70437
2.70437
2.70436
2.70436
2.70436
2.70436
2.70436
2.70436
2.70436
2.70436
2.70436
2.70435
2.70435
2.70435
2.70435
2.70435
2.70435
2.70435
2.70435
2.70435
2.70434
2.70434
2.70433
2.70433
2.70432
2.70432
2.70432
2.70432
2.70432
2.70432
2.70432
2.70432
2.70431
2.70431
2.70431
2.70431
2.70431
2.70431
2.70431
2.70431
2.70431
2.70428
2.70427
2.70427
2.70427
2.70426
2.70426
2.70426
2.70426
2.70426
2.70426
2.70426
2.70426
2.70426
2.70425
2.70425
2.70425
2.70425
2.70425
2.70425
2.70425
2.70425
2.70425
2.70424
2.70424
2.70424
2.70424
2.70424
2.70424
2.70424
2.70424
2.70424
2.70423
2.70423
2.70423
2.70423
2.70423
2.70423
2.70423
2.70423
2.70423
2.70422
2.70422
2.70422
2.70422
2.70422
2.70422
2.70422
2.70422
2.70422
2.70422
2.70421
2.70421
2.70421
2.70421
2.70421
2.70421
2.70421
2.70421
2.70421
2.7042
2.7042
2.7042
2.7042
2.7042
2.7042
2.7042
2.7042
2.7042
2.70419
2.70419
2.70419
2.70419
2.70419
2.70419
2.70419
2.70419
2.70419
2.70418
2.70418
2.70418
2.70418
2.70418
2.70418
2.70418
2.70418
2.70418
2.70417
2.70417
2.70417
2.70417
2.70417
2.70417
2.70417
2.70417
2.70417
2.70416
2.70416
2.70416
2.70416
2.70416
2.70416
2.70416
2.70416
2.70416
2.70415
2.70415
2.70415
2.70415
2.70415
2.70415
2.70415
2.70415
2.70415
2.70415
2.70414
2.70414
2.70414
2.70414
2.70414
2.70414
2.70414
2.70414
2.70414
2.70413
2.70413
2.70413
2.70413
2.70413
2.70413
2.70413
2.70413
2.70413
2.70412
2.70412
2.70412
2.70412
2.70412
2.70412
2.70412
2.70412
2.70412
2.70411
2.70411
2.70411
2.70411
2.70411
2.70411
2.70411
2.70411
2.70411
2.7041
2.7041
2.7041
2.7041
2.7041
2.7041
2.7041
2.7041
2.7041
2.70409
2.70409
2.70409
2.70409
2.70409
2.70409
2.70409
2.70409
2.70409
2.70408
2.70408
2.70408
2.70408
2.70408
2.70408
2.70408
2.70408
2.70408
2.70408
2.70407
2.70407
2.70407
2.70407
2.70407
2.70407
2.70407
2.70407
2.70407
2.70406
2.70406
2.70406
2.70406
2.70406
2.70406
2.70406
2.70406
2.70406
2.70405
2.70405
2.70405
2.70405
2.70405
2.70405
2.70405
2.70405
2.70405
2.70404
2.70404
2.70404
2.70404
2.70404
2.70404
2.70404
2.70404
2.70404
2.70403
2.70403
2.70403
2.70403
2.70403
2.70403
2.70403
2.70403
2.70403
2.70402
2.70402
2.70402
2.70402
2.70402
2.70402
2.70402
2.70402
2.70402
2.70401
2.70401
2.70401
2.70401
2.70401
2.70401
2.70401
2.70401
2.70401
2.70401
2.704
2.704
2.704
2.704
2.704
2.704
2.704
2.704
2.704
2.70399
2.70399
2.70399
2.70399
2.70399
2.70399
2.70399
2.70399
2.70399
2.70398
2.70398
2.70398
2.70398
2.70398
2.70398
2.70398
2.70398
2.70398
2.70397
2.70397
2.70397
2.70397
2.70397
2.70397
2.70397
2.70397
2.70397
2.70396
2.70396
2.70396
2.70396
2.70396
2.70396
2.70396
2.70396
2.70396
2.70395
2.70395
2.70395
2.70395
2.70395
2.70395
2.70395
2.70395
2.70395
2.70394
2.70394
2.70394
2.70394
2.70394
2.70394
2.70394
2.70394
2.70394
2.70394
2.70393
2.70393
2.70393
2.70392
2.70392
2.70391
2.70391
2.70391
2.70391
2.70391
2.70391
2.70391
2.70391
2.7039
2.7039
2.7039
2.7039
2.7039
2.7039
2.7039
2.7039
2.7039
2.70389
2.70389
2.70389
2.70389
2.70389
2.70389
2.70389
2.70389
2.70389
2.70389
2.70388
2.70388
2.70388
2.70388
2.70388
2.70388
2.70388
2.70388
2.70388
2.70387
2.70387
2.70387
2.70387
2.70387
2.70387
2.70387
2.70387
2.70387
2.70386
2.70386
2.70386
2.70386
2.70386
2.70386
2.70386
2.70386
2.70386
2.70385
2.70385
2.70385
2.70385
2.70385
2.70385
2.70385
2.70385
2.70385
2.70384
2.70384
2.70384
2.70384
2.70384
2.70384
2.70384
2.70384
2.70384
2.70383
2.70383
2.70383
2.70382
2.70381
2.7038
2.7038
2.7038
2.7038
2.7038
2.7038
2.70379
2.70379
2.70379
2.70379
2.70379
2.70379
2.70379
2.70379
2.70379
2.70378
2.70378
2.70378
2.70376
2.70376
2.70376
2.70375
2.70374
2.70373
2.70373
2.70373
2.70373
2.70373
2.70373
2.70372
2.70372
2.70372
2.70372
2.70372
2.7037
2.7037
2.7037
2.70368
2.70367
2.70366
2.70366
2.70366
2.70366
2.70366
2.70366
2.70365
2.70365
2.70365
2.70365
2.70365
2.70365
2.70365
2.70365
2.70365
2.70364
2.70364
2.70364
2.70364
2.70364
2.70364
2.70362
2.70362
2.70361
2.70361
2.70361
2.70361
2.70361
2.70361
2.7036
2.7036
2.7036
2.7036
2.7036
2.7036
2.7036
2.7036
2.7036
2.7036
2.70359
2.70359
2.70359
2.70359
2.70359
2.70359
2.70359
2.70359
2.70359
2.70358
2.70358
2.70358
2.70358
2.70358
2.70358
2.70358
2.70358
2.70358
2.70357
2.70357
2.70357
2.70357
2.70357
2.70357
2.70357
2.70357
2.70357
2.70356
2.70356
2.70356
2.70356
2.70356
2.70356
2.70356
2.70356
2.70356
2.70355
2.70355
2.70355
2.70355
2.70355
2.70355
2.70354
2.70353
2.70353
2.70353
2.70353
2.70353
2.70353
2.70353
2.70352
2.70352
2.70352
2.70352
2.70352
2.70352
2.70352
2.70352
2.70352
2.70351
2.70351
2.70349
2.70349
2.70348
2.70348
2.70348
2.70348
2.70348
2.70348
2.70348
2.70348
2.70348
2.70347
2.70347
2.70347
2.70346
2.70346
2.70346
2.70346
2.70345
2.70345
2.70345
2.70345
2.70345
2.70345
2.70345
2.70345
2.70344
2.70342
2.70342
2.70342
2.70342
2.70341
2.70341
2.70341
2.70341
2.70341
2.70341
2.70341
2.70341
2.70341
2.7034
2.7034
2.7034
2.7034
2.7034
2.7034
2.7034
2.7034
2.7034
2.70339
2.70339
2.70338
2.70337
2.70337
2.70336
2.70336
2.70336
2.70336
2.70336
2.70336
2.70336
2.70335
2.70335
2.70335
2.70335
2.70335
2.70335
2.70335
2.70335
2.70335
2.70334
2.70334
2.70334
2.70334
2.70334
2.70334
2.70334
2.70334
2.70334
2.70333
2.70333
2.70333
2.70333
2.70333
2.70333
2.70333
2.70333
2.70333
2.70332
2.70332
2.70332
2.70332
2.70332
2.70332
2.70332
2.70332
2.70332
2.70331
2.70331
2.70331
2.70331
2.70331
2.70331
2.70331
2.70331
2.70331
2.7033
2.7033
2.7033
2.7033
2.7033
2.7033
2.7033
2.7033
2.7033
2.7033
2.70329
2.70329
2.70329
2.70329
2.70329
2.70329
2.70329
2.70329
2.70329
2.70328
2.70328
2.70328
2.70326
2.70326
2.70325
2.70325
2.70325
2.70325
2.70325
2.70325
2.70325
2.70325
2.70324
2.70324
2.70324
2.70324
2.70324
2.70324
2.70324
2.70324
2.70324
2.70323
2.70323
2.70323
2.70323
2.70323
2.70323
2.70323
2.70323
2.70323
2.70322
2.70322
2.70322
2.70322
2.70322
2.70322
2.70322
2.70322
2.70322
2.70321
2.70321
2.70321
2.70321
2.70321
2.70321
2.7032
2.70319
2.70319
2.70319
2.70319
2.70319
2.70318
2.70318
2.70318
2.70318
2.70318
2.70318
2.70318
2.70318
2.70318
2.70318
2.70317
2.70317
2.70317
2.70317
2.70317
2.70317
2.70317
2.70317
2.70317
2.70316
2.70316
2.70316
2.70316
2.70316
2.70316
2.70316
2.70316
2.70316
2.70315
2.70315
2.70315
2.70315
2.70315
2.70315
2.70315
2.70315
2.70315
2.70314
2.70314
2.70314
2.70314
2.70314
2.70314
2.70314
2.70314
2.70314
2.70313
2.70313
2.70313
2.70313
2.70313
2.70313
2.70313
2.70313
2.70313
2.70312
2.70312
2.70312
2.70312
2.70312
2.70312
2.70312
2.70312
2.70312
2.70311
2.70311
2.70311
2.70311
2.70311
2.70311
2.70311
2.70311
2.70311
2.70311
2.7031
2.7031
2.7031
2.7031
2.7031
2.7031
2.7031
2.7031
2.7031
2.70309
2.70309
2.70309
2.70309
2.70309
2.70309
2.70309
2.70309
2.70309
2.70308
2.70308
2.70308
2.70308
2.70308
2.70308
2.70308
2.70308
2.70308
2.70307
2.70307
2.70307
2.70307
2.70307
2.70307
2.70307
2.70307
2.70307
2.70306
2.70306
2.70306
2.70306
2.70306
2.70306
2.70306
2.70306
2.70306
2.70305
2.70305
2.70305
2.70305
2.70305
2.70305
2.70305
2.70305
2.70305
2.70304
2.70304
2.70304
2.70304
2.70304
2.70304
2.70304
2.70304
2.70304
2.70304
2.70303
2.70303
2.70303
2.70303
2.70303
2.70303
2.70303
2.70303
2.70303
2.70302
2.70302
2.70302
2.70302
2.70302
2.70302
2.70302
2.70302
2.70302
2.70301
2.70301
2.70301
2.70301
2.70301
2.70301
2.70301
2.70301
2.70301
2.703
2.703
2.703
2.703
2.703
2.703
2.703
2.703
2.703
2.70299
2.70299
2.70299
2.70299
2.70299
2.70299
2.70299
2.70299
2.70299
2.70298
2.70298
2.70298
2.70298
2.70298
2.70298
2.70298
2.70298
2.70298
2.70297
2.70297
2.70297
2.70297
2.70297
2.70297
2.70297
2.70297
2.70297
2.70297
2.70296
2.70296
2.70296
2.70296
2.70296
2.70296
2.70296
2.70296
2.70296
2.70295
2.70295
2.70295
2.70295
2.70295
2.70295
2.70295
2.70295
2.70295
2.70294
2.70294
2.70294
2.70294
2.70294
2.70294
2.70294
2.70294
2.70294
2.70293
2.70293
2.70293
2.70293
2.70293
2.70293
2.70293
2.70293
2.70293
2.70292
2.70292
2.70292
2.70292
2.70292
2.70292
2.70292
2.70292
2.70292
2.70291
2.70291
2.70291
2.70291
2.70291
2.70291
2.70291
2.70291
2.70291
2.7029
2.7029
2.7029
2.7029
2.7029
2.7029
2.7029
2.7029
2.7029
2.7029
2.70289
2.70289
2.70289
2.70289
2.70289
2.70289
2.70289
2.70289
2.70289
2.70288
2.70288
2.70288
2.70288
2.70288
2.70288
2.70288
2.70288
2.70288
2.70287
2.70287
2.70287
2.70287
2.70287
2.70287
2.70287
2.70287
2.70287
2.70286
2.70286
2.70286
2.70286
2.70286
2.70286
2.70286
2.70286
2.70286
2.70285
2.70285
2.70285
2.70285
2.70285
2.70285
2.70285
2.70285
2.70285
2.70284
2.70284
2.70284
2.70283
2.70279
2.70279
2.70279
2.70279
2.70278
2.70278
2.70278
2.70278
2.70278
2.70278
2.70278
2.70278
2.70278
2.70277
2.70277
2.70277
2.70277
2.70277
2.70277
2.70277
2.70277
2.70277
2.70276
2.70276
2.70276
2.70276
2.70276
2.70276
2.70276
2.70276
2.70276
2.70275
2.70275
2.70275
2.70275
2.70275
2.70275
2.70272
2.70271
2.70271
2.70271
2.7027
2.7027
2.7027
2.7027
2.7027
2.7027
2.7027
2.7027
2.7027
2.70269
2.70269
2.70269
2.70269
2.70269
2.70269
2.70269
2.70269
2.70269
2.70268
2.70268
2.70268
2.70268
2.70268
2.70268
2.70266
2.70264
2.70264
2.70264
2.70264
2.70264
2.70263
2.70263
2.70263
2.70263
2.70263
2.70262
2.70261
2.7026
2.7026
2.7026
2.7026
2.7026
2.7026
2.7026
2.7026
2.70259
2.70259
2.70259
2.70259
2.70259
2.70258
2.70258
2.70257
2.70257
2.70257
2.70257
2.70257
2.70257
2.70257
2.70257
2.70256
2.70256
2.70255
2.70254
2.70254
2.70253
2.70253
2.70253
2.70253
2.70253
2.70253
2.70253
2.70253
2.70252
2.70252
2.70252
2.70252
2.70252
2.70251
2.70251
2.7025
2.7025
2.7025
2.7025
2.7025
2.7025
2.7025
2.70249
2.70249
2.70249
2.70249
2.70249
2.70247
2.70246
2.70246
2.70245
2.70245
2.70245
2.70245
2.70245
2.70245
2.70245
2.70245
2.70244
2.70244
2.70244
2.70244
2.70244
2.70244
2.70244
2.70244
2.70243
2.70242
2.70242
2.70242
2.70242
2.70242

