2.7
2.7
2.7
2.7
2.7
2.69999
2.69999
2.69999
2.69999
2.69999
2.69999
2.69999
2.69999
2.69999
2.69998
2.69998
2.69998
2.69998
2.69998
2.69998
2.69998
2.69998
2.69998
2.69997
2.69997
2.69997
2.69997
2.69997
2.69997
2.69997
2.69997
2.69997
2.69997
2.69996
2.69996
2.69996
2.69996
2.69996
2.69996
2.69996
2.69996
2.69996
2.69995
2.69995
2.69995
2.69995
2.69995
2.69993
2.69991
2.69991
2.69991
2.69991
2.69991
2.69991
2.6999
2.6999
2.6999
2.6999
2.6999
2.6999
2.6999
2.6999
2.6999
2.69989
2.69989
2.69989
2.69989
2.69989
2.69989
2.69989
2.69989
2.69989
2.69988
2.69988
2.69988
2.69988
2.69988
2.69988
2.69988
2.69988
2.69988
2.69987
2.69987
2.69987
2.69987
2.69987
2.69987
2.69987
2.69987
2.69986
2.69984
2.69984
2.69983
2.69983
2.69983
2.69983
2.69983
2.69983
2.69983
2.69983
2.69982
2.69982
2.69982
2.69982
2.69982
2.69982
2.69981
2.6998
2.6998
2.6998
2.6998
2.6998
2.6998
2.69979
2.69979
2.69979
2.69979
2.69979
2.69979
2.69979
2.69979
2.69979
2.69978
2.69978
2.69978
2.69978
2.69978
2.69978
2.69978
2.69978
2.69978
2.69977
2.69977
2.69977
2.69977
2.69977
2.69977
2.69977
2.69977
2.69977
2.69976
2.69976
2.69976
2.69976
2.69976
2.69976
2.69976
2.69976
2.69976
2.69976
2.69975
2.69975
2.69975
2.69975
2.69975
2.69975
2.69975
2.69975
2.69974
2.69973
2.69973
2.69973
2.69973
2.69972
2.69972
2.69972
2.69972
2.69972
2.69972
2.69972
2.69972
2.69971
2.69971
2.69971
2.69971
2.69971
2.69971
2.69971
2.69971
2.69971
2.69971
2.69968
2.69967
2.69967
2.69967
2.69967
2.69967
2.69967
2.69967
2.69966
2.69966
2.69966
2.69966
2.69966
2.69966
2.69966
2.69966
2.69966
2.69965
2.69965
2.69965
2.69965
2.69965
2.69965
2.69965
2.69965
2.69965
2.69964
2.69964
2.69964
2.69964
2.69964
2.69964
2.69964
2.69964
2.69964
2.69963
2.69962
2.6996
2.6996
2.6996
2.69959
2.69959
2.69959
2.69959
2.69959
2.69959
2.69959
2.69959
2.69958
2.69958
2.69958
2.69958
2.69958
2.69958
2.69958
2.69958
2.69958
2.69957
2.69957
2.69957
2.69956
2.69956
2.69955
2.69955
2.69955
2.69955
2.69955
2.69955
2.69955
2.69955
2.69954
2.69954
2.69954
2.69954
2.69954
2.69954
2.69954
2.69954
2.69954
2.69953
2.69953
2.69953
2.69953
2.69951
2.6995
2.69949
2.69949
2.69949
2.69949
2.69949
2.69949
2.69949
2.69949
2.69948
2.69948
2.69948
2.69948
2.69948
2.69948
2.69948
2.69948
2.69946
2.69943
2.69943
2.69943
2.69943
2.69942
2.69942
2.69942
2.69942
2.69942
2.69942
2.69942
2.69942
2.69942
2.69941
2.69941
2.69941
2.69941
2.6994
2.69939
2.69938
2.69938
2.69938
2.69938
2.69938
2.69938
2.69937
2.69937
2.69937
2.69937
2.69937
2.69937
2.69937
2.69937
2.69937
2.69936
2.69936
2.69936
2.69936
2.69934
2.69933
2.69933
2.69933
2.69933
2.69933
2.69933
2.69932
2.69932
2.69932
2.69932
2.69932
2.69932
2.69932
2.69932
2.69932
2.69931
2.69931
2.69931
2.69931
2.69931
2.69931
2.69931
2.69931
2.69931
2.6993
2.6993
2.6993
2.6993
2.6993
2.6993
2.6993
2.6993
2.6993
2.69929
2.69929
2.69929
2.69929
2.69929
2.69929
2.69929
2.69929
2.69929
2.69928
2.69928
2.69928
2.69928
2.69928
2.69927
2.69926
2.69926
2.69925
2.69925
2.69925
2.69925
2.69925
2.69925
2.69925
2.69925
2.69924
2.69924
2.69924
2.69924
2.69924
2.69924
2.69924
2.69924
2.69924
2.69923
2.69923
2.69923
2.69923
2.69923
2.69923
2.69923
2.69923
2.69923
2.69922
2.69922
2.69922
2.6992
2.69919
2.69919
2.69918
2.69918
2.69918
2.69918
2.69918
2.69918
2.69918
2.69918
2.69918
2.69916
2.69915
2.69915
2.69915
2.69914
2.69913
2.69912
2.69912
2.69912
2.69912
2.69912
2.69911
2.69911
2.69911
2.69911
2.69911
2.69911
2.69911
2.69911
2.69909
2.69909
2.69908
2.69908
2.69908
2.69908
2.69908
2.69908
2.69908
2.69907
2.69907
2.69907
2.69907
2.69907
2.69907
2.69907
2.69907
2.69907
2.69906
2.69906
2.69906
2.69906
2.69905
2.69905
2.69905
2.69904
2.69904
2.69904
2.69904
2.69904
2.69904
2.69904
2.69904
2.69904
2.69903
2.69903
2.69903
2.69903
2.69903
2.69903
2.69903
2.69903
2.69903
2.69902
2.69902
2.69902
2.69901
2.69901
2.69901
2.699
2.699
2.699
2.699
2.699
2.699
2.699
2.699
2.69899
2.69899
2.69899
2.69899
2.69899
2.69899
2.69899
2.69899
2.69899
2.69898
2.69897
2.69896
2.69896
2.69896
2.69896
2.69896
2.69896
2.69896
2.69896
2.69895
2.69895
2.69895
2.69895
2.69895
2.69895
2.69895
2.69895
2.69895
2.69894
2.69894
2.69894
2.69894
2.69894
2.69894
2.69894
2.69894
2.69894
2.69893
2.69893
2.69891
2.69891
2.6989
2.6989
2.6989
2.6989
2.6989
2.6989
2.6989
2.6989
2.69889
2.69889
2.69889
2.69889
2.69889
2.69889
2.69889
2.69889
2.69889
2.69888
2.69888
2.69888
2.69888
2.69888
2.69888
2.69888
2.69888
2.69888
2.69887
2.69887
2.69887
2.69887
2.69887
2.69887
2.69887
2.69887
2.69887
2.69887
2.69886
2.69886
2.69886
2.69886
2.69886
2.69886
2.69883
2.69883
2.69882
2.69882
2.69882
2.69882
2.69882
2.69882
2.69882
2.69882
2.69881
2.69881
2.69881
2.6988
2.6988
2.6988
2.6988
2.6988
2.69879
2.69879
2.69879
2.69879
2.69879
2.69879
2.69879
2.69879
2.69879
2.69878
2.69878
2.69878
2.69878
2.69878
2.69878
2.69877
2.69875
2.69875
2.69874
2.69874
2.69874
2.69874
2.69874
2.69874
2.69874
2.69874
2.69873
2.69873
2.69873
2.69873
2.69873
2.69873
2.69873
2.69873
2.69873
2.69872
2.69872
2.69872
2.69871
2.69871
2.6987
2.6987
2.6987
2.6987
2.6987
2.6987
2.6987
2.6987
2.69869
2.69869
2.69869
2.69869
2.69869
2.69869
2.69869
2.69869
2.69869
2.69868
2.69868
2.69868
2.69868
2.69868
2.69868
2.69868
2.69868
2.69868
2.69867
2.69866
2.69866
2.69866
2.69866
2.69866
2.69866
2.69865
2.69865
2.69865
2.69865
2.69865
2.69865
2.69865
2.69865
2.69865
2.69864
2.69863
2.69863
2.69863
2.69863
2.69862
2.69862
2.69862
2.69862
2.69862
2.69862
2.69862
2.69862
2.69861
2.69861
2.69861
2.69861
2.69861
2.69861
2.69861
2.69861
2.69861
2.69861
2.6986
2.6986
2.6986
2.6986
2.6986
2.6986
2.6986
2.6986
2.6986
2.69859
2.69858
2.69857
2.69857
2.69857
2.69857
2.69857
2.69856
2.69856
2.69856
2.69856
2.69856
2.69856
2.69856
2.69856
2.69856
2.69856
2.69855
2.69855
2.69855
2.69855
2.69855
2.69855
2.69855
2.69855
2.69855
2.69854
2.69854
2.69854
2.69854
2.69854
2.69854
2.69852
2.69851
2.69851
2.69851
2.69851
2.69851
2.6985
2.6985
2.6985
2.6985
2.6985
2.6985
2.6985
2.6985
2.6985
2.69849
2.69848
2.69848
2.69848
2.69848
2.69848
2.69847
2.69847
2.69847
2.69847
2.69847
2.69847
2.69847
2.69847
2.69847
2.69846
2.69846
2.69846
2.69846
2.69846
2.69846
2.69846
2.69846
2.69846
2.69845
2.69845
2.69845
2.69845
2.69845
2.69845
2.69845
2.69845
2.69845
2.69844
2.69843
2.69843
2.69843
2.69843
2.69842
2.69842
2.69842
2.69842
2.69842
2.69842
2.69842
2.69842
2.69842
2.69842
2.69841
2.69841
2.69841
2.69841
2.69841
2.69841
2.69841
2.69841
2.69841
2.6984
2.6984
2.69839
2.69838
2.69838
2.69838
2.69838
2.69838
2.69837
2.69837
2.69837
2.69837
2.69837
2.69837
2.69837
2.69837
2.69837
2.69837
2.69836
2.69836
2.69836
2.69836
2.69836
2.69836
2.69836
2.69836
2.69836
2.69835
2.69835
2.69835
2.69835
2.69835
2.69834
2.69834
2.69834
2.69833
2.69833
2.69833
2.69833
2.69833
2.69833
2.69833
2.69833
2.69832
2.69832
2.69832
2.69832
2.69832
2.69832
2.69832
2.69832
2.69832
2.69831
2.69831
2.69831
2.69831
2.69831
2.69831
2.69831
2.69831
2.69831
2.69831
2.6983
2.6983
2.6983
2.6983
2.69829
2.69829
2.69828
2.69828
2.69828
2.69828
2.69828
2.69827
2.69827
2.69827
2.69827
2.69827
2.69827
2.69827
2.69827
2.69827
2.69827
2.69826
2.69826
2.69826
2.69826
2.69826
2.69826
2.69826
2.69826
2.69826
2.69825
2.69825
2.69825
2.69825
2.69825
2.69825
2.69825
2.69825
2.69824
2.69823
2.69823
2.69823
2.69823
2.69823
2.69822
2.69822
2.69822
2.69822
2.69822
2.69822
2.69822
2.69822
2.69822
2.69821
2.69821
2.69819
2.69818
2.69818
2.69817
2.69817
2.69817
2.69817
2.69817
2.69817
2.69817
2.69817
2.69816
2.69815
2.69813
2.69813
2.69813
2.69812
2.69812
2.69812
2.69812
2.69812
2.69812
2.69812
2.69812
2.69812
2.69811
2.69811
2.69811
2.69811
2.69811
2.69811
2.69811
2.69811
2.69811
2.6981
2.6981
2.6981
2.6981
2.6981
2.6981
2.6981
2.6981
2.6981
2.69809
2.69809
2.69809
2.69809
2.69809
2.69809
2.69809
2.69809
2.69809
2.69808
2.69808
2.69808
2.69808
2.69808
2.69808
2.69808
2.69808
2.69808
2.69807
2.69807
2.69807
2.69807
2.69807
2.69807
2.69807
2.69807
2.69807
2.69807
2.69806
2.69806
2.69806
2.69806
2.69806
2.69806
2.69806
2.69806
2.69806
2.69805
2.69805
2.69805
2.69805
2.69805
2.69805
2.69805
2.69805
2.69805
2.69804
2.69804
2.69804
2.69804
2.69804
2.69804
2.69804
2.69804
2.69803
2.69803
2.69802
2.69802
2.69802
2.69802
2.69802
2.69802
2.69801
2.69801
2.69801
2.69801
2.69801
2.69801
2.69801
2.69801
2.69801
2.698
2.698
2.698
2.698
2.698
2.698
2.698
2.69799
2.69798
2.69798
2.69798
2.69797
2.69797
2.69797
2.69797
2.69797
2.69797
2.69797
2.69797
2.69796
2.69796
2.69796
2.69796
2.69796
2.69796
2.69796
2.69796
2.69796
2.69796
2.69795
2.69795
2.69795
2.69795
2.69795
2.69795
2.69795
2.69795
2.69795
2.69794
2.69794
2.69794
2.69794
2.69794
2.69794
2.69791
2.6979
2.6979
2.6979
2.6979
2.6979
2.6979
2.69789
2.69789
2.69789
2.69789
2.69789
2.69789
2.69789
2.69789
2.69789
2.69788
2.69788
2.69788
2.69788
2.69787
2.69786
2.69786
2.69786
2.69786
2.69786
2.69786
2.69785
2.69785
2.69785
2.69785
2.69785
2.69785
2.69784
2.69783
2.69783
2.69783
2.69782
2.69782
2.69782
2.69782
2.69782
2.69782
2.69782
2.69782
2.69782
2.69781
2.69781
2.69781
2.69781
2.69781
2.69781
2.69781
2.69781
2.69781
2.6978
2.6978
2.6978
2.6978
2.6978
2.6978
2.6978
2.6978
2.6978
2.6978
2.69779
2.69779
2.69779
2.69779
2.69779
2.69779
2.69777
2.69776
2.69776
2.69776
2.69776
2.69776
2.69776
2.69775
2.69775
2.69775
2.69775
2.69775
2.69775
2.69775
2.69775
2.69775
2.69774
2.69774
2.69774
2.69774
2.69774
2.69774
2.69773
2.69772
2.69772
2.69772
2.69772
2.69771
2.69771
2.69771
2.69771
2.69771
2.69771
2.69771
2.69769
2.69768
2.69768
2.69767
2.69767
2.69767
2.69767
2.69767
2.69767
2.69767
2.69767
2.69766
2.69766
2.69766
2.69766
2.69766
2.69766
2.69766
2.69766
2.69766
2.69765
2.69764
2.69764
2.69764
2.69764
2.69764
2.69763
2.69763
2.69763
2.69763
2.69763
2.69763
2.69763
2.69763
2.69763
2.69762
2.69762
2.69762
2.69762
2.69762
2.69762
2.69762
2.69762
2.69762
2.69761
2.69761
2.69761
2.69761
2.69761
2.69761
2.69761
2.69761
2.69761
2.6976
2.6976
2.6976
2.6976
2.6976
2.6976
2.6976
2.6976
2.6976
2.6976
2.69759
2.69759
2.69759
2.69759
2.69759
2.69759
2.69759
2.69759
2.69759
2.69758
2.69758
2.69758
2.69758
2.69758
2.69758
2.69758
2.69758
2.69758
2.69757
2.69757
2.69757
2.69757
2.69757
2.69757
2.69757
2.69756
2.69755
2.69754
2.69754
2.69754
2.69754
2.69754
2.69754
2.69754
2.69754
2.69753
2.69753
2.69753
2.69753
2.69753
2.69753
2.69753
2.69753
2.69752
2.69751
2.69751
2.69751
2.69751
2.69751
2.69751
2.69751
2.6975
2.6975
2.6975
2.6975
2.6975
2.6975
2.6975
2.6975
2.6975
2.69749
2.69749
2.69749
2.69749
2.69749
2.69749
2.69749
2.69749
2.69749
2.69748
2.69748
2.69748
2.69748
2.69748
2.69748
2.69748
2.69748
2.69748
2.69747
2.69747
2.69746
2.69746
2.69745
2.69745
2.69745
2.69745
2.69745
2.69745
2.69745
2.69745
2.69744
2.69744
2.69744
2.69744
2.69744
2.69744
2.69744
2.69744
2.69744
2.69744
2.69743
2.69743
2.69741
2.69741
2.6974
2.6974
2.6974
2.6974
2.6974
2.6974
2.6974
2.6974
2.6974
2.69739
2.69739
2.69739
2.69739
2.69739
2.69739
2.69739
2.69739
2.69739
2.69738
2.69738
2.69738
2.69738
2.69737
2.69737
2.69737
2.69737
2.69736
2.69736
2.69736
2.69736
2.69736
2.69736
2.69736
2.69736
2.69735
2.69733
2.69732
2.69732
2.69732
2.69731
2.69731
2.69731
2.69731
2.69731
2.69731
2.69731
2.69731
2.69731
2.6973
2.6973
2.6973
2.6973
2.69729
2.69728
2.69728
2.69728
2.69728
2.69728
2.69727
2.69727
2.69727
2.69727
2.69727
2.69727
2.69727
2.69727
2.69727
2.69726
2.69726
2.69726
2.69726
2.69726
2.69726
2.69726
2.69726
2.69726
2.69725
2.69725
2.69725
2.69725
2.69725
2.69725
2.69725
2.69725
2.69725
2.69724
2.69724
2.69724
2.69724
2.69724
2.69724
2.69724
2.69724
2.69724
2.69724
2.69723
2.69723
2.69723
2.69723
2.69723
2.69723
2.69723
2.69723
2.69723
2.69722
2.69721
2.69721
2.6972
2.6972
2.6972
2.6972
2.6972
2.6972
2.6972
2.6972
2.69719
2.69719
2.69719
2.69719
2.69719
2.69719
2.69719
2.69719
2.69719
2.69718
2.69718
2.69718
2.69718
2.69718
2.69718
2.69718
2.69718
2.69718
2.69717
2.69717
2.69717
2.69717
2.69717
2.69717
2.69717
2.69717
2.69717
2.69716
2.69716
2.69716
2.69716
2.69716
2.69716
2.69716
2.69716
2.69716
2.69716
2.69715
2.69715
2.69715
2.69715
2.69715
2.69715
2.69715
2.69715
2.69715
2.69714
2.69714
2.69713
2.69713
2.69713
2.69713
2.69712
2.69712
2.69712
2.69712
2.69712
2.69712
2.69712
2.69712
2.69712
2.69711
2.6971
2.6971
2.69709
2.69709
2.69709
2.69709
2.69709
2.69709
2.69709
2.69709
2.69708
2.69708
2.69708
2.69708
2.69708
2.69708
2.69708
2.69708
2.69708
2.69707
2.69707
2.69707
2.69707
2.69707
2.69707
2.69707
2.69707
2.69707
2.69706
2.69706
2.69706
2.69706
2.69706
2.69706
2.69706
2.69706
2.69706
2.69705
2.69705
2.69705
2.69705
2.69705
2.69705
2.69705
2.69703
2.69703
2.69702
2.69702
2.69702
2.69702
2.69702
2.69702
2.69702
2.69702
2.69701
2.69701
2.69701
2.69701
2.69701
2.69701
2.69701
2.69701
2.69701
2.69701
2.697
2.697
2.697
2.697
2.697
2.697
2.697
2.69699
2.69699
2.69698
2.69698
2.69698
2.69698
2.69698
2.69698
2.69698
2.69697
2.69697
2.69697
2.69697
2.69696
2.69696
2.69696
2.69695
2.69695
2.69695
2.69695
2.69695
2.69695
2.69695
2.69695
2.69695
2.69694
2.69694
2.69694
2.69694
2.69694
2.69694
2.69694
2.69694
2.69694
2.69693
2.69693
2.69693
2.69693
2.69693
2.69692
2.69692
2.69691
2.69691
2.69691
2.69691
2.69691
2.69691
2.69691
2.69691
2.69691
2.6969
2.6969
2.6969
2.6969
2.6969
2.6969
2.6969
2.69689
2.69689
2.69688
2.69688
2.69688
2.69688
2.69688
2.69688
2.69687
2.69687
2.69687
2.69687
2.69685
2.69685
2.69685
2.69684
2.69684
2.69684
2.69684
2.69684
2.69684
2.69684
2.69684
2.69684
2.69683
2.69682
2.69682
2.69682
2.69681
2.69681
2.69681
2.69681
2.69681
2.69681
2.69681
2.69681
2.69681
2.6968
2.6968
2.6968
2.6968
2.6968
2.6968
2.6968
2.6968
2.69679
2.69677
2.69677
2.69676
2.69676
2.69676
2.69676
2.69676
2.69676
2.69676
2.69676
2.69676
2.69675
2.69675
2.69675
2.69675
2.69674
2.69674
2.69674
2.69673
2.69673
2.69673
2.69673
2.69673
2.69673
2.69673
2.69673
2.69673
2.69672
2.69672
2.69672
2.69672
2.69672
2.69672
2.6967
2.69668
2.69668
2.69668
2.69668
2.69668
2.69667
2.69667
2.69667
2.69667
2.69667
2.69667
2.69667
2.69667
2.69667
2.69666
2.69666
2.69666
2.69666
2.69666
2.69666
2.69666
2.69666
2.69665
2.69664
2.69664
2.69664
2.69664
2.69664
2.69664
2.69664
2.69663
2.69663
2.69663
2.69663
2.69663
2.69663
2.69663
2.69663
2.69663
2.69662
2.69662
2.69662
2.69661
2.69661
2.69661
2.6966
2.6966
2.6966
2.6966
2.6966
2.6966
2.6966
2.6966
2.6966
2.69659
2.69659
2.69659
2.69659
2.69659
2.69659
2.69659
2.69659
2.69659
2.69658
2.69658
2.69658
2.69658
2.69658
2.69658
2.69658
2.69658
2.69658
2.69657
2.69657
2.69657
2.69657
2.69657
2.69657
2.69657
2.69657
2.69657
2.69656
2.69656
2.69656
2.69656
2.69656
2.69656
2.69656
2.69656
2.69656
2.69655
2.69654
2.69654
2.69654
2.69654
2.69654
2.69653
2.69653
2.69653
2.69653
2.69653
2.69653
2.69653
2.69653
2.69653
2.69652
2.69652
2.69652
2.69651
2.69651
2.69651
2.69651
2.6965
2.6965
2.6965
2.6965
2.6965
2.6965
2.6965
2.6965
2.6965
2.69649
2.69649
2.69649
2.69649
2.69649
2.69649
2.69649
2.69649
2.69649
2.69648
2.69648
2.69648
2.69648
2.69648
2.69648
2.69648
2.69648
2.69648
2.69647
2.69647
2.69647
2.69647
2.69647
2.69647
2.69647
2.69647
2.69647
2.69646
2.69646
2.69646
2.69646
2.69646
2.69646
2.69646
2.69646
2.69646
2.69645
2.69645
2.69645
2.69645
2.69645
2.69645
2.69645
2.69645
2.69645
2.69645
2.69644
2.69643
2.69643
2.69643
2.69643
2.69643
2.69643
2.69642
2.69642
2.69642
2.69642
2.69642
2.69642
2.69642
2.69642
2.69642
2.69641
2.69641
2.69641
2.6964
2.69639
2.69639
2.69639
2.69639
2.69639
2.69639
2.69638
2.69638
2.69638
2.69638
2.69638
2.69638
2.69638
2.69638
2.69638
2.69637
2.69637
2.69637
2.69637
2.69637
2.69637
2.69637
2.69637
2.69637
2.69636
2.69636
2.69636
2.69636
2.69635
2.69634
2.69634
2.69634
2.69634
2.69634
2.69634
2.69634
2.69633
2.69633
2.69633
2.69633
2.69633
2.69633
2.69632
2.69631
2.69631
2.69631
2.69631
2.69631
2.69631
2.6963
2.6963
2.6963
2.6963
2.6963
2.6963
2.6963
2.6963
2.6963
2.69629
2.69629
2.69629
2.69629
2.69629
2.69629
2.69629
2.69629
2.69628
2.69627
2.69627
2.69626
2.69626
2.69626
2.69626
2.69626
2.69626
2.69626
2.69626
2.69625
2.69625
2.69625
2.69625
2.69625
2.69625
2.69625
2.69624
2.69623
2.69623
2.69623
2.69622
2.69622
2.69622
2.69622
2.69622
2.69622
2.69622
2.69622
2.69622
2.69622
2.69621
2.69621
2.69621
2.69621
2.69621
2.69621
2.69621
2.69621
2.69621
2.6962
2.69619
2.69619
2.69618
2.69618
2.69618
2.69618
2.69618
2.69618
2.69618
2.69618
2.69617
2.69617
2.69617
2.69617
2.69617
2.69617
2.69617
2.69617
2.69617
2.69616
2.69616
2.69616
2.69616
2.69615
2.69615
2.69614
2.69614
2.69614
2.69614
2.69614
2.69614
2.69614
2.69614
2.69613
2.69613
2.69613
2.69613
2.69613
2.69613
2.69613
2.69613
2.69613
2.69612
2.69612
2.69612
2.69612
2.69612
2.69612
2.69612
2.69612
2.69612
2.69611
2.69611
2.69611
2.69611
2.69611
2.69611
2.69611
2.69611
2.69611
2.69611
2.6961
2.6961
2.6961
2.6961
2.6961
2.6961
2.6961
2.6961
2.6961
2.69609
2.69609
2.69608
2.69607
2.69606
2.69606
2.69606
2.69606
2.69606
2.69606
2.69606
2.69606
2.69606
2.69605
2.69605
2.69605
2.69605
2.69605
2.69605
2.69605
2.69605
2.69605
2.69604
2.69604
2.69604
2.69604
2.69604
2.69604
2.69604
2.69604
2.69604
2.69603
2.69603
2.69603
2.69603
2.69603
2.69603
2.69603
2.69603
2.69603
2.69602
2.69602
2.69602
2.69602
2.69602
2.69602
2.69602
2.69602
2.69601
2.696
2.696
2.696
2.696
2.696
2.696
2.696
2.69599
2.69599
2.69599
2.69599
2.69599
2.69599
2.69599
2.69599
2.69599
2.69598
2.69598
2.69598
2.69598
2.69598
2.69598
2.69598
2.69598
2.69598
2.69597
2.69597
2.69597
2.69597
2.69597
2.69597
2.69597
2.69597
2.69597
2.69597
2.69596
2.69596
2.69596
2.69596
2.69596
2.69596
2.69596
2.69596
2.69596
2.69595
2.69595
2.69595
2.69595
2.69595
2.69595
2.69595
2.69595
2.69595
2.69594
2.69594
2.69594
2.69594
2.69594
2.69594
2.69594
2.69594
2.69594
2.69593
2.69593
2.69593
2.69593
2.69593
2.69593
2.69593
2.69593
2.69593
2.69592
2.69592
2.69592
2.69592
2.69592
2.69592
2.69592
2.69592
2.69592
2.69591
2.69591
2.69591
2.69591
2.69591
2.69591
2.69591
2.69591
2.69591
2.69591
2.6959
2.6959
2.6959
2.6959
2.6959
2.6959
2.6959
2.6959
2.6959
2.69589
2.69589
2.69589
2.69589
2.69589
2.69589
2.69589
2.69589
2.69589
2.69588
2.69588
2.69588
2.69588
2.69588
2.69588
2.69588
2.69588
2.69588
2.69587
2.69587
2.69587
2.69587
2.69587
2.69587
2.69587
2.69587
2.69587
2.69586
2.69586
2.69586
2.69586
2.69586
2.69586
2.69586
2.69586
2.69586
2.69585
2.69585
2.69585
2.69584
2.69584
2.69583
2.69583
2.69583
2.69583
2.69583
2.69583
2.69583
2.69583
2.69582
2.69582
2.69582
2.69582
2.69582
2.69582
2.69582
2.69582
2.69582
2.69581
2.69581
2.69581
2.69581
2.69581
2.69581
2.69581
2.6958
2.69579
2.69578
2.69578
2.69578
2.69578
2.69578
2.69578
2.69577
2.69577
2.69577
2.69577
2.69576
2.69575
2.69575
2.69575
2.69575
2.69575
2.69575
2.69575
2.69574
2.69574
2.69574
2.69574
2.69574
2.69574
2.69574
2.69574
2.69574
2.69573
2.69573
2.69573
2.69573
2.69573
2.69573
2.69573
2.69573
2.69573
2.69572
2.69572
2.69572
2.69572
2.69572
2.69572
2.69572
2.69572
2.69572
2.69571
2.69571
2.69571
2.69571
2.69571
2.69571
2.69571
2.69571
2.69571
2.6957
2.6957
2.6957
2.6957
2.6957
2.69567
2.69566
2.69566
2.69566
2.69566
2.69566
2.69566
2.69565
2.69565
2.69565
2.69565
2.69565
2.69565
2.69565
2.69565
2.69565
2.69564
2.69563
2.69563
2.69563
2.69562
2.69562
2.69562
2.69562
2.69562
2.69562
2.69562
2.69562
2.69562
2.69561
2.69561
2.69561
2.69561
2.69561
2.69561
2.69561
2.69561
2.69561
2.6956
2.6956
2.6956
2.6956
2.6956
2.6956
2.6956
2.6956
2.6956
2.6956
2.69559
2.69559
2.69559
2.69559
2.69559
2.69559
2.69559
2.69559
2.69559
2.69558
2.69558
2.69558
2.69558
2.69558
2.69558
2.69558
2.69558
2.69558
2.69557
2.69557
2.69557
2.69557
2.69557
2.69557
2.69557
2.69557
2.69557
2.69556
2.69556
2.69556
2.69556
2.69555
2.69554
2.69553
2.69553
2.69553
2.69553
2.69553
2.69553
2.69552
2.69552
2.69552
2.69552
2.69552
2.69552
2.69552
2.69552
2.69552
2.69551
2.69551
2.69551
2.69551
2.69551
2.69551
2.69551
2.69551
2.69551
2.6955
2.6955
2.6955
2.6955
2.6955
2.6955
2.6955
2.6955
2.6955
2.69549
2.69549
2.69549
2.69549
2.69549
2.69549
2.69549
2.69549
2.69549
2.69549
2.69548
2.69548
2.69548
2.69548
2.69548
2.69548
2.69548
2.69548
2.69548
2.69547
2.69547
2.69547
2.69547
2.69547
2.69545
2.69545
2.69544
2.69544
2.69544
2.69544
2.69544
2.69544
2.69544
2.69543
2.69543
2.69543
2.69543
2.69543
2.69543
2.69543
2.69543
2.69543
2.69542
2.69542
2.69542
2.69542
2.69542
2.69542
2.69542
2.69541
2.6954
2.6954
2.6954
2.6954
2.6954
2.6954
2.6954
2.69539
2.69539
2.69539
2.69539
2.69539
2.69539
2.69539
2.69539
2.69539
2.69538
2.69538
2.69538
2.69538
2.69538
2.69538
2.69538
2.69538
2.69538
2.69537
2.69537
2.69537
2.69537
2.69537
2.69537
2.69537
2.69537
2.69537
2.69537
2.69536
2.69535
2.69535
2.69535
2.69535
2.69535
2.69535
2.69534
2.69534
2.69534
2.69534
2.69534
2.69534
2.69534
2.69534
2.69534
2.69534
2.69533
2.69533
2.69533
2.69533
2.69533
2.69533
2.69533
2.69533
2.69533
2.69532
2.69532
2.69532
2.69532
2.69532
2.69532
2.69532
2.69532
2.69532
2.69531
2.69531
2.69531
2.69531
2.69531
2.69531
2.69528
2.69528
2.69527
2.69527
2.69527
2.69527
2.69527
2.69527
2.69526
2.69526
2.69526
2.69526
2.69526
2.69526
2.69526
2.69526
2.69526
2.69525
2.69525
2.69525
2.69525
2.69525
2.69525
2.69525
2.69525
2.69525
2.69524
2.69524
2.69524
2.69524
2.69524
2.69524
2.69524
2.69524
2.69524
2.69523
2.69523
2.69522
2.69522
2.69522
2.69522
2.69521
2.69521
2.69521
2.69521
2.69521
2.69521
2.69521
2.69521
2.69521
2.6952
2.6952
2.6952
2.6952
2.6952
2.6952
2.6952
2.6952
2.6952
2.69519
2.69519
2.69519
2.69519
2.69519
2.69519
2.69519
2.69519
2.69519
2.69519
2.69518
2.69518
2.69518
2.69518
2.69518
2.69517
2.69516
2.69516
2.69516
2.69516
2.69516
2.69515
2.69515
2.69515
2.69515
2.69515
2.69515
2.69515
2.69515
2.69515
2.69514
2.69514
2.69514
2.69514
2.69514
2.69514
2.69514
2.69514
2.69514
2.69513
2.69513
2.69513
2.69513
2.69513
2.69513
2.69513
2.69513
2.69513
2.69513
2.69512
2.69512
2.69512
2.69512
2.69512
2.69512
2.69512
2.69512
2.69512
2.69511
2.69511
2.69511
2.69511
2.69511
2.69511
2.69511
2.6951
2.69509
2.69509
2.69509
2.69509
2.69509
2.69509
2.69509
2.69508
2.69508
2.69508
2.69508
2.69508
2.69508
2.69508
2.69508
2.69508
2.69507
2.69507
2.69507
2.69507
2.69507
2.69507
2.69507
2.69507
2.69507
2.69506
2.69506
2.69506
2.69506
2.69506
2.69506
2.69506
2.69506
2.69506
2.69505
2.69505
2.69505
2.69505
2.69505
2.69505
2.69505
2.69505
2.69505
2.69504
2.69504
2.69504
2.69504
2.69504
2.69504
2.69504
2.69504
2.69504
2.69504
2.69503
2.69503
2.69503
2.69503
2.69503
2.69502
2.695
2.69499
2.69499
2.69499
2.69499
2.69498
2.69497
2.69497
2.69497
2.69497
2.69497
2.69497
2.69496
2.69496
2.69496
2.69496
2.69496
2.69496
2.69496
2.69496
2.69496
2.69496
2.69494
2.69493
2.69492
2.69492
2.69492
2.69492
2.69492
2.69492
2.69492
2.69491
2.69491
2.69491
2.69491
2.69491
2.69491
2.69491
2.69491
2.69491
2.6949
2.6949
2.6949
2.6949
2.6949
2.6949
2.6949
2.6949
2.6949
2.6949
2.69489
2.69489
2.69489
2.69489
2.69489
2.69488
2.69487
2.69487
2.69487
2.69487
2.69486
2.69486
2.69486
2.69486
2.69486
2.69486
2.69486
2.69486
2.69486
2.69485
2.69485
2.69485
2.69485
2.69485
2.69485
2.69485
2.69485
2.69485
2.69484
2.69484
2.69483
2.69483
2.69483
2.69483
2.69482
2.69482
2.69482
2.69482
2.69482
2.69482
2.69482
2.69482
2.69482
2.69481
2.6948
2.6948
2.69479
2.69479
2.69479
2.69479
2.69479
2.69479
2.69479
2.69478
2.69478
2.69478
2.69478
2.69478
2.69478
2.69478
2.69478
2.69478
2.69477
2.69477
2.69476
2.69476
2.69476
2.69475
2.69475
2.69475
2.69475
2.69475
2.69475
2.69475
2.69475
2.69474
2.69474
2.69474
2.69474
2.69474
2.69473
2.69472
2.69472
2.69472
2.69472
2.69471
2.69471
2.69471
2.69471
2.69471
2.69471
2.69471
2.69471
2.69471
2.6947
2.6947
2.6947
2.6947
2.6947
2.6947
2.6947
2.6947
2.6947
2.69469
2.69469
2.69469
2.69469
2.69469
2.69469
2.69469
2.69469
2.69469
2.69468
2.69468
2.69468
2.69468
2.69467
2.69467
2.69466
2.69466
2.69466
2.69466
2.69466
2.69466
2.69465
2.69465
2.69465
2.69465
2.69465
2.69465
2.69465
2.69465
2.69465
2.69464
2.69464
2.69464
2.69464
2.69464
2.69464
2.69464
2.69464
2.69464
2.69463
2.69463
2.69463
2.69463
2.69463

