2.7
2.7
2.7
2.7
2.7
2.69999
2.69999
2.69999
2.69999
2.69999
2.69999
2.69999
2.69999
2.69999
2.69998
2.69998
2.69998
2.69998
2.69998
2.69998
2.69998
2.69998
2.69998
2.69997
2.69997
2.69997
2.69997
2.69997
2.69997
2.69997
2.69997
2.69997
2.69997
2.69996
2.69996
2.69996
2.69996
2.69996
2.69996
2.69996
2.69996
2.69996
2.69995
2.69995
2.69995
2.69995
2.69995
2.69995
2.69995
2.69995
2.69995
2.69994
2.69994
2.69994
2.69994
2.69991
2.69991
2.69991
2.6999
2.6999
2.6999
2.6999
2.6999
2.6999
2.6999
2.6999
2.6999
2.69989
2.69989
2.69989
2.69989
2.69989
2.69987
2.69986
2.69986
2.69985
2.69985
2.69985
2.69985
2.69985
2.69985
2.69985
2.69985
2.69985
2.69984
2.69984
2.69984
2.69984
2.69984
2.69984
2.69984
2.69984
2.69984
2.69983
2.69983
2.69983
2.6998
2.69979
2.69979
2.69979
2.69979
2.69979
2.69978
2.69978
2.69978
2.69978
2.69978
2.69978
2.69978
2.69978
2.69978
2.69977
2.69977
2.69977
2.69977
2.69977
2.69977
2.69977
2.69977
2.69977
2.69976
2.69976
2.69976
2.69976
2.69976
2.69976
2.69976
2.69976
2.69976
2.69975
2.69975
2.69974
2.69974
2.69973
2.69973
2.69973
2.69973
2.69973
2.69973
2.69972
2.69972
2.69972
2.69972
2.69972
2.69972
2.69972
2.69972
2.69972
2.69971
2.69971
2.69971
2.69971
2.69971
2.69971
2.69971
2.69971
2.69971
2.69971
2.6997
2.6997
2.6997
2.6997
2.6997
2.6997
2.6997
2.6997
2.6997
2.69969
2.69967
2.69967
2.69967
2.69967
2.69966
2.69966
2.69966
2.69966
2.69966
2.69966
2.69966
2.69966
2.69965
2.69965
2.69964
2.69963
2.69962
2.69962
2.69962
2.69962
2.69962
2.69962
2.69961
2.69961
2.69961
2.69961
2.69961
2.69961
2.69961
2.69961
2.69961
2.69961
2.6996
2.6996
2.6996
2.6996
2.6996
2.6996
2.6996
2.6996
2.6996
2.69959
2.69959
2.69959
2.69959
2.69959
2.69959
2.69959
2.69959
2.69959
2.69958
2.69958
2.69958
2.69958
2.69958
2.69958
2.69958
2.69956
2.69955
2.69955
2.69955
2.69955
2.69955
2.69954
2.69954
2.69954
2.69954
2.69954
2.69954
2.69954
2.69954
2.69954
2.69953
2.69953
2.69953
2.69953
2.69953
2.69953
2.69953
2.69953
2.69953
2.69952
2.69952
2.69952
2.69952
2.69952
2.69952
2.69952
2.69952
2.69952
2.69951
2.69951
2.69951
2.69951
2.69951
2.69951
2.69951
2.69951
2.6995
2.6995
2.69949
2.69949
2.69949
2.69949
2.69948
2.69948
2.69948
2.69948
2.69948
2.69948
2.69948
2.69948
2.69948
2.69947
2.69947
2.69947
2.69947
2.69947
2.69947
2.69947
2.69947
2.69947
2.69946
2.69946
2.69946
2.69946
2.69946
2.69946
2.69946
2.69946
2.69946
2.69945
2.69945
2.69945
2.69945
2.69945
2.69945
2.69945
2.69945
2.69945
2.69944
2.69944
2.69944
2.69944
2.69944
2.69944
2.69944
2.69944
2.69944
2.69943
2.69943
2.69943
2.69943
2.69943
2.69943
2.69943
2.69943
2.69943
2.69943
2.69942
2.69942
2.69942
2.69942
2.69942
2.69942
2.69942
2.69942
2.69942
2.69941
2.69941
2.69941
2.69941
2.69941
2.69941
2.69941
2.69941
2.69941
2.6994
2.6994
2.6994
2.6994
2.6994
2.6994
2.6994
2.6994
2.6994
2.69939
2.69939
2.69939
2.69939
2.69939
2.69939
2.69939
2.69939
2.69939
2.69938
2.69938
2.69938
2.69938
2.69938
2.69938
2.69938
2.69938
2.69938
2.69937
2.69937
2.69937
2.69937
2.69937
2.69937
2.69937
2.69937
2.69937
2.69937
2.69936
2.69936
2.69936
2.69936
2.69936
2.69936
2.69936
2.69936
2.69936
2.69935
2.69935
2.69935
2.69935
2.69935
2.69935
2.69935
2.69935
2.69935
2.69934
2.69934
2.69934
2.69933
2.69931
2.69931
2.6993
2.6993
2.6993
2.6993
2.6993
2.6993
2.69929
2.69929
2.69929
2.69929
2.69929
2.69929
2.69929
2.69929
2.69929
2.69928
2.69928
2.69928
2.69928
2.69928
2.69928
2.69928
2.69928
2.69926
2.69925
2.69925
2.69924
2.69924
2.69924
2.69924
2.69924
2.69924
2.69924
2.69924
2.69923
2.69923
2.69923
2.69923
2.69922
2.69922
2.69921
2.69921
2.69921
2.69921
2.69921
2.69921
2.6992
2.6992
2.6992
2.6992
2.6992
2.6992
2.6992
2.6992
2.69918
2.69917
2.69916
2.69915
2.69915
2.69914
2.69914
2.69914
2.69914
2.69914
2.69914
2.69914
2.69914
2.69913
2.69913
2.69913
2.69913
2.69913
2.69913
2.69913
2.69913
2.69913
2.69912
2.69912
2.69912
2.69912
2.69912
2.69912
2.69912
2.6991
2.69909
2.69909
2.69909
2.69909
2.69908
2.69908
2.69908
2.69908
2.69908
2.69908
2.69908
2.69908
2.69908
2.69907
2.69907
2.69907
2.69907
2.69907
2.69907
2.69907
2.69907
2.69907
2.69907
2.69906
2.69906
2.69906
2.69906
2.69906
2.69903
2.69902
2.69902
2.69902
2.69902
2.69902
2.69902
2.69901
2.69901
2.69901
2.69901
2.69901
2.69901
2.69901
2.69901
2.69901
2.699
2.699
2.699
2.699
2.699
2.69898
2.69897
2.69897
2.69897
2.69897
2.69897
2.69897
2.69897
2.69896
2.69896
2.69896
2.69896
2.69894
2.69894
2.69893
2.69893
2.69893
2.69893
2.69893
2.69893
2.69892
2.69892
2.69892
2.69892
2.69892
2.69892
2.69892
2.69892
2.69892
2.69892
2.69891
2.69891
2.69891
2.69891
2.69891
2.69891
2.69891
2.69891
2.69891
2.6989
2.6989
2.6989
2.6989
2.6989
2.6989
2.6989
2.69889
2.69887
2.69887
2.69886
2.69886
2.69886
2.69886
2.69886
2.69886
2.69886
2.69886
2.69885
2.69885
2.69885
2.69885
2.69885
2.69884
2.69884
2.69884
2.69882
2.69882
2.69881
2.69881
2.69881
2.69881
2.69881
2.69881
2.69881
2.69881
2.6988
2.6988
2.6988
2.6988
2.6988
2.6988
2.6988
2.6988
2.6988
2.69879
2.69879
2.69879
2.69879
2.69879
2.69879
2.69879
2.69879
2.69879
2.69876
2.69876
2.69875
2.69875
2.69875
2.69875
2.69875
2.69875
2.69875
2.69874
2.69874
2.69874
2.69874
2.69874
2.69874
2.69874
2.69874
2.69873
2.69871
2.69871
2.69871
2.69871
2.69871
2.6987
2.6987
2.6987
2.6987
2.6987
2.6987
2.6987
2.6987
2.6987
2.69869
2.69869
2.69869
2.69869
2.69869
2.69869
2.69869
2.69869
2.69869
2.69868
2.69868
2.69868
2.69868
2.69868
2.69868
2.69868
2.69868
2.69868
2.69867
2.69867
2.69867
2.69867
2.69867
2.69867
2.69867
2.69867
2.69867
2.69866
2.69866
2.69866
2.69866
2.69866
2.69866
2.69866
2.69866
2.69866
2.69865
2.69865
2.69865
2.69865
2.69865
2.69865
2.69865
2.69865
2.69865
2.69864
2.69864
2.69864
2.69864
2.69864
2.69864
2.69864
2.69864
2.69864
2.69864
2.69863
2.69863
2.69863
2.69863
2.69863
2.69863
2.69863
2.69863
2.69863
2.69862
2.6986
2.6986
2.6986
2.69859
2.69859
2.69859
2.69859
2.69859
2.69859
2.69859
2.69859
2.69858
2.69858
2.69858
2.69858
2.69858
2.69858
2.69858
2.69858
2.69858
2.69857
2.69857
2.69857
2.69855
2.69854
2.69854
2.69854
2.69854
2.69854
2.69853
2.69853
2.69853
2.69853
2.69853
2.69853
2.69853
2.69853
2.69853
2.69851
2.6985
2.6985
2.69849
2.69849
2.69849
2.69849
2.69849
2.69849
2.69849
2.69848
2.69848
2.69848
2.69847
2.69847
2.69847
2.69846
2.69846
2.69846
2.69846
2.69846
2.69846
2.69846
2.69846
2.69845
2.69845
2.69845
2.69845
2.69845
2.69845
2.69845
2.69845
2.69844
2.69843
2.69843
2.69842
2.69842
2.69842
2.69842
2.69842
2.69842
2.69842
2.69842
2.69841
2.69841
2.69841
2.69841
2.69841
2.69841
2.69841
2.69841
2.69841
2.6984
2.6984
2.6984
2.6984
2.6984
2.6984
2.6984
2.6984
2.6984
2.69839
2.69839
2.69839
2.69839
2.69839
2.69839
2.69839
2.69839
2.69839
2.69838
2.69838
2.69838
2.69838
2.69838
2.69838
2.69838
2.69838
2.69838
2.69838
2.69837
2.69837
2.69837
2.69837
2.69837
2.69837
2.69837
2.69837
2.69837
2.69836
2.69836
2.69836
2.69836
2.69836
2.69836
2.69836
2.69834
2.69833
2.69833
2.69833
2.69833
2.69832
2.69832
2.69832
2.69832
2.69832
2.69832
2.69832
2.69832
2.69832
2.69831
2.69831
2.69831
2.69831
2.69831
2.6983
2.69829
2.69828
2.69828
2.69828
2.69828
2.69828
2.69828
2.69827
2.69827
2.69827
2.69827
2.69827
2.69827
2.69827
2.69827
2.69827
2.69826
2.69826
2.69826
2.69826
2.69826
2.69826
2.69826
2.69826
2.69826
2.69825
2.69825
2.69825
2.69825
2.69825
2.69825
2.69825
2.69825
2.69825
2.69825
2.69824
2.69824
2.69824
2.69824
2.69824
2.69824
2.69824
2.69824
2.69824
2.69823
2.69823
2.69823
2.69823
2.69823
2.69823
2.69823
2.69823
2.69823
2.69822
2.69822
2.69822
2.69822
2.69822
2.69822
2.69822
2.69822
2.69822
2.69821
2.69821
2.69821
2.69821
2.69821
2.69821
2.69821
2.69821
2.69821
2.6982
2.6982
2.6982
2.6982
2.6982
2.6982
2.6982
2.6982
2.6982
2.69819
2.69819
2.69819
2.69819
2.69819
2.69819
2.69819
2.69819
2.69819
2.69819
2.69818
2.69818
2.69818
2.69818
2.69818
2.69818
2.69818
2.69818
2.69818
2.69817
2.69817
2.69817
2.69817
2.69817
2.69817
2.69817
2.69817
2.69817
2.69816
2.69816
2.69816
2.69816
2.69816
2.69816
2.69816
2.69816
2.69816
2.69815
2.69815
2.69814
2.69814
2.69814
2.69813
2.69813
2.69813
2.69813
2.69813
2.69813
2.69813
2.69813
2.69813
2.69812
2.69812
2.69812
2.69812
2.69812
2.69812
2.69812
2.69812
2.69812
2.69811
2.69811
2.69811
2.69811
2.69811
2.69811
2.69811
2.69811
2.69811
2.6981
2.6981
2.6981
2.6981
2.6981
2.6981
2.6981
2.6981
2.6981
2.69809
2.69809
2.69809
2.69809
2.69809
2.69809
2.69809
2.69809
2.69809
2.69809
2.69808
2.69808
2.69808
2.69808
2.69808
2.69808
2.69808
2.69808
2.69808
2.69807
2.69807
2.69807
2.69807
2.69807
2.69805
2.69805
2.69804
2.69804
2.69804
2.69803
2.69803
2.69803
2.69803
2.69803
2.69803
2.69803
2.69803
2.69803
2.69802
2.69802
2.69802
2.69802
2.69802
2.69802
2.69802
2.69802
2.69802
2.69801
2.69801
2.69801
2.69801
2.69801
2.698
2.69799
2.69799
2.69798
2.69798
2.69798
2.69798
2.69798
2.69798
2.69798
2.69798
2.69798
2.69797
2.69797
2.69797
2.69797
2.69797
2.69797
2.69797
2.69797
2.69797
2.69796
2.69796
2.69796
2.69796
2.69796
2.69796
2.69796
2.69796
2.69796
2.69795
2.69795
2.69795
2.69795
2.69795
2.69795
2.69795
2.69795
2.69795
2.69794
2.69794
2.69794
2.69794
2.69794
2.69794
2.69794
2.69794
2.69794
2.69793
2.69793
2.69793
2.69793
2.69793
2.69793
2.69792
2.69791
2.69791
2.69791
2.69791
2.6979
2.6979
2.6979
2.6979
2.6979
2.6979
2.6979
2.6979
2.69789
2.69789
2.69788
2.69787
2.69787
2.69787
2.69787
2.69786
2.69786
2.69786
2.69786
2.69786
2.69786
2.69786
2.69786
2.69786
2.69785
2.69785
2.69785
2.69785
2.69785
2.69785
2.69785
2.69785
2.69784
2.69783
2.69782
2.69782
2.69782
2.69782
2.69782
2.69782
2.69782
2.69781
2.69781
2.69781
2.69781
2.69781
2.69781
2.69781
2.69781
2.69781
2.6978
2.6978
2.6978
2.6978
2.6978
2.6978
2.6978
2.6978
2.6978
2.69779
2.69779
2.69779
2.69779
2.69779
2.69779
2.69779
2.69779
2.69779
2.69778
2.69778
2.69778
2.69778
2.69778
2.69778
2.69778
2.69778
2.69778
2.69777
2.69777
2.69777
2.69777
2.69777
2.69777
2.69777
2.69777
2.69777
2.69777
2.69776
2.69776
2.69776
2.69776
2.69776
2.69776
2.69776
2.69776
2.69776
2.69775
2.69775
2.69775
2.69775
2.69775
2.69775
2.69775
2.69775
2.69775
2.69774
2.69774
2.69774
2.69774
2.69774
2.69774
2.69774
2.69774
2.69774
2.69773
2.69773
2.69773
2.69773
2.69773
2.69773
2.69773
2.69773
2.69773
2.69772
2.69772
2.69772
2.69772
2.69772
2.69772
2.69772
2.69772
2.69772
2.69771
2.69771
2.69771
2.69771
2.69771
2.69771
2.69771
2.69771
2.69771
2.69771
2.6977
2.6977
2.6977
2.6977
2.6977
2.6977
2.6977
2.6977
2.6977
2.69769
2.69769
2.69769
2.69769
2.69769
2.69769
2.69769
2.69769
2.69769
2.69768
2.69768
2.69768
2.69768
2.69768
2.69768
2.69768
2.69768
2.69768
2.69767
2.69767
2.69767
2.69767
2.69767
2.69767
2.69767
2.69767
2.69767
2.69766
2.69766
2.69766
2.69766
2.69766
2.69766
2.69766
2.69766
2.69766
2.69765
2.69765
2.69765
2.69765
2.69765
2.69765
2.69765
2.69765
2.69765
2.69765
2.69764
2.69764
2.69764
2.69764
2.69764
2.69764
2.69764
2.69764
2.69764
2.69763
2.69763
2.69763
2.69763
2.69763
2.69763
2.69763
2.69763
2.69763
2.69762
2.69762
2.69762
2.69762
2.69762
2.69762
2.69762
2.69762
2.69762
2.69761
2.69761
2.69761
2.69761
2.69761
2.69761
2.69761
2.69761
2.69761
2.6976
2.6976
2.6976
2.6976
2.6976
2.6976
2.6976
2.6976
2.6976
2.69759
2.69759
2.69759
2.69759
2.69759
2.69759
2.69759
2.69759
2.69759
2.69759
2.69758
2.69758
2.69758
2.69758
2.69758
2.69758
2.69758
2.69758
2.69758
2.69757
2.69757
2.69757
2.69757
2.69757
2.69757
2.69757
2.69757
2.69757
2.69756
2.69756
2.69756
2.69756
2.69756
2.69756
2.69756
2.69756
2.69756
2.69755
2.69755
2.69755
2.69755
2.69755
2.69755
2.69755
2.69755
2.69755
2.69754
2.69754
2.69754
2.69754
2.69754
2.69754
2.69754
2.69754
2.69754
2.69753
2.69753
2.69753
2.69753
2.69753
2.69753
2.69753
2.69753
2.69753
2.69753
2.69752
2.69752
2.69752
2.69752
2.69752
2.69752
2.69752
2.69752
2.69752
2.69751
2.69751
2.69751
2.69751
2.69751
2.69751
2.69751
2.69751
2.69751
2.6975
2.6975
2.6975
2.6975
2.6975
2.6975
2.6975
2.6975
2.6975
2.69749
2.69749
2.69749
2.69749
2.69749
2.69749
2.69749
2.69749
2.69749
2.69748
2.69748
2.69748
2.69748
2.69748
2.69748
2.69748
2.69748
2.69748
2.69747
2.69747
2.69747
2.69747
2.69747
2.69747
2.69747
2.69747
2.69747
2.69747
2.69746
2.69746
2.69746
2.69746
2.69746
2.69746
2.69746
2.69746
2.69746
2.69745
2.69745
2.69745
2.69745
2.69745
2.69745
2.70221
2.7022
2.7022
2.70219
2.70219
2.70219
2.70219
2.70219
2.70219
2.70219
2.70219
2.70218
2.70218
2.70218
2.70218
2.70218
2.70218
2.70218
2.70218
2.70218
2.70218
2.70217
2.70217
2.70217
2.70216
2.70216
2.70215
2.70215
2.70215
2.70215
2.70215
2.70215
2.70215
2.70215
2.70215
2.70214
2.70214
2.70214
2.70214
2.70214
2.70214
2.70214
2.70214
2.70214
2.70213
2.70213
2.70213
2.70213
2.70213
2.70213
2.70213
2.70213
2.70213
2.70212
2.70212
2.70212
2.70212
2.70212
2.70212
2.70212
2.70212
2.70212
2.70211
2.70211
2.70211
2.70211
2.70211
2.70211
2.70211
2.70211
2.70211
2.7021
2.7021
2.70794
2.70932
2.70932
2.70932
2.70931
2.70931
2.70931
2.70931
2.70931
2.70931
2.70931
2.70931
2.70931
2.7093
2.7093
2.7093
2.7093
2.7093
2.7093
2.7093
2.7093
2.7093
2.70929
2.70927
2.70926
2.70926
2.70926
2.70926
2.70926
2.70925
2.70925
2.70925
2.70925
2.70925
2.70925
2.70925
2.70923
2.70922
2.70922
2.70922
2.70921
2.70921
2.70921
2.70921
2.70921
2.70921
2.70921
2.70921
2.7092
2.7092
2.7092
2.7092
2.7092
2.7092
2.7092
2.7092
2.7092
2.7092
2.70917
2.70916
2.70916
2.70916
2.70916
2.70915
2.70915
2.70915
2.70915
2.70915
2.70915
2.70914
2.70913
2.70913
2.70913
2.70913
2.70912
2.70912
2.70912
2.70912
2.70912
2.70912
2.7091
2.70909
2.70909
2.70909
2.70909
2.70908
2.70908
2.70908
2.70908
2.70908
2.70908
2.70908
2.70908
2.70908
2.70907
2.70907
2.70907
2.70907
2.70907
2.70907
2.70907
2.70907
2.70907
2.70906
2.70905
2.70903
2.70903
2.70903
2.70903
2.70902
2.70902
2.70902
2.70902
2.70902
2.70902
2.70902
2.70902
2.70902
2.70901
2.70901
2.70901
2.70901
2.70901
2.70901
2.709
2.70899
2.70898
2.70898
2.70898
2.70897
2.70897
2.70896
2.70896
2.70896
2.70896
2.70895
2.70893
2.70893
2.70893
2.70892
2.70892
2.70892
2.70892
2.70892
2.70892
2.70892
2.70891
2.7089
2.70889
2.70889
2.70889
2.70889
2.70889
2.70889
2.70889
2.70889
2.70888
2.70888
2.70888
2.70888
2.70888
2.70888
2.70888
2.70888
2.70888
2.70887
2.70887
2.70887
2.70887
2.70887
2.70887
2.70887
2.70887
2.70887
2.70885
2.70885
2.70885
2.70885
2.70884
2.70884
2.70884
2.70884
2.70884
2.70884
2.70884
2.70884
2.70883
2.70883
2.70883
2.70883
2.70883
2.70883
2.70883
2.70883
2.70883
2.70883
2.70882
2.70882
2.70882
2.70882
2.70882
2.70881
2.70881
2.70881
2.7088
2.7088
2.7088
2.7088
2.7088
2.7088
2.7088
2.7088
2.70879
2.70879
2.70879
2.70879
2.70879
2.70879
2.70879
2.70879
2.70879
2.70878
2.70878
2.70878
2.70878
2.70878
2.70878
2.70878
2.70878
2.70878
2.70877
2.70877
2.70877
2.70877
2.70877
2.70877
2.70877
2.70877
2.70877
2.70876
2.70876
2.70876
2.70876
2.70876
2.70876
2.70876
2.70876
2.70876
2.70875
2.70875
2.70875
2.70875
2.70875
2.70875
2.70875
2.70875
2.70875
2.70874
2.70874
2.70874
2.70874
2.70874
2.70874
2.70874
2.70874
2.70874
2.70874
2.70873
2.70873
2.70873
2.70873
2.70872
2.70871
2.70871
2.70871
2.7087
2.7087
2.7087
2.7087
2.7087
2.7087
2.7087
2.7087
2.70869
2.70869
2.70869
2.70869
2.70869
2.70869
2.70869
2.70869
2.70869
2.70868
2.70868
2.70868
2.70868
2.70868
2.70868
2.70868
2.70868
2.70868
2.70868
2.70867
2.70867
2.70865
2.70864
2.70864
2.70864
2.70864
2.70864
2.70863
2.70863
2.70863
2.70863
2.70863
2.70863
2.70862
2.70861
2.7086
2.7086
2.7086
2.7086
2.7086
2.7086
2.7086
2.7086
2.70859
2.70859
2.70859
2.70859
2.70859
2.70859
2.70859
2.70859
2.70859
2.70858
2.70858
2.70858
2.70858
2.70858
2.70858
2.70858
2.70858
2.70858
2.70857
2.70857
2.70857
2.70857
2.70857
2.70857
2.70857
2.70857
2.70857
2.70856
2.70855
2.70854
2.70854
2.70854
2.70854
2.70854
2.70854
2.70854
2.70853
2.70853
2.70853
2.70853
2.70853
2.70853
2.70853
2.70853
2.70853
2.70852
2.70852
2.70852
2.70852
2.70852
2.70852
2.70852
2.70852
2.70852
2.70851
2.70851
2.70851
2.70851
2.70851
2.7085
2.70849
2.70849
2.70849
2.70849
2.70848
2.70848
2.70848
2.70848
2.70848
2.70848
2.70848
2.70848
2.70848
2.70847
2.70847
2.70847
2.70847
2.70847
2.70847
2.70847
2.70847
2.70847
2.70846
2.70846
2.70846
2.70846
2.70846
2.70846
2.70844
2.70843
2.70843
2.70843
2.70843
2.70843
2.70843
2.70842
2.70842
2.70842
2.70842
2.70842
2.70842
2.70842
2.70842
2.70842
2.70841
2.70841
2.70841
2.70841
2.70841
2.70841
2.70841
2.70841
2.70841
2.70841
2.7084
2.7084
2.7084
2.7084
2.7084
2.7084
2.7084
2.70838
2.70837
2.70837
2.70836
2.70836
2.70836
2.70836
2.70836
2.70836
2.70836
2.70836
2.70836
2.70835
2.70835
2.70834
2.70832
2.70832
2.70832
2.70831
2.70831
2.70831
2.70831
2.70831
2.70831
2.70831
2.70831
2.7083
2.7083
2.7083
2.7083
2.7083
2.7083
2.7083
2.7083
2.7083
2.70829
2.70829
2.70829
2.70829
2.70829
2.70829
2.70829
2.70829
2.70829
2.70828
2.70826
2.70825
2.70825
2.70825
2.70824
2.70824
2.70824
2.70824
2.70824
2.70824
2.70824
2.70824
2.70824
2.70823
2.70823
2.70823
2.70823
2.70823
2.70823
2.70823
2.70823
2.70823
2.7082
2.70819
2.70819
2.70819
2.70819
2.70819
2.70818
2.70818
2.70818
2.70818
2.70818
2.70818
2.70818
2.70818
2.70818
2.70817
2.70817
2.70817
2.70817
2.70817
2.70817
2.70817
2.70817
2.70817
2.70817
2.70816
2.70816
2.70816
2.70816
2.70816
2.70816
2.70816
2.70816
2.70816
2.70815
2.70815
2.70815
2.70815
2.70815
2.70815
2.70815
2.70815
2.70815
2.70814
2.70814
2.70814
2.70814
2.70814
2.70814
2.70814
2.70814
2.70814
2.70813
2.70813
2.70813
2.70813
2.70813
2.70813
2.70813
2.70813
2.70813
2.70812
2.70812
2.70812
2.70812
2.70812
2.70812
2.70812
2.70812
2.70812
2.70811
2.70811
2.70811
2.70811
2.70811
2.70811
2.70811
2.70811
2.70811
2.7081
2.7081
2.7081
2.7081
2.7081
2.7081
2.7081
2.7081
2.7081
2.70809
2.70809
2.70809
2.70809
2.70809
2.70809
2.70809
2.70809
2.70809
2.70809
2.70808
2.70808
2.70808
2.70808
2.70808
2.70806
2.70805
2.70804
2.70804
2.70804
2.70804
2.70804
2.70804
2.70804
2.70804
2.70803
2.70803
2.70803
2.70803
2.70803
2.70803
2.70803
2.70803
2.70803
2.70802
2.70801
2.708
2.70799
2.70799
2.70799
2.70799
2.70799
2.70799
2.70799
2.70798
2.70798
2.70798
2.70798
2.70798
2.70796
2.70796
2.70795
2.70795
2.70795
2.70795
2.70795
2.70795
2.70795
2.70795
2.70794
2.70794
2.70794
2.70794
2.70794
2.70794
2.70794
2.70794
2.70794
2.70792
2.70791
2.7079
2.7079
2.7079
2.7079
2.70789
2.70789
2.70789
2.70789
2.70788
2.70787
2.70786
2.70786
2.70786
2.70786
2.70786
2.70786
2.70785
2.70785
2.70785
2.70785
2.70785
2.70785
2.70785
2.70785
2.70784
2.70784
2.70783
2.70783
2.70783
2.70783
2.70782
2.70782
2.70782
2.70782
2.70782
2.70782
2.70782
2.70782
2.70782
2.70781
2.70781
2.70781
2.70781
2.7078
2.7078
2.70779
2.70779
2.70779
2.70779
2.70779
2.70779
2.70779
2.70778
2.70778
2.70778
2.70778
2.70778
2.70778
2.70778
2.70778
2.70778
2.70777
2.70775
2.70774
2.70774
2.70774
2.70774
2.70773
2.70773
2.70771
2.7077
2.7077
2.70769
2.70769
2.70769
2.70769
2.70769
2.70769
2.70769
2.70769
2.70769
2.70768
2.70768
2.70768
2.70768
2.70768
2.70768
2.70768
2.70768
2.70768
2.70767
2.70767
2.70767
2.70767
2.70767
2.70767
2.70767
2.70767
2.70767
2.70766
2.70766
2.70766
2.70766
2.70766
2.70766
2.70762
2.7076
2.7076
2.7076
2.7076
2.70759
2.70759
2.70759
2.70759
2.70759
2.70759
2.70759
2.70759
2.70759
2.70758
2.70758
2.70756
2.70756
2.70756
2.70755
2.70755
2.70755
2.70755
2.70755
2.70755
2.70755
2.70755
2.70755
2.70754
2.70754
2.70754
2.70754
2.70754
2.70754
2.70754
2.70754
2.70754
2.70753
2.70753
2.70752
2.70752
2.70751
2.70751
2.70751
2.70751
2.70751
2.70751
2.7075
2.7075
2.7075
2.7075
2.7075
2.7075
2.7075
2.7075
2.7075
2.70749
2.70749
2.70749
2.70749
2.70749
2.70749
2.70749
2.70749
2.70749
2.70749
2.70748
2.70748
2.70748
2.70748
2.70748
2.70748
2.70748
2.70748
2.70748
2.70747
2.70747
2.70747
2.70747
2.70747
2.70747
2.70747
2.70746
2.70745
2.70745
2.70745
2.70744
2.70744
2.70744
2.70744
2.70744
2.70744
2.70744
2.70744
2.70744
2.70743
2.70743
2.70743
2.70743
2.70743
2.70743
2.70743
2.70743
2.70743
2.70741
2.70741
2.7074
2.7074
2.7074
2.7074
2.7074
2.7074
2.7074
2.70739
2.70739
2.70739
2.70739
2.70739
2.70739
2.70739
2.70739
2.70739
2.70738
2.70738
2.70738
2.70738
2.70737
2.70737
2.70737
2.70736
2.70736
2.70736
2.70736
2.70736
2.70736
2.70736
2.70736
2.70736
2.70735
2.70735
2.70735
2.70735
2.70735
2.70735
2.70735
2.70735
2.70735
2.70734
2.70734
2.70734
2.70734
2.70734
2.70733
2.70732
2.70732
2.70731
2.70731
2.70731
2.70731
2.70731
2.70731
2.70731
2.7073
2.7073
2.7073
2.7073
2.7073
2.7073
2.7073
2.7073
2.7073
2.7073
2.70729
2.70729
2.70729
2.70729
2.70729
2.70729
2.70729
2.70728
2.70727
2.70727
2.70726
2.70726
2.70726
2.70726
2.70726
2.70726
2.70726
2.70726
2.70726
2.70725
2.70725
2.70725
2.70725
2.70725
2.70725
2.70725
2.70725
2.70725
2.70724
2.70724
2.70724
2.70724
2.70724
2.70724
2.70724
2.70724
2.70724
2.70723
2.70723
2.70723
2.70723
2.70723
2.70722
2.70721
2.70721
2.70721
2.70721
2.7072
2.7072
2.7072
2.7072
2.7072
2.7072
2.7072
2.7072
2.7072
2.70719
2.70719
2.70719
2.70719
2.70719
2.70719
2.70719
2.70719
2.70719
2.70718
2.70718
2.70716
2.70715
2.70715
2.70715
2.70714
2.70714
2.70714
2.70714
2.70714
2.70714
2.70714
2.70714
2.70713
2.70713
2.70713
2.70713
2.70713
2.70713
2.70713
2.70713
2.70713
2.70712
2.70712
2.70712
2.70712
2.70712
2.70712
2.70712
2.70712
2.70712
2.70711
2.70711
2.70711
2.70711
2.70711
2.70711
2.70711
2.70711
2.70711
2.70711
2.7071
2.7071
2.7071
2.7071
2.7071
2.7071
2.7071
2.7071
2.7071
2.70709
2.70709
2.70709
2.70709
2.70709
2.70709
2.70709
2.70709
2.70709
2.70708
2.70708
2.70708
2.70708
2.70708
2.70708
2.70708
2.70708
2.70708
2.70707
2.70707
2.70707
2.70707
2.70707
2.70707
2.70707
2.70707
2.70707
2.70706
2.70706
2.70706
2.70706
2.70706
2.70706
2.70706
2.70705
2.70702
2.70701
2.70701
2.70701
2.70701
2.70701
2.70701
2.707
2.707
2.707
2.707
2.707
2.707
2.707
2.707
2.707
2.70699
2.70698
2.70697
2.70697
2.70697
2.70697
2.70696
2.70696
2.70696
2.70696
2.70696
2.70696
2.70696
2.70696
2.70696
2.70695
2.70695
2.70694
2.70694
2.70693
2.70693
2.70693
2.70693
2.70693
2.70693
2.70692
2.70692
2.70692
2.70692
2.70692
2.70692
2.70692
2.70692
2.70692
2.70691
2.70691
2.70691
2.70691
2.7069
2.70688
2.70688
2.70688
2.70688
2.70688
2.70687
2.70687
2.70687
2.70687
2.70687
2.70687
2.70687
2.70687
2.70687
2.70686
2.70686
2.70686
2.70686
2.70686
2.70686
2.70686
2.70686
2.70686
2.70685
2.70685
2.70685
2.70685
2.70685
2.70685
2.70685
2.70685
2.70685
2.70684
2.70684
2.70684
2.70684
2.70684
2.70684
2.70684
2.70684
2.70684
2.70683
2.70683
2.70683
2.70683
2.70683
2.70681
2.7068
2.7068
2.70679
2.70679
2.70678
2.70678
2.70677
2.70677
2.70677
2.70677
2.70677
2.70677
2.70677
2.70677
2.70677
2.70676
2.70676
2.70676
2.70676
2.70676
2.70676
2.70676
2.70676
2.70676
2.70675
2.70675
2.70675
2.70675
2.70675
2.70675
2.70675
2.70675
2.70675
2.70674
2.70674
2.70674
2.70674
2.70674
2.70674
2.70674
2.70674
2.70674
2.70673
2.70673
2.70673
2.70673
2.70673
2.70673
2.70673
2.70671
2.7067
2.7067
2.7067
2.7067
2.7067
2.70669
2.70669
2.70669
2.70669
2.70669
2.70669
2.70669
2.70669
2.70669
2.70668
2.70668
2.70668
2.70668
2.70668
2.70668
2.70668
2.70668
2.70668
2.70667
2.70666
2.70664
2.70664
2.70664
2.70664
2.70663
2.70663
2.70663
2.70663
2.70663
2.70663
2.70663
2.70663
2.70663
2.70661
2.7066
2.7066
2.7066
2.7066
2.70659
2.70659
2.70659
2.70659
2.70659
2.70659
2.70659
2.70659
2.70659
2.70658
2.70658
2.70658
2.70657
2.70656
2.70655
2.70655
2.70655
2.70655
2.70655
2.70655
2.70654
2.70654
2.70654
2.70654
2.70654
2.70654
2.70654
2.70654
2.70652
2.70651
2.70651
2.70651
2.7065
2.7065
2.7065
2.7065
2.7065
2.7065
2.7065
2.7065
2.7065
2.70649
2.70649
2.70649
2.70649
2.70649
2.70649
2.70649
2.70649
2.70649
2.70648
2.70648
2.70648
2.70648
2.70648
2.70648
2.70648
2.70647
2.70646
2.70646
2.70645
2.70645
2.70645
2.70645
2.70645
2.70645
2.70645
2.70645
2.70644
2.70642
2.70641
2.70641
2.70641
2.7064
2.7064
2.7064
2.7064
2.7064
2.7064
2.7064
2.7064
2.7064
2.70639
2.70639
2.70639
2.70639
2.70639
2.70639
2.70639
2.70639
2.70639
2.70638
2.70638
2.70638
2.70638
2.70638
2.70638
2.70638
2.70638
2.70638
2.70637
2.70637
2.70637

