2.7
2.7
2.7
2.7
2.7
2.69999
2.69999
2.69999
2.69999
2.69999
2.69999
2.69999
2.69999
2.69999
2.69998
2.69998
2.69998
2.69998
2.69998
2.69998
2.69998
2.69998
2.69998
2.69997
2.69997
2.69997
2.69997
2.69997
2.69997
2.69997
2.69997
2.69997
2.69997
2.69996
2.69996
2.69996
2.69996
2.69996
2.69996
2.69996
2.69996
2.69996
2.69995
2.69995
2.69995
2.69995
2.69995
2.69995
2.69995
2.69995
2.69995
2.69994
2.69994
2.69994
2.69994
2.69993
2.69992
2.69992
2.69992
2.69992
2.69992
2.69992
2.69991
2.69991
2.69991
2.69991
2.69991
2.69991
2.69991
2.69991
2.69991
2.6999
2.69989
2.69988
2.69988
2.69988
2.69988
2.69988
2.69988
2.69987
2.69987
2.69987
2.69987
2.69987
2.69987
2.69987
2.69987
2.69987
2.69986
2.69986
2.69986
2.69986
2.69986
2.69986
2.69986
2.69986
2.69983
2.69982
2.69982
2.69982
2.69982
2.69982
2.69982
2.69981
2.69981
2.69981
2.69981
2.69981
2.69981
2.69981
2.69981
2.69981
2.6998
2.6998
2.6998
2.6998
2.6998
2.6998
2.6998
2.6998
2.6998
2.69979
2.69979
2.69979
2.69979
2.69979
2.69979
2.69979
2.69979
2.69979
2.69978
2.69977
2.69976
2.69976
2.69976
2.69976
2.69976
2.69975
2.69975
2.69975
2.69975
2.69975
2.69975
2.69975
2.69975
2.69975
2.69974
2.69974
2.69974
2.69974
2.69974
2.69974
2.69974
2.69974
2.69974
2.69973
2.69973
2.69973
2.69973
2.69973
2.69973
2.69973
2.69973
2.69973
2.69973
2.69972
2.69972
2.69971
2.6997
2.6997
2.69969
2.69969
2.69969
2.69969
2.69969
2.69969
2.69969
2.69969
2.69969
2.69968
2.69968
2.69968
2.69968
2.69967
2.69966
2.69966
2.69966
2.69966
2.69966
2.69966
2.69966
2.69966
2.69965
2.69965
2.69965
2.69965
2.69965
2.69965
2.69965
2.69965
2.69965
2.69964
2.69964
2.69964
2.69964
2.69964
2.69964
2.69964
2.69964
2.69964
2.69963
2.69963
2.69963
2.69963
2.69963
2.69963
2.69963
2.69963
2.69963
2.69962
2.69962
2.69962
2.69962
2.69962
2.69962
2.6996
2.69959
2.69959
2.69959
2.69959
2.69959
2.69959
2.69958
2.69958
2.69958
2.69958
2.69958
2.69958
2.69958
2.69958
2.69958
2.69957
2.69957
2.69957
2.69957
2.69957
2.69957
2.69957
2.69957
2.69957
2.69956
2.69956
2.69956
2.69956
2.69956
2.69956
2.69956
2.69956
2.69956
2.69955
2.69955
2.69955
2.69955
2.69955
2.69955
2.69955
2.69953
2.69952
2.69952
2.69952
2.69952
2.69952
2.69952
2.69951
2.69951
2.69951
2.69951
2.69951
2.69951
2.69951
2.69951
2.69951
2.69951
2.6995
2.6995
2.6995
2.6995
2.6995
2.6995
2.6995
2.6995
2.6995
2.69949
2.69949
2.69949
2.69949
2.69949
2.69949
2.69949
2.69949
2.69949
2.69948
2.69948
2.69948
2.69948
2.69948
2.69948
2.69948
2.69948
2.69948
2.69947
2.69947
2.69947
2.69947
2.69947
2.69947
2.69947
2.69947
2.69947
2.69946
2.69946
2.69946
2.69946
2.69946
2.69946
2.69946
2.69946
2.69946
2.69945
2.69945
2.69945
2.69945
2.69945
2.69945
2.69945
2.69945
2.69945
2.69944
2.69944
2.69944
2.69944
2.69944
2.69944
2.69944
2.69944
2.69944
2.69944
2.69943
2.69943
2.69943
2.69943
2.69943
2.69943
2.69943
2.69943
2.69943
2.69942
2.69942
2.69942
2.69942
2.69942
2.69942
2.69942
2.69942
2.69942
2.69941
2.69941
2.69941
2.69941
2.69941
2.69941
2.69941
2.69941
2.69941
2.6994
2.6994
2.6994
2.6994
2.6994
2.6994
2.6994
2.6994
2.6994
2.69939
2.69939
2.69939
2.69939
2.69939
2.69939
2.69939
2.69939
2.69939
2.69938
2.69938
2.69938
2.69938
2.69938
2.69938
2.69938
2.69938
2.69938
2.69938
2.69937
2.69935
2.69932
2.69931
2.6993
2.6993
2.6993
2.6993
2.6993
2.69929
2.69929
2.69929
2.69929
2.69929
2.69929
2.69929
2.69929
2.69929
2.69928
2.69928
2.69928
2.69928
2.69928
2.69928
2.69928
2.69928
2.69928
2.69926
2.69925
2.69925
2.69925
2.69925
2.69924
2.69924
2.69924
2.69924
2.69924
2.69924
2.69924
2.69924
2.69924
2.69923
2.69922
2.69922
2.69922
2.69921
2.69921
2.69921
2.69921
2.69921
2.69921
2.69921
2.69921
2.6992
2.6992
2.6992
2.6992
2.6992
2.69918
2.69917
2.69916
2.69915
2.69915
2.69915
2.69915
2.69914
2.69914
2.69914
2.69914
2.69914
2.69914
2.69914
2.69914
2.69914
2.69913
2.69913
2.69913
2.69913
2.69913
2.69913
2.69913
2.69913
2.69913
2.69912
2.69912
2.69912
2.69912
2.69911
2.69911
2.69911
2.6991
2.6991
2.6991
2.6991
2.6991
2.6991
2.6991
2.6991
2.6991
2.69909
2.69909
2.69909
2.69909
2.69909
2.69909
2.69909
2.69909
2.69909
2.69908
2.69908
2.69908
2.69908
2.69908
2.69908
2.69908
2.69907
2.69905
2.69904
2.69904
2.69904
2.69904
2.69903
2.69903
2.69903
2.69903
2.69903
2.69903
2.69903
2.69903
2.69903
2.69902
2.69902
2.69902
2.69902
2.69902
2.69902
2.69901
2.699
2.699
2.699
2.69899
2.69899
2.69899
2.69899
2.69899
2.69899
2.69899
2.69899
2.69898
2.69896
2.69896
2.69896
2.69895
2.69895
2.69895
2.69895
2.69895
2.69895
2.69895
2.69895
2.69894
2.69894
2.69894
2.69894
2.69894
2.69894
2.69894
2.69894
2.69894
2.69893
2.69893
2.69893
2.69893
2.69893
2.69893
2.69893
2.69893
2.69893
2.69892
2.69892
2.69892
2.69892
2.69892
2.69892
2.69891
2.69891
2.6989
2.6989
2.6989
2.6989
2.6989
2.6989
2.6989
2.6989
2.69889
2.69889
2.69889
2.69889
2.69889
2.69887
2.69886
2.69886
2.69884
2.69884
2.69883
2.69883
2.69883
2.69883
2.69883
2.69883
2.69882
2.69882
2.69882
2.69882
2.69882
2.69882
2.69882
2.69882
2.69882
2.69881
2.69881
2.69881
2.69881
2.69881
2.69881
2.69881
2.69881
2.69881
2.69881
2.6988
2.6988
2.69879
2.69879
2.69879
2.69878
2.69878
2.69878
2.69878
2.69878
2.69878
2.69878
2.69878
2.69878
2.69877
2.69877
2.69877
2.69877
2.69875
2.69874
2.69873
2.69873
2.69873
2.69873
2.69873
2.69873
2.69873
2.69873
2.69872
2.69872
2.69872
2.69872
2.69872
2.69872
2.69872
2.69872
2.69872
2.69871
2.69871
2.69871
2.69871
2.69871
2.69871
2.69871
2.69871
2.69871
2.6987
2.6987
2.6987
2.6987
2.6987
2.6987
2.6987
2.6987
2.6987
2.69869
2.69869
2.69869
2.69869
2.69869
2.69869
2.69869
2.69869
2.69869
2.69868
2.69868
2.69868
2.69868
2.69868
2.69868
2.69868
2.69868
2.69868
2.69867
2.69867
2.69867
2.69867
2.69867
2.69867
2.69867
2.69867
2.69867
2.69867
2.69866
2.69866
2.69866
2.69866
2.69866
2.69866
2.69866
2.69866
2.69866
2.69865
2.69865
2.69865
2.69865
2.69865
2.69864
2.69864
2.69864
2.69863
2.69863
2.69863
2.69863
2.69863
2.69863
2.69863
2.69863
2.69862
2.69862
2.69862
2.69862
2.69862
2.69862
2.69862
2.69862
2.69862
2.69862
2.69861
2.69861
2.69861
2.69859
2.69857
2.69857
2.69857
2.69857
2.69857
2.69857
2.69856
2.69856
2.69856
2.69856
2.69856
2.69856
2.69856
2.69856
2.69855
2.69854
2.69854
2.69854
2.69854
2.69854
2.69854
2.69854
2.69853
2.69853
2.69853
2.69853
2.69853
2.71019
2.71017
2.71016
2.71016
2.71016
2.71016
2.71016
2.71015
2.71015
2.71015
2.71015
2.71015
2.71015
2.71015
2.71015
2.71015
2.71014
2.71014
2.71014
2.71014
2.71013
2.71013
2.71013
2.71012
2.71012
2.71012
2.71012
2.71012
2.71012
2.71012
2.71012
2.71012
2.71011
2.71011
2.71011
2.71011
2.71011
2.71011
2.71011
2.71011
2.71011
2.7101
2.7101
2.7101
2.7101
2.7101
2.7101
2.7101
2.7101
2.7101
2.71009
2.71009
2.71009
2.71009
2.71009
2.71009
2.71009
2.71009
2.71009
2.71008
2.71008
2.71008
2.71008
2.71008
2.71008
2.71008
2.71008
2.71008
2.71007
2.71007
2.71007
2.71007
2.71007
2.71007
2.71007
2.71007
2.71007
2.71006
2.71006
2.71006
2.71006
2.71006
2.71006
2.71005
2.71005
2.71004
2.71004
2.71004
2.71004
2.71004
2.71003
2.71003
2.71003
2.71003
2.71003
2.71003
2.71003
2.71003
2.71003
2.71002
2.71002
2.71002
2.71002
2.71001
2.71001
2.71
2.71
2.71
2.71
2.71
2.71
2.71
2.71
2.70999
2.70999
2.70999
2.70999
2.70999
2.70999
2.70999
2.70999
2.70999
2.70999
2.70998
2.70998
2.70998
2.70998
2.70998
2.70998
2.70998
2.70998
2.70998
2.70997
2.70997
2.70997
2.70997
2.70997
2.70997
2.70997
2.70997
2.70997
2.70996
2.70996
2.70996
2.70996
2.70996
2.70996
2.70996
2.70996
2.70996
2.70995
2.70995
2.70995
2.70995
2.70995
2.70995
2.70995
2.70995
2.70995
2.70994
2.70994
2.70994
2.70994
2.70994
2.70994
2.70994
2.70994
2.70994
2.70993
2.70993
2.70993
2.70993
2.70993
2.70993
2.70993
2.70993
2.70993
2.70992
2.70992
2.70992
2.70992
2.70992
2.70992
2.70992
2.70992
2.70992
2.70991
2.70991
2.70991
2.70991
2.70991
2.70991
2.70991
2.70991
2.70991
2.70991
2.7099
2.7099
2.7099
2.7099
2.7099
2.7099
2.7099
2.7099
2.7099
2.70989
2.70989
2.70989
2.70989
2.70989
2.70989
2.70989
2.70989
2.70989
2.70988
2.70988
2.70988
2.70988
2.70988
2.70988
2.70988
2.70987
2.70986
2.70986
2.70985
2.70985
2.70985
2.70985
2.70985
2.70985
2.70985
2.70985
2.70984
2.70984
2.70984
2.70984
2.70984
2.70984
2.70984
2.70984
2.70984
2.70983
2.70983
2.70983
2.70983
2.70983
2.70983
2.70983
2.70983
2.70983
2.70983
2.70982
2.70982
2.70982
2.70982
2.70982
2.70982
2.70982
2.70982
2.70982
2.70981
2.70981
2.70981
2.70981
2.70981
2.70981
2.70981
2.70981
2.70981
2.7098
2.7098
2.7098
2.7098
2.7098
2.7098
2.7098
2.7098
2.7098
2.70979
2.70979
2.70979
2.70979
2.70979
2.70979
2.70979
2.70977
2.70976
2.70976
2.70976
2.70976
2.70976
2.70975
2.70975
2.70975
2.70975
2.70975
2.70975
2.70975
2.70975
2.70975
2.70974
2.70974
2.70974
2.70974
2.70974
2.70974
2.70974
2.70974
2.70974
2.70973
2.70973
2.70973
2.70973
2.70972
2.70971
2.7097
2.7097
2.7097
2.7097
2.7097
2.7097
2.70969
2.70969
2.70969
2.70969
2.70969
2.70969
2.70969
2.70969
2.70969
2.70968
2.70968
2.70968
2.70968
2.70968
2.70968
2.70968
2.70968
2.70968
2.70967
2.70967
2.70967
2.70967
2.70967
2.70967
2.70967
2.70967
2.70967
2.70966
2.70966
2.70966
2.70966
2.70966
2.70966
2.70966
2.70966
2.70966
2.70965
2.70965
2.70965
2.70965
2.70965
2.70965
2.70965
2.70965
2.70965
2.70965
2.70964
2.70963
2.70963
2.70962
2.70962
2.70962
2.70962
2.70962
2.70962
2.70962
2.70962
2.70962
2.70961
2.70961
2.70961
2.7096
2.70959
2.70959
2.70959
2.70958
2.70958
2.70958
2.70958
2.70958
2.70958
2.70958
2.70958
2.70958
2.70957
2.70957
2.70957
2.70957
2.70957
2.70957
2.70957
2.70957
2.70957
2.70955
2.70954
2.70954
2.70954
2.70954
2.70953
2.70953
2.70953
2.70953
2.70953
2.70953
2.70953
2.70953
2.70953
2.70952
2.70952
2.70952
2.70952
2.70952
2.70952
2.70952
2.70952
2.70952
2.70951
2.70951
2.70951
2.70951
2.70951
2.70951
2.70951
2.70951
2.70951
2.7095
2.7095
2.7095
2.7095
2.7095
2.7095
2.7095
2.7095
2.7095
2.70949
2.70949
2.70949
2.70949
2.70949
2.70949
2.70949
2.70949
2.70949
2.70949
2.70948
2.70948
2.70948
2.70948
2.70948
2.70948
2.70948
2.70948
2.70948
2.70947
2.70947
2.70947
2.70947
2.70947
2.70947
2.70947
2.70947
2.70947
2.70946
2.70946
2.70946
2.70946
2.70946
2.70946
2.70946
2.70946
2.70946
2.70945
2.70945
2.70945
2.70945
2.70945
2.70945
2.70945
2.70945
2.70945
2.70944
2.70944
2.70944
2.70944
2.70944
2.70944
2.70944
2.70944
2.70944
2.70943
2.70943
2.70943
2.70943
2.70943
2.70943
2.70943
2.70943
2.70943
2.70942
2.70942
2.70942
2.70942
2.70942
2.70942
2.70942
2.70942
2.70942
2.70941
2.70941
2.70941
2.70941
2.70941
2.70941
2.70941
2.70941
2.70941
2.70941
2.7094
2.7094
2.7094
2.7094
2.7094
2.7094
2.7094
2.7094
2.7094
2.70939
2.70939
2.70939
2.70939
2.70939
2.70939
2.70939
2.70939
2.70939
2.70938
2.70938
2.70938
2.70938
2.70938
2.70938
2.70938
2.70938
2.70938
2.70937
2.70937
2.70937
2.70937
2.70937
2.70937
2.70937
2.70937
2.70937
2.70936
2.70936
2.70936
2.70936
2.70936
2.70936
2.70936
2.70936
2.70936
2.70935
2.70935
2.70935
2.70935
2.70935
2.70935
2.70935
2.70935
2.70935
2.70934
2.70934
2.70934
2.70934
2.70934
2.70934
2.70934
2.70934
2.70934
2.70933
2.70933
2.70933
2.70933
2.70933
2.70933
2.70933
2.70933
2.70933
2.70933
2.70932
2.70932
2.70932
2.70932
2.70932
2.70932
2.70932
2.70932
2.70932
2.70931
2.70931
2.70931
2.70931
2.70931
2.70931
2.70931
2.70931
2.70931
2.7093
2.7093
2.7093
2.7093
2.7093
2.7093
2.7093
2.7093
2.7093
2.70929
2.70929
2.70929
2.70929
2.70929
2.70929
2.70929
2.70929
2.70929
2.70928
2.70928
2.70928
2.70928
2.70928
2.70928
2.70928
2.70928
2.70928
2.70927
2.70927
2.70927
2.70927
2.70927
2.70927
2.70927
2.70927
2.70927
2.70926
2.70926
2.70926
2.70926
2.70926
2.70926
2.70926
2.70926
2.70926
2.70925
2.70925
2.70925
2.70925
2.70925
2.70925
2.70925
2.70925
2.70925
2.70925
2.70924
2.70924
2.70924
2.70924
2.70924
2.70924
2.70924
2.70924
2.70924
2.70923
2.70923
2.70923
2.70923
2.70923
2.70923
2.70923
2.70923
2.70923
2.70922
2.70922
2.70922
2.70922
2.70922
2.70922
2.70922
2.70922
2.70922
2.70921
2.70921
2.70921
2.70921
2.70921
2.70921
2.70921
2.70921
2.70921
2.7092
2.7092
2.7092
2.7092
2.7092
2.7092
2.7092
2.7092
2.7092
2.70919
2.70919
2.70919
2.70919
2.70919
2.70919
2.70919
2.70919
2.70919
2.70918
2.70918
2.70918
2.70918
2.70918
2.70918
2.70918
2.70918
2.70918
2.70917
2.70917
2.70917
2.70917
2.70917
2.70917
2.70917
2.70917
2.70917
2.70917
2.70916
2.70916
2.70914
2.70913
2.70913
2.70912
2.70912
2.70912
2.70912
2.70912
2.70912
2.70912
2.70912
2.70911
2.70911
2.70911
2.70911
2.70911
2.70911
2.70911
2.70911
2.70911
2.70911
2.7091
2.7091
2.70909
2.70908
2.70907
2.70907
2.70907
2.70907
2.70906
2.70906
2.70906
2.70906
2.70906
2.70906
2.70906
2.70906
2.70906
2.70905
2.70905
2.70905
2.70905
2.70905
2.70905
2.70905
2.70905
2.70905
2.70905
2.70904
2.70904
2.70904
2.70904
2.70904
2.70904
2.70904
2.70904
2.70904
2.70903
2.70903
2.70903
2.70903
2.70903
2.70903
2.70903
2.70903
2.70903
2.70902
2.70902
2.70902
2.70902
2.70902
2.70902
2.70902
2.709
2.70898
2.70898
2.70898
2.70898
2.70898
2.70897
2.70897
2.70897
2.70897
2.70897
2.70897
2.70897
2.70897
2.70897
2.70896
2.70896
2.70896
2.70896
2.70896
2.70896
2.70896
2.70896
2.70894
2.70893
2.70892
2.70892
2.70892
2.70892
2.70892
2.70892
2.70891
2.70891
2.70891
2.70891
2.70891
2.7089
2.7089
2.7089
2.70889
2.70889
2.70889
2.70889
2.70889
2.70889
2.70889
2.70888
2.70888
2.70888
2.70888
2.70888
2.70888
2.70888
2.70888
2.70888
2.70887
2.70887
2.70887
2.70885
2.70885
2.70884
2.70884
2.70884
2.70884
2.70884
2.70884
2.70884
2.70883
2.70883
2.70882
2.70882
2.70881
2.70881
2.70881
2.70881
2.70881
2.70881
2.70881
2.70881
2.7088
2.70879
2.70878
2.70878
2.70878
2.70877
2.70877
2.70877
2.70877
2.70877
2.70877
2.70877
2.70877
2.70877
2.70876
2.70876
2.70876
2.70876
2.70876
2.70876
2.70876
2.70876
2.70876
2.70875
2.70875
2.70873
2.70873
2.70872
2.70872
2.70872
2.70872
2.70872
2.70872
2.70872
2.70871
2.70871
2.70871
2.70871
2.70871
2.70871
2.70871
2.70871
2.70871
2.7087
2.7087
2.70869
2.70868
2.70868
2.70868
2.70868
2.70867
2.70866
2.70865
2.70865
2.70865
2.70865
2.70864
2.70863
2.70863
2.70863
2.70863
2.70863
2.70862
2.70862
2.70862
2.70862
2.70862
2.7086
2.70859
2.70859
2.70859
2.70858
2.70858
2.70858
2.70858
2.70858
2.70858
2.70858
2.70858
2.70858
2.70857
2.70857
2.70857
2.70857
2.70857
2.70857
2.70857
2.70857
2.70857
2.70856
2.70856
2.70856
2.70856
2.70856
2.70856
2.70853
2.70852
2.70852
2.70852
2.70852
2.70852
2.70851
2.70851
2.70851
2.70851
2.70851
2.70851
2.70851
2.70851
2.70851
2.7085
2.7085
2.7085
2.7085
2.7085
2.7085
2.7085
2.7085
2.7085
2.70849
2.70849
2.70849
2.70847
2.70847
2.70847
2.70846
2.70846
2.70846
2.70846
2.70846
2.70846
2.70846
2.70846
2.70845
2.70845
2.70845
2.70845
2.70845
2.70845
2.70845
2.70845
2.70845
2.70844
2.70844
2.70844
2.70844
2.70844
2.70844
2.70844
2.70844
2.70844
2.70843
2.70843
2.70843
2.70843
2.70843
2.70843
2.70843
2.70843
2.70843
2.70842
2.70842
2.70842
2.70842
2.70842
2.70842
2.70842
2.70842
2.70842
2.70841
2.70841
2.70841
2.70841
2.70841
2.70841
2.70841
2.70841
2.70841
2.7084
2.7084
2.7084
2.7084
2.7084
2.7084
2.7084
2.7084
2.7084
2.70839
2.70839
2.70839
2.70839
2.70839
2.70838
2.70837
2.70837
2.70837
2.70837
2.70837
2.70837
2.70836
2.70836
2.70836
2.70836
2.70836
2.70836
2.70836
2.70836
2.70836
2.70835
2.70835
2.70835
2.70835
2.70835
2.70835
2.70835
2.70835
2.70835
2.70834
2.70834
2.70834
2.70834
2.70834
2.70834
2.70834
2.70834
2.70833
2.70832
2.70832
2.70832
2.70832
2.70832
2.70831
2.70831
2.70831
2.70831
2.70831
2.70831
2.70829
2.70827
2.70826
2.70826
2.70826
2.70826
2.70826
2.70826
2.70826
2.70825
2.70825
2.70825
2.70825
2.70825
2.70825
2.70825
2.70825
2.70825
2.70824
2.70824
2.70824
2.70824
2.70824
2.70824
2.70824
2.70824
2.70824
2.70823
2.70823
2.70823
2.70823
2.70823
2.70823
2.70823
2.70823
2.70823
2.70822
2.70822
2.70821
2.70821
2.70821
2.70821
2.70821
2.70821
2.7082
2.7082
2.7082
2.7082
2.7082
2.7082
2.7082
2.7082
2.7082
2.70819
2.70819
2.70819
2.70819
2.70819
2.70819
2.70819
2.70819
2.70819
2.70818
2.70818
2.70818
2.70818
2.70818
2.70818
2.70818
2.70817
2.70816
2.70816
2.70816
2.70816
2.70816
2.70815
2.70815
2.70815
2.70815
2.70815
2.70815
2.70815
2.70815
2.70815
2.70814
2.70814
2.70814
2.70814
2.70814
2.70814
2.70814
2.70814
2.70814
2.70813
2.70813
2.70813
2.70813
2.70813
2.70812
2.70811
2.70811
2.7081
2.7081
2.7081
2.7081
2.7081
2.7081
2.7081
2.7081
2.7081
2.70809
2.70809
2.70809
2.70809
2.70809
2.70809
2.70809
2.70809
2.70809
2.70808
2.70808
2.70808
2.70808
2.70808
2.70808
2.70808
2.70808
2.70808
2.70807
2.70807
2.70807
2.70807
2.70806
2.70805
2.70805
2.70805
2.70805
2.70804
2.70804
2.70804
2.70804
2.70804
2.70804
2.70804
2.70804
2.70803
2.70802
2.70801
2.70801
2.70801
2.708
2.708
2.708
2.708
2.708
2.708
2.708
2.708
2.708
2.70799
2.70799
2.70799
2.70799
2.70799
2.70799
2.70799
2.70799
2.70799
2.70798
2.70798
2.70798
2.70798
2.70798
2.70798
2.70798
2.70798
2.70796
2.70795
2.70795
2.70795
2.70794
2.70794
2.70794
2.70794
2.70794
2.70794
2.70794
2.70794
2.70794
2.70793
2.70793
2.70793
2.70793
2.70793
2.70793
2.70793
2.70793
2.70793
2.7079
2.7079
2.70789
2.70789
2.70789
2.70789
2.70789
2.70789
2.70789
2.70788
2.70788
2.70788
2.70788
2.70788
2.70788
2.70788
2.70788
2.70788
2.70787
2.70787
2.70787
2.70787
2.70787
2.70787
2.70787
2.70787
2.70787
2.70786
2.70786
2.70786
2.70786
2.70786
2.70786
2.70786
2.70786
2.70786
2.70786
2.70785
2.70785
2.70785
2.70785
2.70785
2.70785
2.70785
2.70785
2.70785
2.70784
2.70784
2.70784
2.70784
2.70784
2.70784
2.70784
2.70784
2.70784
2.70783
2.70783
2.70783
2.70783
2.70783
2.70783
2.70783
2.70783
2.70783
2.70782
2.70782
2.70782
2.70782
2.70782
2.70782
2.70782
2.70782
2.70782
2.70781
2.70781
2.70781
2.70781
2.70781
2.70781
2.70781
2.70781
2.70781
2.7078
2.7078
2.7078
2.7078
2.7078
2.7078
2.7078
2.7078
2.7078
2.70779
2.70779
2.70779
2.70779
2.70779
2.70779
2.70779
2.70779
2.70779
2.70778
2.70778
2.70778
2.70776
2.70775
2.70775
2.70775
2.70775
2.70775
2.70774
2.70774
2.70774
2.70774
2.70774
2.70774
2.70774
2.70774
2.70774
2.70773
2.70773
2.70773
2.70773
2.70773
2.70772
2.70772
2.70771
2.70771
2.70771
2.70771
2.70771
2.70771
2.70771
2.70771
2.7077
2.7077
2.7077
2.7077
2.70769
2.70767
2.70767
2.70767
2.70767
2.70767
2.70767
2.70766
2.70766
2.70766
2.70766
2.70766
2.70766
2.70766
2.70766
2.70766
2.70765
2.70765
2.70765
2.70765
2.70764
2.70764
2.70763
2.70763
2.70763
2.70763
2.70763
2.70763
2.70763
2.7076
2.70759
2.70759
2.70759
2.70759
2.70759
2.70759
2.70759
2.70758
2.70758
2.70758
2.70758
2.70758
2.70758
2.70758
2.70758
2.70757
2.70756
2.70756
2.70756
2.70755
2.70755
2.70755
2.70755
2.70755
2.70755
2.70755
2.70755
2.70754
2.70754
2.70754
2.70754
2.70754
2.70754
2.70753
2.70751
2.7075
2.7075
2.7075
2.7075
2.7075
2.7075
2.7075
2.70749
2.70749
2.70749
2.70749
2.70749
2.70749
2.70749
2.70749
2.70749
2.70748
2.70748
2.70747
2.70747
2.70747
2.70746
2.70746
2.70746
2.70746
2.70744
2.70743
2.70743
2.70743
2.70743
2.70742
2.70742
2.70742
2.70742
2.70742
2.70742
2.70742
2.70742
2.70742
2.70741
2.70741
2.70741
2.70741
2.70741
2.70741
2.70741
2.70741
2.70741
2.7074
2.7074
2.7074
2.7074
2.7074
2.7074
2.7074
2.7074
2.7074
2.7074
2.70739
2.70739
2.70739
2.70738
2.70738
2.70737
2.70737
2.70737
2.70737
2.70737
2.70737
2.70737
2.70736
2.70736
2.70736
2.70736
2.70736
2.70736
2.70735
2.70733
2.70733
2.70732
2.70732
2.70732
2.70732
2.70732
2.70732
2.70732
2.70732
2.70732
2.70731
2.70731
2.70731
2.70731
2.70731
2.70731
2.70731
2.70731
2.70731
2.7073
2.7073
2.7073
2.7073
2.70729
2.70728
2.70728
2.70728
2.70728
2.70728
2.70728
2.70727
2.70727
2.70727
2.70727
2.70727
2.70727
2.70727
2.70727
2.70727
2.70726
2.70726
2.70726
2.70726
2.70726
2.70726
2.70726
2.70726
2.70726
2.70725
2.70725
2.70725
2.70725
2.70725
2.70725
2.70725
2.70725
2.70725
2.70724
2.70724
2.70724
2.70724
2.70724
2.70724
2.70724
2.70724
2.70722
2.70721
2.7072
2.7072
2.7072
2.7072
2.7072
2.7072
2.7072
2.70719
2.70719
2.70719
2.70719
2.70719
2.70719
2.70719
2.70719
2.70719
2.70718
2.70718
2.70718
2.70718
2.70716
2.70716
2.70715
2.70715
2.70715
2.70715
2.70715
2.70715
2.70714
2.70714
2.70714
2.70714
2.70714
2.70714
2.70714
2.70714
2.70714
2.70713
2.70713
2.70713
2.70713
2.70712
2.70712
2.70711
2.70711
2.70711
2.70711
2.70711
2.70711
2.70711
2.7071
2.7071
2.7071
2.7071
2.7071
2.7071
2.7071
2.7071
2.7071
2.70709
2.70709
2.70709
2.70709
2.70709
2.70709
2.70709
2.70709
2.70709
2.70707
2.70706
2.70706
2.70705
2.70705
2.70705
2.70705
2.70705
2.70705
2.70705
2.70705
2.70704
2.70704
2.70704
2.70704
2.70704
2.70704
2.70704
2.70704
2.70704
2.70703
2.70703
2.70703
2.70703
2.70703
2.70703
2.70703
2.707
2.707
2.70699
2.70699
2.70699
2.70699
2.70699
2.70699
2.70699
2.70699
2.70698
2.70698
2.70698
2.70698
2.70698
2.70698
2.70698
2.70698
2.70698
2.70697
2.70697
2.70697
2.70697
2.70697
2.70697
2.70697
2.70697
2.70697
2.70696
2.70696
2.70696
2.70696
2.70696
2.70696
2.70696
2.70694
2.70693
2.70693
2.70693
2.70693
2.70692
2.70692
2.70692
2.70692
2.70692
2.70692
2.70692
2.70692
2.70692
2.70691
2.70691
2.70691
2.70691
2.70691
2.70691
2.70691
2.70691
2.70691
2.7069
2.7069
2.70689
2.70688
2.70688
2.70688
2.70688
2.70687
2.70687
2.70687
2.70687
2.70687
2.70687
2.70687
2.70687
2.70687
2.70686
2.70686
2.70686
2.70686
2.70686
2.70686
2.70686
2.70686
2.70686
2.70685
2.70685
2.70685
2.70685
2.70685
2.70685
2.70685
2.70685
2.70685
2.70684
2.70684
2.70684
2.70684
2.70684
2.70684
2.70684
2.70684
2.70684
2.70683
2.70683
2.70683
2.70683
2.70683
2.70683
2.70683
2.70683
2.70683
2.70683
2.70682
2.70682
2.70682
2.70682
2.70682
2.70682
2.70682
2.70682
2.70682
2.70681
2.70681
2.70681
2.70681
2.70681
2.70681
2.70681
2.70681
2.70681
2.7068
2.7068
2.7068
2.7068
2.7068
2.7068
2.7068
2.7068
2.7068
2.70679
2.70679
2.70679
2.70679
2.70679
2.70679
2.70677
2.70676
2.70676
2.70676
2.70676
2.70676
2.70676
2.70676
2.70675
2.70675
2.70675
2.70675
2.70675
2.70675
2.70675
2.70675
2.70675
2.70672
2.70671
2.70671
2.70671
2.7067
2.7067
2.7067
2.7067
2.7067
2.7067
2.7067
2.7067
2.7067
2.70669
2.70669
2.70669
2.70667
2.70666
2.70666
2.70666
2.70666
2.70666
2.70666
2.70665
2.70665
2.70665
2.70665
2.70665
2.70665
2.70665
2.70665
2.70665
2.70664
2.70664
2.70664
2.70664
2.70664
2.70618
2.70616
2.70616
2.70616
2.70616
2.70616
2.70616
2.70615
2.70615
2.70615
2.70615
2.70615
2.70615
2.70615
2.70615
2.70615
2.70614
2.70614
2.70614
2.70614
2.70614
2.70614
2.70614
2.70614
2.70614
2.70613
2.70613
2.70613
2.70613
2.70613
2.70613
2.70613
2.70613
2.70613
2.70612
2.70612
2.70612
2.70612
2.70612
2.70612
2.70612
2.70612
2.70612
2.70611
2.70611
2.70611
2.70611
2.7061
2.70609
2.70609
2.70608
2.70607
2.70606
2.70605
2.70605
2.70605
2.70605
2.70605
2.70605
2.70605
2.70604
2.70604
2.70604
2.70604
2.70604
2.70604
2.70604
2.70604
2.70604
2.70603
2.70603
2.70603
2.70603
2.70603
2.70603
2.70603
2.70603
2.70603
2.70602
2.70602
2.70602
2.70602
2.70602
2.70602
2.70602
2.70602
2.70602
2.70601
2.70601
2.70601
2.70601
2.70601
2.70601
2.70601
2.70601
2.70601
2.706
2.70599
2.70597
2.70597
2.70597
2.70597
2.70597
2.70597
2.70596
2.70596
2.70596
2.70596
2.70596
2.70596
2.70596
2.70596
2.70596
2.70595
2.70595
2.70595
2.70595
2.70595
2.70595
2.70595
2.70595
2.70595
2.70593
2.70592
2.70592
2.70591
2.70591
2.70591
2.70591
2.70591
2.70591
2.70591
2.7059
2.7059
2.7059
2.7059
2.70589
2.70587
2.70587
2.70587
2.70586
2.70586
2.70586
2.70586
2.70586
2.70586
2.70586
2.70586
2.70585
2.70585
2.70585
2.70585
2.70585
2.70584
2.70582
2.70582
2.70581
2.70581
2.70581
2.70581
2.70581
2.70581
2.70581
2.70581
2.7058
2.7058
2.7058
2.7058
2.7058
2.70578
2.70577
2.70577
2.70577
2.70577
2.70577
2.70577
2.70576
2.70576
2.70576
2.70576
2.70576
2.70576
2.70576
2.70576
2.70576
2.70576
2.70575
2.70575
2.70575
2.70575
2.70575
2.70575
2.70575
2.70575
2.70575
2.70574
2.70574
2.70574
2.70572
2.70571
2.70571
2.7057
2.7057
2.7057
2.7057
2.7057
2.7057
2.7057
2.7057
2.70569
2.70567
2.70566
2.70566
2.70566
2.70566
2.70566
2.70566
2.70565
2.70565
2.70565
2.70565
2.70565
2.70565
2.70565
2.70565
2.70565
2.70564
2.70564
2.70564
2.70564
2.70564
2.70564
2.70564
2.70564
2.70564
2.70564
2.70563
2.70563
2.70563
2.70563
2.70563
2.70563
2.70563
2.70563

