2.7
2.7
2.7
2.7
2.7
2.69999
2.69999
2.69999
2.69999
2.69999
2.69999
2.69999
2.69999
2.69999
2.69998
2.69998
2.69998
2.69996
2.69995
2.69995
2.69995
2.69995
2.69995
2.69995
2.69994
2.69994
2.69994
2.69994
2.69994
2.69994
2.69994
2.69994
2.69994
2.69993
2.69993
2.69993
2.69993
2.69993
2.69993
2.69993
2.69993
2.69993
2.69993
2.69992
2.69992
2.69992
2.69992
2.69992
2.69992
2.69992
2.69992
2.69992
2.69991
2.69991
2.69991
2.69991
2.69991
2.69991
2.69991
2.69991
2.69991
2.6999
2.6999
2.6999
2.6999
2.6999
2.6999
2.6999
2.6999
2.6999
2.69989
2.69989
2.69989
2.69989
2.69989
2.69989
2.69989
2.69989
2.69989
2.69988
2.69988
2.69988
2.69988
2.69988
2.69988
2.69988
2.69988
2.69988
2.69987
2.69987
2.69987
2.69987
2.69987
2.69987
2.69987
2.69987
2.69987
2.69987
2.69986
2.69986
2.69986
2.69986
2.69986
2.69986
2.69986
2.69986
2.69986
2.69985
2.69985
2.69985
2.69984
2.69984
2.69984
2.69984
2.69983
2.69983
2.69983
2.69983
2.69983
2.69983
2.69983
2.69983
2.69983
2.69982
2.69982
2.69982
2.69982
2.69981
2.69981
2.6998
2.6998
2.6998
2.6998
2.6998
2.6998
2.6998
2.6998
2.69979
2.69979
2.69979
2.69979
2.69979
2.69979
2.69979
2.69979
2.69979
2.69979
2.69978
2.69978
2.69978
2.69978
2.69977
2.69976
2.69976
2.69976
2.69976
2.69976
2.69976
2.69975
2.69975
2.69975
2.69975
2.69975
2.69975
2.69975
2.69975
2.69975
2.69975
2.69974
2.69974
2.69974
2.69974
2.69974
2.69974
2.69973
2.69972
2.69972
2.69972
2.69972
2.69971
2.69971
2.69971
2.69971
2.69971
2.69971
2.69971
2.69971
2.69971
2.6997
2.6997
2.6997
2.69969
2.69969
2.69969
2.69968
2.69968
2.69968
2.69968
2.69968
2.69968
2.69968
2.69968
2.69967
2.69967
2.69967
2.69967
2.69967
2.69967
2.69967
2.69967
2.69967
2.69966
2.69966
2.69966
2.69966
2.69965
2.69964
2.69964
2.69964
2.69964
2.69963
2.69963
2.69963
2.69963
2.69963
2.69963
2.69963
2.69963
2.69963
2.69963
2.69962
2.69962
2.69962
2.69962
2.69962
2.69962
2.69962
2.69962
2.69962
2.69961
2.6996
2.69959
2.69959
2.69959
2.69959
2.69959
2.69959
2.69958
2.69958
2.69958
2.69958
2.69958
2.69958
2.69958
2.69958
2.69958
2.69957
2.69957
2.69956
2.69956
2.69956
2.69956
2.69955
2.69955
2.69955
2.69955
2.69955
2.69955
2.69955
2.69955
2.69955
2.69954
2.69954
2.69954
2.69954
2.69954
2.69954
2.69954
2.69954
2.69953
2.69952
2.69952
2.69951
2.69951
2.69951
2.69951
2.69951
2.69951
2.69951
2.69951
2.69951
2.6995
2.69949
2.69948
2.69948
2.69948
2.69948
2.69948
2.69948
2.69948
2.69948
2.69948
2.69947
2.69947
2.69947
2.69947
2.69947
2.69947
2.69946
2.69945
2.69945
2.69945
2.69945
2.69945
2.69944
2.69944
2.69944
2.69944
2.69944
2.69944
2.69944
2.69944
2.69944
2.69944
2.69943
2.69943
2.69943
2.69943
2.69943
2.69943
2.69943
2.69942
2.69941
2.69941
2.69941
2.69941
2.69941
2.69941
2.69941
2.6994
2.6994
2.6994
2.6994
2.6994
2.6994
2.6994
2.6994
2.6994
2.69939
2.69939
2.69939
2.69939
2.69939
2.69939
2.69939
2.69939
2.69939
2.69938
2.69938
2.69938
2.69938
2.69938
2.69938
2.69938
2.69938
2.69938
2.69937
2.69937
2.69937
2.69936
2.69935
2.69935
2.69934
2.69934
2.69934
2.69934
2.69934
2.69934
2.69934
2.69934
2.69934
2.69933
2.69933
2.69933
2.69933
2.69933
2.69933
2.69933
2.69933
2.69933
2.69932
2.69932
2.69931
2.69931
2.69931
2.69931
2.69931
2.69931
2.6993
2.6993
2.6993
2.6993
2.6993
2.6993
2.6993
2.6993
2.6993
2.69929
2.69929
2.69929
2.69928
2.69928
2.69928
2.69927
2.69927
2.69927
2.69927
2.69927
2.69927
2.69927
2.69927
2.69926
2.69926
2.69925
2.69924
2.69924
2.69923
2.69922
2.69922
2.69922
2.69922
2.69922
2.69921
2.69921
2.69921
2.69921
2.69921
2.69921
2.69921
2.69921
2.69921
2.6992
2.6992
2.6992
2.6992
2.6992
2.6992
2.6992
2.6992
2.6992
2.69919
2.69919
2.69919
2.69919
2.69919
2.69919
2.69919
2.69919
2.69919
2.69918
2.69918
2.69918
2.69918
2.69918
2.69918
2.69918
2.69918
2.69918
2.69917
2.69916
2.69916
2.69916
2.69916
2.69916
2.69915
2.69915
2.69915
2.69915
2.69915
2.69915
2.69915
2.69915
2.69915
2.69914
2.69914
2.69914
2.69914
2.69914
2.69914
2.69914
2.69914
2.69913
2.69912
2.69911
2.69911
2.69911
2.69911
2.69911
2.69911
2.69911
2.6991
2.6991
2.6991
2.6991
2.6991
2.69909
2.69908
2.69908
2.69908
2.69908
2.69908
2.69907
2.69907
2.69907
2.69907
2.69907
2.69907
2.69907
2.69907
2.69906
2.69906
2.69905
2.69905
2.69905
2.69905
2.69905
2.69905
2.69905
2.69904
2.69904
2.69904
2.69904
2.69904
2.69904
2.69904
2.69904
2.69904
2.69903
2.69903
2.69903
2.69903
2.69902
2.69902
2.69902
2.69901
2.69901
2.69901
2.69901
2.69901
2.69901
2.69901
2.69901
2.699
2.699
2.69899
2.69899
2.69899
2.69899
2.69899
2.69898
2.69898
2.69898
2.69898
2.69898
2.69898
2.69898
2.69898
2.69898
2.69897
2.69897
2.69897
2.69897
2.69897
2.69897
2.69897
2.69897
2.69897
2.69896
2.69896
2.69896
2.69896
2.69896
2.69895
2.69894
2.69894
2.69894
2.69894
2.69894
2.69894
2.69893
2.69893
2.69893
2.69893
2.69893
2.69893
2.69893
2.69893
2.69893
2.69892
2.69892
2.69892
2.69892
2.69892
2.69892
2.69892
2.69892
2.69892
2.69892
2.69891
2.69891
2.69891
2.69891
2.69891
2.69891
2.69891
2.69891
2.69891
2.6989
2.6989
2.6989
2.6989
2.69889
2.69889
2.69888
2.69888
2.69888
2.69888
2.69888
2.69888
2.69888
2.69888
2.69887
2.69887
2.69887
2.69887
2.69887
2.69887
2.69887
2.69887
2.69887
2.69886
2.69886
2.69886
2.69886
2.69886
2.69886
2.69886
2.69886
2.69886
2.69886
2.69885
2.69885
2.69884
2.69884
2.69883
2.69883
2.69883
2.69883
2.69883
2.69883
2.69883
2.69883
2.69883
2.69882
2.69882
2.69882
2.69882
2.69882
2.69882
2.69882
2.69882
2.69882
2.69881
2.69881
2.69881
2.69881
2.69881
2.69881
2.69881
2.69881
2.69881
2.6988
2.6988
2.6988
2.6988
2.6988
2.69879
2.69878
2.69878
2.69878
2.69877
2.69877
2.69877
2.69877
2.69877
2.69877
2.69877
2.69877
2.69877
2.69876
2.69876
2.69876
2.69876
2.69876
2.69876
2.69876
2.69876
2.69876
2.69876
2.69873
2.69872
2.69872
2.69872
2.69872
2.69872
2.69872
2.69871
2.69871
2.69871
2.69871
2.69871
2.69871
2.69871
2.69871
2.69871
2.6987
2.6987
2.6987
2.6987
2.6987
2.6987
2.6987
2.6987
2.6987
2.69869
2.69869
2.69869
2.69869
2.69869
2.69869
2.69869
2.69869
2.69869
2.69868
2.69868
2.69868
2.69867
2.69865
2.69865
2.69865
2.69865
2.69864
2.69864
2.69864
2.69864
2.69864
2.69864
2.69864
2.69864
2.69863
2.69863
2.69863
2.69863
2.69863
2.69863
2.69863
2.69863
2.69863
2.69863
2.69862
2.69862
2.69862
2.69862
2.69862
2.69862
2.69862
2.69862
2.69862
2.69861
2.69861
2.69861
2.69861
2.69861
2.69861
2.69861
2.69861
2.69861
2.6986
2.6986
2.6986
2.6986
2.6986
2.6986
2.6986
2.6986
2.6986
2.69859
2.69859
2.69859
2.69859
2.69859
2.69859
2.69858
2.69857
2.69857
2.69857
2.69857
2.69857
2.69857
2.69857
2.69856
2.69856
2.69856
2.69856
2.69856
2.69856
2.69856
2.69856
2.69856
2.69855
2.69855
2.69855
2.69855
2.69855
2.69855
2.69855
2.69855
2.69855
2.69854
2.69854
2.69854
2.69854
2.69854
2.69854
2.69854
2.69854
2.69852
2.69851
2.69851
2.69851
2.69851
2.69851
2.69851
2.6985
2.6985
2.6985
2.6985
2.6985
2.6985
2.6985
2.6985
2.6985
2.69849
2.69849
2.69849
2.69849
2.69849
2.69849
2.69849
2.69849
2.69849
2.69848
2.69848
2.69848
2.69848
2.69848
2.69848
2.69848
2.69848
2.69848
2.69847
2.69847
2.69847
2.69847
2.69847
2.69847
2.69847
2.7187
2.71869
2.71869
2.71869
2.71868
2.71868
2.71868
2.71868
2.71868
2.71868
2.71868
2.71868
2.71868
2.71867
2.71867
2.71867
2.71867
2.71867
2.71867
2.71867
2.71867
2.71866
2.71864
2.71863
2.71863
2.71863
2.71862
2.71862
2.71862
2.71862
2.71862
2.71862
2.71862
2.71862
2.71862
2.71861
2.71861
2.71861
2.71861
2.71861
2.71861
2.71861
2.71861
2.71861
2.7186
2.7186
2.7186
2.7186
2.7186
2.7186
2.7186
2.7186
2.7186
2.71859
2.71859
2.71859
2.71859
2.71859
2.71859
2.71859
2.71859
2.71859
2.71859
2.71858
2.71858
2.71858
2.71858
2.71858
2.71858
2.71858
2.71858
2.71858
2.71857
2.71857
2.71857
2.71857
2.71856
2.71856
2.71855
2.71855
2.71855
2.71855
2.71855
2.71855
2.71855
2.71855
2.71854
2.71854
2.71854
2.71853
2.71853
2.71853
2.71852
2.71852
2.71852
2.71852
2.71852
2.71852
2.71852
2.71852
2.71852
2.71851
2.71851
2.71851
2.71851
2.71851
2.71851
2.71851
2.71851
2.71851
2.7185
2.7185
2.7185
2.7185
2.7185
2.7185
2.7185
2.7185
2.7185
2.71849
2.71849
2.71849
2.71849
2.71849
2.71848
2.71847
2.71846
2.71846
2.71846
2.71846
2.71846
2.71845
2.71845
2.71845
2.71845
2.71845
2.71845
2.71845
2.71845
2.71845
2.71844
2.71843
2.71843
2.71843
2.71842
2.71842
2.71842
2.71842
2.71842
2.71842
2.71842
2.71842
2.71841
2.71841
2.71841
2.71841
2.7184
2.71839
2.71839
2.71839
2.71839
2.71839
2.71839
2.71838
2.71838
2.71838
2.71838
2.71838
2.71838
2.71838
2.71838
2.71838
2.71837
2.71837
2.71837
2.71837
2.71837
2.71837
2.71837
2.71837
2.71837
2.71836
2.71836
2.71836
2.71836
2.71836
2.71836
2.71836
2.71836
2.71836
2.71835
2.71835
2.71835
2.71835
2.71835
2.71835
2.71835
2.71835
2.71835
2.71834
2.71834
2.71834
2.71834
2.71834
2.71834
2.71834
2.71833
2.71833
2.71832
2.71832
2.71832
2.71832
2.71832
2.71832
2.71832
2.71831
2.71831
2.71831
2.71831
2.71831
2.71831
2.71831
2.71831
2.71831
2.7183
2.7183
2.71829
2.71828
2.71828
2.71828
2.71828
2.71828
2.71828
2.71828
2.71827
2.71827
2.71827
2.71827
2.71827
2.71827
2.71827
2.71827
2.71827
2.71826
2.71826
2.71826
2.71826
2.71826
2.71826
2.71826
2.71826
2.71826
2.71825
2.71825
2.71825
2.71825
2.71825
2.71825
2.71825
2.71825
2.71825
2.71824
2.71824
2.71824
2.71824
2.71824
2.71824
2.71824
2.71824
2.71823
2.71822
2.71821
2.71821
2.71821
2.71821
2.71821
2.71821
2.71821
2.7182
2.7182
2.7182
2.7182
2.7182
2.7182
2.7182
2.7182
2.7182
2.71819
2.71819
2.71819
2.71819
2.71819
2.71819
2.71819
2.71819
2.71818
2.71817
2.71817
2.71817
2.71817
2.71816
2.71816
2.71816
2.71816
2.71816
2.71816
2.71816
2.71816
2.71816
2.71815
2.71815
2.71815
2.71815
2.71815
2.71815
2.71815
2.71815
2.71815
2.71814
2.71814
2.71814
2.71814
2.71814
2.71814
2.71814
2.71814
2.71814
2.71814
2.71813
2.71812
2.71811
2.71811
2.71811
2.71811
2.71811
2.71811
2.7181
2.7181
2.7181
2.7181
2.7181
2.7181
2.7181
2.7181
2.7181
2.71809
2.71809
2.71809
2.71809
2.71809
2.71809
2.71809
2.71809
2.71808
2.71807
2.71807
2.71806
2.71806
2.71806
2.71806
2.71806
2.71806
2.71806
2.71806
2.71805
2.71805
2.71805
2.71805
2.71805
2.71805
2.71804
2.71803
2.71802
2.71802
2.71802
2.71802
2.71802
2.71802
2.71802
2.71802
2.71801
2.71801
2.71801
2.71801
2.71801
2.71801
2.71801
2.71801
2.71801
2.718
2.718
2.718
2.718
2.718
2.718
2.718
2.718
2.718
2.71799
2.71799
2.71799
2.71799
2.71799
2.71799
2.71799
2.71799
2.71799
2.71798
2.71798
2.71798
2.71797
2.71797
2.71797
2.71796
2.71796
2.71796
2.71796
2.71796
2.71796
2.71796
2.71796
2.71796
2.71795
2.71795
2.71795
2.71795
2.71795
2.71795
2.71795
2.71795
2.71795
2.71794
2.71793
2.71793
2.71792
2.71792
2.71792
2.71792
2.71792
2.71792
2.71792
2.71792
2.71791
2.71791
2.71791
2.71791
2.71791
2.71791
2.71791
2.71791
2.71791
2.7179
2.7179
2.7179
2.7179
2.7179
2.7179
2.7179
2.71789
2.71788
2.71788
2.71788
2.71788
2.71787
2.71787
2.71787
2.71787
2.71787
2.71787
2.71787
2.71787
2.71786
2.71786
2.71786
2.71786
2.71786
2.71786
2.71786
2.71785
2.71784
2.71783
2.71783
2.71783
2.71783
2.71783
2.71783
2.71783
2.71783
2.71782
2.71782
2.71782
2.71782
2.71781
2.7178
2.7178
2.7178
2.7178
2.7178
2.71779
2.71779
2.71779
2.71779
2.71779
2.71779
2.71779
2.71779
2.71779
2.71778
2.71777
2.71777
2.71776
2.71776
2.71776
2.71776
2.71776
2.71776
2.71776
2.71776
2.71776
2.71775
2.71775
2.71775
2.71775
2.71775
2.71775
2.71775
2.71775
2.71775
2.71774
2.71774
2.71774
2.71774
2.71774
2.71774
2.71774
2.71774
2.71774
2.71773
2.71773
2.71773
2.71773
2.71773
2.71773
2.71773
2.71773
2.71773
2.71772
2.71772
2.71772
2.71772
2.71772
2.71772
2.71772
2.71772
2.71772
2.71771
2.71771
2.71771
2.71771
2.71771
2.71771
2.71771
2.71771
2.71771
2.7177
2.7177
2.7177
2.7177
2.7177
2.7177
2.7177
2.7177
2.7177
2.71769
2.71769
2.71769
2.71769
2.71769
2.71769
2.71769
2.71769
2.71769
2.71769
2.71768
2.71768
2.71768
2.71768
2.71768
2.71768
2.71768
2.71768
2.71768
2.71767
2.71767
2.71767
2.71767
2.71767
2.71767
2.71767
2.71767
2.71767
2.71766
2.71766
2.71766
2.71766
2.71766
2.71766
2.71766
2.71766
2.71766
2.71765
2.71765
2.71765
2.71765
2.71765
2.71765
2.71765
2.71765
2.71765
2.71764
2.71764
2.71764
2.71764
2.71764
2.71762
2.71761
2.71761
2.71761
2.71761
2.71761
2.71761
2.71761
2.7176
2.7176
2.7176
2.7176
2.7176
2.7176
2.7176
2.7176
2.7176
2.71759
2.71759
2.71759
2.71759
2.71759
2.71759
2.71759
2.71759
2.71759
2.71758
2.71758
2.71758
2.71758
2.71758
2.71758
2.71757
2.71756
2.71756
2.71756
2.71755
2.71755
2.71755
2.71755
2.71755
2.71755
2.71755
2.71755
2.71754
2.71754
2.71754
2.71754
2.71754
2.71754
2.71754
2.71754
2.71754
2.71754
2.71753
2.71753
2.71753
2.71753
2.71753
2.71753
2.71753
2.71751
2.71749
2.71749
2.71749
2.71748
2.71748
2.71748
2.71748
2.71748
2.71748
2.71748
2.71748
2.71748
2.71747
2.71747
2.71747
2.71747
2.71747
2.71747
2.71747
2.71747
2.71747
2.71746
2.71746
2.71746
2.71746
2.71746
2.71746
2.71746
2.71746
2.71746
2.71745
2.71745
2.71745
2.71745
2.71745
2.71745
2.71745
2.71745
2.71745
2.71744
2.71744
2.71744
2.71744
2.71744
2.71744
2.71744
2.71744
2.71744
2.71744
2.71743
2.71743
2.71743
2.71743
2.71743
2.71743
2.71743
2.71743
2.71743
2.71742
2.71742
2.71742
2.71742
2.71742
2.71742
2.71742
2.71742
2.71742
2.71741
2.71741
2.7174
2.7174
2.7174
2.7174
2.71739
2.71739
2.71739
2.71739
2.71739
2.71739
2.71739
2.71739
2.71739
2.71738
2.71738
2.71738
2.71738
2.71737
2.71737
2.71736
2.71736
2.71736
2.71736
2.71736
2.71736
2.71736
2.71735
2.71735
2.71735
2.71735
2.71735
2.71735
2.71735
2.71735
2.71734
2.71733
2.71733
2.71731
2.71731
2.7173
2.7173
2.7173
2.7173
2.7173
2.7173
2.7173
2.7173
2.71729
2.71729
2.71728
2.71728
2.71727
2.71727
2.71727
2.71727
2.71727
2.71727
2.71727
2.71726
2.71726
2.71726
2.71726
2.71726
2.71726
2.71726
2.71726
2.71725
2.71724
2.71724
2.71724
2.71723
2.71723
2.71723
2.71723
2.71723
2.71723
2.71723
2.71723
2.71723
2.71722
2.71722
2.71722
2.71722
2.71722
2.71722
2.71722
2.71721
2.71719
2.71719
2.71718
2.71718
2.71718
2.71718
2.71718
2.71718
2.71718
2.71718
2.71718
2.71717
2.71717
2.71717
2.71717
2.71717
2.71717
2.71717
2.71716
2.71716
2.71715
2.71715
2.71715
2.71714
2.71714
2.71714
2.71714
2.71714
2.71714
2.71714
2.71714
2.71714
2.71713
2.71713
2.71713
2.71713
2.71712
2.71712
2.71711
2.71711
2.71711
2.71711
2.71711
2.71711
2.71711
2.71711
2.7171
2.71709
2.71709
2.71709
2.71708
2.71708
2.71708
2.71708
2.71708
2.71708
2.71708
2.71708
2.71708
2.71707
2.71707
2.71707
2.71707
2.71707
2.71707
2.71707
2.71707
2.71707
2.71706
2.71706
2.71705
2.71704
2.71704
2.71704
2.71704
2.71704
2.71704
2.71704
2.71703
2.71703
2.71703
2.71703
2.71703
2.71703
2.71703
2.71703
2.71703
2.71702
2.71702
2.71702
2.71702
2.71702
2.71702
2.71702
2.71702
2.71702
2.71701
2.71701
2.71701
2.71701
2.71701
2.71701
2.71701
2.71701
2.71701
2.717
2.717
2.717
2.717
2.717
2.717
2.717
2.717
2.717
2.71699
2.71699
2.71699
2.71699
2.71699
2.71699
2.71699
2.71699
2.71699
2.71698
2.71698
2.71698
2.71697
2.71697
2.71697
2.71697
2.71696
2.71696
2.71696
2.71696
2.71696
2.71696
2.71696
2.71696
2.71696
2.71695
2.71695
2.71695
2.71695
2.71695
2.71695
2.71695
2.71695
2.71695
2.71694
2.71694
2.71694
2.71693
2.71691
2.71691
2.71691
2.71691
2.7169
2.7169
2.7169
2.7169
2.7169
2.7169
2.7169
2.7169
2.71689
2.71689
2.71689
2.71689
2.71688
2.71688
2.71688
2.71687
2.71687
2.71687
2.71687
2.71687
2.71687
2.71687
2.71687
2.71686
2.71686
2.71686
2.71686
2.71686
2.71686
2.71686
2.71686
2.71686
2.71685
2.71685
2.71685
2.71685
2.71685
2.71685
2.71685
2.71685
2.71684
2.71683
2.71683
2.71683
2.71683
2.71683
2.71683
2.71682
2.71682
2.71682
2.71682
2.71682
2.71682
2.71682
2.71682
2.71682
2.71681
2.71681
2.71681
2.71681
2.71681
2.71681
2.71681
2.71681
2.71681
2.7168
2.7168
2.7168
2.7168
2.7168
2.7168
2.7168
2.7168
2.7168
2.71679
2.71678
2.71678
2.71678
2.71678
2.71678
2.71677
2.71677
2.71677
2.71677
2.71677
2.71677
2.71676
2.71675
2.71675
2.71675
2.71674
2.71674
2.71674
2.71674
2.71674
2.71674
2.71674
2.71674
2.71674
2.71673
2.71673
2.71673
2.71673
2.71673
2.71673
2.71673
2.71673
2.71673
2.71672
2.71672
2.71672
2.71672
2.71672
2.71672
2.71672
2.71672
2.71672
2.71671
2.71671
2.71671
2.71671
2.71671
2.71671
2.71671
2.71671
2.71671
2.71671
2.7167
2.7167
2.7167
2.7167
2.7167
2.7167
2.7167
2.7167
2.7167
2.71669
2.71669
2.71669
2.71669
2.71669
2.71669
2.71669
2.71668
2.71668
2.71667
2.71667
2.71667
2.71667
2.71667
2.71667
2.71666
2.71666
2.71666
2.71666
2.71666
2.71666
2.71666
2.71666
2.71666
2.71665
2.71665
2.71665
2.71665
2.71665
2.71665
2.71665
2.71665
2.71665
2.71664
2.71664
2.71664
2.71664
2.71664
2.71664
2.71664
2.71664
2.71664
2.71663
2.71663
2.71663
2.71662
2.71662
2.71662
2.71661
2.71661
2.71661
2.71661
2.71661
2.71661
2.71661
2.71661
2.7166
2.7166
2.7166
2.7166
2.7166
2.7166
2.7166
2.7166
2.7166
2.71659
2.71658
2.71658
2.71658
2.71657
2.71657
2.71657
2.71657
2.71657
2.71657
2.71657
2.71657
2.71657
2.71656
2.71656
2.71656
2.71656
2.71656
2.71656
2.71656
2.71656
2.71656
2.71655
2.71655
2.71654
2.71654
2.71654
2.71653
2.71653
2.71653
2.71653
2.71653
2.71653
2.71653
2.71653
2.71653
2.71652
2.71652
2.71652
2.71652
2.71652
2.71652
2.71652
2.71652
2.71652
2.71651
2.71651
2.71651
2.71651
2.71651
2.71651
2.71651
2.71651
2.71651
2.7165
2.7165
2.7165
2.7165
2.7165
2.7165
2.7165
2.7165
2.7165
2.7165
2.71649
2.71649
2.71649
2.71649
2.71649
2.71649
2.71649
2.71649
2.71649
2.71648
2.71648
2.71648
2.71648
2.71648
2.71648
2.71648
2.71648
2.71648
2.71647
2.71647
2.71647
2.71647
2.71647
2.71647
2.71647
2.71647
2.71647
2.71646
2.71646
2.71646
2.71646
2.71646
2.71646
2.71646
2.71646
2.71646
2.71645
2.71645
2.71645
2.71645
2.71645
2.71645
2.71645
2.71645
2.71645
2.71644
2.71644
2.71644
2.71644
2.71644
2.71644
2.71644
2.71644
2.71644
2.71643
2.71643
2.71643
2.71643
2.71643
2.71643
2.71643
2.71643
2.71643
2.71642
2.71641
2.71641
2.71641
2.7164
2.7164
2.7164
2.7164
2.7164
2.7164
2.7164
2.7164
2.7164
2.71639
2.71639
2.71639
2.71639
2.71639
2.71639
2.71639
2.71638
2.71638
2.71637
2.71637
2.71637
2.71637
2.71637
2.71637
2.71636
2.71636
2.71636
2.71636
2.71636
2.71636
2.71636
2.71636
2.71636
2.71636
2.71635
2.71635
2.71635
2.71635
2.71635
2.71635
2.71635
2.71635
2.71635
2.71634
2.71634
2.71634
2.71634
2.71633
2.71633
2.71632
2.71632
2.71632
2.71632
2.71632
2.71632
2.71632
2.71631
2.71631
2.71631
2.71631
2.71631
2.71631
2.71631
2.71631
2.71631
2.7163
2.7163
2.7163
2.7163
2.71629
2.71626
2.71626
2.71626
2.71625
2.71625
2.71625
2.71625
2.71625
2.71625
2.71625
2.71625
2.71624
2.71624
2.71624
2.71623
2.71621
2.71621
2.7162
2.7162
2.7162
2.7162
2.7162
2.7162
2.7162
2.7162
2.71619
2.71619
2.71619
2.71619
2.71619
2.71619
2.71618
2.71617
2.71617
2.71617
2.71617
2.71617
2.71616
2.71616
2.71616
2.71616
2.71616
2.71616
2.71616
2.71616
2.71616
2.71615
2.71615
2.71615
2.71615
2.71615
2.71615
2.71615
2.71613
2.71613
2.71613
2.71612
2.71612
2.71612
2.71612
2.71612
2.71612
2.71612
2.71612
2.71611
2.7161
2.7161
2.71609
2.71609
2.71609
2.71609
2.71609
2.71609
2.71609
2.71609
2.71609
2.71608
2.71608
2.71608
2.71608
2.71608
2.71608
2.71608
2.71608
2.71608
2.71607
2.71607
2.71607
2.71607
2.71607
2.71607
2.71607
2.71607
2.71606
2.71605
2.71605
2.71605
2.71605
2.71604
2.71604
2.71604
2.71604
2.71604
2.71604
2.71604
2.71604
2.71604
2.71603
2.71603
2.71603
2.71602
2.71602
2.71601
2.71601
2.71601
2.71601
2.71601
2.71601
2.71601
2.71601
2.716
2.716
2.716
2.716
2.716
2.716
2.716
2.716
2.716
2.71599
2.71599
2.71599
2.71599
2.71599
2.71599
2.71599
2.71599
2.71598
2.71597
2.71596
2.71596
2.71596
2.71596
2.71596
2.71596
2.71596
2.71596
2.71595
2.71595
2.71595
2.71595
2.71595
2.71595
2.71595
2.71595
2.71595
2.71594
2.71594
2.71594
2.71594
2.71594
2.71594
2.71594
2.71594
2.71594
2.71593
2.71593
2.71593
2.71593
2.7159
2.7159
2.7159
2.7159
2.71589
2.71589
2.71589
2.71589
2.71589
2.71589
2.71589
2.71589
2.71589
2.71588
2.71588
2.71588
2.71588
2.71588
2.71588
2.71588
2.71588
2.71588
2.71587
2.71587
2.71586
2.71586
2.71585
2.71585
2.71585
2.71585
2.71585
2.71585
2.71585
2.71584
2.71584
2.71584
2.71584
2.71584
2.71584
2.71584
2.71583
2.71582
2.71581
2.71581
2.71581
2.71581
2.71581
2.7158
2.7158
2.7158
2.7158
2.7158
2.7158
2.7158
2.7158
2.7158
2.71579
2.71579
2.71579
2.71578
2.71578
2.71577
2.71577
2.71577
2.71577
2.71577
2.71577
2.71577
2.71577
2.71576
2.71576
2.71576
2.71576
2.71576
2.71576
2.71576
2.71576
2.71573
2.71572
2.71572
2.71572
2.71572
2.71571
2.71571
2.71571
2.71571
2.71571
2.71571
2.71571
2.71571
2.71569
2.71569
2.71568
2.71568
2.71568
2.71568
2.71568
2.71568
2.71568
2.71568
2.71567
2.71567
2.71567
2.71567
2.71567
2.71567
2.71567
2.71567
2.71567
2.71566
2.71566
2.71566
2.71566
2.71566
2.71566
2.71566
2.71566
2.71566
2.71565
2.71565
2.71565
2.71565
2.71565
2.71565
2.71565
2.71565
2.71565
2.71564
2.71564
2.71718
2.71715
2.71715
2.71715
2.71714
2.71714
2.71714
2.71714
2.71714
2.71714
2.71714
2.71714
2.71713
2.71713
2.71713
2.71713
2.71713
2.71713
2.71713
2.71713
2.71712
2.71711
2.71711
2.7171
2.7171
2.7171
2.7171
2.7171
2.7171
2.7171
2.7171
2.71709
2.71709
2.71709
2.71708
2.71708
2.71707
2.71707
2.71707
2.71707
2.71707
2.71707
2.71707
2.71706
2.71706
2.71706
2.71706
2.71706
2.71706
2.71706
2.71706
2.71706
2.71706
2.71705
2.71705
2.71705
2.71705
2.71705
2.71705
2.71705
2.71705
2.71705
2.71704
2.71704
2.71704
2.71704
2.71704
2.71704
2.71704
2.71704
2.71704
2.71703
2.71703
2.71703
2.71703
2.71703
2.71703
2.71703
2.71703
2.71703
2.71702
2.71702
2.71702
2.71702
2.71702
2.71702
2.71702
2.71702
2.71702
2.71701
2.71701
2.71701
2.71701
2.71701
2.71701
2.71701
2.71701
2.71701
2.717
2.717
2.717
2.717
2.717
2.717
2.717
2.717
2.717
2.71699
2.71699
2.71699
2.71699
2.71699
2.71699
2.71699
2.71699
2.71699
2.71698
2.71698
2.71698
2.71698
2.71698
2.71698
2.71698
2.71698
2.71698
2.71697
2.71697
2.71697
2.71697
2.71697
2.71697
2.71697
2.71697
2.71697
2.71696
2.71696
2.71696
2.71696
2.71696
2.71696
2.71696
2.71696
2.71696
2.71696
2.71695
2.71695
2.71695
2.71695
2.71695
2.71695
2.71695
2.71695
2.71695
2.71694
2.71694
2.71694
2.71694
2.71694
2.71694
2.71694
2.71694
2.71694
2.71693
2.71693
2.71693
2.71693
2.71693
2.71693
2.71693
2.71693
2.71693
2.71692
2.71692
2.71692
2.71692
2.71692
2.71692
2.71692
2.71692
2.71692
2.71691
2.71691
2.71691
2.71691
2.71691
2.71691
2.71691
2.71691
2.71691
2.7169
2.7169
2.7169
2.7169
2.7169
2.7169
2.7169
2.7169
2.7169
2.71689
2.71689
2.71689
2.71689
2.71689
2.71689
2.71689
2.71689
2.71689
2.71688
2.71688
2.71688
2.71688
2.71688
2.71688
2.71688
2.71688
2.71688
2.71687
2.71687
2.71687
2.71687
2.71687
2.71687
2.71687
2.71687
2.71687
2.71686
2.71686
2.71685
2.71684
2.71684
2.71684
2.71684
2.71684
2.71683
2.71683
2.71683
2.71683
2.71683
2.71683
2.71683
2.71683
2.71683
2.71682
2.71682
2.71682
2.71682
2.71682
2.71682
2.71682
2.71682
2.71682
2.71681
2.71681
2.71681
2.71681
2.71681
2.71681
2.71681
2.7168
2.7168
2.71679
2.71679
2.71679
2.71679
2.71679
2.71679
2.71678
2.71678
2.71678
2.71678
2.71678
2.71678
2.71678
2.71678
2.71678
2.71677
2.71677
2.71677
2.71677
2.71677
2.71677
2.71677
2.71677
2.71677
2.71676
2.71676
2.71676
2.71676
2.71676
2.71676
2.71676
2.71676
2.71676
2.71675
2.71675
2.71675
2.71675
2.71675
2.71675
2.71675
2.71675
2.71675
2.71675
2.71674
2.71674
2.71674
2.71674
2.71674
2.71674
2.71674
2.71674
2.71674
2.71673
2.71673
2.71673
2.71673
2.71673
2.71673
2.71673
2.71673
2.71673
2.71672
2.71672
2.71672
2.71672
2.71672
2.71672
2.71672
2.71672
2.71672
2.71671
2.71671
2.71671
2.71671
2.71671
2.71671
2.71671
2.71671
2.71671
2.7167
2.7167
2.71669
2.71669
2.71668
2.71668
2.71668
2.71668
2.71668
2.71668
2.71668
2.71668
2.71667
2.71667
2.71667
2.71667
2.71667
2.71667
2.71667
2.71667
2.71666
2.71663
2.71663
2.71662
2.71662
2.71662
2.71662
2.71662
2.71662
2.71662
2.71661
2.71661
2.71661
2.71661
2.71661
2.71661
2.71661
2.71661
2.71661
2.7166
2.7166
2.7166
2.7166
2.7166
2.7166
2.7166
2.7166
2.7166
2.7166
2.71659
2.71659
2.71659
2.71659
2.71659
2.71659
2.71659
2.71659
2.71659
2.71658
2.71657
2.71657
2.71657
2.71657
2.71656
2.71656
2.71656
2.71656
2.71656
2.71656
2.71656
2.71656
2.71656
2.71655
2.71654
2.71654
2.71653
2.71653
2.71653
2.71653
2.71653
2.71653
2.71653
2.71653
2.71652
2.71652
2.71652

