2.7
2.7
2.7
2.7
2.7
2.69999
2.69999
2.69999
2.69999
2.69999
2.69999
2.69999
2.69999
2.69999
2.69998
2.69998
2.69998
2.69996
2.69995
2.69995
2.69995
2.69995
2.69995
2.69995
2.69995
2.69994
2.69994
2.69994
2.69994
2.69994
2.69994
2.69994
2.69994
2.69994
2.69993
2.69993
2.69993
2.69993
2.69993
2.69993
2.69993
2.69993
2.69993
2.69992
2.69992
2.69992
2.69992
2.69992
2.69992
2.69992
2.69992
2.69992
2.69992
2.69991
2.69991
2.69991
2.69991
2.69991
2.69991
2.69991
2.69991
2.69991
2.6999
2.6999
2.6999
2.6999
2.6999
2.6999
2.6999
2.6999
2.6999
2.69989
2.69989
2.69989
2.69989
2.69989
2.69989
2.69989
2.69989
2.69989
2.69988
2.69988
2.69988
2.69988
2.69988
2.69988
2.69988
2.69988
2.69988
2.69987
2.69987
2.69987
2.69987
2.69987
2.69987
2.69987
2.69987
2.69987
2.69986
2.69986
2.69986
2.69986
2.69986
2.69986
2.69986
2.69986
2.69986
2.69986
2.69985
2.69985
2.69984
2.69984
2.69983
2.69983
2.69983
2.69983
2.69983
2.69983
2.69983
2.69983
2.69982
2.69982
2.69982
2.69982
2.69982
2.69982
2.69981
2.69981
2.6998
2.6998
2.6998
2.6998
2.6998
2.6998
2.69979
2.69979
2.69979
2.69979
2.69979
2.69979
2.69979
2.69979
2.69979
2.69978
2.69978
2.69978
2.69978
2.69978
2.69978
2.69978
2.69978
2.69976
2.69975
2.69975
2.69975
2.69975
2.69975
2.69975
2.69974
2.69974
2.69974
2.69974
2.69974
2.69974
2.69974
2.69974
2.69974
2.69973
2.69973
2.69973
2.69973
2.69973
2.69973
2.69973
2.69972
2.69971
2.6997
2.6997
2.6997
2.6997
2.6997
2.6997
2.6997
2.69969
2.69969
2.69969
2.69969
2.69969
2.69969
2.69969
2.69968
2.69967
2.69967
2.69967
2.69967
2.69966
2.69966
2.69966
2.69966
2.69966
2.69966
2.69966
2.69966
2.69966
2.69965
2.69965
2.69965
2.69965
2.69965
2.69965
2.69965
2.69965
2.69965
2.69965
2.69964
2.69962
2.69962
2.69962
2.69962
2.69962
2.69962
2.69961
2.69961
2.69961
2.69961
2.69961
2.69961
2.69961
2.69961
2.69961
2.6996
2.6996
2.6996
2.6996
2.6996
2.6996
2.6996
2.6996
2.6996
2.69959
2.69958
2.69958
2.69957
2.69957
2.69957
2.69957
2.69957
2.69957
2.69957
2.69957
2.69957
2.69956
2.69956
2.69956
2.69956
2.69956
2.69956
2.69954
2.69953
2.69953
2.69952
2.69952
2.69952
2.69952
2.69952
2.69952
2.69952
2.69952
2.69952
2.69951
2.69951
2.69951
2.69951
2.69951
2.69951
2.69951
2.69951
2.69951
2.6995
2.6995
2.69949
2.69948
2.69948
2.69948
2.69948
2.69948
2.69948
2.69948
2.69947
2.69947
2.69947
2.69946
2.69946
2.69946
2.69945
2.69945
2.69945
2.69945
2.69945
2.69945
2.69945
2.69945
2.69944
2.69944
2.69944
2.69944
2.69944
2.69944
2.69943
2.69943
2.69942
2.69942
2.69942
2.69942
2.69942
2.69942
2.69942
2.69942
2.69942
2.69941
2.69941
2.69941
2.69941
2.69941
2.69941
2.69941
2.69941
2.69941
2.6994
2.6994
2.6994
2.69939
2.69938
2.69938
2.69938
2.69938
2.69938
2.69938
2.69938
2.69937
2.69937
2.69937
2.69937
2.69937
2.69937
2.69937
2.69937
2.69937
2.69936
2.69936
2.69936
2.69936
2.69936
2.69936
2.69936
2.69936
2.69936
2.69935
2.69935
2.69935
2.69935
2.69935
2.69935
2.69935
2.69935
2.69935
2.69934
2.69934
2.69934
2.69933
2.69933
2.69933
2.69933
2.69933
2.69932
2.69932
2.69932
2.69932
2.69932
2.69932
2.69932
2.69932
2.69932
2.69931
2.69931
2.69931
2.69931
2.69931
2.69931
2.69931
2.6993
2.6993
2.69929
2.69929
2.69929
2.69929
2.69929
2.69928
2.69928
2.69928
2.69928
2.69928
2.69928
2.69928
2.69928
2.69928
2.69928
2.69927
2.69927
2.69926
2.69925
2.69925
2.69925
2.69925
2.69924
2.69924
2.69924
2.69924
2.69924
2.69924
2.69924
2.69924
2.69924
2.69921
2.69921
2.6992
2.69917
2.69917
2.69917
2.69916
2.69916
2.69916
2.69916
2.69916
2.69916
2.69916
2.69916
2.69915
2.69915
2.69915
2.69915
2.69915
2.69915
2.69915
2.69915
2.69915
2.69914
2.69914
2.69914
2.69914
2.69914
2.69914
2.69914
2.69914
2.69914
2.69913
2.69913
2.69913
2.69913
2.69913
2.69913
2.69913
2.69913
2.69913
2.69913
2.69912
2.69912
2.69912
2.69911
2.6991
2.6991
2.6991
2.6991
2.6991
2.69909
2.69909
2.69909
2.69909
2.69909
2.69909
2.69909
2.69909
2.69909
2.69909
2.69908
2.69908
2.69908
2.69908
2.69908
2.69908
2.69908
2.69907
2.69906
2.69906
2.69906
2.69906
2.69905
2.69905
2.69905
2.69905
2.69905
2.69905
2.69905
2.69905
2.69905
2.69903
2.69902
2.69902
2.69902
2.69902
2.69901
2.69901
2.69901
2.69901
2.69901
2.69901
2.69901
2.69901
2.69901
2.699
2.69899
2.69899
2.69899
2.69898
2.69898
2.69898
2.69898
2.69898
2.69898
2.69898
2.69898
2.69897
2.69897
2.69897
2.69897
2.69897
2.69897
2.69897
2.69897
2.69897
2.69896
2.69896
2.69895
2.69895
2.69895
2.69894
2.69894
2.69894
2.69894
2.69894
2.69894
2.69894
2.69894
2.7084
2.70839
2.70839
2.70839
2.70839
2.70839
2.70839
2.70838
2.70838
2.70838
2.70838
2.70838
2.70838
2.70838
2.70838
2.70838
2.70837
2.70837
2.70837
2.70837
2.70837
2.70837
2.70837
2.70837
2.70837
2.70837
2.70836
2.70836
2.70836
2.70836
2.70835
2.70835
2.70834
2.70834
2.70834
2.70834
2.70834
2.70834
2.70834
2.70834
2.70833
2.70833
2.70833
2.70833
2.70833
2.70833
2.70833
2.70833
2.70833
2.70832
2.70832
2.70832
2.70832
2.70832
2.70832
2.70832
2.70832
2.70832
2.70831
2.70831
2.70831
2.70831
2.70831
2.70831
2.70831
2.70831
2.70831
2.7083
2.70828
2.70828
2.70827
2.70827
2.70827
2.70827
2.70827
2.70827
2.70827
2.70827
2.70826
2.70826
2.70826
2.70826
2.70826
2.70826
2.70826
2.70826
2.70826
2.70825
2.70825
2.70825
2.70825
2.70825
2.70825
2.70825
2.70825
2.70825
2.70824
2.70824
2.70824
2.70823
2.70822
2.70822
2.70822
2.70822
2.70822
2.70822
2.70821
2.70821
2.70821
2.70821
2.70821
2.70821
2.70821
2.70821
2.70821
2.70821
2.7082
2.7082
2.7082
2.7082
2.7082
2.7082
2.7082
2.7082
2.7082
2.70819
2.70819
2.70819
2.70819
2.70819
2.70819
2.70819
2.70818
2.70817
2.70817
2.70816
2.70816
2.70816
2.70816
2.70816
2.70816
2.70816
2.70816
2.70815
2.70815
2.70815
2.70815
2.70815
2.70815
2.70815
2.70815
2.70815
2.70814
2.70814
2.70814
2.70814
2.70813
2.70813
2.70812
2.70812
2.70812
2.70812
2.70812
2.70812
2.70811
2.70811
2.70811
2.70811
2.70811
2.70811
2.70811
2.70811
2.70811
2.7081
2.7081
2.7081
2.7081
2.7081
2.7081
2.7081
2.7081
2.7081
2.70809
2.70809
2.70809
2.70809
2.70809
2.70809
2.70809
2.70809
2.70809
2.70808
2.70808
2.70807
2.70805
2.70805
2.70805
2.70805
2.70804
2.70804
2.70804
2.70804
2.70804
2.70804
2.70804
2.70804
2.70804
2.70803
2.70803
2.70803
2.70803
2.70803
2.70803
2.70803
2.70803
2.70803
2.70802
2.70802
2.70802
2.70802
2.70802
2.70802
2.70802
2.70802
2.70802
2.70802
2.70801
2.70801
2.70801
2.70801
2.70801
2.70801
2.70801
2.70801
2.70801
2.708
2.708
2.708
2.708
2.708
2.708
2.708
2.708
2.708
2.70799
2.70799
2.70799
2.70799
2.70798
2.70797
2.70796
2.70796
2.70796
2.70796
2.70796
2.70796
2.70796
2.70795
2.70795
2.70795
2.70795
2.70795
2.70795
2.70795
2.70795
2.70795
2.70795
2.70794
2.70794
2.70794
2.70794
2.70794
2.70794
2.70794
2.70794
2.70794
2.70793
2.70793
2.70793
2.70793
2.70793
2.70793
2.70793
2.70791
2.70791
2.7079
2.7079
2.7079
2.7079
2.7079
2.7079
2.7079
2.7079
2.7079
2.70789
2.70789
2.70789
2.70789
2.70789
2.70789
2.70789
2.70789
2.70789
2.70788
2.70788
2.70788
2.70788
2.70788
2.70788
2.70788
2.70788
2.70788
2.70787
2.70787
2.70787
2.70787
2.70787
2.70787
2.70787
2.70787
2.70787
2.70786
2.70786
2.70786
2.70785
2.70785
2.70785
2.70785
2.70784
2.70784
2.70784
2.70784
2.70784
2.70784
2.70784
2.70784
2.70784
2.70783
2.70783
2.70783
2.70783
2.70783
2.70783
2.70783
2.70783
2.70782
2.7078
2.70779
2.70779
2.70779
2.70779
2.70779
2.70779
2.70778
2.70778
2.70778
2.70778
2.70778
2.70778
2.70778
2.70778
2.70778
2.70777
2.70777
2.70777
2.70777
2.70777
2.70777
2.70777
2.70777
2.70777
2.70776
2.70776
2.70776
2.70776
2.70776
2.70776
2.70776
2.70776
2.70776
2.70775
2.70775
2.70775
2.70775
2.70775
2.70775
2.70775
2.70775
2.70775
2.70774
2.70774
2.70774
2.70774
2.70774
2.70774
2.70774
2.70774
2.70774
2.70773
2.70773
2.70772
2.70772
2.70771
2.70771
2.70771
2.70771
2.70771
2.70771
2.70771
2.70771
2.7077
2.7077
2.7077
2.70769
2.70769
2.70769
2.70768
2.70768
2.70768
2.70768
2.70768
2.70768
2.70768
2.70768
2.70767
2.70767
2.70767
2.70767
2.70767
2.70767
2.70767
2.70767
2.70767
2.70766
2.70766
2.70766
2.70766
2.70766
2.70766
2.70766
2.70766
2.70766
2.70765
2.70765
2.70765
2.70765
2.70765
2.70765
2.70765
2.70763
2.70763
2.70763
2.70763
2.70762
2.70762
2.70762
2.70762
2.70762
2.70762
2.70762
2.70762
2.70762
2.70761
2.70761
2.70761
2.7076
2.7076
2.7076
2.7076
2.70759
2.70759
2.70759
2.70759
2.70759
2.70759
2.70759
2.70759
2.70759
2.70758
2.70758
2.70757
2.70757
2.70757
2.70756
2.70756
2.70756
2.70756
2.70756
2.70756
2.70756
2.70756
2.70756
2.70755
2.70755
2.70755
2.70755
2.70755
2.70755
2.70755
2.70755
2.70755
2.70754
2.70754
2.70754
2.70754
2.70754
2.70754
2.70754
2.70754
2.70754
2.70753
2.70753
2.70753
2.70753
2.70753
2.70753
2.70753
2.70753
2.70753
2.70752
2.70752
2.70752
2.70752
2.70752
2.70752
2.70752
2.70752
2.70752
2.70751
2.70751
2.7075
2.70749
2.70749
2.70748
2.70748
2.70748
2.70748
2.70748
2.70748
2.70748
2.70748
2.70747
2.70747
2.70747
2.70747
2.70747
2.70747
2.70747
2.70747
2.70746
2.70744
2.70743
2.70743
2.70743
2.70743
2.70742
2.70742
2.70742
2.70742
2.70742
2.70742
2.70742
2.70742
2.70742
2.70741
2.70741
2.70741
2.70741
2.70741
2.70741
2.70741
2.70741
2.70741
2.7074
2.7074
2.7074
2.7074
2.7074
2.7074
2.7074
2.7074
2.7074
2.70739
2.70739
2.70739
2.70739
2.70739
2.70739
2.70739
2.70739
2.70739
2.70739
2.70738
2.70738
2.70737
2.70736
2.70736
2.70736
2.70736
2.70736
2.70736
2.70736
2.70735
2.70735
2.70735
2.70735
2.70735
2.70735
2.70735
2.70735
2.70735
2.70734
2.70734
2.70734
2.70734
2.70734
2.70734
2.70734
2.70734
2.70732
2.70731
2.70731
2.70731
2.70731
2.70731
2.7073
2.7073
2.7073
2.7073
2.7073
2.7073
2.7073
2.7073
2.7073
2.7073
2.70729
2.70729
2.70729
2.70729
2.70729
2.70729
2.70729
2.70729
2.70729
2.70728
2.70728
2.70728
2.70728
2.70728
2.70728
2.70728
2.70728
2.70728
2.70726
2.70725
2.70725
2.70724
2.70724
2.70724
2.70724
2.70724
2.70724
2.70724
2.70724
2.70724
2.70723
2.70723
2.70723
2.70723
2.70723
2.70723
2.70723
2.70723
2.70723
2.70722
2.70722
2.70722
2.70722
2.70721
2.70721
2.70721
2.7072
2.7072
2.7072
2.7072
2.7072
2.7072
2.7072
2.7072
2.7072
2.70719
2.70719
2.70719
2.70719
2.70718
2.70718
2.70717
2.70717
2.70717
2.70717
2.70717
2.70717
2.70717
2.70717
2.70716
2.70716
2.70716
2.70716
2.70716
2.70716
2.70716
2.70716
2.70716
2.70716
2.70715
2.70715
2.70715
2.70715
2.70715
2.70715
2.70715
2.70715
2.70715
2.70714
2.70714
2.70714
2.70714
2.70714
2.70714
2.70714
2.70714
2.70714
2.70713
2.70713
2.70712
2.70712
2.70711
2.70711
2.70711
2.70711
2.70711
2.70711
2.70711
2.70711
2.7071
2.7071
2.7071
2.7071
2.7071
2.7071
2.7071
2.7071
2.7071
2.70709
2.70709
2.70707
2.70706
2.70705
2.70705
2.70705
2.70705
2.70705
2.70705
2.70704
2.70704
2.70704
2.70704
2.70704
2.70704
2.70704
2.70704
2.70704
2.70703
2.70703
2.70703
2.70703
2.70703
2.70703
2.70703
2.70703
2.70703
2.70702
2.70702
2.70701
2.70701
2.70701
2.70701
2.70701
2.707
2.707
2.707
2.707
2.707
2.707
2.707
2.707
2.707
2.70699
2.70699
2.70699
2.70699
2.70699
2.70698
2.70698
2.70697
2.70697
2.70697
2.70697
2.70697
2.70697
2.70697
2.70697
2.70696
2.70696
2.70696
2.70696
2.70695
2.70694
2.70694
2.70694
2.70694
2.70694
2.70694
2.70693
2.70693
2.70693
2.70693
2.70693
2.70693
2.70693
2.70693
2.70692
2.70691
2.70691
2.70691
2.7069
2.7069
2.7069
2.7069
2.7069
2.7069
2.7069
2.7069
2.70689
2.70689
2.70689
2.70689
2.70689
2.70689
2.70689
2.70689
2.70689
2.70689
2.70688
2.70688
2.70688
2.70688
2.70688
2.70688
2.70688
2.70688
2.70688
2.70687
2.70687
2.70687
2.70687
2.70687
2.70687
2.70687
2.70687
2.70687
2.70686
2.70686
2.70686
2.70686
2.70686
2.70686
2.70686
2.70686
2.70686
2.70685
2.70685
2.70685
2.70685
2.70685
2.70685
2.70685
2.70685
2.70685
2.70684
2.70684
2.70684
2.70684
2.70684
2.70684
2.70684
2.70684
2.70684
2.70683
2.70683
2.70683
2.70683
2.70683
2.70683
2.70683
2.70683
2.70683
2.70682
2.70682
2.70682
2.70682
2.70682
2.70682
2.70682
2.70682
2.70682
2.70681
2.70681
2.70681
2.70681
2.70681
2.70681
2.70681
2.70681
2.70681
2.70681
2.7068
2.7068
2.7068
2.7068
2.7068
2.7068
2.7068
2.7068
2.7068
2.70679
2.70679
2.70679
2.70679
2.70679
2.70679
2.70679
2.70679
2.70679
2.70678
2.70678
2.70678
2.70678
2.70675
2.70674
2.70674
2.70674
2.70673
2.70673
2.70673
2.70673
2.70673
2.70673
2.70673
2.70673
2.70673
2.70672
2.70672
2.70672
2.70672
2.70672
2.70672
2.70672
2.70672
2.70672
2.70671
2.70671
2.70671
2.70671
2.70671
2.70671
2.70671
2.70671
2.70671
2.7067
2.7067
2.70669
2.70669
2.70669
2.70669
2.70669
2.70669
2.70668
2.70668
2.70668
2.70668
2.70668
2.70668
2.70668
2.70668
2.70668
2.70667
2.70667
2.70667
2.70667
2.70667
2.70667
2.70667
2.70667
2.70667
2.70666
2.70666
2.70666
2.70666
2.70666
2.70665
2.70665
2.70664
2.70664
2.70664
2.70664
2.70664
2.70664
2.70664
2.70664
2.70663
2.70663
2.70663
2.70663
2.70663
2.70663
2.70663
2.70663
2.70663
2.70662
2.70662
2.70662
2.70662
2.70662
2.70662
2.70662
2.70662
2.70662
2.70661
2.70661
2.70661
2.70661
2.70661
2.70661
2.70661
2.70661
2.70661
2.7066
2.7066
2.7066
2.7066
2.7066
2.7066
2.7066
2.7066
2.7066
2.70659
2.70659
2.70659
2.70659
2.70659
2.70659
2.70659
2.70659
2.70659
2.70659
2.70658
2.70658
2.70658
2.70658
2.70658
2.70658
2.70658
2.70658
2.70658
2.70657
2.70657
2.70657
2.70657
2.70656
2.70655
2.70655
2.70655
2.70655
2.70655
2.70655
2.70655
2.70654
2.70654
2.70654
2.70654
2.70654
2.70654
2.70654
2.70654
2.70654
2.70652
2.70652
2.70651
2.70651
2.70651
2.70651
2.70651
2.70651
2.70651
2.70651
2.7065
2.7065
2.7065
2.7065
2.7065
2.7065
2.7065
2.70649
2.70649
2.70648
2.70647
2.70646
2.70646
2.70646
2.70645
2.70645
2.70645
2.70645
2.70645
2.70645
2.70645
2.70645
2.70644
2.70643
2.70643
2.70643
2.70642
2.70642
2.70642
2.70642
2.70642
2.70642
2.70642
2.70642
2.70642
2.70641
2.70641
2.70641
2.70641
2.70641
2.70639
2.70638
2.70638
2.70637
2.70637
2.70637
2.70637
2.70637
2.70637
2.70637
2.70637
2.70637
2.70636
2.70636
2.70636
2.70636
2.70636
2.70636
2.70636
2.70635
2.70634
2.70634
2.70633
2.70633
2.70633
2.70633
2.70633
2.70633
2.70633
2.70633
2.70632
2.70632
2.70632
2.70632
2.70632
2.70632
2.70632
2.70632
2.70631
2.7063
2.7063
2.70629
2.70629
2.70629
2.70629
2.70629
2.70629
2.70629
2.70629
2.70628
2.70628
2.70628
2.70628
2.70628
2.70628
2.70628
2.70626
2.70626
2.70625
2.70625
2.70625
2.70625
2.70625
2.70625
2.70624
2.70624
2.70623
2.70622
2.70621
2.70621
2.70621
2.70621
2.70621
2.70621
2.70621
2.7062
2.7062
2.7062
2.7062
2.7062
2.7062
2.7062
2.7062
2.7062
2.70619
2.70619
2.70619
2.70619
2.70619
2.70618
2.70618
2.70618
2.70617
2.70617
2.70617
2.70617
2.70617
2.70617
2.70617
2.70617
2.70616
2.70616
2.70616
2.70616
2.70616
2.70616
2.70616
2.70616
2.70616
2.70616
2.70615
2.70615
2.70615
2.70615
2.70615
2.70615
2.70615
2.70615
2.70615
2.70614
2.70614
2.70614
2.70614
2.70614
2.70614
2.70614
2.70614
2.70614
2.70613
2.70613
2.70613
2.70613
2.70613
2.70613
2.70613
2.70613
2.70613
2.70612
2.70612
2.70612
2.70612
2.70612
2.70612
2.70612
2.70612
2.70611
2.7061
2.7061
2.7061
2.70609
2.70609
2.70609
2.70609
2.70609
2.70609
2.70609
2.70609
2.70609
2.70608
2.70608
2.70608
2.70608
2.70608
2.70608
2.70608
2.70608
2.70608
2.70607
2.70607
2.70607
2.70607
2.70607
2.70606
2.70605
2.70605
2.70605
2.70605
2.70605
2.70604
2.70604
2.70604
2.70604
2.70604
2.70604
2.70604
2.70604
2.70604
2.70603
2.70603
2.70602
2.70602
2.70602
2.70602
2.70601
2.70601
2.70601
2.70601
2.70601
2.70601
2.70601
2.70601
2.70601
2.706
2.706
2.706
2.706
2.706
2.706
2.706
2.706
2.706
2.70599
2.70599
2.70599
2.70599
2.70599
2.70598
2.70597
2.70597
2.70597
2.70597
2.70596
2.70596
2.70596
2.70596
2.70596
2.70596
2.70596
2.70596
2.70596
2.70595
2.70595
2.70595
2.70595
2.70595
2.70595
2.70595
2.70595
2.70595
2.70594
2.70594
2.70594
2.70594
2.70594
2.70594
2.70594
2.70594
2.70594
2.70593
2.70593
2.70592
2.70591
2.70591
2.70591
2.70591
2.70591
2.7059
2.7059
2.7059
2.7059
2.7059
2.7059
2.70589
2.70588
2.70588
2.70588
2.70588
2.70588
2.70587
2.70587
2.70587
2.70587
2.70587
2.70587
2.70587
2.70587
2.70587
2.70586
2.70586
2.70586
2.70586
2.70586
2.70586
2.70586
2.70586
2.70586
2.70585
2.70585
2.70585
2.70585
2.70585
2.70585
2.70585
2.70585
2.70585
2.70584
2.70584
2.70584
2.70584
2.70584
2.70584
2.70584
2.70584
2.70584
2.70583
2.70583
2.70583
2.70583
2.70583
2.70583
2.70583
2.70583
2.70583
2.70583
2.70582
2.70582
2.70582
2.70582
2.70582
2.70582
2.7058
2.70579
2.70579
2.70579
2.70579
2.70579
2.70579
2.70578
2.70578
2.70578
2.70578
2.70578
2.70578
2.70578
2.70578
2.70578
2.70577
2.70577
2.70577
2.70577
2.70577
2.70577
2.70577
2.70577
2.70577
2.70577
2.70576
2.70576
2.70576
2.70576
2.70576
2.70576
2.70576
2.70576
2.70576
2.70575
2.70575
2.70574
2.70574
2.70573
2.70573
2.70573
2.70573
2.70573
2.70573
2.70573
2.70572
2.70572
2.70572
2.70572
2.70572
2.70572
2.70572
2.70572
2.70572
2.70571
2.70571
2.70571
2.7057
2.7057
2.70569
2.70569
2.70569
2.70569
2.70569
2.70569
2.70569
2.70568
2.70568
2.70568
2.70568
2.70568
2.70568
2.70568
2.70568
2.70568
2.70567
2.70567
2.70567
2.70567
2.70566
2.70565
2.70565
2.70565
2.70565
2.70564
2.70564
2.70564
2.70564
2.70564
2.70564
2.70564
2.70564
2.70564
2.70563
2.70563
2.70563
2.70563
2.70563
2.70563
2.70563
2.70563
2.70563
2.70562
2.70562
2.70562
2.70562
2.70562
2.70562
2.70562
2.70562
2.70562
2.70561
2.70561
2.70561
2.70561
2.70561
2.70561
2.70561
2.70561
2.70561
2.70561
2.7056
2.7056
2.7056
2.7056
2.7056
2.7056
2.7056
2.7056
2.7056
2.70559
2.70559
2.70559
2.70559
2.70559
2.70559
2.70559
2.70559
2.70559
2.70558
2.70558
2.70558
2.70558
2.70558
2.70558
2.70558
2.70558
2.70558
2.70557
2.70557
2.70557
2.70557
2.70557
2.70557
2.70557
2.70557
2.70557
2.70556
2.70556
2.70556
2.70556
2.70556
2.70556
2.70556
2.70556
2.70556
2.70555
2.70555
2.70555
2.70555
2.70555
2.70555
2.70555
2.70555
2.70555
2.70554
2.70554
2.70554
2.70554
2.70554
2.70554
2.70554
2.70554
2.70551
2.7055
2.7055
2.7055
2.7055
2.7055
2.70549
2.70549
2.70549
2.70549
2.70549
2.70549
2.70549
2.70549
2.70549
2.70548
2.70548
2.70548
2.70548
2.70548
2.70547
2.70546
2.70546
2.70546
2.70546
2.70545
2.70545
2.70545
2.70545
2.70545
2.70545
2.70545
2.70545
2.70545
2.70544
2.70544
2.70544
2.70544
2.70544
2.70544
2.70544
2.70544
2.70544
2.70544
2.70543
2.70543
2.70543
2.70543
2.70543
2.70543
2.70543
2.7054
2.70539
2.70539
2.70539
2.70539
2.70538
2.70538
2.70538
2.70538
2.70538
2.70538
2.70538
2.70538
2.70538
2.70537
2.70537
2.70537
2.70537
2.70537
2.70537
2.70537
2.70537
2.70536
2.70535
2.70535
2.70535
2.70535
2.70534
2.70534
2.70534
2.70534
2.70534
2.70534
2.70534
2.70534
2.70534
2.70533
2.70533
2.70532
2.70531
2.70531
2.70531
2.70531
2.70531
2.7053
2.7053
2.7053
2.7053
2.7053
2.7053
2.7053
2.7053
2.7053
2.70529
2.70528
2.70527
2.70527
2.70527
2.70527
2.70527
2.70527
2.70527
2.70526
2.70526
2.70526
2.70526
2.70526
2.70526
2.70526
2.70526
2.70526
2.70525
2.70525
2.70525
2.70525
2.70525
2.70522
2.70521
2.70521
2.70521
2.70521
2.70521
2.7052
2.7052
2.7052
2.7052
2.7052
2.70519
2.70519
2.70518
2.70518
2.70518
2.70518
2.70518
2.70518
2.70518
2.70517
2.70517
2.70517
2.70517
2.70517
2.70517
2.70517
2.70517
2.70517
2.70516
2.70516
2.70516
2.70516
2.70516
2.70516
2.70516
2.70516
2.70516
2.70515
2.70515
2.70515
2.70514
2.70513
2.70513
2.70513
2.70513
2.70513
2.70513
2.70513
2.70512
2.70512
2.70512
2.70512
2.70512
2.70512
2.70512
2.70512
2.70511
2.7051
2.7051
2.70509
2.70509
2.70509
2.70509
2.70509
2.70509
2.70509
2.70509
2.70508
2.70508
2.70508
2.70508
2.70508
2.70508
2.70508
2.70508
2.70508
2.70507
2.70507
2.70507
2.70507
2.70507
2.70507
2.70507
2.70506
2.70505
2.70505
2.70505
2.70505
2.70505
2.70505
2.70505
2.70504
2.70504
2.70504
2.70504
2.70504
2.70504
2.70504
2.70504
2.70504
2.70503
2.70503
2.70503
2.70503
2.70503
2.70503
2.70503
2.70503
2.70503
2.70502
2.70502
2.70502
2.70502
2.70502
2.70502
2.705
2.70499
2.70499
2.70499
2.70499
2.70499
2.70499
2.70498
2.70498
2.70498
2.70498
2.70498
2.70498
2.70498
2.70498
2.70498
2.70497
2.70497
2.70497
2.70497
2.70497
2.70497
2.70497
2.70497
2.70494
2.70494
2.70493
2.70493
2.70493
2.70493
2.70493
2.70493
2.70493
2.70492
2.70492
2.70492
2.70492
2.70492
2.70492
2.70492
2.70491
2.70489
2.70489
2.70489
2.70488
2.70488
2.70488
2.70488
2.70488
2.70488
2.70488
2.70488
2.70488
2.70487
2.70487
2.70487
2.70487
2.70487
2.70485
2.70484
2.70483
2.70483
2.70483
2.70483
2.70483
2.70483
2.70482
2.70482
2.70482
2.70482
2.70482
2.70482
2.70482
2.70482
2.70482
2.70481
2.70481
2.7048
2.7048
2.7048
2.7048
2.70479
2.70479
2.70479
2.70479
2.70479
2.70479
2.70479
2.70479
2.70478
2.70476
2.70476
2.70476
2.70475
2.70475
2.70475
2.70475
2.70475
2.70475
2.70475
2.70475
2.70474
2.70474
2.70474
2.70474
2.70474
2.70474
2.70474
2.70474
2.70474
2.70473
2.70473
2.70473
2.70473
2.70473
2.70473
2.70473
2.70473
2.70473
2.70472
2.70472
2.70472
2.70472
2.70472
2.70472
2.70472
2.70472
2.70472
2.70471
2.70471
2.7047
2.7047
2.7047
2.7047
2.70469
2.70469
2.70469
2.70469
2.70469
2.70469
2.70469
2.70469
2.70469
2.70468
2.70468
2.70468
2.70468
2.70468
2.70468
2.70467
2.70465
2.70464
2.70464
2.70464
2.70464
2.70464
2.70464
2.70464
2.70463
2.70463
2.70463
2.70463
2.70463
2.70462
2.70462
2.70461
2.70461
2.70461
2.70461
2.70461
2.70461
2.70461
2.70461
2.7046
2.7046
2.7046
2.7046
2.7046
2.7046
2.7046
2.7046
2.7046
2.7046
2.70459
2.70459
2.70459
2.70459
2.70459
2.70459
2.70459
2.70459
2.70459
2.70458
2.70458
2.70458
2.70458
2.70458
2.70458
2.70458
2.70458
2.70458
2.70457
2.70457
2.70457
2.70457
2.70457
2.70457
2.70457
2.70457
2.70457
2.70456
2.70456
2.70456
2.70456
2.70456
2.70456
2.70456
2.70456
2.70456
2.70455
2.70455
2.70455
2.70455
2.70455
2.70455
2.70455
2.70455
2.70455
2.70454
2.70454
2.70454
2.70454
2.70454
2.70454
2.70454
2.70454
2.70454
2.70453
2.70453
2.70453
2.70453
2.70453
2.70453
2.70453
2.70453
2.70453
2.70453
2.70452
2.70452
2.70452
2.70452
2.70452
2.70452
2.70452
2.70452
2.70452
2.70451
2.70451
2.70451
2.70451
2.70451
2.70451
2.70451
2.70451
2.70451
2.7045
2.7045
2.7045
2.7045
2.7045
2.7045
2.7045
2.7045
2.7045
2.70449
2.70449
2.70449
2.70449
2.70449
2.70449
2.70449
2.70449
2.70449
2.70448
2.70448
2.70448
2.70448
2.70448
2.70448
2.70448
2.70448
2.70448
2.70447
2.70447
2.70447
2.70447
2.70447
2.70447
2.70447
2.70447
2.70447
2.70446
2.70446
2.70446
2.70446
2.70446
2.70446
2.70446
2.70446
2.70446
2.70446
2.70445
2.70445
2.70445
2.70445
2.70445
2.70445
2.70445
2.70445
2.70445
2.70444
2.70444
2.70444
2.70444
2.70444
2.70444
2.70444
2.70444
2.70444
2.70443
2.70443
2.70443
2.70443
2.70443
2.70443
2.70443
2.70443
2.70443
2.70442
2.70442
2.70442
2.70442
2.70442
2.70442
2.70442
2.70442
2.70442
2.70441
2.70441
2.70441
2.70441
2.70441
2.70441
2.70441
2.70441
2.7044
2.70439
2.70439
2.70439
2.70439
2.70438
2.70438
2.70438
2.70438
2.70438
2.70438
2.70438
2.70438
2.70438
2.70437
2.70437
2.70437
2.70437
2.70437
2.70437
2.70437
2.70437
2.70437
2.70436
2.70436
2.70436
2.70436
2.70436
2.70436
2.70436
2.70436
2.70436
2.70435
2.70434
2.70434
2.70434
2.70433
2.70433
2.70433
2.70433
2.70433
2.70433
2.70433
2.70433
2.70433
2.70432
2.70432
2.70432
2.70432
2.70432
2.70432
2.70432
2.70432
2.70432
2.70431
2.70431
2.70431
2.70431
2.70431
2.70431
2.70431
2.70431
2.70431
2.7043
2.7043
2.7043
2.7043
2.7043
2.7043
2.7043
2.7043
2.7043
2.70429
2.70429
2.70429
2.70429
2.70429
2.70429
2.70429
2.70429
2.70429
2.70428
2.70428
2.70428
2.70428
2.70428
2.70428
2.70428
2.70428
2.70428
2.70428
2.70427
2.70427
2.70427
2.70427
2.70427
2.70427
2.70427
2.70427
2.70427
2.70426
2.70426
2.70426
2.70426
2.70426
2.70426
2.70426
2.70426
2.70426
2.70425
2.70425
2.70425
2.70425
2.70425
2.70423
2.70422
2.70421
2.70421
2.70421
2.70421
2.70421
2.70421
2.7042
2.7042
2.7042
2.7042
2.7042
2.7042
2.7042
2.7042
2.7042
2.70419
2.70419
2.70419
2.70418
2.70418
2.70417
2.70417
2.70417
2.70417
2.70417
2.70417
2.70417
2.70417
2.70416
2.70416
2.70416
2.70416
2.70416
2.70416
2.70416
2.70416
2.70416
2.70415
2.70415
2.70415
2.70415
2.70415
2.70415
2.70415
2.70415
2.70415
2.70414
2.70414
2.70414
2.70414
2.70414
2.70414
2.70414
2.70414
2.70414
2.70413
2.70411
2.70411
2.70411
2.7041
2.7041
2.7041
2.7041
2.7041
2.7041
2.7041
2.7041
2.70409
2.70409
2.70409
2.70408
2.70408
2.70407
2.70407
2.70407
2.70407
2.70407
2.70407
2.70407
2.70407
2.70406
2.70406
2.70406

