2.7
2.7
2.7
2.7
2.7
2.69999
2.69999
2.69999
2.69999
2.69999
2.69999
2.69999
2.69999
2.69999
2.69998
2.69998
2.69998
2.69998
2.69998
2.69998
2.69998
2.69998
2.69998
2.69997
2.69997
2.69997
2.69997
2.69997
2.69997
2.69997
2.69997
2.69997
2.69995
2.69993
2.69993
2.69993
2.69993
2.69993
2.69993
2.69992
2.69992
2.69992
2.69992
2.69992
2.69992
2.69992
2.69992
2.69992
2.69991
2.69991
2.69991
2.69991
2.69991
2.69991
2.69991
2.69991
2.69991
2.6999
2.6999
2.6999
2.6999
2.6999
2.6999
2.6999
2.6999
2.6999
2.69989
2.69989
2.69989
2.69989
2.69988
2.69988
2.69988
2.69987
2.69987
2.69987
2.69987
2.69987
2.69987
2.69987
2.69987
2.69987
2.69986
2.69986
2.69986
2.69986
2.69986
2.69986
2.69986
2.69986
2.69986
2.69985
2.69985
2.69985
2.69985
2.69985
2.69985
2.69985
2.69985
2.69985
2.69984
2.69984
2.69984
2.69984
2.69984
2.69984
2.69984
2.69984
2.69984
2.69983
2.69983
2.69983
2.69983
2.69983
2.69983
2.69983
2.69982
2.69981
2.69981
2.69981
2.69981
2.69981
2.69981
2.6998
2.6998
2.6998
2.6998
2.6998
2.6998
2.6998
2.6998
2.6998
2.69979
2.69979
2.69979
2.69979
2.69979
2.69977
2.69976
2.69976
2.69975
2.69975
2.69975
2.69975
2.69975
2.69975
2.69975
2.69975
2.69975
2.69974
2.69974
2.69974
2.69974
2.69974
2.69974
2.69974
2.69974
2.69974
2.69973
2.69973
2.69973
2.69973
2.69973
2.69973
2.69973
2.69973
2.69973
2.69972
2.69972
2.69972
2.69972
2.69972
2.69972
2.69972
2.69972
2.69972
2.69971
2.69971
2.69971
2.69971
2.69971
2.69971
2.69971
2.69971
2.69971
2.6997
2.6997
2.6997
2.6997
2.6997
2.6997
2.6997
2.6997
2.69969
2.69967
2.69966
2.69966
2.69966
2.69966
2.69966
2.69966
2.69966
2.69965
2.69965
2.69965
2.69965
2.69965
2.69965
2.69965
2.69965
2.69965
2.69964
2.69964
2.69964
2.69964
2.69964
2.69964
2.69964
2.69964
2.69964
2.69964
2.69963
2.69963
2.69963
2.69963
2.69963
2.69963
2.69961
2.69961
2.69961
2.69961
2.6996
2.6996
2.6996
2.6996
2.6996
2.6996
2.6996
2.6996
2.69959
2.69959
2.69959
2.69959
2.69958
2.69957
2.69957
2.69957
2.69957
2.69956
2.69956
2.69956
2.69956
2.69956
2.69956
2.69956
2.69956
2.69956
2.69955
2.69955
2.69955
2.69953
2.69952
2.69952
2.69952
2.69952
2.69952
2.69952
2.69951
2.69951
2.69951
2.69951
2.69951
2.69951
2.69951
2.69951
2.69951
2.6995
2.6995
2.6995
2.6995
2.69949
2.69949
2.69949
2.69949
2.69949
2.69948
2.69948
2.69948
2.69948
2.69948
2.69948
2.69948
2.69948
2.69948
2.69947
2.69947
2.69947
2.69947
2.69945
2.69945
2.69944
2.69944
2.69944
2.69944
2.69944
2.69944
2.69944
2.69944
2.69943
2.69943
2.69943
2.69943
2.69943
2.69943
2.69943
2.69943
2.69943
2.69942
2.69942
2.69942
2.69942
2.69942
2.69942
2.69942
2.69942
2.69942
2.69941
2.69941
2.69941
2.69941
2.69941
2.69941
2.69941
2.69941
2.69941
2.69941
2.6994
2.6994
2.6994
2.69939
2.69938
2.69938
2.69938
2.69938
2.69938
2.69937
2.69937
2.69937
2.69937
2.69937
2.69937
2.69937
2.69937
2.69937
2.69936
2.69936
2.69936
2.69936
2.69936
2.69936
2.69936
2.69936
2.69936
2.69935
2.69935
2.69935
2.69934
2.69933
2.69933
2.69933
2.69933
2.69933
2.69933
2.69932
2.69932
2.69932
2.69932
2.69932
2.69932
2.69932
2.69932
2.69932
2.69931
2.69931
2.69931
2.69931
2.69931
2.69931
2.69929
2.69928
2.69928
2.69928
2.69928
2.69928
2.69927
2.69927
2.69927
2.69927
2.69927
2.69927
2.69927
2.69927
2.69924
2.69921
2.6992
2.6992
2.6992
2.69916
2.69916
2.69916
2.69915
2.69915
2.69915
2.69915
2.69914
2.69913
2.69913
2.69912
2.69912
2.69912
2.69912
2.69912
2.69912
2.69912
2.69912
2.69911
2.69911
2.69911
2.69911
2.69911
2.69911
2.69911
2.69911
2.69911
2.6991
2.69908
2.69907
2.69907
2.69907
2.69907
2.69906
2.69906
2.69906
2.69906
2.69906
2.69906
2.69906
2.69906
2.69906
2.69905
2.69905
2.69905
2.69904
2.69903
2.69903
2.69903
2.69903
2.69903
2.69903
2.69903
2.69902
2.69902
2.69901
2.69899
2.69898
2.69898
2.69898
2.69898
2.69898
2.69898
2.69898
2.69897
2.69897
2.69897
2.69897
2.69897
2.69897
2.69897
2.69897
2.69897
2.69896
2.69896
2.69896
2.69896
2.69894
2.69893
2.69893
2.69892
2.69892
2.69892
2.69892
2.69892
2.69892
2.69892
2.69892
2.69891
2.69891
2.69891
2.69891
2.69891
2.69891
2.69891
2.69891
2.69891
2.6989
2.69889
2.69887
2.69886
2.69886
2.69885
2.69885
2.69885
2.69885
2.69885
2.69885
2.69885
2.69885
2.69885
2.69884
2.69883
2.69882
2.69882
2.69882
2.69882
2.69882
2.69882
2.69881
2.69881
2.69881
2.69881
2.69881
2.69881
2.69881
2.6988
2.69878
2.69877
2.69877
2.69875
2.69875
2.69874
2.69874
2.69874
2.69874
2.69874
2.69874
2.69874
2.69873
2.69873
2.69873
2.69873
2.69873
2.69873
2.69873
2.69873
2.69873
2.69869
2.69868
2.69867
2.69867
2.69867
2.69867
2.69867
2.69867
2.69866
2.69866
2.69866
2.69866
2.69866
2.69866
2.69866
2.69866
2.69866
2.69865
2.69865
2.69865
2.69865
2.69865
2.69865
2.69865
2.69865
2.69865
2.69864
2.69864
2.69864
2.69864
2.69861
2.6986
2.6986
2.69859
2.69859
2.69859
2.69859
2.69859
2.69859
2.69859
2.69859
2.69859
2.69858
2.69858
2.69858
2.69858
2.69858
2.69858
2.69858
2.69858
2.69858
2.69857
2.69857
2.69857
2.69857
2.69857
2.69857
2.69857
2.69857
2.69856
2.69852
2.69852
2.69852
2.69851
2.69851
2.69851
2.69851
2.69851
2.69851
2.69851
2.69851
2.69851
2.6985
2.6985
2.6985
2.6985
2.6985
2.6985
2.6985
2.6985
2.6985
2.69849
2.69849
2.69849
2.69849
2.69849
2.69849
2.69849
2.69849
2.69849
2.69848
2.69848
2.69848
2.69848
2.69848
2.69848
2.69848
2.69848
2.69848
2.69847
2.69847
2.69847
2.69847
2.69847
2.69847
2.69847
2.69847
2.69847
2.69846
2.69846
2.69846
2.69846
2.69846
2.69846
2.69846
2.69846
2.69846
2.69846
2.69845
2.69845
2.69845
2.69845
2.69845
2.69845
2.69845
2.69845
2.69845
2.69844
2.69844
2.69844
2.69844
2.69844
2.69844
2.69844
2.69844
2.69844
2.69843
2.69843
2.69843
2.69843
2.69843
2.69843
2.69843
2.69843
2.69843
2.69842
2.69842
2.69842
2.69842
2.69842
2.69842
2.69842
2.69842
2.69842
2.69841
2.69841
2.69841
2.69841
2.69841
2.69841
2.69841
2.69841
2.69841
2.6984
2.6984
2.6984
2.6984
2.6984
2.6984
2.6984
2.6984
2.6984
2.6984
2.69839
2.69839
2.69839
2.69839
2.69839
2.69839
2.69839
2.69839
2.69839
2.69838
2.69838
2.69838
2.69838
2.69838
2.69838
2.69838
2.69838
2.69838
2.69837
2.69837
2.69837
2.69837
2.69837
2.69837
2.69837
2.69837
2.69836
2.69835
2.69835
2.69834
2.69834
2.69834
2.69834
2.69834
2.69834
2.69834
2.69834
2.69834
2.69833
2.69833
2.69833
2.69833
2.70506
2.70543
2.70542
2.70542
2.70542
2.70542
2.70542
2.70542
2.70542
2.70541
2.70541
2.70541
2.70541
2.70541
2.70541
2.7054
2.70539
2.70538
2.70538
2.70538
2.70538
2.70538
2.70538
2.70538
2.70538
2.70537
2.70537
2.70537
2.70537
2.70537
2.70537
2.70537
2.70537
2.70537
2.70536
2.70536
2.70536
2.70536
2.70536
2.70536
2.70536
2.70536
2.70536
2.70535
2.70535
2.70535
2.70535
2.70535
2.70535
2.70535
2.70535
2.70535
2.70534
2.70534
2.70533
2.70533
2.70533
2.70532
2.70532
2.70532
2.70532
2.70532
2.70532
2.70532
2.70532
2.70531
2.70531
2.70531
2.70531
2.70531
2.70531
2.70531
2.70531
2.7053
2.70529
2.70529
2.70528
2.70528
2.70528
2.70528
2.70528
2.70528
2.70528
2.70528
2.70527
2.70527
2.70527
2.70527
2.70527
2.70526
2.70526
2.70525
2.70525
2.70525
2.70525
2.70524
2.70524
2.70524
2.70524
2.70524
2.70524
2.70524
2.70524
2.70524
2.70524
2.70523
2.70523
2.70523
2.70523
2.70523
2.70523
2.70523
2.70521
2.7052
2.7052
2.7052
2.70519
2.70519
2.70519
2.70519
2.70519
2.70519
2.70519
2.70519
2.70519
2.70518
2.70518
2.70518
2.70518
2.70518
2.70518
2.70518
2.70518
2.70518
2.70517
2.70517
2.70517
2.70517
2.70517
2.70517
2.70515
2.70514
2.70514
2.70514
2.70514
2.70514
2.70513
2.70513
2.70513
2.70513
2.70513
2.70513
2.70513
2.70513
2.70513
2.70512
2.70512
2.70512
2.70512
2.70512
2.70512
2.70512
2.70512
2.70512
2.70511
2.70511
2.70511
2.70511
2.7051
2.70508
2.70508
2.70508
2.70508
2.70507
2.70507
2.70507
2.70507
2.70507
2.70507
2.70507
2.70507
2.70507
2.70506
2.70506
2.70506
2.70506
2.70506
2.70506
2.70506
2.70506
2.70506
2.70505
2.70505
2.70505
2.70505
2.70505
2.70505
2.70503
2.70502
2.70501
2.70501
2.70501
2.70501
2.70501
2.70501
2.705
2.705
2.705
2.705
2.705
2.705
2.705
2.705
2.705
2.70499
2.70499
2.70499
2.70499
2.70499
2.70499
2.70499
2.70499
2.70499
2.70499
2.70498
2.70498
2.70498
2.70498
2.70498
2.70498
2.70498
2.70498
2.70496
2.70494
2.70494
2.70493
2.70493
2.70492
2.70491
2.7049
2.7049
2.7049
2.70489
2.70489
2.70489
2.70489
2.70489
2.70489
2.70489
2.70489
2.70489
2.70488
2.70488
2.70487
2.70487
2.70487
2.70487
2.70487
2.70486
2.70486
2.70486
2.70486
2.70486
2.70486
2.70486
2.70486
2.70486
2.70485
2.70485
2.70485
2.70485
2.70485
2.70485
2.70484
2.70483
2.70483
2.70483
2.70483
2.70483
2.70483
2.70482
2.70482
2.70482
2.70482
2.70481
2.7048
2.7048
2.7048
2.7048
2.7048
2.7048
2.70479
2.70479
2.70479
2.70479
2.70479
2.70479
2.70479
2.70479
2.70476
2.70475
2.70475
2.70475
2.70475
2.70475
2.70475
2.70474
2.70474
2.70474
2.70474
2.70474
2.70474
2.70474
2.70474
2.70473
2.70472
2.70472
2.70472
2.70472
2.70472
2.70472
2.70471
2.70471
2.70471
2.70471
2.70471
2.70471
2.70471
2.70471
2.70471
2.7047
2.7047
2.7047
2.7047
2.7047
2.7047
2.7047
2.7047
2.7047
2.70469
2.70469
2.70469
2.70469
2.70469
2.70469
2.70469
2.70469
2.70469
2.70468
2.70468
2.70468
2.70468
2.70468
2.70468
2.70468
2.70468
2.70467
2.70465
2.70465
2.70465
2.70465
2.70465
2.70464
2.70464
2.70464
2.70464
2.70464
2.70464
2.70464
2.70464
2.70464
2.70463
2.70463
2.70463
2.70463
2.70463
2.70463
2.70463
2.70463
2.70463
2.70462
2.70462
2.70462
2.70462
2.70462
2.70461
2.7046
2.70459
2.70459
2.70459
2.70459
2.70458
2.70458
2.70458
2.70458
2.70458
2.70458
2.70458
2.70458
2.70458
2.70457
2.70457
2.70457
2.70457
2.70457
2.70457
2.70457
2.70457
2.70457
2.70456
2.70456
2.70456
2.70456
2.70456
2.70455
2.70454
2.70453
2.70453
2.70453
2.70452
2.70452
2.70452
2.70452
2.70452
2.70452
2.70452
2.70452
2.70452
2.70451
2.70451
2.70451
2.70451
2.70451
2.70451
2.70451
2.70451
2.70451
2.7045
2.7045
2.7045
2.7045
2.7045
2.7045
2.7045
2.7045
2.7045
2.70449
2.70449
2.70448
2.70447
2.70446
2.70446
2.70446
2.70446
2.70446
2.70446
2.70446
2.70446
2.70445
2.70445
2.70445
2.70445
2.70445
2.70445
2.70445
2.70445
2.70445
2.70444
2.70444
2.70444
2.70444
2.70444
2.70444
2.70444
2.70444
2.70444
2.70443
2.70443
2.70443
2.70443
2.70443
2.70443
2.70443
2.70443
2.70443
2.70442
2.70442
2.70442
2.70442
2.70442
2.70442
2.70442
2.70442
2.70442
2.70442
2.70441
2.70441
2.70441
2.70441
2.70441
2.70441
2.70441
2.70441
2.70441
2.7044
2.7044
2.7044
2.7044
2.7044
2.7044
2.7044
2.7044
2.7044
2.70439
2.70439
2.70439
2.70439
2.70439
2.70439
2.70439
2.70439
2.70439
2.70438
2.70438
2.70438
2.70438
2.70438
2.70437
2.70436
2.70436
2.70436
2.70436
2.70436
2.70435
2.70435
2.70435
2.70435
2.70435
2.70435
2.70435
2.70435
2.70435
2.70434
2.70434
2.70434
2.70434
2.70434
2.70434
2.70434
2.70434
2.70433
2.70433
2.70432
2.70432
2.70432
2.70432
2.70432
2.70432
2.70432
2.70432
2.70431
2.70431
2.70431
2.70431
2.70431
2.70431
2.70431
2.70431
2.70431
2.7043
2.7043
2.7043
2.7043
2.7043
2.7043
2.7043
2.7043
2.7043
2.70429
2.70429
2.70429
2.70429
2.70429
2.70429
2.70429
2.70429
2.70429
2.70428
2.70428
2.70428
2.70428
2.70428
2.70428
2.70427
2.70426
2.70426
2.70426
2.70426
2.70426
2.70425
2.70425
2.70425
2.70425
2.70425
2.70425
2.70425
2.70425
2.70425
2.70424
2.70424
2.70424
2.70424
2.70424
2.70424
2.70424
2.70424
2.70423
2.70422
2.70422
2.70421
2.70421
2.70421
2.70421
2.70421
2.70421
2.70421
2.70421
2.7042
2.7042
2.7042
2.7042
2.7042
2.7042
2.7042
2.7042
2.70419
2.70418
2.70418
2.70417
2.70417
2.70417
2.70417
2.70417
2.70417
2.70417
2.70416
2.70416
2.70416
2.70416
2.70416
2.70415
2.70413
2.70413
2.70413
2.70413
2.70412
2.70412
2.70412
2.70412
2.70412
2.70412
2.70412
2.70412
2.70412
2.70411
2.7041
2.70409
2.70408
2.70408
2.70408
2.70408
2.70408
2.70408
2.70408
2.70407
2.70407
2.70407
2.70407
2.70407
2.70407
2.70405
2.70405
2.70404
2.70404
2.70404
2.70404
2.70404
2.70404
2.70404
2.70404
2.70404
2.70403
2.70403
2.70403
2.70403
2.70403
2.70403
2.70403
2.70403
2.70403
2.70402
2.70402
2.70402
2.70402
2.70402
2.704
2.70399
2.70399
2.70399
2.70399
2.70399
2.70399
2.70398
2.70398
2.70398
2.70398
2.70398
2.70398
2.70398
2.70398
2.70398
2.70397
2.70397
2.70397
2.70397
2.70397
2.70397
2.70397
2.70396
2.70395
2.70395
2.70395
2.70395
2.70394
2.70394
2.70394
2.70394
2.70394
2.70394
2.70394
2.70394
2.70394
2.70393
2.70393
2.70393
2.70393
2.70393
2.70393
2.70393
2.70393
2.70393
2.70392
2.70392
2.70392
2.70392
2.70392
2.70392
2.70392
2.70392
2.70392
2.70391
2.70391
2.70391
2.70389
2.70388
2.70388
2.70388
2.70388
2.70387
2.70387
2.70387
2.70387
2.70387
2.70387
2.70387
2.70387
2.70387
2.70386
2.70386
2.70386
2.70386
2.70386
2.70386
2.70386
2.70386
2.70386
2.70385
2.70385
2.70384
2.70383
2.70383
2.70383
2.70383
2.70383
2.70383
2.70382
2.70382
2.70382
2.70382
2.70382
2.70382
2.7038
2.7038
2.70379
2.70379
2.70379
2.70379
2.70379
2.70379
2.70379
2.70378
2.70378
2.70378
2.70378
2.70378
2.70378
2.70378
2.70378
2.70378
2.70377
2.70377
2.70377
2.70377
2.70377
2.70377
2.70377
2.70377
2.70377
2.70376
2.70376
2.70376
2.70375
2.70374
2.70373
2.70373
2.70373
2.70373
2.70373
2.70373
2.70372
2.70372
2.70372
2.70372
2.70372
2.70372
2.70372
2.70372
2.70371
2.7037
2.70369
2.70369
2.70369
2.70369
2.70368
2.70368
2.70368
2.70368
2.70368
2.70368
2.70368
2.70368
2.70368
2.70367
2.70367
2.70367
2.70367
2.70367
2.70367
2.70367
2.70367
2.70366
2.70365
2.70364
2.70364
2.70364
2.70364
2.70364
2.70364
2.70364
2.70363
2.70363
2.70363
2.70363
2.7036
2.7036
2.70359
2.70359
2.70359
2.70359
2.70359
2.70359
2.70359
2.70359
2.70358
2.70358
2.70358
2.70358
2.70358
2.70358
2.70358
2.70358
2.70358
2.70357
2.70357
2.70357
2.70357
2.70357
2.70357
2.70357
2.70356
2.70356
2.70355
2.70355
2.70355
2.70355
2.70355
2.70354
2.70354
2.70354
2.70354
2.70354
2.70354
2.70354
2.70354
2.70354
2.70353
2.70353
2.70353
2.70353
2.70353
2.70353
2.70353
2.70353
2.70353
2.70352
2.70352
2.70352
2.70352
2.70352
2.70352
2.70352
2.70352
2.70352
2.70351
2.70351
2.70351
2.70351
2.70351
2.70351
2.70351
2.70351
2.70351
2.7035
2.7035
2.7035
2.7035
2.7035
2.7035
2.7035
2.7035
2.7035
2.70349
2.70349
2.70349
2.70349
2.70349
2.70349
2.70349
2.70349
2.70349
2.70348
2.70348
2.70348
2.70348
2.70347
2.70346
2.70345
2.70345
2.70345
2.70345
2.70345
2.70345
2.70345
2.70344
2.70344
2.70344
2.70344
2.70342
2.70341
2.7034
2.7034
2.7034
2.7034
2.7034
2.7034
2.7034
2.70339
2.70339
2.70339
2.70339
2.70339
2.70339
2.70339
2.70339
2.70339
2.70338
2.70338
2.70336
2.70336
2.70336
2.70335
2.70335
2.70335
2.70335
2.70335
2.70335
2.70335
2.70335
2.70335
2.70334
2.70334
2.70334
2.70334
2.70334
2.70334
2.70334
2.70334
2.70334
2.70333
2.70333
2.70332
2.70331
2.70331
2.70331
2.70331
2.70331
2.70331
2.70331
2.7033
2.7033
2.7033
2.7033
2.7033
2.7033
2.7033
2.7033
2.7033
2.70329
2.70329
2.70329
2.70329
2.70329
2.70329
2.70329
2.70329
2.70329
2.70328
2.70328
2.70328
2.70328
2.70328
2.70328
2.70328
2.70328
2.70328
2.70327
2.70327
2.70327
2.70327
2.70327
2.70327
2.70327
2.70327
2.70327
2.70326
2.70326
2.70326
2.70326
2.70326
2.70326
2.70326
2.70326
2.70326
2.70326
2.70325
2.70325
2.70325
2.70325
2.70325
2.70325
2.70325
2.70325
2.70325
2.70324
2.70324
2.70324
2.70324
2.70324
2.70324
2.70324
2.70324
2.70324
2.70323
2.70323
2.70323
2.70323
2.70323
2.70323
2.70323
2.70323
2.70323
2.70322
2.70322
2.70322
2.70322
2.70322
2.70322
2.70322
2.70322
2.70322
2.70321
2.70321
2.70321
2.70321
2.70321
2.70321
2.70321
2.70321
2.70321
2.7032
2.7032
2.7032
2.7032
2.7032
2.7032
2.7032
2.7032
2.7032
2.70319
2.70319
2.70319
2.70319
2.70319
2.70319
2.70319
2.70319
2.70319
2.70319
2.70318
2.70318
2.70318
2.70318
2.70318
2.70318
2.70318
2.70318
2.70318
2.70317
2.70317
2.70317
2.70317
2.70317
2.70317
2.70317
2.70317
2.70317
2.70316
2.70316
2.70316
2.70316
2.70316
2.70316
2.70316
2.70316
2.70316
2.70315
2.70315
2.70315
2.70315
2.70315
2.70315
2.70315
2.70315
2.70315
2.70314
2.70314
2.70314
2.70314
2.70314
2.70314
2.70314
2.70314
2.70314
2.70313
2.70313
2.70313
2.70313
2.70313
2.70313
2.70313
2.70313
2.70313
2.70312
2.70312
2.70312
2.70312
2.70312
2.70312
2.70312
2.70312
2.70312
2.70312
2.70311
2.70311
2.70311
2.70311
2.70311
2.70311
2.70311
2.70311
2.70311
2.7031
2.7031
2.7031
2.7031
2.7031
2.7031
2.7031
2.7031
2.7031
2.70309
2.70309
2.70309
2.70309
2.70309
2.70309
2.70309
2.70309
2.70309
2.70308
2.70308
2.70308
2.70308
2.70308
2.70308
2.70308
2.70308
2.70308
2.70307
2.70307
2.70307
2.70307
2.70307
2.70307
2.70307
2.70307
2.70307
2.70306
2.70306
2.70306
2.70306
2.70306
2.70306
2.70306
2.70306
2.70306
2.70305
2.70305
2.70305
2.70305
2.70305
2.70305
2.70305
2.70305
2.70305
2.70305
2.70304
2.70304
2.70304
2.70304
2.70304
2.70304
2.70304
2.70304
2.70304
2.70303
2.70303
2.70303
2.70303
2.70303
2.70303
2.70303
2.70303
2.70303
2.70302
2.70302
2.70302
2.70302
2.70302
2.70302
2.70302
2.70302
2.70302
2.70301
2.70301
2.70301
2.70301
2.70301
2.70301
2.70301
2.70301
2.70301
2.703
2.703
2.703
2.703
2.703
2.703
2.703
2.703
2.703
2.70299
2.70299
2.70299
2.70299
2.70299
2.70299
2.70299
2.70299
2.70299
2.70299
2.70298
2.70298
2.70298
2.70298
2.70298
2.70298
2.70298
2.70298
2.70298
2.70297
2.70297
2.70297
2.70297
2.70297
2.70297
2.70297
2.70297
2.70297
2.70296
2.70296
2.70296
2.70296
2.70296
2.70296
2.70296
2.70296
2.70296
2.70295
2.70295
2.70295
2.70295
2.70295
2.70295
2.70295
2.70295
2.70295
2.70294
2.70294
2.70294
2.70294
2.70294
2.70294
2.70294
2.70294
2.70294
2.70293
2.70293
2.70293
2.70293
2.70293
2.70293
2.70293
2.70293
2.70293
2.70292
2.70292
2.70292
2.70292
2.70292
2.70292
2.70292
2.70292
2.70292
2.70292
2.70291
2.70291
2.70291
2.70291
2.70291
2.70291
2.70291
2.70291
2.70291
2.7029
2.7029
2.7029
2.7029
2.7029
2.7029
2.7029
2.7029
2.7029
2.70289
2.70289
2.70289
2.70289
2.70289
2.70289
2.70289
2.70289
2.70289
2.70288
2.70288
2.70288
2.70288
2.70288
2.70288
2.70288
2.70288
2.70288
2.70287
2.70282
2.70282
2.70281
2.70281
2.70281
2.70281
2.70281
2.70281
2.70281
2.70281
2.7028
2.7028
2.70279
2.70279
2.70278
2.70278
2.70278
2.70278
2.70278
2.70278
2.70278
2.70277
2.70277
2.70277
2.70277
2.70277
2.70277
2.70277
2.70277
2.70277
2.70276
2.70276
2.70276
2.70274
2.70273
2.70273
2.70273
2.70273
2.70273
2.70273
2.70272
2.70272
2.70272
2.70272
2.70272
2.70272
2.70272
2.70272
2.70272
2.70271
2.70271
2.70271
2.70269
2.70268
2.70268
2.70268
2.70267
2.70267
2.70267
2.70267
2.70267
2.70267
2.70267
2.70267
2.70267
2.70266
2.70266
2.70266
2.70266
2.70266
2.70266
2.70266
2.70266
2.70266
2.70265
2.70265
2.70265
2.70265
2.70265
2.70264
2.70264
2.70264
2.70263
2.70263
2.70263
2.70263
2.70263
2.70263
2.70263
2.70263
2.70262
2.70262
2.70261
2.7026
2.7026
2.7026
2.7026
2.7026
2.70259
2.70259
2.70259
2.70259
2.70259
2.70259
2.70259
2.70259
2.70259
2.70258
2.70258
2.70258
2.70257
2.70255
2.70255
2.70255
2.70255
2.70255
2.70255
2.70255
2.70254
2.70254
2.70254
2.70254
2.70254
2.70252
2.70251
2.70251
2.7025
2.7025
2.7025
2.7025
2.7025
2.70247
2.70246
2.70246
2.70246
2.70245
2.70245
2.70245
2.70245
2.70245
2.70242
2.70242
2.70241
2.70241
2.70241
2.7024
2.70239
2.70239
2.70239
2.70239
2.70238
2.70238
2.70238
2.70238
2.70238
2.70238
2.70238
2.70238
2.70238
2.70237
2.70237
2.70236
2.70236
2.70236
2.70235
2.70235
2.70235
2.70235
2.70235
2.70235
2.70235
2.70235
2.70234
2.70234
2.70234
2.70234
2.70234
2.70234
2.70234
2.70234
2.70234
2.70233
2.70233
2.70233
2.70233
2.70233
2.70233
2.70233
2.70233
2.70233
2.70232
2.70232
2.70232
2.70232
2.70232
2.70232
2.70232
2.7023
2.70228
2.70227
2.70227
2.70227
2.70227
2.70227
2.70227
2.70227
2.70226
2.70226
2.70226
2.70226
2.70226
2.70226
2.70226
2.70226
2.70226
2.70225
2.70225
2.70225
2.70225
2.70225
2.70225
2.70225
2.70225
2.70225
2.70224
2.70224
2.70222
2.70222
2.70221
2.70221
2.70221
2.70221
2.70221
2.70221
2.70221
2.70221
2.7022
2.7022
2.7022
2.7022
2.7022
2.7022
2.7022
2.7022
2.7022
2.70219
2.70219
2.70219
2.70219
2.70219
2.70219
2.70219
2.70219
2.70219
2.70218
2.70218
2.70217
2.70217
2.70217
2.70216
2.70216
2.70216
2.70216
2.70216
2.70216
2.70216
2.70216
2.70216
2.70215
2.70215
2.70215
2.70215
2.70215
2.70213
2.70212
2.70212
2.70212
2.70211
2.70211
2.70211
2.70211
2.70211
2.70211
2.70211
2.70211
2.70211
2.7021
2.7021
2.7021
2.70209
2.70207
2.70207
2.70207
2.70207
2.70206
2.70206
2.70206
2.70206
2.70206
2.70206
2.70206
2.70206
2.70206
2.70205
2.70205
2.70205
2.70205
2.70205
2.70205
2.70205
2.70205
2.70205
2.70204
2.70204
2.70204
2.70204
2.70204
2.70203
2.70201
2.70201
2.70201
2.702
2.702
2.702
2.702
2.702
2.702
2.702
2.70198
2.70197
2.70197
2.70197
2.70197
2.70197
2.70197
2.70197
2.70197
2.70196
2.70196
2.70196
2.70196
2.70196
2.70196
2.70194
2.70193
2.70193
2.70193
2.70193
2.70193
2.70192
2.70192
2.70192
2.70192
2.70192
2.70192
2.70192
2.70192
2.70192
2.70191
2.70191
2.70191
2.70191
2.70191
2.70191
2.70191
2.70191
2.70191
2.7019
2.7019
2.7019
2.7019
2.7019
2.7019
2.7019
2.7019
2.7019
2.70189
2.70189
2.70189
2.70189
2.70189
2.70189
2.70189
2.70189
2.70189
2.70188
2.70188
2.70188
2.70188
2.70188
2.70188
2.70186
2.70184
2.70183
2.70183
2.70183
2.70183
2.70183
2.70183
2.70183
2.70182
2.70182
2.70182
2.70182
2.70182
2.70182
2.70182
2.70182
2.70182
2.70181
2.70179
2.70179
2.70179
2.70179
2.70179
2.70178
2.70178
2.70178
2.70178
2.70178
2.70178
2.70178
2.70178
2.70178
2.70177
2.70177
2.70177
2.70177
2.70177
2.70177
2.70177
2.70174
2.70174
2.70174
2.70173
2.70173
2.70173
2.70173
2.70173
2.70173
2.70173
2.70173
2.70173
2.70172
2.70172
2.70172
2.70172
2.70172
2.70172
2.70172
2.70172
2.70172
2.70171
2.70171
2.70171
2.70171
2.7017
2.7017
2.70169
2.70169
2.70169
2.70169
2.70169
2.70169
2.70169
2.70168
2.70168
2.70168
2.70168
2.70168
2.70168
2.70168
2.70168
2.70168
2.70167
2.70167
2.70167
2.70167
2.70167
2.70167
2.70167
2.70167
2.70167
2.70166
2.70166
2.70166
2.70166
2.70166
2.70166
2.70165
2.70165
2.70164
2.70164
2.70164
2.70164
2.70164
2.70164
2.70164
2.70163
2.70163
2.70163
2.70163
2.70163
2.70163
2.70163
2.70163
2.70163
2.70162
2.70162
2.70162
2.70162
2.70162
2.70162
2.70162
2.70162
2.70162
2.70161
2.70161
2.70161
2.70161
2.70161
2.70161
2.70161
2.70161
2.70161
2.7016
2.7016
2.70159
2.70158
2.70158
2.70158
2.70158
2.70157
2.70157
2.70157
2.70157
2.70157
2.70157
2.70157
2.70157
2.70157
2.70156
2.70156
2.70156
2.70156
2.70156
2.70156
2.70156
2.70156
2.70156
2.70155
2.70155
2.70155
2.70155
2.70155
2.70155
2.70155
2.70155
2.70155
2.70154
2.70154
2.70154
2.70154
2.70154
2.70154
2.70154
2.70154
2.70154
2.70153
2.70153
2.70153
2.70153
2.70153
2.70153
2.70153
2.70153
2.70153
2.70152
2.70152
2.70152
2.70152
2.70152
2.70152
2.70152
2.70152
2.70152
2.70151
2.70151
2.70151
2.70151
2.70151
2.70151
2.70151
2.70151
2.70151
2.70151
2.7015
2.7015
2.7015
2.7015
2.7015
2.70148
2.70148
2.70147
2.70147
2.70147
2.70147
2.70145
2.70145
2.70144
2.70144
2.70144
2.70144
2.70144
2.70144
2.70144
2.70143
2.70143
2.70143
2.70143
2.70143
2.70143
2.70143
2.70143
2.70143
2.70143
2.70142
2.70142
2.70142
2.70142
2.70142
2.70142
2.70142
2.70142
2.70142
2.70141
2.70141
2.70141
2.70141
2.70141
2.70141
2.70141
2.70141
2.70141
2.7014
2.7014
2.7014
2.7014
2.7014
2.7014
2.7014
2.70138
2.70137
2.70136
2.70136
2.70136
2.70136
2.70136
2.70135
2.70135
2.70135
2.70135
2.70135
2.70135
2.70135
2.70135
2.70135
2.70134
2.70134
2.70134
2.70134
2.70134
2.70134
2.70134
2.70134
2.70134
2.70133
2.70133
2.70133
2.70133
2.70133
2.70133
2.70133
2.70133
2.70133
2.70133
2.70132
2.70132
2.70132
2.70132
2.70132
2.70132
2.70132
2.70132
2.70132
2.70131
2.70131
2.70131
2.70131
2.70131
2.70131
2.70131
2.70131
2.70131
2.7013
2.7013
2.7013
2.7013
2.7013
2.7013
2.7013
2.7013
2.7013
2.70129
2.70129
2.70129
2.70129
2.70129
2.70129
2.70129
2.70129
2.70129
2.70128
2.70128
2.70128
2.70128
2.70128
2.70128
2.70128
2.70128
2.70128
2.70127
2.70127
2.70127
2.70127
2.70127
2.70127
2.70127
2.70127
2.70127
2.70127
2.70126
2.70126
2.70126
2.70126
2.70126
2.70126
2.70126
2.70126
2.70126
2.70125
2.70125
2.70125
2.70125
2.70125
2.70125
2.70122
2.70122
2.70121
2.70121
2.70121
2.70121
2.70121
2.70121
2.70121
2.7012
2.7012
2.7012
2.7012
2.70119
2.70117
2.70117
2.70116
2.70116
2.70116
2.70116
2.70116
2.70116
2.70116
2.70115
2.70115
2.70115
2.70115
2.70115
2.70113
2.70111
2.70111
2.70111
2.70111
2.70111
2.7011
2.7011
2.7011
2.7011
2.7011
2.7011
2.70109
2.70108

