2.7
2.7
2.7
2.7
2.7
2.69999
2.69999
2.69999
2.69999
2.69999
2.69999
2.69999
2.69999
2.69999
2.69998
2.69998
2.69998
2.69998
2.69998
2.69998
2.69998
2.69998
2.69998
2.69997
2.69997
2.69997
2.69997
2.69997
2.69997
2.69997
2.69997
2.69997
2.69997
2.69996
2.69996
2.69996
2.69996
2.69996
2.69996
2.69996
2.69996
2.69996
2.69995
2.69995
2.69995
2.69995
2.69995
2.69995
2.69995
2.69995
2.69995
2.69994
2.69994
2.69994
2.69994
2.69994
2.69994
2.69994
2.69994
2.69994
2.69993
2.69993
2.69993
2.69993
2.69993
2.69993
2.69993
2.69993
2.69993
2.69992
2.69992
2.69992
2.69992
2.69992
2.69992
2.69992
2.69992
2.69992
2.69991
2.69991
2.69991
2.69991
2.69991
2.69991
2.69991
2.69991
2.69991
2.6999
2.6999
2.6999
2.6999
2.6999
2.6999
2.6999
2.6999
2.6999
2.6999
2.69989
2.69989
2.69989
2.69989
2.69989
2.69989
2.69989
2.69989
2.69989
2.69988
2.69988
2.69988
2.69988
2.69988
2.69988
2.69988
2.69988
2.69988
2.69987
2.69987
2.69987
2.69987
2.69987
2.69987
2.69987
2.69987
2.69987
2.69986
2.69986
2.69986
2.69986
2.69986
2.69986
2.69986
2.69986
2.69986
2.69985
2.69985
2.69985
2.69985
2.69985
2.69985
2.69985
2.69985
2.69985
2.69984
2.69984
2.69984
2.69984
2.69984
2.69984
2.69984
2.69984
2.69984
2.69984
2.69983
2.69983
2.69983
2.69983
2.69983
2.69983
2.69983
2.69983
2.69983
2.69982
2.69982
2.69982
2.69982
2.69982
2.69982
2.69982
2.69982
2.69982
2.69981
2.69981
2.69981
2.69981
2.69981
2.69981
2.69981
2.69981
2.69981
2.6998
2.6998
2.6998
2.6998
2.6998
2.6998
2.6998
2.6998
2.6998
2.69979
2.69979
2.69979
2.69979
2.69979
2.69979
2.69979
2.69979
2.69979
2.69978
2.69978
2.69978
2.69978
2.69978
2.69978
2.69978
2.69978
2.69978
2.69978
2.69977
2.69977
2.69977
2.69977
2.69977
2.69977
2.69977
2.69977
2.69977
2.69976
2.69976
2.69976
2.69976
2.69976
2.69976
2.69976
2.69976
2.69976
2.69975
2.69975
2.69975
2.69975
2.69975
2.69975
2.69975
2.69975
2.69975
2.69974
2.69974
2.69974
2.69974
2.69974
2.69974
2.69974
2.69974
2.69974
2.69973
2.69973
2.69973
2.69973
2.69973
2.69973
2.69973
2.69973
2.69973
2.69972
2.69972
2.69972
2.69972
2.69972
2.69972
2.69972
2.69972
2.69972
2.69971
2.69971
2.69971
2.69971
2.69971
2.69971
2.69971
2.69971
2.69971
2.69971
2.6997
2.6997
2.6997
2.6997
2.6997
2.6997
2.6997
2.69968
2.69966
2.69966
2.69965
2.69965
2.69965
2.69965
2.69965
2.69965
2.69965
2.69964
2.69964
2.69964
2.69964
2.69964
2.69964
2.69964
2.69964
2.69964
2.69963
2.69963
2.69963
2.69963
2.69962
2.6996
2.6996
2.6996
2.6996
2.6996
2.6996
2.69959
2.69959
2.69959
2.69959
2.69959
2.69959
2.69959
2.69959
2.69959
2.69958
2.69958
2.69958
2.69958
2.69958
2.69958
2.69958
2.69958
2.69958
2.69957
2.69957
2.69957
2.69957
2.69957
2.69957
2.69957
2.69957
2.69957
2.69956
2.69956
2.69956
2.69956
2.69956
2.69956
2.69956
2.69956
2.69956
2.69955
2.69955
2.69955
2.69955
2.69955
2.69954
2.69953
2.69952
2.69952
2.69952
2.69952
2.69952
2.69952
2.69952
2.69951
2.69951
2.69951
2.69951
2.69951
2.69951
2.69951
2.69951
2.69951
2.69951
2.6995
2.6995
2.6995
2.6995
2.69949
2.69949
2.69949
2.69948
2.69948
2.69948
2.69948
2.69948
2.69948
2.69948
2.69948
2.69948
2.69947
2.69947
2.69947
2.69947
2.69947
2.69947
2.69947
2.69947
2.69947
2.69946
2.69946
2.69946
2.69946
2.69946
2.69946
2.69946
2.69946
2.69946
2.69945
2.69944
2.69944
2.69943
2.69943
2.69941
2.6994
2.6994
2.69939
2.69939
2.69939
2.69939
2.69939
2.69939
2.69939
2.69938
2.69938
2.69938
2.69938
2.69938
2.69938
2.69938
2.69938
2.69938
2.69937
2.69935
2.69934
2.69934
2.69934
2.69934
2.69933
2.69933
2.69933
2.69933
2.69933
2.69933
2.69933
2.69932
2.69931
2.69931
2.6993
2.6993
2.6993
2.6993
2.6993
2.6993
2.6993
2.6993
2.69929
2.69929
2.69929
2.69929
2.69929
2.69929
2.69929
2.69929
2.69929
2.69928
2.69928
2.69928
2.69928
2.69928
2.69928
2.69925
2.69924
2.69924
2.69924
2.69924
2.69923
2.69923
2.69923
2.69923
2.69923
2.69923
2.69923
2.69923
2.69922
2.69921
2.69921
2.69921
2.6992
2.6992
2.6992
2.6992
2.6992
2.6992
2.6992
2.6992
2.69919
2.69919
2.69919
2.69919
2.69919
2.69919
2.69919
2.69919
2.69919
2.69919
2.69918
2.69918
2.69918
2.69918
2.69918
2.69918
2.69918
2.69918
2.69918
2.69917
2.69917
2.69917
2.69917
2.69917
2.69917
2.69917
2.69917
2.69917
2.69916
2.69916
2.69916
2.69916
2.69916
2.69916
2.69916
2.69916
2.69915
2.69914
2.69914
2.69914
2.69914
2.69914
2.69913
2.69913
2.69913
2.69913
2.69912
2.6991
2.6991
2.6991
2.6991
2.69909
2.69909
2.69909
2.69909
2.69909
2.69909
2.69909
2.69909
2.69909
2.69908
2.69908
2.69908
2.69908
2.69908
2.69908
2.69907
2.69906
2.69906
2.69906
2.69906
2.69906
2.69906
2.69905
2.69905
2.69905
2.69905
2.69905
2.69905
2.69905
2.69905
2.69905
2.69904
2.69904
2.69904
2.69904
2.69904
2.69904
2.69904
2.69904
2.69904
2.69903
2.69903
2.69902
2.69901
2.69901
2.69901
2.69901
2.69901
2.69901
2.699
2.699
2.699
2.699
2.699
2.699
2.699
2.699
2.699
2.699
2.69899
2.69899
2.69899
2.69899
2.69899
2.69899
2.69899
2.69899
2.69899
2.69898
2.69898
2.69898
2.69898
2.69898
2.69898
2.69898
2.69898
2.69898
2.69897
2.69897
2.69897
2.69897
2.69897
2.69897
2.69897
2.69897
2.69897
2.69896
2.69896
2.69896
2.69896
2.69896
2.69896
2.69896
2.69896
2.69896
2.69895
2.69895
2.69895
2.69895
2.69895
2.69895
2.69895
2.69895
2.69895
2.69894
2.69893
2.69893
2.69893
2.69893
2.69893
2.69892
2.69892
2.69892
2.69892
2.69892
2.69892
2.69892
2.69892
2.69892
2.69891
2.69891
2.69891
2.69891
2.69891
2.6989
2.69889
2.69889
2.69889
2.69889
2.69889
2.69889
2.69889
2.69888
2.69888
2.69888
2.69888
2.69887
2.69887
2.69886
2.69886
2.69886
2.69886
2.69886
2.69886
2.69885
2.69885
2.69885
2.69885
2.69885
2.69885
2.69885
2.69885
2.69885
2.69884
2.69884
2.69884
2.69884
2.69883
2.69882
2.69882
2.69882
2.69882
2.69882
2.69882
2.69881
2.69881
2.69881
2.69881
2.69881
2.69881
2.69881
2.69881
2.69881
2.6988
2.6988
2.6988
2.69879
2.69878
2.69878
2.69878
2.69878
2.69878
2.69878
2.69877
2.69877
2.69877
2.69877
2.69877
2.69877
2.69877
2.69877
2.69877
2.69877
2.69876
2.69876
2.69876
2.69876
2.69876
2.69876
2.69876
2.69876
2.69876
2.69875
2.69875
2.69875
2.69875
2.69875
2.69875
2.69875
2.69875
2.69875
2.69874
2.69874
2.69874
2.69874
2.69874
2.69873
2.69873
2.69872
2.69872
2.69872
2.69872
2.69872
2.69872
2.69872
2.69871
2.69871
2.69871
2.69871
2.69871
2.69871
2.69871
2.69871
2.69871
2.6987
2.6987
2.6987
2.6987
2.6987
2.6987
2.6987
2.6987
2.6987
2.69869
2.69869
2.69869
2.69869
2.69869
2.69869
2.69869
2.69869
2.69869
2.69868
2.69868
2.69868
2.69868
2.69868
2.69868
2.69868
2.69868
2.69868
2.69868
2.69867
2.69867
2.69867
2.69867
2.69867
2.69866
2.69866
2.69865
2.69865
2.69865
2.69865
2.69865
2.69865
2.69865
2.69864
2.69864
2.69864
2.69864
2.69864
2.69864
2.69864
2.69864
2.69864
2.69861
2.69861
2.6986
2.6986
2.6986
2.6986
2.6986
2.6986
2.6986
2.6986
2.69859
2.69859
2.69859
2.69859
2.69859
2.69859
2.69859
2.69859
2.69859
2.69858
2.69858
2.69858
2.69858
2.69858
2.69858
2.69858
2.69858
2.69858
2.69858
2.69857
2.69857
2.69857
2.69857
2.69857
2.69856
2.69856
2.69855
2.69855
2.69855
2.69855
2.69855
2.69855
2.69854
2.69854
2.69854
2.69854
2.69852
2.69851
2.69851
2.69851
2.69851
2.69851
2.69851
2.6985
2.6985
2.6985
2.6985
2.6985
2.6985
2.6985
2.6985
2.6985
2.69849
2.69849
2.69849
2.69849
2.69849
2.69849
2.69849
2.69849
2.69849
2.69848
2.69848
2.69848
2.69848
2.69848
2.69848
2.69848
2.69848
2.69848
2.69848
2.69847
2.69847
2.69847
2.69847
2.69847
2.69847
2.69847
2.69847
2.69847
2.69846
2.69846
2.69846
2.69846
2.69846
2.69846
2.69846
2.69846
2.69846
2.69845
2.69845
2.69845
2.69845
2.69845
2.69845
2.69845
2.69845
2.69845
2.69844
2.69844
2.69844
2.69844
2.69843
2.69843
2.69842
2.69842
2.69842
2.69842
2.69842
2.69842
2.69842
2.69841
2.69841
2.69841
2.69841
2.69841
2.69841
2.69841
2.69841
2.69841
2.69841
2.6984
2.6984
2.6984
2.6984
2.6984
2.6984
2.6984
2.6984
2.6984
2.69839
2.69839
2.69839
2.69839
2.69839
2.69839
2.69839
2.69839
2.69839
2.69838
2.69838
2.69838
2.69838
2.69838
2.69838
2.69838
2.69838
2.69838
2.69837
2.69837
2.69837
2.69837
2.69837
2.69837
2.69837
2.69837
2.69837
2.69836
2.69836
2.69836
2.69836
2.69836
2.69836
2.69836
2.69836
2.69836
2.69835
2.69835
2.69835
2.69835
2.69835
2.69835
2.69835
2.69835
2.69835
2.69835
2.69834
2.69834
2.69834
2.69834
2.69834
2.69834
2.69834
2.69834
2.69834
2.69833
2.69833
2.69833
2.69833
2.69833
2.69833
2.69833
2.69833
2.69833
2.69832
2.69832
2.69832
2.69832
2.69832
2.69832
2.69832
2.69832
2.69832
2.69831
2.69831
2.69831
2.69831
2.69831
2.69831
2.69831
2.69831
2.69831
2.6983
2.6983
2.6983
2.69828
2.69828
2.69827
2.69827
2.69827
2.69827
2.69827
2.69827
2.69826
2.69826
2.69826
2.69826
2.69826
2.69825
2.69825
2.69824
2.69824
2.69824
2.69824
2.69824
2.69824
2.69823
2.69823
2.69823
2.69823
2.69823
2.69823
2.69823
2.69823
2.69823
2.69821
2.6982
2.6982
2.6982
2.69819
2.69819
2.69819
2.69819
2.69819
2.69819
2.69819
2.69819
2.69819
2.69818
2.69818
2.69818
2.69818
2.69818
2.69818
2.69818
2.69818
2.69818
2.69817
2.69817
2.69817
2.69817
2.69817
2.69817
2.69817
2.69817
2.69817
2.69816
2.69816
2.69816
2.69816
2.69816
2.69816
2.69816
2.69816
2.69814
2.69813
2.69812
2.69812
2.69812
2.69812
2.69812
2.69812
2.69812
2.69812
2.69811
2.69811
2.69811
2.69811
2.69811
2.69808
2.69807
2.69807
2.69807
2.69807
2.69807
2.69806
2.69805
2.69805
2.69805
2.69805
2.69804
2.69804
2.69804
2.69804
2.69804
2.69804
2.69804
2.69804
2.69804
2.69803
2.69803
2.69803
2.69803
2.69803
2.69803
2.69803
2.69803
2.69802
2.69801
2.69801
2.69801
2.69801
2.69801
2.698
2.698
2.698
2.698
2.698
2.698
2.698
2.698
2.698
2.698
2.69799
2.69799
2.69799
2.69799
2.69798
2.69798
2.69797
2.69797
2.69797
2.69797
2.69797
2.69797
2.69797
2.69797
2.69796
2.69796
2.69796
2.69796
2.69795
2.69794
2.69794
2.69794
2.69794
2.69794
2.69794
2.69793
2.69793
2.69793
2.69793
2.69793
2.69793
2.69793
2.69793
2.69793
2.69793
2.69792
2.69792
2.69792
2.69792
2.69792
2.69792
2.69792
2.69792
2.69792
2.69791
2.69791
2.69791
2.69791
2.69791
2.69791
2.69791
2.69791
2.69791
2.6979
2.6979
2.6979
2.6979
2.69789
2.69788
2.69788
2.69787
2.69787
2.69787
2.69787
2.69787
2.69787
2.69787
2.69787
2.69787
2.69786
2.69786
2.69786
2.69786
2.69786
2.69786
2.69786
2.69786
2.69786
2.69785
2.69784
2.69784
2.69784
2.69784
2.69784
2.69784
2.69783
2.69783
2.69783
2.69783
2.69783
2.69783
2.69783
2.69783
2.69783
2.69782
2.69782
2.69782
2.69782
2.69782
2.69782
2.69782
2.69782
2.69782
2.69782
2.69781
2.69781
2.69781
2.69781
2.69781
2.69781
2.69781
2.69781
2.69781
2.6978
2.6978
2.6978
2.6978
2.6978
2.6978
2.6978
2.6978
2.6978
2.69779
2.69779
2.69779
2.69779
2.69779
2.69779
2.69779
2.69779
2.69779
2.69778
2.69778
2.69778
2.69778
2.69778
2.69778
2.69778
2.69778
2.69778
2.69777
2.69777
2.69777
2.69777
2.69777
2.69777
2.69777
2.69777
2.69777
2.69776
2.69776
2.69776
2.69776
2.69776
2.69776
2.69776
2.69776
2.69776
2.69776
2.69775
2.69775
2.69775
2.69775
2.69775
2.69775
2.69775
2.69775
2.69775
2.69774
2.69774
2.69774
2.69774
2.69774
2.69774
2.69774
2.69774
2.69774
2.69773
2.69773
2.69773
2.69773
2.69773
2.69773
2.69773
2.69773
2.69773
2.69772
2.69772
2.69772
2.69772
2.69772
2.69772
2.69772
2.69772
2.69772
2.69771
2.69771
2.69771
2.69771
2.69771
2.69771
2.69771
2.69771
2.69771
2.6977
2.6977
2.6977
2.6977
2.6977
2.6977
2.6977
2.6977
2.6977
2.6977
2.69769
2.69769
2.69769
2.69769
2.69769
2.69769
2.69769
2.69768
2.69768
2.69767
2.69767
2.69767
2.69767
2.69767
2.69767
2.69766
2.69766
2.69766
2.69766
2.69766
2.69766
2.69766
2.69766
2.69766
2.69764
2.69763
2.69763
2.69763
2.69763
2.69762
2.69762
2.69762
2.69762
2.69762
2.69762
2.69762
2.69762
2.69762
2.69761
2.69761
2.69761
2.69761
2.69761
2.69761
2.69761
2.69761
2.69761
2.6976
2.6976
2.6976
2.6976
2.6976
2.6976
2.69759
2.69759
2.69758
2.69758
2.69758
2.69758
2.69758
2.69758
2.69757
2.69757
2.69757
2.69757
2.69757
2.69757
2.69757
2.69757
2.69757
2.69757
2.69756
2.69756
2.69756
2.69756
2.69756
2.69756
2.69756
2.69756
2.69756
2.69755
2.69755
2.69755
2.69753
2.69753
2.69752
2.69752
2.69752
2.69752
2.69752
2.69752
2.69752
2.69752
2.69751
2.69751
2.69751
2.69751
2.6975
2.6975
2.69749
2.69749
2.69749
2.69749
2.69749
2.69749
2.69749
2.69749
2.69748
2.69748
2.69748
2.69748
2.69748
2.69748
2.69746
2.69746
2.69745
2.69745
2.69745
2.69745
2.69745
2.69745
2.69744
2.69744
2.69744
2.69744
2.69744
2.69744
2.69744
2.69744
2.69744
2.69744
2.69743
2.69743
2.69743
2.69743
2.69743
2.69743
2.69742
2.69739
2.69738
2.69738
2.69738
2.69738
2.69737
2.69737
2.69737
2.69737
2.69737
2.69737
2.69737
2.69737
2.69737
2.69736
2.69736
2.69736
2.69736
2.69736
2.69736
2.69736
2.69735
2.69734
2.69734
2.69734
2.69734
2.69734
2.69734
2.69734
2.69733
2.69733
2.69733
2.69733
2.69733
2.69733
2.69733
2.69733
2.69733
2.69732
2.69732
2.69732
2.69732
2.69732
2.69732
2.69732
2.69732
2.69732
2.69731
2.69731
2.69731
2.69731
2.69731
2.69731
2.69731
2.69731
2.69731
2.6973
2.6973
2.6973
2.6973
2.6973
2.6973
2.6973
2.6973
2.6973
2.69729
2.69729
2.69729
2.69729
2.69729
2.70672
2.7067
2.70669
2.70669
2.70669
2.70669
2.70669
2.70669
2.70669
2.70669
2.70668
2.70668
2.70668
2.70668
2.70668
2.70668
2.70668
2.70668
2.70668
2.70667
2.70667
2.70667
2.70667
2.70667
2.70667
2.70667
2.70667
2.70667
2.70666
2.70666
2.70666
2.70666
2.70666
2.70666
2.70666
2.70666
2.70666
2.70665
2.70665
2.70665
2.70665
2.70665
2.70665
2.70665
2.70665
2.70665
2.70664
2.70664
2.70664
2.70664
2.70664
2.70664
2.70664
2.70664
2.70664
2.70663
2.70663
2.70663
2.70663
2.70663
2.70663
2.70663
2.70663
2.70663
2.70662
2.70662
2.70662
2.70662
2.70662
2.70662
2.70662
2.70662
2.70662
2.70662
2.70661
2.70661
2.70661
2.70661
2.70661
2.70661
2.70661
2.70661
2.70661
2.7066
2.70659
2.70658
2.70658
2.70658
2.70658
2.70658
2.70658
2.70657
2.70657
2.70657
2.70657
2.70657
2.70657
2.70657
2.70657
2.70657
2.70656
2.70656
2.70656
2.70656
2.70656
2.70656
2.70656
2.70656
2.70656
2.70656
2.70655
2.70655
2.70655
2.70655
2.70655
2.70655
2.70655
2.70655
2.70655
2.70654
2.70654
2.70654
2.70653
2.70651
2.70651
2.70651
2.70651
2.70651
2.7065
2.7065
2.7065
2.7065
2.7065
2.7065
2.7065
2.7065
2.7065
2.70649
2.70649
2.70649
2.70649
2.70648
2.70648
2.70648
2.70647
2.70645
2.70645
2.70645
2.70645
2.70645
2.70645
2.70644
2.70644
2.70644
2.70644
2.70644
2.70644
2.70644
2.70644
2.70644
2.70643
2.70643
2.70643
2.70643
2.70643
2.70643
2.70643
2.70643
2.70643
2.70642
2.70642
2.70642
2.70642
2.70642
2.70642
2.70642
2.70642
2.70642
2.70641
2.70641
2.70641
2.70641
2.70641
2.70641
2.70641
2.7064
2.7064
2.70639
2.70639
2.70639
2.70639
2.70639
2.70639
2.70638
2.70638
2.70638
2.70638
2.70638
2.70638
2.70638
2.70638
2.70638
2.70636
2.70635
2.70634
2.70634
2.70634
2.70634
2.70634
2.70634
2.70634
2.70634
2.70633
2.70633
2.70633
2.70633
2.70633
2.70633
2.70633
2.70633
2.70633
2.70632
2.70632
2.70632
2.70632
2.70632
2.70632
2.70632
2.70632
2.70632
2.70631
2.70631
2.70631
2.70631
2.70631
2.7063
2.70628
2.70628
2.70628
2.70628
2.70628
2.70627
2.70627
2.70627
2.70627
2.70627
2.70627
2.70627
2.70626
2.70625
2.70625
2.70624
2.70624
2.70624
2.70624
2.70624
2.70624
2.70624
2.70624
2.70623
2.70623
2.70623
2.70623
2.70623
2.70623
2.70623
2.70623
2.70622
2.70621
2.7062
2.7062
2.7062
2.7062
2.7062
2.7062
2.7062
2.70619
2.70619
2.70619
2.70619
2.70619
2.70619
2.70619
2.70619
2.70619
2.70618
2.70618
2.70618
2.70618
2.70618
2.70618
2.70618
2.70618
2.70618
2.70617
2.70617
2.70617
2.70617
2.70617
2.70617
2.70617
2.70617
2.70617
2.70617
2.70616
2.70616
2.70616
2.70616
2.70616
2.70616
2.70616
2.70616
2.70616
2.70615
2.70615
2.70615
2.70615
2.70615
2.70615
2.70615
2.70615
2.70615
2.70614
2.70614
2.70614
2.70614
2.70614
2.70614
2.70614
2.70614
2.70614
2.70613
2.70613
2.70613
2.70613
2.70613
2.70613
2.70613
2.70613
2.70613
2.70612
2.70612
2.70612
2.70612
2.70612
2.70612
2.70612
2.70612
2.70612
2.70611
2.70611
2.70611
2.70611
2.70611
2.70611
2.70611
2.70611
2.70611
2.7061
2.7061
2.7061
2.7061
2.7061
2.7061
2.7061
2.7061
2.7061
2.70609
2.70609
2.70609
2.70609
2.70609
2.70609
2.70609
2.70609
2.70609
2.70609
2.70608
2.70608
2.70608
2.70608
2.70608
2.70608
2.70608
2.70608
2.70608
2.70607
2.70607
2.70607
2.70607
2.70607
2.70607
2.70607
2.70607
2.70607
2.70606
2.70606
2.70606
2.70606
2.70606
2.70606
2.70606
2.70606
2.70606
2.70605
2.70605
2.70605
2.70605
2.70605
2.70605
2.70605
2.70605
2.70605
2.70604
2.70604
2.70604
2.70604
2.70604
2.70604
2.70604
2.70604
2.70604
2.70603
2.70603
2.70603
2.70603
2.70603
2.70603
2.70603
2.70603
2.70603
2.70602
2.70602
2.70602
2.70602
2.70602
2.70602
2.70602
2.70602
2.70602
2.70602
2.70601
2.70601
2.70601
2.70601
2.70601
2.70601
2.70601
2.70601
2.70601
2.706
2.706
2.706
2.706
2.706
2.706
2.706
2.706
2.706
2.70599
2.70599
2.70599
2.70599
2.70599
2.70599
2.70599
2.70599
2.70599
2.70598
2.70598
2.70598
2.70598
2.70598
2.70598
2.70598
2.70598
2.70598
2.70597
2.70597
2.70597
2.70597
2.70597
2.70597
2.70597
2.70597
2.70597
2.70596
2.70596
2.70596
2.70596
2.70596
2.70596
2.70596
2.70596
2.70596
2.70595
2.70595
2.70595
2.70595
2.70595
2.70595
2.70595
2.70595
2.70595
2.70595
2.70594
2.70594
2.70594
2.70594
2.70594
2.70594
2.70594
2.70594
2.70594
2.70593
2.70593
2.70593
2.70593
2.70592
2.70592
2.70592
2.70591
2.70591
2.70591
2.70591
2.70591
2.70591
2.70591
2.70591
2.70591
2.7059
2.7059
2.7059
2.7059
2.7059
2.70589
2.70589
2.70589
2.70589
2.70588
2.70588
2.70588
2.70588
2.70588
2.70588
2.70588
2.70588
2.70587
2.70587
2.70587
2.70587
2.70587
2.70587
2.70587
2.70587
2.70587
2.70587
2.70586
2.70586
2.70586
2.70586
2.70586
2.70586
2.70586
2.70586
2.70586
2.70585
2.70585
2.70585
2.70584
2.70583
2.70583
2.70583
2.70583
2.70583
2.70583
2.70583
2.70583
2.70582
2.70582
2.70582
2.70582
2.70582
2.70582
2.70582
2.70582
2.70582
2.70581
2.70581
2.70581
2.70581
2.70581
2.70581
2.70581
2.70581
2.70581
2.7058
2.7058
2.7058
2.7058
2.7058
2.7058
2.7058
2.7058
2.7058
2.70579
2.70579
2.70579
2.70579
2.70578
2.70578
2.70578
2.70578
2.70577
2.70577
2.70577
2.70577
2.70577
2.70577
2.70577
2.70577
2.70577
2.70576
2.70576
2.70576
2.70576
2.70576
2.70576
2.70576
2.70575
2.70574
2.70574
2.70573
2.70573
2.70573
2.70573
2.70573
2.70573
2.70573
2.70573
2.70573
2.70572
2.70572
2.70572
2.70572
2.70572
2.70572
2.70572
2.70572
2.70572
2.70571
2.70571
2.7057
2.7057
2.70569
2.70569
2.70569
2.70569
2.70569
2.70569
2.70569
2.70569
2.70568
2.70568
2.70567
2.70566
2.70566
2.70566
2.70566
2.70566
2.70565
2.70564
2.70564
2.70564
2.70564
2.70564
2.70563
2.70563
2.70563
2.70563
2.70563
2.70563
2.70563
2.70563
2.70563
2.70562
2.70562
2.70562
2.70562
2.70562
2.7056
2.70559
2.70559
2.70559
2.70559
2.70558
2.70558
2.70558
2.70558
2.70558
2.70558
2.70558
2.70558
2.70558
2.70557
2.70557
2.70557
2.70557
2.70557
2.70557
2.70557
2.70557
2.70557
2.70556
2.70556
2.70556
2.70556
2.70556
2.70556
2.70556
2.70556
2.70556
2.70555
2.70555
2.70555
2.70555
2.70554
2.70554
2.70554
2.70553
2.70553
2.70553
2.70553
2.70553
2.70553
2.70553
2.70552
2.70552
2.70552
2.70552
2.70552
2.70552
2.70552
2.70552
2.70552
2.70552
2.70551
2.70551
2.70551
2.7055
2.7055
2.70549
2.70549
2.70549
2.70549
2.70549
2.70549
2.70549
2.70548
2.70548
2.70548
2.70548
2.70548
2.70548
2.70548
2.70548
2.70547
2.70546
2.70546
2.70546
2.70546
2.70546
2.70545
2.70545
2.70545
2.70545
2.70545
2.70545
2.70545
2.70545
2.70545
2.70544
2.70544
2.70544
2.70544
2.70544
2.70544
2.70544
2.70544
2.70544
2.70543
2.70543
2.70543
2.70543
2.70542
2.70541
2.70541
2.7054
2.7054
2.7054
2.7054
2.7054
2.7054
2.7054
2.7054
2.70539
2.70538
2.70538
2.70537
2.70537
2.70537
2.70537
2.70537
2.70537
2.70537
2.70537
2.70536
2.70536
2.70536
2.70536
2.70536
2.70536
2.70536
2.70536
2.70536
2.70535
2.70535
2.70535
2.70535
2.70535
2.70535
2.70535
2.70535
2.70535
2.70534
2.70534
2.70534
2.70534
2.70534
2.70534
2.70534
2.70534
2.70534
2.70533
2.70533
2.70533
2.70533
2.70533
2.70532
2.70532
2.70531
2.70531
2.70531
2.70531
2.70531
2.70531
2.70531
2.7053
2.7053
2.7053
2.7053
2.7053
2.7053
2.7053
2.7053
2.7053
2.70529
2.70529
2.70529
2.70529
2.70529
2.70529
2.70529
2.70528
2.70527
2.70527
2.70527
2.70527
2.70527
2.70526
2.70526
2.70526
2.70526
2.70526
2.70526
2.70526
2.70526
2.70526
2.70525
2.70525
2.70525
2.70525
2.70525
2.70525
2.70525
2.70525
2.70525
2.70524
2.70524
2.70523
2.70523
2.70523
2.70523
2.70522
2.70522
2.70522
2.70522
2.70522
2.70522
2.70522
2.70522
2.70522
2.70521
2.70521
2.70521
2.70521
2.70521
2.70521
2.70521
2.70521
2.70521
2.7052
2.7052
2.7052
2.7052
2.7052
2.7052
2.7052
2.70519
2.70518
2.70518
2.70518
2.70517
2.70517
2.70517
2.70517
2.70517
2.70517
2.70517
2.70517
2.70517
2.70516
2.70516
2.70516
2.70516
2.70514
2.70514
2.70514
2.70514
2.70513
2.70513
2.70513
2.70513
2.70513
2.70513
2.70513
2.70513
2.70512
2.70512
2.70512
2.70512
2.70512
2.70512
2.70512
2.70512
2.7051
2.70509
2.70509
2.70509
2.70509
2.70509
2.70509
2.70508
2.70508
2.70508
2.70508
2.70508
2.70508
2.70508
2.70508
2.70508
2.70507
2.70505
2.70505
2.70504
2.70504
2.70504
2.70504
2.70504
2.70504
2.70504
2.70504
2.70504
2.70503
2.70503
2.70503
2.70503
2.70503
2.70503
2.70503
2.70503
2.70503
2.70502
2.70502
2.70501
2.705
2.705
2.705
2.705
2.705
2.705
2.705
2.70499
2.70499
2.70499
2.70499
2.70499
2.70499
2.70499
2.70499
2.70499
2.70498
2.70498
2.70496
2.70496
2.70496
2.70495
2.70495
2.70495
2.70495
2.70495
2.70495
2.70495
2.70495
2.70495
2.70494
2.70494
2.70494
2.70494
2.70494
2.70494
2.70494
2.70494
2.70494
2.70493
2.70493
2.70493
2.70493
2.70492
2.70492
2.70491
2.70491
2.70491
2.70491
2.70491
2.70491
2.7049
2.7049
2.7049
2.7049
2.7049
2.7049
2.7049
2.7049
2.7049
2.7049
2.70489
2.70489
2.70489
2.70489
2.70489
2.70489
2.70489
2.70489
2.70489
2.70488
2.70488
2.70488
2.70488
2.70488
2.70488
2.70488
2.70488
2.70488
2.70487
2.70487
2.70487
2.70487
2.70487
2.70487
2.70487
2.70487
2.70487
2.70486
2.70486
2.70486
2.70486
2.70486
2.70486
2.70486
2.70486
2.70486
2.70485
2.70485
2.70485
2.70485
2.70485
2.70485
2.70485
2.70485
2.70485
2.70484
2.70484
2.70484
2.70484
2.70484
2.70484
2.70484
2.70484
2.70484
2.70483
2.70483
2.70483
2.70483
2.70483
2.70483
2.70483
2.70483
2.70483
2.70483
2.70482
2.70482
2.70482
2.70482
2.70482
2.70482
2.70482
2.70482
2.70482
2.70481
2.70481
2.70481
2.70481
2.70481
2.70481
2.70481
2.70481
2.70481
2.7048
2.7048
2.7048
2.7048
2.7048
2.7048
2.7048
2.7048
2.7048
2.70479
2.70479
2.70479
2.70479
2.70479
2.70479
2.70479
2.70479
2.70479
2.70478
2.70478
2.70478
2.70478
2.70478
2.70478
2.70478
2.70478
2.70478
2.70477
2.70477
2.70477
2.70477
2.70477
2.70477
2.70477
2.70477
2.70477
2.70476
2.70476
2.70476
2.70476
2.70476
2.70476
2.70476
2.70476
2.70476
2.70476
2.70475
2.70475
2.70475
2.70475
2.70475
2.70475
2.70475
2.70475
2.70475
2.70474
2.70474
2.70473
2.70473
2.70473
2.70473
2.70472
2.70472
2.70472
2.70472
2.70472
2.70472
2.70472
2.70472
2.70472
2.70471
2.70471
2.70471
2.70471
2.70471
2.70471
2.70471
2.70471
2.70471
2.70471
2.7047
2.7047
2.70469
2.70469
2.70468
2.70468
2.70468
2.70468
2.70468
2.70468
2.70468
2.70468
2.70468
2.70467
2.70467
2.70467
2.70467
2.70467
2.70465
2.70464
2.70464
2.70463
2.70463
2.70463
2.70463
2.70463
2.70463
2.70463
2.70462
2.70462
2.70462
2.70462
2.70462
2.70462
2.70462
2.70462
2.70462
2.70462
2.70461
2.70461
2.70461
2.70461
2.70461
2.70461
2.70461
2.70461
2.70461
2.7046
2.7046
2.7046
2.7046
2.7046
2.7046
2.7046
2.7046
2.7046
2.70459
2.70459
2.70458
2.70457
2.70457
2.70457
2.70457
2.70456
2.70456
2.70456
2.70456
2.70456
2.70456
2.70456
2.70456
2.70456
2.70455
2.70455
2.70455
2.70455
2.70455
2.70455
2.70455
2.70455
2.70455
2.70454
2.70454
2.70454
2.70454
2.70454
2.70454
2.70454
2.70454
2.70454
2.70453
2.70453
2.70453
2.70453
2.70453
2.70453
2.70451
2.70451
2.70451
2.7045
2.7045
2.7045
2.7045
2.7045
2.7045
2.7045
2.7045
2.70449
2.70449
2.70449
2.70449
2.70449
2.70449
2.70449
2.70449
2.70449
2.70448
2.70448
2.70448
2.70448
2.70448
2.70448
2.70448
2.70448
2.70448
2.70447
2.70447
2.70447
2.70447
2.70447
2.70447
2.70447
2.70447
2.70447
2.70446
2.70446
2.70446
2.70444
2.70444
2.70443
2.70443
2.70443
2.70443
2.70443
2.70443
2.70443
2.70442
2.70442
2.70442
2.70442
2.70442
2.70441
2.7044
2.7044
2.7044
2.70439
2.70439
2.70439
2.70439
2.70439
2.70439
2.70439
2.70439
2.70439
2.70438
2.70438
2.70436
2.70436
2.70435
2.70435
2.70435

