2.7
2.7
2.7
2.7
2.7
2.69999
2.69999
2.69999
2.69999
2.69999
2.69999
2.69999
2.69999
2.69999
2.69998
2.69998
2.69998
2.69998
2.69998
2.69998
2.69997
2.69996
2.69996
2.69995
2.69995
2.69995
2.69995
2.69995
2.69995
2.69995
2.69994
2.69994
2.69994
2.69994
2.69994
2.69994
2.69994
2.69994
2.69994
2.69993
2.69993
2.69993
2.69993
2.69993
2.69993
2.69993
2.69993
2.69993
2.69993
2.69992
2.69992
2.69992
2.6999
2.69989
2.69989
2.69989
2.69989
2.69989
2.69989
2.69988
2.69988
2.69988
2.69988
2.69988
2.69988
2.69988
2.69988
2.69988
2.69987
2.69987
2.69987
2.69987
2.69987
2.69987
2.69987
2.69987
2.69987
2.69987
2.69986
2.69986
2.69986
2.69985
2.69984
2.69984
2.69984
2.69983
2.69983
2.69983
2.69983
2.69983
2.69983
2.69983
2.69983
2.69983
2.69982
2.69982
2.69982
2.69982
2.69982
2.69982
2.69982
2.6998
2.6998
2.6998
2.6998
2.69979
2.69979
2.69979
2.69979
2.69979
2.69979
2.69979
2.69979
2.69979
2.69978
2.69978
2.69978
2.69978
2.69978
2.69978
2.69978
2.69978
2.69978
2.69977
2.69977
2.69977
2.69977
2.69977
2.69977
2.69977
2.69977
2.69977
2.69976
2.69976
2.69975
2.69975
2.69975
2.69974
2.69974
2.69974
2.69974
2.69974
2.69974
2.69974
2.69974
2.69974
2.69973
2.69973
2.69973
2.69973
2.69973
2.69973
2.69973
2.69973
2.69973
2.69972
2.69972
2.69972
2.69971
2.6997
2.69969
2.69969
2.69969
2.69969
2.69969
2.69969
2.69969
2.69969
2.69968
2.69968
2.69968
2.69968
2.69968
2.69968
2.69968
2.69968
2.69966
2.69965
2.69964
2.69964
2.69964
2.69964
2.69964
2.69964
2.69964
2.69964
2.69963
2.69963
2.69963
2.69963
2.69963
2.69963
2.69963
2.69963
2.69962
2.69962
2.69961
2.69961
2.69961
2.69961
2.69961
2.6996
2.6996
2.6996
2.6996
2.6996
2.6996
2.6996
2.6996
2.6996
2.69959
2.69959
2.69959
2.69959
2.69959
2.69959
2.69959
2.69959
2.69959
2.69958
2.69958
2.69958
2.69958
2.69958
2.69958
2.69958
2.69958
2.69958
2.69957
2.69957
2.69957
2.69957
2.69957
2.69957
2.69957
2.69957
2.69957
2.69956
2.69956
2.69956
2.69956
2.69956
2.69956
2.69956
2.69956
2.69956
2.69956
2.69955
2.69955
2.69955
2.69955
2.69955
2.69955
2.69955
2.69955
2.69955
2.69954
2.69954
2.69954
2.69954
2.69954
2.69954
2.69954
2.69954
2.69954
2.69953
2.69953
2.69953
2.69953
2.69953
2.69953
2.69953
2.69953
2.69953
2.69952
2.69952
2.69952
2.69952
2.69952
2.69952
2.69952
2.69952
2.69952
2.69951
2.69951
2.69951
2.69951
2.69951
2.69951
2.69951
2.69951
2.69951
2.6995
2.6995
2.6995
2.6995
2.6995
2.6995
2.6995
2.6995
2.6995
2.6995
2.69949
2.69949
2.69947
2.69946
2.69946
2.69946
2.69946
2.69946
2.69946
2.69945
2.69945
2.69945
2.69945
2.69945
2.69945
2.69945
2.69945
2.69945
2.69944
2.69944
2.69944
2.69944
2.69944
2.69944
2.69944
2.69944
2.69944
2.69943
2.69943
2.69943
2.69943
2.69943
2.69943
2.69943
2.69943
2.69943
2.69942
2.69942
2.69941
2.6994
2.6994
2.69939
2.69939
2.69939
2.69939
2.69939
2.69939
2.69939
2.69939
2.69938
2.69938
2.69938
2.69938
2.69938
2.69938
2.69938
2.69938
2.69938
2.69937
2.69937
2.69937
2.69937
2.69937
2.69937
2.69937
2.69937
2.69937
2.69936
2.69936
2.69936
2.69936
2.69936
2.69936
2.69936
2.69936
2.69936
2.69935
2.69935
2.69935
2.69935
2.69935
2.69935
2.69935
2.69935
2.69935
2.69934
2.69934
2.69934
2.69934
2.69934
2.69934
2.69934
2.69934
2.69934
2.69934
2.69933
2.69933
2.69933
2.69933
2.69933
2.6993
2.69928
2.69928
2.69928
2.69928
2.69926
2.69925
2.69925
2.69924
2.69924
2.69924
2.69924
2.69924
2.69924
2.69924
2.69923
2.69923
2.69923
2.69923
2.69923
2.69923
2.69923
2.69923
2.69923
2.69921
2.6992
2.6992
2.6992
2.69919
2.69919
2.69919
2.69919
2.69919
2.69919
2.69919
2.69919
2.69919
2.69918
2.69918
2.69918
2.69918
2.69916
2.69915
2.69915
2.69915
2.69914
2.69914
2.69914
2.69914
2.69914
2.69914
2.69914
2.69914
2.69914
2.69913
2.69913
2.69913
2.69913
2.6991
2.6991
2.6991
2.69909
2.69909
2.69909
2.69909
2.69909
2.69909
2.69909
2.69909
2.69908
2.69908
2.69908
2.69907
2.69906
2.69906
2.69906
2.69905
2.69905
2.69905
2.69905
2.69905
2.69905
2.69905
2.69905
2.69905
2.69904
2.69904
2.69902
2.69901
2.69901
2.69901
2.69901
2.69901
2.699
2.699
2.699
2.699
2.699
2.699
2.699
2.699
2.699
2.69899
2.69899
2.69899
2.69899
2.69899
2.69899
2.69899
2.69899
2.69899
2.69897
2.69895
2.69894
2.69893
2.69893
2.69893
2.69893
2.69893
2.69892
2.69892
2.69892
2.69892
2.69892
2.69892
2.69892
2.69892
2.69892
2.69892
2.69891
2.69891
2.69891
2.69891
2.69891
2.69891
2.69891
2.6989
2.69889
2.69889
2.69889
2.69888
2.69888
2.69888
2.69888
2.69888
2.69888
2.69888
2.69888
2.69888
2.69887
2.69887
2.69887
2.69887
2.69887
2.69887
2.69887
2.69887
2.69887
2.69886
2.69886
2.69886
2.69885
2.69884
2.69884
2.69884
2.69884
2.69884
2.69884
2.69883
2.69883
2.69883
2.69883
2.69883
2.69883
2.69883
2.69883
2.69883
2.69882
2.69882
2.69882
2.69882
2.69882
2.69882
2.69882
2.69882
2.69882
2.69882
2.69881
2.69881
2.69881
2.69881
2.69881
2.69881
2.69881
2.69881
2.69881
2.6988
2.6988
2.6988
2.6988
2.6988
2.6988
2.69879
2.69878
2.69877
2.69877
2.69877
2.69877
2.69877
2.69877
2.69876
2.69876
2.69876
2.69876
2.69876
2.69876
2.69876
2.69876
2.69876
2.69875
2.69875
2.69875
2.69875
2.69875
2.69875
2.69875
2.69875
2.69875
2.69874
2.69874
2.69874
2.69874
2.69874
2.69874
2.69874
2.69874
2.69874
2.69874
2.69873
2.69873
2.69873
2.69873
2.69873
2.69873
2.69873
2.69873
2.69873
2.69872
2.69872
2.69872
2.69871
2.6987
2.6987
2.6987
2.69869
2.69869
2.69869
2.69869
2.69869
2.69869
2.69869
2.69869
2.69868
2.69868
2.69868
2.69868
2.69867
2.69866
2.69866
2.69866
2.69866
2.69866
2.69865
2.69865
2.69865
2.69865
2.69865
2.69865
2.69865
2.69865
2.69865
2.69864
2.69864
2.69864
2.69864
2.69864
2.69864
2.69864
2.69864
2.69864
2.69863
2.69863
2.69863
2.69863
2.69863
2.69863
2.69863
2.69863
2.69863
2.69862
2.69862
2.69862
2.69862
2.69861
2.69861
2.69861
2.6986
2.6986
2.6986
2.6986
2.6986
2.6986
2.6986
2.6986
2.6986
2.69859
2.69859
2.69859
2.69856
2.69856
2.69855
2.69855
2.69855
2.69855
2.69855
2.69855
2.69855
2.69854
2.69854
2.69854
2.69854
2.69854
2.69854
2.69854
2.69854
2.69854
2.69853
2.69853
2.69853
2.69853
2.69853
2.69853
2.69849
2.69848
2.69848
2.69848
2.69847
2.69847
2.69847
2.69847
2.69847
2.69847
2.69847
2.69847
2.69846
2.69846
2.69846
2.69846
2.69846
2.69846
2.69846
2.69844
2.69843
2.69843
2.69843
2.69843
2.69843
2.69842
2.69842
2.69842
2.69842
2.69842
2.69842
2.69842
2.69842
2.69842
2.69841
2.69841
2.69841
2.69841
2.69841
2.6984
2.69839
2.69839
2.69839
2.69839
2.69839
2.69839
2.69839
2.69838
2.69838
2.69838
2.69838
2.69838
2.69838
2.69838
2.69838
2.69838
2.69837
2.69837
2.69837
2.69837
2.69837
2.69837
2.69837
2.69837
2.69837
2.69836
2.69836
2.69836
2.69836
2.69836
2.69836
2.69836
2.69836
2.69835
2.69833
2.69833
2.69832
2.69832
2.69832
2.69832
2.69832
2.69832
2.69832
2.69832
2.69831
2.69831
2.69831
2.69831
2.69831
2.69831
2.69831
2.69831
2.69831
2.6983
2.6983
2.6983
2.6983
2.6983
2.6983
2.6983
2.6983
2.6983
2.69829
2.69829
2.69829
2.69829
2.69829
2.69829
2.69829
2.69829
2.69829
2.69829
2.69828
2.69828
2.69828
2.69828
2.69828
2.69828
2.69828
2.69828
2.69828
2.69827
2.69827
2.69827
2.69827
2.69827
2.69827
2.69827
2.69827
2.69827
2.69826
2.69825
2.69825
2.69824
2.69824
2.69824
2.69824
2.69824
2.69824
2.69824
2.69824
2.69824
2.69823
2.69823
2.69823
2.69823
2.69823
2.69823
2.69823
2.69823
2.69823
2.69822
2.69822
2.69822
2.69822
2.69822
2.69822
2.69822
2.69821
2.6982
2.6982
2.6982
2.6982
2.69819
2.69819
2.69819
2.69819
2.69819
2.69819
2.69819
2.69819
2.69819
2.69818
2.69818
2.69818
2.69818
2.69818
2.69818
2.69818
2.69818
2.69818
2.69817
2.69817
2.69817
2.69817
2.69817
2.69817
2.69817
2.69817
2.69817
2.69816
2.69813
2.69812
2.69812
2.69812
2.69812
2.69812
2.69811
2.69811
2.69811
2.69811
2.69811
2.69811
2.69811
2.69811
2.69811
2.6981
2.6981
2.6981
2.6981
2.6981
2.6981
2.6981
2.6981
2.6981
2.69809
2.69809
2.69809
2.69809
2.69809
2.69809
2.69808
2.69807
2.69807
2.69807
2.69806
2.69806
2.69806
2.69806
2.69806
2.69806
2.69806
2.69806
2.69805
2.69805
2.69805
2.69805
2.69805
2.69805
2.69805
2.69805
2.69805
2.69805
2.69804
2.69804
2.69804
2.69804
2.69804
2.69804
2.69804
2.69804
2.69804
2.69803
2.69803
2.69803
2.69803
2.69803
2.69802
2.69801
2.69801
2.69801
2.69801
2.698
2.698
2.698
2.698
2.698
2.698
2.698
2.698
2.698
2.69799
2.69799
2.69799
2.69798
2.69798
2.69798
2.69798
2.69797
2.69797
2.69797
2.69797
2.69797
2.69797
2.69797
2.69797
2.69797
2.69796
2.69796
2.69796
2.69796
2.69796
2.69796
2.69796
2.69796
2.69796
2.69795
2.69795
2.69795
2.69795
2.69795
2.69795
2.69795
2.69795
2.69795
2.69794
2.69794
2.69794
2.69794
2.69794
2.69794
2.69794
2.69794
2.69794
2.69794
2.69793
2.69793
2.69793
2.69793
2.69793
2.69793
2.69793
2.69793
2.69793
2.69792
2.69792
2.69792
2.69792
2.69792
2.69792
2.69792
2.69792
2.69792
2.69791
2.69791
2.6979
2.6979
2.6979
2.69789
2.69789
2.69789
2.69789
2.69789
2.69789
2.69789
2.69789
2.69788
2.69788
2.69788
2.69788
2.69788
2.69788
2.69788
2.69787
2.69786
2.69786
2.69786
2.69785
2.69785
2.69785
2.69785
2.69785
2.69785
2.69785
2.69785
2.69785
2.69784
2.69784
2.69784
2.69784
2.69784
2.69783
2.69783
2.69782
2.69782
2.69782
2.69782
2.69782
2.69782
2.69782
2.69781
2.69781
2.69781
2.69781
2.69781
2.69781
2.69781
2.69781
2.69781
2.6978
2.6978
2.69779
2.69779
2.69778
2.69778
2.69778
2.69778
2.69778
2.69778
2.69778
2.69778
2.69777
2.69777
2.69777
2.69777
2.69777
2.69776
2.69776
2.69775
2.69775
2.69775
2.69775
2.69775
2.69775
2.69775
2.69774
2.69774
2.69774
2.69774
2.69774
2.69774
2.69774
2.69774
2.69774
2.69773
2.69773
2.69772
2.69772
2.69772
2.69772
2.69772
2.69771
2.69771
2.69771
2.69771
2.69771
2.69771
2.69771
2.69771
2.69771
2.6977
2.6977
2.6977
2.6977
2.6977
2.6977
2.69766
2.69766
2.69765
2.69765
2.69765
2.69765
2.69765
2.69765
2.69765
2.69765
2.69765
2.69764
2.69764
2.69764
2.69764
2.69764
2.69764
2.69764
2.69764
2.69764
2.69763
2.69763
2.69763
2.69763
2.69761
2.69761
2.6976
2.6976
2.6976
2.6976
2.6976
2.6976
2.6976
2.6976
2.69759
2.69759
2.69759
2.69759
2.69759
2.69759
2.69759
2.69759
2.69759
2.69758
2.69758
2.69758
2.69758
2.69758
2.69757
2.69757
2.69757
2.69757
2.69756
2.69756
2.69756
2.69756
2.69756
2.69756
2.69756
2.69756
2.69756
2.69755
2.69755
2.69755
2.69755
2.69755
2.69755
2.69755
2.69755
2.69754
2.69753
2.69753
2.69753
2.69753
2.69752
2.69752
2.69752
2.69752
2.69752
2.69752
2.69752
2.69752
2.69752
2.69751
2.69751
2.69751
2.69751
2.69749
2.69748
2.69748
2.69748
2.69748
2.69747
2.69747
2.69747
2.69747
2.69747
2.69747
2.69747
2.69747
2.69747
2.69746
2.69746
2.69746
2.69746
2.69746
2.69746
2.69746
2.69746
2.69746
2.69745
2.69745
2.69745
2.69745
2.69745
2.69745
2.69745
2.69745
2.69744
2.69743
2.69743
2.69743
2.69743
2.69742
2.69742
2.69742
2.69742
2.69742
2.69742
2.69742
2.69742
2.69742
2.69741
2.69741
2.69741
2.69741
2.69741
2.69741
2.69741
2.69741
2.69741
2.6974
2.6974
2.6974
2.6974
2.6974
2.6974
2.6974
2.6974
2.6974
2.69739
2.71234
2.71232
2.71232
2.71231
2.71231
2.71231
2.71231
2.71231
2.71231
2.71231
2.71231
2.7123
2.7123
2.7123
2.7123
2.7123
2.7123
2.7123
2.71228
2.71226
2.71226
2.71226
2.71226
2.71226
2.71226
2.71226
2.71225
2.71225
2.71225
2.71225
2.71225
2.71225
2.71225
2.71225
2.71225
2.71224
2.71224
2.71224
2.71224
2.71224
2.71224
2.71224
2.71224
2.71224
2.71223
2.71223
2.71223
2.71223
2.71223
2.71223
2.71222
2.71222
2.71222
2.71221
2.71221
2.71221
2.71221
2.71221
2.71221
2.71221
2.71221
2.7122
2.7122
2.7122
2.7122
2.7122
2.7122
2.7122
2.7122
2.7122
2.71219
2.71219
2.71219
2.71219
2.71219
2.71219
2.71219
2.71219
2.71219
2.71218
2.71218
2.71218
2.71218
2.71218
2.71218
2.71218
2.71218
2.71218
2.71217
2.71217
2.71217
2.71217
2.71217
2.71217
2.71217
2.71217
2.71217
2.71216
2.71216
2.71216
2.71216
2.71216
2.71216
2.71216
2.71216
2.71216
2.71215
2.71215
2.71214
2.71213
2.71213
2.71213
2.71213
2.71212
2.71212
2.71212
2.71212
2.71212
2.71212
2.71212
2.71212
2.71212
2.71211
2.7121
2.7121
2.7121
2.7121
2.71209
2.71209
2.71209
2.71209
2.71209
2.71209
2.71209
2.71209
2.71209
2.71208
2.71208
2.71208
2.71208
2.71207
2.71207
2.71207
2.71206
2.71206
2.71206
2.71206
2.71206
2.71206
2.71206
2.71206
2.71206
2.71205
2.71205
2.71205
2.71205
2.71205
2.71205
2.71204
2.71203
2.71203
2.71203
2.71203
2.71203
2.71203
2.71202
2.71202
2.71202
2.71202
2.71202
2.71202
2.71202
2.71202
2.71202
2.71201
2.71201
2.71201
2.71201
2.71201
2.71201
2.71201
2.71201
2.71201
2.712
2.712
2.712
2.712
2.712
2.712
2.712
2.712
2.712
2.71199
2.71199
2.71199
2.71199
2.71199
2.71199
2.71199
2.71199
2.71197
2.71195
2.71195
2.71195
2.71194
2.71194
2.71194
2.71194
2.71194
2.71194
2.71194
2.71194
2.71193
2.71193
2.71192
2.71192
2.71192
2.71192
2.71192
2.71191
2.71191
2.71191
2.71191
2.71191
2.71191
2.71191
2.71191
2.71191
2.7119
2.71189
2.71189
2.71188
2.71188
2.71188
2.71188
2.71188
2.71188
2.71188
2.71188
2.71187
2.71187
2.71187
2.71187
2.71187
2.71187
2.71187
2.71187
2.71187
2.71186
2.71186
2.71186
2.71186
2.71186
2.71186
2.71186
2.71186
2.71186
2.71185
2.71185
2.71185
2.71185
2.71185
2.71185
2.71185
2.71185
2.71185
2.71184
2.71184
2.71184
2.71184
2.71184
2.71184
2.71184
2.71184
2.71184
2.71183
2.71183
2.71183
2.71183
2.71183
2.71183
2.71183
2.71183
2.71183
2.71182
2.71181
2.71181
2.71181
2.71181
2.71181
2.7118
2.7118
2.7118
2.7118
2.7118
2.7118
2.7118
2.7118
2.7118
2.71179
2.71179
2.71179
2.71179
2.71179
2.71179
2.71179
2.71179
2.71179
2.71178
2.71178
2.71178
2.71178
2.71178
2.71178
2.71178
2.71178
2.71178
2.71177
2.71177
2.71177
2.71177
2.71177
2.71177
2.71177
2.71176
2.71176
2.71175
2.71175
2.71175
2.71175
2.71175
2.71175
2.71175
2.71174
2.71174
2.71174
2.71174
2.71174
2.71174
2.71174
2.71174
2.71174
2.71173
2.71172
2.71171
2.71171
2.71171
2.71171
2.71171
2.71171
2.71171
2.7117
2.7117
2.7117
2.7117
2.7117
2.7117
2.7117
2.7117
2.7117
2.71169
2.71169
2.71169
2.71169
2.71169
2.71169
2.71169
2.71169
2.71169
2.71168
2.71168
2.71168
2.71168
2.71168
2.71168
2.71168
2.71168
2.71168
2.71167
2.71167
2.71167
2.71167
2.71167
2.71167
2.71167
2.71167
2.71167
2.71166
2.71166
2.71166
2.71166
2.71166
2.71166
2.71166
2.71166
2.71166
2.71166
2.71165
2.71165
2.71165
2.71165
2.71165
2.71165
2.71165
2.71165
2.71165
2.71164
2.71164
2.71164
2.71164
2.71164
2.71164
2.71164
2.71164
2.71164
2.71162
2.71161
2.71161
2.71161
2.71161
2.7116
2.7116
2.7116
2.7116
2.7116
2.7116
2.7116
2.7116
2.7116
2.71159
2.71159
2.71159
2.71159
2.71159
2.71159
2.71159
2.71159
2.71159
2.71158
2.71158
2.71158
2.71158
2.71158
2.71158
2.71158
2.71158
2.71158
2.71158
2.71157
2.71157
2.71157
2.71157
2.71157
2.71157
2.71157
2.71157
2.71157
2.71156
2.71156
2.71156
2.71156
2.71156
2.71156
2.71156
2.71156
2.71156
2.71155
2.71155
2.71155
2.71155
2.71155
2.71153
2.71151
2.71151
2.71151
2.7115
2.7115
2.7115
2.7115
2.7115
2.7115
2.7115
2.7115
2.7115
2.71149
2.71149
2.71149
2.71149
2.71148
2.71148
2.71148
2.71147
2.71147
2.71147
2.71147
2.71147
2.71147
2.71147
2.71147
2.71147
2.71146
2.71146
2.71145
2.71144
2.71144
2.71144
2.71144
2.71144
2.71144
2.71143
2.71143
2.71143
2.71143
2.71143
2.71143
2.71143
2.71142
2.71141
2.71141
2.71141
2.7114
2.7114
2.7114
2.7114
2.7114
2.7114
2.7114
2.7114
2.7114
2.71139
2.71139
2.71139
2.71139
2.71139
2.71139
2.71139
2.71139
2.71139
2.71138
2.71138
2.71138
2.71138
2.71138
2.71138
2.71138
2.71138
2.71138
2.71137
2.71137
2.71137
2.71137
2.71137
2.71137
2.71137
2.71137
2.71137
2.71136
2.71136
2.71136
2.71136
2.71136
2.71136
2.71136
2.71136
2.71136
2.71136
2.71135
2.71135
2.71135
2.71135
2.71135
2.71135
2.71135
2.71135
2.71135
2.71134
2.71134
2.71134
2.71134
2.71134
2.71134
2.71134
2.71134
2.71134
2.71133
2.71133
2.71133
2.71132
2.71131
2.71131
2.71131
2.71131
2.71131
2.71131
2.71131
2.71131
2.7113
2.7113
2.7113
2.7113
2.7113
2.7113
2.7113
2.7113
2.7113
2.71129
2.71129
2.71129
2.71129
2.71129
2.71129
2.71129
2.71129
2.71129
2.71128
2.71128
2.71128
2.71128
2.71128
2.71128
2.71128
2.71128
2.71128
2.71127
2.71127
2.71127
2.71127
2.71127
2.71127
2.71127
2.71127
2.71127
2.71126
2.71126
2.71126
2.71126
2.71126
2.71126
2.71126
2.71126
2.71126
2.71125
2.71125
2.71125
2.71125
2.71125
2.71125
2.71125
2.71125
2.71125
2.71124
2.71124
2.71124
2.71124
2.71124
2.71124
2.71124
2.71124
2.71121
2.7112
2.7112
2.71119
2.71119
2.71119
2.71119
2.71119
2.71119
2.71119
2.71119
2.71119
2.71118
2.71118
2.71118
2.71118
2.71118
2.71118
2.71118
2.71118
2.71118
2.71117
2.71117
2.71117
2.71117
2.71117
2.71117
2.71117
2.71117
2.71117
2.71116
2.71116
2.71116
2.71116
2.71116
2.71116
2.71116
2.71116
2.71116
2.71115
2.71115
2.71115
2.71115
2.71115
2.71115
2.71115
2.71115
2.71115
2.71115
2.71114
2.71114
2.71114
2.71114
2.71114
2.71114
2.71114
2.71114
2.71114
2.71113
2.71113
2.71113
2.71113
2.71113
2.71113
2.71113
2.71113
2.71113
2.71112
2.71112
2.71112
2.71112
2.7111
2.71109
2.71109
2.71109
2.71109
2.71109
2.71108
2.71108
2.71108
2.71108
2.71108
2.71108
2.71108
2.71108
2.71108
2.71107
2.71107
2.71107
2.71107
2.71107
2.71107
2.71107
2.71107
2.71105
2.71104
2.71103
2.71103
2.71103
2.71103
2.71103
2.71103
2.71103
2.71102
2.71102
2.71102
2.71102
2.71102
2.71102
2.71102
2.71102
2.71102
2.71101
2.71101
2.71101
2.71101
2.71101
2.71101
2.71101
2.71101
2.71101
2.711
2.711
2.711
2.711
2.711
2.711
2.71098
2.71098
2.71097
2.71097
2.71097
2.71097
2.71097
2.71097
2.71097
2.71096
2.71096
2.71096
2.71096
2.71096
2.71096
2.71096
2.71096
2.71096
2.71095
2.71095
2.71095
2.71095
2.71095
2.71095
2.71095
2.71095
2.71095
2.71094
2.71094
2.71094
2.71094
2.71094
2.71094
2.71094
2.71094
2.71094
2.71093
2.71093
2.71093
2.71093
2.71093
2.71093
2.71093
2.71093
2.71093
2.71092
2.71092
2.71092
2.71092
2.71092
2.71092
2.71092
2.71092
2.71092
2.71091
2.71091
2.71091
2.71091
2.71091
2.71091
2.71091
2.71091
2.71091
2.7109
2.7109
2.7109
2.7109
2.7109
2.7109
2.7109
2.7109
2.7109
2.71089
2.71089
2.71089
2.71089
2.71087
2.71086
2.71085
2.71085
2.71085
2.71085
2.71085
2.71085
2.71085
2.71085
2.71084
2.71084
2.71083
2.71082
2.71082
2.71082
2.71082
2.71081
2.71081
2.71081
2.71081
2.71081
2.71081
2.71081
2.71081
2.71079
2.71079
2.71079
2.71078
2.71078
2.71078
2.71078
2.71078
2.71078
2.71078
2.71078
2.71077
2.71077
2.71077
2.71077
2.71077
2.71077
2.71077
2.71077
2.71077
2.71076
2.71076
2.71076
2.71076
2.71076
2.71076
2.71076
2.71076
2.71076
2.71075
2.71075
2.71075
2.71075
2.71075
2.71075
2.71075
2.71074
2.71073
2.71073
2.71073
2.71073
2.71073
2.71072
2.71072
2.71072
2.71072
2.71072
2.71072
2.71072
2.71072
2.71072
2.71071
2.71071
2.71071
2.71071
2.71071
2.71071
2.71071
2.71071
2.71071
2.7107
2.7107
2.7107
2.7107
2.7107
2.7107
2.7107
2.7107
2.7107
2.71069
2.71068
2.71068
2.71068
2.71068
2.71067
2.71067
2.71067
2.71067
2.71067
2.71067
2.71067
2.71067
2.71067
2.71066
2.71066
2.71066
2.71066
2.71065
2.71064
2.71063
2.71063
2.71063
2.71063
2.71063
2.71063
2.71062
2.71062
2.71062
2.71062
2.71062
2.71062
2.71062
2.71062
2.7106
2.71059
2.71058
2.71058
2.71058
2.71058
2.71057
2.71057
2.71057
2.71057
2.71057
2.71057
2.71055
2.71055
2.71055
2.71054
2.71054
2.71054
2.71054
2.71054
2.71054
2.71054
2.71053
2.71052
2.71052
2.71051
2.71051
2.71051
2.71051
2.71051
2.71051
2.71051
2.71051
2.71051
2.7105
2.7105
2.7105
2.7105
2.7105
2.7105
2.7105
2.7105
2.7105
2.71049
2.71049
2.71049
2.71048
2.71048
2.71048
2.71047
2.71047
2.71047
2.71047
2.71047
2.71047
2.71047
2.71047
2.71046
2.71046
2.71046
2.71046
2.71046
2.71046
2.71046
2.71046
2.71046
2.71045
2.71045
2.71045
2.71045
2.71045
2.71045
2.71045
2.71045
2.71045
2.71045
2.71044
2.71044
2.71044
2.71044
2.71044
2.71043
2.71042
2.71042
2.71042
2.71041
2.71041
2.71041
2.71041
2.71041
2.71041
2.71041
2.71041
2.7104
2.7104
2.7104
2.7104
2.7104
2.7104
2.7104
2.7104
2.7104
2.71039
2.71039
2.71039
2.71039
2.71039
2.71039
2.71039
2.71039
2.71039
2.71039
2.71038
2.71038
2.71038
2.71038
2.71038
2.71038
2.71038
2.71038
2.71038
2.71037
2.71037
2.71037
2.71037
2.71037
2.71037
2.71037
2.71037
2.71037
2.71036
2.71036
2.71036
2.71036
2.71036
2.71036
2.71036
2.71036
2.71036
2.71035
2.71034
2.71034
2.71034
2.71034
2.71034
2.71033
2.71033
2.71033
2.71033
2.71033
2.71033
2.71033
2.71033
2.71033
2.71033
2.71032
2.71032
2.71032
2.71032
2.71032
2.7103
2.71029
2.71029
2.71028
2.71028
2.71028
2.71028
2.71028
2.71028
2.71028
2.71028
2.71028
2.71027
2.71027
2.71027
2.71027
2.71027
2.71027
2.71027
2.71027
2.71027
2.71026
2.71026
2.71026
2.71026
2.71026
2.71026
2.71026
2.71026
2.71026
2.71025
2.71025
2.71025
2.71025
2.71025
2.71025
2.71025
2.71025
2.71025
2.71024
2.71024
2.71024
2.71024
2.71024
2.71024
2.71024
2.71024
2.71024
2.71023
2.71023
2.71023
2.71023
2.71023
2.71023
2.71023
2.71023
2.71023
2.71022
2.71022
2.71022
2.71022
2.71022
2.71022
2.71022
2.71022
2.71022
2.71022
2.71021
2.71021
2.7102
2.71019
2.71019
2.71019
2.71019
2.71018
2.71018
2.71018
2.71018
2.71018
2.71018
2.71018
2.71018
2.71018
2.71017
2.71017
2.71017
2.71017
2.71017
2.71017
2.71017
2.71017
2.71017
2.71016
2.71015
2.71015
2.71014
2.71014
2.71014
2.71014
2.71014
2.71014
2.71014
2.71014
2.71013
2.71013
2.71013
2.71013
2.71013
2.71013
2.71013
2.71013
2.71013
2.71012
2.71012
2.71012
2.7101
2.71009
2.71009
2.71008
2.71008
2.71008
2.71008
2.71008
2.71008
2.71008
2.71008
2.71008
2.71007
2.71007
2.71007
2.71007
2.71007
2.71007
2.71007
2.71007
2.71007
2.71006
2.71005
2.71004
2.71004
2.71004
2.71004
2.71004
2.71004
2.71003
2.71003
2.71003
2.71003
2.71003
2.71003
2.71003
2.71003
2.71003
2.71002
2.71002
2.71002
2.71002
2.71002
2.71002
2.71002
2.71002
2.71002
2.71002
2.71001
2.71001
2.71001
2.71001
2.71001
2.71001
2.71001
2.71001
2.71001
2.71
2.71
2.71
2.71
2.71
2.71
2.71
2.71
2.71
2.70999
2.70999
2.70999
2.70999
2.70999
2.70999
2.70999
2.70999
2.70999
2.70998
2.70998
2.70998
2.70998
2.70998
2.70998
2.70998
2.70998
2.70998
2.70997
2.70997
2.70997
2.70997
2.70997
2.70997
2.70997
2.70997
2.70997
2.70996
2.70996
2.70996
2.70996
2.70996
2.70996
2.70996
2.70996
2.70996
2.70995
2.70995
2.70995
2.70995
2.70995
2.70995
2.70995
2.70995
2.70995
2.70994
2.70994
2.70994
2.70994
2.70994
2.70994
2.70994
2.70994
2.70994
2.70994
2.70993
2.70993
2.70993
2.70993
2.70993
2.70993
2.70993
2.70993
2.70993
2.70992
2.70992
2.70992
2.70992
2.70992
2.70992
2.70992
2.70992
2.70992
2.70991
2.70991
2.70991
2.70991
2.70991
2.70991
2.70991
2.70991
2.70991
2.7099
2.70989
2.70988
2.70988
2.70988
2.70988
2.70988
2.70987
2.70987
2.70987
2.70987
2.70987
2.70987
2.70987
2.70987
2.70987
2.70986
2.70986
2.70986
2.70986
2.70986
2.70986
2.70986
2.70986
2.70986
2.70985
2.70985
2.70985
2.70985
2.70985
2.70985
2.70985
2.70985
2.70985
2.70984
2.70984
2.70984
2.70984
2.70984
2.70984
2.70984
2.70984
2.70984
2.70984
2.70983
2.70983
2.70983
2.70983
2.70983
2.70981
2.7098
2.70979
2.70979
2.70979
2.70979
2.70979
2.70979
2.70978
2.70978
2.70978
2.70978
2.70978
2.70978
2.70978
2.70978
2.70978
2.70977
2.70977
2.70977
2.70977
2.70977
2.70977
2.70977
2.70977
2.70977
2.70977
2.70976
2.70976
2.70976
2.70976
2.70976
2.70975
2.70975
2.70974
2.70974
2.70974
2.70974
2.70974
2.70974
2.70974
2.70974
2.70973
2.70973
2.70973
2.70973
2.70973
2.70973
2.70973
2.70973
2.70973
2.70972
2.70972
2.70972
2.70971
2.7097
2.7097
2.7097
2.7097
2.7097
2.7097
2.70969
2.70969
2.70969
2.70969
2.70969
2.70969
2.70969
2.70969
2.70969
2.70968
2.70968
2.70968
2.70968
2.70968
2.70968
2.70968
2.70968
2.70968
2.70967
2.70967
2.70967
2.70967
2.70967
2.70967
2.70967
2.70967
2.70967
2.70966
2.70966
2.70966
2.70966
2.70966
2.70966
2.70966
2.70966
2.70966
2.70966
2.70965
2.70965
2.70965
2.70965
2.70965
2.70965
2.70965
2.70965
2.70965
2.70964
2.70964
2.70964
2.70964
2.70964
2.70964
2.70964
2.70962
2.70961
2.70961
2.70961
2.70961
2.70961
2.7096
2.7096
2.7096
2.7096
2.7096
2.7096
2.7096
2.7096
2.7096
2.70959
2.70959
2.70959
2.70959
2.70959
2.70959
2.70959
2.70959
2.70959
2.70959
2.70958
2.70958
2.70958
2.70958
2.70958
2.70958
2.70958
2.70958
2.70958
2.70957
2.70955
2.70955
2.70955
2.70955
2.70954
2.70954
2.70954
2.70954
2.70954
2.70954
2.70954
2.70954
2.70954
2.70953
2.70951
2.7095
2.7095
2.7095
2.7095
2.7095
2.7095
2.7095
2.70949
2.70949
2.70949
2.70949
2.70949
2.70948
2.70947
2.70947
2.70947
2.70946
2.70946
2.70946
2.70946
2.70946
2.70946
2.70946
2.70946
2.70946
2.70945
2.70945
2.70945
2.70944
2.70944
2.70943
2.70943
2.70943
2.70943

