2.7
2.7
2.7
2.7
2.7
2.69999
2.69999
2.69999
2.69999
2.69999
2.69999
2.69999
2.69999
2.69999
2.69998
2.69998
2.69998
2.69998
2.69998
2.69998
2.69998
2.69998
2.69998
2.69997
2.69997
2.69997
2.69997
2.69997
2.69997
2.69997
2.69996
2.69995
2.69995
2.69995
2.69995
2.69995
2.69994
2.69994
2.69994
2.69994
2.69994
2.69994
2.69994
2.69994
2.69994
2.69993
2.69993
2.69993
2.69993
2.69993
2.69993
2.69993
2.69993
2.69993
2.69992
2.69992
2.69992
2.69992
2.69992
2.69992
2.69992
2.69992
2.69992
2.69991
2.69991
2.69991
2.69991
2.69991
2.69991
2.69991
2.69991
2.69991
2.6999
2.6999
2.6999
2.6999
2.69989
2.69989
2.69989
2.69988
2.69988
2.69988
2.69988
2.69988
2.69988
2.69988
2.69988
2.69987
2.69987
2.69987
2.69987
2.69987
2.69987
2.69987
2.69986
2.69984
2.69983
2.69983
2.69983
2.69983
2.69983
2.69983
2.69983
2.69982
2.69981
2.69981
2.69981
2.6998
2.6998
2.6998
2.6998
2.6998
2.6998
2.6998
2.6998
2.6998
2.69979
2.69979
2.69979
2.69979
2.69979
2.69979
2.69979
2.69979
2.69979
2.69978
2.69978
2.69976
2.69976
2.69976
2.69976
2.69975
2.69975
2.69975
2.69975
2.69975
2.69975
2.69975
2.69975
2.69975
2.69974
2.69974
2.69974
2.69974
2.69974
2.69974
2.69974
2.69974
2.69974
2.69973
2.69973
2.69973
2.69973
2.69973
2.69973
2.69973
2.69973
2.69973
2.69972
2.69972
2.69971
2.69971
2.69971
2.6997
2.6997
2.6997
2.6997
2.6997
2.6997
2.6997
2.6997
2.6997
2.69969
2.69969
2.69969
2.69969
2.69969
2.69969
2.69969
2.69969
2.69969
2.69968
2.69968
2.69968
2.69968
2.69968
2.69968
2.69968
2.69968
2.69968
2.69967
2.69967
2.69966
2.69966
2.69966
2.69966
2.69966
2.69965
2.69965
2.69965
2.69965
2.69965
2.69965
2.69965
2.69965
2.69965
2.69964
2.69964
2.69964
2.69964
2.69964
2.69964
2.69964
2.69964
2.69964
2.69963
2.69963
2.69963
2.69963
2.69963
2.69963
2.69962
2.69962
2.69961
2.69961
2.69961
2.69961
2.69961
2.69961
2.69961
2.6996
2.6996
2.6996
2.6996
2.6996
2.6996
2.6996
2.6996
2.6996
2.69959
2.69959
2.69959
2.69959
2.69959
2.69959
2.69959
2.69959
2.69959
2.69958
2.69958
2.69958
2.69958
2.69958
2.69958
2.69958
2.69958
2.69958
2.69957
2.69957
2.69957
2.69957
2.69957
2.69957
2.69957
2.69957
2.69957
2.69957
2.69956
2.69956
2.69956
2.69956
2.69955
2.69954
2.69954
2.69954
2.69954
2.69953
2.69953
2.69953
2.69953
2.69953
2.69953
2.69953
2.69953
2.69953
2.69952
2.69952
2.69952
2.69952
2.69949
2.69948
2.69948
2.69948
2.69948
2.69948
2.69947
2.69947
2.69947
2.69947
2.69947
2.69947
2.69947
2.69947
2.69947
2.69947
2.69946
2.69946
2.69946
2.69946
2.69946
2.69946
2.69946
2.69946
2.69946
2.69945
2.69945
2.69945
2.69945
2.69945
2.69945
2.69945
2.69945
2.69945
2.69944
2.69944
2.69944
2.69944
2.69944
2.69944
2.69944
2.69944
2.69944
2.69943
2.69943
2.69943
2.69943
2.69943
2.69943
2.69943
2.69943
2.69943
2.69942
2.69942
2.69942
2.69942
2.69942
2.69941
2.6994
2.6994
2.69939
2.69939
2.69939
2.69939
2.69939
2.69939
2.69939
2.69939
2.69939
2.69938
2.69938
2.69938
2.69938
2.69938
2.69938
2.69938
2.69938
2.69938
2.69937
2.69937
2.69937
2.69937
2.69937
2.69937
2.69937
2.69937
2.69937
2.69936
2.69936
2.69935
2.69935
2.69935
2.69935
2.69934
2.69934
2.69934
2.69934
2.69934
2.69934
2.69934
2.69934
2.69934
2.69934
2.69933
2.69933
2.69933
2.69933
2.69933
2.69933
2.69933
2.69933
2.69933
2.69932
2.69932
2.69932
2.69932
2.69931
2.69931
2.69931
2.69931
2.6993
2.6993
2.69929
2.69929
2.69929
2.69929
2.69928
2.69928
2.69928
2.69928
2.69928
2.69928
2.69928
2.69928
2.69927
2.69927
2.69927
2.69927
2.69927
2.69927
2.69927
2.69927
2.69927
2.69927
2.69926
2.69926
2.69926
2.69926
2.69926
2.69926
2.69926
2.69926
2.69926
2.69925
2.69925
2.69925
2.69925
2.69925
2.69924
2.69924
2.69923
2.69923
2.69923
2.69923
2.69923
2.69923
2.69923
2.69922
2.69922
2.69922
2.69922
2.69921
2.69919
2.69919
2.69919
2.69919
2.69919
2.69919
2.69918
2.69918
2.69918
2.69917
2.69917
2.69916
2.69916
2.69916
2.69916
2.69916
2.69916
2.69916
2.69916
2.69915
2.69915
2.69915
2.69915
2.69915
2.69915
2.69915
2.69915
2.69915
2.69914
2.69914
2.69914
2.69914
2.69914
2.69914
2.69914
2.69914
2.69914
2.69913
2.69913
2.69913
2.69913
2.69913
2.69913
2.69913
2.69913
2.69913
2.69912
2.69912
2.69912
2.69912
2.69912
2.69912
2.69911
2.69911
2.6991
2.6991
2.6991
2.6991
2.6991
2.6991
2.6991
2.69909
2.69909
2.69909
2.69909
2.69909
2.69909
2.69909
2.69909
2.69909
2.69908
2.69908
2.69908
2.69908
2.69908
2.69908
2.69908
2.69908
2.69908
2.69907
2.69907
2.69907
2.69907
2.69907
2.69907
2.69907
2.69907
2.69907
2.69907
2.69906
2.69906
2.69905
2.69905
2.69904
2.69904
2.69904
2.69904
2.69904
2.69904
2.69904
2.69904
2.69904
2.69903
2.69903
2.69903
2.69903
2.69903
2.69902
2.69901
2.69901
2.699
2.699
2.699
2.699
2.699
2.699
2.699
2.699
2.69899
2.69899
2.69899
2.69899
2.69899
2.69899
2.69899
2.69899
2.69899
2.69898
2.69898
2.69898
2.69898
2.69898
2.69898
2.69898
2.69896
2.69896
2.69895
2.69895
2.69895
2.69895
2.69894
2.69893
2.69893
2.69893
2.69893
2.69893
2.69892
2.69892
2.69892
2.69892
2.69892
2.69892
2.69892
2.69892
2.69892
2.69891
2.69891
2.69891
2.69891
2.69891
2.69891
2.69891
2.6989
2.69889
2.69889
2.69889
2.69889
2.69889
2.69888
2.69888
2.69888
2.69888
2.69888
2.69888
2.69888
2.69888
2.69888
2.69887
2.69887
2.69887
2.69887
2.69887
2.69887
2.69887
2.69887
2.69887
2.69887
2.69886
2.69886
2.69886
2.69886
2.69886
2.69886
2.69886
2.69886
2.69886
2.69885
2.69885
2.69885
2.69885
2.69885
2.69885
2.69885
2.69885
2.69885
2.69884
2.69884
2.69884
2.69884
2.69884
2.69884
2.69884
2.69884
2.69884
2.69883
2.69883
2.69883
2.69883
2.69883
2.69883
2.69883
2.69883
2.69883
2.69882
2.69882
2.69882
2.69882
2.69882
2.69882
2.69881
2.6988
2.6988
2.6988
2.6988
2.6988
2.6988
2.6988
2.69879
2.69879
2.69879
2.69879
2.69879
2.69879
2.69879
2.69879
2.69879
2.69878
2.69878
2.69878
2.69878
2.69877
2.69877
2.69876
2.69876
2.69876
2.69876
2.69876
2.69876
2.69876
2.69875
2.69875
2.69875
2.69875
2.69875
2.69875
2.69875
2.69875
2.69875
2.69874
2.69874
2.69874
2.69874
2.69874
2.69874
2.69874
2.69874
2.69874
2.69873
2.69873
2.69873
2.69873
2.69873
2.69873
2.69873
2.69873
2.69873
2.69873
2.69871
2.6987
2.69869
2.69869
2.69869
2.69869
2.69869
2.69869
2.69869
2.69869
2.69868
2.69868
2.69868
2.69867
2.69867
2.69867
2.69866
2.69866
2.69866
2.69866
2.69866
2.69866
2.69866
2.69866
2.69866
2.69865
2.69865
2.69865
2.69865
2.69865
2.69865
2.69865
2.69865
2.69864
2.69863
2.69863
2.69863
2.69862
2.69862
2.69862
2.69862
2.69862
2.69862
2.69862
2.69862
2.69861
2.69861
2.69861
2.69861
2.69861
2.69861
2.69861
2.69861
2.69861
2.69861
2.6986
2.6986
2.6986
2.6986
2.6986
2.6986
2.6986
2.6986
2.6986
2.69857
2.69856
2.69856
2.69856
2.69856
2.69855
2.69855
2.69855
2.69855
2.69855
2.69855
2.69855
2.69855
2.69855
2.69854
2.69853
2.69853
2.69853
2.69852
2.69852
2.69852
2.69852
2.69852
2.69852
2.69852
2.69852
2.69852
2.69851
2.69851
2.69851
2.69851
2.69851
2.6985
2.69849
2.69849
2.69848
2.69848
2.69848
2.69848
2.69848
2.69848
2.69848
2.69848
2.69848
2.69847
2.69847
2.69847
2.69847
2.69847
2.69847
2.69847
2.69847
2.69847
2.69846
2.69846
2.69845
2.69845
2.69845
2.69844
2.69844
2.69844
2.69844
2.69844
2.69844
2.69844
2.69844
2.69843
2.69843
2.69843
2.69843
2.69843
2.69843
2.69843
2.69843
2.69843
2.69843
2.69842
2.69842
2.69842
2.69842
2.69842
2.69842
2.69842
2.69842
2.69842
2.69841
2.69841
2.69841
2.69841
2.69841
2.69841
2.69841
2.69841
2.69841
2.6984
2.6984
2.6984
2.6984
2.6984
2.6984
2.6984
2.6984
2.6984
2.69839
2.69839
2.69839
2.69839
2.69839
2.69839
2.69839
2.69839
2.69839
2.69838
2.69838
2.69838
2.69838
2.69838
2.69838
2.69838
2.69838
2.69838
2.69837
2.69837
2.69837
2.69837
2.69837
2.69837
2.69837
2.69837
2.69837
2.69837
2.69836
2.69836
2.69836
2.69836
2.69836
2.69836
2.69836
2.69836
2.69836
2.69835
2.69835
2.69835
2.69835
2.69835
2.69835
2.69835
2.69835
2.69835
2.69834
2.69834
2.69834
2.69834
2.69834
2.69834
2.69833
2.69832
2.69832
2.69832
2.69832
2.69831
2.69831
2.69831
2.69831
2.69831
2.69831
2.69831
2.69831
2.69831
2.6983
2.6983
2.6983
2.6983
2.6983
2.6983
2.6983
2.6983
2.6983
2.69829
2.69828
2.69826
2.69826
2.69826
2.69826
2.69826
2.69826
2.69825
2.69825
2.69825
2.69825
2.69824
2.69824
2.69823
2.69823
2.69823
2.69823
2.69822
2.69821
2.69821
2.69821
2.69821
2.6982
2.6982
2.6982
2.6982
2.6982
2.6982
2.6982
2.6982
2.6982
2.69819
2.69819
2.69819
2.69819
2.69819
2.69819
2.69819
2.69819
2.69819
2.69818
2.69818
2.69818
2.70104
2.70103
2.70103
2.70103
2.70102
2.70102
2.70102
2.70102
2.70102
2.70102
2.70102
2.70102
2.70102
2.70101
2.70101
2.70101
2.701
2.701
2.701
2.701
2.70099
2.70099
2.70099
2.70099
2.70099
2.70099
2.70099
2.70099
2.70099
2.70098
2.70098
2.70098
2.70098
2.70097
2.70097
2.70096
2.70096
2.70096
2.70096
2.70096
2.70094
2.70093
2.70093
2.70093
2.70092
2.70092
2.70092
2.70092
2.70092
2.70092
2.70092
2.70092
2.70091
2.70091
2.70091
2.70091
2.70091
2.70091
2.70091
2.70091
2.70091
2.70091
2.7009
2.7009
2.70088
2.70087
2.70087
2.70087
2.70087
2.70087
2.70086
2.70086
2.70086
2.70086
2.70086
2.70086
2.70086
2.70086
2.70086
2.70086
2.70085
2.70085
2.70085
2.70084
2.70082
2.70081
2.70081
2.70081
2.70081
2.70081
2.70081
2.70081
2.70081
2.7008
2.7008
2.7008
2.7008
2.7008
2.7008
2.7008
2.7008
2.7008
2.70079
2.70079
2.70079
2.70079
2.70078
2.70077
2.70077
2.70077
2.70077
2.70077
2.70076
2.70076
2.70076
2.70076
2.70076
2.70076
2.70075
2.70074
2.70074
2.70074
2.70074
2.70074
2.70074
2.70074
2.70073
2.70073
2.70073
2.70073
2.70073
2.70072
2.70072
2.70071
2.70071
2.70071
2.70071
2.70071
2.70071
2.70071
2.7007
2.7007
2.7007
2.7007
2.7007
2.7007
2.7007
2.7007
2.7007
2.70069
2.70069
2.70069
2.70069
2.70069
2.70069
2.70069
2.70069
2.70069
2.70068
2.70068
2.70068
2.70068
2.70068
2.70068
2.70068
2.70068
2.70068
2.70067
2.70066
2.70065
2.70065
2.70065
2.70065
2.70064
2.70064
2.70064
2.70064
2.70064
2.70064
2.70064
2.70064
2.70064
2.70063
2.70063
2.70063
2.70063
2.70063
2.70063
2.70063
2.70063
2.70063
2.70062
2.70062
2.70062
2.70062
2.70062
2.70062
2.70062
2.70061
2.70059
2.70059
2.70058
2.70058
2.70058
2.70058
2.70058
2.70058
2.70058
2.70058
2.70058
2.70057
2.70057
2.70057
2.70057
2.70057
2.70057
2.70057
2.70057
2.70057
2.70056
2.70056
2.70056
2.70055
2.70055
2.70055
2.70054
2.70054
2.70054
2.70054
2.70054
2.70054
2.70054
2.70053
2.70053
2.70053
2.70053
2.70053
2.70053
2.70053
2.70053
2.70053
2.70053
2.70052
2.70052
2.70052
2.70052
2.70052
2.70052
2.70052
2.70052
2.70052
2.70051
2.70051
2.70051
2.70051
2.70051
2.70051
2.70051
2.70051
2.70051
2.7005
2.7005
2.7005
2.70049
2.70049
2.70048
2.70048
2.70048
2.70048
2.70048
2.70048
2.70048
2.70047
2.70047
2.70047
2.70047
2.70047
2.70047
2.70047
2.70047
2.70046
2.70046
2.70045
2.70045
2.70045
2.70045
2.70045
2.70045
2.70045
2.70044
2.70044
2.70044
2.70044
2.70044
2.70044
2.70044
2.70044
2.70044
2.70043
2.70039
2.70039
2.70038
2.70038
2.70038
2.70038
2.70038
2.70038
2.70038
2.70037
2.70037
2.70037
2.70037
2.70037
2.70037
2.70037
2.70037
2.70037
2.70037
2.70036
2.70036
2.70036
2.70036
2.70036
2.70036
2.70036
2.70033
2.70033
2.70032
2.70032
2.70032
2.70032
2.70032
2.70032
2.70032
2.70031
2.70031
2.70031
2.70031
2.70031
2.70031
2.70031
2.70031
2.70031
2.70031
2.7003
2.7003
2.7003
2.7003
2.7003
2.7003
2.7003
2.69997
2.69992
2.69992
2.69991
2.69991
2.69991
2.69991
2.69991
2.69991
2.69991
2.69991
2.6999
2.6999
2.6999
2.6999
2.6999
2.6999
2.6999
2.6999
2.6999
2.69989
2.69989
2.69989
2.69989
2.69989
2.69989
2.69989
2.69989
2.69989
2.69988
2.69988
2.69988
2.69988
2.69988
2.69988
2.69988
2.69988
2.69988
2.69987
2.69987
2.69987
2.69987
2.69987
2.69987
2.69987
2.69987
2.69987
2.69986
2.69986
2.69985
2.69985
2.69985
2.69985
2.69984
2.69984
2.69984
2.69984
2.69984
2.69984
2.69984
2.69984
2.69984
2.69983
2.69983
2.69983
2.69983
2.69983
2.69983
2.69983
2.69983
2.69983
2.69982
2.69982
2.69982
2.69982
2.69982
2.69982
2.69982
2.69982
2.69982
2.69981
2.69981
2.69981
2.69981
2.69981
2.69981
2.69981
2.69981
2.69981
2.6998
2.6998
2.6998
2.6998
2.6998
2.6998
2.6998
2.6998
2.6998
2.69979
2.69979
2.69979
2.69979
2.69979
2.69979
2.69979
2.69979
2.69979
2.69979
2.69978
2.69978
2.69978
2.69978
2.69978
2.69978
2.69978
2.69978
2.69978
2.69977
2.69977
2.69977
2.69977
2.69977
2.69976
2.69975
2.69975
2.69975
2.69975
2.69975
2.69974
2.69974
2.69974
2.69974
2.69974
2.69974
2.69974
2.69974
2.69974
2.69974
2.69973
2.69973
2.69973
2.69973
2.69972
2.69972
2.69971
2.69971
2.69971
2.69971
2.69971
2.69971
2.69971
2.69971
2.6997
2.6997
2.6997
2.6997
2.69969
2.69968
2.69968
2.69968
2.69968
2.69968
2.69967
2.69967
2.69967
2.69967
2.69967
2.69967
2.69967
2.69967
2.69967
2.69966
2.69966
2.69966
2.69966
2.69966
2.69966
2.69966
2.69966
2.69966
2.69965
2.69965
2.69965
2.69965
2.69965
2.69965
2.69965
2.69965
2.69965
2.69964
2.69964
2.69964
2.69964
2.69964
2.69964
2.69964
2.69964
2.69964
2.69964
2.69963
2.69963
2.69963
2.69963
2.69963
2.69963
2.69963
2.69963
2.69963
2.69962
2.69962
2.69962
2.69962
2.69962
2.69962
2.69962
2.69962
2.6996
2.69958
2.69958
2.69958
2.69958
2.69958
2.69957
2.69957
2.69957
2.69957
2.69957
2.69957
2.69957
2.69957
2.69957
2.69956
2.69955
2.69955
2.69955
2.69955
2.69955
2.69954
2.69954
2.69954
2.69954
2.69954
2.69954
2.69954
2.69954
2.69954
2.69953
2.69953
2.69951
2.69951
2.6995
2.6995
2.6995
2.6995
2.6995
2.6995
2.6995
2.69949
2.69949
2.69949
2.69949
2.69949
2.69948
2.69948
2.69947
2.69947
2.69947
2.69947
2.69947
2.69947
2.69947
2.69946
2.69946
2.69946
2.69946
2.69946
2.69946
2.69946
2.69946
2.69946
2.69946
2.69945
2.69945
2.69945
2.69945
2.69945
2.69945
2.69944
2.69943
2.69943
2.69943
2.69943
2.69942
2.69942
2.69942
2.69942
2.69942
2.69942
2.69942
2.69942
2.69942
2.69941
2.69941
2.69941
2.69941
2.69941
2.69941
2.69941
2.6994
2.69939
2.69939
2.69939
2.69939
2.69939
2.69939
2.69939
2.69939
2.69938
2.69938
2.69938
2.69938
2.69938
2.69938
2.69938
2.69938
2.69938
2.69937
2.69937
2.69937
2.69937
2.69937
2.69937
2.69937
2.69937
2.69937
2.69936
2.69936
2.69936
2.69936
2.69936
2.69936
2.69936
2.69936
2.69936
2.69935
2.69935
2.69935
2.69889
2.69888
2.69888
2.69888
2.69888
2.69888
2.69888
2.69888
2.69887
2.69887
2.69887
2.69887
2.69887
2.69887
2.69887
2.69887
2.69887
2.69886
2.69886
2.69886
2.69886
2.69886
2.69886
2.69886
2.69886
2.69886
2.69885
2.69885
2.69885
2.69885
2.69885
2.69885
2.69885
2.69885
2.69885
2.69884
2.69884
2.69884
2.69884
2.69884
2.69884
2.69884
2.69884
2.69884
2.69883
2.69883
2.69883
2.69883
2.69883
2.69883
2.69883
2.69883
2.69883
2.69882
2.69882
2.69881
2.6988
2.6988
2.6988
2.6988
2.6988
2.6988
2.6988
2.6988
2.69879
2.69879
2.69879
2.69879
2.69879
2.69879
2.69879
2.69879
2.69879
2.69878
2.69878
2.69878
2.69878
2.69878
2.69878
2.69878
2.69878
2.69878
2.69875
2.69874
2.69874
2.69873
2.69873
2.69873
2.69873
2.69873
2.69873
2.69873
2.69873
2.69872
2.69872
2.69872
2.69872
2.69872
2.69872
2.69872
2.69872
2.69872
2.69871
2.6987
2.6987
2.6987
2.69869
2.69869
2.69869
2.69869
2.69869
2.69869
2.69869
2.69869
2.69868
2.69868
2.69868
2.69868
2.69868
2.69868
2.69868
2.69868
2.69868
2.69867
2.69867
2.69867
2.69866
2.69866
2.69865
2.69865
2.69865
2.69865
2.69865
2.69865
2.69865
2.69864
2.69864
2.69864
2.69864
2.69864
2.69864
2.69864
2.69864
2.69864
2.69862
2.69861
2.6986
2.6986
2.6986
2.6986
2.6986
2.6986
2.6986
2.69859
2.69859
2.69859
2.69859
2.69859
2.69859
2.69859
2.69859
2.69859
2.69858
2.69858
2.69858
2.69858
2.69858
2.69858
2.69858
2.69858
2.69858
2.69857
2.69857
2.69857
2.69857
2.69857
2.69857
2.69857
2.69857
2.69857
2.69856
2.69856
2.69856
2.69856
2.69856
2.69856
2.69856
2.69856
2.69855
2.69855
2.69854
2.69854
2.69854
2.69854
2.69854
2.69853
2.69853
2.69853
2.69853
2.69853
2.69853
2.69853
2.69853
2.69853
2.69853
2.69852
2.69852
2.69852
2.69852
2.69852
2.69852
2.69852
2.69852
2.69852
2.69851
2.69851
2.69851
2.69849
2.69849
2.69849
2.69848
2.69848
2.69848
2.69848
2.69848
2.69848
2.69848
2.69848
2.69847
2.69847
2.69847
2.69847
2.69847
2.69847
2.69847
2.69847
2.69847
2.69847
2.69846
2.69846
2.69846
2.69846
2.69846
2.69846
2.69845
2.69844
2.69844
2.69844
2.69844
2.69844
2.69844
2.69844
2.69843
2.69843
2.69843
2.69843
2.69843
2.69843
2.69843
2.69843
2.69842
2.69841
2.69841
2.69841
2.69841
2.69841
2.69841
2.69841
2.69841
2.6984
2.6984
2.6984
2.6984
2.6984
2.6984
2.6984
2.6984
2.6984
2.69839
2.69839
2.69839
2.69839
2.69839
2.69839
2.69839
2.69839
2.69839
2.69838
2.69838
2.69838
2.69838
2.69838
2.69838
2.69838
2.69838
2.69838
2.69837
2.69837
2.69837
2.69836
2.69836
2.69836
2.69835
2.69835
2.69835
2.69835
2.69835
2.69835
2.69835
2.69835
2.69835
2.69834
2.69834
2.69834
2.69834
2.69834
2.69834
2.69834
2.69834
2.69834
2.69833
2.69833
2.69833
2.69833
2.69833
2.69833
2.69833
2.69833
2.69833
2.69832
2.69831
2.69831
2.69831
2.6983
2.6983
2.6983
2.6983
2.6983
2.6983
2.6983
2.6983
2.69829
2.69829
2.69829
2.69829
2.69829
2.69829
2.69829
2.69828
2.69827
2.69827
2.69827
2.69827
2.69827
2.69827
2.69826
2.69826
2.69826
2.69826
2.69826
2.69826
2.69826
2.69826
2.69823
2.69823
2.69822
2.69822
2.69822
2.69822
2.69822
2.69822
2.69822
2.69821
2.69821
2.69821
2.69821
2.69821
2.69821
2.69821
2.69821
2.69821
2.6982
2.6982
2.6982
2.6982
2.6982
2.6982
2.6982
2.6982
2.6982
2.6982
2.69819
2.69819
2.69819
2.69819
2.69819
2.69819
2.69819
2.69819
2.69818
2.69817
2.69817
2.69817
2.69817
2.69817
2.69816
2.69816
2.69816
2.69816
2.69816
2.69816
2.69816
2.69816
2.69816
2.69815
2.69815
2.69815
2.69815
2.69815
2.69815
2.69815
2.69815
2.69815
2.69814
2.69814
2.69814
2.69814
2.69814
2.69814
2.69814
2.69814
2.69814
2.69814
2.69813
2.69813
2.69813
2.69813
2.69813
2.69813
2.69813
2.69813
2.69813
2.69812
2.69812
2.69812
2.69812
2.69812
2.69812
2.69812
2.69812
2.69812
2.69811
2.69811
2.69811
2.69811
2.69811
2.69811
2.69811
2.69811
2.69811
2.6981
2.6981
2.6981
2.6981
2.6981
2.6981
2.6981
2.6981
2.6981
2.69809
2.69809
2.69808
2.69808
2.69808
2.69807
2.69806
2.69806
2.69806
2.69806
2.69806
2.69805
2.69805
2.69805
2.69805
2.69805
2.69805
2.69804
2.69803
2.69803
2.69802
2.69802
2.69802
2.69802
2.69802
2.69802
2.69802
2.69802
2.69802
2.69801
2.69801
2.69801
2.69801
2.69801
2.69801
2.69801
2.69801
2.69801
2.698
2.69799
2.69798
2.69797
2.69797
2.69797
2.69796
2.69796
2.69796
2.69796
2.69796
2.69796
2.69796
2.69796
2.69796
2.69795
2.69793
2.69792
2.69792
2.69792
2.69792
2.69792
2.69792
2.69792
2.69792
2.69791
2.69791
2.69791
2.69791
2.69791
2.69791
2.69791
2.69791
2.69791
2.6979
2.6979
2.6979
2.6979
2.6979
2.6979
2.6979
2.6979
2.6979
2.69789
2.69789
2.69789
2.69789
2.69787
2.69786
2.69786
2.69786
2.69786
2.69785
2.69785
2.69785
2.69785
2.69785
2.69785
2.69785
2.69785
2.69784
2.69783
2.69783
2.69782
2.69782
2.69782
2.69782
2.69782
2.69782
2.69782
2.69781
2.69781
2.69781
2.69781
2.69781
2.69781
2.69781
2.6978
2.69779
2.69779
2.69779
2.69778
2.69778
2.69778
2.69778
2.69778
2.69778
2.69778
2.69778
2.69778
2.69777
2.69777
2.69777
2.69777
2.69777
2.69777
2.69777
2.69777
2.69777
2.69776
2.69776
2.69776
2.69775
2.69775
2.69774
2.69774
2.69774
2.69774
2.69774
2.69774
2.69774
2.69773
2.69772
2.69772
2.69772
2.69771
2.69771
2.69771
2.69771
2.69771
2.69771
2.69771
2.69771
2.69771
2.6977
2.6977
2.6977
2.6977
2.6977
2.6977
2.6977
2.6977
2.6977
2.69769
2.69769
2.69768
2.69768
2.69768
2.69767
2.69767
2.69767
2.69767
2.69767
2.69767
2.69767
2.69767
2.69767
2.69766
2.69765
2.69764
2.69764
2.69764
2.69764
2.69764
2.69764
2.69764
2.69763
2.69763
2.69763
2.69763
2.69763
2.69763
2.69763
2.69762
2.69762
2.69761
2.69761
2.69761
2.69761
2.69761
2.69761
2.69761
2.6976
2.6976
2.6976
2.6976
2.6976
2.6976
2.6976
2.6976
2.6976
2.69759
2.69759
2.69759
2.69759
2.69759
2.69759
2.69759
2.69759
2.69759
2.69759
2.69758
2.69758
2.69758
2.69758
2.69758
2.69758
2.69758
2.69758
2.69758
2.69757
2.69756
2.69756
2.69756
2.69756
2.69755
2.69755
2.69755
2.69755
2.69755
2.69755
2.69755
2.69755
2.69755
2.69754
2.69754
2.69754
2.69754
2.69754
2.69754
2.69754
2.69754
2.69754
2.69754
2.69753
2.69753
2.69752
2.69752
2.69752
2.69752
2.69752
2.69751
2.69751
2.69751
2.69751
2.69751
2.69751
2.69751
2.69751
2.69751
2.6975
2.6975
2.6975
2.6975
2.6975
2.6975
2.69749
2.69749
2.69748
2.69748
2.69748
2.69748
2.69748
2.69748
2.69748
2.69747
2.69747
2.69747
2.69747
2.69747
2.69747
2.69747
2.69747
2.69747
2.69746
2.69746
2.69746
2.69746
2.69746
2.69746
2.69746
2.69746
2.69746
2.69745
2.69745
2.69745
2.69745
2.69745
2.69745
2.69744
2.69743
2.69743
2.69743
2.69743
2.69743
2.69743
2.69743
2.69742
2.69742
2.69742
2.69742
2.69742
2.69742
2.69742
2.69742
2.69742
2.69742
2.69741
2.69741
2.69741
2.69741
2.69741
2.69741
2.69741
2.69741
2.69741
2.6974
2.6974
2.6974
2.6974
2.6974
2.6974
2.6974
2.6974
2.6974
2.69739
2.69739
2.69739
2.69739
2.69739
2.69739
2.69739
2.69739
2.69739
2.69738
2.69738
2.69738
2.69738
2.69738
2.69738
2.69738
2.69738
2.69738
2.69737
2.69737
2.69737
2.69736
2.69736
2.69735
2.69735
2.69735
2.69735
2.69735
2.69735
2.69735
2.69734
2.69734
2.69734
2.69734
2.69734
2.69734
2.69734
2.69734
2.69734
2.69733
2.69733
2.69733
2.69733
2.69733
2.69733
2.69732
2.69732
2.69731
2.69731
2.69731
2.69731
2.69731
2.69731
2.69731
2.69731
2.69731
2.6973
2.6973
2.6973
2.6973
2.6973
2.6973
2.6973
2.6973
2.6973
2.69729
2.69729
2.69729
2.69729
2.69729
2.69729
2.69729
2.69729
2.69729
2.69728
2.69728
2.69728
2.69727
2.69726
2.69726
2.69726
2.69726
2.69726
2.69726
2.69725
2.69725
2.69725
2.69725
2.69725
2.69725
2.69725
2.69725
2.69725
2.69724
2.69724
2.69724
2.69724
2.69724
2.69724
2.69724
2.69723
2.69722
2.69722
2.69722
2.69722
2.69722
2.69722
2.69721
2.69721
2.69721
2.69721
2.69721
2.69721
2.69721
2.69721
2.69721
2.6972
2.6972
2.6972
2.6972
2.6972
2.6972
2.6972
2.69719
2.69719
2.69718
2.69718
2.69718
2.69718
2.69718
2.69717
2.69717
2.69717
2.69717
2.69717
2.69717
2.69717
2.69717
2.69717
2.69717
2.69716
2.69716
2.69716
2.69716
2.69716
2.69716
2.69716
2.69716
2.69716
2.69715
2.69715
2.69715
2.69715
2.69715
2.69715
2.69715
2.69715
2.69715
2.69714
2.69714
2.69714
2.69714
2.69714
2.69714
2.69714
2.69714
2.69714
2.69713
2.69713
2.69713
2.69713
2.69713
2.69713
2.69713
2.69713
2.69713
2.69712
2.69712
2.69712
2.69712
2.69712
2.69711
2.6971
2.6971
2.69709
2.69709
2.69709
2.69709
2.69709
2.69709
2.69709
2.69709
2.69709
2.69708
2.69708
2.69708
2.69708
2.69708
2.69708
2.69708
2.69708
2.69708
2.69707
2.69704
2.69704
2.69704
2.69704
2.69703
2.69703
2.69703
2.69703
2.69703
2.69703
2.69703
2.69703
2.69703
2.69702
2.69702
2.69702
2.69702
2.69702
2.69702
2.69702
2.69702
2.69702
2.69701
2.69701
2.69701
2.69701
2.69701
2.69701
2.69701
2.69701
2.69701
2.697
2.697
2.697
2.697
2.697
2.697
2.697
2.697
2.697
2.69699
2.69699
2.69699
2.69699
2.69699
2.69699
2.69697
2.69697
2.69697
2.69697
2.69696
2.69696
2.69696
2.69696
2.69695
2.69695
2.69695
2.69694
2.69694
2.69694
2.69694
2.69694
2.69694
2.69694
2.69694
2.69693
2.69693
2.69693
2.69693
2.69693
2.69693
2.69693
2.69693
2.69693
2.69693
2.69692
2.69692
2.69692
2.69692
2.69692
2.69692
2.69692
2.69692
2.69692
2.69691
2.69691
2.69691
2.69691
2.69691
2.69691
2.69691
2.6969
2.6969
2.69689
2.69689
2.69689
2.69689
2.69688
2.69688
2.69688
2.69688
2.69688
2.69688
2.69688
2.69688
2.69688
2.69687
2.69687
2.69687
2.69687
2.69687
2.69687
2.69687
2.69687
2.69687
2.69686
2.69686
2.69686
2.69686
2.69686
2.69686
2.69686
2.69686
2.69686
2.69685
2.69685
2.69685
2.69684
2.69684
2.69684
2.69684
2.69683
2.69683
2.69683
2.69683
2.69683
2.69683
2.69683
2.69683
2.69682
2.69682
2.69682
2.69682
2.69682
2.69681
2.69681
2.6968
2.6968
2.6968
2.6968
2.6968
2.6968
2.6968
2.6968
2.69679
2.69679
2.69679
2.69679
2.69679
2.69679
2.69679
2.69679
2.69679
2.69678
2.69678
2.69678
2.69678
2.69678
2.69678
2.69678
2.69678
2.69678
2.69677
2.69677
2.69677
2.69677
2.69676
2.69676
2.69675
2.69675
2.69675
2.69675
2.69675
2.69675
2.69675
2.69675
2.69674
2.69674
2.69674
2.69674
2.69674
2.69674
2.69674
2.69674
2.69674
2.69674
2.69673
2.69673
2.69673
2.69673
2.69673
2.69673
2.69673
2.69673
2.69673
2.69672
2.69672
2.69672
2.69672
2.69672
2.69672
2.69672
2.69672
2.69672
2.69671
2.69671
2.69671
2.69671
2.69671
2.69671
2.69671
2.69671
2.69671
2.6967
2.6967
2.6967
2.6967
2.6967
2.6967
2.6967
2.6967
2.6967
2.69669
2.69669
2.69669
2.69669
2.69669
2.69669
2.69669
2.69669
2.69669
2.69668
2.69668

