2.7
2.7
2.7
2.7
2.7
2.69999
2.69999
2.69999
2.69999
2.69999
2.69999
2.69999
2.69999
2.69999
2.69998
2.69998
2.69998
2.69998
2.69998
2.69998
2.69998
2.69998
2.69998
2.69997
2.69997
2.69997
2.69997
2.69997
2.69997
2.69997
2.69996
2.69996
2.69995
2.69995
2.69995
2.69995
2.69995
2.69995
2.69995
2.69994
2.69994
2.69994
2.69994
2.69994
2.69994
2.69994
2.69994
2.69994
2.69994
2.69993
2.69993
2.69993
2.69993
2.69993
2.69993
2.69993
2.69993
2.69993
2.69992
2.69992
2.69992
2.69992
2.69992
2.69992
2.69992
2.69992
2.69992
2.69991
2.69991
2.69991
2.69991
2.69991
2.69991
2.69991
2.69991
2.69991
2.6999
2.69989
2.69989
2.69989
2.69989
2.69989
2.69988
2.69988
2.69988
2.69988
2.69988
2.69988
2.69988
2.69988
2.69988
2.69988
2.69987
2.69987
2.69985
2.69984
2.69984
2.69983
2.69983
2.69983
2.69983
2.69983
2.69983
2.69983
2.69981
2.69981
2.69981
2.69981
2.69981
2.6998
2.6998
2.6998
2.6998
2.6998
2.6998
2.6998
2.6998
2.6998
2.69979
2.69979
2.69979
2.69979
2.69979
2.69979
2.69979
2.69979
2.69978
2.69978
2.69977
2.69977
2.69977
2.69977
2.69977
2.69976
2.69976
2.69976
2.69976
2.69976
2.69976
2.69976
2.69976
2.69976
2.69975
2.69975
2.69975
2.69975
2.69975
2.69975
2.69975
2.69975
2.69975
2.69974
2.69974
2.69974
2.69974
2.69974
2.69974
2.69974
2.69974
2.69974
2.69971
2.69971
2.6997
2.6997
2.6997
2.6997
2.6997
2.6997
2.6997
2.69969
2.69969
2.69969
2.69969
2.69969
2.69969
2.69969
2.69969
2.69969
2.69968
2.69968
2.69968
2.69968
2.69968
2.69968
2.69968
2.69968
2.69968
2.69967
2.69967
2.69967
2.69967
2.69966
2.69966
2.69966
2.69966
2.69965
2.69965
2.69965
2.69965
2.69965
2.69965
2.69965
2.69965
2.69964
2.69964
2.69964
2.69964
2.69964
2.69964
2.69964
2.69964
2.69964
2.69964
2.69963
2.69963
2.69963
2.69963
2.69963
2.69963
2.69963
2.69963
2.6996
2.69959
2.69959
2.69959
2.69959
2.69959
2.69958
2.69958
2.69958
2.69958
2.69958
2.69958
2.69958
2.69958
2.69958
2.69957
2.69957
2.69957
2.69957
2.69957
2.69957
2.69957
2.69957
2.69957
2.69957
2.69956
2.69956
2.69956
2.69956
2.69956
2.69956
2.69956
2.69956
2.69956
2.69955
2.69955
2.69955
2.69955
2.69955
2.69955
2.69955
2.69955
2.69955
2.69954
2.69954
2.69954
2.69954
2.69954
2.69954
2.69954
2.69953
2.69952
2.69952
2.69952
2.69952
2.69952
2.69951
2.69951
2.69951
2.69951
2.69951
2.69951
2.69951
2.69951
2.69951
2.6995
2.6995
2.6995
2.69949
2.69949
2.69949
2.69949
2.69948
2.69948
2.69948
2.69948
2.69948
2.69948
2.69948
2.69948
2.69947
2.69947
2.69947
2.69947
2.69947
2.69947
2.69947
2.69947
2.69947
2.69947
2.69946
2.69946
2.69946
2.69946
2.69946
2.69946
2.69946
2.69946
2.69946
2.69945
2.69945
2.69945
2.69945
2.69945
2.69945
2.69945
2.69945
2.69945
2.69944
2.69944
2.69944
2.69944
2.69944
2.69944
2.69944
2.69944
2.69944
2.69943
2.69943
2.69943
2.69943
2.69943
2.69943
2.69943
2.69942
2.69942
2.69941
2.69941
2.69941
2.69941
2.69941
2.6994
2.6994
2.6994
2.6994
2.6994
2.6994
2.6994
2.6994
2.6994
2.69939
2.69939
2.69939
2.69939
2.69939
2.69939
2.69939
2.69939
2.69939
2.69938
2.69938
2.69938
2.69938
2.69938
2.69938
2.69938
2.69937
2.69936
2.69936
2.69936
2.69936
2.69936
2.69936
2.69935
2.69935
2.69935
2.69935
2.69935
2.69935
2.69935
2.69935
2.69935
2.69934
2.69934
2.69934
2.69934
2.69934
2.69934
2.69934
2.69934
2.69934
2.69934
2.69933
2.69932
2.69931
2.6993
2.6993
2.6993
2.6993
2.6993
2.69927
2.69927
2.69926
2.69926
2.69926
2.69926
2.69926
2.69926
2.69926
2.69925
2.69925
2.69925
2.69925
2.69925
2.69925
2.69925
2.69925
2.69925
2.69924
2.69924
2.69924
2.69924
2.69924
2.69924
2.69924
2.69924
2.69924
2.69924
2.69923
2.69923
2.69923
2.69923
2.69923
2.69923
2.69923
2.69923
2.69922
2.6992
2.6992
2.6992
2.6992
2.6992
2.6992
2.6992
2.69919
2.69919
2.69919
2.69919
2.69919
2.69919
2.69918
2.69917
2.69917
2.69917
2.69917
2.69917
2.69917
2.69917
2.69915
2.69914
2.69914
2.69914
2.69913
2.69913
2.69913
2.69913
2.69913
2.69913
2.69913
2.69913
2.69913
2.69912
2.69912
2.69912
2.69912
2.69912
2.69912
2.69912
2.69912
2.69912
2.69911
2.69911
2.69911
2.69911
2.69911
2.69911
2.69911
2.69911
2.69911
2.6991
2.6991
2.6991
2.6991
2.6991
2.6991
2.6991
2.6991
2.6991
2.69909
2.69909
2.69909
2.69909
2.69908
2.69907
2.69907
2.69907
2.69907
2.69907
2.69906
2.69906
2.69906
2.69906
2.69906
2.69906
2.69906
2.69906
2.69906
2.69905
2.69905
2.69905
2.69905
2.69905
2.69905
2.69905
2.69905
2.69905
2.69904
2.69904
2.69904
2.69904
2.69904
2.69904
2.69904
2.69904
2.69904
2.69903
2.69903
2.69903
2.69903
2.69903
2.69903
2.69902
2.69902
2.69901
2.69901
2.69901
2.69901
2.69901
2.69901
2.69901
2.699
2.699
2.699
2.699
2.699
2.699
2.699
2.69899
2.69898
2.69898
2.69897
2.69897
2.69897
2.69897
2.69897
2.69897
2.69897
2.69897
2.69897
2.69896
2.69896
2.69896
2.69896
2.69896
2.69896
2.69896
2.69896
2.69896
2.69895
2.69895
2.69895
2.69895
2.69895
2.69895
2.69894
2.69894
2.69894
2.69893
2.69893
2.69893
2.69893
2.69892
2.69892
2.69892
2.69891
2.69891
2.69891
2.69891
2.69891
2.69891
2.69891
2.69891
2.69891
2.6989
2.6989
2.6989
2.6989
2.6989
2.6989
2.6989
2.6989
2.6989
2.69888
2.69886
2.69885
2.69885
2.69885
2.69885
2.69885
2.69885
2.69885
2.69884
2.69884
2.69884
2.69884
2.69884
2.69884
2.69884
2.69884
2.69884
2.69883
2.69883
2.69883
2.69883
2.69883
2.69883
2.69883
2.69883
2.69883
2.69882
2.69882
2.69882
2.69882
2.69882
2.69882
2.69882
2.69882
2.69882
2.69882
2.69881
2.69881
2.69881
2.69881
2.69881
2.69881
2.69881
2.69881
2.69881
2.6988
2.6988
2.6988
2.6988
2.6988
2.6988
2.6988
2.6988
2.6988
2.69879
2.69879
2.69879
2.69879
2.69879
2.69879
2.69879
2.69879
2.69879
2.69878
2.69878
2.69878
2.69877
2.69877
2.69876
2.69876
2.69876
2.69876
2.69876
2.69876
2.69876
2.69875
2.69875
2.69875
2.69875
2.69875
2.69875
2.69875
2.69875
2.69875
2.69874
2.69874
2.69874
2.69873
2.69873
2.69872
2.69872
2.69872
2.69872
2.69872
2.69872
2.69872
2.69872
2.69871
2.69871
2.69871
2.69871
2.69871
2.69871
2.69871
2.69871
2.69871
2.6987
2.6987
2.6987
2.6987
2.6987
2.6987
2.6987
2.6987
2.6987
2.69869
2.69869
2.69869
2.69869
2.69869
2.69869
2.69869
2.69869
2.69869
2.69868
2.69867
2.69866
2.69866
2.69866
2.69866
2.69866
2.69866
2.69866
2.69865
2.69865
2.69865
2.69865
2.69864
2.69864
2.69863
2.69863
2.69863
2.69863
2.69863
2.69863
2.69863
2.69863
2.69862
2.69862
2.69862
2.69862
2.69862
2.69862
2.69862
2.69862
2.69862
2.69861
2.6986
2.69859
2.69859
2.69859
2.69859
2.69858
2.69858
2.69858
2.69858
2.69858
2.69858
2.69858
2.69858
2.69858
2.69857
2.69857
2.69857
2.69857
2.69857
2.69857
2.69857
2.69857
2.69857
2.69857
2.69856
2.69856
2.69856
2.69856
2.69856
2.69856
2.69856
2.69854
2.69853
2.69853
2.69853
2.69853
2.69853
2.69853
2.69852
2.69852
2.69852
2.69852
2.69852
2.69852
2.69852
2.69849
2.69848
2.69848
2.69848
2.69848
2.69848
2.69848
2.69848
2.69847
2.69847
2.69847
2.69847
2.69847
2.69847
2.69847
2.69847
2.69847
2.69846
2.69846
2.69845
2.69845
2.69845
2.69845
2.69844
2.69844
2.69844
2.69844
2.69844
2.69844
2.69844
2.69844
2.69844
2.69843
2.69843
2.69843
2.69843
2.69843
2.69843
2.69843
2.69843
2.69842
2.69841
2.6984
2.6984
2.6984
2.6984
2.6984
2.6984
2.69839
2.69839
2.69839
2.69839
2.69839
2.69839
2.69839
2.69839
2.69839
2.69838
2.69838
2.69838
2.69838
2.69838
2.69838
2.69838
2.69838
2.69838
2.69837
2.69837
2.69837
2.69837
2.69837
2.69837
2.69837
2.69837
2.69837
2.69836
2.69836
2.69836
2.69836
2.69836
2.69836
2.69836
2.69836
2.69836
2.69836
2.69835
2.69835
2.69835
2.69835
2.69835
2.69835
2.69835
2.69835
2.69835
2.69834
2.69834
2.69834
2.69834
2.69834
2.69834
2.69834
2.69834
2.69834
2.69833
2.69833
2.69833
2.69833
2.69833
2.69833
2.69833
2.69833
2.69833
2.69832
2.69832
2.69832
2.69832
2.69832
2.69832
2.69832
2.69832
2.69832
2.69831
2.69831
2.69831
2.69831
2.69831
2.69831
2.69831
2.69831
2.69831
2.6983
2.6983
2.6983
2.6983
2.6983
2.6983
2.6983
2.6983
2.6983
2.6983
2.69829
2.69828
2.69828
2.69828
2.69828
2.69827
2.69827
2.69827
2.69827
2.69827
2.69827
2.69827
2.69827
2.69827
2.69826
2.69826
2.69826
2.69826
2.69826
2.69826
2.69826
2.69826
2.69826
2.69825
2.69825
2.69824
2.69823
2.69823
2.69823
2.69823
2.69823
2.69823
2.69822
2.69822
2.69822
2.69822
2.69821
2.69821
2.6982
2.6982
2.6982
2.6982
2.69817
2.69817
2.69817
2.69816
2.69816
2.69816
2.69816
2.69816
2.69816
2.69816
2.69816
2.69815
2.69815
2.69815
2.69815
2.69815
2.69815
2.69815
2.69815
2.69815
2.69814
2.69814
2.69814
2.69814
2.69814
2.69814
2.69813
2.69812
2.69812
2.69812
2.69812
2.69812
2.69812
2.69811
2.69811
2.69811
2.69811
2.69811
2.69811
2.69811
2.69811
2.69809
2.69808
2.69807
2.69807
2.69807
2.69807
2.69807
2.69807
2.69806
2.69806
2.69806
2.69806
2.69806
2.69806
2.69806
2.69806
2.69806
2.69805
2.69804
2.69804
2.69803
2.69803
2.69803
2.69803
2.69803
2.69802
2.69802
2.69801
2.69801
2.69801
2.69801
2.69801
2.69801
2.69801
2.698
2.698
2.698
2.698
2.698
2.698
2.698
2.698
2.698
2.69799
2.69799
2.69799
2.69799
2.69799
2.69799
2.69798
2.69798
2.69797
2.69797
2.69797
2.69797
2.69797
2.69797
2.69797
2.69796
2.69796
2.69796
2.69796
2.69796
2.69796
2.69796
2.69796
2.69796
2.69796
2.69794
2.69792
2.69792
2.69792
2.69792
2.69792
2.69791
2.69791
2.69791
2.69791
2.69791
2.69791
2.69791
2.69791
2.69791
2.6979
2.6979
2.6979
2.6979
2.6979
2.6979
2.6979
2.71036
2.71851
2.71851
2.71851
2.7185
2.7185
2.7185
2.7185
2.7185
2.7185
2.7185
2.7185
2.71849
2.71847
2.71846
2.71846
2.71846
2.71846
2.71846
2.71845
2.71845
2.71845
2.71845
2.71845
2.71845
2.71845
2.71844
2.71842
2.71842
2.71842
2.71842
2.71842
2.71841
2.71841
2.71841
2.71841
2.71841
2.71841
2.71841
2.71841
2.71841
2.7184
2.7184
2.7184
2.7184
2.7184
2.7184
2.7184
2.7184
2.7184
2.71839
2.71839
2.71839
2.71839
2.71839
2.71839
2.71839
2.71839
2.71839
2.71838
2.71838
2.71838
2.71838
2.71836
2.71836
2.71836
2.71835
2.71835
2.71835
2.71835
2.71835
2.71835
2.71835
2.71834
2.71834
2.71834
2.71834
2.71834
2.71834
2.71834
2.71834
2.71834
2.71834
2.71833
2.71833
2.71833
2.71833
2.71833
2.71833
2.71833
2.71833
2.71833
2.71832
2.71832
2.71831
2.71831
2.71831
2.71831
2.7183
2.7183
2.7183
2.7183
2.7183
2.7183
2.7183
2.7183
2.7183
2.71829
2.71829
2.71829
2.71829
2.71829
2.71829
2.71829
2.71829
2.71829
2.71828
2.71828
2.71827
2.71827
2.71827
2.71827
2.71827
2.71827
2.71826
2.71826
2.71826
2.71826
2.71826
2.71826
2.71826
2.71826
2.71826
2.71825
2.71825
2.71825
2.71825
2.71825
2.71825
2.71825
2.71825
2.71825
2.71824
2.71824
2.71824
2.71824
2.71824
2.71824
2.71824
2.71824
2.71824
2.71823
2.71823
2.71823
2.71823
2.71823
2.71823
2.71823
2.71822
2.7182
2.7182
2.7182
2.7182
2.7182
2.7182
2.71819
2.71819
2.71819
2.71819
2.71819
2.71819
2.71819
2.71819
2.71819
2.71818
2.71816
2.71815
2.71815
2.71815
2.71815
2.71814
2.71814
2.71814
2.71814
2.71814
2.71814
2.71814
2.71814
2.71814
2.71813
2.71813
2.71813
2.71813
2.71813
2.71812
2.71812
2.71812
2.71811
2.71811
2.71811
2.71811
2.71811
2.71811
2.71811
2.71811
2.71811
2.7181
2.7181
2.7181
2.7181
2.7181
2.7181
2.7181
2.7181
2.7181
2.71809
2.71809
2.71809
2.71809
2.71809
2.71807
2.71806
2.71805
2.71805
2.71805
2.71805
2.71805
2.71805
2.71805
2.71805
2.71804
2.71804
2.71804
2.71804
2.71804
2.71804
2.71804
2.71804
2.71804
2.71803
2.71803
2.71803
2.71803
2.71803
2.71803
2.71803
2.71803
2.71802
2.71801
2.718
2.718
2.718
2.718
2.718
2.718
2.718
2.718
2.718
2.71799
2.71799
2.71799
2.71799
2.71799
2.71799
2.71799
2.71799
2.71799
2.71798
2.71798
2.71798
2.71798
2.71798
2.71798
2.71798
2.71798
2.71798
2.71797
2.71797
2.71797
2.71797
2.71797
2.71797
2.71797
2.71797
2.71797
2.71796
2.71796
2.71796
2.71796
2.71796
2.71796
2.71796
2.71796
2.71795
2.71795
2.71794
2.71794
2.71793
2.71793
2.71793
2.71793
2.71793
2.71793
2.71793
2.71793
2.71792
2.71792
2.71792
2.71792
2.71792
2.71792
2.71792
2.71792
2.71792
2.71791
2.71791
2.71791
2.71791
2.71791
2.71791
2.71791
2.71791
2.71791
2.7179
2.7179
2.7179
2.7179
2.7179
2.7179
2.7179
2.7179
2.7179
2.71789
2.71789
2.71789
2.71789
2.71789
2.71789
2.71789
2.71789
2.71789
2.71788
2.71788
2.71788
2.71788
2.71788
2.71788
2.71788
2.71788
2.71788
2.71787
2.71787
2.71787
2.71787
2.71787
2.71787
2.71787
2.71787
2.71787
2.71786
2.71786
2.71786
2.71786
2.71786
2.71786
2.71786
2.71786
2.71786
2.71784
2.71782
2.71781
2.71781
2.71781
2.71781
2.71781
2.71781
2.71781
2.7178
2.7178
2.7178
2.7178
2.7178
2.7178
2.7178
2.7178
2.7178
2.71779
2.71778
2.71775
2.71775
2.71774
2.71774
2.71774
2.71774
2.71774
2.71774
2.71774
2.71774
2.71773
2.71773
2.71773
2.71773
2.71772
2.71772
2.71772
2.71771
2.71771
2.71771
2.71771
2.71771
2.71771
2.71771
2.71771
2.7177
2.7177
2.7177
2.7177
2.7177
2.7177
2.7177
2.7177
2.7177
2.71769
2.71769
2.71769
2.71769
2.71769
2.71769
2.71769
2.71769
2.71769
2.71768
2.71768
2.71768
2.71768
2.71768
2.71768
2.71768
2.71768
2.71768
2.71767
2.71767
2.71767
2.71767
2.71767
2.71767
2.71767
2.71767
2.71767
2.71766
2.71766
2.71766
2.71766
2.71766
2.71766
2.71766
2.71766
2.71766
2.71765
2.71765
2.71765
2.71765
2.71764
2.71763
2.71763
2.71762
2.71762
2.71762
2.71762
2.71762
2.71762
2.71762
2.71762
2.71761
2.71761
2.71761
2.71761
2.71761
2.7176
2.71759
2.71759
2.71759
2.71759
2.71759
2.71758
2.71758
2.71758
2.71758
2.71758
2.71758
2.71758
2.71758
2.71758
2.71757
2.71756
2.71755
2.71755
2.71755
2.71754
2.71754
2.71754
2.71754
2.71754
2.71754
2.71754
2.71754
2.71753
2.71753
2.71751
2.7175
2.71749
2.71749
2.71749
2.71749
2.71749
2.71749
2.71748
2.71748
2.71748
2.71748
2.71748
2.71748
2.71748
2.71748
2.71748
2.71747
2.71747
2.71747
2.71747
2.71747
2.71747
2.71747
2.71747
2.71746
2.71745
2.71745
2.71744
2.71744
2.71744
2.71744
2.71744
2.71744
2.71744
2.71744
2.71743
2.71743
2.71743
2.71743
2.71743
2.71743
2.71743
2.71743
2.71743
2.71742
2.71741
2.7174
2.7174
2.7174
2.7174
2.7174
2.7174
2.7174
2.71739
2.71739
2.71739
2.71739
2.71739
2.71739
2.71739
2.71739
2.71739
2.71739
2.71738
2.71738
2.71738
2.71738
2.71738
2.71738
2.71738
2.71738
2.71738
2.71737
2.71737
2.71737
2.71737
2.71737
2.71737
2.71737
2.71737
2.71737
2.71736
2.71736
2.71736
2.71733
2.71733
2.71733
2.71733
2.71732
2.71732
2.71732
2.71732
2.71732
2.71732
2.71732
2.71732
2.71731
2.71731
2.71731
2.71731
2.71731
2.71731
2.71731
2.71731
2.71731
2.7173
2.7173
2.7173
2.7173
2.7173
2.7173
2.7173
2.7173
2.7173
2.71729
2.71729
2.71729
2.71729
2.71729
2.71729
2.71729
2.71729
2.71729
2.71729
2.71728
2.71728
2.71728
2.71728
2.71728
2.71728
2.71728
2.71728
2.71728
2.71727
2.71727
2.71727
2.71727
2.71727
2.71727
2.71726
2.71726
2.71726
2.71725
2.71725
2.71725
2.71725
2.71725
2.71725
2.71725
2.71725
2.71724
2.71724
2.71724
2.71724
2.71724
2.71724
2.71724
2.71724
2.71724
2.71723
2.71723
2.71723
2.71723
2.71723
2.71723
2.71723
2.71722
2.71722
2.71721
2.71721
2.71721
2.71721
2.71721
2.71721
2.71721
2.7172
2.7172
2.7172
2.7172
2.7172
2.7172
2.7172
2.7172
2.7172
2.7172
2.71719
2.71719
2.71718
2.71718
2.71717
2.71717
2.71717
2.71717
2.71717
2.71717
2.71717
2.71717
2.71716
2.71716
2.71716
2.71716
2.71716
2.71716
2.71716
2.71716
2.71716
2.71715
2.71715
2.71715
2.71715
2.71714
2.71713
2.71713
2.71713
2.71713
2.71712
2.71712
2.71712
2.71712
2.71712
2.71712
2.71712
2.71712
2.71712
2.71711
2.71711
2.71711
2.71711
2.71711
2.71709
2.71708
2.71708
2.71708
2.71708
2.71708
2.71708
2.71707
2.71707
2.71707
2.71707
2.71707
2.71707
2.71707
2.71707
2.71707
2.71706
2.71706
2.71706
2.71706
2.71706
2.71706
2.71706
2.71706
2.71706
2.71705
2.71705
2.71705
2.71705
2.71705
2.71705
2.71705
2.71705
2.71705
2.71705
2.71704
2.71704
2.71704
2.71704
2.71704
2.71704
2.71704
2.71704
2.71702
2.71701
2.717
2.717
2.717
2.717
2.717
2.717
2.71699
2.71699
2.71699
2.71699
2.71699
2.71699
2.71699
2.71699
2.71699
2.71698
2.71698
2.71698
2.71698
2.71698
2.71698
2.71698
2.71698
2.71698
2.71697
2.71697
2.71697
2.71695
2.71695
2.71694
2.71694
2.71694
2.71694
2.71694
2.71694
2.71694
2.71694
2.71694
2.71693
2.71693
2.71693
2.71693
2.71693
2.71693
2.71693
2.71693
2.71693
2.71692
2.71692
2.71692
2.71692
2.71692
2.71692
2.71692
2.71689
2.71688
2.71688
2.71687
2.71687
2.71687
2.71687
2.71687
2.71687
2.71687
2.71687
2.71687
2.71686
2.71686
2.71686
2.71686
2.71685
2.71684
2.71684
2.71684
2.71683
2.71683
2.71683
2.71683
2.71683
2.71683
2.71683
2.71683
2.71683
2.71682
2.71682
2.71682
2.71682
2.71682
2.71682
2.71682
2.71682
2.71682
2.71681
2.71681
2.71681
2.71681
2.71681
2.71681
2.71681
2.71681
2.71681
2.7168
2.7168
2.7168
2.7168
2.7168
2.7168
2.7168
2.71679
2.71679
2.71678
2.71678
2.71678
2.71678
2.71678
2.71678
2.71677
2.71677
2.71677
2.71677
2.71677
2.71677
2.71677
2.71677
2.71677
2.71676
2.71676
2.71676
2.71676
2.71676
2.71676
2.71676
2.71676
2.71676
2.71675
2.71675
2.71675
2.71675
2.71675
2.71675
2.71672
2.71672
2.71672
2.71672
2.71671
2.71671
2.71671
2.71671
2.71671
2.71671
2.71671
2.71671
2.7167
2.7167
2.7167
2.7167
2.7167
2.7167
2.71669
2.71669
2.71668
2.71668
2.71668
2.71668
2.71668
2.71667
2.71667
2.71667
2.71667
2.71667
2.71667
2.71667
2.71667
2.71664
2.71663
2.71663
2.71663
2.71663
2.71663
2.71663
2.71662
2.71662
2.71662
2.71662
2.71662
2.71662
2.71662
2.71662
2.71662
2.71661
2.71661
2.71661
2.71661
2.71661
2.71661
2.71661
2.71661
2.71661
2.7166
2.7166
2.7166
2.7166
2.7166
2.7166
2.7166
2.7166
2.7166
2.71659
2.71659
2.71658
2.71657
2.71657
2.71657
2.71657
2.71657
2.71656
2.71656
2.71656
2.71656
2.71656
2.71656
2.71656
2.71656
2.71656
2.71655
2.71655
2.71655
2.71655
2.71655
2.71655
2.71655
2.71655
2.71655
2.71654
2.71654
2.71654
2.71654
2.71654
2.71654
2.71654
2.71654
2.71654
2.71653
2.71653
2.71653
2.71653
2.71653
2.71653
2.71653
2.71653
2.71653
2.71652
2.71652
2.71652
2.71652
2.71652
2.71652
2.71652
2.71652
2.71652
2.71651
2.71651
2.71651
2.71651
2.71651
2.71651
2.71651
2.71651
2.71651
2.7165
2.7165
2.7165
2.7165
2.7165
2.7165
2.7165
2.7165
2.7165
2.71649
2.71649
2.71649
2.71646
2.71646
2.71645
2.71643
2.71642
2.71642
2.71642
2.71642
2.71642
2.71642
2.71641
2.71641
2.71641
2.71641
2.71641
2.71639
2.71638
2.71638
2.71637
2.71637
2.71637
2.71637
2.71637
2.71637
2.71637
2.71637
2.71637
2.71636
2.71636
2.71636
2.71636
2.71636
2.71636
2.71636
2.71636
2.71636
2.71635
2.71635
2.71632
2.71631
2.71631
2.71631
2.71631
2.71631
2.71631
2.71631
2.7163
2.7163
2.7163
2.7163
2.7163
2.7163
2.71629
2.71628
2.71628
2.71627
2.71627
2.71627
2.71627
2.71627
2.71627
2.71627
2.71627
2.71627
2.71626
2.71626
2.71626
2.71626
2.71626
2.71626
2.71626
2.71626
2.71626
2.71625
2.71625
2.71625
2.71625
2.71625
2.71625
2.71625
2.71625
2.71625
2.71624
2.71622
2.71622
2.71621
2.71621
2.71621
2.71621
2.71621
2.71621
2.71621
2.71621
2.7162
2.7162
2.7162
2.71619
2.71618
2.71618
2.71617
2.71617
2.71617
2.71617
2.71617
2.71617
2.71617
2.71617
2.71616
2.71616
2.71616
2.71616
2.71616
2.71616
2.71614
2.71612
2.71612
2.71611
2.71611
2.71611
2.71611
2.71611
2.71611
2.71611
2.71611
2.71611
2.7161
2.7161
2.7161
2.7161
2.7161
2.7161
2.7161
2.7161
2.7161
2.71609
2.71609
2.71609
2.71609
2.71606
2.71605
2.71605
2.71605
2.71604
2.71604
2.71604
2.71604
2.71604
2.71603
2.71602
2.71602
2.71601
2.71601
2.71601
2.71601
2.71601
2.71601
2.71601
2.71601
2.716
2.716
2.716
2.716
2.716
2.716
2.716
2.716
2.716
2.71599
2.71599
2.71599
2.71598
2.71598
2.71598
2.71597
2.71597
2.71597
2.71597
2.71597
2.71597
2.71597
2.71597
2.71596
2.71596
2.71596
2.71594
2.71593
2.71593
2.71593
2.71593
2.71593
2.71593
2.71592
2.71592
2.71592
2.71592
2.71592
2.71592
2.71592
2.71592
2.71591
2.7159
2.7159
2.7159
2.7159
2.7159
2.7159
2.71589
2.71589
2.71589
2.71589
2.71589
2.71589
2.71589
2.71589
2.71589
2.71588
2.71588
2.71588
2.71588
2.71588
2.71588
2.71588
2.71588
2.71588
2.71587
2.71587
2.71587
2.71587
2.71587
2.71587
2.71587
2.71587
2.71587
2.71586
2.71586
2.71586
2.71586
2.71585
2.71585
2.71585
2.71584
2.71584
2.71584
2.71584
2.71584
2.71584
2.71584
2.71584
2.71584
2.71583
2.71583
2.71583
2.71583
2.71583
2.71583
2.71583
2.71583
2.71583
2.71582
2.71582
2.71582
2.71582
2.71581
2.7158
2.7158
2.7158
2.7158
2.7158
2.7158
2.71579
2.71579
2.71579
2.71579
2.71579
2.71579
2.71579
2.71579
2.71579
2.71578
2.71578
2.71578
2.71578
2.71576
2.71574
2.71574
2.71574
2.71574
2.71574
2.71573
2.71573
2.71573
2.71573
2.71573
2.71573
2.71573
2.71573
2.71573
2.71572
2.71572
2.71572
2.71572
2.71572
2.71572
2.71572
2.71572
2.71572
2.71571
2.71571
2.71571
2.71571
2.71571
2.71571
2.71571
2.71571
2.7157
2.71569
2.71568
2.71568
2.71568
2.71568
2.71568
2.71568
2.71568
2.71568
2.71567
2.71567
2.71567
2.71567
2.71567
2.71567
2.71567
2.71567
2.71567
2.71566
2.71566
2.71566
2.71566
2.71566
2.71566
2.71566
2.71566
2.71566
2.71565
2.71565
2.71565
2.71565
2.71565
2.71565
2.71565
2.71565
2.71565
2.71564
2.71564
2.71564
2.71564
2.71564
2.71564
2.71564
2.71564
2.71564
2.71563
2.71563
2.71563
2.71563
2.71563
2.71563
2.71563
2.71563
2.71563
2.71562
2.71562
2.71562
2.71561
2.7156
2.7156
2.7156
2.7156
2.71559
2.71559
2.71559
2.71559
2.71559
2.71559
2.71559
2.71559
2.71559
2.71558
2.71558
2.71558
2.71558
2.71558
2.71558
2.71558
2.71558
2.71558
2.71557
2.71556
2.71556
2.71555
2.71555
2.71555
2.71555
2.71555
2.71555
2.71555
2.71555
2.71554
2.71554
2.71554
2.71554
2.71554
2.71554
2.71554
2.71554
2.71554
2.71553
2.71553
2.71553
2.71553
2.71553
2.71553
2.71553
2.71553
2.71553
2.71552
2.71552
2.71552
2.71551
2.71549
2.71549
2.71548
2.71548
2.71548
2.71548
2.71548
2.71548
2.71548
2.71547
2.71547
2.71547
2.71547
2.71547
2.71547
2.71547
2.71547
2.71547
2.71546
2.71546
2.71546
2.71546
2.71546
2.71543
2.71542
2.71542
2.71541
2.71541
2.71541
2.71541
2.71541
2.71541
2.71541
2.71541
2.71541
2.7154
2.7154
2.7154
2.7154
2.7154
2.7154
2.7154
2.7154
2.7154
2.71539
2.71539
2.71539
2.71535
2.71534
2.71534
2.71534
2.71534
2.71534
2.71533
2.71533
2.71533
2.71533
2.71533
2.71533
2.71533
2.71533
2.71533
2.71532
2.71532
2.71532
2.71532
2.71532
2.71532
2.71532
2.71532
2.71532
2.71531
2.71531
2.71531
2.71531
2.71531
2.71531
2.71531
2.71531
2.71531
2.7153
2.7153
2.7153
2.7153
2.7153
2.7153
2.7153
2.7153
2.7153
2.71529
2.71529
2.71529
2.71529
2.71529
2.71529
2.71529
2.71529
2.71529
2.71529
2.71528
2.71528
2.71528
2.71528
2.71528
2.71527
2.71526
2.71526
2.71526
2.71526
2.71525
2.71525
2.71525
2.71525
2.71525
2.71525
2.71525
2.71525
2.71524
2.71524
2.71524
2.71524
2.71524
2.71524
2.71524
2.71524
2.71523
2.71521
2.71521
2.71521
2.71521
2.7152
2.7152
2.7152
2.7152
2.7152
2.7152
2.7152
2.7152
2.7152
2.71519
2.71519
2.71519
2.71519
2.71519
2.71519
2.71519
2.71519
2.71519
2.71518
2.71518
2.71518
2.71518
2.71518
2.71518
2.71518
2.71518
2.71518
2.71517
2.71517
2.71517
2.71517
2.71517
2.71517
2.71517
2.71517
2.71517
2.71516
2.71516
2.71516
2.71516
2.71516
2.71516
2.71514
2.71513
2.71513
2.71513
2.71513
2.71513
2.71513
2.71512
2.71511
2.71511
2.7151
2.7151
2.7151
2.7151
2.7151
2.7151
2.7151
2.7151
2.7151
2.71509
2.71509
2.71509
2.71509
2.71509
2.71509
2.71509
2.71509
2.71509
2.71508
2.71508
2.71508
2.71508
2.71508
2.71508
2.71508
2.71508
2.71508
2.71507
2.71507
2.71507
2.71507
2.71507
2.71507
2.71507
2.71507
2.71506
2.71504
2.71504
2.71503
2.71503
2.71503
2.71503
2.71503
2.71503
2.71503
2.71503
2.71502
2.71502
2.71502
2.71502
2.71502
2.71502
2.71502
2.71502
2.71502
2.71501
2.71501
2.71501
2.71501
2.71501
2.71501
2.71501
2.71501
2.71501
2.715
2.715
2.715
2.715
2.715
2.715
2.715
2.71498
2.71498
2.71497
2.71497
2.71497
2.71497
2.71497
2.71497
2.71497
2.71497
2.71497
2.71496
2.71496
2.71496
2.71496
2.71496
2.71496
2.71494
2.71494
2.71493
2.71493
2.71493
2.71493
2.71493
2.71493
2.71492
2.71492
2.71492
2.71492
2.71492
2.71492
2.71492
2.71492
2.71492
2.71491
2.71491
2.71491
2.71491
2.71491
2.71491
2.71491
2.71491
2.71491
2.7149
2.7149
2.7149
2.7149
2.7149
2.71488
2.71487
2.71487
2.71487
2.71487
2.71486
2.71486
2.71486
2.71486
2.71486
2.71486
2.71486
2.71486
2.71486
2.71485
2.71485
2.71485
2.71485
2.71485
2.71485
2.71485
2.71485
2.71485
2.71484
2.71484
2.71484
2.71484
2.71484
2.71484
2.71484
2.71484
2.71484
2.71483
2.71483
2.71483
2.71483
2.71483
2.71483
2.71483
2.71483
2.71483
2.71482
2.71482
2.71482
2.71482
2.71482
2.71482
2.71482
2.71482
2.71482
2.71482
2.71481
2.71481
2.71481
2.71481
2.71481
2.71481
2.71481
2.71481
2.71481
2.7148
2.7148
2.7148
2.7148
2.7148
2.7148
2.7148
2.71479

