   3.0000000e+00
   5.0000000e+00
   1.3000000e+01
   1.6000000e+01
   1.7000000e+01
   2.2000000e+01
   2.3000000e+01
   2.4000000e+01
   2.8000000e+01
   3.2000000e+01
   3.6000000e+01
   3.8000000e+01
   4.2000000e+01
   4.9000000e+01
   5.6000000e+01
   5.7000000e+01
   5.9000000e+01
   6.2000000e+01
   8.2000000e+01
   8.4000000e+01
   9.2000000e+01
   9.8000000e+01
   1.0100000e+02
   1.1000000e+02
   1.1400000e+02
   1.1600000e+02
   1.1700000e+02
   1.2000000e+02
   1.2300000e+02
   1.2700000e+02
   1.2900000e+02
   1.3100000e+02
   1.3400000e+02
   1.4100000e+02
   1.4300000e+02
   1.5900000e+02
   1.6100000e+02
   1.6400000e+02
   1.8000000e+02
   1.9000000e+02
   1.9200000e+02
   2.1000000e+02
   2.1700000e+02
   2.1900000e+02
   2.2300000e+02
   2.3300000e+02
   2.3800000e+02
   2.4400000e+02
   2.4900000e+02
   2.5100000e+02
   2.5700000e+02
   2.5900000e+02
   2.6300000e+02
   2.6400000e+02
   2.7200000e+02
   2.7400000e+02
   2.7500000e+02
   2.7700000e+02
   2.7900000e+02
   2.8100000e+02
   2.8200000e+02
   2.8400000e+02
   2.8500000e+02
   2.8600000e+02
   2.8700000e+02
   2.8800000e+02
   2.9300000e+02
   2.9700000e+02
   2.9900000e+02
   3.0000000e+02
   3.0100000e+02
   3.0400000e+02
   3.0500000e+02
   3.0600000e+02
   3.0800000e+02
   3.1100000e+02
   3.1200000e+02
   3.1500000e+02
   3.1600000e+02
   3.1700000e+02
   3.1900000e+02
   3.2100000e+02
   3.2200000e+02
   3.2300000e+02
   3.2600000e+02
   3.3100000e+02
   3.3200000e+02
   3.3300000e+02
   3.3500000e+02
   3.3700000e+02
   3.4000000e+02
   3.4200000e+02
   3.4400000e+02
   3.4500000e+02
   3.4600000e+02
   3.4700000e+02
   3.4800000e+02
   3.5100000e+02
   3.5200000e+02
   3.5500000e+02
   3.6000000e+02
   3.6100000e+02
   3.6300000e+02
   3.6400000e+02
   3.6500000e+02
   3.7100000e+02
   3.7400000e+02
   3.7500000e+02
   3.7600000e+02
   3.7700000e+02
   3.7800000e+02
   3.7900000e+02
   3.8000000e+02
   3.8200000e+02
   3.9000000e+02
   3.9200000e+02
   3.9400000e+02
   3.9500000e+02
   3.9700000e+02
   4.1000000e+02
   4.1700000e+02
   4.1800000e+02
   4.2500000e+02
   4.2600000e+02
   4.4000000e+02
   4.4700000e+02
   4.4900000e+02
   4.5000000e+02
   4.5900000e+02
   4.6800000e+02
   4.7300000e+02
   4.7800000e+02
   4.8400000e+02
   4.8900000e+02
   4.9000000e+02
   4.9400000e+02
   4.9800000e+02
